ScripCode
HARDWYN
TRANSPEK
LOVABLE
ELECON
PAYTM
ROXHITECH
AHL
GICHSGFIN
BDL
LICI
SWSOLAR
SUPRIYA
DATAPATTNS
SHARDACROP
SAMHI
5PAISA
EQUITASBNK
MSPL
NDTV
543547
NIACL
SUBROS
METROPOLIS
DCMSHRIRAM
EDELWEISS
BANDHANBNK
BLUEDART
SPENCERS
GICRE
SAGCEM
HIMATSEIDE
ICICIPRULI
HINDWAREAP
KALAMANDIR
ANGELONE
FIEMIND
ICIL
BLISSGVS
GANECOS
GLS
542669
FCL
TATAMETALI
PGHH
MUTHOOTFIN
GRANULES
512008
IMFA
TATACOMM
DIVISLAB
GLAND
AEGISCHEM
GMRINFRA
MRPL
REDINGTON
NUVOCO
CERA
AEROFLEX
USHAMART
SHRIPISTON
AAVAS
FLUOROCHEM
BLUESTARCO
PENINLAND
MOLDTKPAC
GODFRYPHLP
EFACTOR
532406
SPARC
VENUSREM
RBA
GALAXYSURF
ATUL
HAVELLS
TIDEWATER
ADANIENT
AXISBANK
JIOFIN
WHIRLPOOL
JKIL
