INSTRUMENT,SYMBOL,EXPIRY_DT,STRIKE_PR,OPTION_TYP,OPEN,HIGH,LOW,CLOSE,SETTLE_PR,CONTRACTS,VAL_INLAKH,OPEN_INT,CHG_IN_OI,TIMESTAMP
FUTIDX,BANKNIFTY,27-Apr-17,0,XX,21750.1,21756.95,21621,21702.05,21702.05,41696,361631.64,3047720,-31680,17-Apr-17
FUTIDX,BANKNIFTY,25-May-17,0,XX,21757,21775,21650,21724.7,21724.7,1774,15405.1,101080,20680,17-Apr-17
FUTIDX,BANKNIFTY,29-Jun-17,0,XX,21777,21780,21658.25,21679.4,21679.4,764,6629.63,53480,14600,17-Apr-17
FUTIDX,DJIA,21-Apr-17,0,XX,20435,20470,20430,20457.5,20457.5,100,613.45,20280,-870,17-Apr-17
FUTIDX,DJIA,19-May-17,0,XX,20397.5,20397.5,20397.5,20397.5,20397.5,5,30.59,1050,120,17-Apr-17
FUTIDX,DJIA,16-Jun-17,0,XX,0,0,0,19047.5,20675,0,0,0,0,17-Apr-17
FUTIDX,DJIA,15-Sep-17,0,XX,0,0,0,19507.5,21012.5,0,0,0,0,17-Apr-17
FUTIDX,DJIA,15-Dec-17,0,XX,0,0,0,21150,21355,0,0,0,0,17-Apr-17
FUTIDX,DJIA,16-Mar-18,0,XX,0,0,0,22335,21705,0,0,0,0,17-Apr-17
FUTIDX,FTSE100,21-Apr-17,0,XX,0,0,0,7326,7333,0,0,0,0,17-Apr-17
FUTIDX,FTSE100,19-May-17,0,XX,0,0,0,7396,7370,0,0,0,0,17-Apr-17
FUTIDX,FTSE100,16-Jun-17,0,XX,0,0,0,6411,7407,0,0,0,0,17-Apr-17
FUTIDX,FTSE100,15-Sep-17,0,XX,0,0,0,7152,7528,0,0,0,0,17-Apr-17
FUTIDX,FTSE100,15-Dec-17,0,XX,0,0,0,7457,7651,0,0,0,0,17-Apr-17
FUTIDX,FTSE100,16-Mar-18,0,XX,0,0,0,7912,7776,0,0,0,0,17-Apr-17
FUTIDX,NIFTY,27-Apr-17,0,XX,9172.25,9182.4,9142.25,9168.35,9168.35,67414,463240.31,20290425,-111300,17-Apr-17
FUTIDX,NIFTY,25-May-17,0,XX,9194.65,9208,9170.1,9192.45,9192.45,3468,23894.77,2550900,44250,17-Apr-17
FUTIDX,NIFTY,29-Jun-17,0,XX,9201.5,9218.9,9182.6,9200.75,9200.75,1665,11483.64,420300,60300,17-Apr-17
FUTIDX,NIFTYCPSE,27-Apr-17,0,XX,0,0,0,2585,2656.05,0,0,2000,0,17-Apr-17
FUTIDX,NIFTYCPSE,25-May-17,0,XX,0,0,0,2631.5,2669.4,0,0,0,0,17-Apr-17
FUTIDX,NIFTYCPSE,29-Jun-17,0,XX,0,0,0,2555.7,2686.1,0,0,0,0,17-Apr-17
FUTIDX,NIFTYINFRA,27-Apr-17,0,XX,0,0,0,2940.9,3158.4,0,0,0,0,17-Apr-17
FUTIDX,NIFTYINFRA,25-May-17,0,XX,0,0,0,3061.4,3174.35,0,0,0,0,17-Apr-17
FUTIDX,NIFTYINFRA,29-Jun-17,0,XX,0,0,0,3134.3,3194.2,0,0,0,0,17-Apr-17
FUTIDX,NIFTYIT,27-Apr-17,0,XX,10052,10089,10001,10022,10022,201,1007.34,48700,1950,17-Apr-17
FUTIDX,NIFTYIT,25-May-17,0,XX,0,0,0,10861,10069,0,0,0,0,17-Apr-17
FUTIDX,NIFTYIT,29-Jun-17,0,XX,0,0,0,10911,10132,0,0,0,0,17-Apr-17
FUTIDX,NIFTYMID50,27-Apr-17,0,XX,0,0,0,3981.7,4440.6,0,0,0,0,17-Apr-17
FUTIDX,NIFTYMID50,25-May-17,0,XX,0,0,0,4216.95,4462.95,0,0,0,0,17-Apr-17
FUTIDX,NIFTYMID50,29-Jun-17,0,XX,0,0,0,4437.85,4490.85,0,0,0,0,17-Apr-17
FUTIDX,NIFTYPSE,27-Apr-17,0,XX,0,0,0,4144.1,4159.25,0,0,200,0,17-Apr-17
FUTIDX,NIFTYPSE,25-May-17,0,XX,0,0,0,4166.25,4180.2,0,0,0,0,17-Apr-17
FUTIDX,NIFTYPSE,29-Jun-17,0,XX,0,0,0,4033.05,4206.35,0,0,0,0,17-Apr-17
FUTIDX,S&P500,21-Apr-17,0,XX,2329.75,2330.25,2327,2328.5,2328.5,222,1292.63,420250,-49750,17-Apr-17
FUTIDX,S&P500,19-May-17,0,XX,2329,2329,2329,2323.5,2323.5,22,127.81,6000,5250,17-Apr-17
FUTIDX,S&P500,16-Jun-17,0,XX,0,0,0,2232,2354,0,0,0,0,17-Apr-17
FUTIDX,S&P500,15-Sep-17,0,XX,0,0,0,2300,2392.5,0,0,0,0,17-Apr-17
FUTIDX,S&P500,15-Dec-17,0,XX,0,0,0,2410,2431.75,0,0,0,0,17-Apr-17
FUTIDX,S&P500,16-Mar-18,0,XX,0,0,0,2540.5,2471.25,0,0,0,0,17-Apr-17
FUTIVX,INDIAVIX,18-Apr-17,0,XX,0,0,0,1249.5,1194.25,0,0,0,0,17-Apr-17
FUTIVX,INDIAVIX,25-Apr-17,0,XX,0,0,0,1194,1201.25,0,0,0,0,17-Apr-17
FUTIVX,INDIAVIX,2-May-17,0,XX,0,0,0,1181.25,1200.75,0,0,0,0,17-Apr-17
FUTSTK,ABIRLANUVO,27-Apr-17,0,XX,1532.6,1559,1530,1554.35,1554.35,1550,9596.07,3276400,-6800,17-Apr-17
FUTSTK,ABIRLANUVO,25-May-17,0,XX,1555,1565.9,1552.55,1560.55,1560.55,18,112.27,28400,0,17-Apr-17
FUTSTK,ABIRLANUVO,29-Jun-17,0,XX,0,0,0,1542.85,1570.7,0,0,400,0,17-Apr-17
FUTSTK,ACC,27-Apr-17,0,XX,1485.4,1512.95,1476.25,1506.9,1506.9,2467,14770.09,1661200,-21200,17-Apr-17
FUTSTK,ACC,25-May-17,0,XX,1503,1505.15,1502.2,1505,1513.45,7,42.1,22800,1200,17-Apr-17
FUTSTK,ACC,29-Jun-17,0,XX,0,0,0,1442.75,1522.9,0,0,0,0,17-Apr-17
FUTSTK,ADANIENT,27-Apr-17,0,XX,115.9,124.35,115.3,123.5,123.5,4371,42201.38,20288000,760000,17-Apr-17
FUTSTK,ADANIENT,25-May-17,0,XX,116.8,124.95,116,124.2,124.2,63,611.68,464000,80000,17-Apr-17
FUTSTK,ADANIENT,29-Jun-17,0,XX,0,0,0,107.6,125,0,0,0,0,17-Apr-17
FUTSTK,ADANIPORTS,27-Apr-17,0,XX,320.5,328.2,319.05,321.7,321.7,4990,40420.43,18065000,1005000,17-Apr-17
FUTSTK,ADANIPORTS,25-May-17,0,XX,322.95,329.4,320.75,323.1,323.1,88,715.5,487500,85000,17-Apr-17
FUTSTK,ADANIPORTS,29-Jun-17,0,XX,328.25,328.25,328.25,328.25,324.2,1,8.2,2500,2500,17-Apr-17
FUTSTK,ADANIPOWER,27-Apr-17,0,XX,33,33.95,32.6,32.95,32.95,2440,16209.52,119200000,2800000,17-Apr-17
FUTSTK,ADANIPOWER,25-May-17,0,XX,33.15,34.05,32.75,33.1,33.1,133,889.29,3860000,720000,17-Apr-17
FUTSTK,ADANIPOWER,29-Jun-17,0,XX,33.85,33.85,33.85,33.85,33.35,1,6.77,140000,20000,17-Apr-17
FUTSTK,AJANTPHARM,27-Apr-17,0,XX,1779.4,1783,1748,1761.3,1761.3,309,2180.29,620800,-5200,17-Apr-17
FUTSTK,AJANTPHARM,25-May-17,0,XX,1771,1771,1771,1771,1771.25,1,7.08,5600,400,17-Apr-17
FUTSTK,AJANTPHARM,29-Jun-17,0,XX,0,0,0,1803.7,1782.35,0,0,800,0,17-Apr-17
FUTSTK,ALBK,27-Apr-17,0,XX,74.95,75,73.45,73.75,73.75,794,5877.82,14080000,-110000,17-Apr-17
FUTSTK,ALBK,25-May-17,0,XX,74.5,74.65,73.85,73.95,73.95,8,59.32,870000,30000,17-Apr-17
FUTSTK,ALBK,29-Jun-17,0,XX,0,0,0,75.6,74.5,0,0,40000,0,17-Apr-17
FUTSTK,AMARAJABAT,27-Apr-17,0,XX,868.95,873.15,855.5,860.25,860.25,708,3661.49,2120400,53400,17-Apr-17
FUTSTK,AMARAJABAT,25-May-17,0,XX,870,870.25,860.05,864.5,864.5,38,197.36,42000,18000,17-Apr-17
FUTSTK,AMARAJABAT,29-Jun-17,0,XX,0,0,0,884.9,866.85,0,0,0,0,17-Apr-17
FUTSTK,AMBUJACEM,27-Apr-17,0,XX,245,248.6,241.4,247.9,247.9,1784,10944.74,11407500,442500,17-Apr-17
FUTSTK,AMBUJACEM,25-May-17,0,XX,246,249.1,243.6,249.05,249.05,48,296.04,140000,52500,17-Apr-17
FUTSTK,AMBUJACEM,29-Jun-17,0,XX,0,0,0,251,250.1,0,0,5000,0,17-Apr-17
FUTSTK,ANDHRABANK,27-Apr-17,0,XX,60.2,60.35,59.55,59.9,59.9,465,2784.78,18390000,0,17-Apr-17
FUTSTK,ANDHRABANK,25-May-17,0,XX,60.1,60.35,59.95,60.15,60.15,31,186.65,770000,180000,17-Apr-17
FUTSTK,ANDHRABANK,29-Jun-17,0,XX,0,0,0,58.25,60.4,0,0,0,0,17-Apr-17
FUTSTK,APOLLOHOSP,27-Apr-17,0,XX,1177.2,1182,1167.95,1176.5,1176.5,688,3236.6,1819600,-4400,17-Apr-17
FUTSTK,APOLLOHOSP,25-May-17,0,XX,1175,1183.95,1175,1182.6,1183.05,9,42.55,9600,2000,17-Apr-17
FUTSTK,APOLLOHOSP,29-Jun-17,0,XX,0,0,0,1175.15,1190.45,0,0,0,0,17-Apr-17
FUTSTK,APOLLOTYRE,27-Apr-17,0,XX,223.9,231.3,221.25,229.35,229.35,4598,31393.98,12483000,-513000,17-Apr-17
FUTSTK,APOLLOTYRE,25-May-17,0,XX,226,232,222.75,230.2,230.2,102,699.82,369000,111000,17-Apr-17
FUTSTK,APOLLOTYRE,29-Jun-17,0,XX,226.85,230,226.85,230,232.25,2,13.7,18000,0,17-Apr-17
FUTSTK,ARVIND,27-Apr-17,0,XX,394.05,403.35,391.6,400.2,400.2,2620,20812.96,6646000,52000,17-Apr-17
FUTSTK,ARVIND,25-May-17,0,XX,395.6,403.75,394,402,401,34,270.69,132000,6000,17-Apr-17
FUTSTK,ARVIND,29-Jun-17,0,XX,0,0,0,404.7,403.55,0,0,4000,0,17-Apr-17
FUTSTK,ASHOKLEY,27-Apr-17,0,XX,83.55,83.65,82.55,82.95,82.95,1821,10574.31,88956000,-602000,17-Apr-17
FUTSTK,ASHOKLEY,25-May-17,0,XX,84,84,82.9,83.3,83.3,209,1218.03,3948000,819000,17-Apr-17
FUTSTK,ASHOKLEY,29-Jun-17,0,XX,84,84,83.4,83.6,83.85,4,23.42,210000,28000,17-Apr-17
FUTSTK,ASIANPAINT,27-Apr-17,0,XX,1083,1083,1062,1064.2,1064.2,1583,10139.36,4010400,116400,17-Apr-17
FUTSTK,ASIANPAINT,25-May-17,0,XX,1085,1085,1067.05,1068.7,1068.7,71,456.11,95400,12000,17-Apr-17
FUTSTK,ASIANPAINT,29-Jun-17,0,XX,1074,1074.2,1070.9,1070.9,1070.9,5,32.18,21600,600,17-Apr-17
FUTSTK,AUROPHARMA,27-Apr-17,0,XX,659.65,663,652.95,655.8,655.8,2470,11347.7,14805000,115500,17-Apr-17
FUTSTK,AUROPHARMA,25-May-17,0,XX,661.25,664.1,656.2,658.65,658.65,151,697.79,322700,24500,17-Apr-17
FUTSTK,AUROPHARMA,29-Jun-17,0,XX,662.95,662.95,660,662.7,661.4,5,23.15,9800,700,17-Apr-17
FUTSTK,AXISBANK,27-Apr-17,0,XX,507.5,509.55,503,504.6,504.6,6210,37702.89,32778000,300000,17-Apr-17
FUTSTK,AXISBANK,25-May-17,0,XX,510.05,510.5,505.05,506.2,506.2,73,444.78,303600,16800,17-Apr-17
FUTSTK,AXISBANK,29-Jun-17,0,XX,512,512,505.85,509.9,508.95,9,55.04,22800,7200,17-Apr-17
FUTSTK,BAJAJ-AUTO,27-Apr-17,0,XX,2847.95,2864,2826.15,2853.65,2853.65,1387,9881.31,1408000,-63500,17-Apr-17
FUTSTK,BAJAJ-AUTO,25-May-17,0,XX,2851.15,2867.45,2837.5,2867.45,2867.45,7,50.03,5250,-750,17-Apr-17
FUTSTK,BAJAJ-AUTO,29-Jun-17,0,XX,0,0,0,2859.95,2889.5,0,0,0,0,17-Apr-17
FUTSTK,BAJFINANCE,27-Apr-17,0,XX,1277.95,1282,1253.35,1266.2,1266.2,3124,19868.03,4139000,-2500,17-Apr-17
FUTSTK,BAJFINANCE,25-May-17,0,XX,1279,1285,1260,1267.15,1267.15,55,350.53,56500,4000,17-Apr-17
FUTSTK,BAJFINANCE,29-Jun-17,0,XX,0,0,0,1200.85,1276.05,0,0,0,0,17-Apr-17
FUTSTK,BANKBARODA,27-Apr-17,0,XX,177.95,178.6,175.7,176.75,176.75,7480,46382.68,45332000,514500,17-Apr-17
FUTSTK,BANKBARODA,25-May-17,0,XX,178,179,176.5,177.15,177.15,236,1469.35,1064000,213500,17-Apr-17
FUTSTK,BANKBARODA,29-Jun-17,0,XX,176.7,177.3,176.5,177.3,178.25,6,37.15,66500,14000,17-Apr-17
FUTSTK,BANKINDIA,27-Apr-17,0,XX,147.7,148.7,144.65,146.65,146.65,1895,16668.66,25038000,-420000,17-Apr-17
FUTSTK,BANKINDIA,25-May-17,0,XX,146.25,146.65,144,146,146,80,699.73,1710000,192000,17-Apr-17
FUTSTK,BANKINDIA,29-Jun-17,0,XX,0,0,0,144.8,149.15,0,0,108000,0,17-Apr-17
FUTSTK,BATAINDIA,27-Apr-17,0,XX,572,589.5,569.4,583.6,583.6,1260,8030.19,4453900,-8800,17-Apr-17
FUTSTK,BATAINDIA,25-May-17,0,XX,575.6,590,575.3,586.05,586.05,13,83.02,63800,1100,17-Apr-17
FUTSTK,BATAINDIA,29-Jun-17,0,XX,0,0,0,579,587.8,0,0,0,0,17-Apr-17
FUTSTK,BEL,27-Apr-17,0,XX,170.65,173.2,170.25,171.85,171.85,1021,7884.67,26707500,337500,17-Apr-17
FUTSTK,BEL,25-May-17,0,XX,172.3,173.7,171.1,172.9,172.9,30,232.58,387000,54000,17-Apr-17
FUTSTK,BEL,29-Jun-17,0,XX,0,0,0,177.8,173.35,0,0,13500,0,17-Apr-17
FUTSTK,BEML,27-Apr-17,0,XX,1382.05,1392,1372.25,1386.35,1386.35,918,7621.82,2395200,-3600,17-Apr-17
FUTSTK,BEML,25-May-17,0,XX,1395.8,1395.8,1388,1388,1389.15,5,41.7,19200,1200,17-Apr-17
FUTSTK,BEML,29-Jun-17,0,XX,0,0,0,1333.6,1397.8,0,0,0,0,17-Apr-17
FUTSTK,BHARATFIN,27-Apr-17,0,XX,775.8,778.15,755.05,762.65,762.65,1133,8682.38,19569000,-57000,17-Apr-17
FUTSTK,BHARATFIN,25-May-17,0,XX,765.75,769.8,765,767.05,767.05,4,30.67,121000,0,17-Apr-17
FUTSTK,BHARATFIN,29-Jun-17,0,XX,0,0,0,820.85,771.25,0,0,0,0,17-Apr-17
FUTSTK,BHARATFORG,27-Apr-17,0,XX,1075,1079.75,1062.05,1065,1065,1437,9214.84,3945600,86400,17-Apr-17
FUTSTK,BHARATFORG,25-May-17,0,XX,1081.75,1081.75,1068.3,1069.55,1069.55,36,231.89,49200,7800,17-Apr-17
FUTSTK,BHARATFORG,29-Jun-17,0,XX,0,0,0,1044.1,1073.6,0,0,0,0,17-Apr-17
FUTSTK,BHARTIARTL,27-Apr-17,0,XX,344.2,344.2,339.5,341.2,341.2,2072,12011.57,38411500,243100,17-Apr-17
FUTSTK,BHARTIARTL,25-May-17,0,XX,340.8,342.5,339,340.55,340.55,49,283.68,525300,37400,17-Apr-17
FUTSTK,BHARTIARTL,29-Jun-17,0,XX,0,0,0,340,345.8,0,0,147900,0,17-Apr-17
FUTSTK,BHEL,27-Apr-17,0,XX,173.9,175.3,172.5,173.55,173.55,2054,17846.17,27460000,-200000,17-Apr-17
FUTSTK,BHEL,25-May-17,0,XX,174.7,175.85,173.5,174.3,174.3,64,558.74,1105000,30000,17-Apr-17
FUTSTK,BHEL,29-Jun-17,0,XX,174,174,174,174,175,2,17.4,120000,10000,17-Apr-17
FUTSTK,BIOCON,27-Apr-17,0,XX,1102.8,1118.7,1091.35,1115.2,1115.2,1315,8741.76,2882400,-23400,17-Apr-17
FUTSTK,BIOCON,25-May-17,0,XX,1107.95,1122.5,1098.05,1120.8,1120.8,79,527.37,166200,32400,17-Apr-17
FUTSTK,BIOCON,29-Jun-17,0,XX,0,0,0,1158.15,1125.45,0,0,0,0,17-Apr-17
FUTSTK,BOSCHLTD,27-Apr-17,0,XX,23499,23499,22823.45,22939,22939,935,5412.65,94250,2700,17-Apr-17
FUTSTK,BOSCHLTD,25-May-17,0,XX,23400.05,23400.1,22950.05,23012.4,23012.4,18,104.31,475,-25,17-Apr-17
FUTSTK,BOSCHLTD,29-Jun-17,0,XX,0,0,0,22978.95,23110.5,0,0,0,0,17-Apr-17
FUTSTK,BPCL,27-Apr-17,0,XX,736.05,738.8,722.1,727.5,727.5,4251,37239.23,10744800,-69600,17-Apr-17
FUTSTK,BPCL,25-May-17,0,XX,734.9,740.5,725,729.65,729.65,111,974.31,148800,4800,17-Apr-17
FUTSTK,BPCL,29-Jun-17,0,XX,0,0,0,651.4,733.25,0,0,0,0,17-Apr-17
FUTSTK,BRITANNIA,27-Apr-17,0,XX,3397.1,3407.9,3376.85,3389.75,3389.75,349,2367.33,356200,-4800,17-Apr-17
FUTSTK,BRITANNIA,25-May-17,0,XX,3420.15,3420.15,3420.15,3420.15,3408.3,1,6.84,1800,200,17-Apr-17
FUTSTK,BRITANNIA,29-Jun-17,0,XX,0,0,0,3452.1,3429.6,0,0,0,0,17-Apr-17
FUTSTK,CADILAHC,27-Apr-17,0,XX,454.15,454.8,450.15,453.3,453.3,600,4341.67,3272000,6400,17-Apr-17
FUTSTK,CADILAHC,25-May-17,0,XX,452.45,455.65,452.45,455.65,455.65,4,29.01,27200,0,17-Apr-17
FUTSTK,CADILAHC,29-Jun-17,0,XX,0,0,0,457.95,458.9,0,0,0,0,17-Apr-17
FUTSTK,CAIRN,27-Apr-17,0,XX,293.6,294.6,287.2,288.7,288.7,2497,25382.19,25620000,-518000,17-Apr-17
FUTSTK,CAIRN,25-May-17,0,XX,293.6,293.7,287.55,288.75,288.75,61,620.29,668500,0,17-Apr-17
FUTSTK,CAIRN,29-Jun-17,0,XX,0,0,0,296.15,292.05,0,0,24500,0,17-Apr-17
FUTSTK,CANBK,27-Apr-17,0,XX,314,315,306.25,309.9,309.9,3899,37225.57,15355236,181956,17-Apr-17
FUTSTK,CANBK,25-May-17,0,XX,310.65,310.65,305,308.75,308.75,113,1072.6,718572,83268,17-Apr-17
FUTSTK,CANBK,29-Jun-17,0,XX,0,0,0,310.1,314.3,0,0,58596,0,17-Apr-17
FUTSTK,CAPF,27-Apr-17,0,XX,793.8,798.7,777.75,782.9,782.9,389,2444.22,1036800,4800,17-Apr-17
FUTSTK,CAPF,25-May-17,0,XX,0,0,0,796.6,784.25,0,0,8000,0,17-Apr-17
FUTSTK,CAPF,29-Jun-17,0,XX,0,0,0,753.3,789.15,0,0,0,0,17-Apr-17
FUTSTK,CASTROLIND,27-Apr-17,0,XX,430.25,433,427.15,429.75,429.75,402,2421.31,8237600,-25200,17-Apr-17
FUTSTK,CASTROLIND,25-May-17,0,XX,428.4,430.4,427.9,428.8,428.8,18,108.01,107800,14000,17-Apr-17
FUTSTK,CASTROLIND,29-Jun-17,0,XX,0,0,0,436.25,434.1,0,0,0,0,17-Apr-17
FUTSTK,CEATLTD,27-Apr-17,0,XX,1429.55,1454.8,1413.1,1446.4,1446.4,4308,43389.44,2032800,129500,17-Apr-17
FUTSTK,CEATLTD,25-May-17,0,XX,1420.25,1440.65,1411.25,1437.45,1437.45,223,2238.69,165200,96600,17-Apr-17
FUTSTK,CEATLTD,29-Jun-17,0,XX,0,0,0,1335.85,1472.55,0,0,0,0,17-Apr-17
FUTSTK,CENTURYTEX,27-Apr-17,0,XX,1084.65,1141.4,1080,1129.55,1129.55,8381,102709.11,8011300,189200,17-Apr-17
FUTSTK,CENTURYTEX,25-May-17,0,XX,1090,1146,1090,1135.25,1135.25,161,1991.1,124300,59400,17-Apr-17
FUTSTK,CENTURYTEX,29-Jun-17,0,XX,0,0,0,1065.45,1139.05,0,0,0,0,17-Apr-17
FUTSTK,CESC,27-Apr-17,0,XX,833.05,848.25,833,846,846,1069,9897.26,5701300,-6600,17-Apr-17
FUTSTK,CESC,25-May-17,0,XX,846.2,852.35,837.65,849.85,849.85,9,83.79,26400,5500,17-Apr-17
FUTSTK,CESC,29-Jun-17,0,XX,0,0,0,857.85,852,0,0,0,0,17-Apr-17
FUTSTK,CGPOWER,27-Apr-17,0,XX,80.1,80.55,79.6,80.05,80.05,289,2775.59,14664000,-168000,17-Apr-17
FUTSTK,CGPOWER,25-May-17,0,XX,80.35,80.65,80.2,80.5,80.3,8,77.2,852000,0,17-Apr-17
FUTSTK,CGPOWER,29-Jun-17,0,XX,0,0,0,78.1,80.8,0,0,0,0,17-Apr-17
FUTSTK,CIPLA,27-Apr-17,0,XX,581.25,581.25,574.65,577.75,577.75,839,4846.25,7338000,-37000,17-Apr-17
FUTSTK,CIPLA,25-May-17,0,XX,591,591,578.8,580.4,580.4,30,174.2,92000,12000,17-Apr-17
FUTSTK,CIPLA,29-Jun-17,0,XX,0,0,0,608.4,584.05,0,0,0,0,17-Apr-17
FUTSTK,COALINDIA,27-Apr-17,0,XX,289.8,290.85,286.2,286.55,286.55,2084,10202.59,20128000,249900,17-Apr-17
FUTSTK,COALINDIA,25-May-17,0,XX,292.2,292.2,287.75,288.05,288.05,183,899.23,754800,209100,17-Apr-17
FUTSTK,COALINDIA,29-Jun-17,0,XX,0,0,0,294,289.55,0,0,22100,0,17-Apr-17
FUTSTK,COLPAL,27-Apr-17,0,XX,1012.85,1013.6,1001,1005.35,1005.35,349,2459.91,996800,-33600,17-Apr-17
FUTSTK,COLPAL,25-May-17,0,XX,1005.5,1008.7,1005.5,1006.35,1006.35,7,49.35,16800,2100,17-Apr-17
FUTSTK,COLPAL,29-Jun-17,0,XX,0,0,0,1025,1015.8,0,0,0,0,17-Apr-17
FUTSTK,CONCOR,27-Apr-17,0,XX,1179.95,1189.75,1155.8,1179.55,1179.55,699,5120.42,1112500,-31250,17-Apr-17
FUTSTK,CONCOR,25-May-17,0,XX,1180.5,1186.6,1158,1180.85,1180.85,37,271.65,30625,13125,17-Apr-17
FUTSTK,CONCOR,29-Jun-17,0,XX,0,0,0,1289.1,1199.25,0,0,0,0,17-Apr-17
FUTSTK,CUMMINSIND,27-Apr-17,0,XX,980,981,960.4,963.75,963.75,232,1346.93,651000,2400,17-Apr-17
FUTSTK,CUMMINSIND,25-May-17,0,XX,967.7,967.7,966.85,967.3,967.3,2,11.6,1800,1200,17-Apr-17
FUTSTK,CUMMINSIND,29-Jun-17,0,XX,0,0,0,956.2,971.75,0,0,0,0,17-Apr-17
FUTSTK,DABUR,27-Apr-17,0,XX,290,293.85,285.1,292.65,292.65,1188,8637.69,10742500,-42500,17-Apr-17
FUTSTK,DABUR,25-May-17,0,XX,287,294.85,286.9,293.7,293.7,28,204.61,120000,42500,17-Apr-17
FUTSTK,DABUR,29-Jun-17,0,XX,0,0,0,278.75,296.75,0,0,0,0,17-Apr-17
FUTSTK,DALMIABHA,27-Apr-17,0,XX,2125.05,2170,2060.5,2116.1,2116.1,1439,9091.57,470400,144900,17-Apr-17
FUTSTK,DALMIABHA,25-May-17,0,XX,2114.7,2148.8,2077.5,2108.75,2108.75,38,239.76,8400,3300,17-Apr-17
FUTSTK,DALMIABHA,29-Jun-17,0,XX,0,0,0,1989.4,2117.8,0,0,0,0,17-Apr-17
FUTSTK,DCBBANK,27-Apr-17,0,XX,170.65,174.9,168.05,173.5,173.5,3591,27783.36,7254000,558000,17-Apr-17
FUTSTK,DCBBANK,25-May-17,0,XX,175,175,169,174,174,91,705.61,265500,94500,17-Apr-17
FUTSTK,DCBBANK,29-Jun-17,0,XX,171.35,171.35,171.35,171.35,175.6,1,7.71,4500,0,17-Apr-17
FUTSTK,DHFL,27-Apr-17,0,XX,390.05,403.5,387.1,400.35,400.35,6015,71454.84,21231000,-117000,17-Apr-17
FUTSTK,DHFL,25-May-17,0,XX,392.35,405.45,389.1,401.55,401.55,150,1784.01,687000,69000,17-Apr-17
FUTSTK,DHFL,29-Jun-17,0,XX,0,0,0,395.5,404.45,0,0,18000,0,17-Apr-17
FUTSTK,DISHTV,27-Apr-17,0,XX,101.75,101.75,100.25,100.75,100.75,1001,7076.31,31003000,-294000,17-Apr-17
FUTSTK,DISHTV,25-May-17,0,XX,101.1,101.75,101.1,101.2,100.95,6,42.61,280000,0,17-Apr-17
FUTSTK,DISHTV,29-Jun-17,0,XX,0,0,0,104,101.6,0,0,21000,0,17-Apr-17
FUTSTK,DIVISLAB,27-Apr-17,0,XX,649.35,654.5,638.65,642,642,3269,12655.17,10113000,73800,17-Apr-17
FUTSTK,DIVISLAB,25-May-17,0,XX,655,655.15,642,645.3,645.3,353,1371.3,295800,79800,17-Apr-17
FUTSTK,DIVISLAB,29-Jun-17,0,XX,653,653.05,648,645.85,645.85,15,58.51,13800,5400,17-Apr-17
FUTSTK,DLF,27-Apr-17,0,XX,160.7,174.45,158.3,173.35,173.35,26516,222534.77,39945000,4820000,17-Apr-17
FUTSTK,DLF,25-May-17,0,XX,161.7,175,159.2,174.1,174.1,662,5584.15,1765000,1080000,17-Apr-17
FUTSTK,DLF,29-Jun-17,0,XX,166,175,166,173.8,173.8,9,77.35,75000,35000,17-Apr-17
FUTSTK,DRREDDY,27-Apr-17,0,XX,2717.1,2728,2663.45,2672.2,2672.2,5580,30115.84,3301200,-35000,17-Apr-17
FUTSTK,DRREDDY,25-May-17,0,XX,2730,2730.65,2675.95,2684.6,2684.6,116,627.81,78400,8200,17-Apr-17
FUTSTK,DRREDDY,29-Jun-17,0,XX,2745.45,2745.55,2710.05,2682.35,2682.35,17,92.62,2400,1600,17-Apr-17
FUTSTK,EICHERMOT,27-Apr-17,0,XX,26150,26383.85,26145.2,26218.45,26218.45,900,5908.87,154925,950,17-Apr-17
FUTSTK,EICHERMOT,25-May-17,0,XX,26380,26499.85,26320,26360.75,26360.75,19,125.32,12325,175,17-Apr-17
FUTSTK,EICHERMOT,29-Jun-17,0,XX,0,0,0,26600,26467.3,0,0,25,0,17-Apr-17
FUTSTK,ENGINERSIN,27-Apr-17,0,XX,159,162.8,156.15,161.45,161.45,4467,50020.53,26502000,-105000,17-Apr-17
FUTSTK,ENGINERSIN,25-May-17,0,XX,159.8,163.25,157,162.05,162.05,131,1470.35,840000,196000,17-Apr-17
FUTSTK,ENGINERSIN,29-Jun-17,0,XX,0,0,0,146.2,163.2,0,0,0,0,17-Apr-17
FUTSTK,EQUITAS,27-Apr-17,0,XX,166.95,169,165.05,165.55,165.55,1184,6324.71,10134400,640000,17-Apr-17
FUTSTK,EQUITAS,25-May-17,0,XX,166.15,169.25,166,166.25,166.25,36,192.5,332800,35200,17-Apr-17
FUTSTK,EQUITAS,29-Jun-17,0,XX,0,0,0,167.1,167.45,0,0,0,0,17-Apr-17
FUTSTK,ESCORTS,27-Apr-17,0,XX,543.45,563.45,536.5,552.95,552.95,1700,10395.32,1008700,123200,17-Apr-17
FUTSTK,ESCORTS,25-May-17,0,XX,561,561,555.3,555.65,555.65,23,140.96,51700,12100,17-Apr-17
FUTSTK,ESCORTS,29-Jun-17,0,XX,0,0,0,544.15,558.25,0,0,0,0,17-Apr-17
FUTSTK,EXIDEIND,27-Apr-17,0,XX,228.6,232.6,225.45,231.95,231.95,1687,15489.82,17296000,224000,17-Apr-17
FUTSTK,EXIDEIND,25-May-17,0,XX,228.5,233.5,227.15,232,232,27,248.99,284000,32000,17-Apr-17
FUTSTK,EXIDEIND,29-Jun-17,0,XX,232,232,232,232,233.8,1,9.28,4000,4000,17-Apr-17
FUTSTK,FEDERALBNK,27-Apr-17,0,XX,92.9,93.3,91.65,92.95,92.95,1653,16836.84,53482000,-33000,17-Apr-17
FUTSTK,FEDERALBNK,25-May-17,0,XX,92.95,93.6,92.25,93.3,93.3,26,266.05,1012000,88000,17-Apr-17
FUTSTK,FEDERALBNK,29-Jun-17,0,XX,0,0,0,92.2,93.8,0,0,11000,0,17-Apr-17
FUTSTK,GAIL,27-Apr-17,0,XX,382.35,397,381.4,395.55,395.55,4385,34306.23,14158000,-456000,17-Apr-17
FUTSTK,GAIL,25-May-17,0,XX,383.55,397.5,383.55,396.6,396.6,114,891.68,180000,32000,17-Apr-17
FUTSTK,GAIL,29-Jun-17,0,XX,386.55,394.35,386.55,394.35,399.7,2,15.61,4000,4000,17-Apr-17
FUTSTK,GLENMARK,27-Apr-17,0,XX,893,899.4,886.3,891.45,891.45,965,6036.5,3381700,-9100,17-Apr-17
FUTSTK,GLENMARK,25-May-17,0,XX,891.5,901.5,891,895.95,895.95,29,181.98,30100,9800,17-Apr-17
FUTSTK,GLENMARK,29-Jun-17,0,XX,0,0,0,876.7,900.75,0,0,0,0,17-Apr-17
FUTSTK,GMRINFRA,27-Apr-17,0,XX,15.6,16.45,15.4,16.2,16.2,1054,7577.07,213075000,3285000,17-Apr-17
FUTSTK,GMRINFRA,25-May-17,0,XX,15.65,16.45,15.55,16.3,16.3,45,321.88,4815000,1035000,17-Apr-17
FUTSTK,GMRINFRA,29-Jun-17,0,XX,0,0,0,15.8,16.35,0,0,45000,0,17-Apr-17
FUTSTK,GODREJCP,27-Apr-17,0,XX,1692.9,1692.9,1668,1680.9,1680.9,135,905.74,423200,-1600,17-Apr-17
FUTSTK,GODREJCP,25-May-17,0,XX,0,0,0,1700,1685.5,0,0,1600,0,17-Apr-17
FUTSTK,GODREJCP,29-Jun-17,0,XX,0,0,0,1689.85,1696.05,0,0,0,0,17-Apr-17
FUTSTK,GODREJIND,27-Apr-17,0,XX,531.45,538,523,532.3,532.3,584,4643.67,2016000,108000,17-Apr-17
FUTSTK,GODREJIND,25-May-17,0,XX,536.65,536.65,536.65,536.65,536.65,1,8.04,4500,1500,17-Apr-17
FUTSTK,GODREJIND,29-Jun-17,0,XX,0,0,0,510.9,536.45,0,0,0,0,17-Apr-17
FUTSTK,GRANULES,27-Apr-17,0,XX,139.1,140.05,138.25,138.65,138.65,191,1326.54,13095000,75000,17-Apr-17
FUTSTK,GRANULES,25-May-17,0,XX,139.5,139.7,139.5,139.7,138.85,2,13.96,85000,10000,17-Apr-17
FUTSTK,GRANULES,29-Jun-17,0,XX,0,0,0,142.95,139.7,0,0,45000,0,17-Apr-17
FUTSTK,GRASIM,27-Apr-17,0,XX,1066.9,1081,1059.35,1077.3,1077.3,2769,22257.96,6217500,27000,17-Apr-17
FUTSTK,GRASIM,25-May-17,0,XX,1066.05,1082.5,1065,1081,1081,61,491.59,63000,16500,17-Apr-17
FUTSTK,GRASIM,29-Jun-17,0,XX,0,0,0,1086.2,1086.2,0,0,0,0,17-Apr-17
FUTSTK,HAVELLS,27-Apr-17,0,XX,488.75,491,483.55,489.25,489.25,903,8793.74,4410000,-94000,17-Apr-17
FUTSTK,HAVELLS,25-May-17,0,XX,487,490,485,489.35,489.35,19,185.39,40000,6000,17-Apr-17
FUTSTK,HAVELLS,29-Jun-17,0,XX,0,0,0,478.9,493.85,0,0,0,0,17-Apr-17
FUTSTK,HCLTECH,27-Apr-17,0,XX,804.9,819.5,804.9,812.7,812.7,1944,11068.5,8767500,-164500,17-Apr-17
FUTSTK,HCLTECH,25-May-17,0,XX,809,818.15,808.2,811.1,811.1,39,221.65,102200,11200,17-Apr-17
FUTSTK,HCLTECH,29-Jun-17,0,XX,0,0,0,825,821.45,0,0,700,0,17-Apr-17
FUTSTK,HDFC,27-Apr-17,0,XX,1482.1,1497.95,1481.55,1484.65,1484.65,3337,24850.69,9893500,-37000,17-Apr-17
FUTSTK,HDFC,25-May-17,0,XX,1495.2,1500.8,1488,1490.2,1490.2,69,516.22,99000,14500,17-Apr-17
FUTSTK,HDFC,29-Jun-17,0,XX,1500,1500,1500,1500,1498.95,2,15,34500,500,17-Apr-17
FUTSTK,HDFCBANK,27-Apr-17,0,XX,1445.55,1446,1433,1440.6,1440.6,5170,37182.71,29591000,-91000,17-Apr-17
FUTSTK,HDFCBANK,25-May-17,0,XX,1440.5,1443,1432.8,1436.15,1436.15,136,976.51,148000,38000,17-Apr-17
FUTSTK,HDFCBANK,29-Jun-17,0,XX,0,0,0,1422,1455.6,0,0,5500,0,17-Apr-17
FUTSTK,HDIL,27-Apr-17,0,XX,86.6,94.65,86.25,93.5,93.5,14857,108787.74,28664000,4584000,17-Apr-17
FUTSTK,HDIL,25-May-17,0,XX,86.95,94.9,86.9,93.8,93.8,346,2546.15,1424000,872000,17-Apr-17
FUTSTK,HDIL,29-Jun-17,0,XX,93,94.9,93,94.9,94.4,3,22.55,24000,8000,17-Apr-17
FUTSTK,HEROMOTOCO,27-Apr-17,0,XX,3216.5,3244.9,3213,3240.75,3240.75,1175,7603.01,1393400,-38200,17-Apr-17
FUTSTK,HEROMOTOCO,25-May-17,0,XX,3243.15,3254.5,3243,3243.45,3262.15,8,51.95,13600,1000,17-Apr-17
FUTSTK,HEROMOTOCO,29-Jun-17,0,XX,3258.95,3268,3258.95,3268,3268,2,13.05,200,200,17-Apr-17
FUTSTK,HEXAWARE,27-Apr-17,0,XX,205.25,208.4,205.15,206.75,206.75,598,3716.24,4074000,-177000,17-Apr-17
FUTSTK,HEXAWARE,25-May-17,0,XX,206.35,207.6,205,205.55,205.55,9,55.72,57000,15000,17-Apr-17
FUTSTK,HEXAWARE,29-Jun-17,0,XX,0,0,0,222.35,208.6,0,0,0,0,17-Apr-17
FUTSTK,HINDALCO,27-Apr-17,0,XX,182.65,183.2,180.2,182.25,182.25,8516,54129.8,41317500,1050000,17-Apr-17
FUTSTK,HINDALCO,25-May-17,0,XX,183.9,183.9,181.05,183.05,183.05,299,1908.64,1116500,308000,17-Apr-17
FUTSTK,HINDALCO,29-Jun-17,0,XX,0,0,0,187,183.85,0,0,7000,0,17-Apr-17
FUTSTK,HINDPETRO,27-Apr-17,0,XX,564.45,566.95,554.25,557.5,557.5,4023,47387.18,17014200,-449400,17-Apr-17
FUTSTK,HINDPETRO,25-May-17,0,XX,563.05,567.7,556.4,559.35,559.35,192,2262.88,365400,159600,17-Apr-17
FUTSTK,HINDPETRO,29-Jun-17,0,XX,567.75,567.75,560,562,562,6,71.21,4200,2100,17-Apr-17
FUTSTK,HINDUNILVR,27-Apr-17,0,XX,925.75,926.55,916.5,918.15,918.15,1015,5613.89,7099800,-14400,17-Apr-17
FUTSTK,HINDUNILVR,25-May-17,0,XX,926.5,927.4,920.8,921.75,921.75,22,121.9,37800,3000,17-Apr-17
FUTSTK,HINDUNILVR,29-Jun-17,0,XX,0,0,0,925,926.05,0,0,4200,0,17-Apr-17
FUTSTK,HINDZINC,27-Apr-17,0,XX,282.95,285.5,278.2,279,279,1280,11502.64,13395200,352000,17-Apr-17
FUTSTK,HINDZINC,25-May-17,0,XX,285.8,285.85,279.65,280.1,280.1,41,369.24,320000,64000,17-Apr-17
FUTSTK,HINDZINC,29-Jun-17,0,XX,0,0,0,290.5,281.55,0,0,3200,0,17-Apr-17
FUTSTK,IBREALEST,27-Apr-17,0,XX,109.15,150.45,103.85,147.75,147.75,16249,207497.5,23520000,-15500000,17-Apr-17
FUTSTK,IBREALEST,25-May-17,0,XX,108.25,150.4,104.25,147.1,147.1,105,1364.62,1020000,-150000,17-Apr-17
FUTSTK,IBREALEST,29-Jun-17,0,XX,0,0,0,108.9,150.15,0,0,20000,0,17-Apr-17
FUTSTK,IBULHSGFIN,27-Apr-17,0,XX,967.45,992.2,956.65,978,978,6906,53716.61,18970400,-452000,17-Apr-17
FUTSTK,IBULHSGFIN,25-May-17,0,XX,962,987.05,955,974.2,974.2,78,603.55,128000,16800,17-Apr-17
FUTSTK,IBULHSGFIN,29-Jun-17,0,XX,0,0,0,1007.25,989.9,0,0,0,0,17-Apr-17
FUTSTK,ICICIBANK,27-Apr-17,0,XX,284.25,285.9,280.85,282.6,282.6,7424,52579.23,70070000,-587500,17-Apr-17
FUTSTK,ICICIBANK,25-May-17,0,XX,284.7,286.7,282.3,283.85,283.85,317,2253.99,1127500,250000,17-Apr-17
FUTSTK,ICICIBANK,29-Jun-17,0,XX,280.8,282.65,280.25,281.15,281.15,12,84.37,190000,7500,17-Apr-17
FUTSTK,ICIL,27-Apr-17,0,XX,194,195.5,192,193.55,193.55,419,2833.67,12085500,-150500,17-Apr-17
FUTSTK,ICIL,25-May-17,0,XX,193.1,194.4,193.05,193.6,193.85,5,33.87,59500,14000,17-Apr-17
FUTSTK,ICIL,29-Jun-17,0,XX,0,0,0,199.15,195.05,0,0,0,0,17-Apr-17
FUTSTK,IDBI,27-Apr-17,0,XX,73.65,74.2,72.65,73.05,73.05,1086,6362.3,43592000,304000,17-Apr-17
FUTSTK,IDBI,25-May-17,0,XX,74.05,74.3,73,73.35,73.35,67,394.11,1760000,248000,17-Apr-17
FUTSTK,IDBI,29-Jun-17,0,XX,74,74,73.9,73.9,73.75,2,11.83,32000,16000,17-Apr-17
FUTSTK,IDEA,27-Apr-17,0,XX,86.65,86.65,85.15,86.1,86.1,1898,11399.51,86751000,-420000,17-Apr-17
FUTSTK,IDEA,25-May-17,0,XX,86,86.65,85.45,86.35,86.35,107,643.75,2051000,364000,17-Apr-17
FUTSTK,IDEA,29-Jun-17,0,XX,0,0,0,87.35,87.2,0,0,14000,0,17-Apr-17
FUTSTK,IDFC,27-Apr-17,0,XX,58.45,59,57.95,58.3,58.3,989,7632.02,99488400,-1399200,17-Apr-17
FUTSTK,IDFC,25-May-17,0,XX,58.45,59.25,58.35,58.65,58.65,34,263.47,1372800,237600,17-Apr-17
FUTSTK,IDFC,29-Jun-17,0,XX,0,0,0,55.45,58.85,0,0,0,0,17-Apr-17
FUTSTK,IDFCBANK,27-Apr-17,0,XX,60.2,60.25,59.3,59.5,59.5,1352,6450.58,98480000,-976000,17-Apr-17
FUTSTK,IDFCBANK,25-May-17,0,XX,60.5,60.5,59.7,59.8,59.8,150,718.34,4336000,872000,17-Apr-17
FUTSTK,IDFCBANK,29-Jun-17,0,XX,0,0,0,60.7,60.2,0,0,120000,0,17-Apr-17
FUTSTK,IFCI,27-Apr-17,0,XX,29.5,29.5,29,29.1,29.1,380,2441.52,75350000,660000,17-Apr-17
FUTSTK,IFCI,25-May-17,0,XX,29.5,29.65,29.2,29.25,29.25,50,323.23,3234000,572000,17-Apr-17
FUTSTK,IFCI,29-Jun-17,0,XX,29.5,29.5,29.5,29.5,29.3,32,207.68,902000,704000,17-Apr-17
FUTSTK,IGL,27-Apr-17,0,XX,1020.45,1072.9,1020.45,1068.65,1068.65,3454,40133.24,2644400,167200,17-Apr-17
FUTSTK,IGL,25-May-17,0,XX,1039.95,1079.95,1039.95,1073.35,1073.35,58,675.43,52800,27500,17-Apr-17
FUTSTK,IGL,29-Jun-17,0,XX,0,0,0,1019.9,1076.9,0,0,0,0,17-Apr-17
FUTSTK,INDIACEM,27-Apr-17,0,XX,163.15,164.85,161.35,164.25,164.25,1647,9412.95,22550500,-133000,17-Apr-17
FUTSTK,INDIACEM,25-May-17,0,XX,163.35,165.55,163,164.95,164.95,35,201.09,273000,45500,17-Apr-17
FUTSTK,INDIACEM,29-Jun-17,0,XX,0,0,0,163.2,165.55,0,0,0,0,17-Apr-17
FUTSTK,INDIANB,27-Apr-17,0,XX,264,265.95,258.5,259.7,259.7,343,1791.47,1404000,56000,17-Apr-17
FUTSTK,INDIANB,25-May-17,0,XX,262,263,259.6,260.9,260.9,12,62.75,58000,20000,17-Apr-17
FUTSTK,INDIANB,29-Jun-17,0,XX,260,260.5,260,260.5,260.5,2,10.41,16000,2000,17-Apr-17
FUTSTK,INDIGO,27-Apr-17,0,XX,1097.55,1104.9,1091.5,1096.45,1096.45,533,3508.89,964800,-16800,17-Apr-17
FUTSTK,INDIGO,25-May-17,0,XX,1098.8,1105.75,1098.75,1105.75,1099.35,5,33.04,14400,600,17-Apr-17
FUTSTK,INDIGO,29-Jun-17,0,XX,0,0,0,1061.7,1106.2,0,0,0,0,17-Apr-17
FUTSTK,INDUSINDBK,27-Apr-17,0,XX,1441,1445.7,1430.3,1441.7,1441.7,1988,17149.67,8642400,133800,17-Apr-17
FUTSTK,INDUSINDBK,25-May-17,0,XX,1443.95,1447.6,1433.65,1447.3,1447.3,29,250.75,69600,8400,17-Apr-17
FUTSTK,INDUSINDBK,29-Jun-17,0,XX,0,0,0,1422,1454.05,0,0,1800,0,17-Apr-17
FUTSTK,INFIBEAM,27-Apr-17,0,XX,1028.05,1160,1028.05,1083.9,1083.9,1026,4476.6,1247200,-96400,17-Apr-17
FUTSTK,INFIBEAM,25-May-17,0,XX,1070,1120,1070,1120,1079.75,2,8.76,4400,-400,17-Apr-17
FUTSTK,INFIBEAM,29-Jun-17,0,XX,0,0,0,1145.75,1086.5,0,0,0,0,17-Apr-17
FUTSTK,INFRATEL,27-Apr-17,0,XX,354.95,356.05,342,345.8,345.8,1378,7625.3,6387200,52800,17-Apr-17
FUTSTK,INFRATEL,25-May-17,0,XX,353.5,353.5,340.3,343.8,343.8,31,171.98,84800,11200,17-Apr-17
FUTSTK,INFRATEL,29-Jun-17,0,XX,0,0,0,342.35,348.9,0,0,0,0,17-Apr-17
FUTSTK,INFY,27-Apr-17,0,XX,932.55,934.85,926.85,928.95,928.95,9008,41883.48,37401000,-450000,17-Apr-17
FUTSTK,INFY,25-May-17,0,XX,934,937.85,931.15,932.6,932.6,504,2353.64,668000,129000,17-Apr-17
FUTSTK,INFY,29-Jun-17,0,XX,920.65,926.65,920.15,922.75,922.75,73,336.97,159000,22500,17-Apr-17
FUTSTK,IOC,27-Apr-17,0,XX,426.6,432,419.15,424.75,424.75,5861,74886.73,18585000,-567000,17-Apr-17
FUTSTK,IOC,25-May-17,0,XX,430,432.5,420.7,426.3,426.3,112,1433.93,408000,60000,17-Apr-17
FUTSTK,IOC,29-Jun-17,0,XX,434,434,425.2,425.2,430,2,25.77,12000,3000,17-Apr-17
FUTSTK,IRB,27-Apr-17,0,XX,234,241.75,225,240.55,240.55,3474,20704.67,18310000,490000,17-Apr-17
FUTSTK,IRB,25-May-17,0,XX,228.9,242.75,228.9,241.3,241.3,241,1449.17,397500,260000,17-Apr-17
FUTSTK,IRB,29-Jun-17,0,XX,0,0,0,240.4,242.3,0,0,0,0,17-Apr-17
FUTSTK,ITC,27-Apr-17,0,XX,278.25,282.8,276.4,279.85,279.85,2846,19114.42,50880000,108000,17-Apr-17
FUTSTK,ITC,25-May-17,0,XX,278.15,283.6,277.95,280.85,280.85,64,430.89,657600,43200,17-Apr-17
FUTSTK,ITC,29-Jun-17,0,XX,275.9,280.6,275.9,279.85,282.75,5,33.42,67200,7200,17-Apr-17
FUTSTK,JETAIRWAYS,27-Apr-17,0,XX,501.95,506.2,495,497.25,497.25,1862,9286.43,5341000,-50000,17-Apr-17
FUTSTK,JETAIRWAYS,25-May-17,0,XX,500,503.5,497.2,499.35,499.35,71,355.61,118000,13000,17-Apr-17
FUTSTK,JETAIRWAYS,29-Jun-17,0,XX,0,0,0,495,502.8,0,0,3000,0,17-Apr-17
FUTSTK,JINDALSTEL,27-Apr-17,0,XX,122.65,124.4,120.1,121.85,121.85,810,8900.11,38934000,-414000,17-Apr-17
FUTSTK,JINDALSTEL,25-May-17,0,XX,120.85,124.1,120.85,122.25,122.25,22,242.3,1242000,-54000,17-Apr-17
FUTSTK,JINDALSTEL,29-Jun-17,0,XX,0,0,0,121,122.7,0,0,0,0,17-Apr-17
FUTSTK,JISLJALEQS,27-Apr-17,0,XX,100.2,102.3,99.6,101.85,101.85,1127,10257.74,40779000,324000,17-Apr-17
FUTSTK,JISLJALEQS,25-May-17,0,XX,101,102.7,100.15,102.55,102.55,61,556.8,774000,297000,17-Apr-17
FUTSTK,JISLJALEQS,29-Jun-17,0,XX,0,0,0,101.15,102.7,0,0,9000,0,17-Apr-17
FUTSTK,JPASSOCIAT,27-Apr-17,0,XX,12.9,12.9,12.45,12.7,12.7,597,5129.78,181968000,3264000,17-Apr-17
FUTSTK,JPASSOCIAT,25-May-17,0,XX,12.85,12.85,12.55,12.8,12.8,38,328.16,5848000,1496000,17-Apr-17
FUTSTK,JPASSOCIAT,29-Jun-17,0,XX,12.85,12.85,12.85,12.85,12.85,5,43.69,408000,340000,17-Apr-17
FUTSTK,JSWENERGY,27-Apr-17,0,XX,64.95,65.3,63.4,63.75,63.75,1569,8060.33,69120000,2808000,17-Apr-17
FUTSTK,JSWENERGY,25-May-17,0,XX,65.6,65.6,63.9,64.05,64.05,127,653.04,1976000,776000,17-Apr-17
FUTSTK,JSWENERGY,29-Jun-17,0,XX,0,0,0,63.85,64.25,0,0,0,0,17-Apr-17
FUTSTK,JSWSTEEL,27-Apr-17,0,XX,191.75,195.9,191.75,195.15,195.15,5566,32483.15,49947000,3429000,17-Apr-17
FUTSTK,JSWSTEEL,25-May-17,0,XX,194.6,196.9,193.5,196.2,196.2,127,746.02,585000,138000,17-Apr-17
FUTSTK,JSWSTEEL,29-Jun-17,0,XX,196.4,197.25,196.4,197.25,196.7,3,17.7,21000,0,17-Apr-17
FUTSTK,JUBLFOOD,27-Apr-17,0,XX,1012.8,1015,985.5,991.45,991.45,1661,8267.16,2023000,-33500,17-Apr-17
FUTSTK,JUBLFOOD,25-May-17,0,XX,1011.95,1011.95,988.8,993,993,39,193.88,60500,11000,17-Apr-17
FUTSTK,JUBLFOOD,29-Jun-17,0,XX,0,0,0,1136.2,1001.05,0,0,0,0,17-Apr-17
FUTSTK,JUSTDIAL,27-Apr-17,0,XX,516.65,520.65,497.1,501.55,501.55,4042,24436.72,3517200,88800,17-Apr-17
FUTSTK,JUSTDIAL,25-May-17,0,XX,510,510,494.6,496.45,496.45,168,1005.56,170400,69600,17-Apr-17
FUTSTK,JUSTDIAL,29-Jun-17,0,XX,0,0,0,514,512.55,0,0,2400,0,17-Apr-17
FUTSTK,KOTAKBANK,27-Apr-17,0,XX,878.1,890,875.3,888.6,888.6,2434,17234.86,9209600,28800,17-Apr-17
FUTSTK,KOTAKBANK,25-May-17,0,XX,881.05,893.4,881.05,892.4,892.4,114,811.04,199200,36800,17-Apr-17
FUTSTK,KOTAKBANK,29-Jun-17,0,XX,0,0,0,889,899.25,0,0,800,0,17-Apr-17
FUTSTK,KPIT,27-Apr-17,0,XX,129.95,131,128.45,129.35,129.35,361,1872.19,5756000,-68000,17-Apr-17
FUTSTK,KPIT,25-May-17,0,XX,129.75,129.8,129.25,129.8,129.5,4,20.73,36000,4000,17-Apr-17
FUTSTK,KPIT,29-Jun-17,0,XX,0,0,0,132,130.3,0,0,4000,0,17-Apr-17
FUTSTK,KSCL,27-Apr-17,0,XX,541.65,553.7,541.6,548.65,548.65,891,7325.46,2761500,-42000,17-Apr-17
FUTSTK,KSCL,25-May-17,0,XX,547.15,553.2,547.15,552.05,549.7,15,123.79,37500,10500,17-Apr-17
FUTSTK,KSCL,29-Jun-17,0,XX,0,0,0,551.2,553.1,0,0,0,0,17-Apr-17
FUTSTK,KTKBANK,27-Apr-17,0,XX,155,156.35,152.1,152.6,152.6,1826,20687.82,29898250,-840750,17-Apr-17
FUTSTK,KTKBANK,25-May-17,0,XX,156.65,156.65,153,153.3,153.3,77,874.46,1239000,258125,17-Apr-17
FUTSTK,KTKBANK,29-Jun-17,0,XX,0,0,0,162.4,154.15,0,0,7375,0,17-Apr-17
FUTSTK,L&TFH,27-Apr-17,0,XX,121.85,124.15,121.45,123.8,123.8,1062,11764.42,22554000,99000,17-Apr-17
FUTSTK,L&TFH,25-May-17,0,XX,122.35,124.6,122.35,124.5,124.5,11,122.59,540000,45000,17-Apr-17
FUTSTK,L&TFH,29-Jun-17,0,XX,0,0,0,125.5,124.8,0,0,0,0,17-Apr-17
FUTSTK,LICHSGFIN,27-Apr-17,0,XX,634.65,641.3,628.8,638.6,638.6,2291,16004.04,5008300,-106700,17-Apr-17
FUTSTK,LICHSGFIN,25-May-17,0,XX,637.05,643.5,632.55,641.6,641.6,43,301.78,104500,6600,17-Apr-17
FUTSTK,LICHSGFIN,29-Jun-17,0,XX,0,0,0,637,645.8,0,0,3300,0,17-Apr-17
FUTSTK,LT,27-Apr-17,0,XX,1686,1693.95,1676.55,1688.8,1688.8,3395,28647.25,8055500,65500,17-Apr-17
FUTSTK,LT,25-May-17,0,XX,1696.55,1699.3,1685.1,1696.9,1696.9,54,457.33,156500,2000,17-Apr-17
FUTSTK,LT,29-Jun-17,0,XX,1704.35,1704.35,1701.3,1702.4,1703.35,3,25.54,6500,1500,17-Apr-17
FUTSTK,LUPIN,27-Apr-17,0,XX,1440.95,1444.7,1417.05,1423,1423,2763,15782.89,8584800,9600,17-Apr-17
FUTSTK,LUPIN,25-May-17,0,XX,1448.25,1450.05,1424,1428.9,1428.9,185,1060.51,155200,35200,17-Apr-17
FUTSTK,LUPIN,29-Jun-17,0,XX,1441.25,1441.25,1434.8,1434.8,1434.8,2,11.5,4000,800,17-Apr-17
FUTSTK,M&M,27-Apr-17,0,XX,1277.65,1280,1267.65,1270.2,1270.2,1787,11363.18,4509500,95000,17-Apr-17
FUTSTK,M&M,25-May-17,0,XX,1286.4,1286.4,1274,1276.15,1276.15,42,268.25,46000,-1500,17-Apr-17
FUTSTK,M&M,29-Jun-17,0,XX,0,0,0,1301.35,1286,0,0,500,0,17-Apr-17
FUTSTK,M&MFIN,27-Apr-17,0,XX,333,339.7,331.6,338.2,338.2,2143,18042.82,12775000,350000,17-Apr-17
FUTSTK,M&MFIN,25-May-17,0,XX,333.25,340.85,333.25,339.3,339.3,32,270.31,227500,17500,17-Apr-17
FUTSTK,M&MFIN,29-Jun-17,0,XX,0,0,0,332,341.45,0,0,5000,0,17-Apr-17
FUTSTK,MARICO,27-Apr-17,0,XX,300.85,303.5,298.9,302.65,302.65,414,3246.54,4498000,-52000,17-Apr-17
FUTSTK,MARICO,25-May-17,0,XX,300.5,303.65,300.5,303.4,303.4,4,31.41,28600,2600,17-Apr-17
FUTSTK,MARICO,29-Jun-17,0,XX,0,0,0,301.5,304.9,0,0,0,0,17-Apr-17
FUTSTK,MARUTI,27-Apr-17,0,XX,6095.15,6150,6041.1,6135.6,6135.6,5605,51390.35,2203350,-4950,17-Apr-17
FUTSTK,MARUTI,25-May-17,0,XX,6132.35,6175,6070.45,6167.2,6167.2,169,1555.55,46500,6450,17-Apr-17
FUTSTK,MARUTI,29-Jun-17,0,XX,6160.9,6185,6116.15,6185,6195.6,6,55.34,4650,600,17-Apr-17
FUTSTK,MCDOWELL-N,27-Apr-17,0,XX,1878.6,1938.9,1878.6,1926.15,1926.15,2323,11188.62,4070500,-47750,17-Apr-17
FUTSTK,MCDOWELL-N,25-May-17,0,XX,1920,1946.05,1920,1930.4,1930.4,90,435.52,95250,6500,17-Apr-17
FUTSTK,MCDOWELL-N,29-Jun-17,0,XX,0,0,0,1925,1950.05,0,0,250,0,17-Apr-17
FUTSTK,MFSL,27-Apr-17,0,XX,650.3,667,650.15,661.3,661.3,900,5947.39,4279000,-28000,17-Apr-17
FUTSTK,MFSL,25-May-17,0,XX,662.5,669.65,662.5,662.5,663.75,7,46.59,42000,-2000,17-Apr-17
FUTSTK,MFSL,29-Jun-17,0,XX,0,0,0,582.3,667.9,0,0,0,0,17-Apr-17
FUTSTK,MINDTREE,27-Apr-17,0,XX,443.2,446,436.3,438.05,438.05,684,3616.01,3248400,26400,17-Apr-17
FUTSTK,MINDTREE,25-May-17,0,XX,444.8,444.8,438,438,439.2,7,37.03,31200,8400,17-Apr-17
FUTSTK,MINDTREE,29-Jun-17,0,XX,0,0,0,460.8,441.95,0,0,0,0,17-Apr-17
FUTSTK,MOTHERSUMI,27-Apr-17,0,XX,376.95,378.4,373,374.55,374.55,709,6650.59,8442500,117500,17-Apr-17
FUTSTK,MOTHERSUMI,25-May-17,0,XX,377.45,377.45,376.35,376.5,376.5,7,65.92,55000,5000,17-Apr-17
FUTSTK,MOTHERSUMI,29-Jun-17,0,XX,0,0,0,384.95,377.8,0,0,0,0,17-Apr-17
FUTSTK,MRF,27-Apr-17,0,XX,60660,61850,60501,61662.8,61662.8,2583,23789.95,57240,1095,17-Apr-17
FUTSTK,MRF,25-May-17,0,XX,60900,62000,60800,61790.5,61790.5,29,267.97,1500,150,17-Apr-17
FUTSTK,MRF,29-Jun-17,0,XX,0,0,0,60826.8,62759.15,0,0,0,0,17-Apr-17
FUTSTK,MUTHOOTFIN,27-Apr-17,0,XX,392.25,397.5,385.6,395.85,395.85,553,3257.47,1203000,-40500,17-Apr-17
FUTSTK,MUTHOOTFIN,25-May-17,0,XX,0,0,0,386.2,397.4,0,0,21000,0,17-Apr-17
FUTSTK,MUTHOOTFIN,29-Jun-17,0,XX,0,0,0,380.05,399.9,0,0,0,0,17-Apr-17
FUTSTK,NCC,27-Apr-17,0,XX,92.15,95.35,90.8,94.15,94.15,3712,27752.77,27016000,-560000,17-Apr-17
FUTSTK,NCC,25-May-17,0,XX,92.85,95.6,91.85,94.5,94.5,81,609.88,368000,88000,17-Apr-17
FUTSTK,NCC,29-Jun-17,0,XX,0,0,0,87,95.25,0,0,8000,0,17-Apr-17
FUTSTK,NHPC,27-Apr-17,0,XX,32.5,32.75,31.4,31.6,31.6,659,5720.26,22518000,297000,17-Apr-17
FUTSTK,NHPC,25-May-17,0,XX,32.8,32.85,31.7,31.75,31.75,23,198.46,891000,162000,17-Apr-17
FUTSTK,NHPC,29-Jun-17,0,XX,0,0,0,32.25,31.95,0,0,0,0,17-Apr-17
FUTSTK,NIITTECH,27-Apr-17,0,XX,429.4,434.65,424.85,432.35,432.35,296,1905.28,699000,-10500,17-Apr-17
FUTSTK,NIITTECH,25-May-17,0,XX,434,434,434,434,434,1,6.51,1500,1500,17-Apr-17
FUTSTK,NIITTECH,29-Jun-17,0,XX,0,0,0,427.1,437,0,0,0,0,17-Apr-17
FUTSTK,NMDC,27-Apr-17,0,XX,130.45,130.45,128,128.55,128.55,1278,9876.99,31122000,306000,17-Apr-17
FUTSTK,NMDC,25-May-17,0,XX,129.4,130.45,128.6,129.15,129.15,50,388.53,894000,192000,17-Apr-17
FUTSTK,NMDC,29-Jun-17,0,XX,0,0,0,132,129.75,0,0,6000,0,17-Apr-17
FUTSTK,NTPC,27-Apr-17,0,XX,164.75,164.8,159.15,160.2,160.2,2971,19202.99,23428000,2036000,17-Apr-17
FUTSTK,NTPC,25-May-17,0,XX,165.15,165.25,160,160.75,160.75,186,1205.2,716000,412000,17-Apr-17
FUTSTK,NTPC,29-Jun-17,0,XX,0,0,0,165.85,161.4,0,0,0,0,17-Apr-17
FUTSTK,OFSS,27-Apr-17,0,XX,3593.45,3621.95,3567,3577.15,3577.15,247,1330.24,266400,750,17-Apr-17
FUTSTK,OFSS,25-May-17,0,XX,0,0,0,3600,3761.05,0,0,600,0,17-Apr-17
FUTSTK,OFSS,29-Jun-17,0,XX,0,0,0,3845.75,3784.55,0,0,0,0,17-Apr-17
FUTSTK,OIL,27-Apr-17,0,XX,336,336.2,333.05,333.55,333.55,95,719.11,1903440,-38522,17-Apr-17
FUTSTK,OIL,25-May-17,0,XX,0,0,0,336.25,334.85,0,0,24926,0,17-Apr-17
FUTSTK,OIL,29-Jun-17,0,XX,0,0,0,339,336.9,0,0,4532,0,17-Apr-17
FUTSTK,ONGC,27-Apr-17,0,XX,186.1,186.1,183.25,183.95,183.95,1826,12617.01,50902500,397500,17-Apr-17
FUTSTK,ONGC,25-May-17,0,XX,186.4,186.4,184.15,184.65,184.65,157,1088.76,1796250,386250,17-Apr-17
FUTSTK,ONGC,29-Jun-17,0,XX,186.7,186.7,185.05,185.6,185.6,6,41.77,56250,15000,17-Apr-17
FUTSTK,ORIENTBANK,27-Apr-17,0,XX,151.95,153.15,148.75,152.05,152.05,1315,11912.31,15570000,84000,17-Apr-17
FUTSTK,ORIENTBANK,25-May-17,0,XX,151.4,151.5,148.5,151.5,153.4,32,287.94,756000,90000,17-Apr-17
FUTSTK,ORIENTBANK,29-Jun-17,0,XX,148,150.25,147,149.65,149.65,4,35.69,174000,0,17-Apr-17
FUTSTK,PAGEIND,27-Apr-17,0,XX,14069.95,14315,13838.4,13895.1,13895.1,404,2842.39,36650,1350,17-Apr-17
FUTSTK,PAGEIND,25-May-17,0,XX,0,0,0,14226.95,13938.25,0,0,100,0,17-Apr-17
FUTSTK,PAGEIND,29-Jun-17,0,XX,0,0,0,14955.35,14025.4,0,0,0,0,17-Apr-17
FUTSTK,PCJEWELLER,27-Apr-17,0,XX,420,438.3,414.5,422.15,422.15,974,6220.03,1314000,64500,17-Apr-17
FUTSTK,PCJEWELLER,25-May-17,0,XX,432,432,427,427,422.75,2,12.88,27000,0,17-Apr-17
FUTSTK,PCJEWELLER,29-Jun-17,0,XX,0,0,0,432,425.4,0,0,1500,0,17-Apr-17
FUTSTK,PEL,27-Apr-17,0,XX,2256,2334.8,2206.2,2282.65,2282.65,2033,13836.32,314700,-300,17-Apr-17
FUTSTK,PEL,25-May-17,0,XX,2307,2324.6,2224,2292.25,2292.25,25,171.61,9300,1200,17-Apr-17
FUTSTK,PEL,29-Jun-17,0,XX,2248,2248,2248,2248,2302.85,1,6.74,3300,300,17-Apr-17
FUTSTK,PETRONET,27-Apr-17,0,XX,427.35,443.4,427.05,441.65,441.65,3895,25573.92,4675500,294000,17-Apr-17
FUTSTK,PETRONET,25-May-17,0,XX,430,445,430,443.95,443.95,75,494.85,121500,37500,17-Apr-17
FUTSTK,PETRONET,29-Jun-17,0,XX,0,0,0,436,445.65,0,0,1500,0,17-Apr-17
FUTSTK,PFC,27-Apr-17,0,XX,162.8,169.15,153.3,157.3,157.3,11415,110391.47,34620000,-1464000,17-Apr-17
FUTSTK,PFC,25-May-17,0,XX,165.4,169.65,154.3,157.75,157.75,412,3981.24,1584000,624000,17-Apr-17
FUTSTK,PFC,29-Jun-17,0,XX,170.5,170.5,170.5,170.5,159.1,1,10.23,18000,6000,17-Apr-17
FUTSTK,PIDILITIND,27-Apr-17,0,XX,717.3,717.3,711,712.35,712.35,291,2075,1859000,2000,17-Apr-17
FUTSTK,PIDILITIND,25-May-17,0,XX,0,0,0,718.05,717.1,0,0,13000,0,17-Apr-17
FUTSTK,PIDILITIND,29-Jun-17,0,XX,0,0,0,702.55,721.6,0,0,0,0,17-Apr-17
FUTSTK,PNB,27-Apr-17,0,XX,154.25,156.5,152.3,155.7,155.7,5844,63176.98,50162000,1323000,17-Apr-17
FUTSTK,PNB,25-May-17,0,XX,154.05,154.05,151.1,153.65,153.65,323,3448.12,3556000,791000,17-Apr-17
FUTSTK,PNB,29-Jun-17,0,XX,149.5,152.35,149.5,152.05,152.05,10,105.98,294000,42000,17-Apr-17
FUTSTK,POWERGRID,27-Apr-17,0,XX,200.3,203.2,199.2,202.35,202.35,2762,22285.13,32580000,-916000,17-Apr-17
FUTSTK,POWERGRID,25-May-17,0,XX,200.65,203.9,200.65,203.2,203.2,43,348.9,332000,64000,17-Apr-17
FUTSTK,POWERGRID,29-Jun-17,0,XX,0,0,0,198.75,204.95,0,0,0,0,17-Apr-17
FUTSTK,PTC,27-Apr-17,0,XX,98.45,100.4,97.1,97.8,97.8,1275,10064.07,13744000,96000,17-Apr-17
FUTSTK,PTC,25-May-17,0,XX,97.85,99.55,97.6,98.55,98.55,31,244.85,328000,136000,17-Apr-17
FUTSTK,PTC,29-Jun-17,0,XX,0,0,0,93.45,98.55,0,0,0,0,17-Apr-17
FUTSTK,PVR,27-Apr-17,0,XX,1595.2,1608,1572.05,1591.05,1591.05,1168,7430.51,279200,42000,17-Apr-17
FUTSTK,PVR,25-May-17,0,XX,1599.4,1613.75,1594.25,1598.3,1592.45,9,57.73,5200,2400,17-Apr-17
FUTSTK,PVR,29-Jun-17,0,XX,0,0,0,1440.85,1602.4,0,0,0,0,17-Apr-17
FUTSTK,RCOM,27-Apr-17,0,XX,35.55,35.85,33.85,34.05,34.05,3088,12823,103716000,6552000,17-Apr-17
FUTSTK,RCOM,25-May-17,0,XX,35.6,35.85,34,34.1,34.1,504,2099.13,10248000,3108000,17-Apr-17
FUTSTK,RCOM,29-Jun-17,0,XX,35.65,35.65,34.25,34.5,34.65,21,87.75,1668000,108000,17-Apr-17
FUTSTK,RDEL,27-Apr-17,0,XX,64.55,66.5,64.05,65.85,65.85,511,3016.03,10881000,387000,17-Apr-17
FUTSTK,RDEL,25-May-17,0,XX,64.95,66.25,64.35,66.2,66.2,10,59.08,315000,36000,17-Apr-17
FUTSTK,RDEL,29-Jun-17,0,XX,0,0,0,67.1,66.35,0,0,0,0,17-Apr-17
FUTSTK,RECLTD,27-Apr-17,0,XX,208.2,216.6,198.7,202.1,202.1,18110,224983.91,32226000,1176000,17-Apr-17
FUTSTK,RECLTD,25-May-17,0,XX,210,216.15,199,202.2,202.2,449,5569.33,1344000,450000,17-Apr-17
FUTSTK,RECLTD,29-Jun-17,0,XX,203.95,203.95,203.95,203.95,204.05,1,12.23,18000,6000,17-Apr-17
FUTSTK,RELCAPITAL,27-Apr-17,0,XX,608.65,623.15,605.35,620.15,620.15,8018,73907.22,14043000,81000,17-Apr-17
FUTSTK,RELCAPITAL,25-May-17,0,XX,611.25,625.25,610.35,623.85,623.85,392,3631.62,393000,121500,17-Apr-17
FUTSTK,RELCAPITAL,29-Jun-17,0,XX,617.9,627,617.9,624.85,625.2,5,46.79,22500,4500,17-Apr-17
FUTSTK,RELIANCE,27-Apr-17,0,XX,1369.25,1399,1369.25,1395.65,1395.65,14932,103453.17,17390000,-535000,17-Apr-17
FUTSTK,RELIANCE,25-May-17,0,XX,1369,1395.5,1368.7,1392.35,1392.35,625,4319.2,824000,103000,17-Apr-17
FUTSTK,RELIANCE,29-Jun-17,0,XX,1380.95,1399.95,1378,1399.5,1399.5,32,222.55,38500,-3500,17-Apr-17
FUTSTK,RELINFRA,27-Apr-17,0,XX,559.95,571.7,558.2,569.75,569.75,7176,52755.41,11501100,-22100,17-Apr-17
FUTSTK,RELINFRA,25-May-17,0,XX,564.2,573.15,561.35,572.3,572.3,144,1061.14,261300,18200,17-Apr-17
FUTSTK,RELINFRA,29-Jun-17,0,XX,0,0,0,573.3,574.95,0,0,0,0,17-Apr-17
FUTSTK,RPOWER,27-Apr-17,0,XX,48.2,48.55,47.05,47.95,47.95,1158,6661.24,59100000,-696000,17-Apr-17
FUTSTK,RPOWER,25-May-17,0,XX,48,48.7,47.45,48.25,48.25,130,750.9,4260000,588000,17-Apr-17
FUTSTK,RPOWER,29-Jun-17,0,XX,48.2,48.2,48.2,48.2,48.5,1,5.78,60000,12000,17-Apr-17
FUTSTK,SAIL,27-Apr-17,0,XX,61.85,62.9,61.25,61.45,61.45,2804,20847.63,60024000,-264000,17-Apr-17
FUTSTK,SAIL,25-May-17,0,XX,61.9,63,61.45,61.65,61.65,245,1822,5892000,1596000,17-Apr-17
FUTSTK,SAIL,29-Jun-17,0,XX,0,0,0,62.65,62.05,0,0,48000,0,17-Apr-17
FUTSTK,SBIN,27-Apr-17,0,XX,291.5,293.6,289.65,291.1,291.1,8205,71622.47,80649000,1017000,17-Apr-17
FUTSTK,SBIN,25-May-17,0,XX,293.7,293.85,290.5,291.95,291.95,455,3983.75,2535000,645000,17-Apr-17
FUTSTK,SBIN,29-Jun-17,0,XX,291.15,291.9,290,291.15,291.15,24,209.26,363000,42000,17-Apr-17
FUTSTK,SHREECEM,27-Apr-17,0,XX,17736.1,17790.05,17628.05,17653.75,17653.75,62,548.53,23350,-250,17-Apr-17
FUTSTK,SHREECEM,25-May-17,0,XX,17700,17750,17700,17750,17750,2,17.72,150,0,17-Apr-17
FUTSTK,SHREECEM,29-Jun-17,0,XX,0,0,0,17537.45,17880.7,0,0,0,0,17-Apr-17
FUTSTK,SIEMENS,27-Apr-17,0,XX,1300.3,1304.6,1292.6,1300.15,1300.15,355,2304.11,1004500,-11500,17-Apr-17
FUTSTK,SIEMENS,25-May-17,0,XX,1305,1305,1298.6,1304.45,1301.3,10,65.19,9000,2000,17-Apr-17
FUTSTK,SIEMENS,29-Jun-17,0,XX,0,0,0,1272.2,1309.45,0,0,0,0,17-Apr-17
FUTSTK,SINTEX,27-Apr-17,0,XX,113,113.8,111.25,112.9,112.9,1590,12784.61,34492125,-1061625,17-Apr-17
FUTSTK,SINTEX,25-May-17,0,XX,112.9,113.8,111.65,113.4,113.4,60,483.68,1104375,163875,17-Apr-17
FUTSTK,SINTEX,29-Jun-17,0,XX,111.6,113.85,111.6,113.85,114.35,2,16.06,92625,14250,17-Apr-17
FUTSTK,SOUTHBANK,27-Apr-17,0,XX,22.65,22.7,22.3,22.6,22.6,522,3894.66,84874101,-629679,17-Apr-17
FUTSTK,SOUTHBANK,25-May-17,0,XX,22.7,22.8,22.55,22.8,22.8,22,165.39,2850126,463974,17-Apr-17
FUTSTK,SOUTHBANK,29-Jun-17,0,XX,0,0,0,22.25,22.8,0,0,33141,0,17-Apr-17
FUTSTK,SRF,27-Apr-17,0,XX,1707.45,1717.7,1696,1707,1707,1394,11893.76,909000,-44000,17-Apr-17
FUTSTK,SRF,25-May-17,0,XX,1707,1715.75,1707,1715.2,1715.2,12,102.73,7000,1000,17-Apr-17
FUTSTK,SRF,29-Jun-17,0,XX,0,0,0,1631,1726.8,0,0,0,0,17-Apr-17
FUTSTK,SRTRANSFIN,27-Apr-17,0,XX,1055.25,1088,1043.25,1083.85,1083.85,1546,9902.49,2035200,34800,17-Apr-17
FUTSTK,SRTRANSFIN,25-May-17,0,XX,1063.1,1085.5,1059.85,1088.85,1088.85,13,83.44,20400,600,17-Apr-17
FUTSTK,SRTRANSFIN,29-Jun-17,0,XX,0,0,0,1070.35,1092.6,0,0,0,0,17-Apr-17
FUTSTK,STAR,27-Apr-17,0,XX,1114.95,1123.3,1096.1,1111.6,1111.6,697,3872.33,2200000,-5500,17-Apr-17
FUTSTK,STAR,25-May-17,0,XX,1102,1125.5,1102,1117.05,1117.05,33,184.06,20000,4500,17-Apr-17
FUTSTK,STAR,29-Jun-17,0,XX,0,0,0,1122.35,1120.6,0,0,0,0,17-Apr-17
FUTSTK,SUNPHARMA,27-Apr-17,0,XX,684.9,690,666.15,677.25,677.25,6007,28491.79,26972400,-134400,17-Apr-17
FUTSTK,SUNPHARMA,25-May-17,0,XX,685.75,685.75,675,680.25,680.25,314,1496.57,490000,128800,17-Apr-17
FUTSTK,SUNPHARMA,29-Jun-17,0,XX,685.8,685.8,681.05,682.9,682.9,9,43.03,15400,700,17-Apr-17
FUTSTK,SUNTV,27-Apr-17,0,XX,784,793.9,782,790.45,790.45,1607,25295.54,6376000,78000,17-Apr-17
FUTSTK,SUNTV,25-May-17,0,XX,785,794,784.95,789.3,789.3,21,331.08,142000,12000,17-Apr-17
FUTSTK,SUNTV,29-Jun-17,0,XX,0,0,0,801.5,799.55,0,0,0,0,17-Apr-17
FUTSTK,SUZLON,27-Apr-17,0,XX,19.85,20,19.6,19.9,19.9,1178,6999.4,222780000,-360000,17-Apr-17
FUTSTK,SUZLON,25-May-17,0,XX,19.8,20,19.7,19.95,19.95,272,1615.41,25920000,2310000,17-Apr-17
FUTSTK,SUZLON,29-Jun-17,0,XX,19.85,20.05,19.75,20.05,20.05,13,77.62,2400000,240000,17-Apr-17
FUTSTK,SYNDIBANK,27-Apr-17,0,XX,73,73.55,72.1,72.3,72.3,494,3226.71,15093000,333000,17-Apr-17
FUTSTK,SYNDIBANK,25-May-17,0,XX,73.4,73.4,72.35,72.9,72.9,6,39.4,549000,18000,17-Apr-17
FUTSTK,SYNDIBANK,29-Jun-17,0,XX,0,0,0,73.3,72.95,0,0,36000,0,17-Apr-17
FUTSTK,TATACHEM,27-Apr-17,0,XX,618,633.6,612.6,631.65,631.65,1808,16989.72,3495000,-67500,17-Apr-17
FUTSTK,TATACHEM,25-May-17,0,XX,632,637,630.75,634.25,634.25,19,180.62,46500,7500,17-Apr-17
FUTSTK,TATACHEM,29-Jun-17,0,XX,0,0,0,604.55,637.8,0,0,0,0,17-Apr-17
FUTSTK,TATACOMM,27-Apr-17,0,XX,716.65,718.35,706.3,711.95,711.95,1003,9989.94,7711200,144200,17-Apr-17
FUTSTK,TATACOMM,25-May-17,0,XX,713.8,718.7,711.45,717.45,717.45,11,110.16,26600,2800,17-Apr-17
FUTSTK,TATACOMM,29-Jun-17,0,XX,0,0,0,725.8,717.1,0,0,0,0,17-Apr-17
FUTSTK,TATAELXSI,27-Apr-17,0,XX,1550.05,1552,1530,1538.85,1538.85,599,3690.57,1205600,-3600,17-Apr-17
FUTSTK,TATAELXSI,25-May-17,0,XX,1554,1554,1539.05,1545.3,1545.3,12,74.2,23200,2000,17-Apr-17
FUTSTK,TATAELXSI,29-Jun-17,0,XX,0,0,0,1499.35,1553.05,0,0,0,0,17-Apr-17
FUTSTK,TATAGLOBAL,27-Apr-17,0,XX,151.2,151.3,148.7,150.15,150.15,997,6725.42,31027500,-22500,17-Apr-17
FUTSTK,TATAGLOBAL,25-May-17,0,XX,150.8,151,149.65,150.35,150.35,33,223.21,364500,54000,17-Apr-17
FUTSTK,TATAGLOBAL,29-Jun-17,0,XX,0,0,0,152.35,151.45,0,0,18000,0,17-Apr-17
FUTSTK,TATAMOTORS,27-Apr-17,0,XX,451.4,456.3,448.15,450.65,450.65,7917,53677.56,42375000,-211500,17-Apr-17
FUTSTK,TATAMOTORS,25-May-17,0,XX,454.55,457.95,450.55,452.25,452.25,473,3218.46,1402500,232500,17-Apr-17
FUTSTK,TATAMOTORS,29-Jun-17,0,XX,454.7,457.25,453.1,453.3,453.3,10,68.26,73500,9000,17-Apr-17
FUTSTK,TATAMTRDVR,27-Apr-17,0,XX,277.75,279.55,275.5,277.3,277.3,1301,7576.02,19769400,268800,17-Apr-17
FUTSTK,TATAMTRDVR,25-May-17,0,XX,277.7,280.85,277.65,278.2,278.2,58,339.32,594300,73500,17-Apr-17
FUTSTK,TATAMTRDVR,29-Jun-17,0,XX,278.95,278.95,278.95,278.95,279.75,1,5.85,4200,2100,17-Apr-17
FUTSTK,TATAPOWER,27-Apr-17,0,XX,84.6,84.6,83.7,84.2,84.2,708,5360.54,34632000,-990000,17-Apr-17
FUTSTK,TATAPOWER,25-May-17,0,XX,84.85,84.95,84.3,84.7,84.7,22,167.43,873000,72000,17-Apr-17
FUTSTK,TATAPOWER,29-Jun-17,0,XX,0,0,0,91.45,85.15,0,0,0,0,17-Apr-17
FUTSTK,TATASTEEL,27-Apr-17,0,XX,462.95,469.4,460.6,464.5,464.5,9562,88997.17,29706000,-352000,17-Apr-17
FUTSTK,TATASTEEL,25-May-17,0,XX,464.35,471.05,463.35,466.5,466.5,314,2935.65,874000,172000,17-Apr-17
FUTSTK,TATASTEEL,29-Jun-17,0,XX,469,472.7,467.75,467.75,468.45,14,131.7,44000,2000,17-Apr-17
FUTSTK,TCS,27-Apr-17,0,XX,2325.45,2331.95,2300.05,2324.25,2324.25,5285,30577.1,6285250,-94000,17-Apr-17
FUTSTK,TCS,25-May-17,0,XX,2323.75,2336.5,2307.05,2330.9,2330.9,234,1358.07,116500,14750,17-Apr-17
FUTSTK,TCS,29-Jun-17,0,XX,2305,2328,2305,2328,2328,3,17.34,4250,750,17-Apr-17
FUTSTK,TECHM,27-Apr-17,0,XX,428.15,429.65,421.85,423.7,423.7,2704,12648.44,13505800,196900,17-Apr-17
FUTSTK,TECHM,25-May-17,0,XX,431.45,431.45,424,425.75,425.75,124,582.75,273900,52800,17-Apr-17
FUTSTK,TECHM,29-Jun-17,0,XX,431,431,428,428,427.5,3,14.17,8800,3300,17-Apr-17
FUTSTK,TITAN,27-Apr-17,0,XX,485.75,497.75,479.05,483.8,483.8,3355,24539.85,6321000,283500,17-Apr-17
FUTSTK,TITAN,25-May-17,0,XX,487,498.9,480.1,484.5,484.5,108,790.85,88500,46500,17-Apr-17
FUTSTK,TITAN,29-Jun-17,0,XX,0,0,0,491,487.55,0,0,1500,0,17-Apr-17
FUTSTK,TORNTPHARM,27-Apr-17,0,XX,1436.5,1476.15,1422,1469.05,1469.05,295,1716.09,230400,-19600,17-Apr-17
FUTSTK,TORNTPHARM,25-May-17,0,XX,1470,1470,1456.05,1456.05,1473.85,14,81.97,8400,4800,17-Apr-17
FUTSTK,TORNTPHARM,29-Jun-17,0,XX,0,0,0,1522.25,1483.05,0,0,0,0,17-Apr-17
FUTSTK,TORNTPOWER,27-Apr-17,0,XX,216.85,220.7,213.25,213.85,213.85,627,4083.6,4737000,6000,17-Apr-17
FUTSTK,TORNTPOWER,25-May-17,0,XX,219.7,220.4,213.7,216.05,214.25,8,52.03,24000,6000,17-Apr-17
FUTSTK,TORNTPOWER,29-Jun-17,0,XX,0,0,0,240.5,215.6,0,0,0,0,17-Apr-17
FUTSTK,TV18BRDCST,27-Apr-17,0,XX,43.5,43.8,42.7,43.45,43.45,457,3372.67,95727000,-255000,17-Apr-17
FUTSTK,TV18BRDCST,25-May-17,0,XX,43.65,43.8,42.95,43.7,43.7,43,318.2,1139000,408000,17-Apr-17
FUTSTK,TV18BRDCST,29-Jun-17,0,XX,0,0,0,43.75,43.9,0,0,102000,0,17-Apr-17
FUTSTK,TVSMOTOR,27-Apr-17,0,XX,468.95,472.3,463.25,470.05,470.05,872,8156.27,6090000,68000,17-Apr-17
FUTSTK,TVSMOTOR,25-May-17,0,XX,462,468.25,460,465.95,465.95,48,445.54,334000,32000,17-Apr-17
FUTSTK,TVSMOTOR,29-Jun-17,0,XX,0,0,0,457.5,479.05,0,0,2000,0,17-Apr-17
FUTSTK,UBL,27-Apr-17,0,XX,765,781.1,750.9,754.45,754.45,159,840.26,975800,10500,17-Apr-17
FUTSTK,UBL,25-May-17,0,XX,755,755.5,754.95,755.5,756.15,6,31.71,10500,2800,17-Apr-17
FUTSTK,UBL,29-Jun-17,0,XX,0,0,0,792.25,760.9,0,0,0,0,17-Apr-17
FUTSTK,UJJIVAN,27-Apr-17,0,XX,395.05,395.05,385.2,389,389,159,744.09,6754800,-26400,17-Apr-17
FUTSTK,UJJIVAN,25-May-17,0,XX,388.1,391,386.05,386.05,400.45,5,23.28,620400,1200,17-Apr-17
FUTSTK,UJJIVAN,29-Jun-17,0,XX,0,0,0,405,402.95,0,0,1200,0,17-Apr-17
FUTSTK,ULTRACEMCO,27-Apr-17,0,XX,4052,4066.95,4011,4018.1,4018.1,991,7981.45,2257600,1000,17-Apr-17
FUTSTK,ULTRACEMCO,25-May-17,0,XX,4050,4050,4021.65,4022.4,4022.4,9,72.63,8000,1200,17-Apr-17
FUTSTK,ULTRACEMCO,29-Jun-17,0,XX,0,0,0,4055.35,4052.2,0,0,0,0,17-Apr-17
FUTSTK,UNIONBANK,27-Apr-17,0,XX,155.45,156.25,152.7,154.1,154.1,2063,12716.46,20396000,216000,17-Apr-17
FUTSTK,UNIONBANK,25-May-17,0,XX,154.7,154.7,152.25,153.65,153.65,159,974.89,1552000,300000,17-Apr-17
FUTSTK,UNIONBANK,29-Jun-17,0,XX,152.1,152.7,151.95,152.4,155.95,4,24.36,192000,0,17-Apr-17
FUTSTK,UPL,27-Apr-17,0,XX,727.75,739.9,723,738.6,738.6,1536,13511.89,7231200,86400,17-Apr-17
FUTSTK,UPL,25-May-17,0,XX,730,743,730,743,743,12,106.47,63600,8400,17-Apr-17
FUTSTK,UPL,29-Jun-17,0,XX,727.8,740.55,727.8,738,745.4,3,26.47,16800,1200,17-Apr-17
FUTSTK,VEDL,27-Apr-17,0,XX,243.95,243.95,235.7,237,237,11474,96088.67,42059500,1361500,17-Apr-17
FUTSTK,VEDL,25-May-17,0,XX,240.1,240.1,233.1,234.2,234.2,849,7018.02,6289500,756000,17-Apr-17
FUTSTK,VEDL,29-Jun-17,0,XX,237.35,237.95,234.3,234.3,238.9,4,33.1,56000,10500,17-Apr-17
FUTSTK,VOLTAS,27-Apr-17,0,XX,406.5,410.5,403.2,409.35,409.35,1377,11217.12,8238000,-124000,17-Apr-17
FUTSTK,VOLTAS,25-May-17,0,XX,407,411,404.3,410.4,410.4,44,359.16,216000,20000,17-Apr-17
FUTSTK,VOLTAS,29-Jun-17,0,XX,0,0,0,420.3,412.8,0,0,0,0,17-Apr-17
FUTSTK,WIPRO,27-Apr-17,0,XX,492.15,494.4,490.5,492.55,492.55,1073,6344.69,9542400,-78000,17-Apr-17
FUTSTK,WIPRO,25-May-17,0,XX,495,495.2,491.65,493.7,493.7,33,195.49,121200,6000,17-Apr-17
FUTSTK,WIPRO,29-Jun-17,0,XX,0,0,0,524.6,498.75,0,0,0,0,17-Apr-17
FUTSTK,WOCKPHARMA,27-Apr-17,0,XX,763.95,767.8,751.3,754.95,754.95,1174,5351.73,3450000,-7800,17-Apr-17
FUTSTK,WOCKPHARMA,25-May-17,0,XX,768.15,768.15,756.6,759.95,759.95,51,233.97,77400,18000,17-Apr-17
FUTSTK,WOCKPHARMA,29-Jun-17,0,XX,0,0,0,770,762,0,0,600,0,17-Apr-17
FUTSTK,YESBANK,27-Apr-17,0,XX,1625.8,1628,1608.55,1617.8,1617.8,4805,54384.97,8474200,-32200,17-Apr-17
FUTSTK,YESBANK,25-May-17,0,XX,1625,1625,1606.2,1615.2,1615.2,148,1671.5,261800,46200,17-Apr-17
FUTSTK,YESBANK,29-Jun-17,0,XX,1610,1615,1608.5,1612.95,1631.7,8,90.3,14700,700,17-Apr-17
FUTSTK,ZEEL,27-Apr-17,0,XX,519.95,528.9,519.95,523.8,523.8,1536,10474.67,8108100,94900,17-Apr-17
FUTSTK,ZEEL,25-May-17,0,XX,524.95,530.45,524.95,526.1,526.1,16,109.57,74100,5200,17-Apr-17
FUTSTK,ZEEL,29-Jun-17,0,XX,0,0,0,530,528.05,0,0,1300,0,17-Apr-17
OPTIDX,BANKNIFTY,20-Apr-17,18600,CE,2359.7,3866.5,2359.7,3866.5,3866.5,2,17.37,0,0,17-Apr-17
OPTIDX,BANKNIFTY,20-Apr-17,18700,CE,0,0,0,1822.75,2957.4,0,0,0,0,17-Apr-17
OPTIDX,BANKNIFTY,20-Apr-17,18800,CE,0,0,0,1735.35,2857.45,0,0,0,0,17-Apr-17
OPTIDX,BANKNIFTY,20-Apr-17,18900,CE,0,0,0,1649.45,2757.5,0,0,0,0,17-Apr-17
OPTIDX,BANKNIFTY,20-Apr-17,19000,CE,2566,2651.45,2566,2651.45,2651.45,3,25.92,0,0,17-Apr-17
OPTIDX,BANKNIFTY,20-Apr-17,19100,CE,0,0,0,1482.6,2557.6,0,0,0,0,17-Apr-17
OPTIDX,BANKNIFTY,20-Apr-17,19200,CE,0,0,0,1401.9,2457.65,0,0,0,0,17-Apr-17
OPTIDX,BANKNIFTY,20-Apr-17,19300,CE,0,0,0,1323.15,2357.7,0,0,0,0,17-Apr-17
OPTIDX,BANKNIFTY,20-Apr-17,19400,CE,0,0,0,1246.5,2257.75,0,0,0,0,17-Apr-17
OPTIDX,BANKNIFTY,20-Apr-17,19500,CE,0,0,0,1172.8,2157.8,0,0,0,0,17-Apr-17
OPTIDX,BANKNIFTY,20-Apr-17,19600,CE,0,0,0,1099.65,2057.85,0,0,0,0,17-Apr-17
OPTIDX,BANKNIFTY,20-Apr-17,19700,CE,0,0,0,1029.9,1957.9,0,0,0,0,17-Apr-17
OPTIDX,BANKNIFTY,20-Apr-17,19800,CE,0,0,0,962.6,1857.95,0,0,0,0,17-Apr-17
OPTIDX,BANKNIFTY,20-Apr-17,19900,CE,0,0,0,897.85,1758,0,0,0,0,17-Apr-17
OPTIDX,BANKNIFTY,20-Apr-17,20000,CE,1632.15,1632.15,1632.15,1632.15,1632.15,1,8.65,40,40,17-Apr-17
OPTIDX,BANKNIFTY,20-Apr-17,20100,CE,0,0,0,776.15,1558.1,0,0,0,0,17-Apr-17
OPTIDX,BANKNIFTY,20-Apr-17,20200,CE,0,0,0,719.35,1458.2,0,0,0,0,17-Apr-17
OPTIDX,BANKNIFTY,20-Apr-17,20300,CE,0,0,0,665.2,1358.25,0,0,0,0,17-Apr-17
OPTIDX,BANKNIFTY,20-Apr-17,20400,CE,0,0,0,613.8,1258.3,0,0,0,0,17-Apr-17
OPTIDX,BANKNIFTY,20-Apr-17,20500,CE,1184.75,1184.75,1168.2,1168.2,1168.2,2,17.34,80,0,17-Apr-17
OPTIDX,BANKNIFTY,20-Apr-17,20600,CE,0,0,0,518.95,1058.4,0,0,0,0,17-Apr-17
OPTIDX,BANKNIFTY,20-Apr-17,20700,CE,0,0,0,475.6,958.45,0,0,0,0,17-Apr-17
OPTIDX,BANKNIFTY,20-Apr-17,20800,CE,897.6,897.6,844.1,844.1,844.1,2,17.33,40,0,17-Apr-17
OPTIDX,BANKNIFTY,20-Apr-17,20900,CE,0,0,0,396.65,758.65,0,0,0,0,17-Apr-17
OPTIDX,BANKNIFTY,20-Apr-17,21000,CE,689.15,689.2,626.8,668.3,668.3,17,147.27,600,400,17-Apr-17
OPTIDX,BANKNIFTY,20-Apr-17,21100,CE,596.8,616.3,530.65,560.35,560.35,19,164.82,440,320,17-Apr-17
OPTIDX,BANKNIFTY,20-Apr-17,21200,CE,498.3,498.3,427.55,471.2,471.2,35,303.15,560,520,17-Apr-17
OPTIDX,BANKNIFTY,20-Apr-17,21300,CE,402.5,412.7,318,376.25,376.25,92,797.45,1960,1840,17-Apr-17
OPTIDX,BANKNIFTY,20-Apr-17,21400,CE,314.75,334.3,234.25,286.1,286.1,1028,8912.24,12840,2200,17-Apr-17
OPTIDX,BANKNIFTY,20-Apr-17,21500,CE,216.9,256,170,208.35,208.35,8150,70740.78,63480,6120,17-Apr-17
OPTIDX,BANKNIFTY,20-Apr-17,21600,CE,159.15,185,114,139.9,139.9,41578,361479.23,101080,59640,17-Apr-17
OPTIDX,BANKNIFTY,20-Apr-17,21700,CE,121.9,123.35,69.05,86.35,86.35,112613,981332.02,326600,175760,17-Apr-17
OPTIDX,BANKNIFTY,20-Apr-17,21800,CE,55.5,76.6,38.85,48.6,48.6,119083,1040768.05,380480,154880,17-Apr-17
OPTIDX,BANKNIFTY,20-Apr-17,21900,CE,33.55,42.8,19.6,24.45,24.45,86939,762488.77,325880,145920,17-Apr-17
OPTIDX,BANKNIFTY,20-Apr-17,22000,CE,17.25,21.35,9,11.45,11.45,94770,834445.99,549600,248680,17-Apr-17
OPTIDX,BANKNIFTY,20-Apr-17,22100,CE,7.25,9.25,3.65,4.75,4.75,51076,451621.21,260240,114400,17-Apr-17
OPTIDX,BANKNIFTY,20-Apr-17,22200,CE,4.75,4.75,1.45,2.35,2.35,27197,241536.61,241400,113760,17-Apr-17
OPTIDX,BANKNIFTY,20-Apr-17,22300,CE,2.95,3.65,0.8,1.35,1.35,10232,91275.25,44280,9680,17-Apr-17
OPTIDX,BANKNIFTY,20-Apr-17,22400,CE,1.5,1.9,0.55,0.85,0.85,4874,43672.66,21200,-23560,17-Apr-17
OPTIDX,BANKNIFTY,20-Apr-17,22500,CE,0.75,1.1,0.5,0.7,0.7,2590,23310.73,79440,-3480,17-Apr-17
OPTIDX,BANKNIFTY,20-Apr-17,22600,CE,0.55,0.9,0.3,0.35,0.35,15656,141532.65,2720,0,17-Apr-17
OPTIDX,BANKNIFTY,20-Apr-17,22700,CE,0.35,0.4,0.35,0.35,0.35,2250,20430.31,0,0,17-Apr-17
OPTIDX,BANKNIFTY,20-Apr-17,22800,CE,0,0,0,44.35,0,0,0,0,0,17-Apr-17
OPTIDX,BANKNIFTY,20-Apr-17,22900,CE,0,0,0,12.9,0,0,0,0,0,17-Apr-17
OPTIDX,BANKNIFTY,20-Apr-17,23000,CE,1.95,1.95,1.95,1.95,1.95,1,9.2,40,40,17-Apr-17
OPTIDX,BANKNIFTY,20-Apr-17,23100,CE,0,0,0,14.85,0,0,0,0,0,17-Apr-17
OPTIDX,BANKNIFTY,20-Apr-17,23200,CE,0,0,0,11.1,0,0,0,0,0,17-Apr-17
OPTIDX,BANKNIFTY,20-Apr-17,23300,CE,0,0,0,2.35,0,0,0,0,0,17-Apr-17
OPTIDX,BANKNIFTY,20-Apr-17,18600,PE,0,0,0,57.15,0,0,0,0,0,17-Apr-17
OPTIDX,BANKNIFTY,20-Apr-17,18700,PE,0,0,0,67.25,0,0,0,0,0,17-Apr-17
OPTIDX,BANKNIFTY,20-Apr-17,18800,PE,0,0,0,78.7,0,0,0,0,0,17-Apr-17
OPTIDX,BANKNIFTY,20-Apr-17,18900,PE,0,0,0,91.65,0,0,0,0,0,17-Apr-17
OPTIDX,BANKNIFTY,20-Apr-17,19000,PE,0.15,1.55,0.15,1.55,1.55,4,30.4,0,0,17-Apr-17
OPTIDX,BANKNIFTY,20-Apr-17,19100,PE,0,0,0,122.55,0,0,0,0,0,17-Apr-17
OPTIDX,BANKNIFTY,20-Apr-17,19200,PE,0,0,0,140.7,0,0,0,0,0,17-Apr-17
OPTIDX,BANKNIFTY,20-Apr-17,19300,PE,0,0,0,160.85,0,0,0,0,0,17-Apr-17
OPTIDX,BANKNIFTY,20-Apr-17,19400,PE,0,0,0,183.05,0,0,0,0,0,17-Apr-17
OPTIDX,BANKNIFTY,20-Apr-17,19500,PE,0,0,0,208.2,0,0,0,0,0,17-Apr-17
OPTIDX,BANKNIFTY,20-Apr-17,19600,PE,0,0,0,233.95,0,0,0,0,0,17-Apr-17
OPTIDX,BANKNIFTY,20-Apr-17,19700,PE,0,0,0,263.05,0,0,0,0,0,17-Apr-17
OPTIDX,BANKNIFTY,20-Apr-17,19800,PE,0,0,0,294.6,0,0,0,0,0,17-Apr-17
OPTIDX,BANKNIFTY,20-Apr-17,19900,PE,0,0,0,328.75,0,0,0,0,0,17-Apr-17
OPTIDX,BANKNIFTY,20-Apr-17,20000,PE,0.5,0.95,0.5,0.6,0.6,7123,56986.22,47680,-9360,17-Apr-17
OPTIDX,BANKNIFTY,20-Apr-17,20100,PE,0,0,0,404.8,0,0,0,0,0,17-Apr-17
OPTIDX,BANKNIFTY,20-Apr-17,20200,PE,1.95,1.95,0.95,1,1,644,5203.85,29840,5320,17-Apr-17
OPTIDX,BANKNIFTY,20-Apr-17,20300,PE,2,2,0.7,1.5,1.5,3,24.36,40,0,17-Apr-17
OPTIDX,BANKNIFTY,20-Apr-17,20400,PE,1.9,2.35,1,1.6,1.6,32,261.14,920,920,17-Apr-17
OPTIDX,BANKNIFTY,20-Apr-17,20500,PE,0.75,4.1,0.75,2.05,2.05,3895,31942.5,82800,-24120,17-Apr-17
OPTIDX,BANKNIFTY,20-Apr-17,20600,PE,1.95,3,1.8,2.75,2.75,920,7581.7,19160,4920,17-Apr-17
OPTIDX,BANKNIFTY,20-Apr-17,20700,PE,5,5,1.25,2.75,2.75,2413,19982.33,38160,23600,17-Apr-17
OPTIDX,BANKNIFTY,20-Apr-17,20800,PE,2.35,4.3,2.1,2.9,2.9,6224,51791.76,109040,42360,17-Apr-17
OPTIDX,BANKNIFTY,20-Apr-17,20900,PE,6,6.55,2,3.75,3.75,11111,92908.27,111960,52120,17-Apr-17
OPTIDX,BANKNIFTY,20-Apr-17,21000,PE,5.9,10.1,3.65,4.85,4.85,29654,249170.11,323680,41840,17-Apr-17
OPTIDX,BANKNIFTY,20-Apr-17,21100,PE,8.1,15.35,5.55,6.8,6.8,23851,201394.09,139400,41160,17-Apr-17
OPTIDX,BANKNIFTY,20-Apr-17,21200,PE,13.05,24.6,9,10.4,10.4,41782,354560.71,312200,137480,17-Apr-17
OPTIDX,BANKNIFTY,20-Apr-17,21300,PE,24.25,37.7,14.75,17.1,17.1,54507,464915.92,162440,59480,17-Apr-17
OPTIDX,BANKNIFTY,20-Apr-17,21400,PE,31.65,58.35,25.35,28.5,28.5,67639,580011.8,204560,83680,17-Apr-17
OPTIDX,BANKNIFTY,20-Apr-17,21500,PE,56.45,87.75,41.5,46.75,46.75,102770,886296.31,396000,136080,17-Apr-17
OPTIDX,BANKNIFTY,20-Apr-17,21600,PE,72.95,128,65.6,74.9,74.9,95181,825852.65,297280,151600,17-Apr-17
OPTIDX,BANKNIFTY,20-Apr-17,21700,PE,118.25,180.8,100.95,115.9,115.9,50738,443119.87,165560,23000,17-Apr-17
OPTIDX,BANKNIFTY,20-Apr-17,21800,PE,182.25,247.5,150.5,172.95,172.95,10971,96505.52,54240,20320,17-Apr-17
OPTIDX,BANKNIFTY,20-Apr-17,21900,PE,230.05,315.35,214.2,244.3,244.3,1375,12188.82,30440,-200,17-Apr-17
OPTIDX,BANKNIFTY,20-Apr-17,22000,PE,350,405.55,285.3,327.8,327.8,568,5077.1,16160,-40,17-Apr-17
OPTIDX,BANKNIFTY,20-Apr-17,22100,PE,0,0,0,1484.2,446.1,0,0,0,0,17-Apr-17
OPTIDX,BANKNIFTY,20-Apr-17,22200,PE,0,0,0,1565.2,542.8,0,0,0,0,17-Apr-17
OPTIDX,BANKNIFTY,20-Apr-17,22300,PE,0,0,0,1538.55,641.45,0,0,0,0,17-Apr-17
OPTIDX,BANKNIFTY,20-Apr-17,22400,PE,0,0,0,1470.95,740.95,0,0,0,0,17-Apr-17
OPTIDX,BANKNIFTY,20-Apr-17,22500,PE,830,830,830,830,830,1,9.33,0,-40,17-Apr-17
OPTIDX,BANKNIFTY,20-Apr-17,22600,PE,0,0,0,1415.55,940.6,0,0,0,0,17-Apr-17
OPTIDX,BANKNIFTY,20-Apr-17,22700,PE,0,0,0,1504.4,1040.55,0,0,0,0,17-Apr-17
OPTIDX,BANKNIFTY,20-Apr-17,22800,PE,0,0,0,1540.5,1140.5,0,0,0,0,17-Apr-17
OPTIDX,BANKNIFTY,20-Apr-17,22900,PE,0,0,0,1432.35,1240.45,0,0,0,0,17-Apr-17
OPTIDX,BANKNIFTY,20-Apr-17,23000,PE,0,0,0,1528.6,1340.4,0,0,0,0,17-Apr-17
OPTIDX,BANKNIFTY,20-Apr-17,23100,PE,0,0,0,1408.15,1440.35,0,0,0,0,17-Apr-17
OPTIDX,BANKNIFTY,20-Apr-17,23200,PE,0,0,0,1504.05,1540.3,0,0,0,0,17-Apr-17
OPTIDX,BANKNIFTY,20-Apr-17,23300,PE,0,0,0,1588.15,1640.25,0,0,0,0,17-Apr-17
OPTIDX,BANKNIFTY,27-Apr-17,17900,CE,0,0,0,3732.65,3778.8,0,0,1240,0,17-Apr-17
OPTIDX,BANKNIFTY,27-Apr-17,18000,CE,3610.3,3649.7,3590,3640.85,3640.85,7,60.53,53400,-120,17-Apr-17
OPTIDX,BANKNIFTY,27-Apr-17,18100,CE,0,0,0,2550,3579.15,0,0,0,0,17-Apr-17
OPTIDX,BANKNIFTY,27-Apr-17,18200,CE,0,0,0,3267,3479.3,0,0,280,0,17-Apr-17
OPTIDX,BANKNIFTY,27-Apr-17,18300,CE,0,0,0,1727.5,3379.5,0,0,0,0,17-Apr-17
OPTIDX,BANKNIFTY,27-Apr-17,18400,CE,0,0,0,1654.35,3279.65,0,0,0,0,17-Apr-17
OPTIDX,BANKNIFTY,27-Apr-17,18500,CE,0,0,0,3201.85,3179.85,0,0,27080,0,17-Apr-17
OPTIDX,BANKNIFTY,27-Apr-17,18600,CE,0,0,0,2918.35,3080,0,0,2720,0,17-Apr-17
OPTIDX,BANKNIFTY,27-Apr-17,18700,CE,0,0,0,2788.3,2980.2,0,0,3000,0,17-Apr-17
OPTIDX,BANKNIFTY,27-Apr-17,18800,CE,0,0,0,2907.6,2880.35,0,0,1240,0,17-Apr-17
OPTIDX,BANKNIFTY,27-Apr-17,18900,CE,0,0,0,1309.75,2780.5,0,0,0,0,17-Apr-17
OPTIDX,BANKNIFTY,27-Apr-17,19000,CE,2633,2680,2626,2674.75,2674.75,8,69.29,57840,-320,17-Apr-17
OPTIDX,BANKNIFTY,27-Apr-17,19100,CE,0,0,0,1185.05,2580.85,0,0,0,0,17-Apr-17
OPTIDX,BANKNIFTY,27-Apr-17,19200,CE,2511,2511,2511,2511,2511,1,8.68,1160,0,17-Apr-17
OPTIDX,BANKNIFTY,27-Apr-17,19300,CE,2350,2350,2350,2350,2350,2,17.32,1040,-80,17-Apr-17
OPTIDX,BANKNIFTY,27-Apr-17,19400,CE,0,0,0,2162.55,2281.4,0,0,1080,0,17-Apr-17
OPTIDX,BANKNIFTY,27-Apr-17,19500,CE,2134.6,2180,2100,2140,2140,8,69.23,103280,-200,17-Apr-17
OPTIDX,BANKNIFTY,27-Apr-17,19600,CE,0,0,0,1964,2081.75,0,0,1400,0,17-Apr-17
OPTIDX,BANKNIFTY,27-Apr-17,19700,CE,0,0,0,1779.9,1981.9,0,0,1880,0,17-Apr-17
OPTIDX,BANKNIFTY,27-Apr-17,19800,CE,0,0,0,1660,1882.1,0,0,40,0,17-Apr-17
OPTIDX,BANKNIFTY,27-Apr-17,19900,CE,0,0,0,1600,1782.25,0,0,40,0,17-Apr-17
OPTIDX,BANKNIFTY,27-Apr-17,20000,CE,1714,1714,1600,1670,1670,46,398.38,94240,-1320,17-Apr-17
OPTIDX,BANKNIFTY,27-Apr-17,20100,CE,0,0,0,1416,1582.65,0,0,120,0,17-Apr-17
OPTIDX,BANKNIFTY,27-Apr-17,20200,CE,0,0,0,1570,1482.85,0,0,1640,0,17-Apr-17
OPTIDX,BANKNIFTY,27-Apr-17,20300,CE,0,0,0,1428.45,1383.15,0,0,120,0,17-Apr-17
OPTIDX,BANKNIFTY,27-Apr-17,20400,CE,0,0,0,559.15,1283.5,0,0,0,0,17-Apr-17
OPTIDX,BANKNIFTY,27-Apr-17,20500,CE,1230.1,1233,1125.1,1189.95,1189.95,673,5834.02,85320,-22080,17-Apr-17
OPTIDX,BANKNIFTY,27-Apr-17,20600,CE,0,0,0,900.2,1085.05,0,0,800,0,17-Apr-17
OPTIDX,BANKNIFTY,27-Apr-17,20700,CE,0,0,0,940,986.6,0,0,280,0,17-Apr-17
OPTIDX,BANKNIFTY,27-Apr-17,20800,CE,914.65,914.65,855,877,877,9,78.04,2080,-200,17-Apr-17
OPTIDX,BANKNIFTY,27-Apr-17,20900,CE,0,0,0,924.05,793.2,0,0,2000,0,17-Apr-17
OPTIDX,BANKNIFTY,27-Apr-17,21000,CE,739.9,770.75,665.25,718.45,718.45,685,5946.44,213560,11480,17-Apr-17
OPTIDX,BANKNIFTY,27-Apr-17,21100,CE,606,647.1,606,625,625,7,60.81,4080,-160,17-Apr-17
OPTIDX,BANKNIFTY,27-Apr-17,21200,CE,510,551.6,510,548.05,548.05,9,78.23,7840,-80,17-Apr-17
OPTIDX,BANKNIFTY,27-Apr-17,21300,CE,510.95,510.95,435,467.45,467.45,54,469.99,7520,360,17-Apr-17
OPTIDX,BANKNIFTY,27-Apr-17,21400,CE,422,436.45,358.7,392.45,392.45,156,1359.24,18480,-840,17-Apr-17
OPTIDX,BANKNIFTY,27-Apr-17,21500,CE,351.55,370.05,290,321.85,321.85,6064,52914.68,458640,13520,17-Apr-17
OPTIDX,BANKNIFTY,27-Apr-17,21600,CE,288.85,301,231.6,257.8,257.8,2856,24963.64,66280,9240,17-Apr-17
OPTIDX,BANKNIFTY,27-Apr-17,21700,CE,243.15,243.15,180.05,200,200,4585,40162.45,145320,22240,17-Apr-17
OPTIDX,BANKNIFTY,27-Apr-17,21800,CE,179.15,186.45,134.5,152.45,152.45,4596,40359.67,119400,22240,17-Apr-17
OPTIDX,BANKNIFTY,27-Apr-17,21900,CE,138.35,141.4,96.8,110.6,110.6,3428,30183.3,50560,8680,17-Apr-17
OPTIDX,BANKNIFTY,27-Apr-17,22000,CE,100,105,67.2,77.7,77.7,18510,163475.82,551240,61400,17-Apr-17
OPTIDX,BANKNIFTY,27-Apr-17,22100,CE,75.25,75.25,44,50.6,50.6,2781,24641.62,58000,23760,17-Apr-17
OPTIDX,BANKNIFTY,27-Apr-17,22200,CE,46.95,50.5,26.8,32,32,5744,51083.26,149680,63200,17-Apr-17
OPTIDX,BANKNIFTY,27-Apr-17,22300,CE,31.2,36.6,16.55,20.3,20.3,3464,30928.15,84880,24000,17-Apr-17
OPTIDX,BANKNIFTY,27-Apr-17,22400,CE,18,22.5,11.5,13.3,13.3,1376,12336.68,49000,6320,17-Apr-17
OPTIDX,BANKNIFTY,27-Apr-17,22500,CE,13.6,15.65,8.2,9.65,9.65,9942,89520.58,282080,-9200,17-Apr-17
OPTIDX,BANKNIFTY,27-Apr-17,22600,CE,9.95,9.95,2.5,6.7,6.7,188,1700.03,10240,2280,17-Apr-17
OPTIDX,BANKNIFTY,27-Apr-17,22700,CE,5.55,7.95,3.5,4.35,4.35,140,1271.49,13120,2040,17-Apr-17
OPTIDX,BANKNIFTY,27-Apr-17,22800,CE,5,5,3,3.45,3.45,62,565.52,11000,-360,17-Apr-17
OPTIDX,BANKNIFTY,27-Apr-17,22900,CE,3.9,3.9,3.9,3.9,3.9,1,9.16,1320,0,17-Apr-17
OPTIDX,BANKNIFTY,27-Apr-17,23000,CE,6,6,1.7,2,2,455,4186.58,91320,1720,17-Apr-17
OPTIDX,BANKNIFTY,27-Apr-17,23100,CE,3,3,3,3,3,1,9.24,80,0,17-Apr-17
OPTIDX,BANKNIFTY,27-Apr-17,23200,CE,3.5,3.95,3.5,3.75,3.75,4,37.12,200,160,17-Apr-17
OPTIDX,BANKNIFTY,27-Apr-17,23300,CE,0,0,0,9.5,0.1,0,0,0,0,17-Apr-17
OPTIDX,BANKNIFTY,27-Apr-17,17900,PE,0,0,0,1.2,0,0,0,3040,0,17-Apr-17
OPTIDX,BANKNIFTY,27-Apr-17,18000,PE,1.2,1.2,0.3,0.45,0.45,31,223.2,46160,-120,17-Apr-17
OPTIDX,BANKNIFTY,27-Apr-17,18100,PE,0,0,0,209.6,0,0,0,0,0,17-Apr-17
OPTIDX,BANKNIFTY,27-Apr-17,18200,PE,0,0,0,0.4,0,0,0,280,0,17-Apr-17
OPTIDX,BANKNIFTY,27-Apr-17,18300,PE,0,0,0,253.85,0,0,0,0,0,17-Apr-17
OPTIDX,BANKNIFTY,27-Apr-17,18400,PE,0,0,0,279.05,0,0,0,0,0,17-Apr-17
OPTIDX,BANKNIFTY,27-Apr-17,18500,PE,0.3,0.65,0.3,0.65,0.65,11,81.4,25720,0,17-Apr-17
OPTIDX,BANKNIFTY,27-Apr-17,18600,PE,0,0,0,0.75,0,0,0,2400,0,17-Apr-17
OPTIDX,BANKNIFTY,27-Apr-17,18700,PE,0,0,0,2.9,0,0,0,3000,0,17-Apr-17
OPTIDX,BANKNIFTY,27-Apr-17,18800,PE,0,0,0,2.4,0,0,0,1240,0,17-Apr-17
OPTIDX,BANKNIFTY,27-Apr-17,18900,PE,0,0,0,426.25,0,0,0,0,0,17-Apr-17
OPTIDX,BANKNIFTY,27-Apr-17,19000,PE,2.5,3.5,1.6,2.55,2.55,27,205.22,47840,-400,17-Apr-17
OPTIDX,BANKNIFTY,27-Apr-17,19100,PE,0,0,0,498.25,0,0,0,0,0,17-Apr-17
OPTIDX,BANKNIFTY,27-Apr-17,19200,PE,2.7,2.7,2.7,2.7,2.7,1,7.68,120,-40,17-Apr-17
OPTIDX,BANKNIFTY,27-Apr-17,19300,PE,2.95,2.95,2.95,2.95,2.95,2,15.44,1000,-80,17-Apr-17
OPTIDX,BANKNIFTY,27-Apr-17,19400,PE,0,0,0,2,0,0,0,1080,0,17-Apr-17
OPTIDX,BANKNIFTY,27-Apr-17,19500,PE,2.75,4.5,1.7,2.55,2.55,331,2582.15,99720,-1520,17-Apr-17
OPTIDX,BANKNIFTY,27-Apr-17,19600,PE,0,0,0,2.75,0,0,0,800,0,17-Apr-17
OPTIDX,BANKNIFTY,27-Apr-17,19700,PE,0,0,0,15.9,0,0,0,2040,0,17-Apr-17
OPTIDX,BANKNIFTY,27-Apr-17,19800,PE,0,0,0,11,0,0,0,640,0,17-Apr-17
OPTIDX,BANKNIFTY,27-Apr-17,19900,PE,0,0,0,13.05,0.05,0,0,120,0,17-Apr-17
OPTIDX,BANKNIFTY,27-Apr-17,20000,PE,5.05,6.5,4,4.15,4.15,647,5177.21,186840,-3640,17-Apr-17
OPTIDX,BANKNIFTY,27-Apr-17,20100,PE,7.1,9.8,4.75,4.75,4.75,13,104.55,1200,280,17-Apr-17
OPTIDX,BANKNIFTY,27-Apr-17,20200,PE,6,8.05,6,6.25,6.25,16,129.32,10880,40,17-Apr-17
OPTIDX,BANKNIFTY,27-Apr-17,20300,PE,10.5,10.75,6.5,6.75,6.75,19,154.34,13880,-440,17-Apr-17
OPTIDX,BANKNIFTY,27-Apr-17,20400,PE,11.75,14.45,8,9.45,9.45,105,857.25,13920,960,17-Apr-17
OPTIDX,BANKNIFTY,27-Apr-17,20500,PE,12.05,18.8,10.8,11.7,11.7,4745,38934.92,362000,-4080,17-Apr-17
OPTIDX,BANKNIFTY,27-Apr-17,20600,PE,15.95,21.9,8.1,14.1,14.1,342,2820.03,14640,-600,17-Apr-17
OPTIDX,BANKNIFTY,27-Apr-17,20700,PE,17.7,26,15.1,16.25,16.25,429,3555.41,30960,880,17-Apr-17
OPTIDX,BANKNIFTY,27-Apr-17,20800,PE,27,35.35,20,21.35,21.35,909,7572.13,40080,-120,17-Apr-17
OPTIDX,BANKNIFTY,27-Apr-17,20900,PE,31.5,44,25.25,27.3,27.3,1001,8380.66,37400,3200,17-Apr-17
OPTIDX,BANKNIFTY,27-Apr-17,21000,PE,41.8,56.25,32.1,35.15,35.15,16887,142134.8,687240,19960,17-Apr-17
OPTIDX,BANKNIFTY,27-Apr-17,21100,PE,50.35,70.6,41.3,45.7,45.7,1550,13114.63,54440,-1520,17-Apr-17
OPTIDX,BANKNIFTY,27-Apr-17,21200,PE,54,88.4,54,59.75,59.75,4595,39089.79,239760,3640,17-Apr-17
OPTIDX,BANKNIFTY,27-Apr-17,21300,PE,86,112.5,73.85,76.3,76.3,3588,30695.53,121200,9640,17-Apr-17
OPTIDX,BANKNIFTY,27-Apr-17,21400,PE,109.95,141.1,96.95,99.9,99.9,2067,17789.04,123800,3680,17-Apr-17
OPTIDX,BANKNIFTY,27-Apr-17,21500,PE,139.9,175,123.45,128.3,128.3,16055,138989.48,691080,-480,17-Apr-17
OPTIDX,BANKNIFTY,27-Apr-17,21600,PE,164.6,214.85,154.9,160.9,160.9,4923,42886.86,112880,12480,17-Apr-17
OPTIDX,BANKNIFTY,27-Apr-17,21700,PE,213.8,259.75,190,201.1,201.1,4507,39520.88,76800,3600,17-Apr-17
OPTIDX,BANKNIFTY,27-Apr-17,21800,PE,251.55,314.25,235.35,251.05,251.05,856,7556.61,24000,11240,17-Apr-17
OPTIDX,BANKNIFTY,27-Apr-17,21900,PE,304.45,354.45,286.35,308.05,308.05,184,1635.76,13800,-80,17-Apr-17
OPTIDX,BANKNIFTY,27-Apr-17,22000,PE,365.1,442.5,347.25,366.65,366.65,1767,15818.68,135200,11000,17-Apr-17
OPTIDX,BANKNIFTY,27-Apr-17,22100,PE,463.9,533.9,463.9,463.95,463.95,64,577.67,3160,1200,17-Apr-17
OPTIDX,BANKNIFTY,27-Apr-17,22200,PE,0,0,0,515,549.4,0,0,840,0,17-Apr-17
OPTIDX,BANKNIFTY,27-Apr-17,22300,PE,0,0,0,585.85,637.25,0,0,560,0,17-Apr-17
OPTIDX,BANKNIFTY,27-Apr-17,22400,PE,0,0,0,852.65,728.65,0,0,40,0,17-Apr-17
OPTIDX,BANKNIFTY,27-Apr-17,22500,PE,747.35,841.45,745.4,782.9,782.9,30,279.67,33200,120,17-Apr-17
OPTIDX,BANKNIFTY,27-Apr-17,22600,PE,0,0,0,860,918.85,0,0,40,0,17-Apr-17
OPTIDX,BANKNIFTY,27-Apr-17,22700,PE,0,0,0,1499.5,1016.3,0,0,0,0,17-Apr-17
OPTIDX,BANKNIFTY,27-Apr-17,22800,PE,0,0,0,1111,1114.65,0,0,280,0,17-Apr-17
OPTIDX,BANKNIFTY,27-Apr-17,22900,PE,0,0,0,1418.3,1213.65,0,0,0,0,17-Apr-17
OPTIDX,BANKNIFTY,27-Apr-17,23000,PE,1278.05,1300,1278.05,1280,1280,6,58.28,18320,0,17-Apr-17
OPTIDX,BANKNIFTY,27-Apr-17,23100,PE,0,0,0,1396,1412.5,0,0,0,0,17-Apr-17
OPTIDX,BANKNIFTY,27-Apr-17,23200,PE,0,0,0,1450.4,1512.2,0,0,40,0,17-Apr-17
OPTIDX,BANKNIFTY,27-Apr-17,23300,PE,0,0,0,1566.7,1611.95,0,0,0,0,17-Apr-17
OPTIDX,BANKNIFTY,4-May-17,18900,CE,0,0,0,1855.1,2803.5,0,0,0,0,17-Apr-17
OPTIDX,BANKNIFTY,4-May-17,19000,CE,0,0,0,1835.8,2703.8,0,0,0,0,17-Apr-17
OPTIDX,BANKNIFTY,4-May-17,19100,CE,0,0,0,1747.75,2604.1,0,0,0,0,17-Apr-17
OPTIDX,BANKNIFTY,4-May-17,19200,CE,0,0,0,1661.15,2504.4,0,0,0,0,17-Apr-17
OPTIDX,BANKNIFTY,4-May-17,19300,CE,0,0,0,1576.2,2404.7,0,0,0,0,17-Apr-17
OPTIDX,BANKNIFTY,4-May-17,19400,CE,0,0,0,1492.9,2305,0,0,0,0,17-Apr-17
OPTIDX,BANKNIFTY,4-May-17,19500,CE,0,0,0,1411.45,2205.3,0,0,0,0,17-Apr-17
OPTIDX,BANKNIFTY,4-May-17,19600,CE,0,0,0,1331.95,2105.6,0,0,0,0,17-Apr-17
OPTIDX,BANKNIFTY,4-May-17,19700,CE,0,0,0,1254.5,2005.95,0,0,0,0,17-Apr-17
OPTIDX,BANKNIFTY,4-May-17,19800,CE,0,0,0,1179.25,1906.3,0,0,0,0,17-Apr-17
OPTIDX,BANKNIFTY,4-May-17,19900,CE,0,0,0,1106.95,1806.7,0,0,0,0,17-Apr-17
OPTIDX,BANKNIFTY,4-May-17,20000,CE,0,0,0,1035.55,1707.15,0,0,0,0,17-Apr-17
OPTIDX,BANKNIFTY,4-May-17,20100,CE,0,0,0,967.45,1607.75,0,0,0,0,17-Apr-17
OPTIDX,BANKNIFTY,4-May-17,20200,CE,0,0,0,901.95,1508.55,0,0,0,0,17-Apr-17
OPTIDX,BANKNIFTY,4-May-17,20300,CE,0,0,0,839.05,1409.65,0,0,0,0,17-Apr-17
OPTIDX,BANKNIFTY,4-May-17,20400,CE,0,0,0,778.8,1311.2,0,0,0,0,17-Apr-17
OPTIDX,BANKNIFTY,4-May-17,20500,CE,0,0,0,721.3,1213.45,0,0,0,0,17-Apr-17
OPTIDX,BANKNIFTY,4-May-17,20600,CE,0,0,0,666.5,1116.65,0,0,0,0,17-Apr-17
OPTIDX,BANKNIFTY,4-May-17,20700,CE,0,0,0,614.5,1021.15,0,0,0,0,17-Apr-17
OPTIDX,BANKNIFTY,4-May-17,20800,CE,0,0,0,565.1,927.4,0,0,0,0,17-Apr-17
OPTIDX,BANKNIFTY,4-May-17,20900,CE,0,0,0,518.55,835.85,0,0,0,0,17-Apr-17
OPTIDX,BANKNIFTY,4-May-17,21000,CE,0,0,0,474.75,747.15,0,0,0,0,17-Apr-17
OPTIDX,BANKNIFTY,4-May-17,21100,CE,0,0,0,433.55,661.85,0,0,0,0,17-Apr-17
OPTIDX,BANKNIFTY,4-May-17,21200,CE,0,0,0,395,580.6,0,0,0,0,17-Apr-17
OPTIDX,BANKNIFTY,4-May-17,21300,CE,0,0,0,359,504.8,0,0,0,0,17-Apr-17
OPTIDX,BANKNIFTY,4-May-17,21400,CE,0,0,0,325.5,432.5,0,0,0,0,17-Apr-17
OPTIDX,BANKNIFTY,4-May-17,21500,CE,0,0,0,294.4,366.9,0,0,0,0,17-Apr-17
OPTIDX,BANKNIFTY,4-May-17,21600,CE,0,0,0,265.6,307.4,0,0,0,0,17-Apr-17
OPTIDX,BANKNIFTY,4-May-17,21700,CE,0,0,0,401,254.15,0,0,0,0,17-Apr-17
OPTIDX,BANKNIFTY,4-May-17,21800,CE,0,0,0,215.7,207.25,0,0,0,0,17-Apr-17
OPTIDX,BANKNIFTY,4-May-17,21900,CE,0,0,0,192.5,166.65,0,0,0,0,17-Apr-17
OPTIDX,BANKNIFTY,4-May-17,22000,CE,0,0,0,172,132.05,0,0,0,0,17-Apr-17
OPTIDX,BANKNIFTY,4-May-17,22100,CE,0,0,0,153.3,103.05,0,0,0,0,17-Apr-17
OPTIDX,BANKNIFTY,4-May-17,22200,CE,0,0,0,136.3,79.35,0,0,0,0,17-Apr-17
OPTIDX,BANKNIFTY,4-May-17,22300,CE,0,0,0,119.45,60.05,0,0,0,0,17-Apr-17
OPTIDX,BANKNIFTY,4-May-17,22400,CE,0,0,0,154.4,44.75,0,0,0,0,17-Apr-17
OPTIDX,BANKNIFTY,4-May-17,22500,CE,0,0,0,135.85,32.8,0,0,0,0,17-Apr-17
OPTIDX,BANKNIFTY,4-May-17,22600,CE,0,0,0,119.2,23.65,0,0,0,0,17-Apr-17
OPTIDX,BANKNIFTY,4-May-17,22700,CE,0,0,0,104.2,16.75,0,0,0,0,17-Apr-17
OPTIDX,BANKNIFTY,4-May-17,22800,CE,0,0,0,87.25,11.7,0,0,0,0,17-Apr-17
OPTIDX,BANKNIFTY,4-May-17,22900,CE,0,0,0,45.5,8,0,0,0,0,17-Apr-17
OPTIDX,BANKNIFTY,4-May-17,23000,CE,0,0,0,37.25,5.4,0,0,0,0,17-Apr-17
OPTIDX,BANKNIFTY,4-May-17,23100,CE,0,0,0,51.9,3.6,0,0,0,0,17-Apr-17
OPTIDX,BANKNIFTY,4-May-17,23200,CE,0,0,0,42.8,2.35,0,0,0,0,17-Apr-17
OPTIDX,BANKNIFTY,4-May-17,23300,CE,0,0,0,21.45,1.5,0,0,0,0,17-Apr-17
OPTIDX,BANKNIFTY,4-May-17,18900,PE,0,0,0,56.8,0,0,0,0,0,17-Apr-17
OPTIDX,BANKNIFTY,4-May-17,19000,PE,0,0,0,61.8,0,0,0,0,0,17-Apr-17
OPTIDX,BANKNIFTY,4-May-17,19100,PE,0,0,0,72.65,0,0,0,0,0,17-Apr-17
OPTIDX,BANKNIFTY,4-May-17,19200,PE,0,0,0,84.95,0,0,0,0,0,17-Apr-17
OPTIDX,BANKNIFTY,4-May-17,19300,PE,0,0,0,98.85,0,0,0,0,0,17-Apr-17
OPTIDX,BANKNIFTY,4-May-17,19400,PE,0,0,0,114.4,0.05,0,0,0,0,17-Apr-17
OPTIDX,BANKNIFTY,4-May-17,19500,PE,0,0,0,131.85,0.05,0,0,0,0,17-Apr-17
OPTIDX,BANKNIFTY,4-May-17,19600,PE,0,0,0,151.2,0.05,0,0,0,0,17-Apr-17
OPTIDX,BANKNIFTY,4-May-17,19700,PE,0,0,0,172.65,0.1,0,0,0,0,17-Apr-17
OPTIDX,BANKNIFTY,4-May-17,19800,PE,0,0,0,196.3,0.15,0,0,0,0,17-Apr-17
OPTIDX,BANKNIFTY,4-May-17,19900,PE,0,0,0,222.85,0.2,0,0,0,0,17-Apr-17
OPTIDX,BANKNIFTY,4-May-17,20000,PE,0,0,0,250.3,0.4,0,0,0,0,17-Apr-17
OPTIDX,BANKNIFTY,4-May-17,20100,PE,0,0,0,281.1,0.7,0,0,0,0,17-Apr-17
OPTIDX,BANKNIFTY,4-May-17,20200,PE,0,0,0,314.45,1.2,0,0,0,0,17-Apr-17
OPTIDX,BANKNIFTY,4-May-17,20300,PE,0,0,0,350.45,2,0,0,0,0,17-Apr-17
OPTIDX,BANKNIFTY,4-May-17,20400,PE,0,0,0,389.1,3.25,0,0,0,0,17-Apr-17
OPTIDX,BANKNIFTY,4-May-17,20500,PE,0,0,0,430.45,5.2,0,0,0,0,17-Apr-17
OPTIDX,BANKNIFTY,4-May-17,20600,PE,0,0,0,474.55,8.1,0,0,0,0,17-Apr-17
OPTIDX,BANKNIFTY,4-May-17,20700,PE,0,0,0,521.35,12.3,0,0,0,0,17-Apr-17
OPTIDX,BANKNIFTY,4-May-17,20800,PE,0,0,0,570.9,18.25,0,0,0,0,17-Apr-17
OPTIDX,BANKNIFTY,4-May-17,20900,PE,0,0,0,623.2,26.45,0,0,0,0,17-Apr-17
OPTIDX,BANKNIFTY,4-May-17,21000,PE,0,0,0,678.25,37.45,0,0,0,0,17-Apr-17
OPTIDX,BANKNIFTY,4-May-17,21100,PE,0,0,0,735.95,51.85,0,0,0,0,17-Apr-17
OPTIDX,BANKNIFTY,4-May-17,21200,PE,0,0,0,796.25,70.25,0,0,0,0,17-Apr-17
OPTIDX,BANKNIFTY,4-May-17,21300,PE,0,0,0,859.15,94.2,0,0,0,0,17-Apr-17
OPTIDX,BANKNIFTY,4-May-17,21400,PE,0,0,0,924.5,121.65,0,0,0,0,17-Apr-17
OPTIDX,BANKNIFTY,4-May-17,21500,PE,0,0,0,992.3,155.7,0,0,0,0,17-Apr-17
OPTIDX,BANKNIFTY,4-May-17,21600,PE,0,0,0,1062.4,195.9,0,0,0,0,17-Apr-17
OPTIDX,BANKNIFTY,4-May-17,21700,PE,0,0,0,1134.7,242.4,0,0,0,0,17-Apr-17
OPTIDX,BANKNIFTY,4-May-17,21800,PE,0,0,0,1210.2,295.15,0,0,0,0,17-Apr-17
OPTIDX,BANKNIFTY,4-May-17,21900,PE,0,0,0,1285.85,354.25,0,0,0,0,17-Apr-17
OPTIDX,BANKNIFTY,4-May-17,22000,PE,0,0,0,1364.25,419.35,0,0,0,0,17-Apr-17
OPTIDX,BANKNIFTY,4-May-17,22100,PE,0,0,0,1444.45,490.1,0,0,0,0,17-Apr-17
OPTIDX,BANKNIFTY,4-May-17,22200,PE,0,0,0,1526.3,566.05,0,0,0,0,17-Apr-17
OPTIDX,BANKNIFTY,4-May-17,22300,PE,0,0,0,1520.95,646.5,0,0,0,0,17-Apr-17
OPTIDX,BANKNIFTY,4-May-17,22400,PE,0,0,0,1249.2,730.9,0,0,0,0,17-Apr-17
OPTIDX,BANKNIFTY,4-May-17,22500,PE,0,0,0,1329.75,818.65,0,0,0,0,17-Apr-17
OPTIDX,BANKNIFTY,4-May-17,22600,PE,0,0,0,1412.15,909.2,0,0,0,0,17-Apr-17
OPTIDX,BANKNIFTY,4-May-17,22700,PE,0,0,0,1496.3,1002,0,0,0,0,17-Apr-17
OPTIDX,BANKNIFTY,4-May-17,22800,PE,0,0,0,1526.9,1096.65,0,0,0,0,17-Apr-17
OPTIDX,BANKNIFTY,4-May-17,22900,PE,0,0,0,1403.95,1192.7,0,0,0,0,17-Apr-17
OPTIDX,BANKNIFTY,4-May-17,23000,PE,0,0,0,1495.05,1289.75,0,0,0,0,17-Apr-17
OPTIDX,BANKNIFTY,4-May-17,23100,PE,0,0,0,1383.9,1387.65,0,0,0,0,17-Apr-17
OPTIDX,BANKNIFTY,4-May-17,23200,PE,0,0,0,1474.2,1486.1,0,0,0,0,17-Apr-17
OPTIDX,BANKNIFTY,4-May-17,23300,PE,0,0,0,1550,1585,0,0,0,0,17-Apr-17
OPTIDX,BANKNIFTY,11-May-17,19100,CE,0,0,0,1872.55,2627.35,0,0,0,0,17-Apr-17
OPTIDX,BANKNIFTY,11-May-17,19200,CE,0,0,0,1781.55,2527.75,0,0,0,0,17-Apr-17
OPTIDX,BANKNIFTY,11-May-17,19300,CE,0,0,0,1691.9,2428.2,0,0,0,0,17-Apr-17
OPTIDX,BANKNIFTY,11-May-17,19400,CE,0,0,0,1603.6,2328.65,0,0,0,0,17-Apr-17
OPTIDX,BANKNIFTY,11-May-17,19500,CE,0,0,0,1516.95,2229.15,0,0,0,0,17-Apr-17
OPTIDX,BANKNIFTY,11-May-17,19600,CE,0,0,0,1432,2129.65,0,0,0,0,17-Apr-17
OPTIDX,BANKNIFTY,11-May-17,19700,CE,0,0,0,1348.9,2030.25,0,0,0,0,17-Apr-17
OPTIDX,BANKNIFTY,11-May-17,19800,CE,0,0,0,1267.85,1930.9,0,0,0,0,17-Apr-17
OPTIDX,BANKNIFTY,11-May-17,19900,CE,0,0,0,1188.95,1831.75,0,0,0,0,17-Apr-17
OPTIDX,BANKNIFTY,11-May-17,20000,CE,0,0,0,1112.35,1732.8,0,0,0,0,17-Apr-17
OPTIDX,BANKNIFTY,11-May-17,20100,CE,0,0,0,1038.9,1634.15,0,0,0,0,17-Apr-17
OPTIDX,BANKNIFTY,11-May-17,20200,CE,0,0,0,966.4,1535.95,0,0,0,0,17-Apr-17
OPTIDX,BANKNIFTY,11-May-17,20300,CE,0,0,0,897.5,1438.35,0,0,0,0,17-Apr-17
OPTIDX,BANKNIFTY,11-May-17,20400,CE,0,0,0,831.35,1341.55,0,0,0,0,17-Apr-17
OPTIDX,BANKNIFTY,11-May-17,20500,CE,0,0,0,768.05,1245.85,0,0,0,0,17-Apr-17
OPTIDX,BANKNIFTY,11-May-17,20600,CE,0,0,0,707.7,1151.45,0,0,0,0,17-Apr-17
OPTIDX,BANKNIFTY,11-May-17,20700,CE,0,0,0,650.3,1058.7,0,0,0,0,17-Apr-17
OPTIDX,BANKNIFTY,11-May-17,20800,CE,0,0,0,595.9,968.05,0,0,0,0,17-Apr-17
OPTIDX,BANKNIFTY,11-May-17,20900,CE,0,0,0,544.55,879.9,0,0,0,0,17-Apr-17
OPTIDX,BANKNIFTY,11-May-17,21000,CE,0,0,0,496.1,794.65,0,0,0,0,17-Apr-17
OPTIDX,BANKNIFTY,11-May-17,21100,CE,0,0,0,450.75,712.75,0,0,0,0,17-Apr-17
OPTIDX,BANKNIFTY,11-May-17,21200,CE,0,0,0,408.3,634.7,0,0,0,0,17-Apr-17
OPTIDX,BANKNIFTY,11-May-17,21300,CE,0,0,0,368.8,560.7,0,0,0,0,17-Apr-17
OPTIDX,BANKNIFTY,11-May-17,21400,CE,0,0,0,332.15,491.5,0,0,0,0,17-Apr-17
OPTIDX,BANKNIFTY,11-May-17,21500,CE,0,0,0,298.2,427.2,0,0,0,0,17-Apr-17
OPTIDX,BANKNIFTY,11-May-17,21600,CE,0,0,0,266.95,368.05,0,0,0,0,17-Apr-17
OPTIDX,BANKNIFTY,11-May-17,21700,CE,0,0,0,238.2,314.25,0,0,0,0,17-Apr-17
OPTIDX,BANKNIFTY,11-May-17,21800,CE,0,0,0,211.95,265.65,0,0,0,0,17-Apr-17
OPTIDX,BANKNIFTY,11-May-17,21900,CE,0,0,0,188.25,222.45,0,0,0,0,17-Apr-17
OPTIDX,BANKNIFTY,11-May-17,22000,CE,0,0,0,166.5,184.45,0,0,0,0,17-Apr-17
OPTIDX,BANKNIFTY,11-May-17,22100,CE,0,0,0,146.8,151.35,0,0,0,0,17-Apr-17
OPTIDX,BANKNIFTY,11-May-17,22200,CE,0,0,0,129.05,122.9,0,0,0,0,17-Apr-17
OPTIDX,BANKNIFTY,11-May-17,22300,CE,0,0,0,113.1,98.9,0,0,0,0,17-Apr-17
OPTIDX,BANKNIFTY,11-May-17,22400,CE,0,0,0,186.05,78.6,0,0,0,0,17-Apr-17
OPTIDX,BANKNIFTY,11-May-17,22500,CE,0,0,0,165.6,61.85,0,0,0,0,17-Apr-17
OPTIDX,BANKNIFTY,11-May-17,22600,CE,0,0,0,147,48.1,0,0,0,0,17-Apr-17
OPTIDX,BANKNIFTY,11-May-17,22700,CE,0,0,0,130.15,37,0,0,0,0,17-Apr-17
OPTIDX,BANKNIFTY,11-May-17,22800,CE,0,0,0,110.95,28.1,0,0,0,0,17-Apr-17
OPTIDX,BANKNIFTY,11-May-17,22900,CE,0,0,0,66.1,21.15,0,0,0,0,17-Apr-17
OPTIDX,BANKNIFTY,11-May-17,23000,CE,0,0,0,55.55,15.7,0,0,0,0,17-Apr-17
OPTIDX,BANKNIFTY,11-May-17,23100,CE,0,0,0,74.8,11.55,0,0,0,0,17-Apr-17
OPTIDX,BANKNIFTY,11-May-17,23200,CE,0,0,0,63.3,8.4,0,0,0,0,17-Apr-17
OPTIDX,BANKNIFTY,11-May-17,23300,CE,0,0,0,37.15,6,0,0,0,0,17-Apr-17
OPTIDX,BANKNIFTY,11-May-17,19100,PE,0,0,0,38.1,0.05,0,0,0,0,17-Apr-17
OPTIDX,BANKNIFTY,11-May-17,19200,PE,0,0,0,46,0.05,0,0,0,0,17-Apr-17
OPTIDX,BANKNIFTY,11-May-17,19300,PE,0,0,0,55.2,0.05,0,0,0,0,17-Apr-17
OPTIDX,BANKNIFTY,11-May-17,19400,PE,0,0,0,65.85,0.1,0,0,0,0,17-Apr-17
OPTIDX,BANKNIFTY,11-May-17,19500,PE,0,0,0,78.05,0.15,0,0,0,0,17-Apr-17
OPTIDX,BANKNIFTY,11-May-17,19600,PE,0,0,0,91.95,0.25,0,0,0,0,17-Apr-17
OPTIDX,BANKNIFTY,11-May-17,19700,PE,0,0,0,107.8,0.45,0,0,0,0,17-Apr-17
OPTIDX,BANKNIFTY,11-May-17,19800,PE,0,0,0,125.6,0.7,0,0,0,0,17-Apr-17
OPTIDX,BANKNIFTY,11-May-17,19900,PE,0,0,0,145.6,1.1,0,0,0,0,17-Apr-17
OPTIDX,BANKNIFTY,11-May-17,20000,PE,0,0,0,167.9,1.75,0,0,0,0,17-Apr-17
OPTIDX,BANKNIFTY,11-May-17,20100,PE,0,0,0,193.35,2.7,0,0,0,0,17-Apr-17
OPTIDX,BANKNIFTY,11-May-17,20200,PE,0,0,0,219.7,4.05,0,0,0,0,17-Apr-17
OPTIDX,BANKNIFTY,11-May-17,20300,PE,0,0,0,249.65,6.05,0,0,0,0,17-Apr-17
OPTIDX,BANKNIFTY,11-May-17,20400,PE,0,0,0,282.4,8.85,0,0,0,0,17-Apr-17
OPTIDX,BANKNIFTY,11-May-17,20500,PE,0,0,0,318,12.7,0,0,0,0,17-Apr-17
OPTIDX,BANKNIFTY,11-May-17,20600,PE,0,0,0,356.55,17.85,0,0,0,0,17-Apr-17
OPTIDX,BANKNIFTY,11-May-17,20700,PE,0,0,0,398,24.75,0,0,0,0,17-Apr-17
OPTIDX,BANKNIFTY,11-May-17,20800,PE,0,0,0,442.5,33.65,0,0,0,0,17-Apr-17
OPTIDX,BANKNIFTY,11-May-17,20900,PE,0,0,0,490.05,45.05,0,0,0,0,17-Apr-17
OPTIDX,BANKNIFTY,11-May-17,21000,PE,0,0,0,540.45,59.4,0,0,0,0,17-Apr-17
OPTIDX,BANKNIFTY,11-May-17,21100,PE,0,0,0,594,77.1,0,0,0,0,17-Apr-17
OPTIDX,BANKNIFTY,11-May-17,21200,PE,0,0,0,650.45,98.6,0,0,0,0,17-Apr-17
OPTIDX,BANKNIFTY,11-May-17,21300,PE,0,0,0,709.8,124.2,0,0,0,0,17-Apr-17
OPTIDX,BANKNIFTY,11-May-17,21400,PE,0,0,0,772.05,154.6,0,0,0,0,17-Apr-17
OPTIDX,BANKNIFTY,11-May-17,21500,PE,0,0,0,837,189.9,0,0,0,0,17-Apr-17
OPTIDX,BANKNIFTY,11-May-17,21600,PE,0,0,0,904.6,230.35,0,0,0,0,17-Apr-17
OPTIDX,BANKNIFTY,11-May-17,21700,PE,0,0,0,974.75,276.05,0,0,0,0,17-Apr-17
OPTIDX,BANKNIFTY,11-May-17,21800,PE,0,0,0,1047.4,327.1,0,0,0,0,17-Apr-17
OPTIDX,BANKNIFTY,11-May-17,21900,PE,0,0,0,1122.55,383.45,0,0,0,0,17-Apr-17
OPTIDX,BANKNIFTY,11-May-17,22000,PE,0,0,0,1199.7,445.05,0,0,0,0,17-Apr-17
OPTIDX,BANKNIFTY,11-May-17,22100,PE,0,0,0,1278.9,511.5,0,0,0,0,17-Apr-17
OPTIDX,BANKNIFTY,11-May-17,22200,PE,0,0,0,1360.05,582.65,0,0,0,0,17-Apr-17
OPTIDX,BANKNIFTY,11-May-17,22300,PE,0,0,0,1442.95,658.2,0,0,0,0,17-Apr-17
OPTIDX,BANKNIFTY,11-May-17,22400,PE,0,0,0,1253.15,737.55,0,0,0,0,17-Apr-17
OPTIDX,BANKNIFTY,11-May-17,22500,PE,0,0,0,1331.7,820.35,0,0,0,0,17-Apr-17
OPTIDX,BANKNIFTY,11-May-17,22600,PE,0,0,0,1412.1,906.2,0,0,0,0,17-Apr-17
OPTIDX,BANKNIFTY,11-May-17,22700,PE,0,0,0,1494.2,994.65,0,0,0,0,17-Apr-17
OPTIDX,BANKNIFTY,11-May-17,22800,PE,0,0,0,1522.4,1085.35,0,0,0,0,17-Apr-17
OPTIDX,BANKNIFTY,11-May-17,22900,PE,0,0,0,1395.4,1177.95,0,0,0,0,17-Apr-17
OPTIDX,BANKNIFTY,11-May-17,23000,PE,0,0,0,1484.1,1272.1,0,0,0,0,17-Apr-17
OPTIDX,BANKNIFTY,11-May-17,23100,PE,0,0,0,1377.5,1367.55,0,0,0,0,17-Apr-17
OPTIDX,BANKNIFTY,11-May-17,23200,PE,0,0,0,1465.25,1463.95,0,0,0,0,17-Apr-17
OPTIDX,BANKNIFTY,11-May-17,23300,PE,0,0,0,1535.1,1561.2,0,0,0,0,17-Apr-17
OPTIDX,BANKNIFTY,18-May-17,19200,CE,0,0,0,1813.15,2553.45,0,0,0,0,17-Apr-17
OPTIDX,BANKNIFTY,18-May-17,19300,CE,0,0,0,1721.8,2454.1,0,0,0,0,17-Apr-17
OPTIDX,BANKNIFTY,18-May-17,19400,CE,0,0,0,1850.65,2354.75,0,0,0,0,17-Apr-17
OPTIDX,BANKNIFTY,18-May-17,19500,CE,0,0,0,1850.25,2255.5,0,0,0,0,17-Apr-17
OPTIDX,BANKNIFTY,18-May-17,19600,CE,0,0,0,1915.95,2156.35,0,0,0,0,17-Apr-17
OPTIDX,BANKNIFTY,18-May-17,19700,CE,0,0,0,1825.95,2057.35,0,0,0,0,17-Apr-17
OPTIDX,BANKNIFTY,18-May-17,19800,CE,0,0,0,1737.3,1958.55,0,0,0,0,17-Apr-17
OPTIDX,BANKNIFTY,18-May-17,19900,CE,0,0,0,1650.05,1860.05,0,0,0,0,17-Apr-17
OPTIDX,BANKNIFTY,18-May-17,20000,CE,0,0,0,1564.4,1761.9,0,0,0,0,17-Apr-17
OPTIDX,BANKNIFTY,18-May-17,20100,CE,0,0,0,1480.45,1664.25,0,0,0,0,17-Apr-17
OPTIDX,BANKNIFTY,18-May-17,20200,CE,0,0,0,1398.3,1567.25,0,0,0,0,17-Apr-17
OPTIDX,BANKNIFTY,18-May-17,20300,CE,0,0,0,1318.1,1471.1,0,0,0,0,17-Apr-17
OPTIDX,BANKNIFTY,18-May-17,20400,CE,0,0,0,1240.05,1375.95,0,0,0,0,17-Apr-17
OPTIDX,BANKNIFTY,18-May-17,20500,CE,0,0,0,1164.15,1282.1,0,0,0,0,17-Apr-17
OPTIDX,BANKNIFTY,18-May-17,20600,CE,0,0,0,1091.3,1189.8,0,0,0,0,17-Apr-17
OPTIDX,BANKNIFTY,18-May-17,20700,CE,0,0,0,1019.25,1099.4,0,0,0,0,17-Apr-17
OPTIDX,BANKNIFTY,18-May-17,20800,CE,0,0,0,950.7,1011.15,0,0,0,0,17-Apr-17
OPTIDX,BANKNIFTY,18-May-17,20900,CE,0,0,0,884.7,925.45,0,0,0,0,17-Apr-17
OPTIDX,BANKNIFTY,18-May-17,21000,CE,0,0,0,821.45,842.65,0,0,0,0,17-Apr-17
OPTIDX,BANKNIFTY,18-May-17,21100,CE,0,0,0,760.9,763,0,0,0,0,17-Apr-17
OPTIDX,BANKNIFTY,18-May-17,21200,CE,0,0,0,703.1,687.8,0,0,0,0,17-Apr-17
OPTIDX,BANKNIFTY,18-May-17,21300,CE,0,0,0,648.15,614.6,0,0,0,0,17-Apr-17
OPTIDX,BANKNIFTY,18-May-17,21400,CE,0,0,0,596.05,546.6,0,0,0,0,17-Apr-17
OPTIDX,BANKNIFTY,18-May-17,21500,CE,0,0,0,546.7,482.95,0,0,0,0,17-Apr-17
OPTIDX,BANKNIFTY,18-May-17,21600,CE,0,0,0,500.2,423.8,0,0,0,0,17-Apr-17
OPTIDX,BANKNIFTY,18-May-17,21700,CE,0,0,0,502.7,369.35,0,0,0,0,17-Apr-17
OPTIDX,BANKNIFTY,18-May-17,21800,CE,0,0,0,415.6,319.5,0,0,0,0,17-Apr-17
OPTIDX,BANKNIFTY,18-May-17,21900,CE,0,0,0,377.35,274.4,0,0,0,0,17-Apr-17
OPTIDX,BANKNIFTY,18-May-17,22000,CE,0,0,0,341.75,233.85,0,0,0,0,17-Apr-17
OPTIDX,BANKNIFTY,18-May-17,22100,CE,0,0,0,308.65,197.8,0,0,0,0,17-Apr-17
OPTIDX,BANKNIFTY,18-May-17,22200,CE,0,0,0,278.05,166,0,0,0,0,17-Apr-17
OPTIDX,BANKNIFTY,18-May-17,22300,CE,0,0,0,249.85,138.2,0,0,0,0,17-Apr-17
OPTIDX,BANKNIFTY,18-May-17,22400,CE,0,0,0,224.8,114.3,0,0,0,0,17-Apr-17
OPTIDX,BANKNIFTY,18-May-17,22500,CE,0,0,0,200.35,93.65,0,0,0,0,17-Apr-17
OPTIDX,BANKNIFTY,18-May-17,22600,CE,0,0,0,178.6,76.1,0,0,0,0,17-Apr-17
OPTIDX,BANKNIFTY,18-May-17,22700,CE,0,0,0,158.8,61.3,0,0,0,0,17-Apr-17
OPTIDX,BANKNIFTY,18-May-17,22800,CE,0,0,0,140.8,49,0,0,0,0,17-Apr-17
OPTIDX,BANKNIFTY,18-May-17,22900,CE,0,0,0,88.5,38.8,0,0,0,0,17-Apr-17
OPTIDX,BANKNIFTY,18-May-17,23000,CE,0,0,0,75.85,30.5,0,0,0,0,17-Apr-17
OPTIDX,BANKNIFTY,18-May-17,23100,CE,0,0,0,99.5,23.75,0,0,0,0,17-Apr-17
OPTIDX,BANKNIFTY,18-May-17,23200,CE,0,0,0,85.8,18.35,0,0,0,0,17-Apr-17
OPTIDX,BANKNIFTY,18-May-17,23300,CE,0,0,0,55.5,14.05,0,0,0,0,17-Apr-17
OPTIDX,BANKNIFTY,18-May-17,19200,PE,0,0,0,34.9,0.15,0,0,0,0,17-Apr-17
OPTIDX,BANKNIFTY,18-May-17,19300,PE,0,0,0,42.55,0.25,0,0,0,0,17-Apr-17
OPTIDX,BANKNIFTY,18-May-17,19400,PE,0,0,0,29.85,0.35,0,0,0,0,17-Apr-17
OPTIDX,BANKNIFTY,18-May-17,19500,PE,0,0,0,35.25,0.55,0,0,0,0,17-Apr-17
OPTIDX,BANKNIFTY,18-May-17,19600,PE,0,0,0,47.05,0.85,0,0,0,0,17-Apr-17
OPTIDX,BANKNIFTY,18-May-17,19700,PE,0,0,0,55.95,1.3,0,0,0,0,17-Apr-17
OPTIDX,BANKNIFTY,18-May-17,19800,PE,0,0,0,66.15,1.95,0,0,0,0,17-Apr-17
OPTIDX,BANKNIFTY,18-May-17,19900,PE,0,0,0,77.8,2.9,0,0,0,0,17-Apr-17
OPTIDX,BANKNIFTY,18-May-17,20000,PE,0,0,0,91,4.2,0,0,0,0,17-Apr-17
OPTIDX,BANKNIFTY,18-May-17,20100,PE,0,0,0,105.95,6,0,0,0,0,17-Apr-17
OPTIDX,BANKNIFTY,18-May-17,20200,PE,0,0,0,122.7,8.45,0,0,0,0,17-Apr-17
OPTIDX,BANKNIFTY,18-May-17,20300,PE,0,0,0,141.4,11.7,0,0,0,0,17-Apr-17
OPTIDX,BANKNIFTY,18-May-17,20400,PE,0,0,0,162.2,16.05,0,0,0,0,17-Apr-17
OPTIDX,BANKNIFTY,18-May-17,20500,PE,0,0,0,185.2,21.65,0,0,0,0,17-Apr-17
OPTIDX,BANKNIFTY,18-May-17,20600,PE,0,0,0,211.25,28.8,0,0,0,0,17-Apr-17
OPTIDX,BANKNIFTY,18-May-17,20700,PE,0,0,0,238.05,37.85,0,0,0,0,17-Apr-17
OPTIDX,BANKNIFTY,18-May-17,20800,PE,0,0,0,268.35,49.05,0,0,0,0,17-Apr-17
OPTIDX,BANKNIFTY,18-May-17,20900,PE,0,0,0,301.3,62.8,0,0,0,0,17-Apr-17
OPTIDX,BANKNIFTY,18-May-17,21000,PE,0,0,0,336.9,79.4,0,0,0,0,17-Apr-17
OPTIDX,BANKNIFTY,18-May-17,21100,PE,0,0,0,375.2,99.25,0,0,0,0,17-Apr-17
OPTIDX,BANKNIFTY,18-May-17,21200,PE,0,0,0,416.35,123.5,0,0,0,0,17-Apr-17
OPTIDX,BANKNIFTY,18-May-17,21300,PE,0,0,0,460.25,149.75,0,0,0,0,17-Apr-17
OPTIDX,BANKNIFTY,18-May-17,21400,PE,0,0,0,507.05,181.15,0,0,0,0,17-Apr-17
OPTIDX,BANKNIFTY,18-May-17,21500,PE,0,0,0,556.55,216.95,0,0,0,0,17-Apr-17
OPTIDX,BANKNIFTY,18-May-17,21600,PE,0,0,0,608.95,257.3,0,0,0,0,17-Apr-17
OPTIDX,BANKNIFTY,18-May-17,21700,PE,0,0,0,664.15,302.25,0,0,0,0,17-Apr-17
OPTIDX,BANKNIFTY,18-May-17,21800,PE,0,0,0,722.1,351.85,0,0,0,0,17-Apr-17
OPTIDX,BANKNIFTY,18-May-17,21900,PE,0,0,0,782.75,406.2,0,0,0,0,17-Apr-17
OPTIDX,BANKNIFTY,18-May-17,22000,PE,0,0,0,846,465.15,0,0,0,0,17-Apr-17
OPTIDX,BANKNIFTY,18-May-17,22100,PE,0,0,0,911.8,528.55,0,0,0,0,17-Apr-17
OPTIDX,BANKNIFTY,18-May-17,22200,PE,0,0,0,980.1,596.2,0,0,0,0,17-Apr-17
OPTIDX,BANKNIFTY,18-May-17,22300,PE,0,0,0,1050.75,667.8,0,0,0,0,17-Apr-17
OPTIDX,BANKNIFTY,18-May-17,22400,PE,0,0,0,1124.6,743.35,0,0,0,0,17-Apr-17
OPTIDX,BANKNIFTY,18-May-17,22500,PE,0,0,0,1199.05,822.15,0,0,0,0,17-Apr-17
OPTIDX,BANKNIFTY,18-May-17,22600,PE,0,0,0,1276.2,904.05,0,0,0,0,17-Apr-17
OPTIDX,BANKNIFTY,18-May-17,22700,PE,0,0,0,1355.25,988.75,0,0,0,0,17-Apr-17
OPTIDX,BANKNIFTY,18-May-17,22800,PE,0,0,0,1436.15,1075.85,0,0,0,0,17-Apr-17
OPTIDX,BANKNIFTY,18-May-17,22900,PE,0,0,0,1388.75,1165.15,0,0,0,0,17-Apr-17
OPTIDX,BANKNIFTY,18-May-17,23000,PE,0,0,0,1475.2,1256.25,0,0,0,0,17-Apr-17
OPTIDX,BANKNIFTY,18-May-17,23100,PE,0,0,0,1372.85,1348.95,0,0,0,0,17-Apr-17
OPTIDX,BANKNIFTY,18-May-17,23200,PE,0,0,0,1458.3,1443,0,0,0,0,17-Apr-17
OPTIDX,BANKNIFTY,18-May-17,23300,PE,0,0,0,1524.5,1538.15,0,0,0,0,17-Apr-17
OPTIDX,BANKNIFTY,25-May-17,18900,CE,0,0,0,1956.9,2875.2,0,0,0,0,17-Apr-17
OPTIDX,BANKNIFTY,25-May-17,19000,CE,2650,2680,2640,2680,2680,5,43.3,800,200,17-Apr-17
OPTIDX,BANKNIFTY,25-May-17,19100,CE,0,0,0,1924.15,2676.7,0,0,0,0,17-Apr-17
OPTIDX,BANKNIFTY,25-May-17,19200,CE,0,0,0,1840.9,2577.5,0,0,0,0,17-Apr-17
OPTIDX,BANKNIFTY,25-May-17,19300,CE,0,0,0,1980.5,2478.4,0,0,0,0,17-Apr-17
OPTIDX,BANKNIFTY,25-May-17,19400,CE,0,0,0,1895.9,2379.35,0,0,0,0,17-Apr-17
OPTIDX,BANKNIFTY,25-May-17,19500,CE,2140,2150,2140,2150,2150,2,17.31,80,80,17-Apr-17
OPTIDX,BANKNIFTY,25-May-17,19600,CE,0,0,0,1731,2181.75,0,0,0,0,17-Apr-17
OPTIDX,BANKNIFTY,25-May-17,19700,CE,0,0,0,1650.9,2083.3,0,0,0,0,17-Apr-17
OPTIDX,BANKNIFTY,25-May-17,19800,CE,0,0,0,1572.45,1985.1,0,0,0,0,17-Apr-17
OPTIDX,BANKNIFTY,25-May-17,19900,CE,0,0,0,1495.8,1887.35,0,0,0,0,17-Apr-17
OPTIDX,BANKNIFTY,25-May-17,20000,CE,1714.35,1714.35,1688.7,1700,1700,4,34.72,1720,120,17-Apr-17
OPTIDX,BANKNIFTY,25-May-17,20100,CE,0,0,0,1348.7,1693.55,0,0,0,0,17-Apr-17
OPTIDX,BANKNIFTY,25-May-17,20200,CE,0,0,0,1276.8,1597.8,0,0,0,0,17-Apr-17
OPTIDX,BANKNIFTY,25-May-17,20300,CE,0,0,0,1207.9,1503,0,0,0,0,17-Apr-17
OPTIDX,BANKNIFTY,25-May-17,20400,CE,0,0,0,1141.05,1409.45,0,0,0,0,17-Apr-17
OPTIDX,BANKNIFTY,25-May-17,20500,CE,1200,1263.2,1200,1263.2,1263.2,65,565.39,3000,2560,17-Apr-17
OPTIDX,BANKNIFTY,25-May-17,20600,CE,0,0,0,1013.9,1226.9,0,0,0,0,17-Apr-17
OPTIDX,BANKNIFTY,25-May-17,20700,CE,0,0,0,953.6,1138.4,0,0,0,0,17-Apr-17
OPTIDX,BANKNIFTY,25-May-17,20800,CE,0,0,0,895.6,1052.1,0,0,0,0,17-Apr-17
OPTIDX,BANKNIFTY,25-May-17,20900,CE,0,0,0,839.8,968.35,0,0,0,0,17-Apr-17
OPTIDX,BANKNIFTY,25-May-17,21000,CE,846.75,890,841.4,856.85,856.85,43,375.88,2480,720,17-Apr-17
OPTIDX,BANKNIFTY,25-May-17,21100,CE,0,0,0,735.1,809.45,0,0,0,0,17-Apr-17
OPTIDX,BANKNIFTY,25-May-17,21200,CE,0,0,0,686.05,735.6,0,0,0,0,17-Apr-17
OPTIDX,BANKNIFTY,25-May-17,21300,CE,0,0,0,639.35,663.7,0,0,0,0,17-Apr-17
OPTIDX,BANKNIFTY,25-May-17,21400,CE,630,630,630,630,630,1,8.81,160,40,17-Apr-17
OPTIDX,BANKNIFTY,25-May-17,21500,CE,548.6,548.6,498.55,529.8,529.8,113,995.2,15600,1000,17-Apr-17
OPTIDX,BANKNIFTY,25-May-17,21600,CE,0,0,0,512.6,474.15,0,0,0,0,17-Apr-17
OPTIDX,BANKNIFTY,25-May-17,21700,CE,401.65,413,401.65,413,413,16,141.5,400,360,17-Apr-17
OPTIDX,BANKNIFTY,25-May-17,21800,CE,355.75,355.75,355.75,355.75,355.75,10,88.62,400,400,17-Apr-17
OPTIDX,BANKNIFTY,25-May-17,21900,CE,307.85,307.85,307.85,307.85,307.85,5,44.41,200,160,17-Apr-17
OPTIDX,BANKNIFTY,25-May-17,22000,CE,310.1,310.1,251.4,271.5,271.5,406,3616.22,20120,-1040,17-Apr-17
OPTIDX,BANKNIFTY,25-May-17,22100,CE,0,0,0,200,241.45,0,0,40,0,17-Apr-17
OPTIDX,BANKNIFTY,25-May-17,22200,CE,200,200,128.25,128.25,128.25,2,17.89,80,80,17-Apr-17
OPTIDX,BANKNIFTY,25-May-17,22300,CE,156.6,156.6,156.6,156.6,156.6,1,8.98,40,40,17-Apr-17
OPTIDX,BANKNIFTY,25-May-17,22400,CE,137.4,138.85,128.1,128.1,128.1,58,522.77,2320,2320,17-Apr-17
OPTIDX,BANKNIFTY,25-May-17,22500,CE,127.75,127.75,102.6,114.1,114.1,2204,19934.01,95800,59760,17-Apr-17
OPTIDX,BANKNIFTY,25-May-17,22600,CE,0,0,0,204.15,105.4,0,0,0,0,17-Apr-17
OPTIDX,BANKNIFTY,25-May-17,22700,CE,0,0,0,184.1,87.55,0,0,0,0,17-Apr-17
OPTIDX,BANKNIFTY,25-May-17,22800,CE,0,0,0,80,72.25,0,0,240,0,17-Apr-17
OPTIDX,BANKNIFTY,25-May-17,22900,CE,0,0,0,112.15,59.25,0,0,0,0,17-Apr-17
OPTIDX,BANKNIFTY,25-May-17,23000,CE,41,41,34.05,38.7,38.7,94,866.17,2680,2480,17-Apr-17
OPTIDX,BANKNIFTY,25-May-17,23100,CE,0,0,0,125.35,39,0,0,0,0,17-Apr-17
OPTIDX,BANKNIFTY,25-May-17,23200,CE,0,0,0,109.7,31.35,0,0,0,0,17-Apr-17
OPTIDX,BANKNIFTY,25-May-17,23300,CE,0,0,0,75.8,25,0,0,0,0,17-Apr-17
OPTIDX,BANKNIFTY,25-May-17,18900,PE,0,0,0,88.15,0.1,0,0,0,0,17-Apr-17
OPTIDX,BANKNIFTY,25-May-17,19000,PE,7.5,8.05,7.5,8,8,8,60.82,760,200,17-Apr-17
OPTIDX,BANKNIFTY,25-May-17,19100,PE,0,0,0,115.65,0.3,0,0,0,0,17-Apr-17
OPTIDX,BANKNIFTY,25-May-17,19200,PE,0,0,0,130.85,0.4,0,0,0,0,17-Apr-17
OPTIDX,BANKNIFTY,25-May-17,19300,PE,0,0,0,101,0.65,0,0,0,0,17-Apr-17
OPTIDX,BANKNIFTY,25-May-17,19400,PE,0,0,0,114.85,0.95,0,0,0,0,17-Apr-17
OPTIDX,BANKNIFTY,25-May-17,19500,PE,7,8.25,7,8.25,8.25,2,15.6,600,80,17-Apr-17
OPTIDX,BANKNIFTY,25-May-17,19600,PE,0,0,0,146.8,1.95,0,0,0,0,17-Apr-17
OPTIDX,BANKNIFTY,25-May-17,19700,PE,0,0,0,165.15,2.8,0,0,0,0,17-Apr-17
OPTIDX,BANKNIFTY,25-May-17,19800,PE,0,0,0,185.15,4,0,0,0,0,17-Apr-17
OPTIDX,BANKNIFTY,25-May-17,19900,PE,0,0,0,206.9,5.55,0,0,0,0,17-Apr-17
OPTIDX,BANKNIFTY,25-May-17,20000,PE,46,47.85,38.7,39.2,39.2,261,2092.46,14680,3480,17-Apr-17
OPTIDX,BANKNIFTY,25-May-17,20100,PE,0,0,0,256.65,10.4,0,0,0,0,17-Apr-17
OPTIDX,BANKNIFTY,25-May-17,20200,PE,0,0,0,283.2,13.95,0,0,0,0,17-Apr-17
OPTIDX,BANKNIFTY,25-May-17,20300,PE,0,0,0,312.7,18.5,0,0,0,0,17-Apr-17
OPTIDX,BANKNIFTY,25-May-17,20400,PE,0,0,0,344.3,24.25,0,0,0,0,17-Apr-17
OPTIDX,BANKNIFTY,25-May-17,20500,PE,85,93.55,79,80.5,80.5,456,3755.19,24560,9440,17-Apr-17
OPTIDX,BANKNIFTY,25-May-17,20600,PE,104,104,104,104,104,7,57.97,560,280,17-Apr-17
OPTIDX,BANKNIFTY,25-May-17,20700,PE,0,0,0,452.15,51.15,0,0,0,0,17-Apr-17
OPTIDX,BANKNIFTY,25-May-17,20800,PE,0,0,0,492.55,64.2,0,0,0,0,17-Apr-17
OPTIDX,BANKNIFTY,25-May-17,20900,PE,0,0,0,535.2,79.75,0,0,0,0,17-Apr-17
OPTIDX,BANKNIFTY,25-May-17,21000,PE,168.45,185.3,158.25,162,162,266,2252.54,24280,3120,17-Apr-17
OPTIDX,BANKNIFTY,25-May-17,21100,PE,0,0,0,255.45,119.5,0,0,600,0,17-Apr-17
OPTIDX,BANKNIFTY,25-May-17,21200,PE,220,220,220,220,220,1,8.56,40,40,17-Apr-17
OPTIDX,BANKNIFTY,25-May-17,21300,PE,0,0,0,728.45,172.45,0,0,0,0,17-Apr-17
OPTIDX,BANKNIFTY,25-May-17,21400,PE,281.2,288.8,275.15,288.8,288.8,12,104.07,360,360,17-Apr-17
OPTIDX,BANKNIFTY,25-May-17,21500,PE,305.15,358.85,296.3,304.35,304.35,244,2129.73,21840,4320,17-Apr-17
OPTIDX,BANKNIFTY,25-May-17,21600,PE,372.45,372.45,354.45,354.45,354.45,17,149.35,680,680,17-Apr-17
OPTIDX,BANKNIFTY,25-May-17,21700,PE,417.65,417.65,393,400.8,400.8,24,212.19,960,960,17-Apr-17
OPTIDX,BANKNIFTY,25-May-17,21800,PE,466.6,466.6,301,301,301,41,364.98,1640,1640,17-Apr-17
OPTIDX,BANKNIFTY,25-May-17,21900,PE,0,0,0,1084.85,426.7,0,0,0,0,17-Apr-17
OPTIDX,BANKNIFTY,25-May-17,22000,PE,535,575,530,536.4,536.4,32,288.69,4160,600,17-Apr-17
OPTIDX,BANKNIFTY,25-May-17,22100,PE,0,0,0,1220.1,544.8,0,0,0,0,17-Apr-17
OPTIDX,BANKNIFTY,25-May-17,22200,PE,0,0,0,1290.6,609.8,0,0,0,0,17-Apr-17
OPTIDX,BANKNIFTY,25-May-17,22300,PE,0,0,0,1362.85,678.55,0,0,0,0,17-Apr-17
OPTIDX,BANKNIFTY,25-May-17,22400,PE,0,0,0,1437.95,750.9,0,0,0,0,17-Apr-17
OPTIDX,BANKNIFTY,25-May-17,22500,PE,0,0,0,1512.9,826.7,0,0,0,0,17-Apr-17
OPTIDX,BANKNIFTY,25-May-17,22600,PE,0,0,0,1413.55,905.4,0,0,0,0,17-Apr-17
OPTIDX,BANKNIFTY,25-May-17,22700,PE,0,0,0,1492.2,986.9,0,0,0,0,17-Apr-17
OPTIDX,BANKNIFTY,25-May-17,22800,PE,0,0,0,1516.25,1070.9,0,0,0,0,17-Apr-17
OPTIDX,BANKNIFTY,25-May-17,22900,PE,0,0,0,1383.35,1157.2,0,0,0,0,17-Apr-17
OPTIDX,BANKNIFTY,25-May-17,23000,PE,0,0,0,1467.7,1245.5,0,0,0,0,17-Apr-17
OPTIDX,BANKNIFTY,25-May-17,23100,PE,0,0,0,1369.5,1335.6,0,0,0,0,17-Apr-17
OPTIDX,BANKNIFTY,25-May-17,23200,PE,0,0,0,1452.8,1427.25,0,0,0,0,17-Apr-17
OPTIDX,BANKNIFTY,25-May-17,23300,PE,0,0,0,1515.9,1520.25,0,0,0,0,17-Apr-17
OPTIDX,BANKNIFTY,1-Jun-17,19300,CE,0,0,0,1884.4,2502.95,0,0,0,0,17-Apr-17
OPTIDX,BANKNIFTY,1-Jun-17,19400,CE,0,0,0,1794.5,2404.3,0,0,0,0,17-Apr-17
OPTIDX,BANKNIFTY,1-Jun-17,19500,CE,0,0,0,1706,2305.85,0,0,0,0,17-Apr-17
OPTIDX,BANKNIFTY,1-Jun-17,19600,CE,0,0,0,1618.9,2207.65,0,0,0,0,17-Apr-17
OPTIDX,BANKNIFTY,1-Jun-17,19700,CE,0,0,0,1533.45,2109.75,0,0,0,0,17-Apr-17
OPTIDX,BANKNIFTY,1-Jun-17,19800,CE,0,0,0,1449.7,2012.3,0,0,0,0,17-Apr-17
OPTIDX,BANKNIFTY,1-Jun-17,19900,CE,0,0,0,1367.8,1915.35,0,0,0,0,17-Apr-17
OPTIDX,BANKNIFTY,1-Jun-17,20000,CE,0,0,0,1287.95,1819.05,0,0,0,0,17-Apr-17
OPTIDX,BANKNIFTY,1-Jun-17,20100,CE,0,0,0,1210.2,1723.55,0,0,0,0,17-Apr-17
OPTIDX,BANKNIFTY,1-Jun-17,20200,CE,0,0,0,1134.7,1629,0,0,0,0,17-Apr-17
OPTIDX,BANKNIFTY,1-Jun-17,20300,CE,0,0,0,1062.25,1535.55,0,0,0,0,17-Apr-17
OPTIDX,BANKNIFTY,1-Jun-17,20400,CE,0,0,0,990.75,1443.4,0,0,0,0,17-Apr-17
OPTIDX,BANKNIFTY,1-Jun-17,20500,CE,0,0,0,922.7,1352.75,0,0,0,0,17-Apr-17
OPTIDX,BANKNIFTY,1-Jun-17,20600,CE,0,0,0,857.3,1263.9,0,0,0,0,17-Apr-17
OPTIDX,BANKNIFTY,1-Jun-17,20700,CE,0,0,0,794.65,1177,0,0,0,0,17-Apr-17
OPTIDX,BANKNIFTY,1-Jun-17,20800,CE,0,0,0,734.8,1092.3,0,0,0,0,17-Apr-17
OPTIDX,BANKNIFTY,1-Jun-17,20900,CE,0,0,0,677.75,1010.05,0,0,0,0,17-Apr-17
OPTIDX,BANKNIFTY,1-Jun-17,21000,CE,0,0,0,623.6,930.5,0,0,0,0,17-Apr-17
OPTIDX,BANKNIFTY,1-Jun-17,21100,CE,0,0,0,572.3,853.9,0,0,0,0,17-Apr-17
OPTIDX,BANKNIFTY,1-Jun-17,21200,CE,0,0,0,523.8,780.25,0,0,0,0,17-Apr-17
OPTIDX,BANKNIFTY,1-Jun-17,21300,CE,0,0,0,478.2,710.1,0,0,0,0,17-Apr-17
OPTIDX,BANKNIFTY,1-Jun-17,21400,CE,0,0,0,435.45,643.5,0,0,0,0,17-Apr-17
OPTIDX,BANKNIFTY,1-Jun-17,21500,CE,0,0,0,395.5,580.55,0,0,0,0,17-Apr-17
OPTIDX,BANKNIFTY,1-Jun-17,21600,CE,0,0,0,358.2,521.4,0,0,0,0,17-Apr-17
OPTIDX,BANKNIFTY,1-Jun-17,21700,CE,0,0,0,323.55,466.05,0,0,0,0,17-Apr-17
OPTIDX,BANKNIFTY,1-Jun-17,21800,CE,0,0,0,291.5,414.5,0,0,0,0,17-Apr-17
OPTIDX,BANKNIFTY,1-Jun-17,21900,CE,0,0,0,261.9,366.9,0,0,0,0,17-Apr-17
OPTIDX,BANKNIFTY,1-Jun-17,22000,CE,0,0,0,234.65,323.15,0,0,0,0,17-Apr-17
OPTIDX,BANKNIFTY,1-Jun-17,22100,CE,0,0,0,210.65,283.2,0,0,0,0,17-Apr-17
OPTIDX,BANKNIFTY,1-Jun-17,22200,CE,0,0,0,187.05,246.9,0,0,0,0,17-Apr-17
OPTIDX,BANKNIFTY,1-Jun-17,22300,CE,0,0,0,166.25,214.1,0,0,0,0,17-Apr-17
OPTIDX,BANKNIFTY,1-Jun-17,22400,CE,0,0,0,147.35,184.7,0,0,0,0,17-Apr-17
OPTIDX,BANKNIFTY,1-Jun-17,22500,CE,0,0,0,130.25,159.45,0,0,0,0,17-Apr-17
OPTIDX,BANKNIFTY,1-Jun-17,22600,CE,0,0,0,156.65,135.45,0,0,0,0,17-Apr-17
OPTIDX,BANKNIFTY,1-Jun-17,22700,CE,0,0,0,138.9,115,0,0,0,0,17-Apr-17
OPTIDX,BANKNIFTY,1-Jun-17,22800,CE,0,0,0,125.45,97.15,0,0,0,0,17-Apr-17
OPTIDX,BANKNIFTY,1-Jun-17,22900,CE,0,0,0,136.7,81.55,0,0,0,0,17-Apr-17
OPTIDX,BANKNIFTY,1-Jun-17,23000,CE,0,0,0,120.35,68.15,0,0,0,0,17-Apr-17
OPTIDX,BANKNIFTY,1-Jun-17,23100,CE,0,0,0,152,56.6,0,0,0,0,17-Apr-17
OPTIDX,BANKNIFTY,1-Jun-17,23200,CE,0,0,0,134.5,46.75,0,0,0,0,17-Apr-17
OPTIDX,BANKNIFTY,1-Jun-17,23300,CE,0,0,0,97.55,38.35,0,0,0,0,17-Apr-17
OPTIDX,BANKNIFTY,1-Jun-17,19300,PE,0,0,0,46.15,1.3,0,0,0,0,17-Apr-17
OPTIDX,BANKNIFTY,1-Jun-17,19400,PE,0,0,0,55,1.85,0,0,0,0,17-Apr-17
OPTIDX,BANKNIFTY,1-Jun-17,19500,PE,0,0,0,65.2,2.6,0,0,0,0,17-Apr-17
OPTIDX,BANKNIFTY,1-Jun-17,19600,PE,0,0,0,76.9,3.6,0,0,0,0,17-Apr-17
OPTIDX,BANKNIFTY,1-Jun-17,19700,PE,0,0,0,90.15,4.9,0,0,0,0,17-Apr-17
OPTIDX,BANKNIFTY,1-Jun-17,19800,PE,0,0,0,105.15,6.65,0,0,0,0,17-Apr-17
OPTIDX,BANKNIFTY,1-Jun-17,19900,PE,0,0,0,122,8.95,0,0,0,0,17-Apr-17
OPTIDX,BANKNIFTY,1-Jun-17,20000,PE,0,0,0,140.9,11.85,0,0,0,0,17-Apr-17
OPTIDX,BANKNIFTY,1-Jun-17,20100,PE,0,0,0,161.9,15.5,0,0,0,0,17-Apr-17
OPTIDX,BANKNIFTY,1-Jun-17,20200,PE,0,0,0,185.15,20.15,0,0,0,0,17-Apr-17
OPTIDX,BANKNIFTY,1-Jun-17,20300,PE,0,0,0,211.4,25.9,0,0,0,0,17-Apr-17
OPTIDX,BANKNIFTY,1-Jun-17,20400,PE,0,0,0,238.65,32.95,0,0,0,0,17-Apr-17
OPTIDX,BANKNIFTY,1-Jun-17,20500,PE,0,0,0,269.35,41.55,0,0,0,0,17-Apr-17
OPTIDX,BANKNIFTY,1-Jun-17,20600,PE,0,0,0,302.7,51.85,0,0,0,0,17-Apr-17
OPTIDX,BANKNIFTY,1-Jun-17,20700,PE,0,0,0,338.8,64.15,0,0,0,0,17-Apr-17
OPTIDX,BANKNIFTY,1-Jun-17,20800,PE,0,0,0,377.65,78.65,0,0,0,0,17-Apr-17
OPTIDX,BANKNIFTY,1-Jun-17,20900,PE,0,0,0,419.4,95.65,0,0,0,0,17-Apr-17
OPTIDX,BANKNIFTY,1-Jun-17,21000,PE,0,0,0,463.95,115.3,0,0,0,0,17-Apr-17
OPTIDX,BANKNIFTY,1-Jun-17,21100,PE,0,0,0,511.4,137.9,0,0,0,0,17-Apr-17
OPTIDX,BANKNIFTY,1-Jun-17,21200,PE,0,0,0,561.65,163.45,0,0,0,0,17-Apr-17
OPTIDX,BANKNIFTY,1-Jun-17,21300,PE,0,0,0,614.8,192.5,0,0,0,0,17-Apr-17
OPTIDX,BANKNIFTY,1-Jun-17,21400,PE,0,0,0,670.8,225.1,0,0,0,0,17-Apr-17
OPTIDX,BANKNIFTY,1-Jun-17,21500,PE,0,0,0,729.55,261.35,0,0,0,0,17-Apr-17
OPTIDX,BANKNIFTY,1-Jun-17,21600,PE,0,0,0,791.05,301.4,0,0,0,0,17-Apr-17
OPTIDX,BANKNIFTY,1-Jun-17,21700,PE,0,0,0,855.15,345.25,0,0,0,0,17-Apr-17
OPTIDX,BANKNIFTY,1-Jun-17,21800,PE,0,0,0,921.8,392.9,0,0,0,0,17-Apr-17
OPTIDX,BANKNIFTY,1-Jun-17,21900,PE,0,0,0,990.9,444.5,0,0,0,0,17-Apr-17
OPTIDX,BANKNIFTY,1-Jun-17,22000,PE,0,0,0,1062.4,500,0,0,0,0,17-Apr-17
OPTIDX,BANKNIFTY,1-Jun-17,22100,PE,0,0,0,1137.2,559.2,0,0,0,0,17-Apr-17
OPTIDX,BANKNIFTY,1-Jun-17,22200,PE,0,0,0,1212.35,622.1,0,0,0,0,17-Apr-17
OPTIDX,BANKNIFTY,1-Jun-17,22300,PE,0,0,0,1290.25,688.55,0,0,0,0,17-Apr-17
OPTIDX,BANKNIFTY,1-Jun-17,22400,PE,0,0,0,1370.1,758.3,0,0,0,0,17-Apr-17
OPTIDX,BANKNIFTY,1-Jun-17,22500,PE,0,0,0,1451.75,832.25,0,0,0,0,17-Apr-17
OPTIDX,BANKNIFTY,1-Jun-17,22600,PE,0,0,0,1362.4,907.5,0,0,0,0,17-Apr-17
OPTIDX,BANKNIFTY,1-Jun-17,22700,PE,0,0,0,1443.4,986.25,0,0,0,0,17-Apr-17
OPTIDX,BANKNIFTY,1-Jun-17,22800,PE,0,0,0,1434.85,1067.55,0,0,0,0,17-Apr-17
OPTIDX,BANKNIFTY,1-Jun-17,22900,PE,0,0,0,1378.9,1151.2,0,0,0,0,17-Apr-17
OPTIDX,BANKNIFTY,1-Jun-17,23000,PE,0,0,0,1461.35,1236.95,0,0,0,0,17-Apr-17
OPTIDX,BANKNIFTY,1-Jun-17,23100,PE,0,0,0,1366.85,1324.6,0,0,0,0,17-Apr-17
OPTIDX,BANKNIFTY,1-Jun-17,23200,PE,0,0,0,1448.25,1413.95,0,0,0,0,17-Apr-17
OPTIDX,BANKNIFTY,1-Jun-17,23300,PE,0,0,0,1508.85,1504.8,0,0,0,0,17-Apr-17
OPTIDX,BANKNIFTY,8-Jun-17,19800,CE,0,0,0,1874.2,2040,0,0,0,0,17-Apr-17
OPTIDX,BANKNIFTY,8-Jun-17,19900,CE,0,0,0,1782.45,1943.9,0,0,0,0,17-Apr-17
OPTIDX,BANKNIFTY,8-Jun-17,20000,CE,0,0,0,1881.65,1848.55,0,0,0,0,17-Apr-17
OPTIDX,BANKNIFTY,8-Jun-17,20100,CE,0,0,0,1790.35,1754.05,0,0,0,0,17-Apr-17
OPTIDX,BANKNIFTY,8-Jun-17,20200,CE,0,0,0,1700.25,1660.6,0,0,0,0,17-Apr-17
OPTIDX,BANKNIFTY,8-Jun-17,20300,CE,0,0,0,1611.6,1568.35,0,0,0,0,17-Apr-17
OPTIDX,BANKNIFTY,8-Jun-17,20400,CE,0,0,0,1524.5,1477.45,0,0,0,0,17-Apr-17
OPTIDX,BANKNIFTY,8-Jun-17,20500,CE,0,0,0,1439.05,1388.15,0,0,0,0,17-Apr-17
OPTIDX,BANKNIFTY,8-Jun-17,20600,CE,0,0,0,1355.5,1300.65,0,0,0,0,17-Apr-17
OPTIDX,BANKNIFTY,8-Jun-17,20700,CE,0,0,0,1273.95,1215.1,0,0,0,0,17-Apr-17
OPTIDX,BANKNIFTY,8-Jun-17,20800,CE,0,0,0,1194.5,1131.7,0,0,0,0,17-Apr-17
OPTIDX,BANKNIFTY,8-Jun-17,20900,CE,0,0,0,1117.4,1050.7,0,0,0,0,17-Apr-17
OPTIDX,BANKNIFTY,8-Jun-17,21000,CE,0,0,0,1043.5,972.35,0,0,0,0,17-Apr-17
OPTIDX,BANKNIFTY,8-Jun-17,21100,CE,0,0,0,970.3,896.75,0,0,0,0,17-Apr-17
OPTIDX,BANKNIFTY,8-Jun-17,21200,CE,0,0,0,900.85,823.95,0,0,0,0,17-Apr-17
OPTIDX,BANKNIFTY,8-Jun-17,21300,CE,0,0,0,834.15,754.45,0,0,0,0,17-Apr-17
OPTIDX,BANKNIFTY,8-Jun-17,21400,CE,0,0,0,770.35,688.3,0,0,0,0,17-Apr-17
OPTIDX,BANKNIFTY,8-Jun-17,21500,CE,0,0,0,709.45,625.5,0,0,0,0,17-Apr-17
OPTIDX,BANKNIFTY,8-Jun-17,21600,CE,0,0,0,651.55,566.25,0,0,0,0,17-Apr-17
OPTIDX,BANKNIFTY,8-Jun-17,21700,CE,0,0,0,596.7,510.55,0,0,0,0,17-Apr-17
OPTIDX,BANKNIFTY,8-Jun-17,21800,CE,0,0,0,544.9,458.4,0,0,0,0,17-Apr-17
OPTIDX,BANKNIFTY,8-Jun-17,21900,CE,0,0,0,496,409.8,0,0,0,0,17-Apr-17
OPTIDX,BANKNIFTY,8-Jun-17,22000,CE,0,0,0,450.25,364.9,0,0,0,0,17-Apr-17
OPTIDX,BANKNIFTY,8-Jun-17,22100,CE,0,0,0,407.5,323.5,0,0,0,0,17-Apr-17
OPTIDX,BANKNIFTY,8-Jun-17,22200,CE,0,0,0,367.7,285.5,0,0,0,0,17-Apr-17
OPTIDX,BANKNIFTY,8-Jun-17,22300,CE,0,0,0,330.75,250.9,0,0,0,0,17-Apr-17
OPTIDX,BANKNIFTY,8-Jun-17,22400,CE,0,0,0,296.6,219.5,0,0,0,0,17-Apr-17
OPTIDX,BANKNIFTY,8-Jun-17,22500,CE,0,0,0,265.15,191.15,0,0,0,0,17-Apr-17
OPTIDX,BANKNIFTY,8-Jun-17,22600,CE,0,0,0,236.3,166.7,0,0,0,0,17-Apr-17
OPTIDX,BANKNIFTY,8-Jun-17,22700,CE,0,0,0,209.95,143.2,0,0,0,0,17-Apr-17
OPTIDX,BANKNIFTY,8-Jun-17,22800,CE,0,0,0,186.15,123,0,0,0,0,17-Apr-17
OPTIDX,BANKNIFTY,8-Jun-17,22900,CE,0,0,0,164.35,105.2,0,0,0,0,17-Apr-17
OPTIDX,BANKNIFTY,8-Jun-17,23000,CE,0,0,0,144.65,89.55,0,0,0,0,17-Apr-17
OPTIDX,BANKNIFTY,8-Jun-17,23100,CE,0,0,0,126.95,75.85,0,0,0,0,17-Apr-17
OPTIDX,BANKNIFTY,8-Jun-17,23200,CE,0,0,0,111,63.95,0,0,0,0,17-Apr-17
OPTIDX,BANKNIFTY,8-Jun-17,23300,CE,0,0,0,103.3,53.7,0,0,0,0,17-Apr-17
OPTIDX,BANKNIFTY,8-Jun-17,19800,PE,0,0,0,32.95,9.9,0,0,0,0,17-Apr-17
OPTIDX,BANKNIFTY,8-Jun-17,19900,PE,0,0,0,40.15,12.85,0,0,0,0,17-Apr-17
OPTIDX,BANKNIFTY,8-Jun-17,20000,PE,0,0,0,35.9,16.6,0,0,0,0,17-Apr-17
OPTIDX,BANKNIFTY,8-Jun-17,20100,PE,0,0,0,43.45,21.2,0,0,0,0,17-Apr-17
OPTIDX,BANKNIFTY,8-Jun-17,20200,PE,0,0,0,52.3,26.8,0,0,0,0,17-Apr-17
OPTIDX,BANKNIFTY,8-Jun-17,20300,PE,0,0,0,62.5,33.65,0,0,0,0,17-Apr-17
OPTIDX,BANKNIFTY,8-Jun-17,20400,PE,0,0,0,74.3,41.85,0,0,0,0,17-Apr-17
OPTIDX,BANKNIFTY,8-Jun-17,20500,PE,0,0,0,87.75,51.6,0,0,0,0,17-Apr-17
OPTIDX,BANKNIFTY,8-Jun-17,20600,PE,0,0,0,103.1,63.15,0,0,0,0,17-Apr-17
OPTIDX,BANKNIFTY,8-Jun-17,20700,PE,0,0,0,120.4,76.7,0,0,0,0,17-Apr-17
OPTIDX,BANKNIFTY,8-Jun-17,20800,PE,0,0,0,139.85,92.4,0,0,0,0,17-Apr-17
OPTIDX,BANKNIFTY,8-Jun-17,20900,PE,0,0,0,161.6,110.5,0,0,0,0,17-Apr-17
OPTIDX,BANKNIFTY,8-Jun-17,21000,PE,0,0,0,186.6,131.15,0,0,0,0,17-Apr-17
OPTIDX,BANKNIFTY,8-Jun-17,21100,PE,0,0,0,212.3,154.65,0,0,0,0,17-Apr-17
OPTIDX,BANKNIFTY,8-Jun-17,21200,PE,0,0,0,241.75,180.9,0,0,0,0,17-Apr-17
OPTIDX,BANKNIFTY,8-Jun-17,21300,PE,0,0,0,273.95,210.55,0,0,0,0,17-Apr-17
OPTIDX,BANKNIFTY,8-Jun-17,21400,PE,0,0,0,309,243.45,0,0,0,0,17-Apr-17
OPTIDX,BANKNIFTY,8-Jun-17,21500,PE,0,0,0,347,279.75,0,0,0,0,17-Apr-17
OPTIDX,BANKNIFTY,8-Jun-17,21600,PE,0,0,0,388,319.55,0,0,0,0,17-Apr-17
OPTIDX,BANKNIFTY,8-Jun-17,21700,PE,0,0,0,432,362.9,0,0,0,0,17-Apr-17
OPTIDX,BANKNIFTY,8-Jun-17,21800,PE,0,0,0,479.1,409.85,0,0,0,0,17-Apr-17
OPTIDX,BANKNIFTY,8-Jun-17,21900,PE,0,0,0,529.1,460.35,0,0,0,0,17-Apr-17
OPTIDX,BANKNIFTY,8-Jun-17,22000,PE,0,0,0,582.25,514.5,0,0,0,0,17-Apr-17
OPTIDX,BANKNIFTY,8-Jun-17,22100,PE,0,0,0,638.4,572.15,0,0,0,0,17-Apr-17
OPTIDX,BANKNIFTY,8-Jun-17,22200,PE,0,0,0,697.45,633.3,0,0,0,0,17-Apr-17
OPTIDX,BANKNIFTY,8-Jun-17,22300,PE,0,0,0,759.4,697.75,0,0,0,0,17-Apr-17
OPTIDX,BANKNIFTY,8-Jun-17,22400,PE,0,0,0,824.15,765.4,0,0,0,0,17-Apr-17
OPTIDX,BANKNIFTY,8-Jun-17,22500,PE,0,0,0,891.6,836.15,0,0,0,0,17-Apr-17
OPTIDX,BANKNIFTY,8-Jun-17,22600,PE,0,0,0,961.6,910.8,0,0,0,0,17-Apr-17
OPTIDX,BANKNIFTY,8-Jun-17,22700,PE,0,0,0,1034.1,986.35,0,0,0,0,17-Apr-17
OPTIDX,BANKNIFTY,8-Jun-17,22800,PE,0,0,0,1109.2,1065.25,0,0,0,0,17-Apr-17
OPTIDX,BANKNIFTY,8-Jun-17,22900,PE,0,0,0,1186.3,1146.55,0,0,0,0,17-Apr-17
OPTIDX,BANKNIFTY,8-Jun-17,23000,PE,0,0,0,1265.5,1229.95,0,0,0,0,17-Apr-17
OPTIDX,BANKNIFTY,8-Jun-17,23100,PE,0,0,0,1346.65,1315.35,0,0,0,0,17-Apr-17
OPTIDX,BANKNIFTY,8-Jun-17,23200,PE,0,0,0,1429.6,1402.55,0,0,0,0,17-Apr-17
OPTIDX,BANKNIFTY,8-Jun-17,23300,PE,0,0,0,1428.1,1491.3,0,0,0,0,17-Apr-17
OPTIDX,BANKNIFTY,15-Jun-17,20100,CE,0,0,0,1829.4,1784.8,0,0,0,0,17-Apr-17
OPTIDX,BANKNIFTY,15-Jun-17,20200,CE,0,0,0,1737.3,1692.4,0,0,0,0,17-Apr-17
OPTIDX,BANKNIFTY,15-Jun-17,20300,CE,0,0,0,1646.45,1601.25,0,0,0,0,17-Apr-17
OPTIDX,BANKNIFTY,15-Jun-17,20400,CE,0,0,0,1557,1511.5,0,0,0,0,17-Apr-17
OPTIDX,BANKNIFTY,15-Jun-17,20500,CE,0,0,0,1469.1,1423.35,0,0,0,0,17-Apr-17
OPTIDX,BANKNIFTY,15-Jun-17,20600,CE,0,0,0,1382.95,1337,0,0,0,0,17-Apr-17
OPTIDX,BANKNIFTY,15-Jun-17,20700,CE,0,0,0,1298.65,1252.6,0,0,0,0,17-Apr-17
OPTIDX,BANKNIFTY,15-Jun-17,20800,CE,0,0,0,1216.5,1170.3,0,0,0,0,17-Apr-17
OPTIDX,BANKNIFTY,15-Jun-17,20900,CE,0,0,0,1136.55,1090.4,0,0,0,0,17-Apr-17
OPTIDX,BANKNIFTY,15-Jun-17,21000,CE,0,0,0,1059,1012.95,0,0,0,0,17-Apr-17
OPTIDX,BANKNIFTY,15-Jun-17,21100,CE,0,0,0,984.85,938.95,0,0,0,0,17-Apr-17
OPTIDX,BANKNIFTY,15-Jun-17,21200,CE,0,0,0,911.5,866,0,0,0,0,17-Apr-17
OPTIDX,BANKNIFTY,15-Jun-17,21300,CE,0,0,0,842.1,797.05,0,0,0,0,17-Apr-17
OPTIDX,BANKNIFTY,15-Jun-17,21400,CE,0,0,0,775.65,731.2,0,0,0,0,17-Apr-17
OPTIDX,BANKNIFTY,15-Jun-17,21500,CE,0,0,0,712.25,668.55,0,0,0,0,17-Apr-17
OPTIDX,BANKNIFTY,15-Jun-17,21600,CE,0,0,0,651.95,609.15,0,0,0,0,17-Apr-17
OPTIDX,BANKNIFTY,15-Jun-17,21700,CE,0,0,0,594.9,553.1,0,0,0,0,17-Apr-17
OPTIDX,BANKNIFTY,15-Jun-17,21800,CE,0,0,0,541.05,500.4,0,0,0,0,17-Apr-17
OPTIDX,BANKNIFTY,15-Jun-17,21900,CE,0,0,0,490.35,451,0,0,0,0,17-Apr-17
OPTIDX,BANKNIFTY,15-Jun-17,22000,CE,0,0,0,442.95,405.1,0,0,0,0,17-Apr-17
OPTIDX,BANKNIFTY,15-Jun-17,22100,CE,0,0,0,398.8,362.45,0,0,0,0,17-Apr-17
OPTIDX,BANKNIFTY,15-Jun-17,22200,CE,0,0,0,357.8,323.1,0,0,0,0,17-Apr-17
OPTIDX,BANKNIFTY,15-Jun-17,22300,CE,0,0,0,319.9,286.9,0,0,0,0,17-Apr-17
OPTIDX,BANKNIFTY,15-Jun-17,22400,CE,0,0,0,285,253.75,0,0,0,0,17-Apr-17
OPTIDX,BANKNIFTY,15-Jun-17,22500,CE,0,0,0,253,223.6,0,0,0,0,17-Apr-17
OPTIDX,BANKNIFTY,15-Jun-17,22600,CE,0,0,0,223.8,196.2,0,0,0,0,17-Apr-17
OPTIDX,BANKNIFTY,15-Jun-17,22700,CE,0,0,0,197.25,171.7,0,0,0,0,17-Apr-17
OPTIDX,BANKNIFTY,15-Jun-17,22800,CE,0,0,0,173.45,149.55,0,0,0,0,17-Apr-17
OPTIDX,BANKNIFTY,15-Jun-17,22900,CE,0,0,0,151.8,129.7,0,0,0,0,17-Apr-17
OPTIDX,BANKNIFTY,15-Jun-17,23000,CE,0,0,0,132.35,112.05,0,0,0,0,17-Apr-17
OPTIDX,BANKNIFTY,15-Jun-17,23100,CE,0,0,0,115,96.4,0,0,0,0,17-Apr-17
OPTIDX,BANKNIFTY,15-Jun-17,23200,CE,0,0,0,99.5,82.65,0,0,0,0,17-Apr-17
OPTIDX,BANKNIFTY,15-Jun-17,23300,CE,0,0,0,85.8,70.5,0,0,0,0,17-Apr-17
OPTIDX,BANKNIFTY,15-Jun-17,20100,PE,0,0,0,29.8,27.15,0,0,0,0,17-Apr-17
OPTIDX,BANKNIFTY,15-Jun-17,20200,PE,0,0,0,36.65,33.7,0,0,0,0,17-Apr-17
OPTIDX,BANKNIFTY,15-Jun-17,20300,PE,0,0,0,44.75,41.45,0,0,0,0,17-Apr-17
OPTIDX,BANKNIFTY,15-Jun-17,20400,PE,0,0,0,54.25,50.7,0,0,0,0,17-Apr-17
OPTIDX,BANKNIFTY,15-Jun-17,20500,PE,0,0,0,65.3,61.5,0,0,0,0,17-Apr-17
OPTIDX,BANKNIFTY,15-Jun-17,20600,PE,0,0,0,78.05,74.1,0,0,0,0,17-Apr-17
OPTIDX,BANKNIFTY,15-Jun-17,20700,PE,0,0,0,92.75,88.65,0,0,0,0,17-Apr-17
OPTIDX,BANKNIFTY,15-Jun-17,20800,PE,0,0,0,109.5,105.3,0,0,0,0,17-Apr-17
OPTIDX,BANKNIFTY,15-Jun-17,20900,PE,0,0,0,128.5,124.35,0,0,0,0,17-Apr-17
OPTIDX,BANKNIFTY,15-Jun-17,21000,PE,0,0,0,149.9,145.85,0,0,0,0,17-Apr-17
OPTIDX,BANKNIFTY,15-Jun-17,21100,PE,0,0,0,174.65,170.8,0,0,0,0,17-Apr-17
OPTIDX,BANKNIFTY,15-Jun-17,21200,PE,0,0,0,200.3,196.85,0,0,0,0,17-Apr-17
OPTIDX,BANKNIFTY,15-Jun-17,21300,PE,0,0,0,229.8,226.85,0,0,0,0,17-Apr-17
OPTIDX,BANKNIFTY,15-Jun-17,21400,PE,0,0,0,262.3,259.95,0,0,0,0,17-Apr-17
OPTIDX,BANKNIFTY,15-Jun-17,21500,PE,0,0,0,297.85,296.2,0,0,0,0,17-Apr-17
OPTIDX,BANKNIFTY,15-Jun-17,21600,PE,0,0,0,336.5,335.8,0,0,0,0,17-Apr-17
OPTIDX,BANKNIFTY,15-Jun-17,21700,PE,0,0,0,378.35,378.7,0,0,0,0,17-Apr-17
OPTIDX,BANKNIFTY,15-Jun-17,21800,PE,0,0,0,423.45,424.95,0,0,0,0,17-Apr-17
OPTIDX,BANKNIFTY,15-Jun-17,21900,PE,0,0,0,471.7,474.55,0,0,0,0,17-Apr-17
OPTIDX,BANKNIFTY,15-Jun-17,22000,PE,0,0,0,523.25,527.55,0,0,0,0,17-Apr-17
OPTIDX,BANKNIFTY,15-Jun-17,22100,PE,0,0,0,578.05,583.85,0,0,0,0,17-Apr-17
OPTIDX,BANKNIFTY,15-Jun-17,22200,PE,0,0,0,636,643.45,0,0,0,0,17-Apr-17
OPTIDX,BANKNIFTY,15-Jun-17,22300,PE,0,0,0,697.05,706.2,0,0,0,0,17-Apr-17
OPTIDX,BANKNIFTY,15-Jun-17,22400,PE,0,0,0,761.05,772.05,0,0,0,0,17-Apr-17
OPTIDX,BANKNIFTY,15-Jun-17,22500,PE,0,0,0,828,840.8,0,0,0,0,17-Apr-17
OPTIDX,BANKNIFTY,15-Jun-17,22600,PE,0,0,0,897.75,912.4,0,0,0,0,17-Apr-17
OPTIDX,BANKNIFTY,15-Jun-17,22700,PE,0,0,0,970.15,986.85,0,0,0,0,17-Apr-17
OPTIDX,BANKNIFTY,15-Jun-17,22800,PE,0,0,0,1045.25,1063.65,0,0,0,0,17-Apr-17
OPTIDX,BANKNIFTY,15-Jun-17,22900,PE,0,0,0,1122.55,1142.75,0,0,0,0,17-Apr-17
OPTIDX,BANKNIFTY,15-Jun-17,23000,PE,0,0,0,1202.05,1224.1,0,0,0,0,17-Apr-17
OPTIDX,BANKNIFTY,15-Jun-17,23100,PE,0,0,0,1283.6,1307.4,0,0,0,0,17-Apr-17
OPTIDX,BANKNIFTY,15-Jun-17,23200,PE,0,0,0,1367.1,1392.55,0,0,0,0,17-Apr-17
OPTIDX,BANKNIFTY,15-Jun-17,23300,PE,0,0,0,1452.35,1479.4,0,0,0,0,17-Apr-17
OPTIDX,BANKNIFTY,29-Jun-17,19800,CE,0,0,0,2033.85,2125,0,0,0,0,17-Apr-17
OPTIDX,BANKNIFTY,29-Jun-17,19900,CE,0,0,0,1946.7,2031.25,0,0,0,0,17-Apr-17
OPTIDX,BANKNIFTY,29-Jun-17,20000,CE,0,0,0,2032.05,1938.45,0,0,0,0,17-Apr-17
OPTIDX,BANKNIFTY,29-Jun-17,20100,CE,0,0,0,1945.6,1846.7,0,0,0,0,17-Apr-17
OPTIDX,BANKNIFTY,29-Jun-17,20200,CE,0,0,0,1860.55,1756.1,0,0,0,0,17-Apr-17
OPTIDX,BANKNIFTY,29-Jun-17,20300,CE,0,0,0,1776.9,1666.85,0,0,0,0,17-Apr-17
OPTIDX,BANKNIFTY,29-Jun-17,20400,CE,0,0,0,1694.8,1579,0,0,0,0,17-Apr-17
OPTIDX,BANKNIFTY,29-Jun-17,20500,CE,0,0,0,1614.3,1492.8,0,0,0,0,17-Apr-17
OPTIDX,BANKNIFTY,29-Jun-17,20600,CE,0,0,0,1535.5,1408.35,0,0,0,0,17-Apr-17
OPTIDX,BANKNIFTY,29-Jun-17,20700,CE,0,0,0,1458.45,1325.75,0,0,0,0,17-Apr-17
OPTIDX,BANKNIFTY,29-Jun-17,20800,CE,0,0,0,1383.3,1245.25,0,0,0,0,17-Apr-17
OPTIDX,BANKNIFTY,29-Jun-17,20900,CE,0,0,0,1310.85,1166.95,0,0,0,0,17-Apr-17
OPTIDX,BANKNIFTY,29-Jun-17,21000,CE,0,0,0,1238.7,1090.95,0,0,0,0,17-Apr-17
OPTIDX,BANKNIFTY,29-Jun-17,21100,CE,0,0,0,1169.6,1018.1,0,0,0,0,17-Apr-17
OPTIDX,BANKNIFTY,29-Jun-17,21200,CE,0,0,0,1102.7,946.25,0,0,0,0,17-Apr-17
OPTIDX,BANKNIFTY,29-Jun-17,21300,CE,0,0,0,1038,878,0,0,0,0,17-Apr-17
OPTIDX,BANKNIFTY,29-Jun-17,21400,CE,0,0,0,975.55,812.55,0,0,0,0,17-Apr-17
OPTIDX,BANKNIFTY,29-Jun-17,21500,CE,0,0,0,915.4,750,0,0,0,0,17-Apr-17
OPTIDX,BANKNIFTY,29-Jun-17,21600,CE,0,0,0,857.55,690.35,0,0,0,0,17-Apr-17
OPTIDX,BANKNIFTY,29-Jun-17,21700,CE,0,0,0,802,633.7,0,0,0,0,17-Apr-17
OPTIDX,BANKNIFTY,29-Jun-17,21800,CE,0,0,0,748.85,580.05,0,0,0,0,17-Apr-17
OPTIDX,BANKNIFTY,29-Jun-17,21900,CE,0,0,0,698.05,529.3,0,0,0,0,17-Apr-17
OPTIDX,BANKNIFTY,29-Jun-17,22000,CE,0,0,0,649.5,481.7,0,0,0,0,17-Apr-17
OPTIDX,BANKNIFTY,29-Jun-17,22100,CE,0,0,0,603.4,437.1,0,0,0,0,17-Apr-17
OPTIDX,BANKNIFTY,29-Jun-17,22200,CE,0,0,0,559.55,395.45,0,0,0,0,17-Apr-17
OPTIDX,BANKNIFTY,29-Jun-17,22300,CE,0,0,0,518.05,356.7,0,0,0,0,17-Apr-17
OPTIDX,BANKNIFTY,29-Jun-17,22400,CE,0,0,0,478.8,320.75,0,0,0,0,17-Apr-17
OPTIDX,BANKNIFTY,29-Jun-17,22500,CE,0,0,0,441.7,287.55,0,0,0,0,17-Apr-17
OPTIDX,BANKNIFTY,29-Jun-17,22600,CE,0,0,0,406.8,257,0,0,0,0,17-Apr-17
OPTIDX,BANKNIFTY,29-Jun-17,22700,CE,0,0,0,374,228.95,0,0,0,0,17-Apr-17
OPTIDX,BANKNIFTY,29-Jun-17,22800,CE,0,0,0,343.2,204.35,0,0,0,0,17-Apr-17
OPTIDX,BANKNIFTY,29-Jun-17,22900,CE,0,0,0,314.4,180.3,0,0,0,0,17-Apr-17
OPTIDX,BANKNIFTY,29-Jun-17,23000,CE,0,0,0,287.55,159.2,0,0,0,0,17-Apr-17
OPTIDX,BANKNIFTY,29-Jun-17,23100,CE,0,0,0,263.5,140.1,0,0,0,0,17-Apr-17
OPTIDX,BANKNIFTY,29-Jun-17,23200,CE,0,0,0,239.5,122.9,0,0,0,0,17-Apr-17
OPTIDX,BANKNIFTY,29-Jun-17,23300,CE,0,0,0,193.1,107.5,0,0,0,0,17-Apr-17
OPTIDX,BANKNIFTY,29-Jun-17,19800,PE,0,0,0,73.85,21.65,0,0,0,0,17-Apr-17
OPTIDX,BANKNIFTY,29-Jun-17,19900,PE,0,0,0,85.1,26.65,0,0,0,0,17-Apr-17
OPTIDX,BANKNIFTY,29-Jun-17,20000,PE,0,0,0,81.5,32.55,0,0,0,0,17-Apr-17
OPTIDX,BANKNIFTY,29-Jun-17,20100,PE,0,0,0,93.45,39.5,0,0,0,0,17-Apr-17
OPTIDX,BANKNIFTY,29-Jun-17,20200,PE,0,0,0,106.7,47.6,0,0,0,0,17-Apr-17
OPTIDX,BANKNIFTY,29-Jun-17,20300,PE,0,0,0,121.4,57.05,0,0,0,0,17-Apr-17
OPTIDX,BANKNIFTY,29-Jun-17,20400,PE,0,0,0,137.65,67.95,0,0,0,0,17-Apr-17
OPTIDX,BANKNIFTY,29-Jun-17,20500,PE,0,0,0,155.5,80.4,0,0,0,0,17-Apr-17
OPTIDX,BANKNIFTY,29-Jun-17,20600,PE,0,0,0,175.05,94.65,0,0,0,0,17-Apr-17
OPTIDX,BANKNIFTY,29-Jun-17,20700,PE,0,0,0,196.4,110.8,0,0,0,0,17-Apr-17
OPTIDX,BANKNIFTY,29-Jun-17,20800,PE,0,0,0,219.6,129,0,0,0,0,17-Apr-17
OPTIDX,BANKNIFTY,29-Jun-17,20900,PE,0,0,0,245.45,149.4,0,0,0,0,17-Apr-17
OPTIDX,BANKNIFTY,29-Jun-17,21000,PE,0,0,0,271.65,172.1,0,0,0,0,17-Apr-17
OPTIDX,BANKNIFTY,29-Jun-17,21100,PE,0,0,0,300.95,198,0,0,0,0,17-Apr-17
OPTIDX,BANKNIFTY,29-Jun-17,21200,PE,0,0,0,332.4,224.8,0,0,0,0,17-Apr-17
OPTIDX,BANKNIFTY,29-Jun-17,21300,PE,0,0,0,366,255.3,0,0,0,0,17-Apr-17
OPTIDX,BANKNIFTY,29-Jun-17,21400,PE,0,0,0,401.9,288.55,0,0,0,0,17-Apr-17
OPTIDX,BANKNIFTY,29-Jun-17,21500,PE,0,0,0,440.1,324.7,0,0,0,0,17-Apr-17
OPTIDX,BANKNIFTY,29-Jun-17,21600,PE,0,0,0,480.6,363.75,0,0,0,0,17-Apr-17
OPTIDX,BANKNIFTY,29-Jun-17,21700,PE,0,0,0,523.45,405.8,0,0,0,0,17-Apr-17
OPTIDX,BANKNIFTY,29-Jun-17,21800,PE,0,0,0,568.65,450.85,0,0,0,0,17-Apr-17
OPTIDX,BANKNIFTY,29-Jun-17,21900,PE,0,0,0,616.2,498.85,0,0,0,0,17-Apr-17
OPTIDX,BANKNIFTY,29-Jun-17,22000,PE,0,0,0,666,549.95,0,0,0,0,17-Apr-17
OPTIDX,BANKNIFTY,29-Jun-17,22100,PE,0,0,0,718.2,604.05,0,0,0,0,17-Apr-17
OPTIDX,BANKNIFTY,29-Jun-17,22200,PE,0,0,0,772.75,661.1,0,0,0,0,17-Apr-17
OPTIDX,BANKNIFTY,29-Jun-17,22300,PE,0,0,0,829.6,721.05,0,0,0,0,17-Apr-17
OPTIDX,BANKNIFTY,29-Jun-17,22400,PE,0,0,0,888.65,783.85,0,0,0,0,17-Apr-17
OPTIDX,BANKNIFTY,29-Jun-17,22500,PE,0,0,0,949.95,849.35,0,0,0,0,17-Apr-17
OPTIDX,BANKNIFTY,29-Jun-17,22600,PE,0,0,0,1013.4,917.5,0,0,0,0,17-Apr-17
OPTIDX,BANKNIFTY,29-Jun-17,22700,PE,0,0,0,1078.9,988.2,0,0,0,0,17-Apr-17
OPTIDX,BANKNIFTY,29-Jun-17,22800,PE,0,0,0,1146.5,1062.25,0,0,0,0,17-Apr-17
OPTIDX,BANKNIFTY,29-Jun-17,22900,PE,0,0,0,1216.05,1136.95,0,0,0,0,17-Apr-17
OPTIDX,BANKNIFTY,29-Jun-17,23000,PE,0,0,0,1287.5,1214.55,0,0,0,0,17-Apr-17
OPTIDX,BANKNIFTY,29-Jun-17,23100,PE,0,0,0,1361.85,1294.15,0,0,0,0,17-Apr-17
OPTIDX,BANKNIFTY,29-Jun-17,23200,PE,0,0,0,1436.2,1375.7,0,0,0,0,17-Apr-17
OPTIDX,BANKNIFTY,29-Jun-17,23300,PE,0,0,0,1489.3,1458.95,0,0,0,0,17-Apr-17
OPTIDX,FTSE100,21-Apr-17,6300,CE,0,0,0,909.9,1032,0,0,0,0,17-Apr-17
OPTIDX,FTSE100,21-Apr-17,6400,CE,0,0,0,911.7,932.05,0,0,0,0,17-Apr-17
OPTIDX,FTSE100,21-Apr-17,6500,CE,0,0,0,814.2,832.15,0,0,0,0,17-Apr-17
OPTIDX,FTSE100,21-Apr-17,6600,CE,0,0,0,717.7,732.2,0,0,0,0,17-Apr-17
OPTIDX,FTSE100,21-Apr-17,6700,CE,0,0,0,622.9,632.3,0,0,0,0,17-Apr-17
OPTIDX,FTSE100,21-Apr-17,6800,CE,0,0,0,531,532.35,0,0,0,0,17-Apr-17
OPTIDX,FTSE100,21-Apr-17,6900,CE,0,0,0,443.25,432.4,0,0,0,0,17-Apr-17
OPTIDX,FTSE100,21-Apr-17,7000,CE,0,0,0,361.4,332.5,0,0,0,0,17-Apr-17
OPTIDX,FTSE100,21-Apr-17,7100,CE,0,0,0,286.9,232.55,0,0,0,0,17-Apr-17
OPTIDX,FTSE100,21-Apr-17,7200,CE,0,0,0,221.3,133,0,0,0,0,17-Apr-17
OPTIDX,FTSE100,21-Apr-17,7300,CE,0,0,0,165.5,44.55,0,0,0,0,17-Apr-17
OPTIDX,FTSE100,21-Apr-17,7400,CE,0,0,0,119.7,4.55,0,0,0,0,17-Apr-17
OPTIDX,FTSE100,21-Apr-17,7500,CE,0,0,0,83.7,0.1,0,0,0,0,17-Apr-17
OPTIDX,FTSE100,21-Apr-17,7600,CE,0,0,0,56.5,0,0,0,0,0,17-Apr-17
OPTIDX,FTSE100,21-Apr-17,7700,CE,0,0,0,36.8,0,0,0,0,0,17-Apr-17
OPTIDX,FTSE100,21-Apr-17,7800,CE,0,0,0,23.1,0,0,0,0,0,17-Apr-17
OPTIDX,FTSE100,21-Apr-17,7900,CE,0,0,0,13.95,0,0,0,0,0,17-Apr-17
OPTIDX,FTSE100,21-Apr-17,8000,CE,0,0,0,8.15,0,0,0,0,0,17-Apr-17
OPTIDX,FTSE100,21-Apr-17,8100,CE,0,0,0,0.7,0,0,0,0,0,17-Apr-17
OPTIDX,FTSE100,21-Apr-17,8200,CE,0,0,0,0.05,0,0,0,0,0,17-Apr-17
OPTIDX,FTSE100,21-Apr-17,6300,PE,0,0,0,0.25,0,0,0,0,0,17-Apr-17
OPTIDX,FTSE100,21-Apr-17,6400,PE,0,0,0,0.65,0,0,0,0,0,17-Apr-17
OPTIDX,FTSE100,21-Apr-17,6500,PE,0,0,0,1.55,0,0,0,0,0,17-Apr-17
OPTIDX,FTSE100,21-Apr-17,6600,PE,0,0,0,3.4,0,0,0,0,0,17-Apr-17
OPTIDX,FTSE100,21-Apr-17,6700,PE,0,0,0,7.05,0,0,0,0,0,17-Apr-17
OPTIDX,FTSE100,21-Apr-17,6800,PE,0,0,0,13.5,0,0,0,0,0,17-Apr-17
OPTIDX,FTSE100,21-Apr-17,6900,PE,0,0,0,24.2,0,0,0,0,0,17-Apr-17
OPTIDX,FTSE100,21-Apr-17,7000,PE,0,0,0,40.7,0,0,0,0,0,17-Apr-17
OPTIDX,FTSE100,21-Apr-17,7100,PE,0,0,0,64.6,0,0,0,0,0,17-Apr-17
OPTIDX,FTSE100,21-Apr-17,7200,PE,0,0,0,97.4,0.35,0,0,0,0,17-Apr-17
OPTIDX,FTSE100,21-Apr-17,7300,PE,0,0,0,140,11.85,0,0,0,0,17-Apr-17
OPTIDX,FTSE100,21-Apr-17,7400,PE,0,0,0,192.6,71.8,0,0,0,0,17-Apr-17
OPTIDX,FTSE100,21-Apr-17,7500,PE,0,0,0,254.95,167.3,0,0,0,0,17-Apr-17
OPTIDX,FTSE100,21-Apr-17,7600,PE,0,0,0,326.2,267.15,0,0,0,0,17-Apr-17
OPTIDX,FTSE100,21-Apr-17,7700,PE,0,0,0,404.9,367.05,0,0,0,0,17-Apr-17
OPTIDX,FTSE100,21-Apr-17,7800,PE,0,0,0,489.6,467,0,0,0,0,17-Apr-17
OPTIDX,FTSE100,21-Apr-17,7900,PE,0,0,0,578.85,566.95,0,0,0,0,17-Apr-17
OPTIDX,FTSE100,21-Apr-17,8000,PE,0,0,0,671.4,666.85,0,0,0,0,17-Apr-17
OPTIDX,FTSE100,21-Apr-17,8100,PE,0,0,0,744.25,766.8,0,0,0,0,17-Apr-17
OPTIDX,FTSE100,21-Apr-17,8200,PE,0,0,0,743.8,866.7,0,0,0,0,17-Apr-17
OPTIDX,FTSE100,19-May-17,6400,CE,0,0,0,935.95,964,0,0,0,0,17-Apr-17
OPTIDX,FTSE100,19-May-17,6500,CE,0,0,0,881.65,864.55,0,0,0,0,17-Apr-17
OPTIDX,FTSE100,19-May-17,6600,CE,0,0,0,783.5,765.1,0,0,0,0,17-Apr-17
OPTIDX,FTSE100,19-May-17,6700,CE,0,0,0,685.85,665.7,0,0,0,0,17-Apr-17
OPTIDX,FTSE100,19-May-17,6800,CE,0,0,0,589.2,566.25,0,0,0,0,17-Apr-17
OPTIDX,FTSE100,19-May-17,6900,CE,0,0,0,494.7,467,0,0,0,0,17-Apr-17
OPTIDX,FTSE100,19-May-17,7000,CE,0,0,0,403.95,368.4,0,0,0,0,17-Apr-17
OPTIDX,FTSE100,19-May-17,7100,CE,0,0,0,319.15,272.5,0,0,0,0,17-Apr-17
OPTIDX,FTSE100,19-May-17,7200,CE,0,0,0,242.6,184,0,0,0,0,17-Apr-17
OPTIDX,FTSE100,19-May-17,7300,CE,0,0,0,176.65,109.9,0,0,0,0,17-Apr-17
OPTIDX,FTSE100,19-May-17,7400,CE,0,0,0,122.6,56.3,0,0,0,0,17-Apr-17
OPTIDX,FTSE100,19-May-17,7500,CE,0,0,0,80.8,24.15,0,0,0,0,17-Apr-17
OPTIDX,FTSE100,19-May-17,7600,CE,0,0,0,50.45,8.5,0,0,0,0,17-Apr-17
OPTIDX,FTSE100,19-May-17,7700,CE,0,0,0,29.85,2.45,0,0,0,0,17-Apr-17
OPTIDX,FTSE100,19-May-17,7800,CE,0,0,0,16.65,0.6,0,0,0,0,17-Apr-17
OPTIDX,FTSE100,19-May-17,7900,CE,0,0,0,8.75,0.1,0,0,0,0,17-Apr-17
OPTIDX,FTSE100,19-May-17,8000,CE,0,0,0,4.35,0.05,0,0,0,0,17-Apr-17
OPTIDX,FTSE100,19-May-17,8100,CE,0,0,0,2.05,0,0,0,0,0,17-Apr-17
OPTIDX,FTSE100,19-May-17,8200,CE,0,0,0,0.85,0,0,0,0,0,17-Apr-17
OPTIDX,FTSE100,19-May-17,6400,PE,0,0,0,0.05,0,0,0,0,0,17-Apr-17
OPTIDX,FTSE100,19-May-17,6500,PE,0,0,0,0.15,0,0,0,0,0,17-Apr-17
OPTIDX,FTSE100,19-May-17,6600,PE,0,0,0,0.4,0,0,0,0,0,17-Apr-17
OPTIDX,FTSE100,19-May-17,6700,PE,0,0,0,1.1,0,0,0,0,0,17-Apr-17
OPTIDX,FTSE100,19-May-17,6800,PE,0,0,0,2.9,0.05,0,0,0,0,17-Apr-17
OPTIDX,FTSE100,19-May-17,6900,PE,0,0,0,6.8,0.2,0,0,0,0,17-Apr-17
OPTIDX,FTSE100,19-May-17,7000,PE,0,0,0,14.45,1,0,0,0,0,17-Apr-17
OPTIDX,FTSE100,19-May-17,7100,PE,0,0,0,28.05,4.55,0,0,0,0,17-Apr-17
OPTIDX,FTSE100,19-May-17,7200,PE,0,0,0,49.9,15.5,0,0,0,0,17-Apr-17
OPTIDX,FTSE100,19-May-17,7300,PE,0,0,0,82.35,40.8,0,0,0,0,17-Apr-17
OPTIDX,FTSE100,19-May-17,7400,PE,0,0,0,126.7,86.65,0,0,0,0,17-Apr-17
OPTIDX,FTSE100,19-May-17,7500,PE,0,0,0,183.35,153.95,0,0,0,0,17-Apr-17
OPTIDX,FTSE100,19-May-17,7600,PE,0,0,0,251.4,237.75,0,0,0,0,17-Apr-17
OPTIDX,FTSE100,19-May-17,7700,PE,0,0,0,329.2,331.1,0,0,0,0,17-Apr-17
OPTIDX,FTSE100,19-May-17,7800,PE,0,0,0,414.4,428.65,0,0,0,0,17-Apr-17
OPTIDX,FTSE100,19-May-17,7900,PE,0,0,0,504.9,527.65,0,0,0,0,17-Apr-17
OPTIDX,FTSE100,19-May-17,8000,PE,0,0,0,598.9,627,0,0,0,0,17-Apr-17
OPTIDX,FTSE100,19-May-17,8100,PE,0,0,0,695,726.4,0,0,0,0,17-Apr-17
OPTIDX,FTSE100,19-May-17,8200,PE,0,0,0,703.8,825.85,0,0,0,0,17-Apr-17
OPTIDX,FTSE100,16-Jun-17,5200,CE,0,0,0,1199.1,2182.9,0,0,0,0,17-Apr-17
OPTIDX,FTSE100,16-Jun-17,5300,CE,0,0,0,1122.1,2083.95,0,0,0,0,17-Apr-17
OPTIDX,FTSE100,16-Jun-17,5400,CE,0,0,0,1047.5,1985,0,0,0,0,17-Apr-17
OPTIDX,FTSE100,16-Jun-17,5500,CE,0,0,0,975.55,1886.05,0,0,0,0,17-Apr-17
OPTIDX,FTSE100,16-Jun-17,5600,CE,0,0,0,906.45,1787.15,0,0,0,0,17-Apr-17
OPTIDX,FTSE100,16-Jun-17,5700,CE,0,0,0,840,1688.2,0,0,0,0,17-Apr-17
OPTIDX,FTSE100,16-Jun-17,5800,CE,0,0,0,776.3,1589.25,0,0,0,0,17-Apr-17
OPTIDX,FTSE100,16-Jun-17,5900,CE,0,0,0,715.95,1490.3,0,0,0,0,17-Apr-17
OPTIDX,FTSE100,16-Jun-17,6000,CE,0,0,0,658.7,1391.4,0,0,0,0,17-Apr-17
OPTIDX,FTSE100,16-Jun-17,6100,CE,0,0,0,604.6,1292.45,0,0,0,0,17-Apr-17
OPTIDX,FTSE100,16-Jun-17,6200,CE,0,0,0,553.55,1193.5,0,0,0,0,17-Apr-17
OPTIDX,FTSE100,16-Jun-17,6300,CE,0,0,0,505.7,1094.55,0,0,0,0,17-Apr-17
OPTIDX,FTSE100,16-Jun-17,6400,CE,0,0,0,460.85,995.65,0,0,0,0,17-Apr-17
OPTIDX,FTSE100,16-Jun-17,6500,CE,0,0,0,419.05,896.7,0,0,0,0,17-Apr-17
OPTIDX,FTSE100,16-Jun-17,6600,CE,0,0,0,380.15,797.75,0,0,0,0,17-Apr-17
OPTIDX,FTSE100,16-Jun-17,6700,CE,0,0,0,344.1,698.9,0,0,0,0,17-Apr-17
OPTIDX,FTSE100,16-Jun-17,6800,CE,0,0,0,310.8,600.25,0,0,0,0,17-Apr-17
OPTIDX,FTSE100,16-Jun-17,6900,CE,0,0,0,466.4,502.25,0,0,0,0,17-Apr-17
OPTIDX,FTSE100,16-Jun-17,7000,CE,0,0,0,430.85,406.2,0,0,0,0,17-Apr-17
OPTIDX,FTSE100,16-Jun-17,7100,CE,0,0,0,389.95,314.25,0,0,0,0,17-Apr-17
OPTIDX,FTSE100,16-Jun-17,7200,CE,0,0,0,675.35,229.95,0,0,0,0,17-Apr-17
OPTIDX,FTSE100,16-Jun-17,7300,CE,0,0,0,723.95,157.25,0,0,0,0,17-Apr-17
OPTIDX,FTSE100,16-Jun-17,7400,CE,0,0,0,707.35,99.4,0,0,0,0,17-Apr-17
OPTIDX,FTSE100,16-Jun-17,7500,CE,0,0,0,633.45,57.5,0,0,0,0,17-Apr-17
OPTIDX,FTSE100,16-Jun-17,7600,CE,0,0,0,380.15,30.25,0,0,0,0,17-Apr-17
OPTIDX,FTSE100,16-Jun-17,7700,CE,0,0,0,302.65,14.4,0,0,0,0,17-Apr-17
OPTIDX,FTSE100,16-Jun-17,7800,CE,0,0,0,204.1,6.15,0,0,0,0,17-Apr-17
OPTIDX,FTSE100,16-Jun-17,7900,CE,0,0,0,217.45,2.4,0,0,0,0,17-Apr-17
OPTIDX,FTSE100,16-Jun-17,8000,CE,0,0,0,31.55,0.85,0,0,0,0,17-Apr-17
OPTIDX,FTSE100,16-Jun-17,8100,CE,0,0,0,21.65,0.25,0,0,0,0,17-Apr-17
OPTIDX,FTSE100,16-Jun-17,8200,CE,0,0,0,3.55,0.1,0,0,0,0,17-Apr-17
OPTIDX,FTSE100,16-Jun-17,5200,PE,0,0,0,72.05,0,0,0,0,0,17-Apr-17
OPTIDX,FTSE100,16-Jun-17,5300,PE,0,0,0,88.1,0,0,0,0,0,17-Apr-17
OPTIDX,FTSE100,16-Jun-17,5400,PE,0,0,0,106.6,0,0,0,0,0,17-Apr-17
OPTIDX,FTSE100,16-Jun-17,5500,PE,0,0,0,127.7,0,0,0,0,0,17-Apr-17
OPTIDX,FTSE100,16-Jun-17,5600,PE,0,0,0,151.65,0,0,0,0,0,17-Apr-17
OPTIDX,FTSE100,16-Jun-17,5700,PE,0,0,0,178.3,0,0,0,0,0,17-Apr-17
OPTIDX,FTSE100,16-Jun-17,5800,PE,0,0,0,207.7,0,0,0,0,0,17-Apr-17
OPTIDX,FTSE100,16-Jun-17,5900,PE,0,0,0,240.4,0,0,0,0,0,17-Apr-17
OPTIDX,FTSE100,16-Jun-17,6000,PE,0,0,0,276.2,0,0,0,0,0,17-Apr-17
OPTIDX,FTSE100,16-Jun-17,6100,PE,0,0,0,315.15,0,0,0,0,0,17-Apr-17
OPTIDX,FTSE100,16-Jun-17,6200,PE,0,0,0,357.2,0,0,0,0,0,17-Apr-17
OPTIDX,FTSE100,16-Jun-17,6300,PE,0,0,0,402.4,0,0,0,0,0,17-Apr-17
OPTIDX,FTSE100,16-Jun-17,6400,PE,0,0,0,450.65,0,0,0,0,0,17-Apr-17
OPTIDX,FTSE100,16-Jun-17,6500,PE,0,0,0,501.9,0,0,0,0,0,17-Apr-17
OPTIDX,FTSE100,16-Jun-17,6600,PE,0,0,0,556.1,0.05,0,0,0,0,17-Apr-17
OPTIDX,FTSE100,16-Jun-17,6700,PE,0,0,0,613.1,0.1,0,0,0,0,17-Apr-17
OPTIDX,FTSE100,16-Jun-17,6800,PE,0,0,0,672.9,0.35,0,0,0,0,17-Apr-17
OPTIDX,FTSE100,16-Jun-17,6900,PE,0,0,0,690,1.35,0,0,0,0,17-Apr-17
OPTIDX,FTSE100,16-Jun-17,7000,PE,0,0,0,747.6,4.2,0,0,0,0,17-Apr-17
OPTIDX,FTSE100,16-Jun-17,7100,PE,0,0,0,750.5,11.2,0,0,0,0,17-Apr-17
OPTIDX,FTSE100,16-Jun-17,7200,PE,0,0,0,1036.9,25.85,0,0,0,0,17-Apr-17
OPTIDX,FTSE100,16-Jun-17,7300,PE,0,0,0,1039.85,52.05,0,0,0,0,17-Apr-17
OPTIDX,FTSE100,16-Jun-17,7400,PE,0,0,0,1047.85,93.15,0,0,0,0,17-Apr-17
OPTIDX,FTSE100,16-Jun-17,7500,PE,0,0,0,979.8,150.2,0,0,0,0,17-Apr-17
OPTIDX,FTSE100,16-Jun-17,7600,PE,0,0,0,776.35,221.9,0,0,0,0,17-Apr-17
OPTIDX,FTSE100,16-Jun-17,7700,PE,0,0,0,711.85,305,0,0,0,0,17-Apr-17
OPTIDX,FTSE100,16-Jun-17,7800,PE,0,0,0,656.1,395.7,0,0,0,0,17-Apr-17
OPTIDX,FTSE100,16-Jun-17,7900,PE,0,0,0,683.2,490.85,0,0,0,0,17-Apr-17
OPTIDX,FTSE100,16-Jun-17,8000,PE,0,0,0,625.1,588.2,0,0,0,0,17-Apr-17
OPTIDX,FTSE100,16-Jun-17,8100,PE,0,0,0,620.9,686.6,0,0,0,0,17-Apr-17
OPTIDX,FTSE100,16-Jun-17,8200,PE,0,0,0,665.9,785.35,0,0,0,0,17-Apr-17
OPTIDX,FTSE100,15-Sep-17,5900,CE,0,0,0,1225.25,1584.15,0,0,0,0,17-Apr-17
OPTIDX,FTSE100,15-Sep-17,6000,CE,0,0,0,1145.65,1486.8,0,0,0,0,17-Apr-17
OPTIDX,FTSE100,15-Sep-17,6100,CE,0,0,0,1068.4,1389.45,0,0,0,0,17-Apr-17
OPTIDX,FTSE100,15-Sep-17,6200,CE,0,0,0,993.65,1292.1,0,0,0,0,17-Apr-17
OPTIDX,FTSE100,15-Sep-17,6300,CE,0,0,0,921.55,1194.8,0,0,0,0,17-Apr-17
OPTIDX,FTSE100,15-Sep-17,6400,CE,0,0,0,852.5,1097.5,0,0,0,0,17-Apr-17
OPTIDX,FTSE100,15-Sep-17,6500,CE,0,0,0,786.2,1000.35,0,0,0,0,17-Apr-17
OPTIDX,FTSE100,15-Sep-17,6600,CE,0,0,0,722.75,903.4,0,0,0,0,17-Apr-17
OPTIDX,FTSE100,15-Sep-17,6700,CE,0,0,0,662.8,807,0,0,0,0,17-Apr-17
OPTIDX,FTSE100,15-Sep-17,6800,CE,0,0,0,606.05,711.6,0,0,0,0,17-Apr-17
OPTIDX,FTSE100,15-Sep-17,6900,CE,0,0,0,552.65,618,0,0,0,0,17-Apr-17
OPTIDX,FTSE100,15-Sep-17,7000,CE,0,0,0,502.45,527.2,0,0,0,0,17-Apr-17
OPTIDX,FTSE100,15-Sep-17,7100,CE,0,0,0,455.55,440.6,0,0,0,0,17-Apr-17
OPTIDX,FTSE100,15-Sep-17,7200,CE,0,0,0,411.9,359.8,0,0,0,0,17-Apr-17
OPTIDX,FTSE100,15-Sep-17,7300,CE,0,0,0,371.35,286.2,0,0,0,0,17-Apr-17
OPTIDX,FTSE100,15-Sep-17,7400,CE,0,0,0,333.9,221.35,0,0,0,0,17-Apr-17
OPTIDX,FTSE100,15-Sep-17,7500,CE,0,0,0,299.4,166.05,0,0,0,0,17-Apr-17
OPTIDX,FTSE100,15-Sep-17,7600,CE,0,0,0,337.55,120.6,0,0,0,0,17-Apr-17
OPTIDX,FTSE100,15-Sep-17,7700,CE,0,0,0,323.2,84.7,0,0,0,0,17-Apr-17
OPTIDX,FTSE100,15-Sep-17,7800,CE,0,0,0,304.8,57.8,0,0,0,0,17-Apr-17
OPTIDX,FTSE100,15-Sep-17,7900,CE,0,0,0,321.3,37.65,0,0,0,0,17-Apr-17
OPTIDX,FTSE100,15-Sep-17,8000,CE,0,0,0,85.2,23.8,0,0,0,0,17-Apr-17
OPTIDX,FTSE100,15-Sep-17,8100,CE,0,0,0,68.2,14.5,0,0,0,0,17-Apr-17
OPTIDX,FTSE100,15-Sep-17,8200,CE,0,0,0,29.1,8.5,0,0,0,0,17-Apr-17
OPTIDX,FTSE100,15-Sep-17,5900,PE,0,0,0,57.45,0,0,0,0,0,17-Apr-17
OPTIDX,FTSE100,15-Sep-17,6000,PE,0,0,0,71.2,0,0,0,0,0,17-Apr-17
OPTIDX,FTSE100,15-Sep-17,6100,PE,0,0,0,87.25,0,0,0,0,0,17-Apr-17
OPTIDX,FTSE100,15-Sep-17,6200,PE,0,0,0,105.8,0.05,0,0,0,0,17-Apr-17
OPTIDX,FTSE100,15-Sep-17,6300,PE,0,0,0,127.05,0.05,0,0,0,0,17-Apr-17
OPTIDX,FTSE100,15-Sep-17,6400,PE,0,0,0,151.3,0.1,0,0,0,0,17-Apr-17
OPTIDX,FTSE100,15-Sep-17,6500,PE,0,0,0,178.3,0.3,0,0,0,0,17-Apr-17
OPTIDX,FTSE100,15-Sep-17,6600,PE,0,0,0,208.15,0.7,0,0,0,0,17-Apr-17
OPTIDX,FTSE100,15-Sep-17,6700,PE,0,0,0,241.5,1.65,0,0,0,0,17-Apr-17
OPTIDX,FTSE100,15-Sep-17,6800,PE,0,0,0,278.1,3.6,0,0,0,0,17-Apr-17
OPTIDX,FTSE100,15-Sep-17,6900,PE,0,0,0,318,7.35,0,0,0,0,17-Apr-17
OPTIDX,FTSE100,15-Sep-17,7000,PE,0,0,0,361.15,13.9,0,0,0,0,17-Apr-17
OPTIDX,FTSE100,15-Sep-17,7100,PE,0,0,0,407.55,24.65,0,0,0,0,17-Apr-17
OPTIDX,FTSE100,15-Sep-17,7200,PE,0,0,0,457.2,41.15,0,0,0,0,17-Apr-17
OPTIDX,FTSE100,15-Sep-17,7300,PE,0,0,0,509.95,64.95,0,0,0,0,17-Apr-17
OPTIDX,FTSE100,15-Sep-17,7400,PE,0,0,0,565.8,97.45,0,0,0,0,17-Apr-17
OPTIDX,FTSE100,15-Sep-17,7500,PE,0,0,0,624.65,139.5,0,0,0,0,17-Apr-17
OPTIDX,FTSE100,15-Sep-17,7600,PE,0,0,0,621.85,191.35,0,0,0,0,17-Apr-17
OPTIDX,FTSE100,15-Sep-17,7700,PE,0,0,0,611.3,252.8,0,0,0,0,17-Apr-17
OPTIDX,FTSE100,15-Sep-17,7800,PE,0,0,0,630.9,323.25,0,0,0,0,17-Apr-17
OPTIDX,FTSE100,15-Sep-17,7900,PE,0,0,0,662.2,400.45,0,0,0,0,17-Apr-17
OPTIDX,FTSE100,15-Sep-17,8000,PE,0,0,0,554.05,483.95,0,0,0,0,17-Apr-17
OPTIDX,FTSE100,15-Sep-17,8100,PE,0,0,0,538.95,572,0,0,0,0,17-Apr-17
OPTIDX,FTSE100,15-Sep-17,8200,PE,0,0,0,560.95,663.35,0,0,0,0,17-Apr-17
OPTIDX,FTSE100,15-Dec-17,6200,CE,0,0,0,1219.3,1389.2,0,0,0,0,17-Apr-17
OPTIDX,FTSE100,15-Dec-17,6300,CE,0,0,0,1136.6,1293.55,0,0,0,0,17-Apr-17
OPTIDX,FTSE100,15-Dec-17,6400,CE,0,0,0,1056.1,1198.05,0,0,0,0,17-Apr-17
OPTIDX,FTSE100,15-Dec-17,6500,CE,0,0,0,978.1,1102.8,0,0,0,0,17-Apr-17
OPTIDX,FTSE100,15-Dec-17,6600,CE,0,0,0,902.8,1008,0,0,0,0,17-Apr-17
OPTIDX,FTSE100,15-Dec-17,6700,CE,0,0,0,830.45,914,0,0,0,0,17-Apr-17
OPTIDX,FTSE100,15-Dec-17,6800,CE,0,0,0,761.35,821.3,0,0,0,0,17-Apr-17
OPTIDX,FTSE100,15-Dec-17,6900,CE,0,0,0,695.05,730.4,0,0,0,0,17-Apr-17
OPTIDX,FTSE100,15-Dec-17,7000,CE,0,0,0,632.55,642.15,0,0,0,0,17-Apr-17
OPTIDX,FTSE100,15-Dec-17,7100,CE,0,0,0,573.6,557.4,0,0,0,0,17-Apr-17
OPTIDX,FTSE100,15-Dec-17,7200,CE,0,0,0,518.2,477.1,0,0,0,0,17-Apr-17
OPTIDX,FTSE100,15-Dec-17,7300,CE,0,0,0,466.45,402.2,0,0,0,0,17-Apr-17
OPTIDX,FTSE100,15-Dec-17,7400,CE,0,0,0,418.3,333.5,0,0,0,0,17-Apr-17
OPTIDX,FTSE100,15-Dec-17,7500,CE,0,0,0,373.8,271.9,0,0,0,0,17-Apr-17
OPTIDX,FTSE100,15-Dec-17,7600,CE,0,0,0,332.8,217.65,0,0,0,0,17-Apr-17
OPTIDX,FTSE100,15-Dec-17,7700,CE,0,0,0,295.2,171,0,0,0,0,17-Apr-17
OPTIDX,FTSE100,15-Dec-17,7800,CE,0,0,0,260.95,131.75,0,0,0,0,17-Apr-17
OPTIDX,FTSE100,15-Dec-17,7900,CE,0,0,0,201.2,99.55,0,0,0,0,17-Apr-17
OPTIDX,FTSE100,15-Dec-17,8000,CE,0,0,0,151.85,74.05,0,0,0,0,17-Apr-17
OPTIDX,FTSE100,15-Dec-17,8100,CE,0,0,0,130.35,53.55,0,0,0,0,17-Apr-17
OPTIDX,FTSE100,15-Dec-17,8200,CE,0,0,0,76.25,38.1,0,0,0,0,17-Apr-17
OPTIDX,FTSE100,15-Dec-17,6200,PE,0,0,0,40.15,0.1,0,0,0,0,17-Apr-17
OPTIDX,FTSE100,15-Dec-17,6300,PE,0,0,0,51.3,0.25,0,0,0,0,17-Apr-17
OPTIDX,FTSE100,15-Dec-17,6400,PE,0,0,0,64.7,0.5,0,0,0,0,17-Apr-17
OPTIDX,FTSE100,15-Dec-17,6500,PE,0,0,0,80.55,1,0,0,0,0,17-Apr-17
OPTIDX,FTSE100,15-Dec-17,6600,PE,0,0,0,99.1,2.05,0,0,0,0,17-Apr-17
OPTIDX,FTSE100,15-Dec-17,6700,PE,0,0,0,120.6,3.85,0,0,0,0,17-Apr-17
OPTIDX,FTSE100,15-Dec-17,6800,PE,0,0,0,145.4,6.85,0,0,0,0,17-Apr-17
OPTIDX,FTSE100,15-Dec-17,6900,PE,0,0,0,173,11.8,0,0,0,0,17-Apr-17
OPTIDX,FTSE100,15-Dec-17,7000,PE,0,0,0,204.35,19.3,0,0,0,0,17-Apr-17
OPTIDX,FTSE100,15-Dec-17,7100,PE,0,0,0,239.25,30.35,0,0,0,0,17-Apr-17
OPTIDX,FTSE100,15-Dec-17,7200,PE,0,0,0,277.7,45.8,0,0,0,0,17-Apr-17
OPTIDX,FTSE100,15-Dec-17,7300,PE,0,0,0,319.85,66.7,0,0,0,0,17-Apr-17
OPTIDX,FTSE100,15-Dec-17,7400,PE,0,0,0,365.6,93.8,0,0,0,0,17-Apr-17
OPTIDX,FTSE100,15-Dec-17,7500,PE,0,0,0,414.9,127.95,0,0,0,0,17-Apr-17
OPTIDX,FTSE100,15-Dec-17,7600,PE,0,0,0,467.8,169.5,0,0,0,0,17-Apr-17
OPTIDX,FTSE100,15-Dec-17,7700,PE,0,0,0,524.1,218.6,0,0,0,0,17-Apr-17
OPTIDX,FTSE100,15-Dec-17,7800,PE,0,0,0,583.65,275.15,0,0,0,0,17-Apr-17
OPTIDX,FTSE100,15-Dec-17,7900,PE,0,0,0,559.35,338.7,0,0,0,0,17-Apr-17
OPTIDX,FTSE100,15-Dec-17,8000,PE,0,0,0,497.95,409,0,0,0,0,17-Apr-17
OPTIDX,FTSE100,15-Dec-17,8100,PE,0,0,0,474.65,484.3,0,0,0,0,17-Apr-17
OPTIDX,FTSE100,15-Dec-17,8200,PE,0,0,0,479.7,564.6,0,0,0,0,17-Apr-17
OPTIDX,FTSE100,16-Mar-18,6500,CE,0,0,0,1238.3,1203.7,0,0,0,0,17-Apr-17
OPTIDX,FTSE100,16-Mar-18,6600,CE,0,0,0,1235.6,1110.9,0,0,0,0,17-Apr-17
OPTIDX,FTSE100,16-Mar-18,6700,CE,0,0,0,1145.2,1018.95,0,0,0,0,17-Apr-17
OPTIDX,FTSE100,16-Mar-18,6800,CE,0,0,0,1056.1,928.25,0,0,0,0,17-Apr-17
OPTIDX,FTSE100,16-Mar-18,6900,CE,0,0,0,968.75,839.25,0,0,0,0,17-Apr-17
OPTIDX,FTSE100,16-Mar-18,7000,CE,0,0,0,883.55,752.6,0,0,0,0,17-Apr-17
OPTIDX,FTSE100,16-Mar-18,7100,CE,0,0,0,800.9,668.8,0,0,0,0,17-Apr-17
OPTIDX,FTSE100,16-Mar-18,7200,CE,0,0,0,721.25,588.6,0,0,0,0,17-Apr-17
OPTIDX,FTSE100,16-Mar-18,7300,CE,0,0,0,645.15,512.7,0,0,0,0,17-Apr-17
OPTIDX,FTSE100,16-Mar-18,7400,CE,0,0,0,572.9,441.85,0,0,0,0,17-Apr-17
OPTIDX,FTSE100,16-Mar-18,7500,CE,0,0,0,504.9,376,0,0,0,0,17-Apr-17
OPTIDX,FTSE100,16-Mar-18,7600,CE,0,0,0,441.65,316.35,0,0,0,0,17-Apr-17
OPTIDX,FTSE100,16-Mar-18,7700,CE,0,0,0,383.3,262.85,0,0,0,0,17-Apr-17
OPTIDX,FTSE100,16-Mar-18,7800,CE,0,0,0,330,215.55,0,0,0,0,17-Apr-17
OPTIDX,FTSE100,16-Mar-18,7900,CE,0,0,0,281.7,174.5,0,0,0,0,17-Apr-17
OPTIDX,FTSE100,16-Mar-18,8000,CE,0,0,0,238.55,139.4,0,0,0,0,17-Apr-17
OPTIDX,FTSE100,16-Mar-18,8100,CE,0,0,0,200.3,109.85,0,0,0,0,17-Apr-17
OPTIDX,FTSE100,16-Mar-18,8200,CE,0,0,0,166.75,85.75,0,0,0,0,17-Apr-17
OPTIDX,FTSE100,16-Mar-18,6500,PE,0,0,0,6.15,1.9,0,0,0,0,17-Apr-17
OPTIDX,FTSE100,16-Mar-18,6600,PE,0,0,0,6.4,3.3,0,0,0,0,17-Apr-17
OPTIDX,FTSE100,16-Mar-18,6700,PE,0,0,0,9.7,5.6,0,0,0,0,17-Apr-17
OPTIDX,FTSE100,16-Mar-18,6800,PE,0,0,0,14.35,9.15,0,0,0,0,17-Apr-17
OPTIDX,FTSE100,16-Mar-18,6900,PE,0,0,0,20.75,14.4,0,0,0,0,17-Apr-17
OPTIDX,FTSE100,16-Mar-18,7000,PE,0,0,0,29.25,21.95,0,0,0,0,17-Apr-17
OPTIDX,FTSE100,16-Mar-18,7100,PE,0,0,0,40.35,32.4,0,0,0,0,17-Apr-17
OPTIDX,FTSE100,16-Mar-18,7200,PE,0,0,0,54.45,46.45,0,0,0,0,17-Apr-17
OPTIDX,FTSE100,16-Mar-18,7300,PE,0,0,0,72.05,64.75,0,0,0,0,17-Apr-17
OPTIDX,FTSE100,16-Mar-18,7400,PE,0,0,0,93.6,88.2,0,0,0,0,17-Apr-17
OPTIDX,FTSE100,16-Mar-18,7500,PE,0,0,0,119.35,116.6,0,0,0,0,17-Apr-17
OPTIDX,FTSE100,16-Mar-18,7600,PE,0,0,0,149.8,151.15,0,0,0,0,17-Apr-17
OPTIDX,FTSE100,16-Mar-18,7700,PE,0,0,0,185.2,191.9,0,0,0,0,17-Apr-17
OPTIDX,FTSE100,16-Mar-18,7800,PE,0,0,0,225.6,238.85,0,0,0,0,17-Apr-17
OPTIDX,FTSE100,16-Mar-18,7900,PE,0,0,0,271.1,292.05,0,0,0,0,17-Apr-17
OPTIDX,FTSE100,16-Mar-18,8000,PE,0,0,0,321.65,351.15,0,0,0,0,17-Apr-17
OPTIDX,FTSE100,16-Mar-18,8100,PE,0,0,0,377.15,415.85,0,0,0,0,17-Apr-17
OPTIDX,FTSE100,16-Mar-18,8200,PE,0,0,0,437.3,486.05,0,0,0,0,17-Apr-17
OPTIDX,NIFTY,27-Apr-17,7050,CE,2110,2110,2095,2095,2095,3,20.59,223650,-225,17-Apr-17
OPTIDX,NIFTY,27-Apr-17,7100,CE,2064.05,2064.85,2045,2056.2,2056.2,117,803.47,311550,150,17-Apr-17
OPTIDX,NIFTY,27-Apr-17,7150,CE,0,0,0,1570.7,2001.75,0,0,0,0,17-Apr-17
OPTIDX,NIFTY,27-Apr-17,7200,CE,0,0,0,2009,1951.85,0,0,21075,0,17-Apr-17
OPTIDX,NIFTY,27-Apr-17,7250,CE,0,0,0,1472.85,1901.95,0,0,0,0,17-Apr-17
OPTIDX,NIFTY,27-Apr-17,7300,CE,1835,1856.3,1835,1850.5,1850.5,13,89.21,33675,0,17-Apr-17
OPTIDX,NIFTY,27-Apr-17,7350,CE,0,0,0,1375.25,1802.1,0,0,0,0,17-Apr-17
OPTIDX,NIFTY,27-Apr-17,7400,CE,1741.25,1757.35,1741.25,1757.1,1757.1,21,144.16,33750,-450,17-Apr-17
OPTIDX,NIFTY,27-Apr-17,7450,CE,0,0,0,1278.2,1702.3,0,0,0,0,17-Apr-17
OPTIDX,NIFTY,27-Apr-17,7500,CE,1667.05,1670,1637,1657.25,1657.25,1110,7621.13,1105725,-29250,17-Apr-17
OPTIDX,NIFTY,27-Apr-17,7550,CE,0,0,0,1679.95,1602.45,0,0,4950,0,17-Apr-17
OPTIDX,NIFTY,27-Apr-17,7600,CE,1533.7,1533.7,1533.7,1533.7,1533.7,1,6.85,64950,0,17-Apr-17
OPTIDX,NIFTY,27-Apr-17,7650,CE,0,0,0,1086.6,1502.65,0,0,0,0,17-Apr-17
OPTIDX,NIFTY,27-Apr-17,7700,CE,1465,1465,1450.2,1450.2,1450.2,6,41.19,26925,-225,17-Apr-17
OPTIDX,NIFTY,27-Apr-17,7750,CE,0,0,0,992.75,1402.8,0,0,0,0,17-Apr-17
OPTIDX,NIFTY,27-Apr-17,7800,CE,1360,1360,1346.8,1353,1353,7,48.04,35850,150,17-Apr-17
OPTIDX,NIFTY,27-Apr-17,7850,CE,0,0,0,900.85,1303,0,0,0,0,17-Apr-17
OPTIDX,NIFTY,27-Apr-17,7900,CE,0,0,0,1270.1,1253.05,0,0,99450,0,17-Apr-17
OPTIDX,NIFTY,27-Apr-17,7950,CE,0,0,0,811.4,1203.15,0,0,0,0,17-Apr-17
OPTIDX,NIFTY,27-Apr-17,8000,CE,1163.9,1173,1139,1162.25,1162.25,524,3595.84,1050150,-31350,17-Apr-17
OPTIDX,NIFTY,27-Apr-17,8050,CE,0,0,0,724.95,1103.35,0,0,0,0,17-Apr-17
OPTIDX,NIFTY,27-Apr-17,8100,CE,1057.9,1068,1056.8,1066.1,1066.1,35,240.48,409575,-2625,17-Apr-17
OPTIDX,NIFTY,27-Apr-17,8150,CE,0,0,0,642.2,1003.5,0,0,0,0,17-Apr-17
OPTIDX,NIFTY,27-Apr-17,8200,CE,958,967.95,947.45,965.35,965.35,607,4172.25,585600,-42750,17-Apr-17
OPTIDX,NIFTY,27-Apr-17,8250,CE,0,0,0,563.65,903.7,0,0,0,0,17-Apr-17
OPTIDX,NIFTY,27-Apr-17,8300,CE,860.2,870.55,845.2,866.6,866.6,429,2945.71,463725,-15600,17-Apr-17
OPTIDX,NIFTY,27-Apr-17,8350,CE,0,0,0,735,803.85,0,0,2025,0,17-Apr-17
OPTIDX,NIFTY,27-Apr-17,8400,CE,767.9,772,744.8,765.5,765.5,593,4073.54,418725,-19125,17-Apr-17
OPTIDX,NIFTY,27-Apr-17,8450,CE,0,0,0,421.5,704.05,0,0,0,0,17-Apr-17
OPTIDX,NIFTY,27-Apr-17,8500,CE,677.35,677.35,643,664.8,664.8,992,6815.46,548550,-36750,17-Apr-17
OPTIDX,NIFTY,27-Apr-17,8550,CE,0,0,0,729,604.2,0,0,2025,0,17-Apr-17
OPTIDX,NIFTY,27-Apr-17,8600,CE,570.8,577.2,543.25,566.7,566.7,1667,11452.56,364350,-78300,17-Apr-17
OPTIDX,NIFTY,27-Apr-17,8650,CE,0,0,0,563.05,504.4,0,0,450,0,17-Apr-17
OPTIDX,NIFTY,27-Apr-17,8700,CE,466.5,475,446,469.65,469.65,1279,8789.07,516150,-62325,17-Apr-17
OPTIDX,NIFTY,27-Apr-17,8750,CE,0,0,0,439.5,404.7,0,0,900,0,17-Apr-17
OPTIDX,NIFTY,27-Apr-17,8800,CE,370.15,382.2,344.8,367.15,367.15,1995,13705.84,745050,53175,17-Apr-17
OPTIDX,NIFTY,27-Apr-17,8850,CE,0,0,0,350.5,305.9,0,0,450,0,17-Apr-17
OPTIDX,NIFTY,27-Apr-17,8900,CE,274.9,287.5,252.6,273.9,273.9,921,6333.53,572550,-675,17-Apr-17
OPTIDX,NIFTY,27-Apr-17,8950,CE,228,229.05,222.45,227.3,227.3,5,34.41,900,75,17-Apr-17
OPTIDX,NIFTY,27-Apr-17,9000,CE,181.2,199,167.55,186.5,186.5,5730,39456.83,1116000,-30675,17-Apr-17
OPTIDX,NIFTY,27-Apr-17,9050,CE,157.1,157.1,129.05,145.05,145.05,129,889.12,17025,1350,17-Apr-17
OPTIDX,NIFTY,27-Apr-17,9100,CE,112.3,120.8,95.55,108.3,108.3,58923,406782,2096925,308100,17-Apr-17
OPTIDX,NIFTY,27-Apr-17,9150,CE,78.95,86.95,66.8,75.7,75.7,11354,78547.09,335025,104025,17-Apr-17
OPTIDX,NIFTY,27-Apr-17,9200,CE,60,60.35,44.25,50.6,50.6,162952,1130416.99,4955025,498000,17-Apr-17
OPTIDX,NIFTY,27-Apr-17,9250,CE,35.3,38.55,26.35,30.45,30.45,21945,152734.23,1103775,431100,17-Apr-17
OPTIDX,NIFTY,27-Apr-17,9300,CE,25,25,15.45,17.8,17.8,155253,1084954.56,5190150,180975,17-Apr-17
OPTIDX,NIFTY,27-Apr-17,9350,CE,10,12.65,7.6,9,9,16720,117364.91,754500,-87075,17-Apr-17
OPTIDX,NIFTY,27-Apr-17,9400,CE,6.4,7.2,4.1,4.8,4.8,116329,820569.15,3435375,-215025,17-Apr-17
OPTIDX,NIFTY,27-Apr-17,9450,CE,3.4,3.9,2,2.4,2.4,6958,49328.34,378000,-8850,17-Apr-17
OPTIDX,NIFTY,27-Apr-17,9500,CE,1.9,2.7,1.4,1.55,1.55,60240,429285.97,3791625,52950,17-Apr-17
OPTIDX,NIFTY,27-Apr-17,9550,CE,1.5,1.5,0.95,1.3,1.3,1348,9656.28,213375,3750,17-Apr-17
OPTIDX,NIFTY,27-Apr-17,9600,CE,0.7,0.95,0.7,0.85,0.85,15448,111235.08,1488450,-214650,17-Apr-17
OPTIDX,NIFTY,27-Apr-17,9650,CE,0.5,0.9,0.05,0.5,0.5,24,173.7,15075,-375,17-Apr-17
OPTIDX,NIFTY,27-Apr-17,9700,CE,0.2,0.6,0.2,0.55,0.55,2240,16296.89,600675,-71700,17-Apr-17
OPTIDX,NIFTY,27-Apr-17,9750,CE,0,0,0,0.4,0,0,0,150,0,17-Apr-17
OPTIDX,NIFTY,27-Apr-17,9800,CE,0.3,0.5,0.25,0.5,0.5,3176,23344.5,604275,10275,17-Apr-17
OPTIDX,NIFTY,27-Apr-17,9850,CE,0,0,0,0.1,0,0,0,1125,0,17-Apr-17
OPTIDX,NIFTY,27-Apr-17,9900,CE,0.2,0.5,0.15,0.45,0.45,247,1834.02,113925,-1200,17-Apr-17
OPTIDX,NIFTY,27-Apr-17,9950,CE,0,0,0,0.2,0,0,0,1050,0,17-Apr-17
OPTIDX,NIFTY,27-Apr-17,10000,CE,0.35,0.4,0.25,0.4,0.4,1821,13657.95,722550,-11775,17-Apr-17
OPTIDX,NIFTY,27-Apr-17,10050,CE,0.4,0.4,0.3,0.3,0.3,2750,20728.89,0,0,17-Apr-17
OPTIDX,NIFTY,27-Apr-17,10100,CE,0.25,0.55,0.25,0.3,0.3,1575,11930.98,8175,600,17-Apr-17
OPTIDX,NIFTY,27-Apr-17,10150,CE,0,0,0,5.15,0,0,0,0,0,17-Apr-17
OPTIDX,NIFTY,27-Apr-17,10200,CE,0.45,0.45,0.05,0.3,0.3,356,2723.46,3075,-300,17-Apr-17
OPTIDX,NIFTY,27-Apr-17,10250,CE,0,0,0,7.25,0,0,0,0,0,17-Apr-17
OPTIDX,NIFTY,27-Apr-17,10300,CE,0.3,0.35,0.15,0.3,0.3,429,3314.1,3600,225,17-Apr-17
OPTIDX,NIFTY,27-Apr-17,10350,CE,0.4,0.45,0.4,0.4,0.4,6670,51777.89,0,0,17-Apr-17
OPTIDX,NIFTY,27-Apr-17,10400,CE,0.4,0.4,0.4,0.4,0.4,1,7.8,150,-75,17-Apr-17
OPTIDX,NIFTY,27-Apr-17,10450,CE,0,0,0,0.25,0,0,0,0,0,17-Apr-17
OPTIDX,NIFTY,27-Apr-17,10500,CE,0.35,0.4,0.25,0.35,0.35,423,3331.22,475275,-2625,17-Apr-17
OPTIDX,NIFTY,27-Apr-17,10550,CE,0,0,0,0.1,0,0,0,0,0,17-Apr-17
OPTIDX,NIFTY,27-Apr-17,10600,CE,0,0,0,0.25,0,0,0,4200,0,17-Apr-17
OPTIDX,NIFTY,27-Apr-17,10650,CE,0,0,0,0.65,0,0,0,750,0,17-Apr-17
OPTIDX,NIFTY,27-Apr-17,10700,CE,0,0,0,0.05,0,0,0,0,0,17-Apr-17
OPTIDX,NIFTY,27-Apr-17,10750,CE,0,0,0,0.05,0,0,0,0,0,17-Apr-17
OPTIDX,NIFTY,27-Apr-17,7050,PE,0,0,0,0.35,0,0,0,6525,0,17-Apr-17
OPTIDX,NIFTY,27-Apr-17,7100,PE,0.35,0.35,0.2,0.25,0.25,323,1720.02,26400,18450,17-Apr-17
OPTIDX,NIFTY,27-Apr-17,7150,PE,0,0,0,0.6,0,0,0,0,0,17-Apr-17
OPTIDX,NIFTY,27-Apr-17,7200,PE,0,0,0,0.4,0,0,0,11700,0,17-Apr-17
OPTIDX,NIFTY,27-Apr-17,7250,PE,0,0,0,1.05,0,0,0,0,0,17-Apr-17
OPTIDX,NIFTY,27-Apr-17,7300,PE,0.15,0.25,0.15,0.2,0.2,4329,23701.92,3375,-150,17-Apr-17
OPTIDX,NIFTY,27-Apr-17,7350,PE,0,0,0,1.85,0,0,0,0,0,17-Apr-17
OPTIDX,NIFTY,27-Apr-17,7400,PE,0.35,0.35,0.15,0.25,0.25,1250,6937.74,4050,-675,17-Apr-17
OPTIDX,NIFTY,27-Apr-17,7450,PE,0,0,0,3.15,0,0,0,0,0,17-Apr-17
OPTIDX,NIFTY,27-Apr-17,7500,PE,0.4,0.45,0.25,0.35,0.35,676,3802.67,183450,-11850,17-Apr-17
OPTIDX,NIFTY,27-Apr-17,7550,PE,0,0,0,0.65,0,0,0,1800,0,17-Apr-17
OPTIDX,NIFTY,27-Apr-17,7600,PE,0.55,0.6,0.55,0.6,0.6,9,51.3,23550,-75,17-Apr-17
OPTIDX,NIFTY,27-Apr-17,7650,PE,0,0,0,8.25,0,0,0,0,0,17-Apr-17
OPTIDX,NIFTY,27-Apr-17,7700,PE,0.8,0.8,0.6,0.6,0.6,8,46.2,20550,75,17-Apr-17
OPTIDX,NIFTY,27-Apr-17,7750,PE,0,0,0,12.8,0,0,0,0,0,17-Apr-17
OPTIDX,NIFTY,27-Apr-17,7800,PE,0.8,0.8,0.55,0.55,0.55,20,117.01,39000,75,17-Apr-17
OPTIDX,NIFTY,27-Apr-17,7850,PE,0,0,0,19.25,0,0,0,0,0,17-Apr-17
OPTIDX,NIFTY,27-Apr-17,7900,PE,0.75,0.95,0.75,0.95,0.95,8,47.4,74550,-450,17-Apr-17
OPTIDX,NIFTY,27-Apr-17,7950,PE,0,0,0,28.1,0,0,0,0,0,17-Apr-17
OPTIDX,NIFTY,27-Apr-17,8000,PE,0.45,2,0.45,0.95,0.95,1101,6606.78,458175,-18600,17-Apr-17
OPTIDX,NIFTY,27-Apr-17,8050,PE,0,0,0,1,0,0,0,225,0,17-Apr-17
OPTIDX,NIFTY,27-Apr-17,8100,PE,1,1.25,1,1.25,1.25,778,4727.02,214275,-10725,17-Apr-17
OPTIDX,NIFTY,27-Apr-17,8150,PE,0,0,0,55.6,0,0,0,0,0,17-Apr-17
OPTIDX,NIFTY,27-Apr-17,8200,PE,1.5,1.8,1.15,1.4,1.4,876,5388.33,668175,-23175,17-Apr-17
OPTIDX,NIFTY,27-Apr-17,8250,PE,0,0,0,75.45,0,0,0,0,0,17-Apr-17
OPTIDX,NIFTY,27-Apr-17,8300,PE,1.65,2.05,1.45,1.8,1.8,2054,12788.95,498375,15750,17-Apr-17
OPTIDX,NIFTY,27-Apr-17,8350,PE,0,0,0,3.6,0,0,0,1050,0,17-Apr-17
OPTIDX,NIFTY,27-Apr-17,8400,PE,2.4,2.75,2.2,2.45,2.45,9454,59577.3,1219050,63225,17-Apr-17
OPTIDX,NIFTY,27-Apr-17,8450,PE,2.5,2.5,2.5,2.5,2.5,4,25.35,300,-300,17-Apr-17
OPTIDX,NIFTY,27-Apr-17,8500,PE,2.75,3.15,2.45,2.75,2.75,15480,98716.77,3349575,78450,17-Apr-17
OPTIDX,NIFTY,27-Apr-17,8550,PE,3.15,3.3,2.55,3.1,3.1,20,128.29,11850,375,17-Apr-17
OPTIDX,NIFTY,27-Apr-17,8600,PE,3.4,3.9,2.75,3.1,3.1,19901,128408.96,2071650,61200,17-Apr-17
OPTIDX,NIFTY,27-Apr-17,8650,PE,3.75,4.5,3.1,3.55,3.55,17,110.33,14850,-75,17-Apr-17
OPTIDX,NIFTY,27-Apr-17,8700,PE,4.6,5.15,3.55,3.75,3.75,22781,148715.87,2234925,975,17-Apr-17
OPTIDX,NIFTY,27-Apr-17,8750,PE,4.5,6.25,3.8,4.1,4.1,154,1011.15,62550,2775,17-Apr-17
OPTIDX,NIFTY,27-Apr-17,8800,PE,7.45,9.9,5.2,5.5,5.5,47821,315837.96,2111625,57975,17-Apr-17
OPTIDX,NIFTY,27-Apr-17,8850,PE,8.95,10.45,6.9,7.45,7.45,1723,11447.13,168075,-3450,17-Apr-17
OPTIDX,NIFTY,27-Apr-17,8900,PE,15,15.4,9.5,10.35,10.35,74468,497715.43,4030800,293025,17-Apr-17
OPTIDX,NIFTY,27-Apr-17,8950,PE,19.1,20.25,13.3,14.6,14.6,5682,38209.61,496050,38250,17-Apr-17
OPTIDX,NIFTY,27-Apr-17,9000,PE,25,29,19.6,21.45,21.45,107363,726587.09,5833200,95100,17-Apr-17
OPTIDX,NIFTY,27-Apr-17,9050,PE,35.45,40.95,28,30.65,30.65,10871,74059.35,321150,41850,17-Apr-17
OPTIDX,NIFTY,27-Apr-17,9100,PE,46.35,55.55,40,43.25,43.25,170348,1168553.73,5564250,400500,17-Apr-17
OPTIDX,NIFTY,27-Apr-17,9150,PE,56.9,75.4,56.35,59.85,59.85,17575,121450.67,630300,51900,17-Apr-17
OPTIDX,NIFTY,27-Apr-17,9200,PE,89.95,101.5,75.25,82.95,82.95,122413,852723.87,3918000,-364200,17-Apr-17
OPTIDX,NIFTY,27-Apr-17,9250,PE,115.75,132,105.15,110.65,110.65,5035,35360.11,440850,127125,17-Apr-17
OPTIDX,NIFTY,27-Apr-17,9300,PE,154,170,139.35,146.8,146.8,26578,188425.03,1271925,-78450,17-Apr-17
OPTIDX,NIFTY,27-Apr-17,9350,PE,185.9,211.9,178.3,186.75,186.75,165,1181.26,21975,-1050,17-Apr-17
OPTIDX,NIFTY,27-Apr-17,9400,PE,238.8,257,222,232.3,232.3,3582,25899.88,438825,-95475,17-Apr-17
OPTIDX,NIFTY,27-Apr-17,9450,PE,290,290,290,290,290,1,7.3,375,0,17-Apr-17
OPTIDX,NIFTY,27-Apr-17,9500,PE,329.35,352.25,317,326.2,326.2,2364,17439.67,652125,-300,17-Apr-17
OPTIDX,NIFTY,27-Apr-17,9550,PE,0,0,0,339.3,394.35,0,0,75,0,17-Apr-17
OPTIDX,NIFTY,27-Apr-17,9600,PE,425,448.5,425,425.5,425.5,62,466.59,93000,-1425,17-Apr-17
OPTIDX,NIFTY,27-Apr-17,9650,PE,0,0,0,917.35,493.95,0,0,0,0,17-Apr-17
OPTIDX,NIFTY,27-Apr-17,9700,PE,518,544.15,516,525.6,525.6,60,460.4,69450,1650,17-Apr-17
OPTIDX,NIFTY,27-Apr-17,9750,PE,0,0,0,1008.25,593.75,0,0,0,0,17-Apr-17
OPTIDX,NIFTY,27-Apr-17,9800,PE,645,648,623,634.6,634.6,22,172.24,10275,-150,17-Apr-17
OPTIDX,NIFTY,27-Apr-17,9850,PE,0,0,0,620,693.55,0,0,525,0,17-Apr-17
OPTIDX,NIFTY,27-Apr-17,9900,PE,733.3,742.7,722.5,722.55,722.55,33,263.25,34350,750,17-Apr-17
OPTIDX,NIFTY,27-Apr-17,9950,PE,0,0,0,751.55,793.4,0,0,1050,0,17-Apr-17
OPTIDX,NIFTY,27-Apr-17,10000,PE,823.55,847,812.7,822.95,822.95,1664,13514.1,613725,-33375,17-Apr-17
OPTIDX,NIFTY,27-Apr-17,10050,PE,0,0,0,1290.2,893.2,0,0,0,0,17-Apr-17
OPTIDX,NIFTY,27-Apr-17,10100,PE,0,0,0,920,943.15,0,0,75,0,17-Apr-17
OPTIDX,NIFTY,27-Apr-17,10150,PE,0,0,0,1352.2,993.05,0,0,0,0,17-Apr-17
OPTIDX,NIFTY,27-Apr-17,10200,PE,1025.8,1025.8,1024.7,1024.7,1024.7,10,84.18,4125,0,17-Apr-17
OPTIDX,NIFTY,27-Apr-17,10250,PE,0,0,0,1368.3,1092.9,0,0,0,0,17-Apr-17
OPTIDX,NIFTY,27-Apr-17,10300,PE,0,0,0,1099.75,1142.8,0,0,225,0,17-Apr-17
OPTIDX,NIFTY,27-Apr-17,10350,PE,0,0,0,1075,1192.7,0,0,0,0,17-Apr-17
OPTIDX,NIFTY,27-Apr-17,10400,PE,1230,1230,1230,1230,1230,1,8.72,375,-75,17-Apr-17
OPTIDX,NIFTY,27-Apr-17,10450,PE,0,0,0,1403.85,1292.55,0,0,0,0,17-Apr-17
OPTIDX,NIFTY,27-Apr-17,10500,PE,1323,1349.55,1320,1320.8,1320.8,428,3798.3,626400,3750,17-Apr-17
OPTIDX,NIFTY,27-Apr-17,10550,PE,0,0,0,1380.75,1392.35,0,0,0,0,17-Apr-17
OPTIDX,NIFTY,27-Apr-17,10600,PE,0,0,0,1398.6,1442.25,0,0,36675,0,17-Apr-17
OPTIDX,NIFTY,27-Apr-17,10650,PE,0,0,0,1416.85,1492.2,0,0,0,0,17-Apr-17
OPTIDX,NIFTY,27-Apr-17,10700,PE,0,0,0,1435,1542.1,0,0,375,0,17-Apr-17
OPTIDX,NIFTY,27-Apr-17,10750,PE,0,0,0,1468.45,1592,0,0,0,0,17-Apr-17
OPTIDX,NIFTY,25-May-17,7400,CE,0,0,0,1611.2,1789.25,0,0,0,0,17-Apr-17
OPTIDX,NIFTY,25-May-17,7450,CE,0,0,0,1606.45,1739.55,0,0,0,0,17-Apr-17
OPTIDX,NIFTY,25-May-17,7500,CE,1660,1673,1660,1670,1670,68,467.48,7800,5100,17-Apr-17
OPTIDX,NIFTY,25-May-17,7550,CE,0,0,0,1508.05,1640.25,0,0,0,0,17-Apr-17
OPTIDX,NIFTY,25-May-17,7600,CE,0,0,0,1458.9,1590.6,0,0,0,0,17-Apr-17
OPTIDX,NIFTY,25-May-17,7650,CE,0,0,0,1409.75,1540.9,0,0,0,0,17-Apr-17
OPTIDX,NIFTY,25-May-17,7700,CE,0,0,0,1360.6,1491.25,0,0,0,0,17-Apr-17
OPTIDX,NIFTY,25-May-17,7750,CE,0,0,0,1311.5,1441.6,0,0,0,0,17-Apr-17
OPTIDX,NIFTY,25-May-17,7800,CE,0,0,0,1410,1391.95,0,0,75,0,17-Apr-17
OPTIDX,NIFTY,25-May-17,7850,CE,0,0,0,1213.5,1342.25,0,0,0,0,17-Apr-17
OPTIDX,NIFTY,25-May-17,7900,CE,0,0,0,1300.05,1292.6,0,0,225,0,17-Apr-17
OPTIDX,NIFTY,25-May-17,7950,CE,0,0,0,1115.8,1242.95,0,0,0,0,17-Apr-17
OPTIDX,NIFTY,25-May-17,8000,CE,1155,1181,1155,1179.25,1179.25,214,1472.35,164025,14550,17-Apr-17
OPTIDX,NIFTY,25-May-17,8050,CE,0,0,0,1018.75,1143.6,0,0,0,0,17-Apr-17
OPTIDX,NIFTY,25-May-17,8100,CE,1060,1060,1060,1060,1060,1,6.87,293250,75,17-Apr-17
OPTIDX,NIFTY,25-May-17,8150,CE,0,0,0,922.7,1044.3,0,0,0,0,17-Apr-17
OPTIDX,NIFTY,25-May-17,8200,CE,975.15,982.1,975.15,982,982,3,20.65,367875,0,17-Apr-17
OPTIDX,NIFTY,25-May-17,8250,CE,0,0,0,828.1,945,0,0,0,0,17-Apr-17
OPTIDX,NIFTY,25-May-17,8300,CE,877.9,879,867.6,879,879,7,48.17,525600,225,17-Apr-17
OPTIDX,NIFTY,25-May-17,8350,CE,0,0,0,735.6,845.75,0,0,0,0,17-Apr-17
OPTIDX,NIFTY,25-May-17,8400,CE,779,786.4,773.95,786.35,786.35,16,110.16,377025,600,17-Apr-17
OPTIDX,NIFTY,25-May-17,8450,CE,0,0,0,646.05,746.7,0,0,0,0,17-Apr-17
OPTIDX,NIFTY,25-May-17,8500,CE,695.9,695.9,671,691,691,198,1363.25,771900,4500,17-Apr-17
OPTIDX,NIFTY,25-May-17,8550,CE,0,0,0,560.25,648.15,0,0,0,0,17-Apr-17
OPTIDX,NIFTY,25-May-17,8600,CE,603.8,604.05,574,594.8,594.8,1515,10437.35,416550,90225,17-Apr-17
OPTIDX,NIFTY,25-May-17,8650,CE,0,0,0,479.2,550.8,0,0,0,0,17-Apr-17
OPTIDX,NIFTY,25-May-17,8700,CE,494.4,507.1,480,503.95,503.95,1062,7323.24,404850,63900,17-Apr-17
OPTIDX,NIFTY,25-May-17,8750,CE,0,0,0,404.1,455.95,0,0,0,0,17-Apr-17
OPTIDX,NIFTY,25-May-17,8800,CE,418.05,418.05,394,412.25,412.25,246,1698.56,365325,5175,17-Apr-17
OPTIDX,NIFTY,25-May-17,8850,CE,0,0,0,334.75,365.4,0,0,0,0,17-Apr-17
OPTIDX,NIFTY,25-May-17,8900,CE,336,336.15,312.55,329.5,329.5,284,1965.1,264525,-4050,17-Apr-17
OPTIDX,NIFTY,25-May-17,8950,CE,0,0,0,272.9,281.75,0,0,0,0,17-Apr-17
OPTIDX,NIFTY,25-May-17,9000,CE,260.55,262,240.65,253.6,253.6,825,5723.27,300825,10125,17-Apr-17
OPTIDX,NIFTY,25-May-17,9050,CE,0,0,0,218.55,207.55,0,0,0,0,17-Apr-17
OPTIDX,NIFTY,25-May-17,9100,CE,188.65,195.75,172.6,184.5,184.5,2346,16328.54,241275,42450,17-Apr-17
OPTIDX,NIFTY,25-May-17,9150,CE,158,158,147.45,147.45,147.45,5,34.87,450,150,17-Apr-17
OPTIDX,NIFTY,25-May-17,9200,CE,128.75,136.85,116.7,123.7,123.7,4737,33121.3,412575,75825,17-Apr-17
OPTIDX,NIFTY,25-May-17,9250,CE,97,97,97,97,97,3,21.03,1050,0,17-Apr-17
OPTIDX,NIFTY,25-May-17,9300,CE,79.95,88.55,71.5,77.15,77.15,9089,63914.3,719550,125250,17-Apr-17
OPTIDX,NIFTY,25-May-17,9350,CE,0,0,0,79,59.7,0,0,150,0,17-Apr-17
OPTIDX,NIFTY,25-May-17,9400,CE,46.35,53.05,41,44.45,44.45,10584,74968.41,1400400,211425,17-Apr-17
OPTIDX,NIFTY,25-May-17,9450,CE,0,0,0,60,34.85,0,0,150,0,17-Apr-17
OPTIDX,NIFTY,25-May-17,9500,CE,26.6,28.9,20.9,22.8,22.8,10724,76593.06,1335375,117900,17-Apr-17
OPTIDX,NIFTY,25-May-17,9550,CE,0,0,0,50,19,0,0,375,0,17-Apr-17
OPTIDX,NIFTY,25-May-17,9600,CE,13.2,14.3,9.3,10.95,10.95,5385,38815.64,597300,32400,17-Apr-17
OPTIDX,NIFTY,25-May-17,9650,CE,0,0,0,25,9.65,0,0,225,0,17-Apr-17
OPTIDX,NIFTY,25-May-17,9700,CE,5.95,6.85,4.25,4.95,4.95,3992,29056.74,697575,10200,17-Apr-17
OPTIDX,NIFTY,25-May-17,9750,CE,0,0,0,14.5,4.55,0,0,1575,0,17-Apr-17
OPTIDX,NIFTY,25-May-17,9800,CE,3.3,3.4,2.35,2.65,2.65,2610,19188.82,191325,-78600,17-Apr-17
OPTIDX,NIFTY,25-May-17,9850,CE,0,0,0,9,2,0,0,225,0,17-Apr-17
OPTIDX,NIFTY,25-May-17,9900,CE,2.7,2.8,1.35,2.05,2.05,392,2911.23,120375,3150,17-Apr-17
OPTIDX,NIFTY,25-May-17,9950,CE,0,0,0,11.25,0.85,0,0,0,0,17-Apr-17
OPTIDX,NIFTY,25-May-17,10000,CE,2,2.05,1.65,1.7,1.7,529,3968.21,273075,6300,17-Apr-17
OPTIDX,NIFTY,25-May-17,10050,CE,0,0,0,13.95,0.35,0,0,0,0,17-Apr-17
OPTIDX,NIFTY,25-May-17,10100,CE,0,0,0,6.45,0.2,0,0,0,0,17-Apr-17
OPTIDX,NIFTY,25-May-17,10150,CE,0,0,0,5.2,0.15,0,0,0,0,17-Apr-17
OPTIDX,NIFTY,25-May-17,10200,CE,0,0,0,4.1,0.1,0,0,0,0,17-Apr-17
OPTIDX,NIFTY,25-May-17,10250,CE,0,0,0,3.25,0.05,0,0,0,0,17-Apr-17
OPTIDX,NIFTY,25-May-17,10300,CE,0,0,0,2.55,0.05,0,0,0,0,17-Apr-17
OPTIDX,NIFTY,25-May-17,10350,CE,0,0,0,2,0.05,0,0,0,0,17-Apr-17
OPTIDX,NIFTY,25-May-17,10400,CE,0,0,0,1.6,0.05,0,0,0,0,17-Apr-17
OPTIDX,NIFTY,25-May-17,10450,CE,0,0,0,1.25,0,0,0,0,0,17-Apr-17
OPTIDX,NIFTY,25-May-17,10500,CE,1.3,1.3,1.3,1.3,1.3,1,7.87,150,75,17-Apr-17
OPTIDX,NIFTY,25-May-17,10550,CE,0,0,0,1.25,0,0,0,0,0,17-Apr-17
OPTIDX,NIFTY,25-May-17,10600,CE,0,0,0,0.95,0,0,0,0,0,17-Apr-17
OPTIDX,NIFTY,25-May-17,10650,CE,0,0,0,0.8,0,0,0,0,0,17-Apr-17
OPTIDX,NIFTY,25-May-17,10700,CE,0,0,0,0.05,0,0,0,0,0,17-Apr-17
OPTIDX,NIFTY,25-May-17,10750,CE,0,0,0,0.05,0,0,0,0,0,17-Apr-17
OPTIDX,NIFTY,25-May-17,7400,PE,0,0,0,2,0,0,0,600,0,17-Apr-17
OPTIDX,NIFTY,25-May-17,7450,PE,0,0,0,0.05,0,0,0,0,0,17-Apr-17
OPTIDX,NIFTY,25-May-17,7500,PE,1,1,0.7,0.9,0.9,48,270.03,2775,1725,17-Apr-17
OPTIDX,NIFTY,25-May-17,7550,PE,0,0,0,0.1,0,0,0,0,0,17-Apr-17
OPTIDX,NIFTY,25-May-17,7600,PE,0,0,0,0.15,0,0,0,0,0,17-Apr-17
OPTIDX,NIFTY,25-May-17,7650,PE,0,0,0,0.2,0,0,0,0,0,17-Apr-17
OPTIDX,NIFTY,25-May-17,7700,PE,0,0,0,0.25,0,0,0,0,0,17-Apr-17
OPTIDX,NIFTY,25-May-17,7750,PE,0,0,0,0.4,0,0,0,0,0,17-Apr-17
OPTIDX,NIFTY,25-May-17,7800,PE,0,0,0,0.55,0,0,0,0,0,17-Apr-17
OPTIDX,NIFTY,25-May-17,7850,PE,0,0,0,0.8,0,0,0,0,0,17-Apr-17
OPTIDX,NIFTY,25-May-17,7900,PE,0,0,0,1.1,0,0,0,0,0,17-Apr-17
OPTIDX,NIFTY,25-May-17,7950,PE,0,0,0,1.55,0,0,0,0,0,17-Apr-17
OPTIDX,NIFTY,25-May-17,8000,PE,4,4,2.8,3.25,3.25,224,1344.52,14775,6450,17-Apr-17
OPTIDX,NIFTY,25-May-17,8050,PE,0,0,0,2.95,0,0,0,0,0,17-Apr-17
OPTIDX,NIFTY,25-May-17,8100,PE,0,0,0,2.6,0,0,0,75,0,17-Apr-17
OPTIDX,NIFTY,25-May-17,8150,PE,0,0,0,5.3,0.05,0,0,0,0,17-Apr-17
OPTIDX,NIFTY,25-May-17,8200,PE,4.05,4.4,3.55,3.9,3.9,323,1987.44,53700,2325,17-Apr-17
OPTIDX,NIFTY,25-May-17,8250,PE,0,0,0,9.15,0.05,0,0,0,0,17-Apr-17
OPTIDX,NIFTY,25-May-17,8300,PE,5.05,5.4,4.25,4.8,4.8,248,1544.68,193575,-8250,17-Apr-17
OPTIDX,NIFTY,25-May-17,8350,PE,0,0,0,13.1,0.15,0,0,75,0,17-Apr-17
OPTIDX,NIFTY,25-May-17,8400,PE,6.25,7.8,5.8,6.4,6.4,523,3297.41,288525,4275,17-Apr-17
OPTIDX,NIFTY,25-May-17,8450,PE,0,0,0,21.5,0.4,0,0,0,0,17-Apr-17
OPTIDX,NIFTY,25-May-17,8500,PE,9.3,11.25,8.55,9.4,9.4,2156,13760.36,760575,24150,17-Apr-17
OPTIDX,NIFTY,25-May-17,8550,PE,0,0,0,36.6,1.2,0,0,0,0,17-Apr-17
OPTIDX,NIFTY,25-May-17,8600,PE,13.15,16.15,12.85,13.7,13.7,3599,23252.87,244050,44100,17-Apr-17
OPTIDX,NIFTY,25-May-17,8650,PE,0,0,0,30,3.2,0,0,150,0,17-Apr-17
OPTIDX,NIFTY,25-May-17,8700,PE,20.7,23.75,19.2,20.15,20.15,4646,30389.38,1014675,57900,17-Apr-17
OPTIDX,NIFTY,25-May-17,8750,PE,0,0,0,27.5,7.6,0,0,75,0,17-Apr-17
OPTIDX,NIFTY,25-May-17,8800,PE,30.55,34.95,28.45,29.85,29.85,10306,68258.58,1361250,248475,17-Apr-17
OPTIDX,NIFTY,25-May-17,8850,PE,0,0,0,35,16.4,0,0,75,0,17-Apr-17
OPTIDX,NIFTY,25-May-17,8900,PE,45.9,51.8,43.2,44.35,44.35,7584,50887.6,870075,124950,17-Apr-17
OPTIDX,NIFTY,25-May-17,8950,PE,0,0,0,49,32.05,0,0,150,0,17-Apr-17
OPTIDX,NIFTY,25-May-17,9000,PE,66.95,74.75,63.9,64.95,64.95,9448,64255.12,1131075,40125,17-Apr-17
OPTIDX,NIFTY,25-May-17,9050,PE,0,0,0,70,57.2,0,0,0,0,17-Apr-17
OPTIDX,NIFTY,25-May-17,9100,PE,97.35,106,92.65,94.1,94.1,7188,49587.21,831825,115575,17-Apr-17
OPTIDX,NIFTY,25-May-17,9150,PE,0,0,0,238.7,94.3,0,0,0,0,17-Apr-17
OPTIDX,NIFTY,25-May-17,9200,PE,126.65,146.5,126.65,131.75,131.75,3992,27955.02,789825,34725,17-Apr-17
OPTIDX,NIFTY,25-May-17,9250,PE,0,0,0,297.85,144.35,0,0,0,0,17-Apr-17
OPTIDX,NIFTY,25-May-17,9300,PE,184.55,199.2,179.45,181.75,181.75,1497,10652.43,310500,8400,17-Apr-17
OPTIDX,NIFTY,25-May-17,9350,PE,0,0,0,363.95,207.35,0,0,0,0,17-Apr-17
OPTIDX,NIFTY,25-May-17,9400,PE,247.1,266.15,236.25,245,245,709,5133.22,393450,9150,17-Apr-17
OPTIDX,NIFTY,25-May-17,9450,PE,0,0,0,436.55,281.8,0,0,0,0,17-Apr-17
OPTIDX,NIFTY,25-May-17,9500,PE,320,348.1,319.95,320.9,320.9,858,6324.22,377850,25500,17-Apr-17
OPTIDX,NIFTY,25-May-17,9550,PE,0,0,0,514.65,365.3,0,0,0,0,17-Apr-17
OPTIDX,NIFTY,25-May-17,9600,PE,416.85,432.6,408,410.55,410.55,54,405.8,36075,975,17-Apr-17
OPTIDX,NIFTY,25-May-17,9650,PE,0,0,0,597.55,455.25,0,0,0,0,17-Apr-17
OPTIDX,NIFTY,25-May-17,9700,PE,505,505,505,505,505,2,15.3,150,150,17-Apr-17
OPTIDX,NIFTY,25-May-17,9750,PE,0,0,0,684.35,549.5,0,0,0,0,17-Apr-17
OPTIDX,NIFTY,25-May-17,9800,PE,0,0,0,728.95,597.65,0,0,75,0,17-Apr-17
OPTIDX,NIFTY,25-May-17,9850,PE,0,0,0,774.25,646.3,0,0,0,0,17-Apr-17
OPTIDX,NIFTY,25-May-17,9900,PE,0,0,0,820.2,695.25,0,0,0,0,17-Apr-17
OPTIDX,NIFTY,25-May-17,9950,PE,0,0,0,866.65,744.45,0,0,0,0,17-Apr-17
OPTIDX,NIFTY,25-May-17,10000,PE,807,810.15,793,795.15,795.15,357,2891.95,32025,19500,17-Apr-17
OPTIDX,NIFTY,25-May-17,10050,PE,0,0,0,960.85,843.25,0,0,0,0,17-Apr-17
OPTIDX,NIFTY,25-May-17,10100,PE,0,0,0,1008.5,892.8,0,0,0,0,17-Apr-17
OPTIDX,NIFTY,25-May-17,10150,PE,0,0,0,1056.4,942.4,0,0,0,0,17-Apr-17
OPTIDX,NIFTY,25-May-17,10200,PE,0,0,0,1104.55,992,0,0,0,0,17-Apr-17
OPTIDX,NIFTY,25-May-17,10250,PE,0,0,0,1152.95,1041.65,0,0,0,0,17-Apr-17
OPTIDX,NIFTY,25-May-17,10300,PE,0,0,0,1201.45,1091.25,0,0,0,0,17-Apr-17
OPTIDX,NIFTY,25-May-17,10350,PE,0,0,0,1250.1,1140.95,0,0,0,0,17-Apr-17
OPTIDX,NIFTY,25-May-17,10400,PE,0,0,0,1298.9,1190.6,0,0,0,0,17-Apr-17
OPTIDX,NIFTY,25-May-17,10450,PE,0,0,0,1347.75,1240.25,0,0,0,0,17-Apr-17
OPTIDX,NIFTY,25-May-17,10500,PE,1295,1295,1295,1295,1295,1,8.84,1875,0,17-Apr-17
OPTIDX,NIFTY,25-May-17,10550,PE,0,0,0,1329.85,1339.55,0,0,0,0,17-Apr-17
OPTIDX,NIFTY,25-May-17,10600,PE,0,0,0,1378.9,1389.25,0,0,0,0,17-Apr-17
OPTIDX,NIFTY,25-May-17,10650,PE,0,0,0,1365,1438.9,0,0,0,0,17-Apr-17
OPTIDX,NIFTY,25-May-17,10700,PE,0,0,0,1364.6,1488.55,0,0,0,0,17-Apr-17
OPTIDX,NIFTY,25-May-17,10750,PE,0,0,0,1414.1,1538.2,0,0,0,0,17-Apr-17
OPTIDX,NIFTY,29-Jun-17,3200,CE,5900,5926,5900,5918,5918,27,184.62,327825,-675,17-Apr-17
OPTIDX,NIFTY,29-Jun-17,3300,CE,0,0,0,3096.8,5881.95,0,0,0,0,17-Apr-17
OPTIDX,NIFTY,29-Jun-17,3400,CE,0,0,0,3035.75,5783.25,0,0,0,0,17-Apr-17
OPTIDX,NIFTY,29-Jun-17,3500,CE,0,0,0,2974.95,5684.55,0,0,0,0,17-Apr-17
OPTIDX,NIFTY,29-Jun-17,3600,CE,0,0,0,2914.4,5585.8,0,0,0,0,17-Apr-17
OPTIDX,NIFTY,29-Jun-17,3700,CE,0,0,0,2854.15,5487.1,0,0,0,0,17-Apr-17
OPTIDX,NIFTY,29-Jun-17,3800,CE,0,0,0,2794.25,5388.4,0,0,0,0,17-Apr-17
OPTIDX,NIFTY,29-Jun-17,3900,CE,0,0,0,2734.7,5289.7,0,0,0,0,17-Apr-17
OPTIDX,NIFTY,29-Jun-17,4000,CE,5123.85,5123.85,5123.85,5123.85,5123.85,1,6.84,1725,0,17-Apr-17
OPTIDX,NIFTY,29-Jun-17,4100,CE,0,0,0,2616.85,5092.3,0,0,0,0,17-Apr-17
OPTIDX,NIFTY,29-Jun-17,4200,CE,0,0,0,2558.6,4993.55,0,0,0,0,17-Apr-17
OPTIDX,NIFTY,29-Jun-17,4300,CE,0,0,0,2500.8,4894.85,0,0,0,0,17-Apr-17
OPTIDX,NIFTY,29-Jun-17,4400,CE,0,0,0,2443.6,4796.15,0,0,0,0,17-Apr-17
OPTIDX,NIFTY,29-Jun-17,4500,CE,0,0,0,2386.9,4697.45,0,0,0,0,17-Apr-17
OPTIDX,NIFTY,29-Jun-17,4600,CE,0,0,0,2330.8,4598.75,0,0,0,0,17-Apr-17
OPTIDX,NIFTY,29-Jun-17,4700,CE,0,0,0,2275.3,4500,0,0,0,0,17-Apr-17
OPTIDX,NIFTY,29-Jun-17,4800,CE,0,0,0,2220.45,4401.3,0,0,0,0,17-Apr-17
OPTIDX,NIFTY,29-Jun-17,4900,CE,0,0,0,2166.25,4302.6,0,0,0,0,17-Apr-17
OPTIDX,NIFTY,29-Jun-17,5000,CE,0,0,0,4140.45,4203.9,0,0,80700,0,17-Apr-17
OPTIDX,NIFTY,29-Jun-17,5100,CE,0,0,0,2060,4105.2,0,0,0,0,17-Apr-17
OPTIDX,NIFTY,29-Jun-17,5200,CE,0,0,0,2007.95,4006.5,0,0,0,0,17-Apr-17
OPTIDX,NIFTY,29-Jun-17,5300,CE,0,0,0,1956.65,3907.75,0,0,0,0,17-Apr-17
OPTIDX,NIFTY,29-Jun-17,5400,CE,0,0,0,1906.15,3809.05,0,0,0,0,17-Apr-17
OPTIDX,NIFTY,29-Jun-17,5500,CE,0,0,0,1856.4,3710.35,0,0,0,0,17-Apr-17
OPTIDX,NIFTY,29-Jun-17,5600,CE,0,0,0,1807.5,3611.65,0,0,0,0,17-Apr-17
OPTIDX,NIFTY,29-Jun-17,5700,CE,0,0,0,1759.4,3512.95,0,0,0,0,17-Apr-17
OPTIDX,NIFTY,29-Jun-17,5800,CE,0,0,0,1712.1,3414.25,0,0,0,0,17-Apr-17
OPTIDX,NIFTY,29-Jun-17,5900,CE,0,0,0,1665.85,3315.5,0,0,0,0,17-Apr-17
OPTIDX,NIFTY,29-Jun-17,6000,CE,3140,3155,3140,3155,3155,2,13.72,155550,-75,17-Apr-17
OPTIDX,NIFTY,29-Jun-17,6100,CE,0,0,0,2583,3118.1,0,0,50000,0,17-Apr-17
OPTIDX,NIFTY,29-Jun-17,6200,CE,0,0,0,1641,3019.4,0,0,75000,0,17-Apr-17
OPTIDX,NIFTY,29-Jun-17,6300,CE,0,0,0,1488.7,2920.7,0,0,0,0,17-Apr-17
OPTIDX,NIFTY,29-Jun-17,6400,CE,0,0,0,1446.6,2822,0,0,0,0,17-Apr-17
OPTIDX,NIFTY,29-Jun-17,6500,CE,0,0,0,2695,2723.25,0,0,17250,0,17-Apr-17
OPTIDX,NIFTY,29-Jun-17,6600,CE,0,0,0,1603,2624.55,0,0,100000,0,17-Apr-17
OPTIDX,NIFTY,29-Jun-17,6700,CE,0,0,0,1058.25,2525.85,0,0,14700,0,17-Apr-17
OPTIDX,NIFTY,29-Jun-17,6800,CE,0,0,0,1883,2427.15,0,0,127500,0,17-Apr-17
OPTIDX,NIFTY,29-Jun-17,6900,CE,0,0,0,1249.05,2328.45,0,0,0,0,17-Apr-17
OPTIDX,NIFTY,29-Jun-17,7000,CE,0,0,0,2190,2229.75,0,0,19275,0,17-Apr-17
OPTIDX,NIFTY,29-Jun-17,7100,CE,0,0,0,1380.6,2131,0,0,0,0,17-Apr-17
OPTIDX,NIFTY,29-Jun-17,7200,CE,0,0,0,1601,2032.3,0,0,25000,0,17-Apr-17
OPTIDX,NIFTY,29-Jun-17,7300,CE,0,0,0,1580.7,1933.6,0,0,200000,0,17-Apr-17
OPTIDX,NIFTY,29-Jun-17,7400,CE,0,0,0,1702,1834.9,0,0,8400,0,17-Apr-17
OPTIDX,NIFTY,29-Jun-17,7500,CE,0,0,0,1780,1736.2,0,0,92800,0,17-Apr-17
OPTIDX,NIFTY,29-Jun-17,7600,CE,0,0,0,1238.3,1637.5,0,0,0,0,17-Apr-17
OPTIDX,NIFTY,29-Jun-17,7650,CE,0,0,0,1649.95,1588.15,0,0,0,0,17-Apr-17
OPTIDX,NIFTY,29-Jun-17,7700,CE,0,0,0,1543,1538.75,0,0,525625,0,17-Apr-17
OPTIDX,NIFTY,29-Jun-17,7750,CE,0,0,0,1551.65,1489.4,0,0,0,0,17-Apr-17
OPTIDX,NIFTY,29-Jun-17,7800,CE,0,0,0,984,1440.05,0,0,89925,0,17-Apr-17
OPTIDX,NIFTY,29-Jun-17,7850,CE,0,0,0,1453.4,1390.7,0,0,0,0,17-Apr-17
OPTIDX,NIFTY,29-Jun-17,7900,CE,0,0,0,1001.4,1341.4,0,0,0,0,17-Apr-17
OPTIDX,NIFTY,29-Jun-17,7950,CE,0,0,0,1355.2,1292.05,0,0,0,0,17-Apr-17
OPTIDX,NIFTY,29-Jun-17,8000,CE,0,0,0,1278.75,1242.7,0,0,185425,0,17-Apr-17
OPTIDX,NIFTY,29-Jun-17,8050,CE,0,0,0,1257.2,1193.4,0,0,0,0,17-Apr-17
OPTIDX,NIFTY,29-Jun-17,8100,CE,0,0,0,1979,1144.1,0,0,151250,0,17-Apr-17
OPTIDX,NIFTY,29-Jun-17,8150,CE,0,0,0,1159.55,1094.85,0,0,0,0,17-Apr-17
OPTIDX,NIFTY,29-Jun-17,8200,CE,0,0,0,842,1045.65,0,0,36725,0,17-Apr-17
OPTIDX,NIFTY,29-Jun-17,8250,CE,0,0,0,1062.4,996.5,0,0,0,0,17-Apr-17
OPTIDX,NIFTY,29-Jun-17,8300,CE,0,0,0,838.55,947.5,0,0,0,0,17-Apr-17
OPTIDX,NIFTY,29-Jun-17,8350,CE,0,0,0,966.1,898.6,0,0,0,0,17-Apr-17
OPTIDX,NIFTY,29-Jun-17,8400,CE,0,0,0,1509.4,849.95,0,0,20000,0,17-Apr-17
OPTIDX,NIFTY,29-Jun-17,8450,CE,0,0,0,871.15,801.55,0,0,0,0,17-Apr-17
OPTIDX,NIFTY,29-Jun-17,8500,CE,707.25,707.25,707.25,707.25,707.25,1,6.9,65200,75,17-Apr-17
OPTIDX,NIFTY,29-Jun-17,8550,CE,0,0,0,778.05,705.85,0,0,0,0,17-Apr-17
OPTIDX,NIFTY,29-Jun-17,8600,CE,0,0,0,660,658.8,0,0,7075,0,17-Apr-17
OPTIDX,NIFTY,29-Jun-17,8650,CE,0,0,0,687.55,612.4,0,0,0,0,17-Apr-17
OPTIDX,NIFTY,29-Jun-17,8700,CE,540,540,540,540,540,24,166.32,27025,1800,17-Apr-17
OPTIDX,NIFTY,29-Jun-17,8750,CE,0,0,0,600.5,522.35,0,0,0,0,17-Apr-17
OPTIDX,NIFTY,29-Jun-17,8800,CE,0,0,0,476.3,479,0,0,14325,0,17-Apr-17
OPTIDX,NIFTY,29-Jun-17,8850,CE,0,0,0,517.75,436.95,0,0,0,0,17-Apr-17
OPTIDX,NIFTY,29-Jun-17,8900,CE,0,0,0,418.75,396.45,0,0,1425,0,17-Apr-17
OPTIDX,NIFTY,29-Jun-17,8950,CE,0,0,0,440.15,357.65,0,0,0,0,17-Apr-17
OPTIDX,NIFTY,29-Jun-17,9000,CE,317.35,317.35,300,312.15,312.15,182,1270.21,369225,1050,17-Apr-17
OPTIDX,NIFTY,29-Jun-17,9050,CE,0,0,0,368.55,285.7,0,0,0,0,17-Apr-17
OPTIDX,NIFTY,29-Jun-17,9100,CE,247.4,248,235,241.85,241.85,45,315.23,16125,1725,17-Apr-17
OPTIDX,NIFTY,29-Jun-17,9150,CE,0,0,0,303.8,222.4,0,0,0,0,17-Apr-17
OPTIDX,NIFTY,29-Jun-17,9200,CE,192,192,177,183.7,183.7,310,2181.13,165225,10500,17-Apr-17
OPTIDX,NIFTY,29-Jun-17,9250,CE,0,0,0,246.25,168.35,0,0,0,0,17-Apr-17
OPTIDX,NIFTY,29-Jun-17,9300,CE,144.9,144.9,125.2,135.1,135.1,184,1301.82,158250,5625,17-Apr-17
OPTIDX,NIFTY,29-Jun-17,9350,CE,0,0,0,196.05,123.75,0,0,0,0,17-Apr-17
OPTIDX,NIFTY,29-Jun-17,9400,CE,104.95,104.95,86.4,95.8,95.8,533,3794.25,79950,22875,17-Apr-17
OPTIDX,NIFTY,29-Jun-17,9450,CE,0,0,0,153.35,88.2,0,0,0,0,17-Apr-17
OPTIDX,NIFTY,29-Jun-17,9500,CE,67,70.4,58.55,62.3,62.3,2516,18045.38,425025,91125,17-Apr-17
OPTIDX,NIFTY,29-Jun-17,9550,CE,0,0,0,117.7,60.95,0,0,0,0,17-Apr-17
OPTIDX,NIFTY,29-Jun-17,9600,CE,42.95,45,30.15,39.2,39.2,1831,13235.03,181050,34575,17-Apr-17
OPTIDX,NIFTY,29-Jun-17,9650,CE,0,0,0,88.6,40.75,0,0,0,0,17-Apr-17
OPTIDX,NIFTY,29-Jun-17,9700,CE,25.55,25.95,21.85,24.35,24.35,1702,12412.94,203700,58950,17-Apr-17
OPTIDX,NIFTY,29-Jun-17,9750,CE,0,0,0,65.55,26.35,0,0,0,0,17-Apr-17
OPTIDX,NIFTY,29-Jun-17,9800,CE,15.2,15.2,12.3,14.65,14.65,3421,25179.92,199875,153150,17-Apr-17
OPTIDX,NIFTY,29-Jun-17,9850,CE,0,0,0,47.5,16.45,0,0,0,0,17-Apr-17
OPTIDX,NIFTY,29-Jun-17,9900,CE,7.9,8.85,7.75,7.85,7.85,46,341.83,16200,-1425,17-Apr-17
OPTIDX,NIFTY,29-Jun-17,9950,CE,0,0,0,33.75,9.95,0,0,0,0,17-Apr-17
OPTIDX,NIFTY,29-Jun-17,10000,CE,8.5,8.7,5.1,6.45,6.45,298,2236.32,338075,12075,17-Apr-17
OPTIDX,NIFTY,29-Jun-17,10050,CE,0,0,0,23.5,5.8,0,0,0,0,17-Apr-17
OPTIDX,NIFTY,29-Jun-17,10100,CE,0,0,0,4.7,4.4,0,0,225,0,17-Apr-17
OPTIDX,NIFTY,29-Jun-17,10150,CE,0,0,0,16.05,3.3,0,0,0,0,17-Apr-17
OPTIDX,NIFTY,29-Jun-17,10200,CE,0,0,0,787.6,2.45,0,0,0,0,17-Apr-17
OPTIDX,NIFTY,29-Jun-17,10250,CE,0,0,0,10.75,1.8,0,0,0,0,17-Apr-17
OPTIDX,NIFTY,29-Jun-17,10300,CE,0,0,0,17,1.3,0,0,7200,0,17-Apr-17
OPTIDX,NIFTY,29-Jun-17,10350,CE,0,0,0,7.05,0.95,0,0,0,0,17-Apr-17
OPTIDX,NIFTY,29-Jun-17,10400,CE,0,0,0,655.95,0.7,0,0,0,0,17-Apr-17
OPTIDX,NIFTY,29-Jun-17,10450,CE,0,0,0,4.55,0.5,0,0,0,0,17-Apr-17
OPTIDX,NIFTY,29-Jun-17,10500,CE,1.7,1.7,1.5,1.7,1.7,20,157.52,25950,-975,17-Apr-17
OPTIDX,NIFTY,29-Jun-17,10550,CE,0,0,0,2.9,0.25,0,0,0,0,17-Apr-17
OPTIDX,NIFTY,29-Jun-17,10600,CE,0,0,0,681.65,0.2,0,0,0,0,17-Apr-17
OPTIDX,NIFTY,29-Jun-17,10650,CE,0,0,0,1.8,0.15,0,0,0,0,17-Apr-17
OPTIDX,NIFTY,29-Jun-17,10700,CE,0,0,0,867.45,0.1,0,0,0,0,17-Apr-17
OPTIDX,NIFTY,29-Jun-17,10750,CE,0,0,0,1,0.05,0,0,0,0,17-Apr-17
OPTIDX,NIFTY,29-Jun-17,10800,CE,0,0,0,710.6,0.05,0,0,0,0,17-Apr-17
OPTIDX,NIFTY,29-Jun-17,10900,CE,0,0,0,603.8,0.05,0,0,0,0,17-Apr-17
OPTIDX,NIFTY,29-Jun-17,11000,CE,1,1.2,0.95,1.1,1.1,60,495.04,25125,975,17-Apr-17
OPTIDX,NIFTY,29-Jun-17,11100,CE,0,0,0,1028.6,0,0,0,0,0,17-Apr-17
OPTIDX,NIFTY,29-Jun-17,11200,CE,0,0,0,964.45,0,0,0,0,0,17-Apr-17
OPTIDX,NIFTY,29-Jun-17,11300,CE,0,0,0,987.1,0,0,0,0,0,17-Apr-17
OPTIDX,NIFTY,29-Jun-17,11400,CE,0,0,0,907.75,0,0,0,0,0,17-Apr-17
OPTIDX,NIFTY,29-Jun-17,11500,CE,0,0,0,0.15,0,0,0,0,0,17-Apr-17
OPTIDX,NIFTY,29-Jun-17,11600,CE,0,0,0,0.1,0,0,0,0,0,17-Apr-17
OPTIDX,NIFTY,29-Jun-17,3200,PE,0,0,0,3.95,0,0,0,0,0,17-Apr-17
OPTIDX,NIFTY,29-Jun-17,3300,PE,0,0,0,5,0,0,0,0,0,17-Apr-17
OPTIDX,NIFTY,29-Jun-17,3400,PE,0,0,0,6.25,0,0,0,0,0,17-Apr-17
OPTIDX,NIFTY,29-Jun-17,3500,PE,0,0,0,7.8,0,0,0,0,0,17-Apr-17
OPTIDX,NIFTY,29-Jun-17,3600,PE,0,0,0,70.05,0,0,0,14950,0,17-Apr-17
OPTIDX,NIFTY,29-Jun-17,3700,PE,0,0,0,11.7,0,0,0,0,0,17-Apr-17
OPTIDX,NIFTY,29-Jun-17,3800,PE,0,0,0,14.15,0,0,0,0,0,17-Apr-17
OPTIDX,NIFTY,29-Jun-17,3900,PE,0,0,0,16.95,0,0,0,0,0,17-Apr-17
OPTIDX,NIFTY,29-Jun-17,4000,PE,0,0,0,3.05,0,0,0,14625,0,17-Apr-17
OPTIDX,NIFTY,29-Jun-17,4100,PE,0,0,0,23.75,0,0,0,0,0,17-Apr-17
OPTIDX,NIFTY,29-Jun-17,4200,PE,0,0,0,27.85,0,0,0,0,0,17-Apr-17
OPTIDX,NIFTY,29-Jun-17,4300,PE,0,0,0,21.9,0,0,0,13350,0,17-Apr-17
OPTIDX,NIFTY,29-Jun-17,4400,PE,0,0,0,37.55,0,0,0,0,0,17-Apr-17
OPTIDX,NIFTY,29-Jun-17,4500,PE,0,0,0,43.2,0,0,0,0,0,17-Apr-17
OPTIDX,NIFTY,29-Jun-17,4600,PE,0,0,0,49.45,0,0,0,0,0,17-Apr-17
OPTIDX,NIFTY,29-Jun-17,4700,PE,0,0,0,166.5,0,0,0,33300,0,17-Apr-17
OPTIDX,NIFTY,29-Jun-17,4800,PE,0,0,0,213,0,0,0,50,0,17-Apr-17
OPTIDX,NIFTY,29-Jun-17,4900,PE,0,0,0,71.95,0,0,0,0,0,17-Apr-17
OPTIDX,NIFTY,29-Jun-17,5000,PE,0,0,0,0.75,0,0,0,29675,0,17-Apr-17
OPTIDX,NIFTY,29-Jun-17,5100,PE,0,0,0,170,0,0,0,19650,0,17-Apr-17
OPTIDX,NIFTY,29-Jun-17,5200,PE,0,0,0,100.65,0,0,0,0,0,17-Apr-17
OPTIDX,NIFTY,29-Jun-17,5300,PE,0,0,0,50,0,0,0,38250,0,17-Apr-17
OPTIDX,NIFTY,29-Jun-17,5400,PE,0,0,0,240,0,0,0,33300,0,17-Apr-17
OPTIDX,NIFTY,29-Jun-17,5500,PE,0,0,0,3,0,0,0,7500,0,17-Apr-17
OPTIDX,NIFTY,29-Jun-17,5600,PE,0,0,0,212.9,0,0,0,900,0,17-Apr-17
OPTIDX,NIFTY,29-Jun-17,5700,PE,0,0,0,92.4,0,0,0,8325,0,17-Apr-17
OPTIDX,NIFTY,29-Jun-17,5800,PE,0,0,0,125,0,0,0,38400,0,17-Apr-17
OPTIDX,NIFTY,29-Jun-17,5900,PE,0,0,0,194.95,0,0,0,0,0,17-Apr-17
OPTIDX,NIFTY,29-Jun-17,6000,PE,1.85,1.85,1.4,1.5,1.5,42,189.04,72375,-150,17-Apr-17
OPTIDX,NIFTY,29-Jun-17,6100,PE,0,0,0,229.3,0,0,0,0,0,17-Apr-17
OPTIDX,NIFTY,29-Jun-17,6200,PE,0,0,0,247.8,0,0,0,0,0,17-Apr-17
OPTIDX,NIFTY,29-Jun-17,6300,PE,0,0,0,467.8,0,0,0,42300,0,17-Apr-17
OPTIDX,NIFTY,29-Jun-17,6400,PE,0,0,0,287.4,0,0,0,0,0,17-Apr-17
OPTIDX,NIFTY,29-Jun-17,6500,PE,0,0,0,1.8,0,0,0,15475,0,17-Apr-17
OPTIDX,NIFTY,29-Jun-17,6600,PE,0,0,0,34.5,0,0,0,50000,0,17-Apr-17
OPTIDX,NIFTY,29-Jun-17,6700,PE,0,0,0,50,0,0,0,149800,0,17-Apr-17
OPTIDX,NIFTY,29-Jun-17,6800,PE,0,0,0,525.55,0,0,0,7600,0,17-Apr-17
OPTIDX,NIFTY,29-Jun-17,6900,PE,0,0,0,401.6,0,0,0,0,0,17-Apr-17
OPTIDX,NIFTY,29-Jun-17,7000,PE,2,2.95,1.35,2.95,2.95,38,199.54,43275,0,17-Apr-17
OPTIDX,NIFTY,29-Jun-17,7100,PE,0,0,0,332,0,0,0,27975,0,17-Apr-17
OPTIDX,NIFTY,29-Jun-17,7200,PE,0,0,0,104,0,0,0,6225,0,17-Apr-17
OPTIDX,NIFTY,29-Jun-17,7300,PE,0,0,0,493.9,0,0,0,0,0,17-Apr-17
OPTIDX,NIFTY,29-Jun-17,7400,PE,0,0,0,720,0,0,0,16700,0,17-Apr-17
OPTIDX,NIFTY,29-Jun-17,7500,PE,0,0,0,5,0,0,0,68925,0,17-Apr-17
OPTIDX,NIFTY,29-Jun-17,7600,PE,0,0,0,70,0,0,0,28875,0,17-Apr-17
OPTIDX,NIFTY,29-Jun-17,7650,PE,0,0,0,0.05,0,0,0,0,0,17-Apr-17
OPTIDX,NIFTY,29-Jun-17,7700,PE,0,0,0,155.5,0,0,0,77950,0,17-Apr-17
OPTIDX,NIFTY,29-Jun-17,7750,PE,0,0,0,0.1,0,0,0,0,0,17-Apr-17
OPTIDX,NIFTY,29-Jun-17,7800,PE,0,0,0,32,0.05,0,0,175650,0,17-Apr-17
OPTIDX,NIFTY,29-Jun-17,7850,PE,0,0,0,0.15,0.05,0,0,0,0,17-Apr-17
OPTIDX,NIFTY,29-Jun-17,7900,PE,0,0,0,10,0.05,0,0,16350,0,17-Apr-17
OPTIDX,NIFTY,29-Jun-17,7950,PE,0,0,0,0.35,0.05,0,0,0,0,17-Apr-17
OPTIDX,NIFTY,29-Jun-17,8000,PE,12,15.6,12,14.35,14.35,370,2224.08,205650,23250,17-Apr-17
OPTIDX,NIFTY,29-Jun-17,8050,PE,0,0,0,0.7,0.1,0,0,0,0,17-Apr-17
OPTIDX,NIFTY,29-Jun-17,8100,PE,0,0,0,29,0.2,0,0,375,0,17-Apr-17
OPTIDX,NIFTY,29-Jun-17,8150,PE,0,0,0,1.4,0.3,0,0,0,0,17-Apr-17
OPTIDX,NIFTY,29-Jun-17,8200,PE,0,0,0,42,0.45,0,0,24025,0,17-Apr-17
OPTIDX,NIFTY,29-Jun-17,8250,PE,0,0,0,2.6,0.65,0,0,0,0,17-Apr-17
OPTIDX,NIFTY,29-Jun-17,8300,PE,21,23.5,20.65,21.05,21.05,43,268.37,33750,1425,17-Apr-17
OPTIDX,NIFTY,29-Jun-17,8350,PE,0,0,0,4.65,1.45,0,0,0,0,17-Apr-17
OPTIDX,NIFTY,29-Jun-17,8400,PE,25,27.8,25,25.15,25.15,73,461.31,33600,3750,17-Apr-17
OPTIDX,NIFTY,29-Jun-17,8450,PE,0,0,0,8.05,3.1,0,0,0,0,17-Apr-17
OPTIDX,NIFTY,29-Jun-17,8500,PE,32.95,35.05,32,32.2,32.2,273,1747.1,531150,375,17-Apr-17
OPTIDX,NIFTY,29-Jun-17,8550,PE,0,0,0,13.3,6.1,0,0,0,0,17-Apr-17
OPTIDX,NIFTY,29-Jun-17,8600,PE,38.45,43.15,38.45,40,40,80,518.43,98325,1875,17-Apr-17
OPTIDX,NIFTY,29-Jun-17,8650,PE,0,0,0,21.15,11.4,0,0,0,0,17-Apr-17
OPTIDX,NIFTY,29-Jun-17,8700,PE,52,55.1,47.25,50.1,50.1,987,6477.6,258600,38700,17-Apr-17
OPTIDX,NIFTY,29-Jun-17,8750,PE,0,0,0,32.45,20.05,0,0,0,0,17-Apr-17
OPTIDX,NIFTY,29-Jun-17,8800,PE,64,72.55,63.5,65.2,65.2,542,3605.42,338000,15375,17-Apr-17
OPTIDX,NIFTY,29-Jun-17,8850,PE,0,0,0,48.05,33.35,0,0,0,0,17-Apr-17
OPTIDX,NIFTY,29-Jun-17,8900,PE,86.7,94.5,84,85.05,85.05,416,2804.96,121875,15675,17-Apr-17
OPTIDX,NIFTY,29-Jun-17,8950,PE,0,0,0,68.8,52.75,0,0,0,0,17-Apr-17
OPTIDX,NIFTY,29-Jun-17,9000,PE,110.3,120.55,109.7,111.95,111.95,1835,12544.72,490725,81975,17-Apr-17
OPTIDX,NIFTY,29-Jun-17,9050,PE,0,0,0,95.55,79.5,0,0,0,0,17-Apr-17
OPTIDX,NIFTY,29-Jun-17,9100,PE,142.25,152.3,141.85,143.95,143.95,226,1567.35,152700,6300,17-Apr-17
OPTIDX,NIFTY,29-Jun-17,9150,PE,0,0,0,129.15,114.95,0,0,0,0,17-Apr-17
OPTIDX,NIFTY,29-Jun-17,9200,PE,183.45,193.9,179.95,181.1,181.1,111,781.36,208750,-525,17-Apr-17
OPTIDX,NIFTY,29-Jun-17,9250,PE,0,0,0,169.95,159.6,0,0,0,0,17-Apr-17
OPTIDX,NIFTY,29-Jun-17,9300,PE,235,243.75,231.1,232.9,232.9,67,479.17,158000,825,17-Apr-17
OPTIDX,NIFTY,29-Jun-17,9350,PE,0,0,0,218.1,213.65,0,0,0,0,17-Apr-17
OPTIDX,NIFTY,29-Jun-17,9400,PE,0,0,0,237,244.15,0,0,300,0,17-Apr-17
OPTIDX,NIFTY,29-Jun-17,9450,PE,0,0,0,273.75,276.8,0,0,0,0,17-Apr-17
OPTIDX,NIFTY,29-Jun-17,9500,PE,355,359.8,349.75,353.4,353.4,37,273.49,103275,-1200,17-Apr-17
OPTIDX,NIFTY,29-Jun-17,9550,PE,0,0,0,336.45,348.3,0,0,0,0,17-Apr-17
OPTIDX,NIFTY,29-Jun-17,9600,PE,0,0,0,501,386.75,0,0,258750,0,17-Apr-17
OPTIDX,NIFTY,29-Jun-17,9650,PE,0,0,0,405.75,426.8,0,0,0,0,17-Apr-17
OPTIDX,NIFTY,29-Jun-17,9700,PE,0,0,0,583,468.3,0,0,238650,0,17-Apr-17
OPTIDX,NIFTY,29-Jun-17,9750,PE,0,0,0,481,511.1,0,0,0,0,17-Apr-17
OPTIDX,NIFTY,29-Jun-17,9800,PE,0,0,0,940.3,555.05,0,0,0,0,17-Apr-17
OPTIDX,NIFTY,29-Jun-17,9850,PE,0,0,0,561.3,599.95,0,0,0,0,17-Apr-17
OPTIDX,NIFTY,29-Jun-17,9900,PE,0,0,0,979,645.7,0,0,72900,0,17-Apr-17
OPTIDX,NIFTY,29-Jun-17,9950,PE,0,0,0,645.9,692.15,0,0,0,0,17-Apr-17
OPTIDX,NIFTY,29-Jun-17,10000,PE,800,800,787,787,787,2,16.19,1500,75,17-Apr-17
OPTIDX,NIFTY,29-Jun-17,10050,PE,0,0,0,734,786.7,0,0,0,0,17-Apr-17
OPTIDX,NIFTY,29-Jun-17,10100,PE,0,0,0,998.6,834.65,0,0,0,0,17-Apr-17
OPTIDX,NIFTY,29-Jun-17,10150,PE,0,0,0,824.9,882.9,0,0,0,0,17-Apr-17
OPTIDX,NIFTY,29-Jun-17,10200,PE,0,0,0,925.3,931.4,0,0,0,0,17-Apr-17
OPTIDX,NIFTY,29-Jun-17,10250,PE,0,0,0,917.95,980.1,0,0,0,0,17-Apr-17
OPTIDX,NIFTY,29-Jun-17,10300,PE,0,0,0,1142,1029,0,0,114900,0,17-Apr-17
OPTIDX,NIFTY,29-Jun-17,10350,PE,0,0,0,1012.6,1078,0,0,0,0,17-Apr-17
OPTIDX,NIFTY,29-Jun-17,10400,PE,0,0,0,783.6,1127.05,0,0,0,0,17-Apr-17
OPTIDX,NIFTY,29-Jun-17,10450,PE,0,0,0,1108.45,1176.25,0,0,0,0,17-Apr-17
OPTIDX,NIFTY,29-Jun-17,10500,PE,0,0,0,1205,1225.45,0,0,50925,0,17-Apr-17
OPTIDX,NIFTY,29-Jun-17,10550,PE,0,0,0,1205.15,1274.7,0,0,0,0,17-Apr-17
OPTIDX,NIFTY,29-Jun-17,10600,PE,0,0,0,765.95,1324,0,0,0,0,17-Apr-17
OPTIDX,NIFTY,29-Jun-17,10650,PE,0,0,0,1302.4,1373.3,0,0,0,0,17-Apr-17
OPTIDX,NIFTY,29-Jun-17,10700,PE,0,0,0,1025.2,1422.6,0,0,0,0,17-Apr-17
OPTIDX,NIFTY,29-Jun-17,10750,PE,0,0,0,1348.3,1471.95,0,0,0,0,17-Apr-17
OPTIDX,NIFTY,29-Jun-17,10800,PE,0,0,0,930.2,1521.25,0,0,0,0,17-Apr-17
OPTIDX,NIFTY,29-Jun-17,10900,PE,0,0,0,840.2,1619.95,0,0,0,0,17-Apr-17
OPTIDX,NIFTY,29-Jun-17,11000,PE,1770,1777.35,1759.75,1765.75,1765.75,36,344.8,560700,75,17-Apr-17
OPTIDX,NIFTY,29-Jun-17,11100,PE,0,0,0,1344.25,1817.35,0,0,0,0,17-Apr-17
OPTIDX,NIFTY,29-Jun-17,11200,PE,0,0,0,1304.2,1916.05,0,0,0,0,17-Apr-17
OPTIDX,NIFTY,29-Jun-17,11300,PE,0,0,0,1247.5,2014.75,0,0,0,0,17-Apr-17
OPTIDX,NIFTY,29-Jun-17,11400,PE,0,0,0,2080,2113.5,0,0,13425,0,17-Apr-17
OPTIDX,NIFTY,29-Jun-17,11500,PE,0,0,0,2196.1,2212.2,0,0,0,0,17-Apr-17
OPTIDX,NIFTY,29-Jun-17,11600,PE,0,0,0,2231.2,2310.9,0,0,0,0,17-Apr-17
OPTIDX,NIFTY,28-Sep-17,5500,CE,0,0,0,2726.7,3797.65,0,0,0,0,17-Apr-17
OPTIDX,NIFTY,28-Sep-17,5600,CE,0,0,0,2634.05,3700.5,0,0,0,0,17-Apr-17
OPTIDX,NIFTY,28-Sep-17,5700,CE,0,0,0,2733.55,3603.4,0,0,0,0,17-Apr-17
OPTIDX,NIFTY,28-Sep-17,5800,CE,0,0,0,2641.85,3506.25,0,0,0,0,17-Apr-17
OPTIDX,NIFTY,28-Sep-17,5900,CE,0,0,0,2732.9,3409.15,0,0,0,0,17-Apr-17
OPTIDX,NIFTY,28-Sep-17,6000,CE,0,0,0,2782.55,3312,0,0,0,0,17-Apr-17
OPTIDX,NIFTY,28-Sep-17,6100,CE,0,0,0,2792.5,3214.9,0,0,0,0,17-Apr-17
OPTIDX,NIFTY,28-Sep-17,6200,CE,0,0,0,2804.9,3117.8,0,0,0,0,17-Apr-17
OPTIDX,NIFTY,28-Sep-17,6300,CE,0,0,0,2712.3,3020.65,0,0,0,0,17-Apr-17
OPTIDX,NIFTY,28-Sep-17,6400,CE,0,0,0,2619.9,2923.55,0,0,0,0,17-Apr-17
OPTIDX,NIFTY,28-Sep-17,6500,CE,0,0,0,2527.8,2826.4,0,0,0,0,17-Apr-17
OPTIDX,NIFTY,28-Sep-17,6600,CE,0,0,0,2436.1,2729.3,0,0,0,0,17-Apr-17
OPTIDX,NIFTY,28-Sep-17,6700,CE,0,0,0,2344.8,2632.15,0,0,0,0,17-Apr-17
OPTIDX,NIFTY,28-Sep-17,6800,CE,0,0,0,2254,2535.05,0,0,0,0,17-Apr-17
OPTIDX,NIFTY,28-Sep-17,6900,CE,0,0,0,2163.85,2437.9,0,0,0,0,17-Apr-17
OPTIDX,NIFTY,28-Sep-17,7000,CE,0,0,0,2074.45,2340.8,0,0,0,0,17-Apr-17
OPTIDX,NIFTY,28-Sep-17,7100,CE,0,0,0,1985.85,2243.7,0,0,0,0,17-Apr-17
OPTIDX,NIFTY,28-Sep-17,7200,CE,0,0,0,1898.2,2146.55,0,0,0,0,17-Apr-17
OPTIDX,NIFTY,28-Sep-17,7300,CE,0,0,0,1811.6,2049.45,0,0,0,0,17-Apr-17
OPTIDX,NIFTY,28-Sep-17,7400,CE,0,0,0,1726.25,1952.35,0,0,0,0,17-Apr-17
OPTIDX,NIFTY,28-Sep-17,7500,CE,0,0,0,1642.25,1855.25,0,0,0,0,17-Apr-17
OPTIDX,NIFTY,28-Sep-17,7600,CE,0,0,0,1559.7,1758.2,0,0,0,0,17-Apr-17
OPTIDX,NIFTY,28-Sep-17,7700,CE,0,0,0,1478.8,1661.2,0,0,0,0,17-Apr-17
OPTIDX,NIFTY,28-Sep-17,7800,CE,0,0,0,1399.65,1564.3,0,0,0,0,17-Apr-17
OPTIDX,NIFTY,28-Sep-17,7900,CE,0,0,0,1322.35,1467.55,0,0,0,0,17-Apr-17
OPTIDX,NIFTY,28-Sep-17,8000,CE,0,0,0,1247.1,1371.1,0,0,0,0,17-Apr-17
OPTIDX,NIFTY,28-Sep-17,8100,CE,0,0,0,1173.95,1275.1,0,0,0,0,17-Apr-17
OPTIDX,NIFTY,28-Sep-17,8200,CE,0,0,0,1103.05,1179.75,0,0,0,0,17-Apr-17
OPTIDX,NIFTY,28-Sep-17,8300,CE,0,0,0,1034.7,1085.3,0,0,0,0,17-Apr-17
OPTIDX,NIFTY,28-Sep-17,8400,CE,0,0,0,968.5,992.2,0,0,0,0,17-Apr-17
OPTIDX,NIFTY,28-Sep-17,8500,CE,0,0,0,720,900.9,0,0,150,0,17-Apr-17
OPTIDX,NIFTY,28-Sep-17,8600,CE,0,0,0,843.5,811.85,0,0,0,0,17-Apr-17
OPTIDX,NIFTY,28-Sep-17,8700,CE,0,0,0,785.05,725.65,0,0,0,0,17-Apr-17
OPTIDX,NIFTY,28-Sep-17,8800,CE,0,0,0,729.25,642.95,0,0,0,0,17-Apr-17
OPTIDX,NIFTY,28-Sep-17,8900,CE,0,0,0,676.15,564.35,0,0,0,0,17-Apr-17
OPTIDX,NIFTY,28-Sep-17,9000,CE,0,0,0,734.95,490.75,0,0,75,0,17-Apr-17
OPTIDX,NIFTY,28-Sep-17,9100,CE,0,0,0,577.85,421.65,0,0,0,0,17-Apr-17
OPTIDX,NIFTY,28-Sep-17,9200,CE,0,0,0,532.7,358.65,0,0,0,0,17-Apr-17
OPTIDX,NIFTY,28-Sep-17,9300,CE,0,0,0,490.15,301.65,0,0,0,0,17-Apr-17
OPTIDX,NIFTY,28-Sep-17,9400,CE,0,0,0,450.15,250.65,0,0,0,0,17-Apr-17
OPTIDX,NIFTY,28-Sep-17,9500,CE,0,0,0,412.65,205.8,0,0,0,0,17-Apr-17
OPTIDX,NIFTY,28-Sep-17,9600,CE,0,0,0,377.55,166.9,0,0,0,0,17-Apr-17
OPTIDX,NIFTY,28-Sep-17,9700,CE,0,0,0,344.8,133.7,0,0,0,0,17-Apr-17
OPTIDX,NIFTY,28-Sep-17,9800,CE,0,0,0,314.3,105.7,0,0,0,0,17-Apr-17
OPTIDX,NIFTY,28-Sep-17,9900,CE,0,0,0,286.05,82.65,0,0,0,0,17-Apr-17
OPTIDX,NIFTY,28-Sep-17,10000,CE,70,70,70,70,70,1,7.55,1275,75,17-Apr-17
OPTIDX,NIFTY,28-Sep-17,10100,CE,0,0,0,236,48.55,0,0,0,0,17-Apr-17
OPTIDX,NIFTY,28-Sep-17,10200,CE,0,0,0,213.75,36.45,0,0,0,0,17-Apr-17
OPTIDX,NIFTY,28-Sep-17,10300,CE,0,0,0,193.3,27.05,0,0,0,0,17-Apr-17
OPTIDX,NIFTY,28-Sep-17,10400,CE,0,0,0,174.15,19.8,0,0,0,0,17-Apr-17
OPTIDX,NIFTY,28-Sep-17,10500,CE,23.4,23.4,23.4,23.4,23.4,1,7.89,2700,0,17-Apr-17
OPTIDX,NIFTY,28-Sep-17,10600,CE,0,0,0,141.1,10.25,0,0,0,0,17-Apr-17
OPTIDX,NIFTY,28-Sep-17,10700,CE,0,0,0,126.7,7.2,0,0,0,0,17-Apr-17
OPTIDX,NIFTY,28-Sep-17,10800,CE,0,0,0,113.6,5.05,0,0,0,0,17-Apr-17
OPTIDX,NIFTY,28-Sep-17,10900,CE,0,0,0,101.65,3.45,0,0,0,0,17-Apr-17
OPTIDX,NIFTY,28-Sep-17,11000,CE,0,0,0,39.95,2.35,0,0,750,0,17-Apr-17
OPTIDX,NIFTY,28-Sep-17,11100,CE,0,0,0,111.8,1.6,0,0,0,0,17-Apr-17
OPTIDX,NIFTY,28-Sep-17,11200,CE,0,0,0,96.3,1.05,0,0,0,0,17-Apr-17
OPTIDX,NIFTY,28-Sep-17,11300,CE,0,0,0,6.8,0.7,0,0,0,0,17-Apr-17
OPTIDX,NIFTY,28-Sep-17,11400,CE,0,0,0,2.1,0.45,0,0,0,0,17-Apr-17
OPTIDX,NIFTY,28-Sep-17,11500,CE,0,0,0,4.85,0.3,0,0,0,0,17-Apr-17
OPTIDX,NIFTY,28-Sep-17,11600,CE,0,0,0,3.9,0.2,0,0,0,0,17-Apr-17
OPTIDX,NIFTY,28-Sep-17,11700,CE,0,0,0,1.15,0.15,0,0,0,0,17-Apr-17
OPTIDX,NIFTY,28-Sep-17,5500,PE,0,0,0,6.6,0,0,0,0,0,17-Apr-17
OPTIDX,NIFTY,28-Sep-17,5600,PE,0,0,0,8.65,0,0,0,0,0,17-Apr-17
OPTIDX,NIFTY,28-Sep-17,5700,PE,0,0,0,10.35,0,0,0,0,0,17-Apr-17
OPTIDX,NIFTY,28-Sep-17,5800,PE,0,0,0,13.15,0,0,0,0,0,17-Apr-17
OPTIDX,NIFTY,28-Sep-17,5900,PE,0,0,0,5.9,0,0,0,0,0,17-Apr-17
OPTIDX,NIFTY,28-Sep-17,6000,PE,0,0,0,0.25,0,0,0,0,0,17-Apr-17
OPTIDX,NIFTY,28-Sep-17,6100,PE,0,0,0,1.05,0,0,0,0,0,17-Apr-17
OPTIDX,NIFTY,28-Sep-17,6200,PE,0,0,0,1.95,0,0,0,0,0,17-Apr-17
OPTIDX,NIFTY,28-Sep-17,6300,PE,0,0,0,2.7,0,0,0,0,0,17-Apr-17
OPTIDX,NIFTY,28-Sep-17,6400,PE,0,0,0,3.65,0,0,0,0,0,17-Apr-17
OPTIDX,NIFTY,28-Sep-17,6500,PE,0,0,0,57,0,0,0,0,0,17-Apr-17
OPTIDX,NIFTY,28-Sep-17,6600,PE,0,0,0,6.55,0,0,0,0,0,17-Apr-17
OPTIDX,NIFTY,28-Sep-17,6700,PE,0,0,0,8.65,0,0,0,0,0,17-Apr-17
OPTIDX,NIFTY,28-Sep-17,6800,PE,0,0,0,11.2,0,0,0,0,0,17-Apr-17
OPTIDX,NIFTY,28-Sep-17,6900,PE,0,0,0,14.45,0,0,0,0,0,17-Apr-17
OPTIDX,NIFTY,28-Sep-17,7000,PE,0,0,0,14.55,0,0,0,14550,0,17-Apr-17
OPTIDX,NIFTY,28-Sep-17,7100,PE,0,0,0,23.1,0,0,0,0,0,17-Apr-17
OPTIDX,NIFTY,28-Sep-17,7200,PE,0,0,0,28.85,0,0,0,0,0,17-Apr-17
OPTIDX,NIFTY,28-Sep-17,7300,PE,0,0,0,35.6,0.05,0,0,0,0,17-Apr-17
OPTIDX,NIFTY,28-Sep-17,7400,PE,0,0,0,43.6,0.05,0,0,0,0,17-Apr-17
OPTIDX,NIFTY,28-Sep-17,7500,PE,0,0,0,105.05,0.05,0,0,225,0,17-Apr-17
OPTIDX,NIFTY,28-Sep-17,7600,PE,0,0,0,63.8,0.15,0,0,0,0,17-Apr-17
OPTIDX,NIFTY,28-Sep-17,7700,PE,0,0,0,76.25,0.25,0,0,0,0,17-Apr-17
OPTIDX,NIFTY,28-Sep-17,7800,PE,0,0,0,90.45,0.45,0,0,0,0,17-Apr-17
OPTIDX,NIFTY,28-Sep-17,7900,PE,0,0,0,106.5,0.85,0,0,0,0,17-Apr-17
OPTIDX,NIFTY,28-Sep-17,8000,PE,0,0,0,35.35,1.55,0,0,9900,0,17-Apr-17
OPTIDX,NIFTY,28-Sep-17,8100,PE,0,0,0,144.85,2.65,0,0,0,0,17-Apr-17
OPTIDX,NIFTY,28-Sep-17,8200,PE,0,0,0,167.3,4.4,0,0,0,0,17-Apr-17
OPTIDX,NIFTY,28-Sep-17,8300,PE,0,0,0,271.1,7.1,0,0,750,0,17-Apr-17
OPTIDX,NIFTY,28-Sep-17,8400,PE,0,0,0,312,11.15,0,0,900,0,17-Apr-17
OPTIDX,NIFTY,28-Sep-17,8500,PE,0,0,0,82.15,16.95,0,0,75,0,17-Apr-17
OPTIDX,NIFTY,28-Sep-17,8600,PE,0,0,0,281.15,25,0,0,0,0,17-Apr-17
OPTIDX,NIFTY,28-Sep-17,8700,PE,0,0,0,316.1,35.95,0,0,0,0,17-Apr-17
OPTIDX,NIFTY,28-Sep-17,8800,PE,0,0,0,205.2,50.35,0,0,300,0,17-Apr-17
OPTIDX,NIFTY,28-Sep-17,8900,PE,0,0,0,393.9,68.85,0,0,0,0,17-Apr-17
OPTIDX,NIFTY,28-Sep-17,9000,PE,0,0,0,175,92.4,0,0,450,0,17-Apr-17
OPTIDX,NIFTY,28-Sep-17,9100,PE,0,0,0,482.35,120.45,0,0,0,0,17-Apr-17
OPTIDX,NIFTY,28-Sep-17,9200,PE,0,0,0,530.55,154.55,0,0,0,0,17-Apr-17
OPTIDX,NIFTY,28-Sep-17,9300,PE,0,0,0,581.35,194.65,0,0,0,0,17-Apr-17
OPTIDX,NIFTY,28-Sep-17,9400,PE,0,0,0,634.7,240.8,0,0,0,0,17-Apr-17
OPTIDX,NIFTY,28-Sep-17,9500,PE,0,0,0,690.55,293.1,0,0,0,0,17-Apr-17
OPTIDX,NIFTY,28-Sep-17,9600,PE,0,0,0,748.8,351.3,0,0,0,0,17-Apr-17
OPTIDX,NIFTY,28-Sep-17,9700,PE,0,0,0,809.45,415.2,0,0,0,0,17-Apr-17
OPTIDX,NIFTY,28-Sep-17,9800,PE,0,0,0,872.3,484.35,0,0,0,0,17-Apr-17
OPTIDX,NIFTY,28-Sep-17,9900,PE,0,0,0,937.4,558.4,0,0,0,0,17-Apr-17
OPTIDX,NIFTY,28-Sep-17,10000,PE,0,0,0,1004.55,636.6,0,0,0,0,17-Apr-17
OPTIDX,NIFTY,28-Sep-17,10100,PE,0,0,0,1074.05,718.5,0,0,0,0,17-Apr-17
OPTIDX,NIFTY,28-Sep-17,10200,PE,0,0,0,1145.2,803.6,0,0,0,0,17-Apr-17
OPTIDX,NIFTY,28-Sep-17,10300,PE,0,0,0,1218.1,891.3,0,0,0,0,17-Apr-17
OPTIDX,NIFTY,28-Sep-17,10400,PE,0,0,0,1292.3,981.15,0,0,0,0,17-Apr-17
OPTIDX,NIFTY,28-Sep-17,10500,PE,0,0,0,1368.4,1072.8,0,0,0,0,17-Apr-17
OPTIDX,NIFTY,28-Sep-17,10600,PE,0,0,0,1445.95,1165.85,0,0,0,0,17-Apr-17
OPTIDX,NIFTY,28-Sep-17,10700,PE,0,0,0,1524.9,1259.95,0,0,0,0,17-Apr-17
OPTIDX,NIFTY,28-Sep-17,10800,PE,0,0,0,1605.15,1354.9,0,0,0,0,17-Apr-17
OPTIDX,NIFTY,28-Sep-17,10900,PE,0,0,0,1686.6,1450.45,0,0,0,0,17-Apr-17
OPTIDX,NIFTY,28-Sep-17,11000,PE,0,0,0,1769.15,1546.45,0,0,0,0,17-Apr-17
OPTIDX,NIFTY,28-Sep-17,11100,PE,0,0,0,1746.5,1642.8,0,0,0,0,17-Apr-17
OPTIDX,NIFTY,28-Sep-17,11200,PE,0,0,0,1797.4,1739.4,0,0,0,0,17-Apr-17
OPTIDX,NIFTY,28-Sep-17,11300,PE,0,0,0,1988.85,1836.15,0,0,0,0,17-Apr-17
OPTIDX,NIFTY,28-Sep-17,11400,PE,0,0,0,2024.9,1933.05,0,0,0,0,17-Apr-17
OPTIDX,NIFTY,28-Sep-17,11500,PE,0,0,0,2019.4,2030,0,0,0,0,17-Apr-17
OPTIDX,NIFTY,28-Sep-17,11600,PE,0,0,0,2051.7,2127,0,0,0,0,17-Apr-17
OPTIDX,NIFTY,28-Sep-17,11700,PE,0,0,0,2073.85,2224.05,0,0,0,0,17-Apr-17
OPTIDX,NIFTY,28-Dec-17,3500,CE,5675,5675,5675,5675,5675,1,6.88,174000,0,17-Apr-17
OPTIDX,NIFTY,28-Dec-17,3600,CE,0,0,0,3703.25,5699.15,0,0,0,0,17-Apr-17
OPTIDX,NIFTY,28-Dec-17,3700,CE,0,0,0,3639.2,5603.6,0,0,0,0,17-Apr-17
OPTIDX,NIFTY,28-Dec-17,3800,CE,0,0,0,3575.15,5508,0,0,0,0,17-Apr-17
OPTIDX,NIFTY,28-Dec-17,3900,CE,0,0,0,3511.15,5412.45,0,0,0,0,17-Apr-17
OPTIDX,NIFTY,28-Dec-17,4000,CE,5185.15,5195,5185,5195,5195,3,20.67,126600,0,17-Apr-17
OPTIDX,NIFTY,28-Dec-17,4100,CE,0,0,0,3249.9,5221.35,0,0,0,0,17-Apr-17
OPTIDX,NIFTY,28-Dec-17,4200,CE,0,0,0,3186.15,5125.8,0,0,0,0,17-Apr-17
OPTIDX,NIFTY,28-Dec-17,4300,CE,0,0,0,3122.55,5030.2,0,0,0,0,17-Apr-17
OPTIDX,NIFTY,28-Dec-17,4400,CE,0,0,0,3058.95,4934.65,0,0,0,0,17-Apr-17
OPTIDX,NIFTY,28-Dec-17,4500,CE,0,0,0,2995.5,4839.1,0,0,0,0,17-Apr-17
OPTIDX,NIFTY,28-Dec-17,4600,CE,0,0,0,2932.1,4743.55,0,0,0,0,17-Apr-17
OPTIDX,NIFTY,28-Dec-17,4700,CE,0,0,0,2868.9,4648,0,0,0,0,17-Apr-17
OPTIDX,NIFTY,28-Dec-17,4800,CE,0,0,0,2805.8,4552.4,0,0,0,0,17-Apr-17
OPTIDX,NIFTY,28-Dec-17,4900,CE,0,0,0,2742.9,4456.85,0,0,0,0,17-Apr-17
OPTIDX,NIFTY,28-Dec-17,5000,CE,4260,4271,4253,4254,4254,27,187.61,125700,0,17-Apr-17
OPTIDX,NIFTY,28-Dec-17,5100,CE,0,0,0,2617.7,4265.75,0,0,0,0,17-Apr-17
OPTIDX,NIFTY,28-Dec-17,5200,CE,0,0,0,2555.5,4170.2,0,0,0,0,17-Apr-17
OPTIDX,NIFTY,28-Dec-17,5300,CE,0,0,0,2493.55,4074.6,0,0,0,0,17-Apr-17
OPTIDX,NIFTY,28-Dec-17,5400,CE,0,0,0,2431.95,3979.05,0,0,0,0,17-Apr-17
OPTIDX,NIFTY,28-Dec-17,5500,CE,0,0,0,2370.7,3883.5,0,0,0,0,17-Apr-17
OPTIDX,NIFTY,28-Dec-17,5600,CE,0,0,0,2309.85,3787.95,0,0,0,0,17-Apr-17
OPTIDX,NIFTY,28-Dec-17,5700,CE,0,0,0,2249.4,3692.35,0,0,0,0,17-Apr-17
OPTIDX,NIFTY,28-Dec-17,5800,CE,0,0,0,2189.45,3596.8,0,0,0,0,17-Apr-17
OPTIDX,NIFTY,28-Dec-17,5900,CE,0,0,0,2130,3501.25,0,0,0,0,17-Apr-17
OPTIDX,NIFTY,28-Dec-17,6000,CE,3300,3300,3280,3280,3280,5,34.82,108975,0,17-Apr-17
OPTIDX,NIFTY,28-Dec-17,6100,CE,0,0,0,2012.8,3310.15,0,0,0,0,17-Apr-17
OPTIDX,NIFTY,28-Dec-17,6200,CE,0,0,0,1955.1,3214.55,0,0,0,0,17-Apr-17
OPTIDX,NIFTY,28-Dec-17,6300,CE,0,0,0,1898.05,3119,0,0,0,0,17-Apr-17
OPTIDX,NIFTY,28-Dec-17,6400,CE,0,0,0,1841.7,3023.45,0,0,0,0,17-Apr-17
OPTIDX,NIFTY,28-Dec-17,6500,CE,0,0,0,1786.05,2927.9,0,0,0,0,17-Apr-17
OPTIDX,NIFTY,28-Dec-17,6600,CE,0,0,0,1731.2,2832.35,0,0,0,0,17-Apr-17
OPTIDX,NIFTY,28-Dec-17,6700,CE,0,0,0,1677.15,2736.75,0,0,0,0,17-Apr-17
OPTIDX,NIFTY,28-Dec-17,6800,CE,0,0,0,1623.95,2641.2,0,0,0,0,17-Apr-17
OPTIDX,NIFTY,28-Dec-17,6900,CE,0,0,0,1571.6,2545.65,0,0,0,0,17-Apr-17
OPTIDX,NIFTY,28-Dec-17,7000,CE,0,0,0,2390,2450.1,0,0,244725,0,17-Apr-17
OPTIDX,NIFTY,28-Dec-17,7100,CE,0,0,0,1469.6,2354.55,0,0,0,0,17-Apr-17
OPTIDX,NIFTY,28-Dec-17,7200,CE,0,0,0,1420,2259.05,0,0,0,0,17-Apr-17
OPTIDX,NIFTY,28-Dec-17,7300,CE,0,0,0,1371.4,2163.5,0,0,0,0,17-Apr-17
OPTIDX,NIFTY,28-Dec-17,7400,CE,0,0,0,1323.9,2068.05,0,0,0,0,17-Apr-17
OPTIDX,NIFTY,28-Dec-17,7500,CE,0,0,0,1965.95,1972.65,0,0,247575,0,17-Apr-17
OPTIDX,NIFTY,28-Dec-17,7600,CE,0,0,0,1805,1877.4,0,0,175000,0,17-Apr-17
OPTIDX,NIFTY,28-Dec-17,7700,CE,0,0,0,1800.7,1782.25,0,0,150000,0,17-Apr-17
OPTIDX,NIFTY,28-Dec-17,7800,CE,0,0,0,1700,1687.35,0,0,271525,0,17-Apr-17
OPTIDX,NIFTY,28-Dec-17,7900,CE,0,0,0,1181.9,1592.8,0,0,0,0,17-Apr-17
OPTIDX,NIFTY,28-Dec-17,8000,CE,1415.4,1436.45,1415.4,1433.2,1433.2,71,502.26,617175,600,17-Apr-17
OPTIDX,NIFTY,28-Dec-17,8100,CE,0,0,0,1300,1405.35,0,0,709600,0,17-Apr-17
OPTIDX,NIFTY,28-Dec-17,8200,CE,0,0,0,1026,1312.8,0,0,478325,0,17-Apr-17
OPTIDX,NIFTY,28-Dec-17,8300,CE,0,0,0,1150,1221.4,0,0,242375,0,17-Apr-17
OPTIDX,NIFTY,28-Dec-17,8400,CE,0,0,0,635,1131.45,0,0,386750,0,17-Apr-17
OPTIDX,NIFTY,28-Dec-17,8500,CE,1015,1015,995,1008,1008,29,206.59,326650,-1200,17-Apr-17
OPTIDX,NIFTY,28-Dec-17,8600,CE,0,0,0,998,957.1,0,0,436275,0,17-Apr-17
OPTIDX,NIFTY,28-Dec-17,8700,CE,0,0,0,520,873.45,0,0,534225,0,17-Apr-17
OPTIDX,NIFTY,28-Dec-17,8800,CE,0,0,0,869.5,792.75,0,0,372200,0,17-Apr-17
OPTIDX,NIFTY,28-Dec-17,8900,CE,0,0,0,920,715.25,0,0,336050,0,17-Apr-17
OPTIDX,NIFTY,28-Dec-17,9000,CE,630,641.2,625,638.1,638.1,134,968.2,765625,6525,17-Apr-17
OPTIDX,NIFTY,28-Dec-17,9100,CE,0,0,0,650,571.5,0,0,75,0,17-Apr-17
OPTIDX,NIFTY,28-Dec-17,9200,CE,0,0,0,600,506,0,0,22725,0,17-Apr-17
OPTIDX,NIFTY,28-Dec-17,9300,CE,0,0,0,1024.7,444.95,0,0,0,0,17-Apr-17
OPTIDX,NIFTY,28-Dec-17,9400,CE,0,0,0,1203.1,388.6,0,0,0,0,17-Apr-17
OPTIDX,NIFTY,28-Dec-17,9500,CE,340,342.1,329.65,336.4,336.4,148,1091.62,764700,3975,17-Apr-17
OPTIDX,NIFTY,28-Dec-17,9600,CE,0,0,0,1200.4,290.1,0,0,0,0,17-Apr-17
OPTIDX,NIFTY,28-Dec-17,9700,CE,244,254,244,254,254,4,29.84,95550,0,17-Apr-17
OPTIDX,NIFTY,28-Dec-17,9800,CE,0,0,0,156.35,210.4,0,0,32850,0,17-Apr-17
OPTIDX,NIFTY,28-Dec-17,9900,CE,0,0,0,180,177.2,0,0,150,0,17-Apr-17
OPTIDX,NIFTY,28-Dec-17,10000,CE,151.25,151.25,137,146.95,146.95,265,2016.32,1153550,4425,17-Apr-17
OPTIDX,NIFTY,28-Dec-17,10100,CE,0,0,0,132,123.35,0,0,75,0,17-Apr-17
OPTIDX,NIFTY,28-Dec-17,10200,CE,109.9,109.9,102,102,102,2,15.45,9000,0,17-Apr-17
OPTIDX,NIFTY,28-Dec-17,10300,CE,0,0,0,1072.8,82.95,0,0,0,0,17-Apr-17
OPTIDX,NIFTY,28-Dec-17,10400,CE,0,0,0,878.25,67.3,0,0,0,0,17-Apr-17
OPTIDX,NIFTY,28-Dec-17,10500,CE,60,60,55,59,59,134,1061.25,380700,-450,17-Apr-17
OPTIDX,NIFTY,28-Dec-17,10600,CE,0,0,0,65,43.4,0,0,825,0,17-Apr-17
OPTIDX,NIFTY,28-Dec-17,10700,CE,0,0,0,1111.6,34.45,0,0,0,0,17-Apr-17
OPTIDX,NIFTY,28-Dec-17,10800,CE,0,0,0,944.95,27.15,0,0,0,0,17-Apr-17
OPTIDX,NIFTY,28-Dec-17,10900,CE,0,0,0,831.2,21.25,0,0,0,0,17-Apr-17
OPTIDX,NIFTY,28-Dec-17,11000,CE,20,20,19,19,19,5,41.32,38625,0,17-Apr-17
OPTIDX,NIFTY,28-Dec-17,11100,CE,0,0,0,1296.25,12.75,0,0,0,0,17-Apr-17
OPTIDX,NIFTY,28-Dec-17,11200,CE,0,0,0,20,9.8,0,0,1275,0,17-Apr-17
OPTIDX,NIFTY,28-Dec-17,11300,CE,0,0,0,1258.4,7.45,0,0,0,0,17-Apr-17
OPTIDX,NIFTY,28-Dec-17,11400,CE,14.65,14.65,14.65,14.65,14.65,1,8.56,376275,0,17-Apr-17
OPTIDX,NIFTY,28-Dec-17,11500,CE,0,0,0,22.55,4.25,0,0,0,0,17-Apr-17
OPTIDX,NIFTY,28-Dec-17,11600,CE,0,0,0,19.6,3.15,0,0,0,0,17-Apr-17
OPTIDX,NIFTY,28-Dec-17,11700,CE,0,0,0,9.4,2.35,0,0,0,0,17-Apr-17
OPTIDX,NIFTY,28-Dec-17,3500,PE,0,0,0,53.35,0,0,0,0,0,17-Apr-17
OPTIDX,NIFTY,28-Dec-17,3600,PE,0,0,0,0.05,0,0,0,0,0,17-Apr-17
OPTIDX,NIFTY,28-Dec-17,3700,PE,0,0,0,0.1,0,0,0,0,0,17-Apr-17
OPTIDX,NIFTY,28-Dec-17,3800,PE,0,0,0,0.1,0,0,0,0,0,17-Apr-17
OPTIDX,NIFTY,28-Dec-17,3900,PE,0,0,0,0.15,0,0,0,0,0,17-Apr-17
OPTIDX,NIFTY,28-Dec-17,4000,PE,0,0,0,0.25,0,0,0,0,0,17-Apr-17
OPTIDX,NIFTY,28-Dec-17,4100,PE,0,0,0,1.25,0,0,0,0,0,17-Apr-17
OPTIDX,NIFTY,28-Dec-17,4200,PE,0,0,0,0.85,0,0,0,0,0,17-Apr-17
OPTIDX,NIFTY,28-Dec-17,4300,PE,0,0,0,1.1,0,0,0,0,0,17-Apr-17
OPTIDX,NIFTY,28-Dec-17,4400,PE,0,0,0,1.5,0,0,0,0,0,17-Apr-17
OPTIDX,NIFTY,28-Dec-17,4500,PE,0,0,0,1.9,0,0,0,0,0,17-Apr-17
OPTIDX,NIFTY,28-Dec-17,4600,PE,0,0,0,2.5,0,0,0,0,0,17-Apr-17
OPTIDX,NIFTY,28-Dec-17,4700,PE,0,0,0,3.15,0,0,0,0,0,17-Apr-17
OPTIDX,NIFTY,28-Dec-17,4800,PE,0,0,0,4,0,0,0,0,0,17-Apr-17
OPTIDX,NIFTY,28-Dec-17,4900,PE,0,0,0,5,0,0,0,0,0,17-Apr-17
OPTIDX,NIFTY,28-Dec-17,5000,PE,0,0,0,2.75,0,0,0,141975,0,17-Apr-17
OPTIDX,NIFTY,28-Dec-17,5100,PE,0,0,0,7.7,0,0,0,0,0,17-Apr-17
OPTIDX,NIFTY,28-Dec-17,5200,PE,0,0,0,9.4,0,0,0,0,0,17-Apr-17
OPTIDX,NIFTY,28-Dec-17,5300,PE,0,0,0,11.35,0,0,0,0,0,17-Apr-17
OPTIDX,NIFTY,28-Dec-17,5400,PE,0,0,0,13.7,0,0,0,0,0,17-Apr-17
OPTIDX,NIFTY,28-Dec-17,5500,PE,0,0,0,59.25,0,0,0,9900,0,17-Apr-17
OPTIDX,NIFTY,28-Dec-17,5600,PE,0,0,0,19.45,0,0,0,0,0,17-Apr-17
OPTIDX,NIFTY,28-Dec-17,5700,PE,0,0,0,22.95,0,0,0,0,0,17-Apr-17
OPTIDX,NIFTY,28-Dec-17,5800,PE,0,0,0,26.9,0,0,0,0,0,17-Apr-17
OPTIDX,NIFTY,28-Dec-17,5900,PE,0,0,0,31.35,0,0,0,0,0,17-Apr-17
OPTIDX,NIFTY,28-Dec-17,6000,PE,0,0,0,12,0,0,0,407625,0,17-Apr-17
OPTIDX,NIFTY,28-Dec-17,6100,PE,0,0,0,42,0,0,0,0,0,17-Apr-17
OPTIDX,NIFTY,28-Dec-17,6200,PE,0,0,0,48.2,0,0,0,0,0,17-Apr-17
OPTIDX,NIFTY,28-Dec-17,6300,PE,0,0,0,55.1,0,0,0,0,0,17-Apr-17
OPTIDX,NIFTY,28-Dec-17,6400,PE,0,0,0,67.1,0,0,0,0,0,17-Apr-17
OPTIDX,NIFTY,28-Dec-17,6500,PE,0,0,0,15.75,0,0,0,45500,0,17-Apr-17
OPTIDX,NIFTY,28-Dec-17,6600,PE,0,0,0,51.7,0,0,0,9550,0,17-Apr-17
OPTIDX,NIFTY,28-Dec-17,6700,PE,0,0,0,89.9,0,0,0,0,0,17-Apr-17
OPTIDX,NIFTY,28-Dec-17,6800,PE,0,0,0,100.65,0,0,0,0,0,17-Apr-17
OPTIDX,NIFTY,28-Dec-17,6900,PE,0,0,0,112.2,0.05,0,0,0,0,17-Apr-17
OPTIDX,NIFTY,28-Dec-17,7000,PE,24.2,25,24.2,25,25,15,79.03,174225,600,17-Apr-17
OPTIDX,NIFTY,28-Dec-17,7100,PE,0,0,0,138.05,0.05,0,0,0,0,17-Apr-17
OPTIDX,NIFTY,28-Dec-17,7200,PE,0,0,0,620,0.1,0,0,1725,0,17-Apr-17
OPTIDX,NIFTY,28-Dec-17,7300,PE,0,0,0,167.65,0.15,0,0,0,0,17-Apr-17
OPTIDX,NIFTY,28-Dec-17,7400,PE,0,0,0,184.15,0.25,0,0,0,0,17-Apr-17
OPTIDX,NIFTY,28-Dec-17,7500,PE,40,41,40,41,41,3,16.96,395850,0,17-Apr-17
OPTIDX,NIFTY,28-Dec-17,7600,PE,0,0,0,256.15,0.65,0,0,14550,0,17-Apr-17
OPTIDX,NIFTY,28-Dec-17,7700,PE,0,0,0,239,1.1,0,0,0,0,17-Apr-17
OPTIDX,NIFTY,28-Dec-17,7800,PE,0,0,0,485,1.8,0,0,34650,0,17-Apr-17
OPTIDX,NIFTY,28-Dec-17,7900,PE,0,0,0,569.4,2.8,0,0,1725,0,17-Apr-17
OPTIDX,NIFTY,28-Dec-17,8000,PE,65.7,66.15,64,65.05,65.05,130,786.41,1383550,-3600,17-Apr-17
OPTIDX,NIFTY,28-Dec-17,8100,PE,0,0,0,375,6.45,0,0,163575,0,17-Apr-17
OPTIDX,NIFTY,28-Dec-17,8200,PE,0,0,0,701.8,9.5,0,0,0,0,17-Apr-17
OPTIDX,NIFTY,28-Dec-17,8300,PE,0,0,0,460,13.65,0,0,95175,0,17-Apr-17
OPTIDX,NIFTY,28-Dec-17,8400,PE,0,0,0,340,19.2,0,0,900,0,17-Apr-17
OPTIDX,NIFTY,28-Dec-17,8500,PE,115.95,118,113,114.2,114.2,334,2158.21,1119700,7275,17-Apr-17
OPTIDX,NIFTY,28-Dec-17,8600,PE,0,0,0,150,36,0,0,180050,0,17-Apr-17
OPTIDX,NIFTY,28-Dec-17,8700,PE,0,0,0,541.05,47.9,0,0,27850,0,17-Apr-17
OPTIDX,NIFTY,28-Dec-17,8800,PE,0,0,0,364.9,62.75,0,0,181000,0,17-Apr-17
OPTIDX,NIFTY,28-Dec-17,8900,PE,0,0,0,425,80.85,0,0,56150,0,17-Apr-17
OPTIDX,NIFTY,28-Dec-17,9000,PE,224.9,230,214.5,218,218,127,878.22,951000,-2025,17-Apr-17
OPTIDX,NIFTY,28-Dec-17,9100,PE,0,0,0,225,128.2,0,0,51750,0,17-Apr-17
OPTIDX,NIFTY,28-Dec-17,9200,PE,0,0,0,210.3,158.25,0,0,2700,0,17-Apr-17
OPTIDX,NIFTY,28-Dec-17,9300,PE,0,0,0,250,192.8,0,0,225,0,17-Apr-17
OPTIDX,NIFTY,28-Dec-17,9400,PE,0,0,0,928.05,232,0,0,0,0,17-Apr-17
OPTIDX,NIFTY,28-Dec-17,9500,PE,399.6,409.95,399,399.95,399.95,196,1455.46,239025,5700,17-Apr-17
OPTIDX,NIFTY,28-Dec-17,9600,PE,0,0,0,535,324.65,0,0,552100,0,17-Apr-17
OPTIDX,NIFTY,28-Dec-17,9700,PE,0,0,0,909.05,378.05,0,0,0,0,17-Apr-17
OPTIDX,NIFTY,28-Dec-17,9800,PE,0,0,0,1264.95,436.05,0,0,900,0,17-Apr-17
OPTIDX,NIFTY,28-Dec-17,9900,PE,0,0,0,695,498.4,0,0,390425,0,17-Apr-17
OPTIDX,NIFTY,28-Dec-17,10000,PE,720,720,700.45,710,710,31,249.05,491400,0,17-Apr-17
OPTIDX,NIFTY,28-Dec-17,10100,PE,0,0,0,891.25,635.65,0,0,0,0,17-Apr-17
OPTIDX,NIFTY,28-Dec-17,10200,PE,0,0,0,1400,709.25,0,0,99950,0,17-Apr-17
OPTIDX,NIFTY,28-Dec-17,10300,PE,0,0,0,823.05,786.35,0,0,0,0,17-Apr-17
OPTIDX,NIFTY,28-Dec-17,10400,PE,0,0,0,1049,866.3,0,0,140650,0,17-Apr-17
OPTIDX,NIFTY,28-Dec-17,10500,PE,0,0,0,1175,948.8,0,0,22500,0,17-Apr-17
OPTIDX,NIFTY,28-Dec-17,10600,PE,0,0,0,1630,1033.5,0,0,89950,0,17-Apr-17
OPTIDX,NIFTY,28-Dec-17,10700,PE,0,0,0,2080,1120.15,0,0,212550,0,17-Apr-17
OPTIDX,NIFTY,28-Dec-17,10800,PE,0,0,0,1537,1208.4,0,0,900,0,17-Apr-17
OPTIDX,NIFTY,28-Dec-17,10900,PE,0,0,0,701.4,1298.05,0,0,0,0,17-Apr-17
OPTIDX,NIFTY,28-Dec-17,11000,PE,0,0,0,1477.5,1388.9,0,0,70875,0,17-Apr-17
OPTIDX,NIFTY,28-Dec-17,11100,PE,0,0,0,1236.25,1480.7,0,0,0,0,17-Apr-17
OPTIDX,NIFTY,28-Dec-17,11200,PE,0,0,0,2140,1573.25,0,0,55950,0,17-Apr-17
OPTIDX,NIFTY,28-Dec-17,11300,PE,0,0,0,1132.95,1666.5,0,0,0,0,17-Apr-17
OPTIDX,NIFTY,28-Dec-17,11400,PE,0,0,0,2927.2,1760.25,0,0,490550,0,17-Apr-17
OPTIDX,NIFTY,28-Dec-17,11500,PE,0,0,0,1858.65,1854.4,0,0,0,0,17-Apr-17
OPTIDX,NIFTY,28-Dec-17,11600,PE,0,0,0,1887.05,1948.9,0,0,0,0,17-Apr-17
OPTIDX,NIFTY,28-Dec-17,11700,PE,0,0,0,1899.3,2043.65,0,0,0,0,17-Apr-17
OPTIDX,NIFTY,29-Mar-18,6800,CE,0,0,0,2811.5,2745.7,0,0,0,0,17-Apr-17
OPTIDX,NIFTY,29-Mar-18,6900,CE,0,0,0,2718.05,2651.7,0,0,0,0,17-Apr-17
OPTIDX,NIFTY,29-Mar-18,7000,CE,0,0,0,2624.6,2557.7,0,0,0,0,17-Apr-17
OPTIDX,NIFTY,29-Mar-18,7100,CE,0,0,0,2531.25,2463.75,0,0,0,0,17-Apr-17
OPTIDX,NIFTY,29-Mar-18,7200,CE,0,0,0,2437.95,2369.8,0,0,0,0,17-Apr-17
OPTIDX,NIFTY,29-Mar-18,7300,CE,0,0,0,2344.8,2275.95,0,0,0,0,17-Apr-17
OPTIDX,NIFTY,29-Mar-18,7400,CE,0,0,0,2251.85,2182.15,0,0,0,0,17-Apr-17
OPTIDX,NIFTY,29-Mar-18,7500,CE,0,0,0,2159.1,2088.5,0,0,0,0,17-Apr-17
OPTIDX,NIFTY,29-Mar-18,7600,CE,0,0,0,2066.65,1995,0,0,0,0,17-Apr-17
OPTIDX,NIFTY,29-Mar-18,7700,CE,0,0,0,1974.65,1901.75,0,0,0,0,17-Apr-17
OPTIDX,NIFTY,29-Mar-18,7800,CE,0,0,0,1883.1,1808.85,0,0,0,0,17-Apr-17
OPTIDX,NIFTY,29-Mar-18,7900,CE,0,0,0,1792.15,1716.4,0,0,0,0,17-Apr-17
OPTIDX,NIFTY,29-Mar-18,8000,CE,0,0,0,1701.95,1624.5,0,0,0,0,17-Apr-17
OPTIDX,NIFTY,29-Mar-18,8100,CE,0,0,0,1612.7,1533.35,0,0,0,0,17-Apr-17
OPTIDX,NIFTY,29-Mar-18,8200,CE,0,0,0,1524.5,1443.15,0,0,0,0,17-Apr-17
OPTIDX,NIFTY,29-Mar-18,8300,CE,0,0,0,1437.55,1354.05,0,0,0,0,17-Apr-17
OPTIDX,NIFTY,29-Mar-18,8400,CE,0,0,0,1352.1,1266.3,0,0,0,0,17-Apr-17
OPTIDX,NIFTY,29-Mar-18,8500,CE,0,0,0,1268.25,1180.2,0,0,0,0,17-Apr-17
OPTIDX,NIFTY,29-Mar-18,8600,CE,0,0,0,1186.3,1095.95,0,0,0,0,17-Apr-17
OPTIDX,NIFTY,29-Mar-18,8700,CE,0,0,0,1106.45,1013.85,0,0,0,0,17-Apr-17
OPTIDX,NIFTY,29-Mar-18,8800,CE,0,0,0,1028.9,934.25,0,0,0,0,17-Apr-17
OPTIDX,NIFTY,29-Mar-18,8900,CE,0,0,0,953.8,857.3,0,0,0,0,17-Apr-17
OPTIDX,NIFTY,29-Mar-18,9000,CE,0,0,0,881.4,783.4,0,0,0,0,17-Apr-17
OPTIDX,NIFTY,29-Mar-18,9100,CE,0,0,0,812.15,713,0,0,0,0,17-Apr-17
OPTIDX,NIFTY,29-Mar-18,9200,CE,0,0,0,745.2,645.3,0,0,0,0,17-Apr-17
OPTIDX,NIFTY,29-Mar-18,9300,CE,0,0,0,681.85,581.7,0,0,0,0,17-Apr-17
OPTIDX,NIFTY,29-Mar-18,9400,CE,0,0,0,621.8,521.95,0,0,0,0,17-Apr-17
OPTIDX,NIFTY,29-Mar-18,9500,CE,0,0,0,565.1,466.05,0,0,0,0,17-Apr-17
OPTIDX,NIFTY,29-Mar-18,9600,CE,0,0,0,511.75,414.15,0,0,0,0,17-Apr-17
OPTIDX,NIFTY,29-Mar-18,9700,CE,0,0,0,461.8,366.15,0,0,0,0,17-Apr-17
OPTIDX,NIFTY,29-Mar-18,9800,CE,0,0,0,415.25,322.15,0,0,0,0,17-Apr-17
OPTIDX,NIFTY,29-Mar-18,9900,CE,0,0,0,372.1,282,0,0,0,0,17-Apr-17
OPTIDX,NIFTY,29-Mar-18,10000,CE,0,0,0,332.25,245.65,0,0,0,0,17-Apr-17
OPTIDX,NIFTY,29-Mar-18,10100,CE,0,0,0,295.6,212.85,0,0,0,0,17-Apr-17
OPTIDX,NIFTY,29-Mar-18,10200,CE,0,0,0,262.05,183.55,0,0,0,0,17-Apr-17
OPTIDX,NIFTY,29-Mar-18,10300,CE,0,0,0,231.5,157.45,0,0,0,0,17-Apr-17
OPTIDX,NIFTY,29-Mar-18,10400,CE,0,0,0,203.8,134.95,0,0,0,0,17-Apr-17
OPTIDX,NIFTY,29-Mar-18,10500,CE,0,0,0,179.2,114.35,0,0,0,0,17-Apr-17
OPTIDX,NIFTY,29-Mar-18,10600,CE,0,0,0,156.8,96.65,0,0,0,0,17-Apr-17
OPTIDX,NIFTY,29-Mar-18,10700,CE,0,0,0,136.35,81.35,0,0,0,0,17-Apr-17
OPTIDX,NIFTY,29-Mar-18,10800,CE,0,0,0,118.4,68.1,0,0,0,0,17-Apr-17
OPTIDX,NIFTY,29-Mar-18,10900,CE,0,0,0,102.5,56.7,0,0,0,0,17-Apr-17
OPTIDX,NIFTY,29-Mar-18,11000,CE,0,0,0,88.4,47.05,0,0,0,0,17-Apr-17
OPTIDX,NIFTY,29-Mar-18,11100,CE,0,0,0,76,38.8,0,0,0,0,17-Apr-17
OPTIDX,NIFTY,29-Mar-18,11200,CE,0,0,0,65.15,31.85,0,0,0,0,17-Apr-17
OPTIDX,NIFTY,29-Mar-18,11300,CE,0,0,0,55.65,26.05,0,0,0,0,17-Apr-17
OPTIDX,NIFTY,29-Mar-18,11400,CE,0,0,0,47.35,21.2,0,0,0,0,17-Apr-17
OPTIDX,NIFTY,29-Mar-18,11500,CE,0,0,0,40.2,17.15,0,0,0,0,17-Apr-17
OPTIDX,NIFTY,29-Mar-18,11600,CE,0,0,0,34,13.85,0,0,0,0,17-Apr-17
OPTIDX,NIFTY,29-Mar-18,11700,CE,0,0,0,29.95,11.1,0,0,0,0,17-Apr-17
OPTIDX,NIFTY,29-Mar-18,6800,PE,0,0,0,0.15,0.05,0,0,0,0,17-Apr-17
OPTIDX,NIFTY,29-Mar-18,6900,PE,0,0,0,0.25,0.05,0,0,0,0,17-Apr-17
OPTIDX,NIFTY,29-Mar-18,7000,PE,0,0,0,0.4,0.1,0,0,0,0,17-Apr-17
OPTIDX,NIFTY,29-Mar-18,7100,PE,0,0,0,0.55,0.15,0,0,0,0,17-Apr-17
OPTIDX,NIFTY,29-Mar-18,7200,PE,0,0,0,0.85,0.25,0,0,0,0,17-Apr-17
OPTIDX,NIFTY,29-Mar-18,7300,PE,0,0,0,1.3,0.4,0,0,0,0,17-Apr-17
OPTIDX,NIFTY,29-Mar-18,7400,PE,0,0,0,1.9,0.65,0,0,0,0,17-Apr-17
OPTIDX,NIFTY,29-Mar-18,7500,PE,0,0,0,2.7,1,0,0,0,0,17-Apr-17
OPTIDX,NIFTY,29-Mar-18,7600,PE,0,0,0,3.85,1.55,0,0,0,0,17-Apr-17
OPTIDX,NIFTY,29-Mar-18,7700,PE,0,0,0,5.35,2.35,0,0,0,0,17-Apr-17
OPTIDX,NIFTY,29-Mar-18,7800,PE,0,0,0,7.4,3.45,0,0,0,0,17-Apr-17
OPTIDX,NIFTY,29-Mar-18,7900,PE,0,0,0,10,5,0,0,0,0,17-Apr-17
OPTIDX,NIFTY,29-Mar-18,8000,PE,0,0,0,13.4,7.15,0,0,0,0,17-Apr-17
OPTIDX,NIFTY,29-Mar-18,8100,PE,0,0,0,17.7,10.05,0,0,0,0,17-Apr-17
OPTIDX,NIFTY,29-Mar-18,8200,PE,0,0,0,23.05,13.85,0,0,0,0,17-Apr-17
OPTIDX,NIFTY,29-Mar-18,8300,PE,0,0,0,29.7,18.75,0,0,0,0,17-Apr-17
OPTIDX,NIFTY,29-Mar-18,8400,PE,0,0,0,37.75,25.05,0,0,0,0,17-Apr-17
OPTIDX,NIFTY,29-Mar-18,8500,PE,0,0,0,47.5,32.95,0,0,0,0,17-Apr-17
OPTIDX,NIFTY,29-Mar-18,8600,PE,0,0,0,59.15,42.75,0,0,0,0,17-Apr-17
OPTIDX,NIFTY,29-Mar-18,8700,PE,0,0,0,72.85,54.7,0,0,0,0,17-Apr-17
OPTIDX,NIFTY,29-Mar-18,8800,PE,0,0,0,88.8,69.05,0,0,0,0,17-Apr-17
OPTIDX,NIFTY,29-Mar-18,8900,PE,0,0,0,107.3,86.2,0,0,0,0,17-Apr-17
OPTIDX,NIFTY,29-Mar-18,9000,PE,0,0,0,128.5,106.25,0,0,0,0,17-Apr-17
OPTIDX,NIFTY,29-Mar-18,9100,PE,0,0,0,152.8,129.9,0,0,0,0,17-Apr-17
OPTIDX,NIFTY,29-Mar-18,9200,PE,0,0,0,179.4,156.25,0,0,0,0,17-Apr-17
OPTIDX,NIFTY,29-Mar-18,9300,PE,0,0,0,209.65,186.7,0,0,0,0,17-Apr-17
OPTIDX,NIFTY,29-Mar-18,9400,PE,0,0,0,243.15,220.95,0,0,0,0,17-Apr-17
OPTIDX,NIFTY,29-Mar-18,9500,PE,0,0,0,279.95,259.05,0,0,0,0,17-Apr-17
OPTIDX,NIFTY,29-Mar-18,9600,PE,0,0,0,320.2,301.15,0,0,0,0,17-Apr-17
OPTIDX,NIFTY,29-Mar-18,9700,PE,0,0,0,363.85,347.2,0,0,0,0,17-Apr-17
OPTIDX,NIFTY,29-Mar-18,9800,PE,0,0,0,410.85,397.25,0,0,0,0,17-Apr-17
OPTIDX,NIFTY,29-Mar-18,9900,PE,0,0,0,461.25,451.1,0,0,0,0,17-Apr-17
OPTIDX,NIFTY,29-Mar-18,10000,PE,0,0,0,514.95,508.75,0,0,0,0,17-Apr-17
OPTIDX,NIFTY,29-Mar-18,10100,PE,0,0,0,571.85,570.05,0,0,0,0,17-Apr-17
OPTIDX,NIFTY,29-Mar-18,10200,PE,0,0,0,631.9,634.75,0,0,0,0,17-Apr-17
OPTIDX,NIFTY,29-Mar-18,10300,PE,0,0,0,694.9,702.65,0,0,0,0,17-Apr-17
OPTIDX,NIFTY,29-Mar-18,10400,PE,0,0,0,760.75,774.15,0,0,0,0,17-Apr-17
OPTIDX,NIFTY,29-Mar-18,10500,PE,0,0,0,829.7,847.6,0,0,0,0,17-Apr-17
OPTIDX,NIFTY,29-Mar-18,10600,PE,0,0,0,900.9,923.95,0,0,0,0,17-Apr-17
OPTIDX,NIFTY,29-Mar-18,10700,PE,0,0,0,974.05,1002.65,0,0,0,0,17-Apr-17
OPTIDX,NIFTY,29-Mar-18,10800,PE,0,0,0,1049.65,1083.4,0,0,0,0,17-Apr-17
OPTIDX,NIFTY,29-Mar-18,10900,PE,0,0,0,1127.3,1166.1,0,0,0,0,17-Apr-17
OPTIDX,NIFTY,29-Mar-18,11000,PE,0,0,0,1206.8,1250.4,0,0,0,0,17-Apr-17
OPTIDX,NIFTY,29-Mar-18,11100,PE,0,0,0,1287.95,1336.2,0,0,0,0,17-Apr-17
OPTIDX,NIFTY,29-Mar-18,11200,PE,0,0,0,1370.65,1423.3,0,0,0,0,17-Apr-17
OPTIDX,NIFTY,29-Mar-18,11300,PE,0,0,0,1454.7,1511.5,0,0,0,0,17-Apr-17
OPTIDX,NIFTY,29-Mar-18,11400,PE,0,0,0,1540,1600.65,0,0,0,0,17-Apr-17
OPTIDX,NIFTY,29-Mar-18,11500,PE,0,0,0,1626.4,1690.65,0,0,0,0,17-Apr-17
OPTIDX,NIFTY,29-Mar-18,11600,PE,0,0,0,1713.75,1781.35,0,0,0,0,17-Apr-17
OPTIDX,NIFTY,29-Mar-18,11700,PE,0,0,0,1740,1872.65,0,0,0,0,17-Apr-17
OPTIDX,NIFTY,28-Jun-18,3500,CE,0,0,0,3318.15,5901.35,0,0,0,0,17-Apr-17
OPTIDX,NIFTY,28-Jun-18,3600,CE,0,0,0,3653.75,5808.85,0,0,0,0,17-Apr-17
OPTIDX,NIFTY,28-Jun-18,3700,CE,0,0,0,3592.35,5716.35,0,0,0,0,17-Apr-17
OPTIDX,NIFTY,28-Jun-18,3800,CE,0,0,0,3531.4,5623.85,0,0,0,0,17-Apr-17
OPTIDX,NIFTY,28-Jun-18,3900,CE,0,0,0,3179.05,5531.3,0,0,0,0,17-Apr-17
OPTIDX,NIFTY,28-Jun-18,4000,CE,0,0,0,3119.6,5438.8,0,0,0,0,17-Apr-17
OPTIDX,NIFTY,28-Jun-18,4100,CE,0,0,0,3060.65,5346.3,0,0,0,0,17-Apr-17
OPTIDX,NIFTY,28-Jun-18,4200,CE,0,0,0,3002.3,5253.8,0,0,0,0,17-Apr-17
OPTIDX,NIFTY,28-Jun-18,4300,CE,0,0,0,2944.5,5161.25,0,0,0,0,17-Apr-17
OPTIDX,NIFTY,28-Jun-18,4400,CE,0,0,0,2887.35,5068.75,0,0,0,0,17-Apr-17
OPTIDX,NIFTY,28-Jun-18,4500,CE,0,0,0,2830.8,4976.25,0,0,0,0,17-Apr-17
OPTIDX,NIFTY,28-Jun-18,4600,CE,0,0,0,2774.9,4883.75,0,0,0,0,17-Apr-17
OPTIDX,NIFTY,28-Jun-18,4700,CE,0,0,0,2719.65,4791.2,0,0,0,0,17-Apr-17
OPTIDX,NIFTY,28-Jun-18,4800,CE,0,0,0,2665.1,4698.7,0,0,0,0,17-Apr-17
OPTIDX,NIFTY,28-Jun-18,4900,CE,0,0,0,2611.25,4606.2,0,0,0,0,17-Apr-17
OPTIDX,NIFTY,28-Jun-18,5000,CE,0,0,0,2558.05,4513.65,0,0,0,0,17-Apr-17
OPTIDX,NIFTY,28-Jun-18,5100,CE,0,0,0,2505.6,4421.15,0,0,0,0,17-Apr-17
OPTIDX,NIFTY,28-Jun-18,5200,CE,0,0,0,2453.9,4328.65,0,0,0,0,17-Apr-17
OPTIDX,NIFTY,28-Jun-18,5300,CE,0,0,0,2402.9,4236.15,0,0,0,0,17-Apr-17
OPTIDX,NIFTY,28-Jun-18,5400,CE,0,0,0,2352.65,4143.6,0,0,0,0,17-Apr-17
OPTIDX,NIFTY,28-Jun-18,5500,CE,0,0,0,2303.15,4051.1,0,0,0,0,17-Apr-17
OPTIDX,NIFTY,28-Jun-18,5600,CE,0,0,0,2254.55,3958.6,0,0,0,0,17-Apr-17
OPTIDX,NIFTY,28-Jun-18,5700,CE,0,0,0,2206.55,3866.1,0,0,0,0,17-Apr-17
OPTIDX,NIFTY,28-Jun-18,5800,CE,0,0,0,2159.3,3773.55,0,0,0,0,17-Apr-17
OPTIDX,NIFTY,28-Jun-18,5900,CE,0,0,0,2112.85,3681.05,0,0,0,0,17-Apr-17
OPTIDX,NIFTY,28-Jun-18,6000,CE,0,0,0,2067.15,3588.55,0,0,0,0,17-Apr-17
OPTIDX,NIFTY,28-Jun-18,6100,CE,0,0,0,2022.2,3496.05,0,0,0,0,17-Apr-17
OPTIDX,NIFTY,28-Jun-18,6200,CE,0,0,0,1978.05,3403.5,0,0,0,0,17-Apr-17
OPTIDX,NIFTY,28-Jun-18,6300,CE,0,0,0,1934.65,3311,0,0,0,0,17-Apr-17
OPTIDX,NIFTY,28-Jun-18,6400,CE,0,0,0,1892.05,3218.5,0,0,0,0,17-Apr-17
OPTIDX,NIFTY,28-Jun-18,6500,CE,0,0,0,1850.2,3126,0,0,0,0,17-Apr-17
OPTIDX,NIFTY,28-Jun-18,6600,CE,0,0,0,1809.1,3033.5,0,0,0,0,17-Apr-17
OPTIDX,NIFTY,28-Jun-18,6700,CE,0,0,0,1768.75,2941,0,0,0,0,17-Apr-17
OPTIDX,NIFTY,28-Jun-18,6800,CE,0,0,0,1729.2,2848.5,0,0,0,0,17-Apr-17
OPTIDX,NIFTY,28-Jun-18,6900,CE,0,0,0,1690.35,2756.05,0,0,0,0,17-Apr-17
OPTIDX,NIFTY,28-Jun-18,7000,CE,0,0,0,1652.25,2663.6,0,0,0,0,17-Apr-17
OPTIDX,NIFTY,28-Jun-18,7100,CE,0,0,0,1614.7,2571.25,0,0,0,0,17-Apr-17
OPTIDX,NIFTY,28-Jun-18,7200,CE,0,0,0,1578.1,2478.9,0,0,0,0,17-Apr-17
OPTIDX,NIFTY,28-Jun-18,7300,CE,0,0,0,1542.25,2386.65,0,0,0,0,17-Apr-17
OPTIDX,NIFTY,28-Jun-18,7400,CE,0,0,0,1507.1,2294.55,0,0,0,0,17-Apr-17
OPTIDX,NIFTY,28-Jun-18,7500,CE,0,0,0,1472.65,2202.6,0,0,0,0,17-Apr-17
OPTIDX,NIFTY,28-Jun-18,7600,CE,0,0,0,1677.9,2110.9,0,0,0,0,17-Apr-17
OPTIDX,NIFTY,28-Jun-18,7700,CE,0,0,0,1668.95,2019.45,0,0,0,0,17-Apr-17
OPTIDX,NIFTY,28-Jun-18,7800,CE,0,0,0,2020.3,1928.4,0,0,5500,0,17-Apr-17
OPTIDX,NIFTY,28-Jun-18,7900,CE,0,0,0,1598.15,1837.85,0,0,0,0,17-Apr-17
OPTIDX,NIFTY,28-Jun-18,8000,CE,0,0,0,1800,1747.9,0,0,87000,0,17-Apr-17
OPTIDX,NIFTY,28-Jun-18,8100,CE,0,0,0,2075.25,1658.7,0,0,50000,0,17-Apr-17
OPTIDX,NIFTY,28-Jun-18,8200,CE,0,0,0,2078.1,1570.4,0,0,125000,0,17-Apr-17
OPTIDX,NIFTY,28-Jun-18,8300,CE,0,0,0,1184,1483.2,0,0,413525,0,17-Apr-17
OPTIDX,NIFTY,28-Jun-18,8400,CE,0,0,0,976.5,1397.2,0,0,392100,0,17-Apr-17
OPTIDX,NIFTY,28-Jun-18,8500,CE,0,0,0,1456.6,1312.7,0,0,370500,0,17-Apr-17
OPTIDX,NIFTY,28-Jun-18,8600,CE,0,0,0,1018.7,1229.9,0,0,263225,0,17-Apr-17
OPTIDX,NIFTY,28-Jun-18,8700,CE,0,0,0,1354.5,1148.95,0,0,137050,0,17-Apr-17
OPTIDX,NIFTY,28-Jun-18,8800,CE,0,0,0,916.4,1070.1,0,0,100325,0,17-Apr-17
OPTIDX,NIFTY,28-Jun-18,8900,CE,0,0,0,1099,993.55,0,0,268700,0,17-Apr-17
OPTIDX,NIFTY,28-Jun-18,9000,CE,910,910,910,910,910,9,66.89,18750,675,17-Apr-17
OPTIDX,NIFTY,28-Jun-18,9100,CE,0,0,0,1102.9,848.25,0,0,0,0,17-Apr-17
OPTIDX,NIFTY,28-Jun-18,9200,CE,0,0,0,994.9,780.1,0,0,0,0,17-Apr-17
OPTIDX,NIFTY,28-Jun-18,9300,CE,0,0,0,1228.95,714.3,0,0,0,0,17-Apr-17
OPTIDX,NIFTY,28-Jun-18,9400,CE,0,0,0,1415.9,652.15,0,0,0,0,17-Apr-17
OPTIDX,NIFTY,28-Jun-18,9500,CE,0,0,0,1461.4,593.3,0,0,0,0,17-Apr-17
OPTIDX,NIFTY,28-Jun-18,9600,CE,0,0,0,1417.65,537.85,0,0,0,0,17-Apr-17
OPTIDX,NIFTY,28-Jun-18,9700,CE,0,0,0,1409.5,485.8,0,0,0,0,17-Apr-17
OPTIDX,NIFTY,28-Jun-18,9800,CE,0,0,0,1341.9,437.15,0,0,0,0,17-Apr-17
OPTIDX,NIFTY,28-Jun-18,9900,CE,0,0,0,1340.05,391.9,0,0,0,0,17-Apr-17
OPTIDX,NIFTY,28-Jun-18,10000,CE,0,0,0,370.05,350.05,0,0,350,0,17-Apr-17
OPTIDX,NIFTY,28-Jun-18,10100,CE,0,0,0,225,311.55,0,0,10125,0,17-Apr-17
OPTIDX,NIFTY,28-Jun-18,10200,CE,0,0,0,1222.65,276.2,0,0,0,0,17-Apr-17
OPTIDX,NIFTY,28-Jun-18,10300,CE,0,0,0,1305.75,244,0,0,0,0,17-Apr-17
OPTIDX,NIFTY,28-Jun-18,10400,CE,0,0,0,1109,214.75,0,0,0,0,17-Apr-17
OPTIDX,NIFTY,28-Jun-18,10500,CE,0,0,0,1170.9,188.3,0,0,0,0,17-Apr-17
OPTIDX,NIFTY,28-Jun-18,10600,CE,0,0,0,1150.25,164.95,0,0,0,0,17-Apr-17
OPTIDX,NIFTY,28-Jun-18,10700,CE,0,0,0,1357.05,143.35,0,0,0,0,17-Apr-17
OPTIDX,NIFTY,28-Jun-18,10800,CE,0,0,0,1185.55,124.4,0,0,0,0,17-Apr-17
OPTIDX,NIFTY,28-Jun-18,10900,CE,0,0,0,1069.1,107.5,0,0,0,0,17-Apr-17
OPTIDX,NIFTY,28-Jun-18,11000,CE,0,0,0,1101.2,92.6,0,0,0,0,17-Apr-17
OPTIDX,NIFTY,28-Jun-18,11100,CE,0,0,0,1559.7,79.5,0,0,0,0,17-Apr-17
OPTIDX,NIFTY,28-Jun-18,11200,CE,0,0,0,1490.1,68,0,0,0,0,17-Apr-17
OPTIDX,NIFTY,28-Jun-18,11300,CE,0,0,0,1527.15,57.95,0,0,0,0,17-Apr-17
OPTIDX,NIFTY,28-Jun-18,11400,CE,0,0,0,1437.65,49.25,0,0,0,0,17-Apr-17
OPTIDX,NIFTY,28-Jun-18,11500,CE,0,0,0,101.35,41.7,0,0,0,0,17-Apr-17
OPTIDX,NIFTY,28-Jun-18,11600,CE,0,0,0,93.7,35.2,0,0,0,0,17-Apr-17
OPTIDX,NIFTY,28-Jun-18,11700,CE,0,0,0,63.65,29.6,0,0,0,0,17-Apr-17
OPTIDX,NIFTY,28-Jun-18,3500,PE,0,0,0,15,0,0,0,7725,0,17-Apr-17
OPTIDX,NIFTY,28-Jun-18,3600,PE,0,0,0,32.45,0,0,0,0,0,17-Apr-17
OPTIDX,NIFTY,28-Jun-18,3700,PE,0,0,0,37.35,0,0,0,0,0,17-Apr-17
OPTIDX,NIFTY,28-Jun-18,3800,PE,0,0,0,42.75,0,0,0,0,0,17-Apr-17
OPTIDX,NIFTY,28-Jun-18,3900,PE,0,0,0,40.1,0,0,0,0,0,17-Apr-17
OPTIDX,NIFTY,28-Jun-18,4000,PE,0,0,0,45.85,0,0,0,0,0,17-Apr-17
OPTIDX,NIFTY,28-Jun-18,4100,PE,0,0,0,52.15,0,0,0,0,0,17-Apr-17
OPTIDX,NIFTY,28-Jun-18,4200,PE,0,0,0,59,0,0,0,0,0,17-Apr-17
OPTIDX,NIFTY,28-Jun-18,4300,PE,0,0,0,66.45,0,0,0,0,0,17-Apr-17
OPTIDX,NIFTY,28-Jun-18,4400,PE,0,0,0,74.5,0,0,0,0,0,17-Apr-17
OPTIDX,NIFTY,28-Jun-18,4500,PE,0,0,0,83.15,0,0,0,0,0,17-Apr-17
OPTIDX,NIFTY,28-Jun-18,4600,PE,0,0,0,92.45,0,0,0,0,0,17-Apr-17
OPTIDX,NIFTY,28-Jun-18,4700,PE,0,0,0,102.45,0,0,0,0,0,17-Apr-17
OPTIDX,NIFTY,28-Jun-18,4800,PE,0,0,0,113.1,0,0,0,0,0,17-Apr-17
OPTIDX,NIFTY,28-Jun-18,4900,PE,0,0,0,124.45,0,0,0,0,0,17-Apr-17
OPTIDX,NIFTY,28-Jun-18,5000,PE,0,0,0,276,0,0,0,50,0,17-Apr-17
OPTIDX,NIFTY,28-Jun-18,5100,PE,0,0,0,149.25,0,0,0,0,0,17-Apr-17
OPTIDX,NIFTY,28-Jun-18,5200,PE,0,0,0,162.75,0,0,0,0,0,17-Apr-17
OPTIDX,NIFTY,28-Jun-18,5300,PE,0,0,0,177,0,0,0,0,0,17-Apr-17
OPTIDX,NIFTY,28-Jun-18,5400,PE,0,0,0,191.95,0,0,0,0,0,17-Apr-17
OPTIDX,NIFTY,28-Jun-18,5500,PE,0,0,0,207.65,0,0,0,0,0,17-Apr-17
OPTIDX,NIFTY,28-Jun-18,5600,PE,0,0,0,224.3,0,0,0,0,0,17-Apr-17
OPTIDX,NIFTY,28-Jun-18,5700,PE,0,0,0,241.5,0,0,0,0,0,17-Apr-17
OPTIDX,NIFTY,28-Jun-18,5800,PE,0,0,0,259.5,0,0,0,0,0,17-Apr-17
OPTIDX,NIFTY,28-Jun-18,5900,PE,0,0,0,278.25,0,0,0,0,0,17-Apr-17
OPTIDX,NIFTY,28-Jun-18,6000,PE,0,0,0,297.75,0,0,0,0,0,17-Apr-17
OPTIDX,NIFTY,28-Jun-18,6100,PE,0,0,0,318.05,0,0,0,0,0,17-Apr-17
OPTIDX,NIFTY,28-Jun-18,6200,PE,0,0,0,339.1,0,0,0,0,0,17-Apr-17
OPTIDX,NIFTY,28-Jun-18,6300,PE,0,0,0,200,0,0,0,7725,0,17-Apr-17
OPTIDX,NIFTY,28-Jun-18,6400,PE,0,0,0,383.5,0.05,0,0,0,0,17-Apr-17
OPTIDX,NIFTY,28-Jun-18,6500,PE,0,0,0,406.85,0.05,0,0,0,0,17-Apr-17
OPTIDX,NIFTY,28-Jun-18,6600,PE,0,0,0,431,0.05,0,0,0,0,17-Apr-17
OPTIDX,NIFTY,28-Jun-18,6700,PE,0,0,0,67,0.05,0,0,300,0,17-Apr-17
OPTIDX,NIFTY,28-Jun-18,6800,PE,0,0,0,481.5,0.1,0,0,0,0,17-Apr-17
OPTIDX,NIFTY,28-Jun-18,6900,PE,0,0,0,507.9,0.15,0,0,0,0,17-Apr-17
OPTIDX,NIFTY,28-Jun-18,7000,PE,0,0,0,300,0.2,0,0,6550,0,17-Apr-17
OPTIDX,NIFTY,28-Jun-18,7100,PE,0,0,0,562.65,0.35,0,0,0,0,17-Apr-17
OPTIDX,NIFTY,28-Jun-18,7200,PE,0,0,0,208.7,0.55,0,0,7500,0,17-Apr-17
OPTIDX,NIFTY,28-Jun-18,7300,PE,0,0,0,620.65,0.8,0,0,0,0,17-Apr-17
OPTIDX,NIFTY,28-Jun-18,7400,PE,0,0,0,650.7,1.2,0,0,0,0,17-Apr-17
OPTIDX,NIFTY,28-Jun-18,7500,PE,0,0,0,590,1.75,0,0,38925,0,17-Apr-17
OPTIDX,NIFTY,28-Jun-18,7600,PE,0,0,0,530,2.55,0,0,60150,0,17-Apr-17
OPTIDX,NIFTY,28-Jun-18,7700,PE,0,0,0,290,3.65,0,0,106050,0,17-Apr-17
OPTIDX,NIFTY,28-Jun-18,7800,PE,0,0,0,585,5.1,0,0,10500,0,17-Apr-17
OPTIDX,NIFTY,28-Jun-18,7900,PE,0,0,0,701,7.1,0,0,251325,0,17-Apr-17
OPTIDX,NIFTY,28-Jun-18,8000,PE,0,0,0,191,9.65,0,0,375,0,17-Apr-17
OPTIDX,NIFTY,28-Jun-18,8100,PE,0,0,0,480,12.95,0,0,69150,0,17-Apr-17
OPTIDX,NIFTY,28-Jun-18,8200,PE,0,0,0,449.7,17.15,0,0,17475,0,17-Apr-17
OPTIDX,NIFTY,28-Jun-18,8300,PE,0,0,0,530,22.45,0,0,166650,0,17-Apr-17
OPTIDX,NIFTY,28-Jun-18,8400,PE,0,0,0,1003.25,29,0,0,0,0,17-Apr-17
OPTIDX,NIFTY,28-Jun-18,8500,PE,0,0,0,815,37,0,0,97500,0,17-Apr-17
OPTIDX,NIFTY,28-Jun-18,8600,PE,0,0,0,776,46.7,0,0,75000,0,17-Apr-17
OPTIDX,NIFTY,28-Jun-18,8700,PE,0,0,0,267,58.25,0,0,255300,0,17-Apr-17
OPTIDX,NIFTY,28-Jun-18,8800,PE,0,0,0,720,71.9,0,0,107850,0,17-Apr-17
OPTIDX,NIFTY,28-Jun-18,8900,PE,0,0,0,360,87.9,0,0,29500,0,17-Apr-17
OPTIDX,NIFTY,28-Jun-18,9000,PE,0,0,0,665,106.4,0,0,286050,0,17-Apr-17
OPTIDX,NIFTY,28-Jun-18,9100,PE,0,0,0,415.15,127.6,0,0,0,0,17-Apr-17
OPTIDX,NIFTY,28-Jun-18,9200,PE,0,0,0,420.15,151.95,0,0,0,0,17-Apr-17
OPTIDX,NIFTY,28-Jun-18,9300,PE,0,0,0,735.75,178.7,0,0,0,0,17-Apr-17
OPTIDX,NIFTY,28-Jun-18,9400,PE,0,0,0,839.95,209.1,0,0,0,0,17-Apr-17
OPTIDX,NIFTY,28-Jun-18,9500,PE,0,0,0,861.05,242.75,0,0,0,0,17-Apr-17
OPTIDX,NIFTY,28-Jun-18,9600,PE,0,0,0,813.4,279.8,0,0,0,0,17-Apr-17
OPTIDX,NIFTY,28-Jun-18,9700,PE,0,0,0,1349.95,320.25,0,0,94050,0,17-Apr-17
OPTIDX,NIFTY,28-Jun-18,9800,PE,0,0,0,739.4,364.1,0,0,0,0,17-Apr-17
OPTIDX,NIFTY,28-Jun-18,9900,PE,0,0,0,748.95,411.4,0,0,0,0,17-Apr-17
OPTIDX,NIFTY,28-Jun-18,10000,PE,0,0,0,795.2,462.05,0,0,0,0,17-Apr-17
OPTIDX,NIFTY,28-Jun-18,10100,PE,0,0,0,797.95,516.05,0,0,0,0,17-Apr-17
OPTIDX,NIFTY,28-Jun-18,10200,PE,0,0,0,711.15,573.25,0,0,0,0,17-Apr-17
OPTIDX,NIFTY,28-Jun-18,10300,PE,0,0,0,723.6,633.5,0,0,0,0,17-Apr-17
OPTIDX,NIFTY,28-Jun-18,10400,PE,0,0,0,549.5,696.75,0,0,0,0,17-Apr-17
OPTIDX,NIFTY,28-Jun-18,10500,PE,0,0,0,548.9,762.85,0,0,0,0,17-Apr-17
OPTIDX,NIFTY,28-Jun-18,10600,PE,0,0,0,533.9,832,0,0,0,0,17-Apr-17
OPTIDX,NIFTY,28-Jun-18,10700,PE,0,0,0,806.25,902.95,0,0,0,0,17-Apr-17
OPTIDX,NIFTY,28-Jun-18,10800,PE,0,0,0,689.6,976.45,0,0,0,0,17-Apr-17
OPTIDX,NIFTY,28-Jun-18,10900,PE,0,0,0,588.55,1052.15,0,0,0,0,17-Apr-17
OPTIDX,NIFTY,28-Jun-18,11000,PE,0,0,0,581.95,1129.75,0,0,0,0,17-Apr-17
OPTIDX,NIFTY,28-Jun-18,11100,PE,0,0,0,1139.65,1209.15,0,0,0,0,17-Apr-17
OPTIDX,NIFTY,28-Jun-18,11200,PE,0,0,0,1088.45,1290.15,0,0,0,0,17-Apr-17
OPTIDX,NIFTY,28-Jun-18,11300,PE,0,0,0,1032.1,1372.6,0,0,0,0,17-Apr-17
OPTIDX,NIFTY,28-Jun-18,11400,PE,0,0,0,996.65,1456.4,0,0,0,0,17-Apr-17
OPTIDX,NIFTY,28-Jun-18,11500,PE,0,0,0,1589.15,1541.35,0,0,0,0,17-Apr-17
OPTIDX,NIFTY,28-Jun-18,11600,PE,0,0,0,1609.15,1627.4,0,0,0,0,17-Apr-17
OPTIDX,NIFTY,28-Jun-18,11700,PE,0,0,0,1596.75,1714.3,0,0,0,0,17-Apr-17
OPTIDX,NIFTY,27-Dec-18,3600,CE,0,0,0,3755.8,5915.05,0,0,0,0,17-Apr-17
OPTIDX,NIFTY,27-Dec-18,3700,CE,0,0,0,3782.65,5825.5,0,0,0,0,17-Apr-17
OPTIDX,NIFTY,27-Dec-18,3800,CE,0,0,0,3803.5,5735.95,0,0,0,0,17-Apr-17
OPTIDX,NIFTY,27-Dec-18,3900,CE,0,0,0,3811.6,5646.4,0,0,0,0,17-Apr-17
OPTIDX,NIFTY,27-Dec-18,4000,CE,0,0,0,3749.6,5556.8,0,0,0,0,17-Apr-17
OPTIDX,NIFTY,27-Dec-18,4100,CE,0,0,0,3687.85,5467.25,0,0,0,0,17-Apr-17
OPTIDX,NIFTY,27-Dec-18,4200,CE,0,0,0,3626.3,5377.7,0,0,0,0,17-Apr-17
OPTIDX,NIFTY,27-Dec-18,4300,CE,0,0,0,3565,5288.15,0,0,0,0,17-Apr-17
OPTIDX,NIFTY,27-Dec-18,4400,CE,0,0,0,3504,5198.55,0,0,0,0,17-Apr-17
OPTIDX,NIFTY,27-Dec-18,4500,CE,0,0,0,3443.35,5109,0,0,0,0,17-Apr-17
OPTIDX,NIFTY,27-Dec-18,4600,CE,0,0,0,3382.95,5019.45,0,0,0,0,17-Apr-17
OPTIDX,NIFTY,27-Dec-18,4700,CE,0,0,0,3322.95,4929.9,0,0,0,0,17-Apr-17
OPTIDX,NIFTY,27-Dec-18,4800,CE,0,0,0,3263.3,4840.3,0,0,0,0,17-Apr-17
OPTIDX,NIFTY,27-Dec-18,4900,CE,0,0,0,3204.05,4750.75,0,0,0,0,17-Apr-17
OPTIDX,NIFTY,27-Dec-18,5000,CE,0,0,0,3145.2,4661.2,0,0,0,0,17-Apr-17
OPTIDX,NIFTY,27-Dec-18,5100,CE,0,0,0,3086.8,4571.65,0,0,0,0,17-Apr-17
OPTIDX,NIFTY,27-Dec-18,5200,CE,0,0,0,3028.85,4482.05,0,0,0,0,17-Apr-17
OPTIDX,NIFTY,27-Dec-18,5300,CE,0,0,0,2971.4,4392.5,0,0,0,0,17-Apr-17
OPTIDX,NIFTY,27-Dec-18,5400,CE,0,0,0,2914.4,4302.95,0,0,0,0,17-Apr-17
OPTIDX,NIFTY,27-Dec-18,5500,CE,0,0,0,2857.95,4213.4,0,0,0,0,17-Apr-17
OPTIDX,NIFTY,27-Dec-18,5600,CE,0,0,0,2802.05,4123.8,0,0,0,0,17-Apr-17
OPTIDX,NIFTY,27-Dec-18,5700,CE,0,0,0,2746.7,4034.25,0,0,0,0,17-Apr-17
OPTIDX,NIFTY,27-Dec-18,5800,CE,0,0,0,2691.9,3944.7,0,0,0,0,17-Apr-17
OPTIDX,NIFTY,27-Dec-18,5900,CE,0,0,0,2637.7,3855.15,0,0,0,0,17-Apr-17
OPTIDX,NIFTY,27-Dec-18,6000,CE,0,0,0,2584.05,3765.55,0,0,0,0,17-Apr-17
OPTIDX,NIFTY,27-Dec-18,6100,CE,0,0,0,2531.1,3676,0,0,0,0,17-Apr-17
OPTIDX,NIFTY,27-Dec-18,6200,CE,0,0,0,2478.7,3586.45,0,0,0,0,17-Apr-17
OPTIDX,NIFTY,27-Dec-18,6300,CE,0,0,0,2427,3496.9,0,0,0,0,17-Apr-17
OPTIDX,NIFTY,27-Dec-18,6400,CE,0,0,0,2375.95,3407.35,0,0,0,0,17-Apr-17
OPTIDX,NIFTY,27-Dec-18,6500,CE,0,0,0,2325.55,3317.8,0,0,0,0,17-Apr-17
OPTIDX,NIFTY,27-Dec-18,6600,CE,0,0,0,2275.85,3228.3,0,0,0,0,17-Apr-17
OPTIDX,NIFTY,27-Dec-18,6700,CE,0,0,0,2226.8,3138.8,0,0,0,0,17-Apr-17
OPTIDX,NIFTY,27-Dec-18,6800,CE,0,0,0,2178.45,3049.35,0,0,0,0,17-Apr-17
OPTIDX,NIFTY,27-Dec-18,6900,CE,0,0,0,2131,2959.9,0,0,0,0,17-Apr-17
OPTIDX,NIFTY,27-Dec-18,7000,CE,0,0,0,2084.05,2870.5,0,0,0,0,17-Apr-17
OPTIDX,NIFTY,27-Dec-18,7100,CE,0,0,0,2037.8,2781.2,0,0,0,0,17-Apr-17
OPTIDX,NIFTY,27-Dec-18,7200,CE,0,0,0,1992.3,2692.05,0,0,0,0,17-Apr-17
OPTIDX,NIFTY,27-Dec-18,7300,CE,0,0,0,1740,2602.95,0,0,3750,0,17-Apr-17
OPTIDX,NIFTY,27-Dec-18,7400,CE,0,0,0,1903.4,2514.05,0,0,0,0,17-Apr-17
OPTIDX,NIFTY,27-Dec-18,7500,CE,0,0,0,2280,2425.4,0,0,1925,0,17-Apr-17
OPTIDX,NIFTY,27-Dec-18,7600,CE,0,0,0,1729.55,2336.95,0,0,8250,0,17-Apr-17
OPTIDX,NIFTY,27-Dec-18,7700,CE,0,0,0,1775.55,2248.9,0,0,0,0,17-Apr-17
OPTIDX,NIFTY,27-Dec-18,7800,CE,0,0,0,2107.65,2161.2,0,0,75000,0,17-Apr-17
OPTIDX,NIFTY,27-Dec-18,7900,CE,0,0,0,1482.3,2074.05,0,0,115050,0,17-Apr-17
OPTIDX,NIFTY,27-Dec-18,8000,CE,0,0,0,1584.1,1987.45,0,0,125175,0,17-Apr-17
OPTIDX,NIFTY,27-Dec-18,8100,CE,0,0,0,1615.35,1901.5,0,0,0,0,17-Apr-17
OPTIDX,NIFTY,27-Dec-18,8200,CE,0,0,0,1770,1816.4,0,0,183825,0,17-Apr-17
OPTIDX,NIFTY,27-Dec-18,8300,CE,0,0,0,1539.35,1732.2,0,0,0,0,17-Apr-17
OPTIDX,NIFTY,27-Dec-18,8400,CE,0,0,0,1520,1649.1,0,0,3975,0,17-Apr-17
OPTIDX,NIFTY,27-Dec-18,8500,CE,0,0,0,1466.5,1567.1,0,0,0,0,17-Apr-17
OPTIDX,NIFTY,27-Dec-18,8600,CE,0,0,0,1431.15,1486.5,0,0,0,0,17-Apr-17
OPTIDX,NIFTY,27-Dec-18,8700,CE,0,0,0,2569.45,1407.35,0,0,50,0,17-Apr-17
OPTIDX,NIFTY,27-Dec-18,8800,CE,0,0,0,1367.2,1329.8,0,0,0,0,17-Apr-17
OPTIDX,NIFTY,27-Dec-18,8900,CE,0,0,0,1489.4,1254,0,0,0,0,17-Apr-17
OPTIDX,NIFTY,27-Dec-18,9000,CE,1200,1200,1200,1200,1200,1,7.65,17325,75,17-Apr-17
OPTIDX,NIFTY,27-Dec-18,9100,CE,0,0,0,1316.95,1108.2,0,0,0,0,17-Apr-17
OPTIDX,NIFTY,27-Dec-18,9200,CE,0,0,0,1202.15,1038.5,0,0,0,0,17-Apr-17
OPTIDX,NIFTY,27-Dec-18,9300,CE,0,0,0,1432.2,971.35,0,0,0,0,17-Apr-17
OPTIDX,NIFTY,27-Dec-18,9400,CE,0,0,0,1625.2,906.2,0,0,0,0,17-Apr-17
OPTIDX,NIFTY,27-Dec-18,9500,CE,0,0,0,930,843.2,0,0,30000,0,17-Apr-17
OPTIDX,NIFTY,27-Dec-18,9600,CE,0,0,0,1631.75,783.2,0,0,0,0,17-Apr-17
OPTIDX,NIFTY,27-Dec-18,9700,CE,0,0,0,825,725.8,0,0,31950,0,17-Apr-17
OPTIDX,NIFTY,27-Dec-18,9800,CE,0,0,0,1559.45,671.05,0,0,0,0,17-Apr-17
OPTIDX,NIFTY,27-Dec-18,9900,CE,0,0,0,1558.85,619,0,0,0,0,17-Apr-17
OPTIDX,NIFTY,27-Dec-18,10000,CE,0,0,0,724,569.7,0,0,750,0,17-Apr-17
OPTIDX,NIFTY,27-Dec-18,10100,CE,0,0,0,1645.2,523.1,0,0,0,0,17-Apr-17
OPTIDX,NIFTY,27-Dec-18,10200,CE,0,0,0,1442.3,479.15,0,0,0,0,17-Apr-17
OPTIDX,NIFTY,27-Dec-18,10300,CE,0,0,0,1538.2,437.95,0,0,0,0,17-Apr-17
OPTIDX,NIFTY,27-Dec-18,10400,CE,0,0,0,1343.7,399.35,0,0,0,0,17-Apr-17
OPTIDX,NIFTY,27-Dec-18,10500,CE,0,0,0,490,363.3,0,0,3975,0,17-Apr-17
OPTIDX,NIFTY,27-Dec-18,10600,CE,0,0,0,1392.5,329.75,0,0,0,0,17-Apr-17
OPTIDX,NIFTY,27-Dec-18,10700,CE,0,0,0,1601.15,298.6,0,0,0,0,17-Apr-17
OPTIDX,NIFTY,27-Dec-18,10800,CE,0,0,0,1428.5,269.8,0,0,0,0,17-Apr-17
OPTIDX,NIFTY,27-Dec-18,10900,CE,0,0,0,1312.45,243.2,0,0,0,0,17-Apr-17
OPTIDX,NIFTY,27-Dec-18,11000,CE,0,0,0,1350.05,218.75,0,0,0,0,17-Apr-17
OPTIDX,NIFTY,27-Dec-18,11100,CE,0,0,0,1817.5,196.8,0,0,0,0,17-Apr-17
OPTIDX,NIFTY,27-Dec-18,11200,CE,0,0,0,504.95,176.4,0,0,150,0,17-Apr-17
OPTIDX,NIFTY,27-Dec-18,11300,CE,0,0,0,1791.45,157.35,0,0,0,0,17-Apr-17
OPTIDX,NIFTY,27-Dec-18,11400,CE,0,0,0,1699.65,140.35,0,0,0,0,17-Apr-17
OPTIDX,NIFTY,27-Dec-18,11500,CE,0,0,0,224.75,124.9,0,0,0,0,17-Apr-17
OPTIDX,NIFTY,27-Dec-18,11600,CE,0,0,0,213.25,110.9,0,0,0,0,17-Apr-17
OPTIDX,NIFTY,27-Dec-18,11700,CE,0,0,0,165.5,98.3,0,0,0,0,17-Apr-17
OPTIDX,NIFTY,27-Dec-18,3600,PE,0,0,0,40,0,0,0,32250,0,17-Apr-17
OPTIDX,NIFTY,27-Dec-18,3700,PE,0,0,0,3.75,0,0,0,0,0,17-Apr-17
OPTIDX,NIFTY,27-Dec-18,3800,PE,0,0,0,3.5,0,0,0,0,0,17-Apr-17
OPTIDX,NIFTY,27-Dec-18,3900,PE,0,0,0,7.05,0,0,0,0,0,17-Apr-17
OPTIDX,NIFTY,27-Dec-18,4000,PE,0,0,0,8.5,0,0,0,0,0,17-Apr-17
OPTIDX,NIFTY,27-Dec-18,4100,PE,0,0,0,10.2,0,0,0,0,0,17-Apr-17
OPTIDX,NIFTY,27-Dec-18,4200,PE,0,0,0,12.1,0,0,0,0,0,17-Apr-17
OPTIDX,NIFTY,27-Dec-18,4300,PE,0,0,0,14.25,0,0,0,0,0,17-Apr-17
OPTIDX,NIFTY,27-Dec-18,4400,PE,0,0,0,16.7,0,0,0,0,0,17-Apr-17
OPTIDX,NIFTY,27-Dec-18,4500,PE,0,0,0,19.45,0,0,0,0,0,17-Apr-17
OPTIDX,NIFTY,27-Dec-18,4600,PE,0,0,0,22.55,0,0,0,0,0,17-Apr-17
OPTIDX,NIFTY,27-Dec-18,4700,PE,0,0,0,25.95,0,0,0,0,0,17-Apr-17
OPTIDX,NIFTY,27-Dec-18,4800,PE,0,0,0,29.75,0,0,0,0,0,17-Apr-17
OPTIDX,NIFTY,27-Dec-18,4900,PE,0,0,0,33.95,0,0,0,0,0,17-Apr-17
OPTIDX,NIFTY,27-Dec-18,5000,PE,0,0,0,38.55,0,0,0,0,0,17-Apr-17
OPTIDX,NIFTY,27-Dec-18,5100,PE,0,0,0,43.6,0,0,0,0,0,17-Apr-17
OPTIDX,NIFTY,27-Dec-18,5200,PE,0,0,0,49.1,0,0,0,0,0,17-Apr-17
OPTIDX,NIFTY,27-Dec-18,5300,PE,0,0,0,55.1,0,0,0,0,0,17-Apr-17
OPTIDX,NIFTY,27-Dec-18,5400,PE,0,0,0,61.55,0,0,0,0,0,17-Apr-17
OPTIDX,NIFTY,27-Dec-18,5500,PE,0,0,0,68.55,0,0,0,0,0,17-Apr-17
OPTIDX,NIFTY,27-Dec-18,5600,PE,0,0,0,76.05,0,0,0,0,0,17-Apr-17
OPTIDX,NIFTY,27-Dec-18,5700,PE,0,0,0,84.15,0,0,0,0,0,17-Apr-17
OPTIDX,NIFTY,27-Dec-18,5800,PE,0,0,0,92.8,0,0,0,0,0,17-Apr-17
OPTIDX,NIFTY,27-Dec-18,5900,PE,0,0,0,102.05,0,0,0,0,0,17-Apr-17
OPTIDX,NIFTY,27-Dec-18,6000,PE,0,0,0,25,0.05,0,0,3975,0,17-Apr-17
OPTIDX,NIFTY,27-Dec-18,6100,PE,0,0,0,122.3,0.05,0,0,0,0,17-Apr-17
OPTIDX,NIFTY,27-Dec-18,6200,PE,0,0,0,250,0.05,0,0,2925,0,17-Apr-17
OPTIDX,NIFTY,27-Dec-18,6300,PE,0,0,0,145.15,0.05,0,0,0,0,17-Apr-17
OPTIDX,NIFTY,27-Dec-18,6400,PE,0,0,0,157.5,0.05,0,0,0,0,17-Apr-17
OPTIDX,NIFTY,27-Dec-18,6500,PE,0,0,0,170.55,0.1,0,0,0,0,17-Apr-17
OPTIDX,NIFTY,27-Dec-18,6600,PE,0,0,0,184.3,0.15,0,0,0,0,17-Apr-17
OPTIDX,NIFTY,27-Dec-18,6700,PE,0,0,0,198.7,0.2,0,0,0,0,17-Apr-17
OPTIDX,NIFTY,27-Dec-18,6800,PE,0,0,0,160,0.3,0,0,7500,0,17-Apr-17
OPTIDX,NIFTY,27-Dec-18,6900,PE,0,0,0,229.8,0.4,0,0,0,0,17-Apr-17
OPTIDX,NIFTY,27-Dec-18,7000,PE,0,0,0,80,0.6,0,0,12600,0,17-Apr-17
OPTIDX,NIFTY,27-Dec-18,7100,PE,0,0,0,263.5,0.85,0,0,0,0,17-Apr-17
OPTIDX,NIFTY,27-Dec-18,7200,PE,0,0,0,100,1.25,0,0,240675,0,17-Apr-17
OPTIDX,NIFTY,27-Dec-18,7300,PE,0,0,0,380,1.7,0,0,12000,0,17-Apr-17
OPTIDX,NIFTY,27-Dec-18,7400,PE,0,0,0,310,2.4,0,0,11250,0,17-Apr-17
OPTIDX,NIFTY,27-Dec-18,7500,PE,0,0,0,275.3,3.25,0,0,25125,0,17-Apr-17
OPTIDX,NIFTY,27-Dec-18,7600,PE,0,0,0,280,4.4,0,0,248175,0,17-Apr-17
OPTIDX,NIFTY,27-Dec-18,7700,PE,0,0,0,430,5.9,0,0,207825,0,17-Apr-17
OPTIDX,NIFTY,27-Dec-18,7800,PE,0,0,0,260,7.8,0,0,116775,0,17-Apr-17
OPTIDX,NIFTY,27-Dec-18,7900,PE,0,0,0,257.4,10.15,0,0,87375,0,17-Apr-17
OPTIDX,NIFTY,27-Dec-18,8000,PE,0,0,0,185,13.15,0,0,108075,0,17-Apr-17
OPTIDX,NIFTY,27-Dec-18,8100,PE,0,0,0,290.7,16.8,0,0,11925,0,17-Apr-17
OPTIDX,NIFTY,27-Dec-18,8200,PE,0,0,0,330,21.25,0,0,341625,0,17-Apr-17
OPTIDX,NIFTY,27-Dec-18,8300,PE,0,0,0,450,26.6,0,0,81900,0,17-Apr-17
OPTIDX,NIFTY,27-Dec-18,8400,PE,0,0,0,240,33.05,0,0,27600,0,17-Apr-17
OPTIDX,NIFTY,27-Dec-18,8500,PE,0,0,0,315,40.65,0,0,487875,0,17-Apr-17
OPTIDX,NIFTY,27-Dec-18,8600,PE,0,0,0,398.75,49.6,0,0,61050,0,17-Apr-17
OPTIDX,NIFTY,27-Dec-18,8700,PE,0,0,0,637.3,60,0,0,0,0,17-Apr-17
OPTIDX,NIFTY,27-Dec-18,8800,PE,0,0,0,703.5,72,0,0,111750,0,17-Apr-17
OPTIDX,NIFTY,27-Dec-18,8900,PE,0,0,0,700,85.75,0,0,127050,0,17-Apr-17
OPTIDX,NIFTY,27-Dec-18,9000,PE,0,0,0,589,101.4,0,0,164250,0,17-Apr-17
OPTIDX,NIFTY,27-Dec-18,9100,PE,0,0,0,424.2,119.1,0,0,57225,0,17-Apr-17
OPTIDX,NIFTY,27-Dec-18,9200,PE,0,0,0,344.85,138.95,0,0,0,0,17-Apr-17
OPTIDX,NIFTY,27-Dec-18,9300,PE,0,0,0,850,161.35,0,0,6000,0,17-Apr-17
OPTIDX,NIFTY,27-Dec-18,9400,PE,0,0,0,740,185.75,0,0,72225,0,17-Apr-17
OPTIDX,NIFTY,27-Dec-18,9500,PE,0,0,0,1050,212.35,0,0,6075,0,17-Apr-17
OPTIDX,NIFTY,27-Dec-18,9600,PE,0,0,0,631,241.9,0,0,225,0,17-Apr-17
OPTIDX,NIFTY,27-Dec-18,9700,PE,0,0,0,737.35,274.05,0,0,0,0,17-Apr-17
OPTIDX,NIFTY,27-Dec-18,9800,PE,0,0,0,658.45,308.9,0,0,0,0,17-Apr-17
OPTIDX,NIFTY,27-Dec-18,9900,PE,0,0,0,667.65,346.4,0,0,0,0,17-Apr-17
OPTIDX,NIFTY,27-Dec-18,10000,PE,0,0,0,714.4,386.65,0,0,0,0,17-Apr-17
OPTIDX,NIFTY,27-Dec-18,10100,PE,0,0,0,716.15,429.65,0,0,0,0,17-Apr-17
OPTIDX,NIFTY,27-Dec-18,10200,PE,0,0,0,626.55,475.25,0,0,0,0,17-Apr-17
OPTIDX,NIFTY,27-Dec-18,10300,PE,0,0,0,638.15,523.6,0,0,0,0,17-Apr-17
OPTIDX,NIFTY,27-Dec-18,10400,PE,0,0,0,1250,574.55,0,0,0,0,17-Apr-17
OPTIDX,NIFTY,27-Dec-18,10500,PE,0,0,0,1070,628.05,0,0,75,0,17-Apr-17
OPTIDX,NIFTY,27-Dec-18,10600,PE,0,0,0,448.45,684.05,0,0,0,0,17-Apr-17
OPTIDX,NIFTY,27-Dec-18,10700,PE,0,0,0,718.55,742.5,0,0,0,0,17-Apr-17
OPTIDX,NIFTY,27-Dec-18,10800,PE,0,0,0,597.4,803.25,0,0,0,0,17-Apr-17
OPTIDX,NIFTY,27-Dec-18,10900,PE,0,0,0,495.85,866.2,0,0,0,0,17-Apr-17
OPTIDX,NIFTY,27-Dec-18,11000,PE,0,0,0,1575,931.35,0,0,0,0,17-Apr-17
OPTIDX,NIFTY,27-Dec-18,11100,PE,0,0,0,1052.5,998.95,0,0,0,0,17-Apr-17
OPTIDX,NIFTY,27-Dec-18,11200,PE,0,0,0,998,1068.1,0,0,0,0,17-Apr-17
OPTIDX,NIFTY,27-Dec-18,11300,PE,0,0,0,942.4,1138.6,0,0,0,0,17-Apr-17
OPTIDX,NIFTY,27-Dec-18,11400,PE,0,0,0,903,1211.15,0,0,0,0,17-Apr-17
OPTIDX,NIFTY,27-Dec-18,11500,PE,0,0,0,1375.3,1285.3,0,0,0,0,17-Apr-17
OPTIDX,NIFTY,27-Dec-18,11600,PE,0,0,0,1387.95,1360.85,0,0,0,0,17-Apr-17
OPTIDX,NIFTY,27-Dec-18,11700,PE,0,0,0,1353.2,1437.8,0,0,0,0,17-Apr-17
OPTIDX,NIFTY,27-Jun-19,4600,CE,0,0,0,3539.15,5150.85,0,0,0,0,17-Apr-17
OPTIDX,NIFTY,27-Jun-19,4700,CE,0,0,0,3471.55,5064.1,0,0,0,0,17-Apr-17
OPTIDX,NIFTY,27-Jun-19,4800,CE,0,0,0,3584.35,4977.4,0,0,0,0,17-Apr-17
OPTIDX,NIFTY,27-Jun-19,4900,CE,0,0,0,3561.3,4890.7,0,0,0,0,17-Apr-17
OPTIDX,NIFTY,27-Jun-19,5000,CE,0,0,0,3598.9,4804,0,0,0,0,17-Apr-17
OPTIDX,NIFTY,27-Jun-19,5100,CE,0,0,0,4218.1,4717.3,0,0,0,0,17-Apr-17
OPTIDX,NIFTY,27-Jun-19,5200,CE,0,0,0,4155.1,4630.6,0,0,0,0,17-Apr-17
OPTIDX,NIFTY,27-Jun-19,5300,CE,0,0,0,4092.3,4543.9,0,0,0,0,17-Apr-17
OPTIDX,NIFTY,27-Jun-19,5400,CE,0,0,0,4029.7,4457.2,0,0,0,0,17-Apr-17
OPTIDX,NIFTY,27-Jun-19,5500,CE,0,0,0,3967.3,4370.5,0,0,0,0,17-Apr-17
OPTIDX,NIFTY,27-Jun-19,5600,CE,0,0,0,3905.1,4283.75,0,0,0,0,17-Apr-17
OPTIDX,NIFTY,27-Jun-19,5700,CE,0,0,0,3843.2,4197.05,0,0,0,0,17-Apr-17
OPTIDX,NIFTY,27-Jun-19,5800,CE,0,0,0,3781.5,4110.35,0,0,0,0,17-Apr-17
OPTIDX,NIFTY,27-Jun-19,5900,CE,0,0,0,3720.15,4023.65,0,0,0,0,17-Apr-17
OPTIDX,NIFTY,27-Jun-19,6000,CE,0,0,0,3659.05,3936.95,0,0,0,0,17-Apr-17
OPTIDX,NIFTY,27-Jun-19,6100,CE,0,0,0,3598.25,3850.25,0,0,0,0,17-Apr-17
OPTIDX,NIFTY,27-Jun-19,6200,CE,0,0,0,3537.85,3763.6,0,0,0,0,17-Apr-17
OPTIDX,NIFTY,27-Jun-19,6300,CE,0,0,0,3477.75,3676.9,0,0,0,0,17-Apr-17
OPTIDX,NIFTY,27-Jun-19,6400,CE,0,0,0,3418.05,3590.25,0,0,0,0,17-Apr-17
OPTIDX,NIFTY,27-Jun-19,6500,CE,0,0,0,3358.7,3503.6,0,0,0,0,17-Apr-17
OPTIDX,NIFTY,27-Jun-19,6600,CE,0,0,0,3299.8,3416.95,0,0,0,0,17-Apr-17
OPTIDX,NIFTY,27-Jun-19,6700,CE,0,0,0,3241.3,3330.35,0,0,0,0,17-Apr-17
OPTIDX,NIFTY,27-Jun-19,6800,CE,0,0,0,3183.25,3243.8,0,0,0,0,17-Apr-17
OPTIDX,NIFTY,27-Jun-19,6900,CE,0,0,0,3125.65,3157.3,0,0,0,0,17-Apr-17
OPTIDX,NIFTY,27-Jun-19,7000,CE,0,0,0,3068.5,3070.9,0,0,0,0,17-Apr-17
OPTIDX,NIFTY,27-Jun-19,7100,CE,0,0,0,3011.85,2984.55,0,0,0,0,17-Apr-17
OPTIDX,NIFTY,27-Jun-19,7200,CE,0,0,0,1754.2,2898.35,0,0,101250,0,17-Apr-17
OPTIDX,NIFTY,27-Jun-19,7300,CE,0,0,0,2900.05,2812.3,0,0,0,0,17-Apr-17
OPTIDX,NIFTY,27-Jun-19,7400,CE,0,0,0,2844.95,2726.4,0,0,0,0,17-Apr-17
OPTIDX,NIFTY,27-Jun-19,7500,CE,0,0,0,2790.4,2640.75,0,0,0,0,17-Apr-17
OPTIDX,NIFTY,27-Jun-19,7600,CE,0,0,0,1794.25,2555.4,0,0,75000,0,17-Apr-17
OPTIDX,NIFTY,27-Jun-19,7700,CE,0,0,0,2683,2470.35,0,0,0,0,17-Apr-17
OPTIDX,NIFTY,27-Jun-19,7800,CE,0,0,0,1755,2385.65,0,0,48975,0,17-Apr-17
OPTIDX,NIFTY,27-Jun-19,7900,CE,0,0,0,1840.9,2301.45,0,0,172575,0,17-Apr-17
OPTIDX,NIFTY,27-Jun-19,8000,CE,0,0,0,1715,2217.75,0,0,23250,0,17-Apr-17
OPTIDX,NIFTY,27-Jun-19,8100,CE,0,0,0,2475.2,2134.65,0,0,0,0,17-Apr-17
OPTIDX,NIFTY,27-Jun-19,8200,CE,0,0,0,1816.85,2052.25,0,0,106125,0,17-Apr-17
OPTIDX,NIFTY,27-Jun-19,8300,CE,0,0,0,2375,1970.65,0,0,0,0,17-Apr-17
OPTIDX,NIFTY,27-Jun-19,8400,CE,0,0,0,2325.85,1889.85,0,0,0,0,17-Apr-17
OPTIDX,NIFTY,27-Jun-19,8500,CE,0,0,0,2277.4,1810.05,0,0,0,0,17-Apr-17
OPTIDX,NIFTY,27-Jun-19,8600,CE,0,0,0,1844.5,1731.35,0,0,63525,0,17-Apr-17
OPTIDX,NIFTY,27-Jun-19,8700,CE,0,0,0,1055,1653.8,0,0,1875,0,17-Apr-17
OPTIDX,NIFTY,27-Jun-19,8800,CE,0,0,0,2136,1577.55,0,0,0,0,17-Apr-17
OPTIDX,NIFTY,27-Jun-19,8900,CE,0,0,0,2090.1,1502.65,0,0,0,0,17-Apr-17
OPTIDX,NIFTY,27-Jun-19,9000,CE,0,0,0,2044.95,1429.2,0,0,0,0,17-Apr-17
OPTIDX,NIFTY,27-Jun-19,9100,CE,0,0,0,2000.4,1357.4,0,0,0,0,17-Apr-17
OPTIDX,NIFTY,27-Jun-19,9200,CE,0,0,0,1956.55,1287.25,0,0,0,0,17-Apr-17
OPTIDX,NIFTY,27-Jun-19,9300,CE,0,0,0,1913.4,1218.85,0,0,0,0,17-Apr-17
OPTIDX,NIFTY,27-Jun-19,9400,CE,0,0,0,1870.95,1152.35,0,0,0,0,17-Apr-17
OPTIDX,NIFTY,27-Jun-19,9500,CE,0,0,0,1829.15,1088,0,0,0,0,17-Apr-17
OPTIDX,NIFTY,27-Jun-19,9600,CE,0,0,0,1788.05,1025.35,0,0,0,0,17-Apr-17
OPTIDX,NIFTY,27-Jun-19,9700,CE,0,0,0,1747.65,964.45,0,0,0,0,17-Apr-17
OPTIDX,NIFTY,27-Jun-19,9800,CE,0,0,0,1707.65,906.05,0,0,0,0,17-Apr-17
OPTIDX,NIFTY,27-Jun-19,9900,CE,0,0,0,1668.6,849.9,0,0,0,0,17-Apr-17
OPTIDX,NIFTY,27-Jun-19,10000,CE,0,0,0,1620.95,795.9,0,0,0,0,17-Apr-17
OPTIDX,NIFTY,27-Jun-19,10100,CE,0,0,0,1749.95,744.15,0,0,0,0,17-Apr-17
OPTIDX,NIFTY,27-Jun-19,10200,CE,0,0,0,1660.55,694.65,0,0,0,0,17-Apr-17
OPTIDX,NIFTY,27-Jun-19,10300,CE,0,0,0,1768.3,647.4,0,0,0,0,17-Apr-17
OPTIDX,NIFTY,27-Jun-19,10400,CE,0,0,0,1579.7,602.35,0,0,0,0,17-Apr-17
OPTIDX,NIFTY,27-Jun-19,10500,CE,0,0,0,1652.2,559.55,0,0,0,0,17-Apr-17
OPTIDX,NIFTY,27-Jun-19,10600,CE,0,0,0,1635.8,519,0,0,0,0,17-Apr-17
OPTIDX,NIFTY,27-Jun-19,10700,CE,0,0,0,1842.15,480.6,0,0,0,0,17-Apr-17
OPTIDX,NIFTY,27-Jun-19,10800,CE,0,0,0,1671,444.35,0,0,0,0,17-Apr-17
OPTIDX,NIFTY,27-Jun-19,10900,CE,0,0,0,1557.65,410.15,0,0,0,0,17-Apr-17
OPTIDX,NIFTY,27-Jun-19,11000,CE,0,0,0,1600.9,378,0,0,0,0,17-Apr-17
OPTIDX,NIFTY,27-Jun-19,11100,CE,0,0,0,2068.8,347.85,0,0,0,0,17-Apr-17
OPTIDX,NIFTY,27-Jun-19,11200,CE,0,0,0,1999.1,319.6,0,0,0,0,17-Apr-17
OPTIDX,NIFTY,27-Jun-19,11300,CE,0,0,0,2050.2,293.2,0,0,0,0,17-Apr-17
OPTIDX,NIFTY,27-Jun-19,11400,CE,0,0,0,1957.25,268.6,0,0,0,0,17-Apr-17
OPTIDX,NIFTY,27-Jun-19,11500,CE,0,0,0,376.2,245.65,0,0,0,0,17-Apr-17
OPTIDX,NIFTY,27-Jun-19,11600,CE,0,0,0,362.1,224.85,0,0,0,0,17-Apr-17
OPTIDX,NIFTY,27-Jun-19,11700,CE,0,0,0,302.3,205.2,0,0,0,0,17-Apr-17
OPTIDX,NIFTY,27-Jun-19,4600,PE,0,0,0,71.9,0,0,0,0,0,17-Apr-17
OPTIDX,NIFTY,27-Jun-19,4700,PE,0,0,0,80.55,0,0,0,0,0,17-Apr-17
OPTIDX,NIFTY,27-Jun-19,4800,PE,0,0,0,28.25,0,0,0,0,0,17-Apr-17
OPTIDX,NIFTY,27-Jun-19,4900,PE,0,0,0,24.65,0,0,0,0,0,17-Apr-17
OPTIDX,NIFTY,27-Jun-19,5000,PE,0,0,0,15,0,0,0,0,0,17-Apr-17
OPTIDX,NIFTY,27-Jun-19,5100,PE,0,0,0,7.9,0,0,0,0,0,17-Apr-17
OPTIDX,NIFTY,27-Jun-19,5200,PE,0,0,0,9.3,0,0,0,0,0,17-Apr-17
OPTIDX,NIFTY,27-Jun-19,5300,PE,0,0,0,10.85,0,0,0,0,0,17-Apr-17
OPTIDX,NIFTY,27-Jun-19,5400,PE,0,0,0,12.6,0,0,0,0,0,17-Apr-17
OPTIDX,NIFTY,27-Jun-19,5500,PE,0,0,0,14.55,0,0,0,0,0,17-Apr-17
OPTIDX,NIFTY,27-Jun-19,5600,PE,0,0,0,16.75,0,0,0,0,0,17-Apr-17
OPTIDX,NIFTY,27-Jun-19,5700,PE,0,0,0,19.2,0,0,0,0,0,17-Apr-17
OPTIDX,NIFTY,27-Jun-19,5800,PE,0,0,0,21.9,0.05,0,0,0,0,17-Apr-17
OPTIDX,NIFTY,27-Jun-19,5900,PE,0,0,0,24.9,0.05,0,0,0,0,17-Apr-17
OPTIDX,NIFTY,27-Jun-19,6000,PE,0,0,0,40,0.05,0,0,150,0,17-Apr-17
OPTIDX,NIFTY,27-Jun-19,6100,PE,0,0,0,31.8,0.05,0,0,0,0,17-Apr-17
OPTIDX,NIFTY,27-Jun-19,6200,PE,0,0,0,35.75,0.05,0,0,0,0,17-Apr-17
OPTIDX,NIFTY,27-Jun-19,6300,PE,0,0,0,40.05,0.1,0,0,0,0,17-Apr-17
OPTIDX,NIFTY,27-Jun-19,6400,PE,0,0,0,44.7,0.15,0,0,0,0,17-Apr-17
OPTIDX,NIFTY,27-Jun-19,6500,PE,0,0,0,49.75,0.2,0,0,0,0,17-Apr-17
OPTIDX,NIFTY,27-Jun-19,6600,PE,0,0,0,55.2,0.25,0,0,0,0,17-Apr-17
OPTIDX,NIFTY,27-Jun-19,6700,PE,0,0,0,61.05,0.4,0,0,0,0,17-Apr-17
OPTIDX,NIFTY,27-Jun-19,6800,PE,0,0,0,67.35,0.55,0,0,0,0,17-Apr-17
OPTIDX,NIFTY,27-Jun-19,6900,PE,0,0,0,74.15,0.75,0,0,0,0,17-Apr-17
OPTIDX,NIFTY,27-Jun-19,7000,PE,0,0,0,300,1.05,0,0,28500,0,17-Apr-17
OPTIDX,NIFTY,27-Jun-19,7100,PE,0,0,0,89.1,1.4,0,0,0,0,17-Apr-17
OPTIDX,NIFTY,27-Jun-19,7200,PE,0,0,0,97.35,1.9,0,0,0,0,17-Apr-17
OPTIDX,NIFTY,27-Jun-19,7300,PE,0,0,0,106.05,2.55,0,0,0,0,17-Apr-17
OPTIDX,NIFTY,27-Jun-19,7400,PE,0,0,0,115.35,3.4,0,0,0,0,17-Apr-17
OPTIDX,NIFTY,27-Jun-19,7500,PE,0,0,0,125.15,4.45,0,0,0,0,17-Apr-17
OPTIDX,NIFTY,27-Jun-19,7600,PE,0,0,0,135.55,5.75,0,0,0,0,17-Apr-17
OPTIDX,NIFTY,27-Jun-19,7700,PE,0,0,0,175,7.4,0,0,11475,0,17-Apr-17
OPTIDX,NIFTY,27-Jun-19,7800,PE,0,0,0,313.6,9.45,0,0,35100,0,17-Apr-17
OPTIDX,NIFTY,27-Jun-19,7900,PE,0,0,0,247.55,11.95,0,0,11325,0,17-Apr-17
OPTIDX,NIFTY,27-Jun-19,8000,PE,0,0,0,65.45,14.95,0,0,7500,0,17-Apr-17
OPTIDX,NIFTY,27-Jun-19,8100,PE,0,0,0,484.5,18.55,0,0,2625,0,17-Apr-17
OPTIDX,NIFTY,27-Jun-19,8200,PE,0,0,0,420,22.85,0,0,25650,0,17-Apr-17
OPTIDX,NIFTY,27-Jun-19,8300,PE,0,0,0,263.9,27.95,0,0,10275,0,17-Apr-17
OPTIDX,NIFTY,27-Jun-19,8400,PE,0,0,0,680,33.9,0,0,14625,0,17-Apr-17
OPTIDX,NIFTY,27-Jun-19,8500,PE,0,0,0,490.2,40.8,0,0,89850,0,17-Apr-17
OPTIDX,NIFTY,27-Jun-19,8600,PE,0,0,0,600,48.8,0,0,4050,0,17-Apr-17
OPTIDX,NIFTY,27-Jun-19,8700,PE,0,0,0,601,57.95,0,0,46500,0,17-Apr-17
OPTIDX,NIFTY,27-Jun-19,8800,PE,0,0,0,610,68.4,0,0,5250,0,17-Apr-17
OPTIDX,NIFTY,27-Jun-19,8900,PE,0,0,0,455,80.2,0,0,63750,0,17-Apr-17
OPTIDX,NIFTY,27-Jun-19,9000,PE,0,0,0,885,93.5,0,0,456975,0,17-Apr-17
OPTIDX,NIFTY,27-Jun-19,9100,PE,0,0,0,460.8,108.35,0,0,8775,0,17-Apr-17
OPTIDX,NIFTY,27-Jun-19,9200,PE,0,0,0,844,124.9,0,0,36525,0,17-Apr-17
OPTIDX,NIFTY,27-Jun-19,9300,PE,0,0,0,817.2,143.25,0,0,87150,0,17-Apr-17
OPTIDX,NIFTY,27-Jun-19,9400,PE,0,0,0,428.75,163.4,0,0,0,0,17-Apr-17
OPTIDX,NIFTY,27-Jun-19,9500,PE,0,0,0,779.4,185.8,0,0,6525,0,17-Apr-17
OPTIDX,NIFTY,27-Jun-19,9600,PE,0,0,0,790,209.85,0,0,12225,0,17-Apr-17
OPTIDX,NIFTY,27-Jun-19,9700,PE,0,0,0,1045,235.65,0,0,47925,0,17-Apr-17
OPTIDX,NIFTY,27-Jun-19,9800,PE,0,0,0,1055,264,0,0,3450,0,17-Apr-17
OPTIDX,NIFTY,27-Jun-19,9900,PE,0,0,0,1050,294.5,0,0,3750,0,17-Apr-17
OPTIDX,NIFTY,27-Jun-19,10000,PE,0,0,0,789.25,327.2,0,0,16500,0,17-Apr-17
OPTIDX,NIFTY,27-Jun-19,10100,PE,0,0,0,568.4,362.2,0,0,0,0,17-Apr-17
OPTIDX,NIFTY,27-Jun-19,10200,PE,0,0,0,837.5,399.4,0,0,8250,0,17-Apr-17
OPTIDX,NIFTY,27-Jun-19,10300,PE,0,0,0,564.15,438.85,0,0,0,0,17-Apr-17
OPTIDX,NIFTY,27-Jun-19,10400,PE,0,0,0,391.45,480.55,0,0,0,0,17-Apr-17
OPTIDX,NIFTY,27-Jun-19,10500,PE,0,0,0,393.8,524.4,0,0,0,0,17-Apr-17
OPTIDX,NIFTY,27-Jun-19,10600,PE,0,0,0,378.3,570.55,0,0,0,0,17-Apr-17
OPTIDX,NIFTY,27-Jun-19,10700,PE,0,0,0,641.95,618.85,0,0,0,0,17-Apr-17
OPTIDX,NIFTY,27-Jun-19,10800,PE,0,0,0,519.1,669.3,0,0,0,0,17-Apr-17
OPTIDX,NIFTY,27-Jun-19,10900,PE,0,0,0,419.1,721.85,0,0,0,0,17-Apr-17
OPTIDX,NIFTY,27-Jun-19,11000,PE,0,0,0,414.05,776.4,0,0,0,0,17-Apr-17
OPTIDX,NIFTY,27-Jun-19,11100,PE,0,0,0,973.2,832.95,0,0,0,0,17-Apr-17
OPTIDX,NIFTY,27-Jun-19,11200,PE,0,0,0,916.5,891.4,0,0,0,0,17-Apr-17
OPTIDX,NIFTY,27-Jun-19,11300,PE,0,0,0,861.95,951.75,0,0,0,0,17-Apr-17
OPTIDX,NIFTY,27-Jun-19,11400,PE,0,0,0,819.85,1013.8,0,0,0,0,17-Apr-17
OPTIDX,NIFTY,27-Jun-19,11500,PE,0,0,0,1200.25,1077.6,0,0,0,0,17-Apr-17
OPTIDX,NIFTY,27-Jun-19,11600,PE,0,0,0,1206.9,1143.5,0,0,0,0,17-Apr-17
OPTIDX,NIFTY,27-Jun-19,11700,PE,0,0,0,1155.6,1210.55,0,0,0,0,17-Apr-17
OPTIDX,NIFTY,26-Dec-19,4600,CE,0,0,0,3683.2,5278.05,0,0,0,0,17-Apr-17
OPTIDX,NIFTY,26-Dec-19,4700,CE,0,0,0,3618.7,5194.1,0,0,0,0,17-Apr-17
OPTIDX,NIFTY,26-Dec-19,4800,CE,0,0,0,3730.9,5110.15,0,0,0,0,17-Apr-17
OPTIDX,NIFTY,26-Dec-19,4900,CE,0,0,0,3704.4,5026.2,0,0,0,0,17-Apr-17
OPTIDX,NIFTY,26-Dec-19,5000,CE,0,0,0,3743.25,4942.25,0,0,0,0,17-Apr-17
OPTIDX,NIFTY,26-Dec-19,5100,CE,0,0,0,3736.3,4858.3,0,0,0,0,17-Apr-17
OPTIDX,NIFTY,26-Dec-19,5200,CE,0,0,0,4051.4,4774.4,0,0,0,0,17-Apr-17
OPTIDX,NIFTY,26-Dec-19,5300,CE,0,0,0,4154,4690.45,0,0,0,0,17-Apr-17
OPTIDX,NIFTY,26-Dec-19,5400,CE,0,0,0,4247.1,4606.5,0,0,0,0,17-Apr-17
OPTIDX,NIFTY,26-Dec-19,5500,CE,0,0,0,4193.65,4522.55,0,0,0,0,17-Apr-17
OPTIDX,NIFTY,26-Dec-19,5600,CE,0,0,0,4191.75,4438.65,0,0,0,0,17-Apr-17
OPTIDX,NIFTY,26-Dec-19,5700,CE,0,0,0,4451.2,4354.7,0,0,0,0,17-Apr-17
OPTIDX,NIFTY,26-Dec-19,5800,CE,0,0,0,4419.9,4270.75,0,0,0,0,17-Apr-17
OPTIDX,NIFTY,26-Dec-19,5900,CE,0,0,0,4357.05,4186.8,0,0,0,0,17-Apr-17
OPTIDX,NIFTY,26-Dec-19,6000,CE,0,0,0,4294.4,4102.9,0,0,0,0,17-Apr-17
OPTIDX,NIFTY,26-Dec-19,6100,CE,0,0,0,4231.95,4019,0,0,0,0,17-Apr-17
OPTIDX,NIFTY,26-Dec-19,6200,CE,0,0,0,4169.8,3935.05,0,0,0,0,17-Apr-17
OPTIDX,NIFTY,26-Dec-19,6300,CE,0,0,0,4107.95,3851.15,0,0,0,0,17-Apr-17
OPTIDX,NIFTY,26-Dec-19,6400,CE,0,0,0,4046.3,3767.3,0,0,0,0,17-Apr-17
OPTIDX,NIFTY,26-Dec-19,6500,CE,0,0,0,3985,3683.45,0,0,0,0,17-Apr-17
OPTIDX,NIFTY,26-Dec-19,6600,CE,0,0,0,3924,3599.6,0,0,0,0,17-Apr-17
OPTIDX,NIFTY,26-Dec-19,6700,CE,0,0,0,3863.35,3515.8,0,0,0,0,17-Apr-17
OPTIDX,NIFTY,26-Dec-19,6800,CE,0,0,0,3803,3432.1,0,0,0,0,17-Apr-17
OPTIDX,NIFTY,26-Dec-19,6900,CE,0,0,0,3743.05,3348.4,0,0,0,0,17-Apr-17
OPTIDX,NIFTY,26-Dec-19,7000,CE,0,0,0,3683.4,3264.85,0,0,0,0,17-Apr-17
OPTIDX,NIFTY,26-Dec-19,7100,CE,0,0,0,3624.2,3181.35,0,0,0,0,17-Apr-17
OPTIDX,NIFTY,26-Dec-19,7200,CE,0,0,0,3565.4,3098,0,0,0,0,17-Apr-17
OPTIDX,NIFTY,26-Dec-19,7300,CE,0,0,0,3507,3014.8,0,0,0,0,17-Apr-17
OPTIDX,NIFTY,26-Dec-19,7400,CE,0,0,0,3449,2931.75,0,0,0,0,17-Apr-17
OPTIDX,NIFTY,26-Dec-19,7500,CE,0,0,0,3391.5,2848.95,0,0,0,0,17-Apr-17
OPTIDX,NIFTY,26-Dec-19,7600,CE,0,0,0,3334.4,2766.4,0,0,0,0,17-Apr-17
OPTIDX,NIFTY,26-Dec-19,7700,CE,0,0,0,3277.8,2684.1,0,0,0,0,17-Apr-17
OPTIDX,NIFTY,26-Dec-19,7800,CE,0,0,0,1745,2602.2,0,0,975,0,17-Apr-17
OPTIDX,NIFTY,26-Dec-19,7900,CE,0,0,0,3166,2520.7,0,0,0,0,17-Apr-17
OPTIDX,NIFTY,26-Dec-19,8000,CE,0,0,0,2250.1,2439.65,0,0,1950,0,17-Apr-17
OPTIDX,NIFTY,26-Dec-19,8100,CE,0,0,0,3056.25,2359.1,0,0,0,0,17-Apr-17
OPTIDX,NIFTY,26-Dec-19,8200,CE,0,0,0,2250,2279.15,0,0,24225,0,17-Apr-17
OPTIDX,NIFTY,26-Dec-19,8300,CE,0,0,0,2948.6,2199.85,0,0,0,0,17-Apr-17
OPTIDX,NIFTY,26-Dec-19,8400,CE,0,0,0,2895.55,2121.3,0,0,0,0,17-Apr-17
OPTIDX,NIFTY,26-Dec-19,8500,CE,0,0,0,1535,2043.5,0,0,1050,0,17-Apr-17
OPTIDX,NIFTY,26-Dec-19,8600,CE,0,0,0,1600,1966.6,0,0,153300,0,17-Apr-17
OPTIDX,NIFTY,26-Dec-19,8700,CE,0,0,0,1200,1890.65,0,0,292500,0,17-Apr-17
OPTIDX,NIFTY,26-Dec-19,8800,CE,0,0,0,1982.9,1815.75,0,0,108750,0,17-Apr-17
OPTIDX,NIFTY,26-Dec-19,8900,CE,0,0,0,1862.5,1741.95,0,0,165000,0,17-Apr-17
OPTIDX,NIFTY,26-Dec-19,9000,CE,0,0,0,1710,1669.35,0,0,75525,0,17-Apr-17
OPTIDX,NIFTY,26-Dec-19,9100,CE,0,0,0,1530,1598,0,0,9750,0,17-Apr-17
OPTIDX,NIFTY,26-Dec-19,9200,CE,0,0,0,2492.15,1527.95,0,0,0,0,17-Apr-17
OPTIDX,NIFTY,26-Dec-19,9300,CE,0,0,0,2444.35,1459.4,0,0,0,0,17-Apr-17
OPTIDX,NIFTY,26-Dec-19,9400,CE,0,0,0,2397.15,1392.3,0,0,0,0,17-Apr-17
OPTIDX,NIFTY,26-Dec-19,9500,CE,0,0,0,2350.6,1326.7,0,0,0,0,17-Apr-17
OPTIDX,NIFTY,26-Dec-19,9600,CE,0,0,0,2304.65,1262.8,0,0,0,0,17-Apr-17
OPTIDX,NIFTY,26-Dec-19,9700,CE,0,0,0,2259.3,1200.8,0,0,0,0,17-Apr-17
OPTIDX,NIFTY,26-Dec-19,9800,CE,0,0,0,2214.6,1140.2,0,0,0,0,17-Apr-17
OPTIDX,NIFTY,26-Dec-19,9900,CE,0,0,0,2170.5,1081,0,0,0,0,17-Apr-17
OPTIDX,NIFTY,26-Dec-19,10000,CE,0,0,0,2127.05,1024.05,0,0,0,0,17-Apr-17
OPTIDX,NIFTY,26-Dec-19,10100,CE,0,0,0,2084.25,968.95,0,0,0,0,17-Apr-17
OPTIDX,NIFTY,26-Dec-19,10200,CE,0,0,0,1027.25,915.75,0,0,79275,0,17-Apr-17
OPTIDX,NIFTY,26-Dec-19,10300,CE,0,0,0,2000.5,864.4,0,0,0,0,17-Apr-17
OPTIDX,NIFTY,26-Dec-19,10400,CE,0,0,0,1959.55,815,0,0,0,0,17-Apr-17
OPTIDX,NIFTY,26-Dec-19,10500,CE,0,0,0,899,767.5,0,0,1275,0,17-Apr-17
OPTIDX,NIFTY,26-Dec-19,10600,CE,0,0,0,1879.3,721.9,0,0,0,0,17-Apr-17
OPTIDX,NIFTY,26-Dec-19,10700,CE,0,0,0,1828.9,678.2,0,0,0,0,17-Apr-17
OPTIDX,NIFTY,26-Dec-19,10800,CE,0,0,0,1881.6,636.4,0,0,0,0,17-Apr-17
OPTIDX,NIFTY,26-Dec-19,10900,CE,0,0,0,2271.4,596.5,0,0,0,0,17-Apr-17
OPTIDX,NIFTY,26-Dec-19,11000,CE,0,0,0,770.15,558.4,0,0,600,0,17-Apr-17
OPTIDX,NIFTY,26-Dec-19,11100,CE,0,0,0,2313.25,522.2,0,0,0,0,17-Apr-17
OPTIDX,NIFTY,26-Dec-19,11200,CE,0,0,0,2244.75,487.75,0,0,0,0,17-Apr-17
OPTIDX,NIFTY,26-Dec-19,11300,CE,0,0,0,2302.55,455.05,0,0,0,0,17-Apr-17
OPTIDX,NIFTY,26-Dec-19,11400,CE,0,0,0,2209.5,424.05,0,0,0,0,17-Apr-17
OPTIDX,NIFTY,26-Dec-19,11500,CE,0,0,0,547.05,394.75,0,0,0,0,17-Apr-17
OPTIDX,NIFTY,26-Dec-19,11600,CE,0,0,0,531.65,367.05,0,0,0,0,17-Apr-17
OPTIDX,NIFTY,26-Dec-19,11700,CE,0,0,0,463.8,340.95,0,0,0,0,17-Apr-17
OPTIDX,NIFTY,26-Dec-19,4600,PE,0,0,0,40,0,0,0,98775,0,17-Apr-17
OPTIDX,NIFTY,26-Dec-19,4700,PE,0,0,0,87.15,0,0,0,0,0,17-Apr-17
OPTIDX,NIFTY,26-Dec-19,4800,PE,0,0,0,31.15,0,0,0,0,0,17-Apr-17
OPTIDX,NIFTY,26-Dec-19,4900,PE,0,0,0,27.3,0,0,0,0,0,17-Apr-17
OPTIDX,NIFTY,26-Dec-19,5000,PE,0,0,0,16.75,0,0,0,0,0,17-Apr-17
OPTIDX,NIFTY,26-Dec-19,5100,PE,0,0,0,19.65,0,0,0,0,0,17-Apr-17
OPTIDX,NIFTY,26-Dec-19,5200,PE,0,0,0,87,0,0,0,270000,0,17-Apr-17
OPTIDX,NIFTY,26-Dec-19,5300,PE,0,0,0,223.15,0,0,0,0,0,17-Apr-17
OPTIDX,NIFTY,26-Dec-19,5400,PE,0,0,0,283.25,0,0,0,0,0,17-Apr-17
OPTIDX,NIFTY,26-Dec-19,5500,PE,0,0,0,82,0,0,0,337425,0,17-Apr-17
OPTIDX,NIFTY,26-Dec-19,5600,PE,0,0,0,46.8,0.05,0,0,0,0,17-Apr-17
OPTIDX,NIFTY,26-Dec-19,5700,PE,0,0,0,44.15,0.05,0,0,0,0,17-Apr-17
OPTIDX,NIFTY,26-Dec-19,5800,PE,0,0,0,69,0.05,0,0,58875,0,17-Apr-17
OPTIDX,NIFTY,26-Dec-19,5900,PE,0,0,0,17.2,0.05,0,0,0,0,17-Apr-17
OPTIDX,NIFTY,26-Dec-19,6000,PE,0,0,0,67.5,0.05,0,0,128025,0,17-Apr-17
OPTIDX,NIFTY,26-Dec-19,6100,PE,0,0,0,22.1,0.1,0,0,0,0,17-Apr-17
OPTIDX,NIFTY,26-Dec-19,6200,PE,0,0,0,24.95,0.1,0,0,0,0,17-Apr-17
OPTIDX,NIFTY,26-Dec-19,6300,PE,0,0,0,128.5,0.15,0,0,3900,0,17-Apr-17
OPTIDX,NIFTY,26-Dec-19,6400,PE,0,0,0,114.5,0.2,0,0,95700,0,17-Apr-17
OPTIDX,NIFTY,26-Dec-19,6500,PE,0,0,0,130,0.3,0,0,196200,0,17-Apr-17
OPTIDX,NIFTY,26-Dec-19,6600,PE,0,0,0,152,0.4,0,0,11925,0,17-Apr-17
OPTIDX,NIFTY,26-Dec-19,6700,PE,0,0,0,100,0.6,0,0,1125,0,17-Apr-17
OPTIDX,NIFTY,26-Dec-19,6800,PE,0,0,0,219.4,0.8,0,0,4125,0,17-Apr-17
OPTIDX,NIFTY,26-Dec-19,6900,PE,0,0,0,140,1.05,0,0,13050,0,17-Apr-17
OPTIDX,NIFTY,26-Dec-19,7000,PE,0,0,0,135.15,1.4,0,0,42450,0,17-Apr-17
OPTIDX,NIFTY,26-Dec-19,7100,PE,0,0,0,64.25,1.85,0,0,0,0,17-Apr-17
OPTIDX,NIFTY,26-Dec-19,7200,PE,0,0,0,70.4,2.45,0,0,0,0,17-Apr-17
OPTIDX,NIFTY,26-Dec-19,7300,PE,0,0,0,191,3.2,0,0,9750,0,17-Apr-17
OPTIDX,NIFTY,26-Dec-19,7400,PE,0,0,0,84,4.1,0,0,0,0,17-Apr-17
OPTIDX,NIFTY,26-Dec-19,7500,PE,0,0,0,278,5.2,0,0,34575,0,17-Apr-17
OPTIDX,NIFTY,26-Dec-19,7600,PE,0,0,0,294.6,6.6,0,0,5475,0,17-Apr-17
OPTIDX,NIFTY,26-Dec-19,7700,PE,0,0,0,284,8.3,0,0,8325,0,17-Apr-17
OPTIDX,NIFTY,26-Dec-19,7800,PE,0,0,0,280.9,10.3,0,0,7200,0,17-Apr-17
OPTIDX,NIFTY,26-Dec-19,7900,PE,0,0,0,125.95,12.75,0,0,0,0,17-Apr-17
OPTIDX,NIFTY,26-Dec-19,8000,PE,0,0,0,510,15.65,0,0,7275,0,17-Apr-17
OPTIDX,NIFTY,26-Dec-19,8100,PE,0,0,0,225,19.05,0,0,1425,0,17-Apr-17
OPTIDX,NIFTY,26-Dec-19,8200,PE,0,0,0,300,23.05,0,0,163500,0,17-Apr-17
OPTIDX,NIFTY,26-Dec-19,8300,PE,0,0,0,570,27.65,0,0,297975,0,17-Apr-17
OPTIDX,NIFTY,26-Dec-19,8400,PE,0,0,0,396.5,33.05,0,0,9750,0,17-Apr-17
OPTIDX,NIFTY,26-Dec-19,8500,PE,0,0,0,395,39.2,0,0,279375,0,17-Apr-17
OPTIDX,NIFTY,26-Dec-19,8600,PE,0,0,0,543.3,46.25,0,0,97575,0,17-Apr-17
OPTIDX,NIFTY,26-Dec-19,8700,PE,0,0,0,384,54.25,0,0,64800,0,17-Apr-17
OPTIDX,NIFTY,26-Dec-19,8800,PE,0,0,0,605,63.25,0,0,74175,0,17-Apr-17
OPTIDX,NIFTY,26-Dec-19,8900,PE,0,0,0,615,73.4,0,0,87300,0,17-Apr-17
OPTIDX,NIFTY,26-Dec-19,9000,PE,0,0,0,620,84.7,0,0,211500,0,17-Apr-17
OPTIDX,NIFTY,26-Dec-19,9100,PE,0,0,0,474.55,97.3,0,0,101550,0,17-Apr-17
OPTIDX,NIFTY,26-Dec-19,9200,PE,500,595,500,595,595,4,29.31,284925,300,17-Apr-17
OPTIDX,NIFTY,26-Dec-19,9300,PE,0,0,0,493,126.6,0,0,28275,0,17-Apr-17
OPTIDX,NIFTY,26-Dec-19,9400,PE,0,0,0,494,143.45,0,0,64950,0,17-Apr-17
OPTIDX,NIFTY,26-Dec-19,9500,PE,0,0,0,411,161.85,0,0,80175,0,17-Apr-17
OPTIDX,NIFTY,26-Dec-19,9600,PE,0,0,0,575,181.85,0,0,25800,0,17-Apr-17
OPTIDX,NIFTY,26-Dec-19,9700,PE,680,680,680,680,680,73,568.3,62400,5475,17-Apr-17
OPTIDX,NIFTY,26-Dec-19,9800,PE,0,0,0,678,227.1,0,0,6525,0,17-Apr-17
OPTIDX,NIFTY,26-Dec-19,9900,PE,0,0,0,812,251.85,0,0,15975,0,17-Apr-17
OPTIDX,NIFTY,26-Dec-19,10000,PE,0,0,0,719,278.85,0,0,119025,0,17-Apr-17
OPTIDX,NIFTY,26-Dec-19,10100,PE,0,0,0,692.9,307.7,0,0,6225,0,17-Apr-17
OPTIDX,NIFTY,26-Dec-19,10200,PE,0,0,0,740,338.45,0,0,50250,0,17-Apr-17
OPTIDX,NIFTY,26-Dec-19,10300,PE,0,0,0,800,371.05,0,0,31650,0,17-Apr-17
OPTIDX,NIFTY,26-Dec-19,10400,PE,0,0,0,799.7,405.55,0,0,9000,0,17-Apr-17
OPTIDX,NIFTY,26-Dec-19,10500,PE,0,0,0,850,442,0,0,11775,0,17-Apr-17
OPTIDX,NIFTY,26-Dec-19,10600,PE,0,0,0,593.9,480.35,0,0,0,0,17-Apr-17
OPTIDX,NIFTY,26-Dec-19,10700,PE,954.6,954.6,954.6,954.6,954.6,73,638.08,60450,5475,17-Apr-17
OPTIDX,NIFTY,26-Dec-19,10800,PE,0,0,0,521.4,562.75,0,0,0,0,17-Apr-17
OPTIDX,NIFTY,26-Dec-19,10900,PE,0,0,0,910.2,606.75,0,0,0,0,17-Apr-17
OPTIDX,NIFTY,26-Dec-19,11000,PE,0,0,0,855.95,652.65,0,0,0,0,17-Apr-17
OPTIDX,NIFTY,26-Dec-19,11100,PE,0,0,0,900.8,700.35,0,0,0,0,17-Apr-17
OPTIDX,NIFTY,26-Dec-19,11200,PE,0,0,0,842.8,749.85,0,0,0,0,17-Apr-17
OPTIDX,NIFTY,26-Dec-19,11300,PE,0,0,0,789.45,801.1,0,0,0,0,17-Apr-17
OPTIDX,NIFTY,26-Dec-19,11400,PE,0,0,0,745.55,854.05,0,0,0,0,17-Apr-17
OPTIDX,NIFTY,26-Dec-19,11500,PE,0,0,0,1055.05,908.7,0,0,0,0,17-Apr-17
OPTIDX,NIFTY,26-Dec-19,11600,PE,0,0,0,1057.1,964.95,0,0,0,0,17-Apr-17
OPTIDX,NIFTY,26-Dec-19,11700,PE,0,0,0,993.45,1022.75,0,0,0,0,17-Apr-17
OPTIDX,NIFTY,25-Jun-20,4600,CE,0,0,0,3820.25,5401.15,0,0,0,0,17-Apr-17
OPTIDX,NIFTY,25-Jun-20,4700,CE,0,0,0,3758.6,5319.9,0,0,0,0,17-Apr-17
OPTIDX,NIFTY,25-Jun-20,4800,CE,0,0,0,3871.05,5238.65,0,0,0,0,17-Apr-17
OPTIDX,NIFTY,25-Jun-20,4900,CE,0,0,0,3841.65,5157.4,0,0,0,0,17-Apr-17
OPTIDX,NIFTY,25-Jun-20,5000,CE,0,0,0,3881.85,5076.1,0,0,0,0,17-Apr-17
OPTIDX,NIFTY,25-Jun-20,5100,CE,0,0,0,3876.65,4994.85,0,0,0,0,17-Apr-17
OPTIDX,NIFTY,25-Jun-20,5200,CE,0,0,0,4200.25,4913.6,0,0,0,0,17-Apr-17
OPTIDX,NIFTY,25-Jun-20,5300,CE,0,0,0,4306.15,4832.35,0,0,0,0,17-Apr-17
OPTIDX,NIFTY,25-Jun-20,5400,CE,0,0,0,4403.4,4751.05,0,0,0,0,17-Apr-17
OPTIDX,NIFTY,25-Jun-20,5500,CE,0,0,0,4352.55,4669.8,0,0,0,0,17-Apr-17
OPTIDX,NIFTY,25-Jun-20,5600,CE,0,0,0,4302.1,4588.55,0,0,0,0,17-Apr-17
OPTIDX,NIFTY,25-Jun-20,5700,CE,0,0,0,4252.2,4507.3,0,0,0,0,17-Apr-17
OPTIDX,NIFTY,25-Jun-20,5800,CE,0,0,0,4202.85,4426.05,0,0,0,0,17-Apr-17
OPTIDX,NIFTY,25-Jun-20,5900,CE,0,0,0,4429.85,4344.8,0,0,0,0,17-Apr-17
OPTIDX,NIFTY,25-Jun-20,6000,CE,0,0,0,4430,4263.55,0,0,0,0,17-Apr-17
OPTIDX,NIFTY,25-Jun-20,6100,CE,0,0,0,4367.05,4182.3,0,0,0,0,17-Apr-17
OPTIDX,NIFTY,25-Jun-20,6200,CE,0,0,0,4304.4,4101.1,0,0,0,0,17-Apr-17
OPTIDX,NIFTY,25-Jun-20,6300,CE,0,0,0,4242.1,4019.9,0,0,0,0,17-Apr-17
OPTIDX,NIFTY,25-Jun-20,6400,CE,0,0,0,4180.15,3938.7,0,0,0,0,17-Apr-17
OPTIDX,NIFTY,25-Jun-20,6500,CE,0,0,0,4118.55,3857.55,0,0,0,0,17-Apr-17
OPTIDX,NIFTY,25-Jun-20,6600,CE,0,0,0,4057.3,3776.45,0,0,0,0,17-Apr-17
OPTIDX,NIFTY,25-Jun-20,6700,CE,0,0,0,3996.45,3695.35,0,0,0,0,17-Apr-17
OPTIDX,NIFTY,25-Jun-20,6800,CE,0,0,0,3936,3614.35,0,0,0,0,17-Apr-17
OPTIDX,NIFTY,25-Jun-20,6900,CE,0,0,0,3875.95,3533.4,0,0,0,0,17-Apr-17
OPTIDX,NIFTY,25-Jun-20,7000,CE,0,0,0,3816.3,3452.5,0,0,0,0,17-Apr-17
OPTIDX,NIFTY,25-Jun-20,7100,CE,0,0,0,3757.1,3371.75,0,0,0,0,17-Apr-17
OPTIDX,NIFTY,25-Jun-20,7200,CE,0,0,0,3698.35,3291.1,0,0,0,0,17-Apr-17
OPTIDX,NIFTY,25-Jun-20,7300,CE,0,0,0,3640.05,3210.6,0,0,0,0,17-Apr-17
OPTIDX,NIFTY,25-Jun-20,7400,CE,0,0,0,3582.25,3130.25,0,0,0,0,17-Apr-17
OPTIDX,NIFTY,25-Jun-20,7500,CE,0,0,0,3524.9,3050.15,0,0,0,0,17-Apr-17
OPTIDX,NIFTY,25-Jun-20,7600,CE,0,0,0,3468.05,2970.25,0,0,0,0,17-Apr-17
OPTIDX,NIFTY,25-Jun-20,7700,CE,0,0,0,3411.7,2890.6,0,0,0,0,17-Apr-17
OPTIDX,NIFTY,25-Jun-20,7800,CE,0,0,0,3355.85,2811.3,0,0,0,0,17-Apr-17
OPTIDX,NIFTY,25-Jun-20,7900,CE,0,0,0,3300.55,2732.3,0,0,0,0,17-Apr-17
OPTIDX,NIFTY,25-Jun-20,8000,CE,0,0,0,3245.75,2653.75,0,0,0,0,17-Apr-17
OPTIDX,NIFTY,25-Jun-20,8100,CE,0,0,0,3191.5,2575.6,0,0,0,0,17-Apr-17
OPTIDX,NIFTY,25-Jun-20,8200,CE,0,0,0,1880,2497.95,0,0,50625,0,17-Apr-17
OPTIDX,NIFTY,25-Jun-20,8300,CE,0,0,0,1888.95,2420.85,0,0,82500,0,17-Apr-17
OPTIDX,NIFTY,25-Jun-20,8400,CE,0,0,0,1650,2344.4,0,0,1050,0,17-Apr-17
OPTIDX,NIFTY,25-Jun-20,8500,CE,0,0,0,2980.05,2268.55,0,0,0,0,17-Apr-17
OPTIDX,NIFTY,25-Jun-20,8600,CE,0,0,0,1600,2193.45,0,0,3000,0,17-Apr-17
OPTIDX,NIFTY,25-Jun-20,8700,CE,0,0,0,1720,2119.15,0,0,2850,0,17-Apr-17
OPTIDX,NIFTY,25-Jun-20,8800,CE,0,0,0,1779,2045.7,0,0,4950,0,17-Apr-17
OPTIDX,NIFTY,25-Jun-20,8900,CE,0,0,0,1810,1973.15,0,0,1575,0,17-Apr-17
OPTIDX,NIFTY,25-Jun-20,9000,CE,1840,1840,1822,1822,1822,8,64.98,2475,600,17-Apr-17
OPTIDX,NIFTY,25-Jun-20,9100,CE,0,0,0,1800,1831,0,0,3600,0,17-Apr-17
OPTIDX,NIFTY,25-Jun-20,9200,CE,1730,1800,1730,1800,1800,6,49.29,3375,450,17-Apr-17
OPTIDX,NIFTY,25-Jun-20,9300,CE,0,0,0,2585,1693.2,0,0,0,0,17-Apr-17
OPTIDX,NIFTY,25-Jun-20,9400,CE,0,0,0,2538.25,1626.1,0,0,0,0,17-Apr-17
OPTIDX,NIFTY,25-Jun-20,9500,CE,0,0,0,2492.15,1560.3,0,0,0,0,17-Apr-17
OPTIDX,NIFTY,25-Jun-20,9600,CE,0,0,0,2446.65,1495.8,0,0,0,0,17-Apr-17
OPTIDX,NIFTY,25-Jun-20,9700,CE,0,0,0,2401.75,1432.65,0,0,0,0,17-Apr-17
OPTIDX,NIFTY,25-Jun-20,9800,CE,0,0,0,2357.45,1370.9,0,0,0,0,17-Apr-17
OPTIDX,NIFTY,25-Jun-20,9900,CE,0,0,0,2313.75,1310.95,0,0,0,0,17-Apr-17
OPTIDX,NIFTY,25-Jun-20,10000,CE,0,0,0,2270.65,1252.1,0,0,0,0,17-Apr-17
OPTIDX,NIFTY,25-Jun-20,10100,CE,0,0,0,2228.2,1194.8,0,0,0,0,17-Apr-17
OPTIDX,NIFTY,25-Jun-20,10200,CE,0,0,0,2186.35,1138.75,0,0,0,0,17-Apr-17
OPTIDX,NIFTY,25-Jun-20,10300,CE,0,0,0,2145.1,1084.7,0,0,0,0,17-Apr-17
OPTIDX,NIFTY,25-Jun-20,10400,CE,0,0,0,2104.45,1032.3,0,0,0,0,17-Apr-17
OPTIDX,NIFTY,25-Jun-20,10500,CE,0,0,0,2064.1,981.5,0,0,0,0,17-Apr-17
OPTIDX,NIFTY,25-Jun-20,10600,CE,0,0,0,2024.7,932.35,0,0,0,0,17-Apr-17
OPTIDX,NIFTY,25-Jun-20,10700,CE,0,0,0,1985.9,884.85,0,0,0,0,17-Apr-17
OPTIDX,NIFTY,25-Jun-20,10800,CE,0,0,0,1947.7,839,0,0,0,0,17-Apr-17
OPTIDX,NIFTY,25-Jun-20,10900,CE,0,0,0,1886.7,794.85,0,0,0,0,17-Apr-17
OPTIDX,NIFTY,25-Jun-20,11000,CE,0,0,0,1852.85,752.3,0,0,0,0,17-Apr-17
OPTIDX,NIFTY,25-Jun-20,11100,CE,0,0,0,1016.25,711.35,0,0,0,0,17-Apr-17
OPTIDX,NIFTY,25-Jun-20,11200,CE,0,0,0,977.25,672.1,0,0,0,0,17-Apr-17
OPTIDX,NIFTY,25-Jun-20,11300,CE,0,0,0,1096.85,634.4,0,0,0,0,17-Apr-17
OPTIDX,NIFTY,25-Jun-20,11400,CE,0,0,0,1017.2,598.35,0,0,0,0,17-Apr-17
OPTIDX,NIFTY,25-Jun-20,11500,CE,0,0,0,730.25,563.8,0,0,0,0,17-Apr-17
OPTIDX,NIFTY,25-Jun-20,11600,CE,0,0,0,714.35,530.85,0,0,0,0,17-Apr-17
OPTIDX,NIFTY,25-Jun-20,11700,CE,0,0,0,642.25,499.35,0,0,0,0,17-Apr-17
OPTIDX,NIFTY,25-Jun-20,4600,PE,0,0,0,83.25,0,0,0,0,0,17-Apr-17
OPTIDX,NIFTY,25-Jun-20,4700,PE,0,0,0,92.05,0,0,0,0,0,17-Apr-17
OPTIDX,NIFTY,25-Jun-20,4800,PE,0,0,0,33.3,0,0,0,0,0,17-Apr-17
OPTIDX,NIFTY,25-Jun-20,4900,PE,0,0,0,29.3,0,0,0,0,0,17-Apr-17
OPTIDX,NIFTY,25-Jun-20,5000,PE,0,0,0,18.05,0,0,0,0,0,17-Apr-17
OPTIDX,NIFTY,25-Jun-20,5100,PE,0,0,0,21.05,0,0,0,0,0,17-Apr-17
OPTIDX,NIFTY,25-Jun-20,5200,PE,0,0,0,233.9,0,0,0,0,0,17-Apr-17
OPTIDX,NIFTY,25-Jun-20,5300,PE,0,0,0,231.05,0,0,0,0,0,17-Apr-17
OPTIDX,NIFTY,25-Jun-20,5400,PE,0,0,0,292.5,0.05,0,0,0,0,17-Apr-17
OPTIDX,NIFTY,25-Jun-20,5500,PE,0,0,0,310.15,0.05,0,0,0,0,17-Apr-17
OPTIDX,NIFTY,25-Jun-20,5600,PE,0,0,0,328.15,0.05,0,0,0,0,17-Apr-17
OPTIDX,NIFTY,25-Jun-20,5700,PE,0,0,0,346.75,0.05,0,0,0,0,17-Apr-17
OPTIDX,NIFTY,25-Jun-20,5800,PE,0,0,0,365.9,0.05,0,0,0,0,17-Apr-17
OPTIDX,NIFTY,25-Jun-20,5900,PE,0,0,0,22.85,0.05,0,0,0,0,17-Apr-17
OPTIDX,NIFTY,25-Jun-20,6000,PE,0,0,0,32.05,0.1,0,0,0,0,17-Apr-17
OPTIDX,NIFTY,25-Jun-20,6100,PE,0,0,0,35.8,0.1,0,0,0,0,17-Apr-17
OPTIDX,NIFTY,25-Jun-20,6200,PE,0,0,0,39.85,0.15,0,0,0,0,17-Apr-17
OPTIDX,NIFTY,25-Jun-20,6300,PE,0,0,0,44.2,0.25,0,0,0,0,17-Apr-17
OPTIDX,NIFTY,25-Jun-20,6400,PE,0,0,0,48.9,0.3,0,0,0,0,17-Apr-17
OPTIDX,NIFTY,25-Jun-20,6500,PE,0,0,0,54,0.4,0,0,0,0,17-Apr-17
OPTIDX,NIFTY,25-Jun-20,6600,PE,0,0,0,140,0.55,0,0,4575,0,17-Apr-17
OPTIDX,NIFTY,25-Jun-20,6700,PE,0,0,0,144.5,0.75,0,0,4200,0,17-Apr-17
OPTIDX,NIFTY,25-Jun-20,6800,PE,0,0,0,71.4,1,0,0,0,0,17-Apr-17
OPTIDX,NIFTY,25-Jun-20,6900,PE,0,0,0,180,1.3,0,0,15675,0,17-Apr-17
OPTIDX,NIFTY,25-Jun-20,7000,PE,0,0,0,158,1.7,0,0,19125,0,17-Apr-17
OPTIDX,NIFTY,25-Jun-20,7100,PE,0,0,0,166,2.2,0,0,9600,0,17-Apr-17
OPTIDX,NIFTY,25-Jun-20,7200,PE,145,145,138,138,138,31,170.69,6825,2325,17-Apr-17
OPTIDX,NIFTY,25-Jun-20,7300,PE,0,0,0,178,3.55,0,0,13725,0,17-Apr-17
OPTIDX,NIFTY,25-Jun-20,7400,PE,170,170,170,170,170,23,130.58,13725,1725,17-Apr-17
OPTIDX,NIFTY,25-Jun-20,7500,PE,0,0,0,127,5.65,0,0,0,0,17-Apr-17
OPTIDX,NIFTY,25-Jun-20,7600,PE,0,0,0,244.8,7,0,0,3450,0,17-Apr-17
OPTIDX,NIFTY,25-Jun-20,7700,PE,0,0,0,266,8.65,0,0,1125,0,17-Apr-17
OPTIDX,NIFTY,25-Jun-20,7800,PE,0,0,0,158,10.6,0,0,0,0,17-Apr-17
OPTIDX,NIFTY,25-Jun-20,7900,PE,0,0,0,169.35,12.85,0,0,0,0,17-Apr-17
OPTIDX,NIFTY,25-Jun-20,8000,PE,0,0,0,230,15.55,0,0,1200,0,17-Apr-17
OPTIDX,NIFTY,25-Jun-20,8100,PE,0,0,0,193.65,18.7,0,0,0,0,17-Apr-17
OPTIDX,NIFTY,25-Jun-20,8200,PE,0,0,0,600,22.3,0,0,4575,0,17-Apr-17
OPTIDX,NIFTY,25-Jun-20,8300,PE,0,0,0,220.1,26.5,0,0,0,0,17-Apr-17
OPTIDX,NIFTY,25-Jun-20,8400,PE,0,0,0,516.8,31.25,0,0,6750,0,17-Apr-17
OPTIDX,NIFTY,25-Jun-20,8500,PE,0,0,0,420,36.7,0,0,1400,0,17-Apr-17
OPTIDX,NIFTY,25-Jun-20,8600,PE,0,0,0,543.3,42.9,0,0,11925,0,17-Apr-17
OPTIDX,NIFTY,25-Jun-20,8700,PE,0,0,0,567.2,49.85,0,0,11550,0,17-Apr-17
OPTIDX,NIFTY,25-Jun-20,8800,PE,0,0,0,599,57.65,0,0,15600,0,17-Apr-17
OPTIDX,NIFTY,25-Jun-20,8900,PE,0,0,0,604,66.35,0,0,6225,0,17-Apr-17
OPTIDX,NIFTY,25-Jun-20,9000,PE,500,615,500,615,615,31,223.33,10900,2325,17-Apr-17
OPTIDX,NIFTY,25-Jun-20,9100,PE,0,0,0,625,86.7,0,0,14850,0,17-Apr-17
OPTIDX,NIFTY,25-Jun-20,9200,PE,625,625,613,613,613,23,169.4,13725,1725,17-Apr-17
OPTIDX,NIFTY,25-Jun-20,9300,PE,0,0,0,387.15,111.5,0,0,0,0,17-Apr-17
OPTIDX,NIFTY,25-Jun-20,9400,PE,0,0,0,681,125.65,0,0,3300,0,17-Apr-17
OPTIDX,NIFTY,25-Jun-20,9500,PE,0,0,0,427.6,141.1,0,0,0,0,17-Apr-17
OPTIDX,NIFTY,25-Jun-20,9600,PE,0,0,0,448.75,157.85,0,0,0,0,17-Apr-17
OPTIDX,NIFTY,25-Jun-20,9700,PE,0,0,0,470.55,175.95,0,0,0,0,17-Apr-17
OPTIDX,NIFTY,25-Jun-20,9800,PE,0,0,0,492.9,195.5,0,0,0,0,17-Apr-17
OPTIDX,NIFTY,25-Jun-20,9900,PE,0,0,0,515.9,216.8,0,0,0,0,17-Apr-17
OPTIDX,NIFTY,25-Jun-20,10000,PE,0,0,0,539.5,239.2,0,0,0,0,17-Apr-17
OPTIDX,NIFTY,25-Jun-20,10100,PE,0,0,0,563.7,263.2,0,0,0,0,17-Apr-17
OPTIDX,NIFTY,25-Jun-20,10200,PE,0,0,0,588.5,288.4,0,0,0,0,17-Apr-17
OPTIDX,NIFTY,25-Jun-20,10300,PE,0,0,0,613.9,315.65,0,0,0,0,17-Apr-17
OPTIDX,NIFTY,25-Jun-20,10400,PE,0,0,0,639.95,344.45,0,0,0,0,17-Apr-17
OPTIDX,NIFTY,25-Jun-20,10500,PE,0,0,0,666.25,374.95,0,0,0,0,17-Apr-17
OPTIDX,NIFTY,25-Jun-20,10600,PE,0,0,0,693.55,407.05,0,0,0,0,17-Apr-17
OPTIDX,NIFTY,25-Jun-20,10700,PE,0,0,0,721.4,440.8,0,0,0,0,17-Apr-17
OPTIDX,NIFTY,25-Jun-20,10800,PE,0,0,0,749.85,476.25,0,0,0,0,17-Apr-17
OPTIDX,NIFTY,25-Jun-20,10900,PE,0,0,0,706.55,513.3,0,0,0,0,17-Apr-17
OPTIDX,NIFTY,25-Jun-20,11000,PE,0,0,0,660.1,552.05,0,0,0,0,17-Apr-17
OPTIDX,NIFTY,25-Jun-20,11100,PE,0,0,0,807.35,592.4,0,0,0,0,17-Apr-17
OPTIDX,NIFTY,25-Jun-20,11200,PE,0,0,0,793.15,634.35,0,0,0,0,17-Apr-17
OPTIDX,NIFTY,25-Jun-20,11300,PE,0,0,0,819.55,677.95,0,0,0,0,17-Apr-17
OPTIDX,NIFTY,25-Jun-20,11400,PE,0,0,0,813.7,723.15,0,0,0,0,17-Apr-17
OPTIDX,NIFTY,25-Jun-20,11500,PE,0,0,0,932.2,769.9,0,0,0,0,17-Apr-17
OPTIDX,NIFTY,25-Jun-20,11600,PE,0,0,0,930.65,818.15,0,0,0,0,17-Apr-17
OPTIDX,NIFTY,25-Jun-20,11700,PE,0,0,0,858.6,867.95,0,0,0,0,17-Apr-17
OPTIDX,NIFTY,31-Dec-20,4600,CE,0,0,0,3955.65,5524.9,0,0,0,0,17-Apr-17
OPTIDX,NIFTY,31-Dec-20,4700,CE,0,0,0,3896.8,5446.3,0,0,0,0,17-Apr-17
OPTIDX,NIFTY,31-Dec-20,4800,CE,0,0,0,4010.1,5367.75,0,0,0,0,17-Apr-17
OPTIDX,NIFTY,31-Dec-20,4900,CE,0,0,0,3978.2,5289.15,0,0,0,0,17-Apr-17
OPTIDX,NIFTY,31-Dec-20,5000,CE,0,0,0,4019.95,5210.6,0,0,0,0,17-Apr-17
OPTIDX,NIFTY,31-Dec-20,5100,CE,0,0,0,4016.5,5132,0,0,0,0,17-Apr-17
OPTIDX,NIFTY,31-Dec-20,5200,CE,0,0,0,4015.95,5053.45,0,0,0,0,17-Apr-17
OPTIDX,NIFTY,31-Dec-20,5300,CE,0,0,0,4098.1,4974.9,0,0,0,0,17-Apr-17
OPTIDX,NIFTY,31-Dec-20,5400,CE,0,0,0,4087.8,4896.3,0,0,0,0,17-Apr-17
OPTIDX,NIFTY,31-Dec-20,5500,CE,0,0,0,4159.6,4817.75,0,0,0,0,17-Apr-17
OPTIDX,NIFTY,31-Dec-20,5600,CE,0,0,0,4091.9,4739.15,0,0,0,0,17-Apr-17
OPTIDX,NIFTY,31-Dec-20,5700,CE,0,0,0,4024.4,4660.6,0,0,0,0,17-Apr-17
OPTIDX,NIFTY,31-Dec-20,5800,CE,0,0,0,3957.05,4582.05,0,0,0,0,17-Apr-17
OPTIDX,NIFTY,31-Dec-20,5900,CE,0,0,0,3889.95,4503.5,0,0,0,0,17-Apr-17
OPTIDX,NIFTY,31-Dec-20,6000,CE,0,0,0,3823.1,4424.95,0,0,0,0,17-Apr-17
OPTIDX,NIFTY,31-Dec-20,6100,CE,0,0,0,3756.5,4346.4,0,0,0,0,17-Apr-17
OPTIDX,NIFTY,31-Dec-20,6200,CE,0,0,0,3690.2,4267.9,0,0,0,0,17-Apr-17
OPTIDX,NIFTY,31-Dec-20,6300,CE,0,0,0,3624.15,4189.4,0,0,0,0,17-Apr-17
OPTIDX,NIFTY,31-Dec-20,6400,CE,0,0,0,3558.45,4110.95,0,0,0,0,17-Apr-17
OPTIDX,NIFTY,31-Dec-20,6500,CE,0,0,0,3493.1,4032.5,0,0,0,0,17-Apr-17
OPTIDX,NIFTY,31-Dec-20,6600,CE,0,0,0,3428.1,3954.05,0,0,0,0,17-Apr-17
OPTIDX,NIFTY,31-Dec-20,6700,CE,0,0,0,3363.5,3875.7,0,0,0,0,17-Apr-17
OPTIDX,NIFTY,31-Dec-20,6800,CE,0,0,0,3299.3,3797.4,0,0,0,0,17-Apr-17
OPTIDX,NIFTY,31-Dec-20,6900,CE,0,0,0,3235.5,3719.15,0,0,0,0,17-Apr-17
OPTIDX,NIFTY,31-Dec-20,7000,CE,0,0,0,3172.15,3641,0,0,0,0,17-Apr-17
OPTIDX,NIFTY,31-Dec-20,7100,CE,0,0,0,3109.3,3562.9,0,0,0,0,17-Apr-17
OPTIDX,NIFTY,31-Dec-20,7200,CE,0,0,0,3046.95,3484.95,0,0,0,0,17-Apr-17
OPTIDX,NIFTY,31-Dec-20,7300,CE,0,0,0,2985.1,3407.15,0,0,0,0,17-Apr-17
OPTIDX,NIFTY,31-Dec-20,7400,CE,0,0,0,2923.8,3329.5,0,0,0,0,17-Apr-17
OPTIDX,NIFTY,31-Dec-20,7500,CE,0,0,0,2863.05,3252,0,0,0,0,17-Apr-17
OPTIDX,NIFTY,31-Dec-20,7600,CE,0,0,0,2802.85,3174.75,0,0,0,0,17-Apr-17
OPTIDX,NIFTY,31-Dec-20,7700,CE,0,0,0,2743.3,3097.7,0,0,0,0,17-Apr-17
OPTIDX,NIFTY,31-Dec-20,7800,CE,0,0,0,2684.3,3020.95,0,0,0,0,17-Apr-17
OPTIDX,NIFTY,31-Dec-20,7900,CE,0,0,0,2626,2944.45,0,0,0,0,17-Apr-17
OPTIDX,NIFTY,31-Dec-20,8000,CE,0,0,0,2568.3,2868.35,0,0,0,0,17-Apr-17
OPTIDX,NIFTY,31-Dec-20,8100,CE,0,0,0,2511.3,2792.6,0,0,0,0,17-Apr-17
OPTIDX,NIFTY,31-Dec-20,8200,CE,0,0,0,2454.95,2717.25,0,0,0,0,17-Apr-17
OPTIDX,NIFTY,31-Dec-20,8300,CE,0,0,0,2399.3,2642.35,0,0,0,0,17-Apr-17
OPTIDX,NIFTY,31-Dec-20,8400,CE,0,0,0,2344.35,2568,0,0,0,0,17-Apr-17
OPTIDX,NIFTY,31-Dec-20,8500,CE,0,0,0,2290.15,2494.2,0,0,0,0,17-Apr-17
OPTIDX,NIFTY,31-Dec-20,8600,CE,0,0,0,2236.7,2420.95,0,0,0,0,17-Apr-17
OPTIDX,NIFTY,31-Dec-20,8700,CE,0,0,0,2183.95,2348.4,0,0,0,0,17-Apr-17
OPTIDX,NIFTY,31-Dec-20,8800,CE,0,0,0,2132,2276.55,0,0,0,0,17-Apr-17
OPTIDX,NIFTY,31-Dec-20,8900,CE,0,0,0,2081.05,2205.4,0,0,0,0,17-Apr-17
OPTIDX,NIFTY,31-Dec-20,9000,CE,0,0,0,2030.6,2135.05,0,0,0,0,17-Apr-17
OPTIDX,NIFTY,31-Dec-20,9100,CE,0,0,0,1980.9,2065.6,0,0,0,0,17-Apr-17
OPTIDX,NIFTY,31-Dec-20,9200,CE,0,0,0,1932.05,1997,0,0,0,0,17-Apr-17
OPTIDX,NIFTY,31-Dec-20,9300,CE,0,0,0,1884,1929.35,0,0,0,0,17-Apr-17
OPTIDX,NIFTY,31-Dec-20,9400,CE,0,0,0,1836.7,1862.7,0,0,0,0,17-Apr-17
OPTIDX,NIFTY,31-Dec-20,9500,CE,0,0,0,1790.25,1797.1,0,0,0,0,17-Apr-17
OPTIDX,NIFTY,31-Dec-20,9600,CE,0,0,0,1744.65,1732.55,0,0,0,0,17-Apr-17
OPTIDX,NIFTY,31-Dec-20,9700,CE,0,0,0,1699.8,1669.15,0,0,0,0,17-Apr-17
OPTIDX,NIFTY,31-Dec-20,9800,CE,0,0,0,1655.45,1606.9,0,0,0,0,17-Apr-17
OPTIDX,NIFTY,31-Dec-20,9900,CE,0,0,0,1612.3,1545.9,0,0,0,0,17-Apr-17
OPTIDX,NIFTY,31-Dec-20,10000,CE,0,0,0,1570,1486.1,0,0,0,0,17-Apr-17
OPTIDX,NIFTY,31-Dec-20,10100,CE,0,0,0,1528.45,1427.85,0,0,0,0,17-Apr-17
OPTIDX,NIFTY,31-Dec-20,10200,CE,0,0,0,1487.75,1370.6,0,0,0,0,17-Apr-17
OPTIDX,NIFTY,31-Dec-20,10300,CE,0,0,0,1447.9,1314.7,0,0,0,0,17-Apr-17
OPTIDX,NIFTY,31-Dec-20,10400,CE,0,0,0,1395.3,1260.15,0,0,0,0,17-Apr-17
OPTIDX,NIFTY,31-Dec-20,10500,CE,0,0,0,1591.85,1206.65,0,0,0,0,17-Apr-17
OPTIDX,NIFTY,31-Dec-20,10600,CE,0,0,0,1618.55,1154.95,0,0,0,0,17-Apr-17
OPTIDX,NIFTY,31-Dec-20,10700,CE,0,0,0,1426.65,1104.7,0,0,0,0,17-Apr-17
OPTIDX,NIFTY,31-Dec-20,10800,CE,0,0,0,1379.9,1055.85,0,0,0,0,17-Apr-17
OPTIDX,NIFTY,31-Dec-20,10900,CE,0,0,0,1407.3,1008.45,0,0,0,0,17-Apr-17
OPTIDX,NIFTY,31-Dec-20,11000,CE,0,0,0,1352.75,962.45,0,0,0,0,17-Apr-17
OPTIDX,NIFTY,31-Dec-20,11100,CE,0,0,0,1224.25,917.95,0,0,0,0,17-Apr-17
OPTIDX,NIFTY,31-Dec-20,11200,CE,0,0,0,1186.75,874.85,0,0,0,0,17-Apr-17
OPTIDX,NIFTY,31-Dec-20,11300,CE,0,0,0,1315.8,833.2,0,0,0,0,17-Apr-17
OPTIDX,NIFTY,31-Dec-20,11400,CE,0,0,0,1233.1,793,0,0,0,0,17-Apr-17
OPTIDX,NIFTY,31-Dec-20,11500,CE,0,0,0,928.7,754.15,0,0,0,0,17-Apr-17
OPTIDX,NIFTY,31-Dec-20,11600,CE,0,0,0,913.15,716.8,0,0,0,0,17-Apr-17
OPTIDX,NIFTY,31-Dec-20,11700,CE,0,0,0,839.6,680.8,0,0,0,0,17-Apr-17
OPTIDX,NIFTY,31-Dec-20,4600,PE,0,0,0,86.9,0,0,0,0,0,17-Apr-17
OPTIDX,NIFTY,31-Dec-20,4700,PE,0,0,0,95.6,0,0,0,0,0,17-Apr-17
OPTIDX,NIFTY,31-Dec-20,4800,PE,0,0,0,34.8,0,0,0,0,0,17-Apr-17
OPTIDX,NIFTY,31-Dec-20,4900,PE,0,0,0,30.75,0,0,0,0,0,17-Apr-17
OPTIDX,NIFTY,31-Dec-20,5000,PE,0,0,0,18.95,0,0,0,0,0,17-Apr-17
OPTIDX,NIFTY,31-Dec-20,5100,PE,0,0,0,22.1,0,0,0,0,0,17-Apr-17
OPTIDX,NIFTY,31-Dec-20,5200,PE,0,0,0,34.15,0,0,0,0,0,17-Apr-17
OPTIDX,NIFTY,31-Dec-20,5300,PE,0,0,0,13.65,0.05,0,0,0,0,17-Apr-17
OPTIDX,NIFTY,31-Dec-20,5400,PE,0,0,0,20.55,0.05,0,0,0,0,17-Apr-17
OPTIDX,NIFTY,31-Dec-20,5500,PE,0,0,0,109.9,0.05,0,0,600,0,17-Apr-17
OPTIDX,NIFTY,31-Dec-20,5600,PE,0,0,0,8.2,0.05,0,0,0,0,17-Apr-17
OPTIDX,NIFTY,31-Dec-20,5700,PE,0,0,0,9.7,0.05,0,0,0,0,17-Apr-17
OPTIDX,NIFTY,31-Dec-20,5800,PE,0,0,0,11.35,0.05,0,0,0,0,17-Apr-17
OPTIDX,NIFTY,31-Dec-20,5900,PE,0,0,0,13.25,0.1,0,0,0,0,17-Apr-17
OPTIDX,NIFTY,31-Dec-20,6000,PE,0,0,0,15.35,0.1,0,0,0,0,17-Apr-17
OPTIDX,NIFTY,31-Dec-20,6100,PE,0,0,0,17.7,0.15,0,0,0,0,17-Apr-17
OPTIDX,NIFTY,31-Dec-20,6200,PE,0,0,0,20.35,0.2,0,0,0,0,17-Apr-17
OPTIDX,NIFTY,31-Dec-20,6300,PE,0,0,0,23.35,0.3,0,0,0,0,17-Apr-17
OPTIDX,NIFTY,31-Dec-20,6400,PE,0,0,0,26.6,0.4,0,0,0,0,17-Apr-17
OPTIDX,NIFTY,31-Dec-20,6500,PE,0,0,0,30.2,0.5,0,0,0,0,17-Apr-17
OPTIDX,NIFTY,31-Dec-20,6600,PE,0,0,0,34.2,0.7,0,0,0,0,17-Apr-17
OPTIDX,NIFTY,31-Dec-20,6700,PE,0,0,0,38.55,0.9,0,0,0,0,17-Apr-17
OPTIDX,NIFTY,31-Dec-20,6800,PE,0,0,0,43.3,1.15,0,0,0,0,17-Apr-17
OPTIDX,NIFTY,31-Dec-20,6900,PE,0,0,0,48.5,1.5,0,0,0,0,17-Apr-17
OPTIDX,NIFTY,31-Dec-20,7000,PE,0,0,0,54.15,1.9,0,0,0,0,17-Apr-17
OPTIDX,NIFTY,31-Dec-20,7100,PE,0,0,0,60.3,2.4,0,0,0,0,17-Apr-17
OPTIDX,NIFTY,31-Dec-20,7200,PE,0,0,0,66.9,3.05,0,0,0,0,17-Apr-17
OPTIDX,NIFTY,31-Dec-20,7300,PE,0,0,0,74.05,3.8,0,0,0,0,17-Apr-17
OPTIDX,NIFTY,31-Dec-20,7400,PE,0,0,0,81.7,4.7,0,0,0,0,17-Apr-17
OPTIDX,NIFTY,31-Dec-20,7500,PE,0,0,0,89.9,5.8,0,0,0,0,17-Apr-17
OPTIDX,NIFTY,31-Dec-20,7600,PE,0,0,0,98.7,7.1,0,0,0,0,17-Apr-17
OPTIDX,NIFTY,31-Dec-20,7700,PE,0,0,0,108.1,8.65,0,0,0,0,17-Apr-17
OPTIDX,NIFTY,31-Dec-20,7800,PE,0,0,0,118.15,10.45,0,0,0,0,17-Apr-17
OPTIDX,NIFTY,31-Dec-20,7900,PE,0,0,0,128.75,12.55,0,0,0,0,17-Apr-17
OPTIDX,NIFTY,31-Dec-20,8000,PE,0,0,0,140.05,15,0,0,0,0,17-Apr-17
OPTIDX,NIFTY,31-Dec-20,8100,PE,0,0,0,152,17.8,0,0,0,0,17-Apr-17
OPTIDX,NIFTY,31-Dec-20,8200,PE,0,0,0,164.65,21.05,0,0,0,0,17-Apr-17
OPTIDX,NIFTY,31-Dec-20,8300,PE,0,0,0,178,24.75,0,0,0,0,17-Apr-17
OPTIDX,NIFTY,31-Dec-20,8400,PE,0,0,0,192.05,28.95,0,0,0,0,17-Apr-17
OPTIDX,NIFTY,31-Dec-20,8500,PE,0,0,0,206.8,33.7,0,0,0,0,17-Apr-17
OPTIDX,NIFTY,31-Dec-20,8600,PE,0,0,0,222.3,39.05,0,0,0,0,17-Apr-17
OPTIDX,NIFTY,31-Dec-20,8700,PE,0,0,0,238.55,45.1,0,0,0,0,17-Apr-17
OPTIDX,NIFTY,31-Dec-20,8800,PE,0,0,0,255.55,51.8,0,0,0,0,17-Apr-17
OPTIDX,NIFTY,31-Dec-20,8900,PE,0,0,0,273.55,59.25,0,0,0,0,17-Apr-17
OPTIDX,NIFTY,31-Dec-20,9000,PE,0,0,0,243.35,67.45,0,0,75,0,17-Apr-17
OPTIDX,NIFTY,31-Dec-20,9100,PE,0,0,0,311.4,76.55,0,0,0,0,17-Apr-17
OPTIDX,NIFTY,31-Dec-20,9200,PE,0,0,0,331.55,86.55,0,0,0,0,17-Apr-17
OPTIDX,NIFTY,31-Dec-20,9300,PE,0,0,0,352.45,97.5,0,0,0,0,17-Apr-17
OPTIDX,NIFTY,31-Dec-20,9400,PE,0,0,0,374.15,109.4,0,0,0,0,17-Apr-17
OPTIDX,NIFTY,31-Dec-20,9500,PE,0,0,0,396.65,122.35,0,0,0,0,17-Apr-17
OPTIDX,NIFTY,31-Dec-20,9600,PE,0,0,0,420,136.4,0,0,0,0,17-Apr-17
OPTIDX,NIFTY,31-Dec-20,9700,PE,0,0,0,444.15,151.55,0,0,0,0,17-Apr-17
OPTIDX,NIFTY,31-Dec-20,9800,PE,0,0,0,468.8,167.9,0,0,0,0,17-Apr-17
OPTIDX,NIFTY,31-Dec-20,9900,PE,0,0,0,494.65,185.45,0,0,0,0,17-Apr-17
OPTIDX,NIFTY,31-Dec-20,10000,PE,0,0,0,521.25,204.25,0,0,0,0,17-Apr-17
OPTIDX,NIFTY,31-Dec-20,10100,PE,0,0,0,548.75,224.6,0,0,0,0,17-Apr-17
OPTIDX,NIFTY,31-Dec-20,10200,PE,0,0,0,577,245.9,0,0,0,0,17-Apr-17
OPTIDX,NIFTY,31-Dec-20,10300,PE,0,0,0,606.1,268.55,0,0,0,0,17-Apr-17
OPTIDX,NIFTY,31-Dec-20,10400,PE,0,0,0,602.8,292.6,0,0,0,0,17-Apr-17
OPTIDX,NIFTY,31-Dec-20,10500,PE,0,0,0,1053.45,317.65,0,0,0,0,17-Apr-17
OPTIDX,NIFTY,31-Dec-20,10600,PE,0,0,0,1058.9,344.55,0,0,0,0,17-Apr-17
OPTIDX,NIFTY,31-Dec-20,10700,PE,0,0,0,863.65,372.85,0,0,0,0,17-Apr-17
OPTIDX,NIFTY,31-Dec-20,10800,PE,0,0,0,864.85,402.6,0,0,0,0,17-Apr-17
OPTIDX,NIFTY,31-Dec-20,10900,PE,0,0,0,907.1,433.75,0,0,0,0,17-Apr-17
OPTIDX,NIFTY,31-Dec-20,11000,PE,0,0,0,847.55,466.35,0,0,0,0,17-Apr-17
OPTIDX,NIFTY,31-Dec-20,11100,PE,0,0,0,716.35,500.4,0,0,0,0,17-Apr-17
OPTIDX,NIFTY,31-Dec-20,11200,PE,0,0,0,700.3,535.9,0,0,0,0,17-Apr-17
OPTIDX,NIFTY,31-Dec-20,11300,PE,0,0,0,730.9,572.85,0,0,0,0,17-Apr-17
OPTIDX,NIFTY,31-Dec-20,11400,PE,0,0,0,719.55,611.2,0,0,0,0,17-Apr-17
OPTIDX,NIFTY,31-Dec-20,11500,PE,0,0,0,823.25,650.95,0,0,0,0,17-Apr-17
OPTIDX,NIFTY,31-Dec-20,11600,PE,0,0,0,818.85,692.15,0,0,0,0,17-Apr-17
OPTIDX,NIFTY,31-Dec-20,11700,PE,0,0,0,741.15,734.7,0,0,0,0,17-Apr-17
OPTIDX,NIFTY,24-Jun-21,5500,CE,0,0,0,3905.65,4950.35,0,0,0,0,17-Apr-17
OPTIDX,NIFTY,24-Jun-21,5600,CE,0,0,0,3839.35,4874.2,0,0,0,0,17-Apr-17
OPTIDX,NIFTY,24-Jun-21,5700,CE,0,0,0,3987.4,4798.05,0,0,0,0,17-Apr-17
OPTIDX,NIFTY,24-Jun-21,5800,CE,0,0,0,3922.55,4721.9,0,0,0,0,17-Apr-17
OPTIDX,NIFTY,24-Jun-21,5900,CE,0,0,0,4184.45,4645.75,0,0,0,0,17-Apr-17
OPTIDX,NIFTY,24-Jun-21,6000,CE,0,0,0,4117.95,4569.65,0,0,0,0,17-Apr-17
OPTIDX,NIFTY,24-Jun-21,6100,CE,0,0,0,4051.85,4493.55,0,0,0,0,17-Apr-17
OPTIDX,NIFTY,24-Jun-21,6200,CE,0,0,0,3986.05,4417.45,0,0,0,0,17-Apr-17
OPTIDX,NIFTY,24-Jun-21,6300,CE,0,0,0,3920.65,4341.35,0,0,0,0,17-Apr-17
OPTIDX,NIFTY,24-Jun-21,6400,CE,0,0,0,3855.6,4265.3,0,0,0,0,17-Apr-17
OPTIDX,NIFTY,24-Jun-21,6500,CE,0,0,0,3791,4189.25,0,0,0,0,17-Apr-17
OPTIDX,NIFTY,24-Jun-21,6600,CE,0,0,0,3726.85,4113.25,0,0,0,0,17-Apr-17
OPTIDX,NIFTY,24-Jun-21,6700,CE,0,0,0,3663.1,4037.35,0,0,0,0,17-Apr-17
OPTIDX,NIFTY,24-Jun-21,6800,CE,0,0,0,3599.8,3961.45,0,0,0,0,17-Apr-17
OPTIDX,NIFTY,24-Jun-21,6900,CE,0,0,0,3537,3885.6,0,0,0,0,17-Apr-17
OPTIDX,NIFTY,24-Jun-21,7000,CE,0,0,0,3474.7,3809.85,0,0,0,0,17-Apr-17
OPTIDX,NIFTY,24-Jun-21,7100,CE,0,0,0,3412.9,3734.2,0,0,0,0,17-Apr-17
OPTIDX,NIFTY,24-Jun-21,7200,CE,0,0,0,3351.6,3658.65,0,0,0,0,17-Apr-17
OPTIDX,NIFTY,24-Jun-21,7300,CE,0,0,0,3290.9,3583.2,0,0,0,0,17-Apr-17
OPTIDX,NIFTY,24-Jun-21,7400,CE,0,0,0,3230.7,3507.9,0,0,0,0,17-Apr-17
OPTIDX,NIFTY,24-Jun-21,7500,CE,0,0,0,3171.1,3432.8,0,0,0,0,17-Apr-17
OPTIDX,NIFTY,24-Jun-21,7600,CE,0,0,0,3112.1,3357.85,0,0,0,0,17-Apr-17
OPTIDX,NIFTY,24-Jun-21,7700,CE,0,0,0,3053.65,3283.1,0,0,0,0,17-Apr-17
OPTIDX,NIFTY,24-Jun-21,7800,CE,0,0,0,2995.85,3208.6,0,0,0,0,17-Apr-17
OPTIDX,NIFTY,24-Jun-21,7900,CE,0,0,0,2938.65,3134.35,0,0,0,0,17-Apr-17
OPTIDX,NIFTY,24-Jun-21,8000,CE,0,0,0,2882.1,3060.4,0,0,0,0,17-Apr-17
OPTIDX,NIFTY,24-Jun-21,8100,CE,0,0,0,2826.2,2986.8,0,0,0,0,17-Apr-17
OPTIDX,NIFTY,24-Jun-21,8200,CE,0,0,0,2770.9,2913.55,0,0,0,0,17-Apr-17
OPTIDX,NIFTY,24-Jun-21,8300,CE,0,0,0,2716.3,2840.65,0,0,0,0,17-Apr-17
OPTIDX,NIFTY,24-Jun-21,8400,CE,0,0,0,2662.4,2768.2,0,0,0,0,17-Apr-17
OPTIDX,NIFTY,24-Jun-21,8500,CE,0,0,0,2609.1,2696.25,0,0,0,0,17-Apr-17
OPTIDX,NIFTY,24-Jun-21,8600,CE,0,0,0,2556.8,2624.8,0,0,0,0,17-Apr-17
OPTIDX,NIFTY,24-Jun-21,8700,CE,0,0,0,2504.9,2553.85,0,0,0,0,17-Apr-17
OPTIDX,NIFTY,24-Jun-21,8800,CE,0,0,0,2453.7,2483.5,0,0,0,0,17-Apr-17
OPTIDX,NIFTY,24-Jun-21,8900,CE,0,0,0,2403.2,2413.8,0,0,0,0,17-Apr-17
OPTIDX,NIFTY,24-Jun-21,9000,CE,0,0,0,2353.4,2344.75,0,0,0,0,17-Apr-17
OPTIDX,NIFTY,24-Jun-21,9100,CE,0,0,0,2304.3,2276.45,0,0,0,0,17-Apr-17
OPTIDX,NIFTY,24-Jun-21,9200,CE,0,0,0,2255.95,2208.85,0,0,0,0,17-Apr-17
OPTIDX,NIFTY,24-Jun-21,9300,CE,0,0,0,2208.3,2142.05,0,0,0,0,17-Apr-17
OPTIDX,NIFTY,24-Jun-21,9400,CE,0,0,0,2161.35,2076.1,0,0,0,0,17-Apr-17
OPTIDX,NIFTY,24-Jun-21,9500,CE,0,0,0,2115.15,2011.05,0,0,0,0,17-Apr-17
OPTIDX,NIFTY,24-Jun-21,9600,CE,0,0,0,2069.65,1946.85,0,0,0,0,17-Apr-17
OPTIDX,NIFTY,24-Jun-21,9700,CE,0,0,0,2024.9,1883.6,0,0,0,0,17-Apr-17
OPTIDX,NIFTY,24-Jun-21,9800,CE,0,0,0,1980.85,1821.4,0,0,0,0,17-Apr-17
OPTIDX,NIFTY,24-Jun-21,9900,CE,0,0,0,1937.55,1760.15,0,0,0,0,17-Apr-17
OPTIDX,NIFTY,24-Jun-21,10000,CE,0,0,0,1894.65,1700,0,0,0,0,17-Apr-17
OPTIDX,NIFTY,24-Jun-21,10100,CE,0,0,0,1852.8,1640.9,0,0,0,0,17-Apr-17
OPTIDX,NIFTY,24-Jun-21,10200,CE,0,0,0,1811.65,1582.9,0,0,0,0,17-Apr-17
OPTIDX,NIFTY,24-Jun-21,10300,CE,0,0,0,1771.25,1526.35,0,0,0,0,17-Apr-17
OPTIDX,NIFTY,24-Jun-21,10400,CE,0,0,0,1731.55,1470.65,0,0,0,0,17-Apr-17
OPTIDX,NIFTY,24-Jun-21,10500,CE,0,0,0,1692.55,1416.1,0,0,0,0,17-Apr-17
OPTIDX,NIFTY,24-Jun-21,10600,CE,0,0,0,1654.25,1362.75,0,0,0,0,17-Apr-17
OPTIDX,NIFTY,24-Jun-21,10700,CE,0,0,0,1616.65,1310.3,0,0,0,0,17-Apr-17
OPTIDX,NIFTY,24-Jun-21,10800,CE,0,0,0,1571.25,1259.5,0,0,0,0,17-Apr-17
OPTIDX,NIFTY,24-Jun-21,10900,CE,0,0,0,1599.65,1210,0,0,0,0,17-Apr-17
OPTIDX,NIFTY,24-Jun-21,11000,CE,0,0,0,1545.55,1161.75,0,0,0,0,17-Apr-17
OPTIDX,NIFTY,24-Jun-21,11100,CE,0,0,0,1418.05,1114.75,0,0,0,0,17-Apr-17
OPTIDX,NIFTY,24-Jun-21,11200,CE,0,0,0,1382.5,1069.05,0,0,0,0,17-Apr-17
OPTIDX,NIFTY,24-Jun-21,11300,CE,0,0,0,1518.9,1024.6,0,0,0,0,17-Apr-17
OPTIDX,NIFTY,24-Jun-21,11400,CE,0,0,0,1434.65,981.45,0,0,0,0,17-Apr-17
OPTIDX,NIFTY,24-Jun-21,11500,CE,0,0,0,1117.1,939.6,0,0,0,0,17-Apr-17
OPTIDX,NIFTY,24-Jun-21,11600,CE,0,0,0,1102.35,899,0,0,0,0,17-Apr-17
OPTIDX,NIFTY,24-Jun-21,11700,CE,0,0,0,1029.5,859.7,0,0,0,0,17-Apr-17
OPTIDX,NIFTY,24-Jun-21,5500,PE,0,0,0,79.85,0.05,0,0,0,0,17-Apr-17
OPTIDX,NIFTY,24-Jun-21,5600,PE,0,0,0,88.15,0.05,0,0,0,0,17-Apr-17
OPTIDX,NIFTY,24-Jun-21,5700,PE,0,0,0,95.8,0.05,0,0,0,0,17-Apr-17
OPTIDX,NIFTY,24-Jun-21,5800,PE,0,0,0,104.95,0.1,0,0,0,0,17-Apr-17
OPTIDX,NIFTY,24-Jun-21,5900,PE,0,0,0,27.3,0.1,0,0,0,0,17-Apr-17
OPTIDX,NIFTY,24-Jun-21,6000,PE,0,0,0,35,0.15,0,0,300,0,17-Apr-17
OPTIDX,NIFTY,24-Jun-21,6100,PE,0,0,0,34.75,0.2,0,0,0,0,17-Apr-17
OPTIDX,NIFTY,24-Jun-21,6200,PE,0,0,0,38.95,0.25,0,0,0,0,17-Apr-17
OPTIDX,NIFTY,24-Jun-21,6300,PE,0,0,0,43.55,0.35,0,0,0,0,17-Apr-17
OPTIDX,NIFTY,24-Jun-21,6400,PE,0,0,0,48.55,0.45,0,0,0,0,17-Apr-17
OPTIDX,NIFTY,24-Jun-21,6500,PE,0,0,0,53.95,0.6,0,0,0,0,17-Apr-17
OPTIDX,NIFTY,24-Jun-21,6600,PE,0,0,0,59.8,0.75,0,0,0,0,17-Apr-17
OPTIDX,NIFTY,24-Jun-21,6700,PE,0,0,0,66.05,1,0,0,0,0,17-Apr-17
OPTIDX,NIFTY,24-Jun-21,6800,PE,0,0,0,72.8,1.25,0,0,0,0,17-Apr-17
OPTIDX,NIFTY,24-Jun-21,6900,PE,0,0,0,80,1.6,0,0,0,0,17-Apr-17
OPTIDX,NIFTY,24-Jun-21,7000,PE,0,0,0,87.7,2,0,0,0,0,17-Apr-17
OPTIDX,NIFTY,24-Jun-21,7100,PE,0,0,0,95.9,2.5,0,0,0,0,17-Apr-17
OPTIDX,NIFTY,24-Jun-21,7200,PE,0,0,0,104.65,3.1,0,0,0,0,17-Apr-17
OPTIDX,NIFTY,24-Jun-21,7300,PE,0,0,0,113.95,3.85,0,0,0,0,17-Apr-17
OPTIDX,NIFTY,24-Jun-21,7400,PE,0,0,0,123.75,4.7,0,0,0,0,17-Apr-17
OPTIDX,NIFTY,24-Jun-21,7500,PE,0,0,0,134.15,5.75,0,0,0,0,17-Apr-17
OPTIDX,NIFTY,24-Jun-21,7600,PE,0,0,0,145.15,6.95,0,0,0,0,17-Apr-17
OPTIDX,NIFTY,24-Jun-21,7700,PE,0,0,0,156.75,8.4,0,0,0,0,17-Apr-17
OPTIDX,NIFTY,24-Jun-21,7800,PE,0,0,0,168.95,10.05,0,0,0,0,17-Apr-17
OPTIDX,NIFTY,24-Jun-21,7900,PE,0,0,0,181.75,12,0,0,0,0,17-Apr-17
OPTIDX,NIFTY,24-Jun-21,8000,PE,0,0,0,195.2,14.2,0,0,0,0,17-Apr-17
OPTIDX,NIFTY,24-Jun-21,8100,PE,0,0,0,209.3,16.75,0,0,0,0,17-Apr-17
OPTIDX,NIFTY,24-Jun-21,8200,PE,0,0,0,224.05,19.65,0,0,0,0,17-Apr-17
OPTIDX,NIFTY,24-Jun-21,8300,PE,0,0,0,239.45,22.95,0,0,0,0,17-Apr-17
OPTIDX,NIFTY,24-Jun-21,8400,PE,0,0,0,255.55,26.65,0,0,0,0,17-Apr-17
OPTIDX,NIFTY,24-Jun-21,8500,PE,0,0,0,272.3,30.85,0,0,0,0,17-Apr-17
OPTIDX,NIFTY,24-Jun-21,8600,PE,0,0,0,290,35.55,0,0,0,0,17-Apr-17
OPTIDX,NIFTY,24-Jun-21,8700,PE,0,0,0,308.1,40.8,0,0,0,0,17-Apr-17
OPTIDX,NIFTY,24-Jun-21,8800,PE,0,0,0,326.9,46.6,0,0,0,0,17-Apr-17
OPTIDX,NIFTY,24-Jun-21,8900,PE,0,0,0,346.4,53.05,0,0,0,0,17-Apr-17
OPTIDX,NIFTY,24-Jun-21,9000,PE,0,0,0,366.6,60.2,0,0,0,0,17-Apr-17
OPTIDX,NIFTY,24-Jun-21,9100,PE,0,0,0,387.55,68,0,0,0,0,17-Apr-17
OPTIDX,NIFTY,24-Jun-21,9200,PE,0,0,0,409.2,76.6,0,0,0,0,17-Apr-17
OPTIDX,NIFTY,24-Jun-21,9300,PE,0,0,0,431.55,86,0,0,0,0,17-Apr-17
OPTIDX,NIFTY,24-Jun-21,9400,PE,0,0,0,454.6,96.2,0,0,0,0,17-Apr-17
OPTIDX,NIFTY,24-Jun-21,9500,PE,0,0,0,478.45,107.25,0,0,0,0,17-Apr-17
OPTIDX,NIFTY,24-Jun-21,9600,PE,0,0,0,502.95,119.25,0,0,0,0,17-Apr-17
OPTIDX,NIFTY,24-Jun-21,9700,PE,0,0,0,528.2,132.2,0,0,0,0,17-Apr-17
OPTIDX,NIFTY,24-Jun-21,9800,PE,0,0,0,554.15,146.1,0,0,0,0,17-Apr-17
OPTIDX,NIFTY,24-Jun-21,9900,PE,0,0,0,580.85,161.05,0,0,0,0,17-Apr-17
OPTIDX,NIFTY,24-Jun-21,10000,PE,0,0,0,607.95,177.05,0,0,0,0,17-Apr-17
OPTIDX,NIFTY,24-Jun-21,10100,PE,0,0,0,636.15,194.1,0,0,0,0,17-Apr-17
OPTIDX,NIFTY,24-Jun-21,10200,PE,0,0,0,665,212.3,0,0,0,0,17-Apr-17
OPTIDX,NIFTY,24-Jun-21,10300,PE,0,0,0,694.6,231.9,0,0,0,0,17-Apr-17
OPTIDX,NIFTY,24-Jun-21,10400,PE,0,0,0,724.9,252.35,0,0,0,0,17-Apr-17
OPTIDX,NIFTY,24-Jun-21,10500,PE,0,0,0,755.95,273.95,0,0,0,0,17-Apr-17
OPTIDX,NIFTY,24-Jun-21,10600,PE,0,0,0,787.65,296.8,0,0,0,0,17-Apr-17
OPTIDX,NIFTY,24-Jun-21,10700,PE,0,0,0,820.05,320.5,0,0,0,0,17-Apr-17
OPTIDX,NIFTY,24-Jun-21,10800,PE,0,0,0,794.05,345.9,0,0,0,0,17-Apr-17
OPTIDX,NIFTY,24-Jun-21,10900,PE,0,0,0,836.45,372.5,0,0,0,0,17-Apr-17
OPTIDX,NIFTY,24-Jun-21,11000,PE,0,0,0,775.85,400.4,0,0,0,0,17-Apr-17
OPTIDX,NIFTY,24-Jun-21,11100,PE,0,0,0,642.8,429.6,0,0,0,0,17-Apr-17
OPTIDX,NIFTY,24-Jun-21,11200,PE,0,0,0,625.6,460.05,0,0,0,0,17-Apr-17
OPTIDX,NIFTY,24-Jun-21,11300,PE,0,0,0,658.9,491.8,0,0,0,0,17-Apr-17
OPTIDX,NIFTY,24-Jun-21,11400,PE,0,0,0,643.7,524.8,0,0,0,0,17-Apr-17
OPTIDX,NIFTY,24-Jun-21,11500,PE,0,0,0,736.05,559.1,0,0,0,0,17-Apr-17
OPTIDX,NIFTY,24-Jun-21,11600,PE,0,0,0,729.65,594.7,0,0,0,0,17-Apr-17
OPTIDX,NIFTY,24-Jun-21,11700,PE,0,0,0,648.95,631.55,0,0,0,0,17-Apr-17
OPTIDX,NIFTY,30-Dec-21,5700,CE,0,0,0,4005.4,4941.75,0,0,0,0,17-Apr-17
OPTIDX,NIFTY,30-Dec-21,5800,CE,0,0,0,3936.95,4868.15,0,0,0,0,17-Apr-17
OPTIDX,NIFTY,30-Dec-21,5900,CE,0,0,0,3868.8,4794.5,0,0,0,0,17-Apr-17
OPTIDX,NIFTY,30-Dec-21,6000,CE,0,0,0,3801.1,4720.9,0,0,0,0,17-Apr-17
OPTIDX,NIFTY,30-Dec-21,6100,CE,0,0,0,3733.85,4647.35,0,0,0,0,17-Apr-17
OPTIDX,NIFTY,30-Dec-21,6200,CE,0,0,0,3667,4573.75,0,0,0,0,17-Apr-17
OPTIDX,NIFTY,30-Dec-21,6300,CE,0,0,0,3600.65,4500.2,0,0,0,0,17-Apr-17
OPTIDX,NIFTY,30-Dec-21,6400,CE,0,0,0,3534.75,4426.65,0,0,0,0,17-Apr-17
OPTIDX,NIFTY,30-Dec-21,6500,CE,0,0,0,3469.4,4353.15,0,0,0,0,17-Apr-17
OPTIDX,NIFTY,30-Dec-21,6600,CE,0,0,0,3404.55,4279.7,0,0,0,0,17-Apr-17
OPTIDX,NIFTY,30-Dec-21,6700,CE,0,0,0,3340.3,4206.3,0,0,0,0,17-Apr-17
OPTIDX,NIFTY,30-Dec-21,6800,CE,0,0,0,3276.55,4132.9,0,0,0,0,17-Apr-17
OPTIDX,NIFTY,30-Dec-21,6900,CE,0,0,0,3213.45,4059.6,0,0,0,0,17-Apr-17
OPTIDX,NIFTY,30-Dec-21,7000,CE,0,0,0,3150.9,3986.35,0,0,0,0,17-Apr-17
OPTIDX,NIFTY,30-Dec-21,7100,CE,0,0,0,3089,3913.2,0,0,0,0,17-Apr-17
OPTIDX,NIFTY,30-Dec-21,7200,CE,0,0,0,3027.7,3840.15,0,0,0,0,17-Apr-17
OPTIDX,NIFTY,30-Dec-21,7300,CE,0,0,0,2967.1,3767.2,0,0,0,0,17-Apr-17
OPTIDX,NIFTY,30-Dec-21,7400,CE,0,0,0,2907.15,3694.35,0,0,0,0,17-Apr-17
OPTIDX,NIFTY,30-Dec-21,7500,CE,0,0,0,2847.85,3621.65,0,0,0,0,17-Apr-17
OPTIDX,NIFTY,30-Dec-21,7600,CE,0,0,0,2789.3,3549.15,0,0,0,0,17-Apr-17
OPTIDX,NIFTY,30-Dec-21,7700,CE,0,0,0,2731.4,3476.8,0,0,0,0,17-Apr-17
OPTIDX,NIFTY,30-Dec-21,7800,CE,0,0,0,2674.25,3404.65,0,0,0,0,17-Apr-17
OPTIDX,NIFTY,30-Dec-21,7900,CE,0,0,0,2617.85,3332.75,0,0,0,0,17-Apr-17
OPTIDX,NIFTY,30-Dec-21,8000,CE,0,0,0,2562.15,3261.1,0,0,0,0,17-Apr-17
OPTIDX,NIFTY,30-Dec-21,8100,CE,0,0,0,2507.2,3189.7,0,0,0,0,17-Apr-17
OPTIDX,NIFTY,30-Dec-21,8200,CE,0,0,0,2453.25,3118.6,0,0,0,0,17-Apr-17
OPTIDX,NIFTY,30-Dec-21,8300,CE,0,0,0,2399.85,3047.85,0,0,0,0,17-Apr-17
OPTIDX,NIFTY,30-Dec-21,8400,CE,0,0,0,2347.15,2977.45,0,0,0,0,17-Apr-17
OPTIDX,NIFTY,30-Dec-21,8500,CE,0,0,0,2295.25,2907.45,0,0,0,0,17-Apr-17
OPTIDX,NIFTY,30-Dec-21,8600,CE,0,0,0,2244.15,2837.9,0,0,0,0,17-Apr-17
OPTIDX,NIFTY,30-Dec-21,8700,CE,0,0,0,2193.85,2768.8,0,0,0,0,17-Apr-17
OPTIDX,NIFTY,30-Dec-21,8800,CE,0,0,0,2144.3,2700.15,0,0,0,0,17-Apr-17
OPTIDX,NIFTY,30-Dec-21,8900,CE,0,0,0,2095.6,2632.05,0,0,0,0,17-Apr-17
OPTIDX,NIFTY,30-Dec-21,9000,CE,0,0,0,2047.65,2564.5,0,0,0,0,17-Apr-17
OPTIDX,NIFTY,30-Dec-21,9100,CE,0,0,0,2000.5,2497.55,0,0,0,0,17-Apr-17
OPTIDX,NIFTY,30-Dec-21,9200,CE,0,0,0,1954.15,2431.2,0,0,0,0,17-Apr-17
OPTIDX,NIFTY,30-Dec-21,9300,CE,0,0,0,1908.6,2365.55,0,0,0,0,17-Apr-17
OPTIDX,NIFTY,30-Dec-21,9400,CE,0,0,0,1863.55,2300.55,0,0,0,0,17-Apr-17
OPTIDX,NIFTY,30-Dec-21,9500,CE,0,0,0,1819.65,2236.3,0,0,0,0,17-Apr-17
OPTIDX,NIFTY,30-Dec-21,9600,CE,0,0,0,1776.5,2172.85,0,0,0,0,17-Apr-17
OPTIDX,NIFTY,30-Dec-21,9700,CE,0,0,0,1734.2,2110.15,0,0,0,0,17-Apr-17
OPTIDX,NIFTY,30-Dec-21,9800,CE,0,0,0,1692.65,2048.25,0,0,0,0,17-Apr-17
OPTIDX,NIFTY,30-Dec-21,9900,CE,0,0,0,1651.9,1987.2,0,0,0,0,17-Apr-17
OPTIDX,NIFTY,30-Dec-21,10000,CE,0,0,0,1611.9,1927.1,0,0,0,0,17-Apr-17
OPTIDX,NIFTY,30-Dec-21,10100,CE,0,0,0,1572.7,1867.85,0,0,0,0,17-Apr-17
OPTIDX,NIFTY,30-Dec-21,10200,CE,0,0,0,1534.25,1809.55,0,0,0,0,17-Apr-17
OPTIDX,NIFTY,30-Dec-21,10300,CE,0,0,0,1496.55,1752.2,0,0,0,0,17-Apr-17
OPTIDX,NIFTY,30-Dec-21,10400,CE,0,0,0,1459.65,1695.85,0,0,0,0,17-Apr-17
OPTIDX,NIFTY,30-Dec-21,10500,CE,0,0,0,1423.45,1640.85,0,0,0,0,17-Apr-17
OPTIDX,NIFTY,30-Dec-21,10600,CE,0,0,0,1454.6,1586.5,0,0,0,0,17-Apr-17
OPTIDX,NIFTY,30-Dec-21,10700,CE,0,0,0,1402.85,1533.2,0,0,0,0,17-Apr-17
OPTIDX,NIFTY,30-Dec-21,10800,CE,0,0,0,1403.7,1480.95,0,0,0,0,17-Apr-17
OPTIDX,NIFTY,30-Dec-21,10900,CE,0,0,0,1307.65,1429.8,0,0,0,0,17-Apr-17
OPTIDX,NIFTY,30-Dec-21,11000,CE,0,0,0,1447.2,1379.4,0,0,0,0,17-Apr-17
OPTIDX,NIFTY,30-Dec-21,11100,CE,0,0,0,1564.4,1330.5,0,0,0,0,17-Apr-17
OPTIDX,NIFTY,30-Dec-21,11200,CE,0,0,0,1497.95,1282.75,0,0,0,0,17-Apr-17
OPTIDX,NIFTY,30-Dec-21,11300,CE,0,0,0,1311.35,1236.1,0,0,0,0,17-Apr-17
OPTIDX,NIFTY,30-Dec-21,11400,CE,0,0,0,1205.75,1190.6,0,0,0,0,17-Apr-17
OPTIDX,NIFTY,30-Dec-21,11500,CE,0,0,0,1323.15,1146.2,0,0,0,0,17-Apr-17
OPTIDX,NIFTY,30-Dec-21,11600,CE,0,0,0,1309.7,1103,0,0,0,0,17-Apr-17
OPTIDX,NIFTY,30-Dec-21,11700,CE,0,0,0,1239.4,1060.9,0,0,0,0,17-Apr-17
OPTIDX,NIFTY,30-Dec-21,5700,PE,0,0,0,29.05,0.1,0,0,0,0,17-Apr-17
OPTIDX,NIFTY,30-Dec-21,5800,PE,0,0,0,33,0.1,0,0,0,0,17-Apr-17
OPTIDX,NIFTY,30-Dec-21,5900,PE,0,0,0,37.3,0.15,0,0,0,0,17-Apr-17
OPTIDX,NIFTY,30-Dec-21,6000,PE,0,0,0,42,0.2,0,0,0,0,17-Apr-17
OPTIDX,NIFTY,30-Dec-21,6100,PE,0,0,0,47.15,0.25,0,0,0,0,17-Apr-17
OPTIDX,NIFTY,30-Dec-21,6200,PE,0,0,0,52.7,0.3,0,0,0,0,17-Apr-17
OPTIDX,NIFTY,30-Dec-21,6300,PE,0,0,0,58.75,0.4,0,0,0,0,17-Apr-17
OPTIDX,NIFTY,30-Dec-21,6400,PE,0,0,0,65.3,0.5,0,0,0,0,17-Apr-17
OPTIDX,NIFTY,30-Dec-21,6500,PE,0,0,0,72.35,0.65,0,0,0,0,17-Apr-17
OPTIDX,NIFTY,30-Dec-21,6600,PE,0,0,0,79.9,0.8,0,0,0,0,17-Apr-17
OPTIDX,NIFTY,30-Dec-21,6700,PE,0,0,0,88,1.05,0,0,0,0,17-Apr-17
OPTIDX,NIFTY,30-Dec-21,6800,PE,0,0,0,96.7,1.3,0,0,0,0,17-Apr-17
OPTIDX,NIFTY,30-Dec-21,6900,PE,0,0,0,106,1.65,0,0,0,0,17-Apr-17
OPTIDX,NIFTY,30-Dec-21,7000,PE,0,0,0,115.85,2.05,0,0,0,0,17-Apr-17
OPTIDX,NIFTY,30-Dec-21,7100,PE,0,0,0,126.35,2.55,0,0,0,0,17-Apr-17
OPTIDX,NIFTY,30-Dec-21,7200,PE,0,0,0,137.5,3.1,0,0,0,0,17-Apr-17
OPTIDX,NIFTY,30-Dec-21,7300,PE,0,0,0,149.25,3.8,0,0,0,0,17-Apr-17
OPTIDX,NIFTY,30-Dec-21,7400,PE,0,0,0,161.75,4.6,0,0,0,0,17-Apr-17
OPTIDX,NIFTY,30-Dec-21,7500,PE,0,0,0,174.85,5.55,0,0,0,0,17-Apr-17
OPTIDX,NIFTY,30-Dec-21,7600,PE,0,0,0,188.7,6.7,0,0,0,0,17-Apr-17
OPTIDX,NIFTY,30-Dec-21,7700,PE,0,0,0,203.2,8,0,0,0,0,17-Apr-17
OPTIDX,NIFTY,30-Dec-21,7800,PE,0,0,0,218.5,9.5,0,0,0,0,17-Apr-17
OPTIDX,NIFTY,30-Dec-21,7900,PE,0,0,0,234.45,11.2,0,0,0,0,17-Apr-17
OPTIDX,NIFTY,30-Dec-21,8000,PE,0,0,0,251.2,13.2,0,0,0,0,17-Apr-17
OPTIDX,NIFTY,30-Dec-21,8100,PE,0,0,0,268.65,15.45,0,0,0,0,17-Apr-17
OPTIDX,NIFTY,30-Dec-21,8200,PE,0,0,0,287.1,18,0,0,0,0,17-Apr-17
OPTIDX,NIFTY,30-Dec-21,8300,PE,0,0,0,306.1,20.9,0,0,0,0,17-Apr-17
OPTIDX,NIFTY,30-Dec-21,8400,PE,0,0,0,325.85,24.15,0,0,0,0,17-Apr-17
OPTIDX,NIFTY,30-Dec-21,8500,PE,0,0,0,346.35,27.8,0,0,0,0,17-Apr-17
OPTIDX,NIFTY,30-Dec-21,8600,PE,0,0,0,367.65,31.85,0,0,0,0,17-Apr-17
OPTIDX,NIFTY,30-Dec-21,8700,PE,0,0,0,389.75,36.4,0,0,0,0,17-Apr-17
OPTIDX,NIFTY,30-Dec-21,8800,PE,0,0,0,412.6,41.4,0,0,0,0,17-Apr-17
OPTIDX,NIFTY,30-Dec-21,8900,PE,0,0,0,436.3,46.95,0,0,0,0,17-Apr-17
OPTIDX,NIFTY,30-Dec-21,9000,PE,0,0,0,460.75,53.05,0,0,0,0,17-Apr-17
OPTIDX,NIFTY,30-Dec-21,9100,PE,0,0,0,486.05,59.75,0,0,0,0,17-Apr-17
OPTIDX,NIFTY,30-Dec-21,9200,PE,0,0,0,512.1,67.05,0,0,0,0,17-Apr-17
OPTIDX,NIFTY,30-Dec-21,9300,PE,0,0,0,538.95,75,0,0,0,0,17-Apr-17
OPTIDX,NIFTY,30-Dec-21,9400,PE,0,0,0,566.3,83.7,0,0,0,0,17-Apr-17
OPTIDX,NIFTY,30-Dec-21,9500,PE,0,0,0,594.8,93.1,0,0,0,0,17-Apr-17
OPTIDX,NIFTY,30-Dec-21,9600,PE,0,0,0,624.1,103.25,0,0,0,0,17-Apr-17
OPTIDX,NIFTY,30-Dec-21,9700,PE,0,0,0,654.15,114.15,0,0,0,0,17-Apr-17
OPTIDX,NIFTY,30-Dec-21,9800,PE,0,0,0,685.05,125.95,0,0,0,0,17-Apr-17
OPTIDX,NIFTY,30-Dec-21,9900,PE,0,0,0,716.7,138.55,0,0,0,0,17-Apr-17
OPTIDX,NIFTY,30-Dec-21,10000,PE,0,0,0,749.1,152.05,0,0,0,0,17-Apr-17
OPTIDX,NIFTY,30-Dec-21,10100,PE,0,0,0,782.3,166.45,0,0,0,0,17-Apr-17
OPTIDX,NIFTY,30-Dec-21,10200,PE,0,0,0,816.25,181.8,0,0,0,0,17-Apr-17
OPTIDX,NIFTY,30-Dec-21,10300,PE,0,0,0,851,198.1,0,0,0,0,17-Apr-17
OPTIDX,NIFTY,30-Dec-21,10400,PE,0,0,0,886.45,215.4,0,0,0,0,17-Apr-17
OPTIDX,NIFTY,30-Dec-21,10500,PE,0,0,0,922.65,234.05,0,0,0,0,17-Apr-17
OPTIDX,NIFTY,30-Dec-21,10600,PE,0,0,0,936.6,253.3,0,0,0,0,17-Apr-17
OPTIDX,NIFTY,30-Dec-21,10700,PE,0,0,0,847.7,273.65,0,0,0,0,17-Apr-17
OPTIDX,NIFTY,30-Dec-21,10800,PE,0,0,0,802.9,295.05,0,0,0,0,17-Apr-17
OPTIDX,NIFTY,30-Dec-21,10900,PE,0,0,0,694.45,317.55,0,0,0,0,17-Apr-17
OPTIDX,NIFTY,30-Dec-21,11000,PE,0,0,0,774.25,340.8,0,0,0,0,17-Apr-17
OPTIDX,NIFTY,30-Dec-21,11100,PE,0,0,0,870.45,365.55,0,0,0,0,17-Apr-17
OPTIDX,NIFTY,30-Dec-21,11200,PE,0,0,0,806.9,391.4,0,0,0,0,17-Apr-17
OPTIDX,NIFTY,30-Dec-21,11300,PE,0,0,0,643.25,418.45,0,0,0,0,17-Apr-17
OPTIDX,NIFTY,30-Dec-21,11400,PE,0,0,0,554.9,446.55,0,0,0,0,17-Apr-17
OPTIDX,NIFTY,30-Dec-21,11500,PE,0,0,0,653.95,475.85,0,0,0,0,17-Apr-17
OPTIDX,NIFTY,30-Dec-21,11600,PE,0,0,0,645.95,506.25,0,0,0,0,17-Apr-17
OPTIDX,NIFTY,30-Dec-21,11700,PE,0,0,0,563.9,537.8,0,0,0,0,17-Apr-17
OPTIDX,NIFTYCPSE,20-Apr-17,2350,CE,0,0,0,174.15,302.65,0,0,0,0,17-Apr-17
OPTIDX,NIFTYCPSE,20-Apr-17,2375,CE,0,0,0,180.9,277.65,0,0,0,0,17-Apr-17
OPTIDX,NIFTYCPSE,20-Apr-17,2400,CE,0,0,0,192.35,252.65,0,0,0,0,17-Apr-17
OPTIDX,NIFTYCPSE,20-Apr-17,2425,CE,0,0,0,173.85,227.7,0,0,0,0,17-Apr-17
OPTIDX,NIFTYCPSE,20-Apr-17,2450,CE,0,0,0,156.1,202.7,0,0,0,0,17-Apr-17
OPTIDX,NIFTYCPSE,20-Apr-17,2475,CE,0,0,0,139.5,177.7,0,0,0,0,17-Apr-17
OPTIDX,NIFTYCPSE,20-Apr-17,2500,CE,0,0,0,123.95,152.75,0,0,0,0,17-Apr-17
OPTIDX,NIFTYCPSE,20-Apr-17,2525,CE,0,0,0,109.55,127.75,0,0,0,0,17-Apr-17
OPTIDX,NIFTYCPSE,20-Apr-17,2550,CE,0,0,0,96.25,102.75,0,0,0,0,17-Apr-17
OPTIDX,NIFTYCPSE,20-Apr-17,2575,CE,0,0,0,84.05,77.95,0,0,0,0,17-Apr-17
OPTIDX,NIFTYCPSE,20-Apr-17,2600,CE,0,0,0,72.95,53.9,0,0,0,0,17-Apr-17
OPTIDX,NIFTYCPSE,20-Apr-17,2625,CE,0,0,0,62.95,32.35,0,0,0,0,17-Apr-17
OPTIDX,NIFTYCPSE,20-Apr-17,2650,CE,0,0,0,54,15.9,0,0,0,0,17-Apr-17
OPTIDX,NIFTYCPSE,20-Apr-17,2675,CE,0,0,0,46.05,6.05,0,0,0,0,17-Apr-17
OPTIDX,NIFTYCPSE,20-Apr-17,2700,CE,0,0,0,39,1.7,0,0,0,0,17-Apr-17
OPTIDX,NIFTYCPSE,20-Apr-17,2725,CE,0,0,0,39.3,0.35,0,0,0,0,17-Apr-17
OPTIDX,NIFTYCPSE,20-Apr-17,2750,CE,0,0,0,36.75,0.05,0,0,0,0,17-Apr-17
OPTIDX,NIFTYCPSE,20-Apr-17,2775,CE,0,0,0,1.45,0,0,0,0,0,17-Apr-17
OPTIDX,NIFTYCPSE,20-Apr-17,2800,CE,0,0,0,0.6,0,0,0,0,0,17-Apr-17
OPTIDX,NIFTYCPSE,20-Apr-17,2350,PE,0,0,0,4.7,0,0,0,0,0,17-Apr-17
OPTIDX,NIFTYCPSE,20-Apr-17,2375,PE,0,0,0,7.5,0,0,0,0,0,17-Apr-17
OPTIDX,NIFTYCPSE,20-Apr-17,2400,PE,0,0,0,26.1,0,0,0,0,0,17-Apr-17
OPTIDX,NIFTYCPSE,20-Apr-17,2425,PE,0,0,0,32.3,0,0,0,0,0,17-Apr-17
OPTIDX,NIFTYCPSE,20-Apr-17,2450,PE,0,0,0,39.3,0,0,0,0,0,17-Apr-17
OPTIDX,NIFTYCPSE,20-Apr-17,2475,PE,0,0,0,47.4,0,0,0,0,0,17-Apr-17
OPTIDX,NIFTYCPSE,20-Apr-17,2500,PE,0,0,0,56.6,0,0,0,0,0,17-Apr-17
OPTIDX,NIFTYCPSE,20-Apr-17,2525,PE,0,0,0,66.9,0,0,0,0,0,17-Apr-17
OPTIDX,NIFTYCPSE,20-Apr-17,2550,PE,0,0,0,78.3,0.05,0,0,0,0,17-Apr-17
OPTIDX,NIFTYCPSE,20-Apr-17,2575,PE,0,0,0,90.8,0.2,0,0,0,0,17-Apr-17
OPTIDX,NIFTYCPSE,20-Apr-17,2600,PE,0,0,0,104.45,1.15,0,0,0,0,17-Apr-17
OPTIDX,NIFTYCPSE,20-Apr-17,2625,PE,0,0,0,119.15,4.6,0,0,0,0,17-Apr-17
OPTIDX,NIFTYCPSE,20-Apr-17,2650,PE,0,0,0,134.95,13.1,0,0,0,0,17-Apr-17
OPTIDX,NIFTYCPSE,20-Apr-17,2675,PE,0,0,0,151.7,28.25,0,0,0,0,17-Apr-17
OPTIDX,NIFTYCPSE,20-Apr-17,2700,PE,0,0,0,169.4,48.9,0,0,0,0,17-Apr-17
OPTIDX,NIFTYCPSE,20-Apr-17,2725,PE,0,0,0,156.65,72.55,0,0,0,0,17-Apr-17
OPTIDX,NIFTYCPSE,20-Apr-17,2750,PE,0,0,0,159.4,97.25,0,0,0,0,17-Apr-17
OPTIDX,NIFTYCPSE,20-Apr-17,2775,PE,0,0,0,114.2,122.15,0,0,0,0,17-Apr-17
OPTIDX,NIFTYCPSE,20-Apr-17,2800,PE,0,0,0,138.35,147.15,0,0,0,0,17-Apr-17
OPTIDX,NIFTYCPSE,27-Apr-17,2350,CE,0,0,0,231.35,305.5,0,0,0,0,17-Apr-17
OPTIDX,NIFTYCPSE,27-Apr-17,2375,CE,0,0,0,213.3,280.55,0,0,0,0,17-Apr-17
OPTIDX,NIFTYCPSE,27-Apr-17,2400,CE,0,0,0,229.1,255.6,0,0,0,0,17-Apr-17
OPTIDX,NIFTYCPSE,27-Apr-17,2425,CE,0,0,0,224,230.65,0,0,0,0,17-Apr-17
OPTIDX,NIFTYCPSE,27-Apr-17,2450,CE,0,0,0,206.4,205.7,0,0,0,0,17-Apr-17
OPTIDX,NIFTYCPSE,27-Apr-17,2475,CE,0,0,0,189.7,180.75,0,0,0,0,17-Apr-17
OPTIDX,NIFTYCPSE,27-Apr-17,2500,CE,0,0,0,173.85,155.95,0,0,0,0,17-Apr-17
OPTIDX,NIFTYCPSE,27-Apr-17,2525,CE,0,0,0,158.8,131.3,0,0,0,0,17-Apr-17
OPTIDX,NIFTYCPSE,27-Apr-17,2550,CE,0,0,0,144.6,107.25,0,0,0,0,17-Apr-17
OPTIDX,NIFTYCPSE,27-Apr-17,2575,CE,0,0,0,131.25,84.25,0,0,0,0,17-Apr-17
OPTIDX,NIFTYCPSE,27-Apr-17,2600,CE,0,0,0,118.75,63.1,0,0,0,0,17-Apr-17
OPTIDX,NIFTYCPSE,27-Apr-17,2625,CE,0,0,0,107.1,44.6,0,0,0,0,17-Apr-17
OPTIDX,NIFTYCPSE,27-Apr-17,2650,CE,0,0,0,96.3,29.5,0,0,0,0,17-Apr-17
OPTIDX,NIFTYCPSE,27-Apr-17,2675,CE,0,0,0,86.25,18.05,0,0,0,0,17-Apr-17
OPTIDX,NIFTYCPSE,27-Apr-17,2700,CE,0,0,0,77.05,10.35,0,0,0,0,17-Apr-17
OPTIDX,NIFTYCPSE,27-Apr-17,2725,CE,0,0,0,68.6,5.3,0,0,0,0,17-Apr-17
OPTIDX,NIFTYCPSE,27-Apr-17,2750,CE,0,0,0,59.95,2.5,0,0,0,0,17-Apr-17
OPTIDX,NIFTYCPSE,27-Apr-17,2775,CE,0,0,0,5.15,1.1,0,0,0,0,17-Apr-17
OPTIDX,NIFTYCPSE,27-Apr-17,2800,CE,0,0,0,2.9,0.45,0,0,0,0,17-Apr-17
OPTIDX,NIFTYCPSE,27-Apr-17,2350,PE,0,0,0,36.3,0,0,0,0,0,17-Apr-17
OPTIDX,NIFTYCPSE,27-Apr-17,2375,PE,0,0,0,42.9,0,0,0,0,0,17-Apr-17
OPTIDX,NIFTYCPSE,27-Apr-17,2400,PE,0,0,0,34.05,0,0,0,0,0,17-Apr-17
OPTIDX,NIFTYCPSE,27-Apr-17,2425,PE,0,0,0,42.45,0,0,0,0,0,17-Apr-17
OPTIDX,NIFTYCPSE,27-Apr-17,2450,PE,0,0,0,49.45,0.05,0,0,0,0,17-Apr-17
OPTIDX,NIFTYCPSE,27-Apr-17,2475,PE,0,0,0,57.35,0.05,0,0,0,0,17-Apr-17
OPTIDX,NIFTYCPSE,27-Apr-17,2500,PE,0,0,0,66.05,0.2,0,0,0,0,17-Apr-17
OPTIDX,NIFTYCPSE,27-Apr-17,2525,PE,0,0,0,75.6,0.55,0,0,0,0,17-Apr-17
OPTIDX,NIFTYCPSE,27-Apr-17,2550,PE,0,0,0,86,1.4,0,0,0,0,17-Apr-17
OPTIDX,NIFTYCPSE,27-Apr-17,2575,PE,0,0,0,97.25,3.35,0,0,0,0,17-Apr-17
OPTIDX,NIFTYCPSE,27-Apr-17,2600,PE,0,0,0,109.3,7.15,0,0,0,0,17-Apr-17
OPTIDX,NIFTYCPSE,27-Apr-17,2625,PE,0,0,0,122.25,13.6,0,0,0,0,17-Apr-17
OPTIDX,NIFTYCPSE,27-Apr-17,2650,PE,0,0,0,136,23.45,0,0,0,0,17-Apr-17
OPTIDX,NIFTYCPSE,27-Apr-17,2675,PE,0,0,0,150.6,37,0,0,0,0,17-Apr-17
OPTIDX,NIFTYCPSE,27-Apr-17,2700,PE,0,0,0,166,54.25,0,0,0,0,17-Apr-17
OPTIDX,NIFTYCPSE,27-Apr-17,2725,PE,0,0,0,182.1,74.15,0,0,0,0,17-Apr-17
OPTIDX,NIFTYCPSE,27-Apr-17,2750,PE,0,0,0,175.05,96.35,0,0,0,0,17-Apr-17
OPTIDX,NIFTYCPSE,27-Apr-17,2775,PE,0,0,0,114.55,119.85,0,0,0,0,17-Apr-17
OPTIDX,NIFTYCPSE,27-Apr-17,2800,PE,0,0,0,137.25,144.15,0,0,0,0,17-Apr-17
OPTIDX,NIFTYCPSE,4-May-17,2350,CE,0,0,0,183.15,308.35,0,0,0,0,17-Apr-17
OPTIDX,NIFTYCPSE,4-May-17,2375,CE,0,0,0,190.45,283.45,0,0,0,0,17-Apr-17
OPTIDX,NIFTYCPSE,4-May-17,2400,CE,0,0,0,192.85,258.55,0,0,0,0,17-Apr-17
OPTIDX,NIFTYCPSE,4-May-17,2425,CE,0,0,0,172.75,233.65,0,0,0,0,17-Apr-17
OPTIDX,NIFTYCPSE,4-May-17,2450,CE,0,0,0,153.7,208.8,0,0,0,0,17-Apr-17
OPTIDX,NIFTYCPSE,4-May-17,2475,CE,0,0,0,135.7,184.15,0,0,0,0,17-Apr-17
OPTIDX,NIFTYCPSE,4-May-17,2500,CE,0,0,0,118.9,159.75,0,0,0,0,17-Apr-17
OPTIDX,NIFTYCPSE,4-May-17,2525,CE,0,0,0,103.4,135.9,0,0,0,0,17-Apr-17
OPTIDX,NIFTYCPSE,4-May-17,2550,CE,0,0,0,89.15,112.9,0,0,0,0,17-Apr-17
OPTIDX,NIFTYCPSE,4-May-17,2575,CE,0,0,0,76.25,91.25,0,0,0,0,17-Apr-17
OPTIDX,NIFTYCPSE,4-May-17,2600,CE,0,0,0,64.65,71.45,0,0,0,0,17-Apr-17
OPTIDX,NIFTYCPSE,4-May-17,2625,CE,0,0,0,54.35,53.95,0,0,0,0,17-Apr-17
OPTIDX,NIFTYCPSE,4-May-17,2650,CE,0,0,0,45.3,39.15,0,0,0,0,17-Apr-17
OPTIDX,NIFTYCPSE,4-May-17,2675,CE,0,0,0,37.4,27.2,0,0,0,0,17-Apr-17
OPTIDX,NIFTYCPSE,4-May-17,2700,CE,0,0,0,30.7,18.05,0,0,0,0,17-Apr-17
OPTIDX,NIFTYCPSE,4-May-17,2725,CE,0,0,0,28.25,11.45,0,0,0,0,17-Apr-17
OPTIDX,NIFTYCPSE,4-May-17,2750,CE,0,0,0,21.7,6.9,0,0,0,0,17-Apr-17
OPTIDX,NIFTYCPSE,4-May-17,2775,CE,0,0,0,9.65,3.95,0,0,0,0,17-Apr-17
OPTIDX,NIFTYCPSE,4-May-17,2800,CE,0,0,0,6.25,2.15,0,0,0,0,17-Apr-17
OPTIDX,NIFTYCPSE,4-May-17,2350,PE,0,0,0,7.85,0,0,0,0,0,17-Apr-17
OPTIDX,NIFTYCPSE,4-May-17,2375,PE,0,0,0,11.2,0.05,0,0,0,0,17-Apr-17
OPTIDX,NIFTYCPSE,4-May-17,2400,PE,0,0,0,15.1,0.05,0,0,0,0,17-Apr-17
OPTIDX,NIFTYCPSE,4-May-17,2425,PE,0,0,0,19.75,0.1,0,0,0,0,17-Apr-17
OPTIDX,NIFTYCPSE,4-May-17,2450,PE,0,0,0,25.4,0.2,0,0,0,0,17-Apr-17
OPTIDX,NIFTYCPSE,4-May-17,2475,PE,0,0,0,32.15,0.4,0,0,0,0,17-Apr-17
OPTIDX,NIFTYCPSE,4-May-17,2500,PE,0,0,0,40.05,0.95,0,0,0,0,17-Apr-17
OPTIDX,NIFTYCPSE,4-May-17,2525,PE,0,0,0,49.25,2,0,0,0,0,17-Apr-17
OPTIDX,NIFTYCPSE,4-May-17,2550,PE,0,0,0,59.75,3.95,0,0,0,0,17-Apr-17
OPTIDX,NIFTYCPSE,4-May-17,2575,PE,0,0,0,71.55,7.25,0,0,0,0,17-Apr-17
OPTIDX,NIFTYCPSE,4-May-17,2600,PE,0,0,0,84.65,12.35,0,0,0,0,17-Apr-17
OPTIDX,NIFTYCPSE,4-May-17,2625,PE,0,0,0,99.1,19.8,0,0,0,0,17-Apr-17
OPTIDX,NIFTYCPSE,4-May-17,2650,PE,0,0,0,114.75,29.9,0,0,0,0,17-Apr-17
OPTIDX,NIFTYCPSE,4-May-17,2675,PE,0,0,0,131.6,42.9,0,0,0,0,17-Apr-17
OPTIDX,NIFTYCPSE,4-May-17,2700,PE,0,0,0,149.6,58.7,0,0,0,0,17-Apr-17
OPTIDX,NIFTYCPSE,4-May-17,2725,PE,0,0,0,141.2,77,0,0,0,0,17-Apr-17
OPTIDX,NIFTYCPSE,4-May-17,2750,PE,0,0,0,154.5,97.35,0,0,0,0,17-Apr-17
OPTIDX,NIFTYCPSE,4-May-17,2775,PE,0,0,0,115.65,119.35,0,0,0,0,17-Apr-17
OPTIDX,NIFTYCPSE,4-May-17,2800,PE,0,0,0,137.2,142.45,0,0,0,0,17-Apr-17
OPTIDX,NIFTYCPSE,11-May-17,2350,CE,0,0,0,187.6,311.25,0,0,0,0,17-Apr-17
OPTIDX,NIFTYCPSE,11-May-17,2375,CE,0,0,0,195.15,286.35,0,0,0,0,17-Apr-17
OPTIDX,NIFTYCPSE,11-May-17,2400,CE,0,0,0,174.7,261.55,0,0,0,0,17-Apr-17
OPTIDX,NIFTYCPSE,11-May-17,2425,CE,0,0,0,155.2,236.8,0,0,0,0,17-Apr-17
OPTIDX,NIFTYCPSE,11-May-17,2450,CE,0,0,0,136.8,212.2,0,0,0,0,17-Apr-17
OPTIDX,NIFTYCPSE,11-May-17,2475,CE,0,0,0,119.65,187.85,0,0,0,0,17-Apr-17
OPTIDX,NIFTYCPSE,11-May-17,2500,CE,0,0,0,103.75,164,0,0,0,0,17-Apr-17
OPTIDX,NIFTYCPSE,11-May-17,2525,CE,0,0,0,89.2,140.85,0,0,0,0,17-Apr-17
OPTIDX,NIFTYCPSE,11-May-17,2550,CE,0,0,0,76,118.7,0,0,0,0,17-Apr-17
OPTIDX,NIFTYCPSE,11-May-17,2575,CE,0,0,0,64.15,97.95,0,0,0,0,17-Apr-17
OPTIDX,NIFTYCPSE,11-May-17,2600,CE,0,0,0,53.65,78.9,0,0,0,0,17-Apr-17
OPTIDX,NIFTYCPSE,11-May-17,2625,CE,0,0,0,44.45,61.95,0,0,0,0,17-Apr-17
OPTIDX,NIFTYCPSE,11-May-17,2650,CE,0,0,0,36.45,47.3,0,0,0,0,17-Apr-17
OPTIDX,NIFTYCPSE,11-May-17,2675,CE,0,0,0,29.65,35.05,0,0,0,0,17-Apr-17
OPTIDX,NIFTYCPSE,11-May-17,2700,CE,0,0,0,13.75,25.15,0,0,0,0,17-Apr-17
OPTIDX,NIFTYCPSE,11-May-17,2725,CE,0,0,0,6.35,17.45,0,0,0,0,17-Apr-17
OPTIDX,NIFTYCPSE,11-May-17,2750,CE,0,0,0,6.7,11.75,0,0,0,0,17-Apr-17
OPTIDX,NIFTYCPSE,11-May-17,2775,CE,0,0,0,14.4,7.6,0,0,0,0,17-Apr-17
OPTIDX,NIFTYCPSE,11-May-17,2800,CE,0,0,0,10.1,4.8,0,0,0,0,17-Apr-17
OPTIDX,NIFTYCPSE,11-May-17,2350,PE,0,0,0,9.45,0.05,0,0,0,0,17-Apr-17
OPTIDX,NIFTYCPSE,11-May-17,2375,PE,0,0,0,12.95,0.05,0,0,0,0,17-Apr-17
OPTIDX,NIFTYCPSE,11-May-17,2400,PE,0,0,0,17.2,0.15,0,0,0,0,17-Apr-17
OPTIDX,NIFTYCPSE,11-May-17,2425,PE,0,0,0,22.45,0.25,0,0,0,0,17-Apr-17
OPTIDX,NIFTYCPSE,11-May-17,2450,PE,0,0,0,28.8,0.55,0,0,0,0,17-Apr-17
OPTIDX,NIFTYCPSE,11-May-17,2475,PE,0,0,0,36.35,1.15,0,0,0,0,17-Apr-17
OPTIDX,NIFTYCPSE,11-May-17,2500,PE,0,0,0,45.15,2.15,0,0,0,0,17-Apr-17
OPTIDX,NIFTYCPSE,11-May-17,2525,PE,0,0,0,55.3,3.9,0,0,0,0,17-Apr-17
OPTIDX,NIFTYCPSE,11-May-17,2550,PE,0,0,0,66.85,6.65,0,0,0,0,17-Apr-17
OPTIDX,NIFTYCPSE,11-May-17,2575,PE,0,0,0,79.7,10.8,0,0,0,0,17-Apr-17
OPTIDX,NIFTYCPSE,11-May-17,2600,PE,0,0,0,93.95,16.65,0,0,0,0,17-Apr-17
OPTIDX,NIFTYCPSE,11-May-17,2625,PE,0,0,0,109.45,24.6,0,0,0,0,17-Apr-17
OPTIDX,NIFTYCPSE,11-May-17,2650,PE,0,0,0,126.2,34.85,0,0,0,0,17-Apr-17
OPTIDX,NIFTYCPSE,11-May-17,2675,PE,0,0,0,144.1,47.45,0,0,0,0,17-Apr-17
OPTIDX,NIFTYCPSE,11-May-17,2700,PE,0,0,0,147.65,62.5,0,0,0,0,17-Apr-17
OPTIDX,NIFTYCPSE,11-May-17,2725,PE,0,0,0,142.45,79.7,0,0,0,0,17-Apr-17
OPTIDX,NIFTYCPSE,11-May-17,2750,PE,0,0,0,132.25,98.85,0,0,0,0,17-Apr-17
OPTIDX,NIFTYCPSE,11-May-17,2775,PE,0,0,0,117.05,119.65,0,0,0,0,17-Apr-17
OPTIDX,NIFTYCPSE,11-May-17,2800,PE,0,0,0,137.6,141.7,0,0,0,0,17-Apr-17
OPTIDX,NIFTYCPSE,18-May-17,2350,CE,0,0,0,184.9,314.4,0,0,0,0,17-Apr-17
OPTIDX,NIFTYCPSE,18-May-17,2375,CE,0,0,0,192.95,289.65,0,0,0,0,17-Apr-17
OPTIDX,NIFTYCPSE,18-May-17,2400,CE,0,0,0,172.25,264.95,0,0,0,0,17-Apr-17
OPTIDX,NIFTYCPSE,18-May-17,2425,CE,0,0,0,152.55,240.4,0,0,0,0,17-Apr-17
OPTIDX,NIFTYCPSE,18-May-17,2450,CE,0,0,0,134.05,216.05,0,0,0,0,17-Apr-17
OPTIDX,NIFTYCPSE,18-May-17,2475,CE,0,0,0,116.6,192.15,0,0,0,0,17-Apr-17
OPTIDX,NIFTYCPSE,18-May-17,2500,CE,0,0,0,100.6,168.75,0,0,0,0,17-Apr-17
OPTIDX,NIFTYCPSE,18-May-17,2525,CE,0,0,0,85.95,146.2,0,0,0,0,17-Apr-17
OPTIDX,NIFTYCPSE,18-May-17,2550,CE,0,0,0,72.7,124.7,0,0,0,0,17-Apr-17
OPTIDX,NIFTYCPSE,18-May-17,2575,CE,0,0,0,60.9,104.55,0,0,0,0,17-Apr-17
OPTIDX,NIFTYCPSE,18-May-17,2600,CE,0,0,0,50.5,86,0,0,0,0,17-Apr-17
OPTIDX,NIFTYCPSE,18-May-17,2625,CE,0,0,0,41.45,69.35,0,0,0,0,17-Apr-17
OPTIDX,NIFTYCPSE,18-May-17,2650,CE,0,0,0,33.65,54.75,0,0,0,0,17-Apr-17
OPTIDX,NIFTYCPSE,18-May-17,2675,CE,0,0,0,27.15,42.2,0,0,0,0,17-Apr-17
OPTIDX,NIFTYCPSE,18-May-17,2700,CE,0,0,0,17,31.8,0,0,0,0,17-Apr-17
OPTIDX,NIFTYCPSE,18-May-17,2725,CE,0,0,0,9.05,23.35,0,0,0,0,17-Apr-17
OPTIDX,NIFTYCPSE,18-May-17,2750,CE,0,0,0,9.7,16.75,0,0,0,0,17-Apr-17
OPTIDX,NIFTYCPSE,18-May-17,2775,CE,0,0,0,19.25,11.7,0,0,0,0,17-Apr-17
OPTIDX,NIFTYCPSE,18-May-17,2800,CE,0,0,0,14.2,7.95,0,0,0,0,17-Apr-17
OPTIDX,NIFTYCPSE,18-May-17,2350,PE,0,0,0,5.5,0.1,0,0,0,0,17-Apr-17
OPTIDX,NIFTYCPSE,18-May-17,2375,PE,0,0,0,11.5,0.15,0,0,0,0,17-Apr-17
OPTIDX,NIFTYCPSE,18-May-17,2400,PE,0,0,0,15.5,0.35,0,0,0,0,17-Apr-17
OPTIDX,NIFTYCPSE,18-May-17,2425,PE,0,0,0,20.5,0.65,0,0,0,0,17-Apr-17
OPTIDX,NIFTYCPSE,18-May-17,2450,PE,0,0,0,26.75,1.2,0,0,0,0,17-Apr-17
OPTIDX,NIFTYCPSE,18-May-17,2475,PE,0,0,0,34,2.1,0,0,0,0,17-Apr-17
OPTIDX,NIFTYCPSE,18-May-17,2500,PE,0,0,0,42.7,3.6,0,0,0,0,17-Apr-17
OPTIDX,NIFTYCPSE,18-May-17,2525,PE,0,0,0,52.8,5.9,0,0,0,0,17-Apr-17
OPTIDX,NIFTYCPSE,18-May-17,2550,PE,0,0,0,64.3,9.25,0,0,0,0,17-Apr-17
OPTIDX,NIFTYCPSE,18-May-17,2575,PE,0,0,0,77.2,14,0,0,0,0,17-Apr-17
OPTIDX,NIFTYCPSE,18-May-17,2600,PE,0,0,0,91.5,20.3,0,0,0,0,17-Apr-17
OPTIDX,NIFTYCPSE,18-May-17,2625,PE,0,0,0,107.15,28.5,0,0,0,0,17-Apr-17
OPTIDX,NIFTYCPSE,18-May-17,2650,PE,0,0,0,124.1,38.75,0,0,0,0,17-Apr-17
OPTIDX,NIFTYCPSE,18-May-17,2675,PE,0,0,0,142.3,51.1,0,0,0,0,17-Apr-17
OPTIDX,NIFTYCPSE,18-May-17,2700,PE,0,0,0,147.55,65.5,0,0,0,0,17-Apr-17
OPTIDX,NIFTYCPSE,18-May-17,2725,PE,0,0,0,141.8,81.95,0,0,0,0,17-Apr-17
OPTIDX,NIFTYCPSE,18-May-17,2750,PE,0,0,0,131.9,100.2,0,0,0,0,17-Apr-17
OPTIDX,NIFTYCPSE,18-May-17,2775,PE,0,0,0,118.2,120,0,0,0,0,17-Apr-17
OPTIDX,NIFTYCPSE,18-May-17,2800,PE,0,0,0,138,141.15,0,0,0,0,17-Apr-17
OPTIDX,NIFTYCPSE,25-May-17,2350,CE,0,0,0,196.4,317.45,0,0,0,0,17-Apr-17
OPTIDX,NIFTYCPSE,25-May-17,2375,CE,0,0,0,204.35,292.75,0,0,0,0,17-Apr-17
OPTIDX,NIFTYCPSE,25-May-17,2400,CE,0,0,0,207.2,268.25,0,0,0,0,17-Apr-17
OPTIDX,NIFTYCPSE,25-May-17,2425,CE,0,0,0,222.45,243.9,0,0,0,0,17-Apr-17
OPTIDX,NIFTYCPSE,25-May-17,2450,CE,0,0,0,208.15,219.9,0,0,0,0,17-Apr-17
OPTIDX,NIFTYCPSE,25-May-17,2475,CE,0,0,0,189.85,196.3,0,0,0,0,17-Apr-17
OPTIDX,NIFTYCPSE,25-May-17,2500,CE,0,0,0,172.2,173.4,0,0,0,0,17-Apr-17
OPTIDX,NIFTYCPSE,25-May-17,2525,CE,0,0,0,155.6,151.35,0,0,0,0,17-Apr-17
OPTIDX,NIFTYCPSE,25-May-17,2550,CE,0,0,0,139.95,130.35,0,0,0,0,17-Apr-17
OPTIDX,NIFTYCPSE,25-May-17,2575,CE,0,0,0,125.35,110.65,0,0,0,0,17-Apr-17
OPTIDX,NIFTYCPSE,25-May-17,2600,CE,0,0,0,111.7,92.5,0,0,0,0,17-Apr-17
OPTIDX,NIFTYCPSE,25-May-17,2625,CE,0,0,0,99.1,76.05,0,0,0,0,17-Apr-17
OPTIDX,NIFTYCPSE,25-May-17,2650,CE,0,0,0,87.5,61.45,0,0,0,0,17-Apr-17
OPTIDX,NIFTYCPSE,25-May-17,2675,CE,0,0,0,76.85,48.75,0,0,0,0,17-Apr-17
OPTIDX,NIFTYCPSE,25-May-17,2700,CE,0,0,0,67.2,37.95,0,0,0,0,17-Apr-17
OPTIDX,NIFTYCPSE,25-May-17,2725,CE,0,0,0,58.5,28.95,0,0,0,0,17-Apr-17
OPTIDX,NIFTYCPSE,25-May-17,2750,CE,0,0,0,50.65,21.65,0,0,0,0,17-Apr-17
OPTIDX,NIFTYCPSE,25-May-17,2775,CE,0,0,0,24.05,15.9,0,0,0,0,17-Apr-17
OPTIDX,NIFTYCPSE,25-May-17,2800,CE,0,0,0,18.4,11.4,0,0,0,0,17-Apr-17
OPTIDX,NIFTYCPSE,25-May-17,2350,PE,0,0,0,12.45,0.2,0,0,0,0,17-Apr-17
OPTIDX,NIFTYCPSE,25-May-17,2375,PE,0,0,0,16.3,0.35,0,0,0,0,17-Apr-17
OPTIDX,NIFTYCPSE,25-May-17,2400,PE,0,0,0,20.55,0.65,0,0,0,0,17-Apr-17
OPTIDX,NIFTYCPSE,25-May-17,2425,PE,0,0,0,22.5,1.15,0,0,0,0,17-Apr-17
OPTIDX,NIFTYCPSE,25-May-17,2450,PE,0,0,0,29.5,1.95,0,0,0,0,17-Apr-17
OPTIDX,NIFTYCPSE,25-May-17,2475,PE,0,0,0,35.8,3.25,0,0,0,0,17-Apr-17
OPTIDX,NIFTYCPSE,25-May-17,2500,PE,0,0,0,42.75,5.15,0,0,0,0,17-Apr-17
OPTIDX,NIFTYCPSE,25-May-17,2525,PE,0,0,0,50.8,7.9,0,0,0,0,17-Apr-17
OPTIDX,NIFTYCPSE,25-May-17,2550,PE,0,0,0,59.75,11.75,0,0,0,0,17-Apr-17
OPTIDX,NIFTYCPSE,25-May-17,2575,PE,0,0,0,69.75,16.9,0,0,0,0,17-Apr-17
OPTIDX,NIFTYCPSE,25-May-17,2600,PE,0,0,0,80.7,23.55,0,0,0,0,17-Apr-17
OPTIDX,NIFTYCPSE,25-May-17,2625,PE,0,0,0,92.7,31.95,0,0,0,0,17-Apr-17
OPTIDX,NIFTYCPSE,25-May-17,2650,PE,0,0,0,105.7,42.15,0,0,0,0,17-Apr-17
OPTIDX,NIFTYCPSE,25-May-17,2675,PE,0,0,0,119.7,54.3,0,0,0,0,17-Apr-17
OPTIDX,NIFTYCPSE,25-May-17,2700,PE,0,0,0,134.65,68.3,0,0,0,0,17-Apr-17
OPTIDX,NIFTYCPSE,25-May-17,2725,PE,0,0,0,150.5,84.15,0,0,0,0,17-Apr-17
OPTIDX,NIFTYCPSE,25-May-17,2750,PE,0,0,0,167.3,101.7,0,0,0,0,17-Apr-17
OPTIDX,NIFTYCPSE,25-May-17,2775,PE,0,0,0,119.55,120.75,0,0,0,0,17-Apr-17
OPTIDX,NIFTYCPSE,25-May-17,2800,PE,0,0,0,138.75,141.1,0,0,0,0,17-Apr-17
OPTIDX,NIFTYCPSE,1-Jun-17,2350,CE,0,0,0,193.15,320.5,0,0,0,0,17-Apr-17
OPTIDX,NIFTYCPSE,1-Jun-17,2375,CE,0,0,0,183.1,295.95,0,0,0,0,17-Apr-17
OPTIDX,NIFTYCPSE,1-Jun-17,2400,CE,0,0,0,184.4,271.6,0,0,0,0,17-Apr-17
OPTIDX,NIFTYCPSE,1-Jun-17,2425,CE,0,0,0,163.95,247.5,0,0,0,0,17-Apr-17
OPTIDX,NIFTYCPSE,1-Jun-17,2450,CE,0,0,0,144.5,223.8,0,0,0,0,17-Apr-17
OPTIDX,NIFTYCPSE,1-Jun-17,2475,CE,0,0,0,126.25,200.6,0,0,0,0,17-Apr-17
OPTIDX,NIFTYCPSE,1-Jun-17,2500,CE,0,0,0,109.25,178.05,0,0,0,0,17-Apr-17
OPTIDX,NIFTYCPSE,1-Jun-17,2525,CE,0,0,0,93.65,156.4,0,0,0,0,17-Apr-17
OPTIDX,NIFTYCPSE,1-Jun-17,2550,CE,0,0,0,79.5,135.85,0,0,0,0,17-Apr-17
OPTIDX,NIFTYCPSE,1-Jun-17,2575,CE,0,0,0,66.75,116.5,0,0,0,0,17-Apr-17
OPTIDX,NIFTYCPSE,1-Jun-17,2600,CE,0,0,0,55.5,98.6,0,0,0,0,17-Apr-17
OPTIDX,NIFTYCPSE,1-Jun-17,2625,CE,0,0,0,45.6,82.3,0,0,0,0,17-Apr-17
OPTIDX,NIFTYCPSE,1-Jun-17,2650,CE,0,0,0,37.1,67.7,0,0,0,0,17-Apr-17
OPTIDX,NIFTYCPSE,1-Jun-17,2675,CE,0,0,0,29.85,54.85,0,0,0,0,17-Apr-17
OPTIDX,NIFTYCPSE,1-Jun-17,2700,CE,0,0,0,23.75,43.75,0,0,0,0,17-Apr-17
OPTIDX,NIFTYCPSE,1-Jun-17,2725,CE,0,0,0,14.9,34.3,0,0,0,0,17-Apr-17
OPTIDX,NIFTYCPSE,1-Jun-17,2750,CE,0,0,0,16.25,26.45,0,0,0,0,17-Apr-17
OPTIDX,NIFTYCPSE,1-Jun-17,2775,CE,0,0,0,28.8,20.1,0,0,0,0,17-Apr-17
OPTIDX,NIFTYCPSE,1-Jun-17,2800,CE,0,0,0,22.6,15,0,0,0,0,17-Apr-17
OPTIDX,NIFTYCPSE,1-Jun-17,2350,PE,0,0,0,7.9,0.35,0,0,0,0,17-Apr-17
OPTIDX,NIFTYCPSE,1-Jun-17,2375,PE,0,0,0,10.55,0.6,0,0,0,0,17-Apr-17
OPTIDX,NIFTYCPSE,1-Jun-17,2400,PE,0,0,0,11.95,1.05,0,0,0,0,17-Apr-17
OPTIDX,NIFTYCPSE,1-Jun-17,2425,PE,0,0,0,16.2,1.75,0,0,0,0,17-Apr-17
OPTIDX,NIFTYCPSE,1-Jun-17,2450,PE,0,0,0,21.45,2.85,0,0,0,0,17-Apr-17
OPTIDX,NIFTYCPSE,1-Jun-17,2475,PE,0,0,0,27.85,4.45,0,0,0,0,17-Apr-17
OPTIDX,NIFTYCPSE,1-Jun-17,2500,PE,0,0,0,35.55,6.7,0,0,0,0,17-Apr-17
OPTIDX,NIFTYCPSE,1-Jun-17,2525,PE,0,0,0,44.65,9.85,0,0,0,0,17-Apr-17
OPTIDX,NIFTYCPSE,1-Jun-17,2550,PE,0,0,0,55.15,14.1,0,0,0,0,17-Apr-17
OPTIDX,NIFTYCPSE,1-Jun-17,2575,PE,0,0,0,67.1,19.55,0,0,0,0,17-Apr-17
OPTIDX,NIFTYCPSE,1-Jun-17,2600,PE,0,0,0,80.55,26.45,0,0,0,0,17-Apr-17
OPTIDX,NIFTYCPSE,1-Jun-17,2625,PE,0,0,0,95.35,34.95,0,0,0,0,17-Apr-17
OPTIDX,NIFTYCPSE,1-Jun-17,2650,PE,0,0,0,111.5,45.15,0,0,0,0,17-Apr-17
OPTIDX,NIFTYCPSE,1-Jun-17,2675,PE,0,0,0,128.95,57.1,0,0,0,0,17-Apr-17
OPTIDX,NIFTYCPSE,1-Jun-17,2700,PE,0,0,0,147.55,70.8,0,0,0,0,17-Apr-17
OPTIDX,NIFTYCPSE,1-Jun-17,2725,PE,0,0,0,140.9,86.15,0,0,0,0,17-Apr-17
OPTIDX,NIFTYCPSE,1-Jun-17,2750,PE,0,0,0,131.65,103.1,0,0,0,0,17-Apr-17
OPTIDX,NIFTYCPSE,1-Jun-17,2775,PE,0,0,0,120.9,121.55,0,0,0,0,17-Apr-17
OPTIDX,NIFTYCPSE,1-Jun-17,2800,PE,0,0,0,139.5,141.25,0,0,0,0,17-Apr-17
OPTIDX,NIFTYCPSE,8-Jun-17,2425,CE,0,0,0,181.8,251.2,0,0,0,0,17-Apr-17
OPTIDX,NIFTYCPSE,8-Jun-17,2450,CE,0,0,0,160.45,227.75,0,0,0,0,17-Apr-17
OPTIDX,NIFTYCPSE,8-Jun-17,2475,CE,0,0,0,140.15,204.9,0,0,0,0,17-Apr-17
OPTIDX,NIFTYCPSE,8-Jun-17,2500,CE,0,0,0,121.2,182.7,0,0,0,0,17-Apr-17
OPTIDX,NIFTYCPSE,8-Jun-17,2525,CE,0,0,0,103.35,161.4,0,0,0,0,17-Apr-17
OPTIDX,NIFTYCPSE,8-Jun-17,2550,CE,0,0,0,87.15,141.15,0,0,0,0,17-Apr-17
OPTIDX,NIFTYCPSE,8-Jun-17,2575,CE,0,0,0,72.55,122.25,0,0,0,0,17-Apr-17
OPTIDX,NIFTYCPSE,8-Jun-17,2600,CE,0,0,0,59.55,104.45,0,0,0,0,17-Apr-17
OPTIDX,NIFTYCPSE,8-Jun-17,2625,CE,0,0,0,48.25,88.25,0,0,0,0,17-Apr-17
OPTIDX,NIFTYCPSE,8-Jun-17,2650,CE,0,0,0,38.5,73.65,0,0,0,0,17-Apr-17
OPTIDX,NIFTYCPSE,8-Jun-17,2675,CE,0,0,0,30.3,60.65,0,0,0,0,17-Apr-17
OPTIDX,NIFTYCPSE,8-Jun-17,2700,CE,0,0,0,23.6,49.3,0,0,0,0,17-Apr-17
OPTIDX,NIFTYCPSE,8-Jun-17,2725,CE,0,0,0,18,39.5,0,0,0,0,17-Apr-17
OPTIDX,NIFTYCPSE,8-Jun-17,2750,CE,0,0,0,19.65,31.2,0,0,0,0,17-Apr-17
OPTIDX,NIFTYCPSE,8-Jun-17,2775,CE,0,0,0,33.45,24.4,0,0,0,0,17-Apr-17
OPTIDX,NIFTYCPSE,8-Jun-17,2800,CE,0,0,0,26.95,18.7,0,0,0,0,17-Apr-17
OPTIDX,NIFTYCPSE,8-Jun-17,2425,PE,0,0,0,7.8,2.45,0,0,0,0,17-Apr-17
OPTIDX,NIFTYCPSE,8-Jun-17,2450,PE,0,0,0,11.2,3.8,0,0,0,0,17-Apr-17
OPTIDX,NIFTYCPSE,8-Jun-17,2475,PE,0,0,0,15.6,5.65,0,0,0,0,17-Apr-17
OPTIDX,NIFTYCPSE,8-Jun-17,2500,PE,0,0,0,21.35,8.25,0,0,0,0,17-Apr-17
OPTIDX,NIFTYCPSE,8-Jun-17,2525,PE,0,0,0,28.2,11.75,0,0,0,0,17-Apr-17
OPTIDX,NIFTYCPSE,8-Jun-17,2550,PE,0,0,0,36.75,16.25,0,0,0,0,17-Apr-17
OPTIDX,NIFTYCPSE,8-Jun-17,2575,PE,0,0,0,46.85,22.1,0,0,0,0,17-Apr-17
OPTIDX,NIFTYCPSE,8-Jun-17,2600,PE,0,0,0,58.6,29.05,0,0,0,0,17-Apr-17
OPTIDX,NIFTYCPSE,8-Jun-17,2625,PE,0,0,0,72,37.65,0,0,0,0,17-Apr-17
OPTIDX,NIFTYCPSE,8-Jun-17,2650,PE,0,0,0,87,47.8,0,0,0,0,17-Apr-17
OPTIDX,NIFTYCPSE,8-Jun-17,2675,PE,0,0,0,103.5,59.6,0,0,0,0,17-Apr-17
OPTIDX,NIFTYCPSE,8-Jun-17,2700,PE,0,0,0,121.55,73,0,0,0,0,17-Apr-17
OPTIDX,NIFTYCPSE,8-Jun-17,2725,PE,0,0,0,140.65,88,0,0,0,0,17-Apr-17
OPTIDX,NIFTYCPSE,8-Jun-17,2750,PE,0,0,0,131.65,104.45,0,0,0,0,17-Apr-17
OPTIDX,NIFTYCPSE,8-Jun-17,2775,PE,0,0,0,122.15,122.45,0,0,0,0,17-Apr-17
OPTIDX,NIFTYCPSE,8-Jun-17,2800,PE,0,0,0,140.35,141.5,0,0,0,0,17-Apr-17
OPTIDX,NIFTYCPSE,15-Jun-17,2500,CE,0,0,0,196.65,187.3,0,0,0,0,17-Apr-17
OPTIDX,NIFTYCPSE,15-Jun-17,2525,CE,0,0,0,175.55,166.3,0,0,0,0,17-Apr-17
OPTIDX,NIFTYCPSE,15-Jun-17,2550,CE,0,0,0,155.45,146.35,0,0,0,0,17-Apr-17
OPTIDX,NIFTYCPSE,15-Jun-17,2575,CE,0,0,0,136.5,127.65,0,0,0,0,17-Apr-17
OPTIDX,NIFTYCPSE,15-Jun-17,2600,CE,0,0,0,118.55,110,0,0,0,0,17-Apr-17
OPTIDX,NIFTYCPSE,15-Jun-17,2625,CE,0,0,0,102.1,93.95,0,0,0,0,17-Apr-17
OPTIDX,NIFTYCPSE,15-Jun-17,2650,CE,0,0,0,87.05,79.3,0,0,0,0,17-Apr-17
OPTIDX,NIFTYCPSE,15-Jun-17,2675,CE,0,0,0,73.45,66.2,0,0,0,0,17-Apr-17
OPTIDX,NIFTYCPSE,15-Jun-17,2700,CE,0,0,0,61.3,54.6,0,0,0,0,17-Apr-17
OPTIDX,NIFTYCPSE,15-Jun-17,2725,CE,0,0,0,50.6,44.5,0,0,0,0,17-Apr-17
OPTIDX,NIFTYCPSE,15-Jun-17,2750,CE,0,0,0,41.3,35.85,0,0,0,0,17-Apr-17
OPTIDX,NIFTYCPSE,15-Jun-17,2775,CE,0,0,0,33.35,28.5,0,0,0,0,17-Apr-17
OPTIDX,NIFTYCPSE,15-Jun-17,2800,CE,0,0,0,26.7,22.45,0,0,0,0,17-Apr-17
OPTIDX,NIFTYCPSE,15-Jun-17,2500,PE,0,0,0,9.8,9.8,0,0,0,0,17-Apr-17
OPTIDX,NIFTYCPSE,15-Jun-17,2525,PE,0,0,0,13.4,13.55,0,0,0,0,17-Apr-17
OPTIDX,NIFTYCPSE,15-Jun-17,2550,PE,0,0,0,18,18.3,0,0,0,0,17-Apr-17
OPTIDX,NIFTYCPSE,15-Jun-17,2575,PE,0,0,0,23.8,24.35,0,0,0,0,17-Apr-17
OPTIDX,NIFTYCPSE,15-Jun-17,2600,PE,0,0,0,30.6,31.45,0,0,0,0,17-Apr-17
OPTIDX,NIFTYCPSE,15-Jun-17,2625,PE,0,0,0,38.9,40.1,0,0,0,0,17-Apr-17
OPTIDX,NIFTYCPSE,15-Jun-17,2650,PE,0,0,0,48.55,50.2,0,0,0,0,17-Apr-17
OPTIDX,NIFTYCPSE,15-Jun-17,2675,PE,0,0,0,59.7,61.85,0,0,0,0,17-Apr-17
OPTIDX,NIFTYCPSE,15-Jun-17,2700,PE,0,0,0,72.25,75,0,0,0,0,17-Apr-17
OPTIDX,NIFTYCPSE,15-Jun-17,2725,PE,0,0,0,86.3,89.65,0,0,0,0,17-Apr-17
OPTIDX,NIFTYCPSE,15-Jun-17,2750,PE,0,0,0,101.75,105.7,0,0,0,0,17-Apr-17
OPTIDX,NIFTYCPSE,15-Jun-17,2775,PE,0,0,0,118.55,123.1,0,0,0,0,17-Apr-17
OPTIDX,NIFTYCPSE,15-Jun-17,2800,PE,0,0,0,136.65,141.75,0,0,0,0,17-Apr-17
OPTIDX,NIFTYCPSE,29-Jun-17,2375,CE,0,0,0,191.35,309.35,0,0,0,0,17-Apr-17
OPTIDX,NIFTYCPSE,29-Jun-17,2400,CE,0,0,0,171.15,285.75,0,0,0,0,17-Apr-17
OPTIDX,NIFTYCPSE,29-Jun-17,2425,CE,0,0,0,151.95,262.55,0,0,0,0,17-Apr-17
OPTIDX,NIFTYCPSE,29-Jun-17,2450,CE,0,0,0,133.85,239.85,0,0,0,0,17-Apr-17
OPTIDX,NIFTYCPSE,29-Jun-17,2475,CE,0,0,0,117,217.75,0,0,0,0,17-Apr-17
OPTIDX,NIFTYCPSE,29-Jun-17,2500,CE,0,0,0,101.4,196.4,0,0,0,0,17-Apr-17
OPTIDX,NIFTYCPSE,29-Jun-17,2525,CE,0,0,0,87.1,175.9,0,0,0,0,17-Apr-17
OPTIDX,NIFTYCPSE,29-Jun-17,2550,CE,0,0,0,74.15,156.35,0,0,0,0,17-Apr-17
OPTIDX,NIFTYCPSE,29-Jun-17,2575,CE,0,0,0,62.6,137.9,0,0,0,0,17-Apr-17
OPTIDX,NIFTYCPSE,29-Jun-17,2600,CE,0,0,0,52.3,120.65,0,0,0,0,17-Apr-17
OPTIDX,NIFTYCPSE,29-Jun-17,2625,CE,0,0,0,43.35,104.65,0,0,0,0,17-Apr-17
OPTIDX,NIFTYCPSE,29-Jun-17,2650,CE,0,0,0,35.55,90,0,0,0,0,17-Apr-17
OPTIDX,NIFTYCPSE,29-Jun-17,2675,CE,0,0,0,29,76.7,0,0,0,0,17-Apr-17
OPTIDX,NIFTYCPSE,29-Jun-17,2700,CE,0,0,0,30.25,64.8,0,0,0,0,17-Apr-17
OPTIDX,NIFTYCPSE,29-Jun-17,2725,CE,0,0,0,27.55,54.2,0,0,0,0,17-Apr-17
OPTIDX,NIFTYCPSE,29-Jun-17,2750,CE,0,0,0,29.9,44.9,0,0,0,0,17-Apr-17
OPTIDX,NIFTYCPSE,29-Jun-17,2775,CE,0,0,0,47.1,36.85,0,0,0,0,17-Apr-17
OPTIDX,NIFTYCPSE,29-Jun-17,2800,CE,0,0,0,39.35,29.95,0,0,0,0,17-Apr-17
OPTIDX,NIFTYCPSE,29-Jun-17,2375,PE,0,0,0,13.65,2.25,0,0,0,0,17-Apr-17
OPTIDX,NIFTYCPSE,29-Jun-17,2400,PE,0,0,0,18.05,3.35,0,0,0,0,17-Apr-17
OPTIDX,NIFTYCPSE,29-Jun-17,2425,PE,0,0,0,23.45,4.8,0,0,0,0,17-Apr-17
OPTIDX,NIFTYCPSE,29-Jun-17,2450,PE,0,0,0,29.9,6.8,0,0,0,0,17-Apr-17
OPTIDX,NIFTYCPSE,29-Jun-17,2475,PE,0,0,0,37.6,9.35,0,0,0,0,17-Apr-17
OPTIDX,NIFTYCPSE,29-Jun-17,2500,PE,0,0,0,46.6,12.7,0,0,0,0,17-Apr-17
OPTIDX,NIFTYCPSE,29-Jun-17,2525,PE,0,0,0,56.9,16.85,0,0,0,0,17-Apr-17
OPTIDX,NIFTYCPSE,29-Jun-17,2550,PE,0,0,0,68.55,22,0,0,0,0,17-Apr-17
OPTIDX,NIFTYCPSE,29-Jun-17,2575,PE,0,0,0,81.55,28.25,0,0,0,0,17-Apr-17
OPTIDX,NIFTYCPSE,29-Jun-17,2600,PE,0,0,0,95.9,35.65,0,0,0,0,17-Apr-17
OPTIDX,NIFTYCPSE,29-Jun-17,2625,PE,0,0,0,111.5,44.35,0,0,0,0,17-Apr-17
OPTIDX,NIFTYCPSE,29-Jun-17,2650,PE,0,0,0,128.3,54.4,0,0,0,0,17-Apr-17
OPTIDX,NIFTYCPSE,29-Jun-17,2675,PE,0,0,0,146.35,65.75,0,0,0,0,17-Apr-17
OPTIDX,NIFTYCPSE,29-Jun-17,2700,PE,0,0,0,147.55,78.5,0,0,0,0,17-Apr-17
OPTIDX,NIFTYCPSE,29-Jun-17,2725,PE,0,0,0,140.15,92.6,0,0,0,0,17-Apr-17
OPTIDX,NIFTYCPSE,29-Jun-17,2750,PE,0,0,0,131.8,108,0,0,0,0,17-Apr-17
OPTIDX,NIFTYCPSE,29-Jun-17,2775,PE,0,0,0,125.55,124.6,0,0,0,0,17-Apr-17
OPTIDX,NIFTYCPSE,29-Jun-17,2800,PE,0,0,0,142.45,142.35,0,0,0,0,17-Apr-17
OPTIDX,NIFTYINFRA,27-Apr-17,2200,CE,0,0,0,843.8,956.75,0,0,0,0,17-Apr-17
OPTIDX,NIFTYINFRA,27-Apr-17,2300,CE,0,0,0,630.7,856.9,0,0,0,0,17-Apr-17
OPTIDX,NIFTYINFRA,27-Apr-17,2400,CE,0,0,0,533.25,757.1,0,0,0,0,17-Apr-17
OPTIDX,NIFTYINFRA,27-Apr-17,2500,CE,0,0,0,437.65,657.25,0,0,0,0,17-Apr-17
OPTIDX,NIFTYINFRA,27-Apr-17,2600,CE,0,0,0,346.1,557.45,0,0,0,0,17-Apr-17
OPTIDX,NIFTYINFRA,27-Apr-17,2700,CE,0,0,0,261.75,457.6,0,0,0,0,17-Apr-17
OPTIDX,NIFTYINFRA,27-Apr-17,2800,CE,0,0,0,187.95,357.8,0,0,0,0,17-Apr-17
OPTIDX,NIFTYINFRA,27-Apr-17,2900,CE,0,0,0,127.5,258,0,0,0,0,17-Apr-17
OPTIDX,NIFTYINFRA,27-Apr-17,3000,CE,0,0,0,81.4,158.8,0,0,0,0,17-Apr-17
OPTIDX,NIFTYINFRA,27-Apr-17,3100,CE,0,0,0,48.85,69.1,0,0,0,0,17-Apr-17
OPTIDX,NIFTYINFRA,27-Apr-17,3200,CE,0,0,0,27.55,15.7,0,0,0,0,17-Apr-17
OPTIDX,NIFTYINFRA,27-Apr-17,3300,CE,0,0,0,14.65,1.45,0,0,0,0,17-Apr-17
OPTIDX,NIFTYINFRA,27-Apr-17,3400,CE,0,0,0,7.3,0.05,0,0,0,0,17-Apr-17
OPTIDX,NIFTYINFRA,27-Apr-17,3500,CE,0,0,0,3.45,0,0,0,0,0,17-Apr-17
OPTIDX,NIFTYINFRA,27-Apr-17,3600,CE,0,0,0,2.9,0,0,0,0,0,17-Apr-17
OPTIDX,NIFTYINFRA,27-Apr-17,3700,CE,0,0,0,1,0,0,0,0,0,17-Apr-17
OPTIDX,NIFTYINFRA,27-Apr-17,3800,CE,0,0,0,0.4,0,0,0,0,0,17-Apr-17
OPTIDX,NIFTYINFRA,27-Apr-17,3900,CE,0,0,0,0.05,0,0,0,0,0,17-Apr-17
OPTIDX,NIFTYINFRA,27-Apr-17,4000,CE,0,0,0,0.05,0,0,0,0,0,17-Apr-17
OPTIDX,NIFTYINFRA,27-Apr-17,2200,PE,0,0,0,0.05,0,0,0,0,0,17-Apr-17
OPTIDX,NIFTYINFRA,27-Apr-17,2300,PE,0,0,0,0.3,0,0,0,0,0,17-Apr-17
OPTIDX,NIFTYINFRA,27-Apr-17,2400,PE,0,0,0,1.25,0,0,0,0,0,17-Apr-17
OPTIDX,NIFTYINFRA,27-Apr-17,2500,PE,0,0,0,4,0,0,0,0,0,17-Apr-17
OPTIDX,NIFTYINFRA,27-Apr-17,2600,PE,0,0,0,10.85,0,0,0,0,0,17-Apr-17
OPTIDX,NIFTYINFRA,27-Apr-17,2700,PE,0,0,0,24.85,0,0,0,0,0,17-Apr-17
OPTIDX,NIFTYINFRA,27-Apr-17,2800,PE,0,0,0,49.4,0,0,0,0,0,17-Apr-17
OPTIDX,NIFTYINFRA,27-Apr-17,2900,PE,0,0,0,87.3,0.05,0,0,0,0,17-Apr-17
OPTIDX,NIFTYINFRA,27-Apr-17,3000,PE,0,0,0,139.55,0.65,0,0,0,0,17-Apr-17
OPTIDX,NIFTYINFRA,27-Apr-17,3100,PE,0,0,0,205.35,10.8,0,0,0,0,17-Apr-17
OPTIDX,NIFTYINFRA,27-Apr-17,3200,PE,0,0,0,282.45,57.2,0,0,0,0,17-Apr-17
OPTIDX,NIFTYINFRA,27-Apr-17,3300,PE,0,0,0,367.85,142.8,0,0,0,0,17-Apr-17
OPTIDX,NIFTYINFRA,27-Apr-17,3400,PE,0,0,0,458.9,241.25,0,0,0,0,17-Apr-17
OPTIDX,NIFTYINFRA,27-Apr-17,3500,PE,0,0,0,553.4,341.05,0,0,0,0,17-Apr-17
OPTIDX,NIFTYINFRA,27-Apr-17,3600,PE,0,0,0,588.65,440.85,0,0,0,0,17-Apr-17
OPTIDX,NIFTYINFRA,27-Apr-17,3700,PE,0,0,0,635.7,540.7,0,0,0,0,17-Apr-17
OPTIDX,NIFTYINFRA,27-Apr-17,3800,PE,0,0,0,733.65,640.5,0,0,0,0,17-Apr-17
OPTIDX,NIFTYINFRA,27-Apr-17,3900,PE,0,0,0,808.5,740.35,0,0,0,0,17-Apr-17
OPTIDX,NIFTYINFRA,27-Apr-17,4000,PE,0,0,0,789.05,840.15,0,0,0,0,17-Apr-17
OPTIDX,NIFTYINFRA,25-May-17,2200,CE,0,0,0,847.9,967.75,0,0,0,0,17-Apr-17
OPTIDX,NIFTYINFRA,25-May-17,2300,CE,0,0,0,749.45,868.45,0,0,0,0,17-Apr-17
OPTIDX,NIFTYINFRA,25-May-17,2400,CE,0,0,0,651.05,769.1,0,0,0,0,17-Apr-17
OPTIDX,NIFTYINFRA,25-May-17,2500,CE,0,0,0,552.7,669.8,0,0,0,0,17-Apr-17
OPTIDX,NIFTYINFRA,25-May-17,2600,CE,0,0,0,454.8,570.45,0,0,0,0,17-Apr-17
OPTIDX,NIFTYINFRA,25-May-17,2700,CE,0,0,0,358.55,471.15,0,0,0,0,17-Apr-17
OPTIDX,NIFTYINFRA,25-May-17,2800,CE,0,0,0,266.85,372.1,0,0,0,0,17-Apr-17
OPTIDX,NIFTYINFRA,25-May-17,2900,CE,0,0,0,184.45,274.55,0,0,0,0,17-Apr-17
OPTIDX,NIFTYINFRA,25-May-17,3000,CE,0,0,0,116.6,182.9,0,0,0,0,17-Apr-17
OPTIDX,NIFTYINFRA,25-May-17,3100,CE,0,0,0,66.65,105.55,0,0,0,0,17-Apr-17
OPTIDX,NIFTYINFRA,25-May-17,3200,CE,0,0,0,34.3,50.8,0,0,0,0,17-Apr-17
OPTIDX,NIFTYINFRA,25-May-17,3300,CE,0,0,0,15.7,19.9,0,0,0,0,17-Apr-17
OPTIDX,NIFTYINFRA,25-May-17,3400,CE,0,0,0,6.45,6.2,0,0,0,0,17-Apr-17
OPTIDX,NIFTYINFRA,25-May-17,3500,CE,0,0,0,2.35,1.55,0,0,0,0,17-Apr-17
OPTIDX,NIFTYINFRA,25-May-17,3600,CE,0,0,0,0.8,0.3,0,0,0,0,17-Apr-17
OPTIDX,NIFTYINFRA,25-May-17,3700,CE,0,0,0,0.25,0.05,0,0,0,0,17-Apr-17
OPTIDX,NIFTYINFRA,25-May-17,3800,CE,0,0,0,0.1,0.05,0,0,0,0,17-Apr-17
OPTIDX,NIFTYINFRA,25-May-17,3900,CE,0,0,0,0.1,0,0,0,0,0,17-Apr-17
OPTIDX,NIFTYINFRA,25-May-17,4000,CE,0,0,0,0.05,0,0,0,0,0,17-Apr-17
OPTIDX,NIFTYINFRA,25-May-17,2200,PE,0,0,0,0.05,0,0,0,0,0,17-Apr-17
OPTIDX,NIFTYINFRA,25-May-17,2300,PE,0,0,0,0.05,0,0,0,0,0,17-Apr-17
OPTIDX,NIFTYINFRA,25-May-17,2400,PE,0,0,0,0.05,0,0,0,0,0,17-Apr-17
OPTIDX,NIFTYINFRA,25-May-17,2500,PE,0,0,0,0.1,0,0,0,0,0,17-Apr-17
OPTIDX,NIFTYINFRA,25-May-17,2600,PE,0,0,0,0.65,0,0,0,0,0,17-Apr-17
OPTIDX,NIFTYINFRA,25-May-17,2700,PE,0,0,0,2.85,0.05,0,0,0,0,17-Apr-17
OPTIDX,NIFTYINFRA,25-May-17,2800,PE,0,0,0,9.55,0.3,0,0,0,0,17-Apr-17
OPTIDX,NIFTYINFRA,25-May-17,2900,PE,0,0,0,25.6,2.05,0,0,0,0,17-Apr-17
OPTIDX,NIFTYINFRA,25-May-17,3000,PE,0,0,0,56.2,9.75,0,0,0,0,17-Apr-17
OPTIDX,NIFTYINFRA,25-May-17,3100,PE,0,0,0,104.65,31.75,0,0,0,0,17-Apr-17
OPTIDX,NIFTYINFRA,25-May-17,3200,PE,0,0,0,170.75,76.35,0,0,0,0,17-Apr-17
OPTIDX,NIFTYINFRA,25-May-17,3300,PE,0,0,0,250.55,144.7,0,0,0,0,17-Apr-17
OPTIDX,NIFTYINFRA,25-May-17,3400,PE,0,0,0,339.75,230.4,0,0,0,0,17-Apr-17
OPTIDX,NIFTYINFRA,25-May-17,3500,PE,0,0,0,434.1,325.05,0,0,0,0,17-Apr-17
OPTIDX,NIFTYINFRA,25-May-17,3600,PE,0,0,0,530.95,423.15,0,0,0,0,17-Apr-17
OPTIDX,NIFTYINFRA,25-May-17,3700,PE,0,0,0,628.85,522.2,0,0,0,0,17-Apr-17
OPTIDX,NIFTYINFRA,25-May-17,3800,PE,0,0,0,727.1,621.5,0,0,0,0,17-Apr-17
OPTIDX,NIFTYINFRA,25-May-17,3900,PE,0,0,0,789.3,720.8,0,0,0,0,17-Apr-17
OPTIDX,NIFTYINFRA,25-May-17,4000,PE,0,0,0,768.95,820.15,0,0,0,0,17-Apr-17
OPTIDX,NIFTYINFRA,29-Jun-17,2300,CE,0,0,0,820.55,882.65,0,0,0,0,17-Apr-17
OPTIDX,NIFTYINFRA,29-Jun-17,2400,CE,0,0,0,722.2,783.9,0,0,0,0,17-Apr-17
OPTIDX,NIFTYINFRA,29-Jun-17,2500,CE,0,0,0,623.95,685.2,0,0,0,0,17-Apr-17
OPTIDX,NIFTYINFRA,29-Jun-17,2600,CE,0,0,0,526.1,586.6,0,0,0,0,17-Apr-17
OPTIDX,NIFTYINFRA,29-Jun-17,2700,CE,0,0,0,429.6,488.3,0,0,0,0,17-Apr-17
OPTIDX,NIFTYINFRA,29-Jun-17,2800,CE,0,0,0,336.45,391.25,0,0,0,0,17-Apr-17
OPTIDX,NIFTYINFRA,29-Jun-17,2900,CE,0,0,0,250.1,297.95,0,0,0,0,17-Apr-17
OPTIDX,NIFTYINFRA,29-Jun-17,3000,CE,0,0,0,174.55,212.45,0,0,0,0,17-Apr-17
OPTIDX,NIFTYINFRA,29-Jun-17,3100,CE,0,0,0,113.5,139.75,0,0,0,0,17-Apr-17
OPTIDX,NIFTYINFRA,29-Jun-17,3200,CE,0,0,0,68.3,83.85,0,0,0,0,17-Apr-17
OPTIDX,NIFTYINFRA,29-Jun-17,3300,CE,0,0,0,38.05,45.5,0,0,0,0,17-Apr-17
OPTIDX,NIFTYINFRA,29-Jun-17,3400,CE,0,0,0,19.45,22.3,0,0,0,0,17-Apr-17
OPTIDX,NIFTYINFRA,29-Jun-17,3500,CE,0,0,0,9.2,9.8,0,0,0,0,17-Apr-17
OPTIDX,NIFTYINFRA,29-Jun-17,3600,CE,0,0,0,4,3.9,0,0,0,0,17-Apr-17
OPTIDX,NIFTYINFRA,29-Jun-17,3700,CE,0,0,0,1.65,1.4,0,0,0,0,17-Apr-17
OPTIDX,NIFTYINFRA,29-Jun-17,3800,CE,0,0,0,0.6,0.45,0,0,0,0,17-Apr-17
OPTIDX,NIFTYINFRA,29-Jun-17,3900,CE,0,0,0,0.25,0.15,0,0,0,0,17-Apr-17
OPTIDX,NIFTYINFRA,29-Jun-17,4000,CE,0,0,0,0.45,0.05,0,0,0,0,17-Apr-17
OPTIDX,NIFTYINFRA,29-Jun-17,2300,PE,0,0,0,0.05,0,0,0,0,0,17-Apr-17
OPTIDX,NIFTYINFRA,29-Jun-17,2400,PE,0,0,0,0.05,0,0,0,0,0,17-Apr-17
OPTIDX,NIFTYINFRA,29-Jun-17,2500,PE,0,0,0,0.15,0.05,0,0,0,0,17-Apr-17
OPTIDX,NIFTYINFRA,29-Jun-17,2600,PE,0,0,0,0.65,0.1,0,0,0,0,17-Apr-17
OPTIDX,NIFTYINFRA,29-Jun-17,2700,PE,0,0,0,2.45,0.5,0,0,0,0,17-Apr-17
OPTIDX,NIFTYINFRA,29-Jun-17,2800,PE,0,0,0,7.7,2.2,0,0,0,0,17-Apr-17
OPTIDX,NIFTYINFRA,29-Jun-17,2900,PE,0,0,0,19.65,7.6,0,0,0,0,17-Apr-17
OPTIDX,NIFTYINFRA,29-Jun-17,3000,PE,0,0,0,42.5,20.8,0,0,0,0,17-Apr-17
OPTIDX,NIFTYINFRA,29-Jun-17,3100,PE,0,0,0,79.8,46.8,0,0,0,0,17-Apr-17
OPTIDX,NIFTYINFRA,29-Jun-17,3200,PE,0,0,0,132.95,89.6,0,0,0,0,17-Apr-17
OPTIDX,NIFTYINFRA,29-Jun-17,3300,PE,0,0,0,201.05,150,0,0,0,0,17-Apr-17
OPTIDX,NIFTYINFRA,29-Jun-17,3400,PE,0,0,0,280.75,225.45,0,0,0,0,17-Apr-17
OPTIDX,NIFTYINFRA,29-Jun-17,3500,PE,0,0,0,368.85,311.7,0,0,0,0,17-Apr-17
OPTIDX,NIFTYINFRA,29-Jun-17,3600,PE,0,0,0,462.05,404.5,0,0,0,0,17-Apr-17
OPTIDX,NIFTYINFRA,29-Jun-17,3700,PE,0,0,0,558,500.7,0,0,0,0,17-Apr-17
OPTIDX,NIFTYINFRA,29-Jun-17,3800,PE,0,0,0,655.35,598.5,0,0,0,0,17-Apr-17
OPTIDX,NIFTYINFRA,29-Jun-17,3900,PE,0,0,0,753.3,696.9,0,0,0,0,17-Apr-17
OPTIDX,NIFTYINFRA,29-Jun-17,4000,PE,0,0,0,744.65,795.5,0,0,0,0,17-Apr-17
OPTIDX,NIFTYIT,27-Apr-17,8200,CE,0,0,0,1789.7,1815.2,0,0,0,0,17-Apr-17
OPTIDX,NIFTYIT,27-Apr-17,8300,CE,0,0,0,1695.7,1715.35,0,0,0,0,17-Apr-17
OPTIDX,NIFTYIT,27-Apr-17,8400,CE,0,0,0,1602.8,1615.55,0,0,0,0,17-Apr-17
OPTIDX,NIFTYIT,27-Apr-17,8500,CE,0,0,0,1511.2,1515.7,0,0,0,0,17-Apr-17
OPTIDX,NIFTYIT,27-Apr-17,8600,CE,0,0,0,1713.25,1415.9,0,0,0,0,17-Apr-17
OPTIDX,NIFTYIT,27-Apr-17,8700,CE,0,0,0,1617.9,1316.05,0,0,0,0,17-Apr-17
OPTIDX,NIFTYIT,27-Apr-17,8800,CE,0,0,0,1523.45,1216.25,0,0,0,0,17-Apr-17
OPTIDX,NIFTYIT,27-Apr-17,8900,CE,0,0,0,1430.2,1116.4,0,0,0,0,17-Apr-17
OPTIDX,NIFTYIT,27-Apr-17,9000,CE,0,0,0,1338.35,1016.6,0,0,0,0,17-Apr-17
OPTIDX,NIFTYIT,27-Apr-17,9100,CE,0,0,0,1248.15,916.85,0,0,0,0,17-Apr-17
OPTIDX,NIFTYIT,27-Apr-17,9200,CE,0,0,0,1159.85,817.3,0,0,0,0,17-Apr-17
OPTIDX,NIFTYIT,27-Apr-17,9300,CE,0,0,0,1073.8,718.1,0,0,0,0,17-Apr-17
OPTIDX,NIFTYIT,27-Apr-17,9400,CE,0,0,0,990.2,619.9,0,0,50,0,17-Apr-17
OPTIDX,NIFTYIT,27-Apr-17,9500,CE,0,0,0,909.45,523.6,0,0,0,0,17-Apr-17
OPTIDX,NIFTYIT,27-Apr-17,9600,CE,0,0,0,831.75,430.7,0,0,0,0,17-Apr-17
OPTIDX,NIFTYIT,27-Apr-17,9700,CE,0,0,0,757.7,343.25,0,0,0,0,17-Apr-17
OPTIDX,NIFTYIT,27-Apr-17,9800,CE,0,0,0,686.35,263.6,0,0,0,0,17-Apr-17
OPTIDX,NIFTYIT,27-Apr-17,9900,CE,0,0,0,619.3,194,0,0,0,0,17-Apr-17
OPTIDX,NIFTYIT,27-Apr-17,10000,CE,0,0,0,556.2,136.2,0,0,0,0,17-Apr-17
OPTIDX,NIFTYIT,27-Apr-17,10100,CE,0,0,0,497.1,90.8,0,0,0,0,17-Apr-17
OPTIDX,NIFTYIT,27-Apr-17,10200,CE,0,0,0,442.15,57.3,0,0,0,0,17-Apr-17
OPTIDX,NIFTYIT,27-Apr-17,10300,CE,0,0,0,391.25,34.2,0,0,0,0,17-Apr-17
OPTIDX,NIFTYIT,27-Apr-17,10400,CE,0,0,0,344.55,19.2,0,0,0,0,17-Apr-17
OPTIDX,NIFTYIT,27-Apr-17,10500,CE,0,0,0,301.85,10.15,0,0,0,0,17-Apr-17
OPTIDX,NIFTYIT,27-Apr-17,10600,CE,0,0,0,263.15,5.05,0,0,0,0,17-Apr-17
OPTIDX,NIFTYIT,27-Apr-17,10700,CE,0,0,0,228.2,2.35,0,0,0,0,17-Apr-17
OPTIDX,NIFTYIT,27-Apr-17,10800,CE,0,0,0,196.9,1.05,0,0,0,0,17-Apr-17
OPTIDX,NIFTYIT,27-Apr-17,10900,CE,0,0,0,169.05,0.45,0,0,0,0,17-Apr-17
OPTIDX,NIFTYIT,27-Apr-17,11000,CE,0,0,0,144.9,0.2,0,0,0,0,17-Apr-17
OPTIDX,NIFTYIT,27-Apr-17,11100,CE,0,0,0,122.9,0.1,0,0,0,0,17-Apr-17
OPTIDX,NIFTYIT,27-Apr-17,11200,CE,0,0,0,103.9,0.05,0,0,0,0,17-Apr-17
OPTIDX,NIFTYIT,27-Apr-17,11300,CE,0,0,0,87.45,0.05,0,0,0,0,17-Apr-17
OPTIDX,NIFTYIT,27-Apr-17,11400,CE,0,0,0,73.2,0,0,0,0,0,17-Apr-17
OPTIDX,NIFTYIT,27-Apr-17,11500,CE,0,0,0,61,0,0,0,0,0,17-Apr-17
OPTIDX,NIFTYIT,27-Apr-17,11600,CE,0,0,0,50.55,0,0,0,0,0,17-Apr-17
OPTIDX,NIFTYIT,27-Apr-17,11700,CE,0,0,0,41.7,0,0,0,0,0,17-Apr-17
OPTIDX,NIFTYIT,27-Apr-17,11800,CE,0,0,0,34.25,0,0,0,0,0,17-Apr-17
OPTIDX,NIFTYIT,27-Apr-17,11900,CE,0,0,0,70.2,0,0,0,0,0,17-Apr-17
OPTIDX,NIFTYIT,27-Apr-17,12000,CE,0,0,0,59.9,0,0,0,0,0,17-Apr-17
OPTIDX,NIFTYIT,27-Apr-17,12100,CE,0,0,0,51.75,0,0,0,0,0,17-Apr-17
OPTIDX,NIFTYIT,27-Apr-17,12200,CE,0,0,0,56.3,0,0,0,0,0,17-Apr-17
OPTIDX,NIFTYIT,27-Apr-17,12300,CE,0,0,0,45.4,0,0,0,0,0,17-Apr-17
OPTIDX,NIFTYIT,27-Apr-17,12400,CE,0,0,0,20.3,0,0,0,0,0,17-Apr-17
OPTIDX,NIFTYIT,27-Apr-17,12500,CE,0,0,0,4.8,0,0,0,0,0,17-Apr-17
OPTIDX,NIFTYIT,27-Apr-17,8200,PE,0,0,0,13.75,0,0,0,0,0,17-Apr-17
OPTIDX,NIFTYIT,27-Apr-17,8300,PE,0,0,0,18.15,0,0,0,0,0,17-Apr-17
OPTIDX,NIFTYIT,27-Apr-17,8400,PE,0,0,0,23.7,0,0,0,0,0,17-Apr-17
OPTIDX,NIFTYIT,27-Apr-17,8500,PE,0,0,0,30.55,0,0,0,0,0,17-Apr-17
OPTIDX,NIFTYIT,27-Apr-17,8600,PE,0,0,0,7.6,0,0,0,0,0,17-Apr-17
OPTIDX,NIFTYIT,27-Apr-17,8700,PE,0,0,0,10.6,0,0,0,0,0,17-Apr-17
OPTIDX,NIFTYIT,27-Apr-17,8800,PE,0,0,0,14.55,0,0,0,0,0,17-Apr-17
OPTIDX,NIFTYIT,27-Apr-17,8900,PE,0,0,0,19.65,0.05,0,0,0,0,17-Apr-17
OPTIDX,NIFTYIT,27-Apr-17,9000,PE,0,0,0,26.15,0.05,0,0,0,0,17-Apr-17
OPTIDX,NIFTYIT,27-Apr-17,9100,PE,0,0,0,34.3,0.15,0,0,0,0,17-Apr-17
OPTIDX,NIFTYIT,27-Apr-17,9200,PE,0,0,0,44.35,0.35,0,0,0,0,17-Apr-17
OPTIDX,NIFTYIT,27-Apr-17,9300,PE,0,0,0,56.65,1.05,0,0,0,0,17-Apr-17
OPTIDX,NIFTYIT,27-Apr-17,9400,PE,0,0,0,71.45,2.65,0,0,0,0,17-Apr-17
OPTIDX,NIFTYIT,27-Apr-17,9500,PE,0,0,0,89,6.15,0,0,0,0,17-Apr-17
OPTIDX,NIFTYIT,27-Apr-17,9600,PE,0,0,0,109.65,13.05,0,0,0,0,17-Apr-17
OPTIDX,NIFTYIT,27-Apr-17,9700,PE,0,0,0,134,25.45,0,0,0,0,17-Apr-17
OPTIDX,NIFTYIT,27-Apr-17,9800,PE,0,0,0,161,45.6,0,0,0,0,17-Apr-17
OPTIDX,NIFTYIT,27-Apr-17,9900,PE,0,0,0,192.3,75.85,0,0,0,0,17-Apr-17
OPTIDX,NIFTYIT,27-Apr-17,10000,PE,0,0,0,227.55,117.9,0,0,0,0,17-Apr-17
OPTIDX,NIFTYIT,27-Apr-17,10100,PE,0,0,0,266.8,172.35,0,0,0,0,17-Apr-17
OPTIDX,NIFTYIT,27-Apr-17,10200,PE,0,0,0,310.2,238.65,0,0,0,0,17-Apr-17
OPTIDX,NIFTYIT,27-Apr-17,10300,PE,0,0,0,357.7,315.35,0,0,0,0,17-Apr-17
OPTIDX,NIFTYIT,27-Apr-17,10400,PE,0,0,0,409.35,400.2,0,0,0,0,17-Apr-17
OPTIDX,NIFTYIT,27-Apr-17,10500,PE,0,0,0,465.05,490.95,0,0,0,0,17-Apr-17
OPTIDX,NIFTYIT,27-Apr-17,10600,PE,0,0,0,524.65,585.65,0,0,0,0,17-Apr-17
OPTIDX,NIFTYIT,27-Apr-17,10700,PE,0,0,0,588.1,682.8,0,0,0,0,17-Apr-17
OPTIDX,NIFTYIT,27-Apr-17,10800,PE,0,0,0,655.15,781.35,0,0,0,0,17-Apr-17
OPTIDX,NIFTYIT,27-Apr-17,10900,PE,0,0,0,725.65,880.55,0,0,0,0,17-Apr-17
OPTIDX,NIFTYIT,27-Apr-17,11000,PE,0,0,0,799.85,980.15,0,0,0,0,17-Apr-17
OPTIDX,NIFTYIT,27-Apr-17,11100,PE,0,0,0,876.2,1079.85,0,0,0,0,17-Apr-17
OPTIDX,NIFTYIT,27-Apr-17,11200,PE,0,0,0,955.6,1179.65,0,0,0,0,17-Apr-17
OPTIDX,NIFTYIT,27-Apr-17,11300,PE,0,0,0,1037.5,1279.45,0,0,0,0,17-Apr-17
OPTIDX,NIFTYIT,27-Apr-17,11400,PE,0,0,0,1121.6,1379.3,0,0,0,0,17-Apr-17
OPTIDX,NIFTYIT,27-Apr-17,11500,PE,0,0,0,1207.75,1479.1,0,0,0,0,17-Apr-17
OPTIDX,NIFTYIT,27-Apr-17,11600,PE,0,0,0,1295.65,1578.95,0,0,0,0,17-Apr-17
OPTIDX,NIFTYIT,27-Apr-17,11700,PE,0,0,0,1385.2,1678.75,0,0,0,0,17-Apr-17
OPTIDX,NIFTYIT,27-Apr-17,11800,PE,0,0,0,1476.05,1778.6,0,0,0,0,17-Apr-17
OPTIDX,NIFTYIT,27-Apr-17,11900,PE,0,0,0,1423.95,1878.4,0,0,0,0,17-Apr-17
OPTIDX,NIFTYIT,27-Apr-17,12000,PE,0,0,0,1512.3,1978.25,0,0,0,0,17-Apr-17
OPTIDX,NIFTYIT,27-Apr-17,12100,PE,0,0,0,1539.95,2078.05,0,0,0,0,17-Apr-17
OPTIDX,NIFTYIT,27-Apr-17,12200,PE,0,0,0,1474.8,2177.9,0,0,0,0,17-Apr-17
OPTIDX,NIFTYIT,27-Apr-17,12300,PE,0,0,0,1528.95,2277.7,0,0,0,0,17-Apr-17
OPTIDX,NIFTYIT,27-Apr-17,12400,PE,0,0,0,1496.55,2377.55,0,0,0,0,17-Apr-17
OPTIDX,NIFTYIT,27-Apr-17,12500,PE,0,0,0,1528,2477.35,0,0,0,0,17-Apr-17
OPTIDX,NIFTYIT,25-May-17,8500,CE,0,0,0,1623.4,1558.8,0,0,0,0,17-Apr-17
OPTIDX,NIFTYIT,25-May-17,8600,CE,0,0,0,1524.55,1459.95,0,0,0,0,17-Apr-17
OPTIDX,NIFTYIT,25-May-17,8700,CE,0,0,0,1707.65,1361.4,0,0,0,0,17-Apr-17
OPTIDX,NIFTYIT,25-May-17,8800,CE,0,0,0,1608.55,1263.35,0,0,0,0,17-Apr-17
OPTIDX,NIFTYIT,25-May-17,8900,CE,0,0,0,1689.8,1166.05,0,0,0,0,17-Apr-17
OPTIDX,NIFTYIT,25-May-17,9000,CE,0,0,0,1745.05,1069.85,0,0,0,0,17-Apr-17
OPTIDX,NIFTYIT,25-May-17,9100,CE,0,0,0,1761.65,975.05,0,0,0,0,17-Apr-17
OPTIDX,NIFTYIT,25-May-17,9200,CE,0,0,0,1670.55,882.3,0,0,0,0,17-Apr-17
OPTIDX,NIFTYIT,25-May-17,9300,CE,0,0,0,1580.85,792,0,0,0,0,17-Apr-17
OPTIDX,NIFTYIT,25-May-17,9400,CE,0,0,0,1492.75,704.9,0,0,0,0,17-Apr-17
OPTIDX,NIFTYIT,25-May-17,9500,CE,0,0,0,1406.4,621.55,0,0,0,0,17-Apr-17
OPTIDX,NIFTYIT,25-May-17,9600,CE,0,0,0,1322,542.65,0,0,0,0,17-Apr-17
OPTIDX,NIFTYIT,25-May-17,9700,CE,0,0,0,1239.7,468.7,0,0,0,0,17-Apr-17
OPTIDX,NIFTYIT,25-May-17,9800,CE,0,0,0,1159.7,400.5,0,0,0,0,17-Apr-17
OPTIDX,NIFTYIT,25-May-17,9900,CE,0,0,0,1082.15,338.25,0,0,0,0,17-Apr-17
OPTIDX,NIFTYIT,25-May-17,10000,CE,0,0,0,1007.2,282.25,0,0,0,0,17-Apr-17
OPTIDX,NIFTYIT,25-May-17,10100,CE,0,0,0,935.3,232.6,0,0,0,0,17-Apr-17
OPTIDX,NIFTYIT,25-May-17,10200,CE,0,0,0,865.5,189.25,0,0,0,0,17-Apr-17
OPTIDX,NIFTYIT,25-May-17,10300,CE,0,0,0,799.2,152,0,0,0,0,17-Apr-17
OPTIDX,NIFTYIT,25-May-17,10400,CE,0,0,0,735.95,120.45,0,0,0,0,17-Apr-17
OPTIDX,NIFTYIT,25-May-17,10500,CE,0,0,0,675.85,94.7,0,0,0,0,17-Apr-17
OPTIDX,NIFTYIT,25-May-17,10600,CE,0,0,0,618.95,72.8,0,0,0,0,17-Apr-17
OPTIDX,NIFTYIT,25-May-17,10700,CE,0,0,0,565.25,55.4,0,0,0,0,17-Apr-17
OPTIDX,NIFTYIT,25-May-17,10800,CE,0,0,0,514.75,41.6,0,0,0,0,17-Apr-17
OPTIDX,NIFTYIT,25-May-17,10900,CE,0,0,0,467.45,30.8,0,0,0,0,17-Apr-17
OPTIDX,NIFTYIT,25-May-17,11000,CE,0,0,0,423.3,22.5,0,0,0,0,17-Apr-17
OPTIDX,NIFTYIT,25-May-17,11100,CE,0,0,0,382.25,16.25,0,0,0,0,17-Apr-17
OPTIDX,NIFTYIT,25-May-17,11200,CE,0,0,0,344.15,11.55,0,0,0,0,17-Apr-17
OPTIDX,NIFTYIT,25-May-17,11300,CE,0,0,0,309,8.1,0,0,0,0,17-Apr-17
OPTIDX,NIFTYIT,25-May-17,11400,CE,0,0,0,276.7,5.6,0,0,0,0,17-Apr-17
OPTIDX,NIFTYIT,25-May-17,11500,CE,0,0,0,247.05,3.85,0,0,0,0,17-Apr-17
OPTIDX,NIFTYIT,25-May-17,11600,CE,0,0,0,219.95,2.6,0,0,0,0,17-Apr-17
OPTIDX,NIFTYIT,25-May-17,11700,CE,0,0,0,195.85,1.75,0,0,0,0,17-Apr-17
OPTIDX,NIFTYIT,25-May-17,11800,CE,0,0,0,173.15,1.15,0,0,0,0,17-Apr-17
OPTIDX,NIFTYIT,25-May-17,11900,CE,0,0,0,152.9,0.75,0,0,0,0,17-Apr-17
OPTIDX,NIFTYIT,25-May-17,12000,CE,0,0,0,134.7,0.5,0,0,0,0,17-Apr-17
OPTIDX,NIFTYIT,25-May-17,12100,CE,0,0,0,118.35,0.3,0,0,0,0,17-Apr-17
OPTIDX,NIFTYIT,25-May-17,12200,CE,0,0,0,103.65,0.2,0,0,0,0,17-Apr-17
OPTIDX,NIFTYIT,25-May-17,12300,CE,0,0,0,90.6,0.15,0,0,0,0,17-Apr-17
OPTIDX,NIFTYIT,25-May-17,12400,CE,0,0,0,56,0.1,0,0,0,0,17-Apr-17
OPTIDX,NIFTYIT,25-May-17,12500,CE,0,0,0,22.95,0.05,0,0,0,0,17-Apr-17
OPTIDX,NIFTYIT,25-May-17,8500,PE,0,0,0,0.55,0.55,0,0,0,0,17-Apr-17
OPTIDX,NIFTYIT,25-May-17,8600,PE,0,0,0,1,1.05,0,0,0,0,17-Apr-17
OPTIDX,NIFTYIT,25-May-17,8700,PE,0,0,0,0.15,1.8,0,0,0,0,17-Apr-17
OPTIDX,NIFTYIT,25-May-17,8800,PE,0,0,0,0.3,3.1,0,0,0,0,17-Apr-17
OPTIDX,NIFTYIT,25-May-17,8900,PE,0,0,0,0.35,5.15,0,0,0,0,17-Apr-17
OPTIDX,NIFTYIT,25-May-17,9000,PE,0,0,0,1.5,8.25,0,0,0,0,17-Apr-17
OPTIDX,NIFTYIT,25-May-17,9100,PE,0,0,0,29.2,12.8,0,0,0,0,17-Apr-17
OPTIDX,NIFTYIT,25-May-17,9200,PE,0,0,0,36.55,19.35,0,0,0,0,17-Apr-17
OPTIDX,NIFTYIT,25-May-17,9300,PE,0,0,0,45.25,28.4,0,0,0,0,17-Apr-17
OPTIDX,NIFTYIT,25-May-17,9400,PE,0,0,0,55.6,40.6,0,0,0,0,17-Apr-17
OPTIDX,NIFTYIT,25-May-17,9500,PE,0,0,0,67.7,56.6,0,0,0,0,17-Apr-17
OPTIDX,NIFTYIT,25-May-17,9600,PE,0,0,0,81.7,77,0,0,0,0,17-Apr-17
OPTIDX,NIFTYIT,25-May-17,9700,PE,0,0,0,97.85,102.4,0,0,0,0,17-Apr-17
OPTIDX,NIFTYIT,25-May-17,9800,PE,0,0,0,116.25,133.5,0,0,0,0,17-Apr-17
OPTIDX,NIFTYIT,25-May-17,9900,PE,0,0,0,137.15,170.6,0,0,0,0,17-Apr-17
OPTIDX,NIFTYIT,25-May-17,10000,PE,0,0,0,160.6,213.9,0,0,0,0,17-Apr-17
OPTIDX,NIFTYIT,25-May-17,10100,PE,0,0,0,187.15,263.55,0,0,0,0,17-Apr-17
OPTIDX,NIFTYIT,25-May-17,10200,PE,0,0,0,215.8,319.55,0,0,0,0,17-Apr-17
OPTIDX,NIFTYIT,25-May-17,10300,PE,0,0,0,247.9,381.6,0,0,0,0,17-Apr-17
OPTIDX,NIFTYIT,25-May-17,10400,PE,0,0,0,283.1,449.4,0,0,0,0,17-Apr-17
OPTIDX,NIFTYIT,25-May-17,10500,PE,0,0,0,321.45,522.95,0,0,0,0,17-Apr-17
OPTIDX,NIFTYIT,25-May-17,10600,PE,0,0,0,363,600.4,0,0,0,0,17-Apr-17
OPTIDX,NIFTYIT,25-May-17,10700,PE,0,0,0,407.75,682.35,0,0,0,0,17-Apr-17
OPTIDX,NIFTYIT,25-May-17,10800,PE,0,0,0,455.65,767.85,0,0,0,0,17-Apr-17
OPTIDX,NIFTYIT,25-May-17,10900,PE,0,0,0,506.75,856.4,0,0,0,0,17-Apr-17
OPTIDX,NIFTYIT,25-May-17,11000,PE,0,0,0,561.05,947.45,0,0,0,0,17-Apr-17
OPTIDX,NIFTYIT,25-May-17,11100,PE,0,0,0,618.4,1040.45,0,0,0,0,17-Apr-17
OPTIDX,NIFTYIT,25-May-17,11200,PE,0,0,0,678.75,1135.1,0,0,0,0,17-Apr-17
OPTIDX,NIFTYIT,25-May-17,11300,PE,0,0,0,742.05,1231,0,0,0,0,17-Apr-17
OPTIDX,NIFTYIT,25-May-17,11400,PE,0,0,0,808.15,1327.85,0,0,0,0,17-Apr-17
OPTIDX,NIFTYIT,25-May-17,11500,PE,0,0,0,876.95,1425.4,0,0,0,0,17-Apr-17
OPTIDX,NIFTYIT,25-May-17,11600,PE,0,0,0,948.25,1523.45,0,0,0,0,17-Apr-17
OPTIDX,NIFTYIT,25-May-17,11700,PE,0,0,0,1022.6,1621.9,0,0,0,0,17-Apr-17
OPTIDX,NIFTYIT,25-May-17,11800,PE,0,0,0,1098.35,1720.65,0,0,0,0,17-Apr-17
OPTIDX,NIFTYIT,25-May-17,11900,PE,0,0,0,1176.55,1819.6,0,0,0,0,17-Apr-17
OPTIDX,NIFTYIT,25-May-17,12000,PE,0,0,0,1256.75,1918.65,0,0,0,0,17-Apr-17
OPTIDX,NIFTYIT,25-May-17,12100,PE,0,0,0,1338.8,2017.8,0,0,0,0,17-Apr-17
OPTIDX,NIFTYIT,25-May-17,12200,PE,0,0,0,1422.6,2117.05,0,0,0,0,17-Apr-17
OPTIDX,NIFTYIT,25-May-17,12300,PE,0,0,0,1507.95,2216.3,0,0,0,0,17-Apr-17
OPTIDX,NIFTYIT,25-May-17,12400,PE,0,0,0,1470.55,2315.55,0,0,0,0,17-Apr-17
OPTIDX,NIFTYIT,25-May-17,12500,PE,0,0,0,1484.45,2414.85,0,0,0,0,17-Apr-17
OPTIDX,NIFTYIT,29-Jun-17,8500,CE,0,0,0,1680.95,1616.7,0,0,0,0,17-Apr-17
OPTIDX,NIFTYIT,29-Jun-17,8600,CE,0,0,0,1584.8,1520.65,0,0,0,0,17-Apr-17
OPTIDX,NIFTYIT,29-Jun-17,8700,CE,0,0,0,1762.9,1425.55,0,0,0,0,17-Apr-17
OPTIDX,NIFTYIT,29-Jun-17,8800,CE,0,0,0,1665.3,1331.6,0,0,0,0,17-Apr-17
OPTIDX,NIFTYIT,29-Jun-17,8900,CE,0,0,0,1747.25,1239.15,0,0,0,0,17-Apr-17
OPTIDX,NIFTYIT,29-Jun-17,9000,CE,0,0,0,1733.35,1148.45,0,0,0,0,17-Apr-17
OPTIDX,NIFTYIT,29-Jun-17,9100,CE,0,0,0,1784.9,1059.85,0,0,0,0,17-Apr-17
OPTIDX,NIFTYIT,29-Jun-17,9200,CE,0,0,0,1688.35,973.65,0,0,0,0,17-Apr-17
OPTIDX,NIFTYIT,29-Jun-17,9300,CE,0,0,0,1592.5,890.25,0,0,0,0,17-Apr-17
OPTIDX,NIFTYIT,29-Jun-17,9400,CE,0,0,0,1497.55,809.95,0,0,0,0,17-Apr-17
OPTIDX,NIFTYIT,29-Jun-17,9500,CE,0,0,0,1403.6,733.1,0,0,0,0,17-Apr-17
OPTIDX,NIFTYIT,29-Jun-17,9600,CE,0,0,0,1311.05,660.3,0,0,0,0,17-Apr-17
OPTIDX,NIFTYIT,29-Jun-17,9700,CE,0,0,0,1220.05,590.8,0,0,0,0,17-Apr-17
OPTIDX,NIFTYIT,29-Jun-17,9800,CE,0,0,0,1130.95,525.95,0,0,0,0,17-Apr-17
OPTIDX,NIFTYIT,29-Jun-17,9900,CE,0,0,0,1044,465.55,0,0,0,0,17-Apr-17
OPTIDX,NIFTYIT,29-Jun-17,10000,CE,0,0,0,959.6,409.6,0,0,0,0,17-Apr-17
OPTIDX,NIFTYIT,29-Jun-17,10100,CE,0,0,0,878.05,358.2,0,0,0,0,17-Apr-17
OPTIDX,NIFTYIT,29-Jun-17,10200,CE,0,0,0,799.6,311.35,0,0,0,0,17-Apr-17
OPTIDX,NIFTYIT,29-Jun-17,10300,CE,0,0,0,725.05,268.95,0,0,0,0,17-Apr-17
OPTIDX,NIFTYIT,29-Jun-17,10400,CE,0,0,0,653.2,230.9,0,0,0,0,17-Apr-17
OPTIDX,NIFTYIT,29-Jun-17,10500,CE,0,0,0,585.9,197,0,0,0,0,17-Apr-17
OPTIDX,NIFTYIT,29-Jun-17,10600,CE,0,0,0,522.7,167,0,0,0,0,17-Apr-17
OPTIDX,NIFTYIT,29-Jun-17,10700,CE,0,0,0,463.8,141.15,0,0,0,0,17-Apr-17
OPTIDX,NIFTYIT,29-Jun-17,10800,CE,0,0,0,409.2,117.95,0,0,0,0,17-Apr-17
OPTIDX,NIFTYIT,29-Jun-17,10900,CE,0,0,0,359,98.15,0,0,0,0,17-Apr-17
OPTIDX,NIFTYIT,29-Jun-17,11000,CE,0,0,0,313.1,81.15,0,0,0,0,17-Apr-17
OPTIDX,NIFTYIT,29-Jun-17,11100,CE,0,0,0,271.55,66.7,0,0,0,0,17-Apr-17
OPTIDX,NIFTYIT,29-Jun-17,11200,CE,0,0,0,234.1,54.5,0,0,0,0,17-Apr-17
OPTIDX,NIFTYIT,29-Jun-17,11300,CE,0,0,0,200.6,44.2,0,0,0,0,17-Apr-17
OPTIDX,NIFTYIT,29-Jun-17,11400,CE,0,0,0,170.9,35.65,0,0,0,0,17-Apr-17
OPTIDX,NIFTYIT,29-Jun-17,11500,CE,0,0,0,145.2,28.6,0,0,0,0,17-Apr-17
OPTIDX,NIFTYIT,29-Jun-17,11600,CE,0,0,0,122,22.8,0,0,0,0,17-Apr-17
OPTIDX,NIFTYIT,29-Jun-17,11700,CE,0,0,0,102.15,18.05,0,0,0,0,17-Apr-17
OPTIDX,NIFTYIT,29-Jun-17,11800,CE,0,0,0,85,14.25,0,0,0,0,17-Apr-17
OPTIDX,NIFTYIT,29-Jun-17,11900,CE,0,0,0,70.35,11.15,0,0,0,0,17-Apr-17
OPTIDX,NIFTYIT,29-Jun-17,12000,CE,0,0,0,57.85,8.7,0,0,0,0,17-Apr-17
OPTIDX,NIFTYIT,29-Jun-17,12100,CE,0,0,0,47.3,6.75,0,0,0,0,17-Apr-17
OPTIDX,NIFTYIT,29-Jun-17,12200,CE,0,0,0,38.45,5.2,0,0,0,0,17-Apr-17
OPTIDX,NIFTYIT,29-Jun-17,12300,CE,0,0,0,31.05,3.95,0,0,0,0,17-Apr-17
OPTIDX,NIFTYIT,29-Jun-17,8500,PE,0,0,0,5.85,6,0,0,0,0,17-Apr-17
OPTIDX,NIFTYIT,29-Jun-17,8600,PE,0,0,0,8.35,8.65,0,0,0,0,17-Apr-17
OPTIDX,NIFTYIT,29-Jun-17,8700,PE,0,0,0,1.85,12.25,0,0,0,0,17-Apr-17
OPTIDX,NIFTYIT,29-Jun-17,8800,PE,0,0,0,2.9,17.05,0,0,0,0,17-Apr-17
OPTIDX,NIFTYIT,29-Jun-17,8900,PE,0,0,0,2.8,23.3,0,0,0,0,17-Apr-17
OPTIDX,NIFTYIT,29-Jun-17,9000,PE,0,0,0,3.35,31.3,0,0,0,0,17-Apr-17
OPTIDX,NIFTYIT,29-Jun-17,9100,PE,0,0,0,4.05,41.4,0,0,0,0,17-Apr-17
OPTIDX,NIFTYIT,29-Jun-17,9200,PE,0,0,0,5.9,53.95,0,0,0,0,17-Apr-17
OPTIDX,NIFTYIT,29-Jun-17,9300,PE,0,0,0,8.4,69.25,0,0,0,0,17-Apr-17
OPTIDX,NIFTYIT,29-Jun-17,9400,PE,0,0,0,11.75,87.65,0,0,0,0,17-Apr-17
OPTIDX,NIFTYIT,29-Jun-17,9500,PE,0,0,0,16.2,109.5,0,0,0,0,17-Apr-17
OPTIDX,NIFTYIT,29-Jun-17,9600,PE,0,0,0,21.95,135.4,0,0,0,0,17-Apr-17
OPTIDX,NIFTYIT,29-Jun-17,9700,PE,0,0,0,29.3,164.6,0,0,0,0,17-Apr-17
OPTIDX,NIFTYIT,29-Jun-17,9800,PE,0,0,0,38.55,198.5,0,0,0,0,17-Apr-17
OPTIDX,NIFTYIT,29-Jun-17,9900,PE,0,0,0,50,236.75,0,0,0,0,17-Apr-17
OPTIDX,NIFTYIT,29-Jun-17,10000,PE,0,0,0,63.95,279.55,0,0,0,0,17-Apr-17
OPTIDX,NIFTYIT,29-Jun-17,10100,PE,0,0,0,80.75,326.85,0,0,0,0,17-Apr-17
OPTIDX,NIFTYIT,29-Jun-17,10200,PE,0,0,0,100.65,378.7,0,0,0,0,17-Apr-17
OPTIDX,NIFTYIT,29-Jun-17,10300,PE,0,0,0,124.4,435.05,0,0,0,0,17-Apr-17
OPTIDX,NIFTYIT,29-Jun-17,10400,PE,0,0,0,150.95,495.7,0,0,0,0,17-Apr-17
OPTIDX,NIFTYIT,29-Jun-17,10500,PE,0,0,0,182,560.45,0,0,0,0,17-Apr-17
OPTIDX,NIFTYIT,29-Jun-17,10600,PE,0,0,0,217.15,629.2,0,0,0,0,17-Apr-17
OPTIDX,NIFTYIT,29-Jun-17,10700,PE,0,0,0,256.6,702.05,0,0,0,0,17-Apr-17
OPTIDX,NIFTYIT,29-Jun-17,10800,PE,0,0,0,300.35,777.55,0,0,0,0,17-Apr-17
OPTIDX,NIFTYIT,29-Jun-17,10900,PE,0,0,0,348.45,856.45,0,0,0,0,17-Apr-17
OPTIDX,NIFTYIT,29-Jun-17,11000,PE,0,0,0,400.95,938.2,0,0,0,0,17-Apr-17
OPTIDX,NIFTYIT,29-Jun-17,11100,PE,0,0,0,457.75,1022.45,0,0,0,0,17-Apr-17
OPTIDX,NIFTYIT,29-Jun-17,11200,PE,0,0,0,518.65,1108.9,0,0,0,0,17-Apr-17
OPTIDX,NIFTYIT,29-Jun-17,11300,PE,0,0,0,583.5,1197.35,0,0,0,0,17-Apr-17
OPTIDX,NIFTYIT,29-Jun-17,11400,PE,0,0,0,652.15,1287.55,0,0,0,0,17-Apr-17
OPTIDX,NIFTYIT,29-Jun-17,11500,PE,0,0,0,724.8,1379.15,0,0,0,0,17-Apr-17
OPTIDX,NIFTYIT,29-Jun-17,11600,PE,0,0,0,799.95,1472.1,0,0,0,0,17-Apr-17
OPTIDX,NIFTYIT,29-Jun-17,11700,PE,0,0,0,878.45,1566.05,0,0,0,0,17-Apr-17
OPTIDX,NIFTYIT,29-Jun-17,11800,PE,0,0,0,959.65,1660.95,0,0,0,0,17-Apr-17
OPTIDX,NIFTYIT,29-Jun-17,11900,PE,0,0,0,1043.35,1756.55,0,0,0,0,17-Apr-17
OPTIDX,NIFTYIT,29-Jun-17,12000,PE,0,0,0,1129.2,1852.8,0,0,0,0,17-Apr-17
OPTIDX,NIFTYIT,29-Jun-17,12100,PE,0,0,0,1217,1949.55,0,0,0,0,17-Apr-17
OPTIDX,NIFTYIT,29-Jun-17,12200,PE,0,0,0,1306.5,2046.7,0,0,0,0,17-Apr-17
OPTIDX,NIFTYIT,29-Jun-17,12300,PE,0,0,0,1397.45,2144.2,0,0,0,0,17-Apr-17
OPTIDX,NIFTYMID50,27-Apr-17,2800,CE,0,0,0,1242.85,1637.75,0,0,0,0,17-Apr-17
OPTIDX,NIFTYMID50,27-Apr-17,2900,CE,0,0,0,1203.85,1537.9,0,0,0,0,17-Apr-17
OPTIDX,NIFTYMID50,27-Apr-17,3000,CE,0,0,0,1105.5,1438.1,0,0,0,0,17-Apr-17
OPTIDX,NIFTYMID50,27-Apr-17,3100,CE,0,0,0,868.4,1338.25,0,0,0,0,17-Apr-17
OPTIDX,NIFTYMID50,27-Apr-17,3200,CE,0,0,0,771.7,1238.45,0,0,0,0,17-Apr-17
OPTIDX,NIFTYMID50,27-Apr-17,3300,CE,0,0,0,676.55,1138.6,0,0,0,0,17-Apr-17
OPTIDX,NIFTYMID50,27-Apr-17,3400,CE,0,0,0,584.1,1038.8,0,0,0,0,17-Apr-17
OPTIDX,NIFTYMID50,27-Apr-17,3500,CE,0,0,0,495.55,938.95,0,0,0,0,17-Apr-17
OPTIDX,NIFTYMID50,27-Apr-17,3600,CE,0,0,0,412.4,839.15,0,0,0,0,17-Apr-17
OPTIDX,NIFTYMID50,27-Apr-17,3700,CE,0,0,0,336.2,739.3,0,0,0,0,17-Apr-17
OPTIDX,NIFTYMID50,27-Apr-17,3800,CE,0,0,0,267.75,639.5,0,0,0,0,17-Apr-17
OPTIDX,NIFTYMID50,27-Apr-17,3900,CE,0,0,0,208.45,539.65,0,0,0,0,17-Apr-17
OPTIDX,NIFTYMID50,27-Apr-17,4000,CE,0,0,0,158.4,439.85,0,0,0,0,17-Apr-17
OPTIDX,NIFTYMID50,27-Apr-17,4100,CE,0,0,0,117.5,340.05,0,0,0,0,17-Apr-17
OPTIDX,NIFTYMID50,27-Apr-17,4200,CE,0,0,0,85,240.8,0,0,0,0,17-Apr-17
OPTIDX,NIFTYMID50,27-Apr-17,4300,CE,0,0,0,60.15,146.2,0,0,0,0,17-Apr-17
OPTIDX,NIFTYMID50,27-Apr-17,4400,CE,0,0,0,41.5,68.7,0,0,0,0,17-Apr-17
OPTIDX,NIFTYMID50,27-Apr-17,4500,CE,0,0,0,27.95,22.4,0,0,0,0,17-Apr-17
OPTIDX,NIFTYMID50,27-Apr-17,4600,CE,0,0,0,18.45,4.7,0,0,0,0,17-Apr-17
OPTIDX,NIFTYMID50,27-Apr-17,4700,CE,0,0,0,11.85,0.6,0,0,0,0,17-Apr-17
OPTIDX,NIFTYMID50,27-Apr-17,4800,CE,0,0,0,12.2,0.05,0,0,0,0,17-Apr-17
OPTIDX,NIFTYMID50,27-Apr-17,4900,CE,0,0,0,13.45,0,0,0,0,0,17-Apr-17
OPTIDX,NIFTYMID50,27-Apr-17,5000,CE,0,0,0,8.9,0,0,0,0,0,17-Apr-17
OPTIDX,NIFTYMID50,27-Apr-17,5100,CE,0,0,0,5.75,0,0,0,0,0,17-Apr-17
OPTIDX,NIFTYMID50,27-Apr-17,5200,CE,0,0,0,3.7,0,0,0,0,0,17-Apr-17
OPTIDX,NIFTYMID50,27-Apr-17,5300,CE,0,0,0,2.3,0,0,0,0,0,17-Apr-17
OPTIDX,NIFTYMID50,27-Apr-17,5400,CE,0,0,0,0.45,0,0,0,0,0,17-Apr-17
OPTIDX,NIFTYMID50,27-Apr-17,5500,CE,0,0,0,0.05,0,0,0,0,0,17-Apr-17
OPTIDX,NIFTYMID50,27-Apr-17,5600,CE,0,0,0,0.05,0,0,0,0,0,17-Apr-17
OPTIDX,NIFTYMID50,27-Apr-17,5700,CE,0,0,0,0.05,0,0,0,0,0,17-Apr-17
OPTIDX,NIFTYMID50,27-Apr-17,2800,PE,0,0,0,0.05,0,0,0,0,0,17-Apr-17
OPTIDX,NIFTYMID50,27-Apr-17,2900,PE,0,0,0,0.1,0,0,0,0,0,17-Apr-17
OPTIDX,NIFTYMID50,27-Apr-17,3000,PE,0,0,0,0.3,0,0,0,0,0,17-Apr-17
OPTIDX,NIFTYMID50,27-Apr-17,3100,PE,0,0,0,1.2,0,0,0,0,0,17-Apr-17
OPTIDX,NIFTYMID50,27-Apr-17,3200,PE,0,0,0,2.85,0,0,0,0,0,17-Apr-17
OPTIDX,NIFTYMID50,27-Apr-17,3300,PE,0,0,0,6.1,0,0,0,0,0,17-Apr-17
OPTIDX,NIFTYMID50,27-Apr-17,3400,PE,0,0,0,12,0,0,0,0,0,17-Apr-17
OPTIDX,NIFTYMID50,27-Apr-17,3500,PE,0,0,0,21.8,0,0,0,0,0,17-Apr-17
OPTIDX,NIFTYMID50,27-Apr-17,3600,PE,0,0,0,37,0,0,0,0,0,17-Apr-17
OPTIDX,NIFTYMID50,27-Apr-17,3700,PE,0,0,0,59.15,0,0,0,0,0,17-Apr-17
OPTIDX,NIFTYMID50,27-Apr-17,3800,PE,0,0,0,89.05,0,0,0,0,0,17-Apr-17
OPTIDX,NIFTYMID50,27-Apr-17,3900,PE,0,0,0,128.1,0,0,0,0,0,17-Apr-17
OPTIDX,NIFTYMID50,27-Apr-17,4000,PE,0,0,0,176.45,0,0,0,0,0,17-Apr-17
OPTIDX,NIFTYMID50,27-Apr-17,4100,PE,0,0,0,233.85,0.05,0,0,0,0,17-Apr-17
OPTIDX,NIFTYMID50,27-Apr-17,4200,PE,0,0,0,299.75,0.65,0,0,0,0,17-Apr-17
OPTIDX,NIFTYMID50,27-Apr-17,4300,PE,0,0,0,373.25,5.85,0,0,0,0,17-Apr-17
OPTIDX,NIFTYMID50,27-Apr-17,4400,PE,0,0,0,452.95,28.2,0,0,0,0,17-Apr-17
OPTIDX,NIFTYMID50,27-Apr-17,4500,PE,0,0,0,537.8,81.7,0,0,0,0,17-Apr-17
OPTIDX,NIFTYMID50,27-Apr-17,4600,PE,0,0,0,626.6,163.8,0,0,0,0,17-Apr-17
OPTIDX,NIFTYMID50,27-Apr-17,4700,PE,0,0,0,718.4,259.6,0,0,0,0,17-Apr-17
OPTIDX,NIFTYMID50,27-Apr-17,4800,PE,0,0,0,784.8,358.85,0,0,0,0,17-Apr-17
OPTIDX,NIFTYMID50,27-Apr-17,4900,PE,0,0,0,780.7,458.65,0,0,0,0,17-Apr-17
OPTIDX,NIFTYMID50,27-Apr-17,5000,PE,0,0,0,874.65,558.45,0,0,0,0,17-Apr-17
OPTIDX,NIFTYMID50,27-Apr-17,5100,PE,0,0,0,970.05,658.3,0,0,0,0,17-Apr-17
OPTIDX,NIFTYMID50,27-Apr-17,5200,PE,0,0,0,1066.55,758.1,0,0,0,0,17-Apr-17
OPTIDX,NIFTYMID50,27-Apr-17,5300,PE,0,0,0,1163.75,857.95,0,0,0,0,17-Apr-17
OPTIDX,NIFTYMID50,27-Apr-17,5400,PE,0,0,0,1161.2,957.75,0,0,0,0,17-Apr-17
OPTIDX,NIFTYMID50,27-Apr-17,5500,PE,0,0,0,1201.9,1057.6,0,0,0,0,17-Apr-17
OPTIDX,NIFTYMID50,27-Apr-17,5600,PE,0,0,0,1202.45,1157.4,0,0,0,0,17-Apr-17
OPTIDX,NIFTYMID50,27-Apr-17,5700,PE,0,0,0,1209.25,1257.25,0,0,0,0,17-Apr-17
OPTIDX,NIFTYMID50,25-May-17,2900,CE,0,0,0,1256.9,1552.45,0,0,0,0,17-Apr-17
OPTIDX,NIFTYMID50,25-May-17,3000,CE,0,0,0,1197.9,1453.1,0,0,0,0,17-Apr-17
OPTIDX,NIFTYMID50,25-May-17,3100,CE,0,0,0,1099.5,1353.8,0,0,0,0,17-Apr-17
OPTIDX,NIFTYMID50,25-May-17,3200,CE,0,0,0,1001.3,1254.45,0,0,0,0,17-Apr-17
OPTIDX,NIFTYMID50,25-May-17,3300,CE,0,0,0,903.4,1155.15,0,0,0,0,17-Apr-17
OPTIDX,NIFTYMID50,25-May-17,3400,CE,0,0,0,806.25,1055.8,0,0,0,0,17-Apr-17
OPTIDX,NIFTYMID50,25-May-17,3500,CE,0,0,0,710.35,956.5,0,0,0,0,17-Apr-17
OPTIDX,NIFTYMID50,25-May-17,3600,CE,0,0,0,616.7,857.15,0,0,0,0,17-Apr-17
OPTIDX,NIFTYMID50,25-May-17,3700,CE,0,0,0,526.45,757.85,0,0,0,0,17-Apr-17
OPTIDX,NIFTYMID50,25-May-17,3800,CE,0,0,0,441,658.55,0,0,0,0,17-Apr-17
OPTIDX,NIFTYMID50,25-May-17,3900,CE,0,0,0,361.85,559.4,0,0,0,0,17-Apr-17
OPTIDX,NIFTYMID50,25-May-17,4000,CE,0,0,0,290.3,461,0,0,0,0,17-Apr-17
OPTIDX,NIFTYMID50,25-May-17,4100,CE,0,0,0,227.55,364.65,0,0,0,0,17-Apr-17
OPTIDX,NIFTYMID50,25-May-17,4200,CE,0,0,0,174,273.35,0,0,0,0,17-Apr-17
OPTIDX,NIFTYMID50,25-May-17,4300,CE,0,0,0,129.8,191.35,0,0,0,0,17-Apr-17
OPTIDX,NIFTYMID50,25-May-17,4400,CE,0,0,0,94.4,123.4,0,0,0,0,17-Apr-17
OPTIDX,NIFTYMID50,25-May-17,4500,CE,0,0,0,67.1,72.4,0,0,0,0,17-Apr-17
OPTIDX,NIFTYMID50,25-May-17,4600,CE,0,0,0,46.35,38.35,0,0,0,0,17-Apr-17
OPTIDX,NIFTYMID50,25-May-17,4700,CE,0,0,0,31.3,18.25,0,0,0,0,17-Apr-17
OPTIDX,NIFTYMID50,25-May-17,4800,CE,0,0,0,20.6,7.8,0,0,0,0,17-Apr-17
OPTIDX,NIFTYMID50,25-May-17,4900,CE,0,0,0,13.25,2.95,0,0,0,0,17-Apr-17
OPTIDX,NIFTYMID50,25-May-17,5000,CE,0,0,0,8.35,1,0,0,0,0,17-Apr-17
OPTIDX,NIFTYMID50,25-May-17,5100,CE,0,0,0,5.15,0.3,0,0,0,0,17-Apr-17
OPTIDX,NIFTYMID50,25-May-17,5200,CE,0,0,0,3.1,0.1,0,0,0,0,17-Apr-17
OPTIDX,NIFTYMID50,25-May-17,5300,CE,0,0,0,1.85,0.05,0,0,0,0,17-Apr-17
OPTIDX,NIFTYMID50,25-May-17,5400,CE,0,0,0,1.05,0,0,0,0,0,17-Apr-17
OPTIDX,NIFTYMID50,25-May-17,5500,CE,0,0,0,0.4,0,0,0,0,0,17-Apr-17
OPTIDX,NIFTYMID50,25-May-17,5600,CE,0,0,0,0.05,0,0,0,0,0,17-Apr-17
OPTIDX,NIFTYMID50,25-May-17,5700,CE,0,0,0,0.05,0,0,0,0,0,17-Apr-17
OPTIDX,NIFTYMID50,25-May-17,2900,PE,0,0,0,0.05,0,0,0,0,0,17-Apr-17
OPTIDX,NIFTYMID50,25-May-17,3000,PE,0,0,0,0.05,0,0,0,0,0,17-Apr-17
OPTIDX,NIFTYMID50,25-May-17,3100,PE,0,0,0,0.15,0,0,0,0,0,17-Apr-17
OPTIDX,NIFTYMID50,25-May-17,3200,PE,0,0,0,0.35,0,0,0,0,0,17-Apr-17
OPTIDX,NIFTYMID50,25-May-17,3300,PE,0,0,0,0.9,0,0,0,0,0,17-Apr-17
OPTIDX,NIFTYMID50,25-May-17,3400,PE,0,0,0,2.15,0,0,0,0,0,17-Apr-17
OPTIDX,NIFTYMID50,25-May-17,3500,PE,0,0,0,4.7,0,0,0,0,0,17-Apr-17
OPTIDX,NIFTYMID50,25-May-17,3600,PE,0,0,0,9.45,0,0,0,0,0,17-Apr-17
OPTIDX,NIFTYMID50,25-May-17,3700,PE,0,0,0,17.65,0,0,0,0,0,17-Apr-17
OPTIDX,NIFTYMID50,25-May-17,3800,PE,0,0,0,30.6,0.05,0,0,0,0,17-Apr-17
OPTIDX,NIFTYMID50,25-May-17,3900,PE,0,0,0,49.9,0.25,0,0,0,0,17-Apr-17
OPTIDX,NIFTYMID50,25-May-17,4000,PE,0,0,0,76.8,1.15,0,0,0,0,17-Apr-17
OPTIDX,NIFTYMID50,25-May-17,4100,PE,0,0,0,112.45,4.15,0,0,0,0,17-Apr-17
OPTIDX,NIFTYMID50,25-May-17,4200,PE,0,0,0,157.35,12.15,0,0,0,0,17-Apr-17
OPTIDX,NIFTYMID50,25-May-17,4300,PE,0,0,0,211.55,29.5,0,0,0,0,17-Apr-17
OPTIDX,NIFTYMID50,25-May-17,4400,PE,0,0,0,274.6,60.85,0,0,0,0,17-Apr-17
OPTIDX,NIFTYMID50,25-May-17,4500,PE,0,0,0,345.75,109.2,0,0,0,0,17-Apr-17
OPTIDX,NIFTYMID50,25-May-17,4600,PE,0,0,0,423.4,174.5,0,0,0,0,17-Apr-17
OPTIDX,NIFTYMID50,25-May-17,4700,PE,0,0,0,506.8,253.75,0,0,0,0,17-Apr-17
OPTIDX,NIFTYMID50,25-May-17,4800,PE,0,0,0,594.55,342.55,0,0,0,0,17-Apr-17
OPTIDX,NIFTYMID50,25-May-17,4900,PE,0,0,0,685.6,437.05,0,0,0,0,17-Apr-17
OPTIDX,NIFTYMID50,25-May-17,5000,PE,0,0,0,779.15,534.45,0,0,0,0,17-Apr-17
OPTIDX,NIFTYMID50,25-May-17,5100,PE,0,0,0,874.35,633.1,0,0,0,0,17-Apr-17
OPTIDX,NIFTYMID50,25-May-17,5200,PE,0,0,0,970.75,732.2,0,0,0,0,17-Apr-17
OPTIDX,NIFTYMID50,25-May-17,5300,PE,0,0,0,1067.9,831.45,0,0,0,0,17-Apr-17
OPTIDX,NIFTYMID50,25-May-17,5400,PE,0,0,0,1165.6,930.75,0,0,0,0,17-Apr-17
OPTIDX,NIFTYMID50,25-May-17,5500,PE,0,0,0,1175.1,1030.1,0,0,0,0,17-Apr-17
OPTIDX,NIFTYMID50,25-May-17,5600,PE,0,0,0,1173.2,1129.4,0,0,0,0,17-Apr-17
OPTIDX,NIFTYMID50,25-May-17,5700,PE,0,0,0,1180.75,1228.75,0,0,0,0,17-Apr-17
OPTIDX,NIFTYMID50,29-Jun-17,3200,CE,0,0,0,1217.45,1274.2,0,0,0,0,17-Apr-17
OPTIDX,NIFTYMID50,29-Jun-17,3300,CE,0,0,0,1119.1,1175.5,0,0,0,0,17-Apr-17
OPTIDX,NIFTYMID50,29-Jun-17,3400,CE,0,0,0,1020.85,1076.8,0,0,0,0,17-Apr-17
OPTIDX,NIFTYMID50,29-Jun-17,3500,CE,0,0,0,922.7,978.1,0,0,0,0,17-Apr-17
OPTIDX,NIFTYMID50,29-Jun-17,3600,CE,0,0,0,824.95,879.45,0,0,0,0,17-Apr-17
OPTIDX,NIFTYMID50,29-Jun-17,3700,CE,0,0,0,728,780.9,0,0,0,0,17-Apr-17
OPTIDX,NIFTYMID50,29-Jun-17,3800,CE,0,0,0,632.55,682.75,0,0,0,0,17-Apr-17
OPTIDX,NIFTYMID50,29-Jun-17,3900,CE,0,0,0,539.75,585.6,0,0,0,0,17-Apr-17
OPTIDX,NIFTYMID50,29-Jun-17,4000,CE,0,0,0,451.1,490.55,0,0,0,0,17-Apr-17
OPTIDX,NIFTYMID50,29-Jun-17,4100,CE,0,0,0,368.2,399.3,0,0,0,0,17-Apr-17
OPTIDX,NIFTYMID50,29-Jun-17,4200,CE,0,0,0,292.95,314.25,0,0,0,0,17-Apr-17
OPTIDX,NIFTYMID50,29-Jun-17,4300,CE,0,0,0,226.4,237.85,0,0,0,0,17-Apr-17
OPTIDX,NIFTYMID50,29-Jun-17,4400,CE,0,0,0,169.95,172.45,0,0,0,0,17-Apr-17
OPTIDX,NIFTYMID50,29-Jun-17,4500,CE,0,0,0,123.7,119.35,0,0,0,0,17-Apr-17
OPTIDX,NIFTYMID50,29-Jun-17,4600,CE,0,0,0,87.2,78.6,0,0,0,0,17-Apr-17
OPTIDX,NIFTYMID50,29-Jun-17,4700,CE,0,0,0,59.8,49.4,0,0,0,0,17-Apr-17
OPTIDX,NIFTYMID50,29-Jun-17,4800,CE,0,0,0,39.45,29.3,0,0,0,0,17-Apr-17
OPTIDX,NIFTYMID50,29-Jun-17,4900,CE,0,0,0,25.3,16.55,0,0,0,0,17-Apr-17
OPTIDX,NIFTYMID50,29-Jun-17,5000,CE,0,0,0,15.75,8.9,0,0,0,0,17-Apr-17
OPTIDX,NIFTYMID50,29-Jun-17,5100,CE,0,0,0,9.5,4.55,0,0,0,0,17-Apr-17
OPTIDX,NIFTYMID50,29-Jun-17,5200,CE,0,0,0,5.55,2.2,0,0,0,0,17-Apr-17
OPTIDX,NIFTYMID50,29-Jun-17,5300,CE,0,0,0,3.15,1.05,0,0,0,0,17-Apr-17
OPTIDX,NIFTYMID50,29-Jun-17,5400,CE,0,0,0,1.75,0.45,0,0,0,0,17-Apr-17
OPTIDX,NIFTYMID50,29-Jun-17,5500,CE,0,0,0,0.95,0.2,0,0,0,0,17-Apr-17
OPTIDX,NIFTYMID50,29-Jun-17,5600,CE,0,0,0,0.5,0.1,0,0,0,0,17-Apr-17
OPTIDX,NIFTYMID50,29-Jun-17,5700,CE,0,0,0,0.15,0.05,0,0,0,0,17-Apr-17
OPTIDX,NIFTYMID50,29-Jun-17,3200,PE,0,0,0,0.05,0,0,0,0,0,17-Apr-17
OPTIDX,NIFTYMID50,29-Jun-17,3300,PE,0,0,0,0.05,0,0,0,0,0,17-Apr-17
OPTIDX,NIFTYMID50,29-Jun-17,3400,PE,0,0,0,0.1,0,0,0,0,0,17-Apr-17
OPTIDX,NIFTYMID50,29-Jun-17,3500,PE,0,0,0,0.35,0.05,0,0,0,0,17-Apr-17
OPTIDX,NIFTYMID50,29-Jun-17,3600,PE,0,0,0,0.95,0.1,0,0,0,0,17-Apr-17
OPTIDX,NIFTYMID50,29-Jun-17,3700,PE,0,0,0,2.3,0.25,0,0,0,0,17-Apr-17
OPTIDX,NIFTYMID50,29-Jun-17,3800,PE,0,0,0,5.25,0.85,0,0,0,0,17-Apr-17
OPTIDX,NIFTYMID50,29-Jun-17,3900,PE,0,0,0,10.8,2.4,0,0,0,0,17-Apr-17
OPTIDX,NIFTYMID50,29-Jun-17,4000,PE,0,0,0,20.45,6,0,0,0,0,17-Apr-17
OPTIDX,NIFTYMID50,29-Jun-17,4100,PE,0,0,0,35.95,13.5,0,0,0,0,17-Apr-17
OPTIDX,NIFTYMID50,29-Jun-17,4200,PE,0,0,0,59.05,27.15,0,0,0,0,17-Apr-17
OPTIDX,NIFTYMID50,29-Jun-17,4300,PE,0,0,0,90.85,49.45,0,0,0,0,17-Apr-17
OPTIDX,NIFTYMID50,29-Jun-17,4400,PE,0,0,0,132.75,82.8,0,0,0,0,17-Apr-17
OPTIDX,NIFTYMID50,29-Jun-17,4500,PE,0,0,0,184.85,128.35,0,0,0,0,17-Apr-17
OPTIDX,NIFTYMID50,29-Jun-17,4600,PE,0,0,0,246.7,186.35,0,0,0,0,17-Apr-17
OPTIDX,NIFTYMID50,29-Jun-17,4700,PE,0,0,0,317.6,255.85,0,0,0,0,17-Apr-17
OPTIDX,NIFTYMID50,29-Jun-17,4800,PE,0,0,0,395.65,334.5,0,0,0,0,17-Apr-17
OPTIDX,NIFTYMID50,29-Jun-17,4900,PE,0,0,0,479.85,420.45,0,0,0,0,17-Apr-17
OPTIDX,NIFTYMID50,29-Jun-17,5000,PE,0,0,0,568.65,511.45,0,0,0,0,17-Apr-17
OPTIDX,NIFTYMID50,29-Jun-17,5100,PE,0,0,0,660.75,605.8,0,0,0,0,17-Apr-17
OPTIDX,NIFTYMID50,29-Jun-17,5200,PE,0,0,0,755.15,702.2,0,0,0,0,17-Apr-17
OPTIDX,NIFTYMID50,29-Jun-17,5300,PE,0,0,0,851.1,799.75,0,0,0,0,17-Apr-17
OPTIDX,NIFTYMID50,29-Jun-17,5400,PE,0,0,0,948.05,897.85,0,0,0,0,17-Apr-17
OPTIDX,NIFTYMID50,29-Jun-17,5500,PE,0,0,0,1045.6,996.3,0,0,0,0,17-Apr-17
OPTIDX,NIFTYMID50,29-Jun-17,5600,PE,0,0,0,1143.5,1094.9,0,0,0,0,17-Apr-17
OPTIDX,NIFTYMID50,29-Jun-17,5700,PE,0,0,0,1145.8,1193.6,0,0,0,0,17-Apr-17
OPTIDX,NIFTYPSE,27-Apr-17,2800,CE,0,0,0,1265.05,1356.9,0,0,0,0,17-Apr-17
OPTIDX,NIFTYPSE,27-Apr-17,2900,CE,0,0,0,1223.75,1257.05,0,0,0,0,17-Apr-17
OPTIDX,NIFTYPSE,27-Apr-17,3000,CE,0,0,0,1125.45,1157.25,0,0,0,0,17-Apr-17
OPTIDX,NIFTYPSE,27-Apr-17,3100,CE,0,0,0,1027.35,1057.4,0,0,0,0,17-Apr-17
OPTIDX,NIFTYPSE,27-Apr-17,3200,CE,0,0,0,929.65,957.6,0,0,0,0,17-Apr-17
OPTIDX,NIFTYPSE,27-Apr-17,3300,CE,0,0,0,832.7,857.75,0,0,0,0,17-Apr-17
OPTIDX,NIFTYPSE,27-Apr-17,3400,CE,0,0,0,737.05,757.95,0,0,0,0,17-Apr-17
OPTIDX,NIFTYPSE,27-Apr-17,3500,CE,0,0,0,643.65,658.1,0,0,0,0,17-Apr-17
OPTIDX,NIFTYPSE,27-Apr-17,3600,CE,0,0,0,553.55,558.3,0,0,0,0,17-Apr-17
OPTIDX,NIFTYPSE,27-Apr-17,3700,CE,0,0,0,468.05,458.45,0,0,0,0,17-Apr-17
OPTIDX,NIFTYPSE,27-Apr-17,3800,CE,0,0,0,388.5,358.65,0,0,0,0,17-Apr-17
OPTIDX,NIFTYPSE,27-Apr-17,3900,CE,0,0,0,316.1,258.9,0,0,0,0,17-Apr-17
OPTIDX,NIFTYPSE,27-Apr-17,4000,CE,0,0,0,251.95,160.9,0,0,0,0,17-Apr-17
OPTIDX,NIFTYPSE,27-Apr-17,4100,CE,0,0,0,196.55,75.1,0,0,0,0,17-Apr-17
OPTIDX,NIFTYPSE,27-Apr-17,4200,CE,0,0,0,149.95,21.95,0,0,0,0,17-Apr-17
OPTIDX,NIFTYPSE,27-Apr-17,4300,CE,0,0,0,111.9,3.5,0,0,0,0,17-Apr-17
OPTIDX,NIFTYPSE,27-Apr-17,4400,CE,0,0,0,81.65,0.3,0,0,0,0,17-Apr-17
OPTIDX,NIFTYPSE,27-Apr-17,4500,CE,0,0,0,58.4,0.05,0,0,0,0,17-Apr-17
OPTIDX,NIFTYPSE,27-Apr-17,4600,CE,0,0,0,40.85,0,0,0,0,0,17-Apr-17
OPTIDX,NIFTYPSE,27-Apr-17,4700,CE,0,0,0,27.95,0,0,0,0,0,17-Apr-17
OPTIDX,NIFTYPSE,27-Apr-17,4800,CE,0,0,0,18.75,0,0,0,0,0,17-Apr-17
OPTIDX,NIFTYPSE,27-Apr-17,4900,CE,0,0,0,12.3,0,0,0,0,0,17-Apr-17
OPTIDX,NIFTYPSE,27-Apr-17,5000,CE,0,0,0,7.95,0,0,0,0,0,17-Apr-17
OPTIDX,NIFTYPSE,27-Apr-17,5100,CE,0,0,0,5.05,0,0,0,0,0,17-Apr-17
OPTIDX,NIFTYPSE,27-Apr-17,5200,CE,0,0,0,3.15,0,0,0,0,0,17-Apr-17
OPTIDX,NIFTYPSE,27-Apr-17,5300,CE,0,0,0,1.9,0,0,0,0,0,17-Apr-17
OPTIDX,NIFTYPSE,27-Apr-17,5400,CE,0,0,0,0.05,0,0,0,0,0,17-Apr-17
OPTIDX,NIFTYPSE,27-Apr-17,2800,PE,0,0,0,0.05,0,0,0,0,0,17-Apr-17
OPTIDX,NIFTYPSE,27-Apr-17,2900,PE,0,0,0,0.05,0,0,0,0,0,17-Apr-17
OPTIDX,NIFTYPSE,27-Apr-17,3000,PE,0,0,0,0.15,0,0,0,0,0,17-Apr-17
OPTIDX,NIFTYPSE,27-Apr-17,3100,PE,0,0,0,0.45,0,0,0,0,0,17-Apr-17
OPTIDX,NIFTYPSE,27-Apr-17,3200,PE,0,0,0,1.05,0,0,0,0,0,17-Apr-17
OPTIDX,NIFTYPSE,27-Apr-17,3300,PE,0,0,0,2.45,0,0,0,0,0,17-Apr-17
OPTIDX,NIFTYPSE,27-Apr-17,3400,PE,0,0,0,5.2,0,0,0,0,0,17-Apr-17
OPTIDX,NIFTYPSE,27-Apr-17,3500,PE,0,0,0,10.1,0,0,0,0,0,17-Apr-17
OPTIDX,NIFTYPSE,27-Apr-17,3600,PE,0,0,0,18.35,0,0,0,0,0,17-Apr-17
OPTIDX,NIFTYPSE,27-Apr-17,3700,PE,0,0,0,31.25,0,0,0,0,0,17-Apr-17
OPTIDX,NIFTYPSE,27-Apr-17,3800,PE,0,0,0,50.05,0,0,0,0,0,17-Apr-17
OPTIDX,NIFTYPSE,27-Apr-17,3900,PE,0,0,0,76,0.1,0,0,0,0,17-Apr-17
OPTIDX,NIFTYPSE,27-Apr-17,4000,PE,0,0,0,110.2,1.9,0,0,0,0,17-Apr-17
OPTIDX,NIFTYPSE,27-Apr-17,4100,PE,0,0,0,153.15,15.95,0,0,0,0,17-Apr-17
OPTIDX,NIFTYPSE,27-Apr-17,4200,PE,0,0,0,204.95,62.65,0,0,0,0,17-Apr-17
OPTIDX,NIFTYPSE,27-Apr-17,4300,PE,0,0,0,265.25,144,0,0,0,0,17-Apr-17
OPTIDX,NIFTYPSE,27-Apr-17,4400,PE,0,0,0,333.4,240.65,0,0,0,0,17-Apr-17
OPTIDX,NIFTYPSE,27-Apr-17,4500,PE,0,0,0,408.45,340.2,0,0,0,0,17-Apr-17
OPTIDX,NIFTYPSE,27-Apr-17,4600,PE,0,0,0,489.25,440,0,0,0,0,17-Apr-17
OPTIDX,NIFTYPSE,27-Apr-17,4700,PE,0,0,0,574.75,539.85,0,0,0,0,17-Apr-17
OPTIDX,NIFTYPSE,27-Apr-17,4800,PE,0,0,0,663.9,639.65,0,0,0,0,17-Apr-17
OPTIDX,NIFTYPSE,27-Apr-17,4900,PE,0,0,0,755.8,739.5,0,0,0,0,17-Apr-17
OPTIDX,NIFTYPSE,27-Apr-17,5000,PE,0,0,0,849.8,839.3,0,0,0,0,17-Apr-17
OPTIDX,NIFTYPSE,27-Apr-17,5100,PE,0,0,0,945.25,939.15,0,0,0,0,17-Apr-17
OPTIDX,NIFTYPSE,27-Apr-17,5200,PE,0,0,0,1041.7,1038.95,0,0,0,0,17-Apr-17
OPTIDX,NIFTYPSE,27-Apr-17,5300,PE,0,0,0,1138.85,1138.8,0,0,0,0,17-Apr-17
OPTIDX,NIFTYPSE,27-Apr-17,5400,PE,0,0,0,1212.55,1238.6,0,0,0,0,17-Apr-17
OPTIDX,NIFTYPSE,25-May-17,2800,CE,0,0,0,1284.1,1370.9,0,0,0,0,17-Apr-17
OPTIDX,NIFTYPSE,25-May-17,2900,CE,0,0,0,1246.4,1271.6,0,0,0,0,17-Apr-17
OPTIDX,NIFTYPSE,25-May-17,3000,CE,0,0,0,1147.95,1172.25,0,0,0,0,17-Apr-17
OPTIDX,NIFTYPSE,25-May-17,3100,CE,0,0,0,1049.55,1072.95,0,0,0,0,17-Apr-17
OPTIDX,NIFTYPSE,25-May-17,3200,CE,0,0,0,951.15,973.6,0,0,0,0,17-Apr-17
OPTIDX,NIFTYPSE,25-May-17,3300,CE,0,0,0,852.95,874.3,0,0,0,0,17-Apr-17
OPTIDX,NIFTYPSE,25-May-17,3400,CE,0,0,0,755.1,774.95,0,0,0,0,17-Apr-17
OPTIDX,NIFTYPSE,25-May-17,3500,CE,0,0,0,658.2,675.65,0,0,0,0,17-Apr-17
OPTIDX,NIFTYPSE,25-May-17,3600,CE,0,0,0,563.1,576.3,0,0,0,0,17-Apr-17
OPTIDX,NIFTYPSE,25-May-17,3700,CE,0,0,0,471.2,477.2,0,0,0,0,17-Apr-17
OPTIDX,NIFTYPSE,25-May-17,3800,CE,0,0,0,384.35,378.85,0,0,0,0,17-Apr-17
OPTIDX,NIFTYPSE,25-May-17,3900,CE,0,0,0,304.5,283.45,0,0,0,0,17-Apr-17
OPTIDX,NIFTYPSE,25-May-17,4000,CE,0,0,0,233.6,195.5,0,0,0,0,17-Apr-17
OPTIDX,NIFTYPSE,25-May-17,4100,CE,0,0,0,173.2,121.35,0,0,0,0,17-Apr-17
OPTIDX,NIFTYPSE,25-May-17,4200,CE,0,0,0,123.85,66.35,0,0,0,0,17-Apr-17
OPTIDX,NIFTYPSE,25-May-17,4300,CE,0,0,0,85.3,31.4,0,0,0,0,17-Apr-17
OPTIDX,NIFTYPSE,25-May-17,4400,CE,0,0,0,56.75,12.8,0,0,0,0,17-Apr-17
OPTIDX,NIFTYPSE,25-May-17,4500,CE,0,0,0,36.2,4.45,0,0,0,0,17-Apr-17
OPTIDX,NIFTYPSE,25-May-17,4600,CE,0,0,0,22.25,1.3,0,0,0,0,17-Apr-17
OPTIDX,NIFTYPSE,25-May-17,4700,CE,0,0,0,13.2,0.35,0,0,0,0,17-Apr-17
OPTIDX,NIFTYPSE,25-May-17,4800,CE,0,0,0,7.55,0.1,0,0,0,0,17-Apr-17
OPTIDX,NIFTYPSE,25-May-17,4900,CE,0,0,0,4.15,0.05,0,0,0,0,17-Apr-17
OPTIDX,NIFTYPSE,25-May-17,5000,CE,0,0,0,2.25,0,0,0,0,0,17-Apr-17
OPTIDX,NIFTYPSE,25-May-17,5100,CE,0,0,0,1.15,0,0,0,0,0,17-Apr-17
OPTIDX,NIFTYPSE,25-May-17,5200,CE,0,0,0,0.6,0,0,0,0,0,17-Apr-17
OPTIDX,NIFTYPSE,25-May-17,5300,CE,0,0,0,0.3,0,0,0,0,0,17-Apr-17
OPTIDX,NIFTYPSE,25-May-17,5400,CE,0,0,0,0.05,0,0,0,0,0,17-Apr-17
OPTIDX,NIFTYPSE,25-May-17,2800,PE,0,0,0,0.05,0,0,0,0,0,17-Apr-17
OPTIDX,NIFTYPSE,25-May-17,2900,PE,0,0,0,0.05,0,0,0,0,0,17-Apr-17
OPTIDX,NIFTYPSE,25-May-17,3000,PE,0,0,0,0.05,0,0,0,0,0,17-Apr-17
OPTIDX,NIFTYPSE,25-May-17,3100,PE,0,0,0,0.05,0,0,0,0,0,17-Apr-17
OPTIDX,NIFTYPSE,25-May-17,3200,PE,0,0,0,0.1,0,0,0,0,0,17-Apr-17
OPTIDX,NIFTYPSE,25-May-17,3300,PE,0,0,0,0.3,0,0,0,0,0,17-Apr-17
OPTIDX,NIFTYPSE,25-May-17,3400,PE,0,0,0,0.9,0,0,0,0,0,17-Apr-17
OPTIDX,NIFTYPSE,25-May-17,3500,PE,0,0,0,2.45,0,0,0,0,0,17-Apr-17
OPTIDX,NIFTYPSE,25-May-17,3600,PE,0,0,0,5.75,0.05,0,0,0,0,17-Apr-17
OPTIDX,NIFTYPSE,25-May-17,3700,PE,0,0,0,12.3,0.25,0,0,0,0,17-Apr-17
OPTIDX,NIFTYPSE,25-May-17,3800,PE,0,0,0,23.85,1.25,0,0,0,0,17-Apr-17
OPTIDX,NIFTYPSE,25-May-17,3900,PE,0,0,0,42.45,5.15,0,0,0,0,17-Apr-17
OPTIDX,NIFTYPSE,25-May-17,4000,PE,0,0,0,70,16.55,0,0,0,0,17-Apr-17
OPTIDX,NIFTYPSE,25-May-17,4100,PE,0,0,0,108,41.7,0,0,0,0,17-Apr-17
OPTIDX,NIFTYPSE,25-May-17,4200,PE,0,0,0,157.1,86,0,0,0,0,17-Apr-17
OPTIDX,NIFTYPSE,25-May-17,4300,PE,0,0,0,216.95,150.4,0,0,0,0,17-Apr-17
OPTIDX,NIFTYPSE,25-May-17,4400,PE,0,0,0,286.85,231.1,0,0,0,0,17-Apr-17
OPTIDX,NIFTYPSE,25-May-17,4500,PE,0,0,0,364.7,322.1,0,0,0,0,17-Apr-17
OPTIDX,NIFTYPSE,25-May-17,4600,PE,0,0,0,449.25,418.3,0,0,0,0,17-Apr-17
OPTIDX,NIFTYPSE,25-May-17,4700,PE,0,0,0,538.6,516.65,0,0,0,0,17-Apr-17
OPTIDX,NIFTYPSE,25-May-17,4800,PE,0,0,0,631.35,615.7,0,0,0,0,17-Apr-17
OPTIDX,NIFTYPSE,25-May-17,4900,PE,0,0,0,726.45,715,0,0,0,0,17-Apr-17
OPTIDX,NIFTYPSE,25-May-17,5000,PE,0,0,0,822.9,814.3,0,0,0,0,17-Apr-17
OPTIDX,NIFTYPSE,25-May-17,5100,PE,0,0,0,920.3,913.6,0,0,0,0,17-Apr-17
OPTIDX,NIFTYPSE,25-May-17,5200,PE,0,0,0,1018.15,1012.95,0,0,0,0,17-Apr-17
OPTIDX,NIFTYPSE,25-May-17,5300,PE,0,0,0,1116.3,1112.3,0,0,0,0,17-Apr-17
OPTIDX,NIFTYPSE,25-May-17,5400,PE,0,0,0,1185.55,1211.6,0,0,0,0,17-Apr-17
OPTIDX,NIFTYPSE,29-Jun-17,2800,CE,0,0,0,1254.65,1388.2,0,0,0,0,17-Apr-17
OPTIDX,NIFTYPSE,29-Jun-17,2900,CE,0,0,0,1156.25,1289.5,0,0,0,0,17-Apr-17
OPTIDX,NIFTYPSE,29-Jun-17,3000,CE,0,0,0,1057.85,1190.75,0,0,0,0,17-Apr-17
OPTIDX,NIFTYPSE,29-Jun-17,3100,CE,0,0,0,959.4,1092.05,0,0,0,0,17-Apr-17
OPTIDX,NIFTYPSE,29-Jun-17,3200,CE,0,0,0,819.3,993.35,0,0,0,0,17-Apr-17
OPTIDX,NIFTYPSE,29-Jun-17,3300,CE,0,0,0,721.05,894.65,0,0,0,0,17-Apr-17
OPTIDX,NIFTYPSE,29-Jun-17,3400,CE,0,0,0,623.05,795.95,0,0,0,0,17-Apr-17
OPTIDX,NIFTYPSE,29-Jun-17,3500,CE,0,0,0,525.85,697.35,0,0,0,0,17-Apr-17
OPTIDX,NIFTYPSE,29-Jun-17,3600,CE,0,0,0,430.75,599.05,0,0,0,0,17-Apr-17
OPTIDX,NIFTYPSE,29-Jun-17,3700,CE,0,0,0,339.9,501.75,0,0,0,0,17-Apr-17
OPTIDX,NIFTYPSE,29-Jun-17,3800,CE,0,0,0,256.3,406.85,0,0,0,0,17-Apr-17
OPTIDX,NIFTYPSE,29-Jun-17,3900,CE,0,0,0,183.25,316.75,0,0,0,0,17-Apr-17
OPTIDX,NIFTYPSE,29-Jun-17,4000,CE,0,0,0,123.5,234.75,0,0,0,0,17-Apr-17
OPTIDX,NIFTYPSE,29-Jun-17,4100,CE,0,0,0,78,164.25,0,0,0,0,17-Apr-17
OPTIDX,NIFTYPSE,29-Jun-17,4200,CE,0,0,0,46.1,107.8,0,0,0,0,17-Apr-17
OPTIDX,NIFTYPSE,29-Jun-17,4300,CE,0,0,0,25.45,66.05,0,0,0,0,17-Apr-17
OPTIDX,NIFTYPSE,29-Jun-17,4400,CE,0,0,0,13.1,37.65,0,0,0,0,17-Apr-17
OPTIDX,NIFTYPSE,29-Jun-17,4500,CE,0,0,0,6.3,19.95,0,0,0,0,17-Apr-17
OPTIDX,NIFTYPSE,29-Jun-17,4600,CE,0,0,0,2.85,9.8,0,0,0,0,17-Apr-17
OPTIDX,NIFTYPSE,29-Jun-17,4700,CE,0,0,0,1.2,4.45,0,0,0,0,17-Apr-17
OPTIDX,NIFTYPSE,29-Jun-17,4800,CE,0,0,0,0.5,1.9,0,0,0,0,17-Apr-17
OPTIDX,NIFTYPSE,29-Jun-17,4900,CE,0,0,0,0.4,0.75,0,0,0,0,17-Apr-17
OPTIDX,NIFTYPSE,29-Jun-17,5000,CE,0,0,0,0.15,0.3,0,0,0,0,17-Apr-17
OPTIDX,NIFTYPSE,29-Jun-17,5100,CE,0,0,0,0.05,0.1,0,0,0,0,17-Apr-17
OPTIDX,NIFTYPSE,29-Jun-17,5200,CE,0,0,0,0.05,0.05,0,0,0,0,17-Apr-17
OPTIDX,NIFTYPSE,29-Jun-17,5300,CE,0,0,0,0.05,0.05,0,0,0,0,17-Apr-17
OPTIDX,NIFTYPSE,29-Jun-17,5400,CE,0,0,0,0.05,0,0,0,0,0,17-Apr-17
OPTIDX,NIFTYPSE,29-Jun-17,2800,PE,0,0,0,0.05,0,0,0,0,0,17-Apr-17
OPTIDX,NIFTYPSE,29-Jun-17,2900,PE,0,0,0,0.05,0,0,0,0,0,17-Apr-17
OPTIDX,NIFTYPSE,29-Jun-17,3000,PE,0,0,0,0.05,0,0,0,0,0,17-Apr-17
OPTIDX,NIFTYPSE,29-Jun-17,3100,PE,0,0,0,0.05,0,0,0,0,0,17-Apr-17
OPTIDX,NIFTYPSE,29-Jun-17,3200,PE,0,0,0,0.05,0,0,0,0,0,17-Apr-17
OPTIDX,NIFTYPSE,29-Jun-17,3300,PE,0,0,0,0.1,0,0,0,0,0,17-Apr-17
OPTIDX,NIFTYPSE,29-Jun-17,3400,PE,0,0,0,0.45,0.05,0,0,0,0,17-Apr-17
OPTIDX,NIFTYPSE,29-Jun-17,3500,PE,0,0,0,1.65,0.15,0,0,0,0,17-Apr-17
OPTIDX,NIFTYPSE,29-Jun-17,3600,PE,0,0,0,4.9,0.55,0,0,0,0,17-Apr-17
OPTIDX,NIFTYPSE,29-Jun-17,3700,PE,0,0,0,12.35,1.95,0,0,0,0,17-Apr-17
OPTIDX,NIFTYPSE,29-Jun-17,3800,PE,0,0,0,27.1,5.75,0,0,0,0,17-Apr-17
OPTIDX,NIFTYPSE,29-Jun-17,3900,PE,0,0,0,52.4,14.35,0,0,0,0,17-Apr-17
OPTIDX,NIFTYPSE,29-Jun-17,4000,PE,0,0,0,91,31.1,0,0,0,0,17-Apr-17
OPTIDX,NIFTYPSE,29-Jun-17,4100,PE,0,0,0,143.9,59.3,0,0,0,0,17-Apr-17
OPTIDX,NIFTYPSE,29-Jun-17,4200,PE,0,0,0,210.3,101.55,0,0,0,0,17-Apr-17
OPTIDX,NIFTYPSE,29-Jun-17,4300,PE,0,0,0,288.05,158.5,0,0,0,0,17-Apr-17
OPTIDX,NIFTYPSE,29-Jun-17,4400,PE,0,0,0,374.05,228.85,0,0,0,0,17-Apr-17
OPTIDX,NIFTYPSE,29-Jun-17,4500,PE,0,0,0,465.6,309.8,0,0,0,0,17-Apr-17
OPTIDX,NIFTYPSE,29-Jun-17,4600,PE,0,0,0,560.45,398.4,0,0,0,0,17-Apr-17
OPTIDX,NIFTYPSE,29-Jun-17,4700,PE,0,0,0,657.2,491.75,0,0,0,0,17-Apr-17
OPTIDX,NIFTYPSE,29-Jun-17,4800,PE,0,0,0,754.8,587.9,0,0,0,0,17-Apr-17
OPTIDX,NIFTYPSE,29-Jun-17,4900,PE,0,0,0,812.25,685.45,0,0,0,0,17-Apr-17
OPTIDX,NIFTYPSE,29-Jun-17,5000,PE,0,0,0,910.45,783.7,0,0,0,0,17-Apr-17
OPTIDX,NIFTYPSE,29-Jun-17,5100,PE,0,0,0,1008.75,882.25,0,0,0,0,17-Apr-17
OPTIDX,NIFTYPSE,29-Jun-17,5200,PE,0,0,0,1107.15,980.9,0,0,0,0,17-Apr-17
OPTIDX,NIFTYPSE,29-Jun-17,5300,PE,0,0,0,1157.95,1079.6,0,0,0,0,17-Apr-17
OPTIDX,NIFTYPSE,29-Jun-17,5400,PE,0,0,0,1152.3,1178.3,0,0,0,0,17-Apr-17
OPTIDX,S&P500,21-Apr-17,2165,CE,0,0,0,135.25,165.5,0,0,0,0,17-Apr-17
OPTIDX,S&P500,21-Apr-17,2170,CE,0,0,0,137.35,160.5,0,0,0,0,17-Apr-17
OPTIDX,S&P500,21-Apr-17,2175,CE,0,0,0,126.05,155.5,0,0,0,0,17-Apr-17
OPTIDX,S&P500,21-Apr-17,2180,CE,0,0,0,128.05,150.5,0,0,0,0,17-Apr-17
OPTIDX,S&P500,21-Apr-17,2185,CE,0,0,0,117,145.5,0,0,0,0,17-Apr-17
OPTIDX,S&P500,21-Apr-17,2190,CE,0,0,0,118.9,140.5,0,0,0,0,17-Apr-17
OPTIDX,S&P500,21-Apr-17,2195,CE,0,0,0,108.1,135.5,0,0,0,0,17-Apr-17
OPTIDX,S&P500,21-Apr-17,2200,CE,0,0,0,110,130.5,0,0,0,0,17-Apr-17
OPTIDX,S&P500,21-Apr-17,2205,CE,0,0,0,99.45,125.5,0,0,0,0,17-Apr-17
OPTIDX,S&P500,21-Apr-17,2210,CE,0,0,0,95.2,120.5,0,0,0,0,17-Apr-17
OPTIDX,S&P500,21-Apr-17,2215,CE,0,0,0,91.05,115.5,0,0,0,0,17-Apr-17
OPTIDX,S&P500,21-Apr-17,2220,CE,0,0,0,86.95,110.5,0,0,0,0,17-Apr-17
OPTIDX,S&P500,21-Apr-17,2225,CE,0,0,0,82.95,105.5,0,0,0,0,17-Apr-17
OPTIDX,S&P500,21-Apr-17,2230,CE,0,0,0,79,100.5,0,0,0,0,17-Apr-17
OPTIDX,S&P500,21-Apr-17,2235,CE,0,0,0,75.15,95.55,0,0,0,0,17-Apr-17
OPTIDX,S&P500,21-Apr-17,2240,CE,0,0,0,71.4,90.55,0,0,0,0,17-Apr-17
OPTIDX,S&P500,21-Apr-17,2245,CE,0,0,0,67.8,85.55,0,0,0,0,17-Apr-17
OPTIDX,S&P500,21-Apr-17,2250,CE,0,0,0,64.15,80.55,0,0,0,0,17-Apr-17
OPTIDX,S&P500,21-Apr-17,2255,CE,0,0,0,60.65,75.55,0,0,0,0,17-Apr-17
OPTIDX,S&P500,21-Apr-17,2260,CE,0,0,0,57.3,70.55,0,0,0,0,17-Apr-17
OPTIDX,S&P500,21-Apr-17,2265,CE,0,0,0,54,65.55,0,0,0,0,17-Apr-17
OPTIDX,S&P500,21-Apr-17,2270,CE,0,0,0,50.85,60.55,0,0,0,0,17-Apr-17
OPTIDX,S&P500,21-Apr-17,2275,CE,0,0,0,47.8,55.55,0,0,0,0,17-Apr-17
OPTIDX,S&P500,21-Apr-17,2280,CE,0,0,0,44.85,50.6,0,0,0,0,17-Apr-17
OPTIDX,S&P500,21-Apr-17,2285,CE,0,0,0,42,45.6,0,0,0,0,17-Apr-17
OPTIDX,S&P500,21-Apr-17,2290,CE,0,0,0,39.3,40.65,0,0,0,0,17-Apr-17
OPTIDX,S&P500,21-Apr-17,2295,CE,0,0,0,36.7,35.8,0,0,0,0,17-Apr-17
OPTIDX,S&P500,21-Apr-17,2300,CE,0,0,0,34.2,31,0,0,0,0,17-Apr-17
OPTIDX,S&P500,21-Apr-17,2305,CE,0,0,0,31.8,26.35,0,0,0,0,17-Apr-17
OPTIDX,S&P500,21-Apr-17,2310,CE,0,0,0,29.55,21.9,0,0,0,0,17-Apr-17
OPTIDX,S&P500,21-Apr-17,2315,CE,0,0,0,27.4,17.75,0,0,0,0,17-Apr-17
OPTIDX,S&P500,21-Apr-17,2320,CE,0,0,0,25.35,14,0,0,0,0,17-Apr-17
OPTIDX,S&P500,21-Apr-17,2325,CE,0,0,0,23.4,10.65,0,0,0,0,17-Apr-17
OPTIDX,S&P500,21-Apr-17,2330,CE,0,0,0,23.95,7.85,0,0,0,0,17-Apr-17
OPTIDX,S&P500,21-Apr-17,2335,CE,0,0,0,19.85,5.55,0,0,0,0,17-Apr-17
OPTIDX,S&P500,21-Apr-17,2340,CE,0,0,0,20.3,3.8,0,0,0,0,17-Apr-17
OPTIDX,S&P500,21-Apr-17,2345,CE,0,0,0,16.75,2.45,0,0,0,0,17-Apr-17
OPTIDX,S&P500,21-Apr-17,2350,CE,0,0,0,17.1,1.55,0,0,0,0,17-Apr-17
OPTIDX,S&P500,21-Apr-17,2355,CE,0,0,0,14,0.9,0,0,0,0,17-Apr-17
OPTIDX,S&P500,21-Apr-17,2360,CE,0,0,0,14.3,0.5,0,0,0,0,17-Apr-17
OPTIDX,S&P500,21-Apr-17,2365,CE,0,0,0,11.6,0.3,0,0,0,0,17-Apr-17
OPTIDX,S&P500,21-Apr-17,2370,CE,0,0,0,11.85,0.15,0,0,0,0,17-Apr-17
OPTIDX,S&P500,21-Apr-17,2375,CE,0,0,0,18.85,0.1,0,0,0,0,17-Apr-17
OPTIDX,S&P500,21-Apr-17,2380,CE,0,0,0,11.9,0.05,0,0,0,0,17-Apr-17
OPTIDX,S&P500,21-Apr-17,2385,CE,0,0,0,15.95,0.05,0,0,0,0,17-Apr-17
OPTIDX,S&P500,21-Apr-17,2390,CE,0,0,0,11.45,0.05,0,0,0,0,17-Apr-17
OPTIDX,S&P500,21-Apr-17,2395,CE,0,0,0,13.45,0,0,0,0,0,17-Apr-17
OPTIDX,S&P500,21-Apr-17,2400,CE,0,0,0,9.25,0,0,0,0,0,17-Apr-17
OPTIDX,S&P500,21-Apr-17,2405,CE,0,0,0,9.6,0,0,0,0,0,17-Apr-17
OPTIDX,S&P500,21-Apr-17,2410,CE,0,0,0,7.4,0,0,0,0,0,17-Apr-17
OPTIDX,S&P500,21-Apr-17,2415,CE,0,0,0,7.7,0,0,0,0,0,17-Apr-17
OPTIDX,S&P500,21-Apr-17,2420,CE,0,0,0,9.4,0,0,0,0,0,17-Apr-17
OPTIDX,S&P500,21-Apr-17,2425,CE,0,0,0,10.95,0,0,0,0,0,17-Apr-17
OPTIDX,S&P500,21-Apr-17,2430,CE,0,0,0,7.5,0,0,0,0,0,17-Apr-17
OPTIDX,S&P500,21-Apr-17,2435,CE,0,0,0,8.75,0,0,0,0,0,17-Apr-17
OPTIDX,S&P500,21-Apr-17,2440,CE,0,0,0,7.25,0,0,0,0,0,17-Apr-17
OPTIDX,S&P500,21-Apr-17,2445,CE,0,0,0,6.9,0,0,0,0,0,17-Apr-17
OPTIDX,S&P500,21-Apr-17,2450,CE,0,0,0,7.75,0,0,0,0,0,17-Apr-17
OPTIDX,S&P500,21-Apr-17,2455,CE,0,0,0,7.5,0,0,0,0,0,17-Apr-17
OPTIDX,S&P500,21-Apr-17,2460,CE,0,0,0,4.75,0,0,0,0,0,17-Apr-17
OPTIDX,S&P500,21-Apr-17,2465,CE,0,0,0,5.85,0,0,0,0,0,17-Apr-17
OPTIDX,S&P500,21-Apr-17,2470,CE,0,0,0,3.5,0,0,0,0,0,17-Apr-17
OPTIDX,S&P500,21-Apr-17,2475,CE,0,0,0,6,0,0,0,0,0,17-Apr-17
OPTIDX,S&P500,21-Apr-17,2480,CE,0,0,0,7.15,0,0,0,0,0,17-Apr-17
OPTIDX,S&P500,21-Apr-17,2485,CE,0,0,0,4.45,0,0,0,0,0,17-Apr-17
OPTIDX,S&P500,21-Apr-17,2495,CE,0,0,0,3.25,0,0,0,0,0,17-Apr-17
OPTIDX,S&P500,21-Apr-17,2165,PE,0,0,0,1.85,0,0,0,0,0,17-Apr-17
OPTIDX,S&P500,21-Apr-17,2170,PE,0,0,0,1.65,0,0,0,0,0,17-Apr-17
OPTIDX,S&P500,21-Apr-17,2175,PE,0,0,0,2.45,0,0,0,0,0,17-Apr-17
OPTIDX,S&P500,21-Apr-17,2180,PE,0,0,0,2.2,0,0,0,0,0,17-Apr-17
OPTIDX,S&P500,21-Apr-17,2185,PE,0,0,0,3.25,0,0,0,0,0,17-Apr-17
OPTIDX,S&P500,21-Apr-17,2190,PE,0,0,0,2.95,0,0,0,0,0,17-Apr-17
OPTIDX,S&P500,21-Apr-17,2195,PE,0,0,0,4.2,0,0,0,0,0,17-Apr-17
OPTIDX,S&P500,21-Apr-17,2200,PE,0,0,0,3.85,0,0,0,0,0,17-Apr-17
OPTIDX,S&P500,21-Apr-17,2205,PE,0,0,0,5.4,0,0,0,0,0,17-Apr-17
OPTIDX,S&P500,21-Apr-17,2210,PE,0,0,0,6.1,0,0,0,0,0,17-Apr-17
OPTIDX,S&P500,21-Apr-17,2215,PE,0,0,0,6.85,0,0,0,0,0,17-Apr-17
OPTIDX,S&P500,21-Apr-17,2220,PE,0,0,0,7.7,0,0,0,0,0,17-Apr-17
OPTIDX,S&P500,21-Apr-17,2225,PE,0,0,0,8.6,0,0,0,0,0,17-Apr-17
OPTIDX,S&P500,21-Apr-17,2230,PE,0,0,0,9.55,0,0,0,0,0,17-Apr-17
OPTIDX,S&P500,21-Apr-17,2235,PE,0,0,0,10.65,0,0,0,0,0,17-Apr-17
OPTIDX,S&P500,21-Apr-17,2240,PE,0,0,0,11.8,0,0,0,0,0,17-Apr-17
OPTIDX,S&P500,21-Apr-17,2245,PE,0,0,0,13.1,0,0,0,0,0,17-Apr-17
OPTIDX,S&P500,21-Apr-17,2250,PE,0,0,0,14.35,0,0,0,0,0,17-Apr-17
OPTIDX,S&P500,21-Apr-17,2255,PE,0,0,0,15.8,0,0,0,0,0,17-Apr-17
OPTIDX,S&P500,21-Apr-17,2260,PE,0,0,0,17.35,0,0,0,0,0,17-Apr-17
OPTIDX,S&P500,21-Apr-17,2265,PE,0,0,0,19,0,0,0,0,0,17-Apr-17
OPTIDX,S&P500,21-Apr-17,2270,PE,0,0,0,20.75,0,0,0,0,0,17-Apr-17
OPTIDX,S&P500,21-Apr-17,2275,PE,0,0,0,22.6,0.05,0,0,0,0,17-Apr-17
OPTIDX,S&P500,21-Apr-17,2280,PE,0,0,0,24.6,0.05,0,0,0,0,17-Apr-17
OPTIDX,S&P500,21-Apr-17,2285,PE,0,0,0,26.7,0.05,0,0,0,0,17-Apr-17
OPTIDX,S&P500,21-Apr-17,2290,PE,0,0,0,28.9,0.1,0,0,0,0,17-Apr-17
OPTIDX,S&P500,21-Apr-17,2295,PE,0,0,0,31.2,0.25,0,0,0,0,17-Apr-17
OPTIDX,S&P500,21-Apr-17,2300,PE,0,0,0,33.6,0.45,0,0,0,0,17-Apr-17
OPTIDX,S&P500,21-Apr-17,2305,PE,0,0,0,36.15,0.8,0,0,0,0,17-Apr-17
OPTIDX,S&P500,21-Apr-17,2310,PE,0,0,0,38.8,1.35,0,0,0,0,17-Apr-17
OPTIDX,S&P500,21-Apr-17,2315,PE,0,0,0,41.55,2.2,0,0,0,0,17-Apr-17
OPTIDX,S&P500,21-Apr-17,2320,PE,0,0,0,44.45,3.4,0,0,0,0,17-Apr-17
OPTIDX,S&P500,21-Apr-17,2325,PE,0,0,0,47.45,5.1,0,0,0,0,17-Apr-17
OPTIDX,S&P500,21-Apr-17,2330,PE,0,0,0,45.75,7.3,0,0,0,0,17-Apr-17
OPTIDX,S&P500,21-Apr-17,2335,PE,0,0,0,53.75,10,0,0,0,0,17-Apr-17
OPTIDX,S&P500,21-Apr-17,2340,PE,0,0,0,51.95,13.2,0,0,0,0,17-Apr-17
OPTIDX,S&P500,21-Apr-17,2345,PE,0,0,0,60.45,16.9,0,0,0,0,17-Apr-17
OPTIDX,S&P500,21-Apr-17,2350,PE,0,0,0,58.55,20.95,0,0,0,0,17-Apr-17
OPTIDX,S&P500,21-Apr-17,2355,PE,0,0,0,67.5,25.3,0,0,0,0,17-Apr-17
OPTIDX,S&P500,21-Apr-17,2360,PE,0,0,0,65.6,29.95,0,0,0,0,17-Apr-17
OPTIDX,S&P500,21-Apr-17,2365,PE,0,0,0,75,34.7,0,0,0,0,17-Apr-17
OPTIDX,S&P500,21-Apr-17,2370,PE,0,0,0,73,39.55,0,0,0,0,17-Apr-17
OPTIDX,S&P500,21-Apr-17,2375,PE,0,0,0,61.9,44.5,0,0,0,0,17-Apr-17
OPTIDX,S&P500,21-Apr-17,2380,PE,0,0,0,75.3,49.45,0,0,0,0,17-Apr-17
OPTIDX,S&P500,21-Apr-17,2385,PE,0,0,0,68.85,54.4,0,0,0,0,17-Apr-17
OPTIDX,S&P500,21-Apr-17,2390,PE,0,0,0,64.35,59.4,0,0,0,0,17-Apr-17
OPTIDX,S&P500,21-Apr-17,2395,PE,0,0,0,76.2,64.4,0,0,0,0,17-Apr-17
OPTIDX,S&P500,21-Apr-17,2400,PE,0,0,0,72,69.4,0,0,0,0,17-Apr-17
OPTIDX,S&P500,21-Apr-17,2405,PE,0,0,0,69.5,74.4,0,0,0,0,17-Apr-17
OPTIDX,S&P500,21-Apr-17,2410,PE,0,0,0,80.05,79.4,0,0,0,0,17-Apr-17
OPTIDX,S&P500,21-Apr-17,2415,PE,0,0,0,77.45,84.4,0,0,0,0,17-Apr-17
OPTIDX,S&P500,21-Apr-17,2420,PE,0,0,0,72.4,89.4,0,0,0,0,17-Apr-17
OPTIDX,S&P500,21-Apr-17,2425,PE,0,0,0,62.15,94.4,0,0,0,0,17-Apr-17
OPTIDX,S&P500,21-Apr-17,2430,PE,0,0,0,80.4,99.4,0,0,0,0,17-Apr-17
OPTIDX,S&P500,21-Apr-17,2435,PE,0,0,0,69.85,104.35,0,0,0,0,17-Apr-17
OPTIDX,S&P500,21-Apr-17,2440,PE,0,0,0,81.15,109.35,0,0,0,0,17-Apr-17
OPTIDX,S&P500,21-Apr-17,2445,PE,0,0,0,77.9,114.35,0,0,0,0,17-Apr-17
OPTIDX,S&P500,21-Apr-17,2450,PE,0,0,0,80.3,119.35,0,0,0,0,17-Apr-17
OPTIDX,S&P500,21-Apr-17,2455,PE,0,0,0,71.7,124.35,0,0,0,0,17-Apr-17
OPTIDX,S&P500,21-Apr-17,2460,PE,0,0,0,72.15,129.35,0,0,0,0,17-Apr-17
OPTIDX,S&P500,21-Apr-17,2465,PE,0,0,0,79.95,134.35,0,0,0,0,17-Apr-17
OPTIDX,S&P500,21-Apr-17,2470,PE,0,0,0,80.85,139.35,0,0,0,0,17-Apr-17
OPTIDX,S&P500,21-Apr-17,2475,PE,0,0,0,62.9,144.35,0,0,0,0,17-Apr-17
OPTIDX,S&P500,21-Apr-17,2480,PE,0,0,0,84.4,149.35,0,0,0,0,17-Apr-17
OPTIDX,S&P500,21-Apr-17,2485,PE,0,0,0,71.3,154.35,0,0,0,0,17-Apr-17
OPTIDX,S&P500,21-Apr-17,2495,PE,0,0,0,80,164.35,0,0,0,0,17-Apr-17
OPTIDX,S&P500,19-May-17,2240,CE,0,0,0,124.1,102.2,0,0,0,0,17-Apr-17
OPTIDX,S&P500,19-May-17,2245,CE,0,0,0,140.05,97.4,0,0,0,0,17-Apr-17
OPTIDX,S&P500,19-May-17,2250,CE,0,0,0,138.4,92.6,0,0,0,0,17-Apr-17
OPTIDX,S&P500,19-May-17,2255,CE,0,0,0,130.85,87.85,0,0,0,0,17-Apr-17
OPTIDX,S&P500,19-May-17,2260,CE,0,0,0,129.15,83.15,0,0,0,0,17-Apr-17
OPTIDX,S&P500,19-May-17,2265,CE,0,0,0,121.8,78.55,0,0,0,0,17-Apr-17
OPTIDX,S&P500,19-May-17,2270,CE,0,0,0,120.05,73.95,0,0,0,0,17-Apr-17
OPTIDX,S&P500,19-May-17,2275,CE,0,0,0,112.95,69.45,0,0,0,0,17-Apr-17
OPTIDX,S&P500,19-May-17,2280,CE,0,0,0,111.15,65.05,0,0,0,0,17-Apr-17
OPTIDX,S&P500,19-May-17,2285,CE,0,0,0,104.3,60.75,0,0,0,0,17-Apr-17
OPTIDX,S&P500,19-May-17,2290,CE,0,0,0,100.1,56.55,0,0,0,0,17-Apr-17
OPTIDX,S&P500,19-May-17,2295,CE,0,0,0,95.9,52.45,0,0,0,0,17-Apr-17
OPTIDX,S&P500,19-May-17,2300,CE,0,0,0,91.8,48.5,0,0,0,0,17-Apr-17
OPTIDX,S&P500,19-May-17,2305,CE,0,0,0,87.8,44.65,0,0,0,0,17-Apr-17
OPTIDX,S&P500,19-May-17,2310,CE,0,0,0,83.85,41,0,0,0,0,17-Apr-17
OPTIDX,S&P500,19-May-17,2315,CE,0,0,0,79.95,37.45,0,0,0,0,17-Apr-17
OPTIDX,S&P500,19-May-17,2320,CE,0,0,0,76.15,34.1,0,0,0,0,17-Apr-17
OPTIDX,S&P500,19-May-17,2325,CE,0,0,0,72.55,30.95,0,0,0,0,17-Apr-17
OPTIDX,S&P500,19-May-17,2330,CE,0,0,0,68.85,27.95,0,0,0,0,17-Apr-17
OPTIDX,S&P500,19-May-17,2335,CE,0,0,0,65.3,25.1,0,0,0,0,17-Apr-17
OPTIDX,S&P500,19-May-17,2340,CE,0,0,0,61.9,22.45,0,0,0,0,17-Apr-17
OPTIDX,S&P500,19-May-17,2345,CE,0,0,0,58.55,20,0,0,0,0,17-Apr-17
OPTIDX,S&P500,19-May-17,2350,CE,0,0,0,55.35,17.75,0,0,0,0,17-Apr-17
OPTIDX,S&P500,19-May-17,2355,CE,0,0,0,52.2,15.65,0,0,0,0,17-Apr-17
OPTIDX,S&P500,19-May-17,2360,CE,0,0,0,49.2,13.75,0,0,0,0,17-Apr-17
OPTIDX,S&P500,19-May-17,2365,CE,0,0,0,46.3,12,0,0,0,0,17-Apr-17
OPTIDX,S&P500,19-May-17,2370,CE,0,0,0,43.45,10.45,0,0,0,0,17-Apr-17
OPTIDX,S&P500,19-May-17,2375,CE,0,0,0,40.75,9,0,0,0,0,17-Apr-17
OPTIDX,S&P500,19-May-17,2380,CE,0,0,0,38.2,7.75,0,0,0,0,17-Apr-17
OPTIDX,S&P500,19-May-17,2385,CE,0,0,0,35.7,6.65,0,0,0,0,17-Apr-17
OPTIDX,S&P500,19-May-17,2390,CE,0,0,0,33.3,5.65,0,0,0,0,17-Apr-17
OPTIDX,S&P500,19-May-17,2395,CE,0,0,0,31.05,4.8,0,0,0,0,17-Apr-17
OPTIDX,S&P500,19-May-17,2400,CE,0,0,0,28.9,4.05,0,0,0,0,17-Apr-17
OPTIDX,S&P500,19-May-17,2405,CE,0,0,0,26.85,3.4,0,0,0,0,17-Apr-17
OPTIDX,S&P500,19-May-17,2410,CE,0,0,0,25.2,2.8,0,0,0,0,17-Apr-17
OPTIDX,S&P500,19-May-17,2415,CE,0,0,0,23.05,2.35,0,0,0,0,17-Apr-17
OPTIDX,S&P500,19-May-17,2420,CE,0,0,0,21.5,1.9,0,0,0,0,17-Apr-17
OPTIDX,S&P500,19-May-17,2425,CE,0,0,0,19.65,1.55,0,0,0,0,17-Apr-17
OPTIDX,S&P500,19-May-17,2430,CE,0,0,0,18.2,1.3,0,0,0,0,17-Apr-17
OPTIDX,S&P500,19-May-17,2435,CE,0,0,0,16.65,1.05,0,0,0,0,17-Apr-17
OPTIDX,S&P500,19-May-17,2440,CE,0,0,0,15.3,0.85,0,0,0,0,17-Apr-17
OPTIDX,S&P500,19-May-17,2445,CE,0,0,0,14.1,0.65,0,0,0,0,17-Apr-17
OPTIDX,S&P500,19-May-17,2450,CE,0,0,0,12.8,0.55,0,0,0,0,17-Apr-17
OPTIDX,S&P500,19-May-17,2455,CE,0,0,0,15.1,0.45,0,0,0,0,17-Apr-17
OPTIDX,S&P500,19-May-17,2460,CE,0,0,0,11.2,0.35,0,0,0,0,17-Apr-17
OPTIDX,S&P500,19-May-17,2465,CE,0,0,0,12.65,0.25,0,0,0,0,17-Apr-17
OPTIDX,S&P500,19-May-17,2470,CE,0,0,0,9.05,0.2,0,0,0,0,17-Apr-17
OPTIDX,S&P500,19-May-17,2475,CE,0,0,0,13.45,0.15,0,0,0,0,17-Apr-17
OPTIDX,S&P500,19-May-17,2480,CE,0,0,0,16,0.15,0,0,0,0,17-Apr-17
OPTIDX,S&P500,19-May-17,2485,CE,0,0,0,10.95,0.1,0,0,0,0,17-Apr-17
OPTIDX,S&P500,19-May-17,2495,CE,0,0,0,8.8,0.05,0,0,0,0,17-Apr-17
OPTIDX,S&P500,19-May-17,2240,PE,0,0,0,1.65,0.55,0,0,0,0,17-Apr-17
OPTIDX,S&P500,19-May-17,2245,PE,0,0,0,2.05,0.7,0,0,0,0,17-Apr-17
OPTIDX,S&P500,19-May-17,2250,PE,0,0,0,1.85,0.85,0,0,0,0,17-Apr-17
OPTIDX,S&P500,19-May-17,2255,PE,0,0,0,2.7,1.1,0,0,0,0,17-Apr-17
OPTIDX,S&P500,19-May-17,2260,PE,0,0,0,2.45,1.35,0,0,0,0,17-Apr-17
OPTIDX,S&P500,19-May-17,2265,PE,0,0,0,3.5,1.7,0,0,0,0,17-Apr-17
OPTIDX,S&P500,19-May-17,2270,PE,0,0,0,3.2,2.1,0,0,0,0,17-Apr-17
OPTIDX,S&P500,19-May-17,2275,PE,0,0,0,4.5,2.6,0,0,0,0,17-Apr-17
OPTIDX,S&P500,19-May-17,2280,PE,0,0,0,4.15,3.15,0,0,0,0,17-Apr-17
OPTIDX,S&P500,19-May-17,2285,PE,0,0,0,5.65,3.8,0,0,0,0,17-Apr-17
OPTIDX,S&P500,19-May-17,2290,PE,0,0,0,6.35,4.6,0,0,0,0,17-Apr-17
OPTIDX,S&P500,19-May-17,2295,PE,0,0,0,7.1,5.45,0,0,0,0,17-Apr-17
OPTIDX,S&P500,19-May-17,2300,PE,0,0,0,7.95,6.45,0,0,0,0,17-Apr-17
OPTIDX,S&P500,19-May-17,2305,PE,0,0,0,8.8,7.6,0,0,0,0,17-Apr-17
OPTIDX,S&P500,19-May-17,2310,PE,0,0,0,9.8,8.9,0,0,0,0,17-Apr-17
OPTIDX,S&P500,19-May-17,2315,PE,0,0,0,10.85,10.35,0,0,0,0,17-Apr-17
OPTIDX,S&P500,19-May-17,2320,PE,0,0,0,11.95,12,0,0,0,0,17-Apr-17
OPTIDX,S&P500,19-May-17,2325,PE,0,0,0,13.25,13.8,0,0,0,0,17-Apr-17
OPTIDX,S&P500,19-May-17,2330,PE,0,0,0,14.45,15.75,0,0,0,0,17-Apr-17
OPTIDX,S&P500,19-May-17,2335,PE,0,0,0,15.85,17.9,0,0,0,0,17-Apr-17
OPTIDX,S&P500,19-May-17,2340,PE,0,0,0,17.35,20.25,0,0,0,0,17-Apr-17
OPTIDX,S&P500,19-May-17,2345,PE,0,0,0,18.95,22.75,0,0,0,0,17-Apr-17
OPTIDX,S&P500,19-May-17,2350,PE,0,0,0,20.65,25.45,0,0,0,0,17-Apr-17
OPTIDX,S&P500,19-May-17,2355,PE,0,0,0,22.45,28.3,0,0,0,0,17-Apr-17
OPTIDX,S&P500,19-May-17,2360,PE,0,0,0,24.35,31.4,0,0,0,0,17-Apr-17
OPTIDX,S&P500,19-May-17,2365,PE,0,0,0,26.35,34.6,0,0,0,0,17-Apr-17
OPTIDX,S&P500,19-May-17,2370,PE,0,0,0,28.45,38,0,0,0,0,17-Apr-17
OPTIDX,S&P500,19-May-17,2375,PE,0,0,0,30.7,41.55,0,0,0,0,17-Apr-17
OPTIDX,S&P500,19-May-17,2380,PE,0,0,0,33,45.3,0,0,0,0,17-Apr-17
OPTIDX,S&P500,19-May-17,2385,PE,0,0,0,35.45,49.15,0,0,0,0,17-Apr-17
OPTIDX,S&P500,19-May-17,2390,PE,0,0,0,38,53.15,0,0,0,0,17-Apr-17
OPTIDX,S&P500,19-May-17,2395,PE,0,0,0,40.65,57.25,0,0,0,0,17-Apr-17
OPTIDX,S&P500,19-May-17,2400,PE,0,0,0,43.4,61.45,0,0,0,0,17-Apr-17
OPTIDX,S&P500,19-May-17,2405,PE,0,0,0,46.3,65.75,0,0,0,0,17-Apr-17
OPTIDX,S&P500,19-May-17,2410,PE,0,0,0,46.15,70.15,0,0,0,0,17-Apr-17
OPTIDX,S&P500,19-May-17,2415,PE,0,0,0,52.35,74.65,0,0,0,0,17-Apr-17
OPTIDX,S&P500,19-May-17,2420,PE,0,0,0,52.3,79.2,0,0,0,0,17-Apr-17
OPTIDX,S&P500,19-May-17,2425,PE,0,0,0,58.8,83.85,0,0,0,0,17-Apr-17
OPTIDX,S&P500,19-May-17,2430,PE,0,0,0,58.85,88.5,0,0,0,0,17-Apr-17
OPTIDX,S&P500,19-May-17,2435,PE,0,0,0,65.6,93.25,0,0,0,0,17-Apr-17
OPTIDX,S&P500,19-May-17,2440,PE,0,0,0,65.8,98,0,0,0,0,17-Apr-17
OPTIDX,S&P500,19-May-17,2445,PE,0,0,0,72.9,102.85,0,0,0,0,17-Apr-17
OPTIDX,S&P500,19-May-17,2450,PE,0,0,0,73.1,107.65,0,0,0,0,17-Apr-17
OPTIDX,S&P500,19-May-17,2455,PE,0,0,0,67.1,112.55,0,0,0,0,17-Apr-17
OPTIDX,S&P500,19-May-17,2460,PE,0,0,0,66.45,117.4,0,0,0,0,17-Apr-17
OPTIDX,S&P500,19-May-17,2465,PE,0,0,0,74.45,122.3,0,0,0,0,17-Apr-17
OPTIDX,S&P500,19-May-17,2470,PE,0,0,0,74.15,127.25,0,0,0,0,17-Apr-17
OPTIDX,S&P500,19-May-17,2475,PE,0,0,0,58.05,132.15,0,0,0,0,17-Apr-17
OPTIDX,S&P500,19-May-17,2480,PE,0,0,0,80.85,137.1,0,0,0,0,17-Apr-17
OPTIDX,S&P500,19-May-17,2485,PE,0,0,0,65.4,142.05,0,0,0,0,17-Apr-17
OPTIDX,S&P500,19-May-17,2495,PE,0,0,0,73.15,151.95,0,0,0,0,17-Apr-17
OPTIDX,S&P500,16-Jun-17,1900,CE,0,0,0,298,449.15,0,0,0,0,17-Apr-17
OPTIDX,S&P500,16-Jun-17,1910,CE,0,0,0,291.6,439.25,0,0,0,0,17-Apr-17
OPTIDX,S&P500,16-Jun-17,1920,CE,0,0,0,285.4,429.4,0,0,0,0,17-Apr-17
OPTIDX,S&P500,16-Jun-17,1930,CE,0,0,0,279.3,419.5,0,0,0,0,17-Apr-17
OPTIDX,S&P500,16-Jun-17,1935,CE,0,0,0,296.2,414.55,0,0,0,0,17-Apr-17
OPTIDX,S&P500,16-Jun-17,1940,CE,0,0,0,273.25,409.6,0,0,0,0,17-Apr-17
OPTIDX,S&P500,16-Jun-17,1945,CE,0,0,0,289.75,404.65,0,0,0,0,17-Apr-17
OPTIDX,S&P500,16-Jun-17,1950,CE,0,0,0,267.3,399.7,0,0,0,0,17-Apr-17
OPTIDX,S&P500,16-Jun-17,1955,CE,0,0,0,283.35,394.75,0,0,0,0,17-Apr-17
OPTIDX,S&P500,16-Jun-17,1960,CE,0,0,0,261.45,389.8,0,0,0,0,17-Apr-17
OPTIDX,S&P500,16-Jun-17,1965,CE,0,0,0,277.1,384.85,0,0,0,0,17-Apr-17
OPTIDX,S&P500,16-Jun-17,1970,CE,0,0,0,248.65,379.9,0,0,0,0,17-Apr-17
OPTIDX,S&P500,16-Jun-17,1975,CE,0,0,0,270.95,374.95,0,0,0,0,17-Apr-17
OPTIDX,S&P500,16-Jun-17,1980,CE,0,0,0,248,370,0,0,0,0,17-Apr-17
OPTIDX,S&P500,16-Jun-17,1985,CE,0,0,0,247.05,365.05,0,0,0,0,17-Apr-17
OPTIDX,S&P500,16-Jun-17,1990,CE,0,0,0,240.05,360.1,0,0,0,0,17-Apr-17
OPTIDX,S&P500,16-Jun-17,1995,CE,0,0,0,239.05,355.15,0,0,0,0,17-Apr-17
OPTIDX,S&P500,16-Jun-17,2000,CE,0,0,0,232.2,350.25,0,0,0,0,17-Apr-17
OPTIDX,S&P500,16-Jun-17,2005,CE,0,0,0,231.15,345.3,0,0,0,0,17-Apr-17
OPTIDX,S&P500,16-Jun-17,2010,CE,0,0,0,224.5,340.35,0,0,0,0,17-Apr-17
OPTIDX,S&P500,16-Jun-17,2015,CE,0,0,0,213.4,335.4,0,0,0,0,17-Apr-17
OPTIDX,S&P500,16-Jun-17,2020,CE,0,0,0,216.85,330.45,0,0,0,0,17-Apr-17
OPTIDX,S&P500,16-Jun-17,2025,CE,0,0,0,213.1,325.5,0,0,0,0,17-Apr-17
OPTIDX,S&P500,16-Jun-17,2030,CE,0,0,0,209.35,320.55,0,0,0,0,17-Apr-17
OPTIDX,S&P500,16-Jun-17,2035,CE,0,0,0,205.65,315.6,0,0,0,0,17-Apr-17
OPTIDX,S&P500,16-Jun-17,2040,CE,0,0,0,202,310.65,0,0,0,0,17-Apr-17
OPTIDX,S&P500,16-Jun-17,2045,CE,0,0,0,198.35,305.7,0,0,0,0,17-Apr-17
OPTIDX,S&P500,16-Jun-17,2050,CE,0,0,0,194.7,300.75,0,0,0,0,17-Apr-17
OPTIDX,S&P500,16-Jun-17,2055,CE,0,0,0,191.15,295.8,0,0,0,0,17-Apr-17
OPTIDX,S&P500,16-Jun-17,2060,CE,0,0,0,187.6,290.85,0,0,0,0,17-Apr-17
OPTIDX,S&P500,16-Jun-17,2065,CE,0,0,0,184.05,285.9,0,0,0,0,17-Apr-17
OPTIDX,S&P500,16-Jun-17,2070,CE,0,0,0,180.65,280.95,0,0,0,0,17-Apr-17
OPTIDX,S&P500,16-Jun-17,2075,CE,0,0,0,177.2,276,0,0,0,0,17-Apr-17
OPTIDX,S&P500,16-Jun-17,2080,CE,0,0,0,173.8,271.1,0,0,0,0,17-Apr-17
OPTIDX,S&P500,16-Jun-17,2085,CE,0,0,0,170.4,266.15,0,0,0,0,17-Apr-17
OPTIDX,S&P500,16-Jun-17,2090,CE,0,0,0,167.05,261.2,0,0,0,0,17-Apr-17
OPTIDX,S&P500,16-Jun-17,2095,CE,0,0,0,163.65,256.25,0,0,0,0,17-Apr-17
OPTIDX,S&P500,16-Jun-17,2100,CE,0,0,0,160.4,251.3,0,0,0,0,17-Apr-17
OPTIDX,S&P500,16-Jun-17,2105,CE,0,0,0,157.15,246.35,0,0,0,0,17-Apr-17
OPTIDX,S&P500,16-Jun-17,2110,CE,0,0,0,153.95,241.4,0,0,0,0,17-Apr-17
OPTIDX,S&P500,16-Jun-17,2115,CE,0,0,0,150.8,236.45,0,0,0,0,17-Apr-17
OPTIDX,S&P500,16-Jun-17,2120,CE,0,0,0,147.7,231.5,0,0,0,0,17-Apr-17
OPTIDX,S&P500,16-Jun-17,2125,CE,0,0,0,144.6,226.55,0,0,0,0,17-Apr-17
OPTIDX,S&P500,16-Jun-17,2130,CE,0,0,0,141.55,221.6,0,0,0,0,17-Apr-17
OPTIDX,S&P500,16-Jun-17,2135,CE,0,0,0,138.55,216.7,0,0,0,0,17-Apr-17
OPTIDX,S&P500,16-Jun-17,2140,CE,0,0,0,135.55,211.75,0,0,0,0,17-Apr-17
OPTIDX,S&P500,16-Jun-17,2145,CE,0,0,0,134.05,206.8,0,0,0,0,17-Apr-17
OPTIDX,S&P500,16-Jun-17,2150,CE,0,0,0,129.75,201.85,0,0,0,0,17-Apr-17
OPTIDX,S&P500,16-Jun-17,2155,CE,0,0,0,128.2,196.95,0,0,0,0,17-Apr-17
OPTIDX,S&P500,16-Jun-17,2160,CE,0,0,0,124.05,192,0,0,0,0,17-Apr-17
OPTIDX,S&P500,16-Jun-17,2165,CE,0,0,0,122.5,187.05,0,0,0,0,17-Apr-17
OPTIDX,S&P500,16-Jun-17,2170,CE,0,0,0,118.55,182.15,0,0,0,0,17-Apr-17
OPTIDX,S&P500,16-Jun-17,2175,CE,0,0,0,116.95,177.2,0,0,0,0,17-Apr-17
OPTIDX,S&P500,16-Jun-17,2180,CE,0,0,0,113.2,172.3,0,0,0,0,17-Apr-17
OPTIDX,S&P500,16-Jun-17,2185,CE,0,0,0,111.6,167.4,0,0,0,0,17-Apr-17
OPTIDX,S&P500,16-Jun-17,2190,CE,0,0,0,109.45,162.5,0,0,0,0,17-Apr-17
OPTIDX,S&P500,16-Jun-17,2195,CE,0,0,0,129.95,157.6,0,0,0,0,17-Apr-17
OPTIDX,S&P500,16-Jun-17,2200,CE,0,0,0,210.95,152.75,0,0,0,0,17-Apr-17
OPTIDX,S&P500,16-Jun-17,2205,CE,0,0,0,124.55,147.9,0,0,0,0,17-Apr-17
OPTIDX,S&P500,16-Jun-17,2210,CE,0,0,0,202.8,143.05,0,0,0,0,17-Apr-17
OPTIDX,S&P500,16-Jun-17,2215,CE,0,0,0,119.3,138.25,0,0,0,0,17-Apr-17
OPTIDX,S&P500,16-Jun-17,2220,CE,0,0,0,198.05,133.45,0,0,0,0,17-Apr-17
OPTIDX,S&P500,16-Jun-17,2225,CE,0,0,0,194.65,128.65,0,0,0,0,17-Apr-17
OPTIDX,S&P500,16-Jun-17,2230,CE,0,0,0,193.35,123.9,0,0,0,0,17-Apr-17
OPTIDX,S&P500,16-Jun-17,2235,CE,0,0,0,189.9,119.2,0,0,0,0,17-Apr-17
OPTIDX,S&P500,16-Jun-17,2240,CE,0,0,0,192.85,114.55,0,0,0,0,17-Apr-17
OPTIDX,S&P500,16-Jun-17,2245,CE,0,0,0,186.8,109.9,0,0,0,0,17-Apr-17
OPTIDX,S&P500,16-Jun-17,2250,CE,0,0,0,188.1,105.3,0,0,0,0,17-Apr-17
OPTIDX,S&P500,16-Jun-17,2255,CE,0,0,0,181.95,100.75,0,0,0,0,17-Apr-17
OPTIDX,S&P500,16-Jun-17,2260,CE,0,0,0,173.45,96.3,0,0,0,0,17-Apr-17
OPTIDX,S&P500,16-Jun-17,2265,CE,0,0,0,177.2,91.85,0,0,0,0,17-Apr-17
OPTIDX,S&P500,16-Jun-17,2270,CE,0,0,0,147,87.5,0,0,0,0,17-Apr-17
OPTIDX,S&P500,16-Jun-17,2275,CE,0,0,0,159.25,83.25,0,0,0,0,17-Apr-17
OPTIDX,S&P500,16-Jun-17,2280,CE,0,0,0,117.9,79.05,0,0,0,0,17-Apr-17
OPTIDX,S&P500,16-Jun-17,2285,CE,0,0,0,120.1,74.9,0,0,0,0,17-Apr-17
OPTIDX,S&P500,16-Jun-17,2290,CE,0,0,0,106.2,70.9,0,0,0,0,17-Apr-17
OPTIDX,S&P500,16-Jun-17,2295,CE,0,0,0,74.1,66.95,0,0,0,0,17-Apr-17
OPTIDX,S&P500,16-Jun-17,2300,CE,0,0,0,72.5,63.1,0,0,0,0,17-Apr-17
OPTIDX,S&P500,16-Jun-17,2305,CE,0,0,0,69.75,59.5,0,0,0,0,17-Apr-17
OPTIDX,S&P500,16-Jun-17,2310,CE,0,0,0,53.15,55.75,0,0,0,0,17-Apr-17
OPTIDX,S&P500,16-Jun-17,2315,CE,0,0,0,62.95,52.25,0,0,0,0,17-Apr-17
OPTIDX,S&P500,16-Jun-17,2320,CE,0,0,0,72.7,48.85,0,0,0,0,17-Apr-17
OPTIDX,S&P500,16-Jun-17,2325,CE,0,0,0,69.7,45.6,0,0,0,0,17-Apr-17
OPTIDX,S&P500,16-Jun-17,2330,CE,0,0,0,68.15,42.45,0,0,0,0,17-Apr-17
OPTIDX,S&P500,16-Jun-17,2335,CE,0,0,0,65.2,39.45,0,0,0,0,17-Apr-17
OPTIDX,S&P500,16-Jun-17,2340,CE,0,0,0,63.8,36.55,0,0,0,0,17-Apr-17
OPTIDX,S&P500,16-Jun-17,2345,CE,0,0,0,60.9,33.8,0,0,0,0,17-Apr-17
OPTIDX,S&P500,16-Jun-17,2350,CE,0,0,0,64.8,31.2,0,0,0,0,17-Apr-17
OPTIDX,S&P500,16-Jun-17,2355,CE,0,0,0,58.75,28.7,0,0,0,0,17-Apr-17
OPTIDX,S&P500,16-Jun-17,2360,CE,0,0,0,60.5,26.35,0,0,0,0,17-Apr-17
OPTIDX,S&P500,16-Jun-17,2365,CE,0,0,0,52.2,24.15,0,0,0,0,17-Apr-17
OPTIDX,S&P500,16-Jun-17,2370,CE,0,0,0,59.4,22.05,0,0,0,0,17-Apr-17
OPTIDX,S&P500,16-Jun-17,2375,CE,0,0,0,41.1,20.1,0,0,0,0,17-Apr-17
OPTIDX,S&P500,16-Jun-17,2380,CE,0,0,0,27.5,18.3,0,0,0,0,17-Apr-17
OPTIDX,S&P500,16-Jun-17,2385,CE,0,0,0,33.95,16.55,0,0,0,0,17-Apr-17
OPTIDX,S&P500,16-Jun-17,2390,CE,0,0,0,28.65,15,0,0,0,0,17-Apr-17
OPTIDX,S&P500,16-Jun-17,2395,CE,0,0,0,30.3,13.5,0,0,0,0,17-Apr-17
OPTIDX,S&P500,16-Jun-17,2400,CE,0,0,0,25.1,12.15,0,0,0,0,17-Apr-17
OPTIDX,S&P500,16-Jun-17,2405,CE,0,0,0,25.85,10.9,0,0,0,0,17-Apr-17
OPTIDX,S&P500,16-Jun-17,2410,CE,0,0,0,21.9,9.75,0,0,0,0,17-Apr-17
OPTIDX,S&P500,16-Jun-17,2415,CE,0,0,0,22.55,8.7,0,0,0,0,17-Apr-17
OPTIDX,S&P500,16-Jun-17,2420,CE,0,0,0,25.7,7.75,0,0,0,0,17-Apr-17
OPTIDX,S&P500,16-Jun-17,2425,CE,0,0,0,28.9,6.9,0,0,0,0,17-Apr-17
OPTIDX,S&P500,16-Jun-17,2430,CE,0,0,0,22.45,6.1,0,0,0,0,17-Apr-17
OPTIDX,S&P500,16-Jun-17,2435,CE,0,0,0,25.25,5.4,0,0,0,0,17-Apr-17
OPTIDX,S&P500,16-Jun-17,2440,CE,0,0,0,22.05,4.75,0,0,0,0,17-Apr-17
OPTIDX,S&P500,16-Jun-17,2445,CE,0,0,0,22,4.15,0,0,0,0,17-Apr-17
OPTIDX,S&P500,16-Jun-17,2450,CE,0,0,0,23.15,3.65,0,0,0,0,17-Apr-17
OPTIDX,S&P500,16-Jun-17,2455,CE,0,0,0,23.55,3.15,0,0,0,0,17-Apr-17
OPTIDX,S&P500,16-Jun-17,2460,CE,0,0,0,18.8,2.75,0,0,0,0,17-Apr-17
OPTIDX,S&P500,16-Jun-17,2465,CE,0,0,0,20.4,2.4,0,0,0,0,17-Apr-17
OPTIDX,S&P500,16-Jun-17,2470,CE,0,0,0,15.9,2.05,0,0,0,0,17-Apr-17
OPTIDX,S&P500,16-Jun-17,2475,CE,0,0,0,21.9,1.8,0,0,0,0,17-Apr-17
OPTIDX,S&P500,16-Jun-17,2480,CE,0,0,0,25.35,1.55,0,0,0,0,17-Apr-17
OPTIDX,S&P500,16-Jun-17,2485,CE,0,0,0,18.6,1.3,0,0,0,0,17-Apr-17
OPTIDX,S&P500,16-Jun-17,2495,CE,0,0,0,15.75,0.95,0,0,0,0,17-Apr-17
OPTIDX,S&P500,16-Jun-17,1900,PE,0,0,0,70.85,0,0,0,0,0,17-Apr-17
OPTIDX,S&P500,16-Jun-17,1910,PE,0,0,0,73.8,0,0,0,0,0,17-Apr-17
OPTIDX,S&P500,16-Jun-17,1920,PE,0,0,0,76.95,0,0,0,0,0,17-Apr-17
OPTIDX,S&P500,16-Jun-17,1930,PE,0,0,0,80.15,0,0,0,0,0,17-Apr-17
OPTIDX,S&P500,16-Jun-17,1935,PE,0,0,0,65.2,0,0,0,0,0,17-Apr-17
OPTIDX,S&P500,16-Jun-17,1940,PE,0,0,0,83.45,0,0,0,0,0,17-Apr-17
OPTIDX,S&P500,16-Jun-17,1945,PE,0,0,0,68.1,0,0,0,0,0,17-Apr-17
OPTIDX,S&P500,16-Jun-17,1950,PE,0,0,0,86.85,0,0,0,0,0,17-Apr-17
OPTIDX,S&P500,16-Jun-17,1955,PE,0,0,0,71.05,0,0,0,0,0,17-Apr-17
OPTIDX,S&P500,16-Jun-17,1960,PE,0,0,0,90.3,0,0,0,0,0,17-Apr-17
OPTIDX,S&P500,16-Jun-17,1965,PE,0,0,0,74.15,0,0,0,0,0,17-Apr-17
OPTIDX,S&P500,16-Jun-17,1970,PE,0,0,0,12.2,0,0,0,0,0,17-Apr-17
OPTIDX,S&P500,16-Jun-17,1975,PE,0,0,0,77.3,0,0,0,0,0,17-Apr-17
OPTIDX,S&P500,16-Jun-17,1980,PE,0,0,0,13.55,0,0,0,0,0,17-Apr-17
OPTIDX,S&P500,16-Jun-17,1985,PE,0,0,0,12.9,0,0,0,0,0,17-Apr-17
OPTIDX,S&P500,16-Jun-17,1990,PE,0,0,0,14.9,0,0,0,0,0,17-Apr-17
OPTIDX,S&P500,16-Jun-17,1995,PE,0,0,0,14.2,0,0,0,0,0,17-Apr-17
OPTIDX,S&P500,16-Jun-17,2000,PE,0,0,0,16.4,0,0,0,0,0,17-Apr-17
OPTIDX,S&P500,16-Jun-17,2005,PE,0,0,0,15.65,0,0,0,0,0,17-Apr-17
OPTIDX,S&P500,16-Jun-17,2010,PE,0,0,0,17.95,0,0,0,0,0,17-Apr-17
OPTIDX,S&P500,16-Jun-17,2015,PE,0,0,0,18.85,0,0,0,0,0,17-Apr-17
OPTIDX,S&P500,16-Jun-17,2020,PE,0,0,0,19.65,0,0,0,0,0,17-Apr-17
OPTIDX,S&P500,16-Jun-17,2025,PE,0,0,0,20.55,0,0,0,0,0,17-Apr-17
OPTIDX,S&P500,16-Jun-17,2030,PE,0,0,0,21.45,0,0,0,0,0,17-Apr-17
OPTIDX,S&P500,16-Jun-17,2035,PE,0,0,0,22.4,0,0,0,0,0,17-Apr-17
OPTIDX,S&P500,16-Jun-17,2040,PE,0,0,0,23.4,0,0,0,0,0,17-Apr-17
OPTIDX,S&P500,16-Jun-17,2045,PE,0,0,0,24.4,0,0,0,0,0,17-Apr-17
OPTIDX,S&P500,16-Jun-17,2050,PE,0,0,0,25.45,0,0,0,0,0,17-Apr-17
OPTIDX,S&P500,16-Jun-17,2055,PE,0,0,0,26.5,0,0,0,0,0,17-Apr-17
OPTIDX,S&P500,16-Jun-17,2060,PE,0,0,0,27.65,0,0,0,0,0,17-Apr-17
OPTIDX,S&P500,16-Jun-17,2065,PE,0,0,0,28.75,0,0,0,0,0,17-Apr-17
OPTIDX,S&P500,16-Jun-17,2070,PE,0,0,0,30,0,0,0,0,0,17-Apr-17
OPTIDX,S&P500,16-Jun-17,2075,PE,0,0,0,31.2,0,0,0,0,0,17-Apr-17
OPTIDX,S&P500,16-Jun-17,2080,PE,0,0,0,32.45,0,0,0,0,0,17-Apr-17
OPTIDX,S&P500,16-Jun-17,2085,PE,0,0,0,33.75,0,0,0,0,0,17-Apr-17
OPTIDX,S&P500,16-Jun-17,2090,PE,0,0,0,35.05,0,0,0,0,0,17-Apr-17
OPTIDX,S&P500,16-Jun-17,2095,PE,0,0,0,36.3,0,0,0,0,0,17-Apr-17
OPTIDX,S&P500,16-Jun-17,2100,PE,0,0,0,37.7,0,0,0,0,0,17-Apr-17
OPTIDX,S&P500,16-Jun-17,2105,PE,0,0,0,39.1,0,0,0,0,0,17-Apr-17
OPTIDX,S&P500,16-Jun-17,2110,PE,0,0,0,40.55,0,0,0,0,0,17-Apr-17
OPTIDX,S&P500,16-Jun-17,2115,PE,0,0,0,42.05,0.05,0,0,0,0,17-Apr-17
OPTIDX,S&P500,16-Jun-17,2120,PE,0,0,0,43.6,0.05,0,0,0,0,17-Apr-17
OPTIDX,S&P500,16-Jun-17,2125,PE,0,0,0,45.15,0.05,0,0,0,0,17-Apr-17
OPTIDX,S&P500,16-Jun-17,2130,PE,0,0,0,46.75,0.05,0,0,0,0,17-Apr-17
OPTIDX,S&P500,16-Jun-17,2135,PE,0,0,0,48.4,0.05,0,0,0,0,17-Apr-17
OPTIDX,S&P500,16-Jun-17,2140,PE,0,0,0,50.1,0.05,0,0,0,0,17-Apr-17
OPTIDX,S&P500,16-Jun-17,2145,PE,0,0,0,48.95,0.05,0,0,0,0,17-Apr-17
OPTIDX,S&P500,16-Jun-17,2150,PE,0,0,0,53.6,0.05,0,0,0,0,17-Apr-17
OPTIDX,S&P500,16-Jun-17,2155,PE,0,0,0,52.4,0.05,0,0,0,0,17-Apr-17
OPTIDX,S&P500,16-Jun-17,2160,PE,0,0,0,57.2,0.1,0,0,0,0,17-Apr-17
OPTIDX,S&P500,16-Jun-17,2165,PE,0,0,0,56.05,0.1,0,0,0,0,17-Apr-17
OPTIDX,S&P500,16-Jun-17,2170,PE,0,0,0,61,0.15,0,0,0,0,17-Apr-17
OPTIDX,S&P500,16-Jun-17,2175,PE,0,0,0,59.8,0.15,0,0,0,0,17-Apr-17
OPTIDX,S&P500,16-Jun-17,2180,PE,0,0,0,64.95,0.2,0,0,0,0,17-Apr-17
OPTIDX,S&P500,16-Jun-17,2185,PE,0,0,0,63.75,0.25,0,0,0,0,17-Apr-17
OPTIDX,S&P500,16-Jun-17,2190,PE,0,0,0,62.25,0.3,0,0,0,0,17-Apr-17
OPTIDX,S&P500,16-Jun-17,2195,PE,0,0,0,65.2,0.35,0,0,0,0,17-Apr-17
OPTIDX,S&P500,16-Jun-17,2200,PE,0,0,0,167.5,0.4,0,0,0,0,17-Apr-17
OPTIDX,S&P500,16-Jun-17,2205,PE,0,0,0,69.1,0.5,0,0,0,0,17-Apr-17
OPTIDX,S&P500,16-Jun-17,2210,PE,0,0,0,143.4,0.6,0,0,0,0,17-Apr-17
OPTIDX,S&P500,16-Jun-17,2215,PE,0,0,0,73.2,0.75,0,0,0,0,17-Apr-17
OPTIDX,S&P500,16-Jun-17,2220,PE,0,0,0,148,0.9,0,0,0,0,17-Apr-17
OPTIDX,S&P500,16-Jun-17,2225,PE,0,0,0,142.8,1.05,0,0,0,0,17-Apr-17
OPTIDX,S&P500,16-Jun-17,2230,PE,0,0,0,152.65,1.25,0,0,0,0,17-Apr-17
OPTIDX,S&P500,16-Jun-17,2235,PE,0,0,0,147.45,1.5,0,0,0,0,17-Apr-17
OPTIDX,S&P500,16-Jun-17,2240,PE,0,0,0,140.5,1.75,0,0,0,0,17-Apr-17
OPTIDX,S&P500,16-Jun-17,2245,PE,0,0,0,129.5,2.1,0,0,0,0,17-Apr-17
OPTIDX,S&P500,16-Jun-17,2250,PE,0,0,0,145.1,2.45,0,0,0,0,17-Apr-17
OPTIDX,S&P500,16-Jun-17,2255,PE,0,0,0,134.05,2.85,0,0,0,0,17-Apr-17
OPTIDX,S&P500,16-Jun-17,2260,PE,0,0,0,132.3,3.3,0,0,0,0,17-Apr-17
OPTIDX,S&P500,16-Jun-17,2265,PE,0,0,0,138.65,3.85,0,0,0,0,17-Apr-17
OPTIDX,S&P500,16-Jun-17,2270,PE,0,0,0,112.1,4.45,0,0,0,0,17-Apr-17
OPTIDX,S&P500,16-Jun-17,2275,PE,0,0,0,122.5,5.1,0,0,0,0,17-Apr-17
OPTIDX,S&P500,16-Jun-17,2280,PE,0,0,0,86.45,5.85,0,0,0,0,17-Apr-17
OPTIDX,S&P500,16-Jun-17,2285,PE,0,0,0,90.8,6.7,0,0,0,0,17-Apr-17
OPTIDX,S&P500,16-Jun-17,2290,PE,0,0,0,78.15,7.6,0,0,0,0,17-Apr-17
OPTIDX,S&P500,16-Jun-17,2295,PE,0,0,0,86.1,8.6,0,0,0,0,17-Apr-17
OPTIDX,S&P500,16-Jun-17,2300,PE,0,0,0,93.1,9.7,0,0,0,0,17-Apr-17
OPTIDX,S&P500,16-Jun-17,2305,PE,0,0,0,91.45,11.05,0,0,0,0,17-Apr-17
OPTIDX,S&P500,16-Jun-17,2310,PE,0,0,0,75.55,12.25,0,0,0,0,17-Apr-17
OPTIDX,S&P500,16-Jun-17,2315,PE,0,0,0,85.1,13.7,0,0,0,0,17-Apr-17
OPTIDX,S&P500,16-Jun-17,2320,PE,0,0,0,74.6,15.25,0,0,0,0,17-Apr-17
OPTIDX,S&P500,16-Jun-17,2325,PE,0,0,0,72.95,16.95,0,0,0,0,17-Apr-17
OPTIDX,S&P500,16-Jun-17,2330,PE,0,0,0,79.75,18.75,0,0,0,0,17-Apr-17
OPTIDX,S&P500,16-Jun-17,2335,PE,0,0,0,78.1,20.7,0,0,0,0,17-Apr-17
OPTIDX,S&P500,16-Jun-17,2340,PE,0,0,0,85.1,22.75,0,0,0,0,17-Apr-17
OPTIDX,S&P500,16-Jun-17,2345,PE,0,0,0,83.5,24.95,0,0,0,0,17-Apr-17
OPTIDX,S&P500,16-Jun-17,2350,PE,0,0,0,79.25,27.3,0,0,0,0,17-Apr-17
OPTIDX,S&P500,16-Jun-17,2355,PE,0,0,0,81.6,29.75,0,0,0,0,17-Apr-17
OPTIDX,S&P500,16-Jun-17,2360,PE,0,0,0,84.65,32.35,0,0,0,0,17-Apr-17
OPTIDX,S&P500,16-Jun-17,2365,PE,0,0,0,82,35.05,0,0,0,0,17-Apr-17
OPTIDX,S&P500,16-Jun-17,2370,PE,0,0,0,82.8,37.9,0,0,0,0,17-Apr-17
OPTIDX,S&P500,16-Jun-17,2375,PE,0,0,0,72.3,40.9,0,0,0,0,17-Apr-17
OPTIDX,S&P500,16-Jun-17,2380,PE,0,0,0,67.15,44.05,0,0,0,0,17-Apr-17
OPTIDX,S&P500,16-Jun-17,2385,PE,0,0,0,63,47.25,0,0,0,0,17-Apr-17
OPTIDX,S&P500,16-Jun-17,2390,PE,0,0,0,57.75,50.65,0,0,0,0,17-Apr-17
OPTIDX,S&P500,16-Jun-17,2395,PE,0,0,0,69.05,54.1,0,0,0,0,17-Apr-17
OPTIDX,S&P500,16-Jun-17,2400,PE,0,0,0,63.95,57.7,0,0,0,0,17-Apr-17
OPTIDX,S&P500,16-Jun-17,2405,PE,0,0,0,61.8,61.4,0,0,0,0,17-Apr-17
OPTIDX,S&P500,16-Jun-17,2410,PE,0,0,0,70.5,65.2,0,0,0,0,17-Apr-17
OPTIDX,S&P500,16-Jun-17,2415,PE,0,0,0,68.25,69.1,0,0,0,0,17-Apr-17
OPTIDX,S&P500,16-Jun-17,2420,PE,0,0,0,64.55,73.1,0,0,0,0,17-Apr-17
OPTIDX,S&P500,16-Jun-17,2425,PE,0,0,0,56,77.15,0,0,0,0,17-Apr-17
OPTIDX,S&P500,16-Jun-17,2430,PE,0,0,0,71.1,81.3,0,0,0,0,17-Apr-17
OPTIDX,S&P500,16-Jun-17,2435,PE,0,0,0,62.15,85.55,0,0,0,0,17-Apr-17
OPTIDX,S&P500,16-Jun-17,2440,PE,0,0,0,71.7,89.85,0,0,0,0,17-Apr-17
OPTIDX,S&P500,16-Jun-17,2445,PE,0,0,0,68.65,94.2,0,0,0,0,17-Apr-17
OPTIDX,S&P500,16-Jun-17,2450,PE,0,0,0,71.3,98.65,0,0,0,0,17-Apr-17
OPTIDX,S&P500,16-Jun-17,2455,PE,0,0,0,63.4,103.15,0,0,0,0,17-Apr-17
OPTIDX,S&P500,16-Jun-17,2460,PE,0,0,0,61.9,107.65,0,0,0,0,17-Apr-17
OPTIDX,S&P500,16-Jun-17,2465,PE,0,0,0,70,112.25,0,0,0,0,17-Apr-17
OPTIDX,S&P500,16-Jun-17,2470,PE,0,0,0,68.8,116.85,0,0,0,0,17-Apr-17
OPTIDX,S&P500,16-Jun-17,2475,PE,0,0,0,54.2,121.55,0,0,0,0,17-Apr-17
OPTIDX,S&P500,16-Jun-17,2480,PE,0,0,0,77.95,126.25,0,0,0,0,17-Apr-17
OPTIDX,S&P500,16-Jun-17,2485,PE,0,0,0,60.75,130.95,0,0,0,0,17-Apr-17
OPTIDX,S&P500,16-Jun-17,2495,PE,0,0,0,67.7,140.5,0,0,0,0,17-Apr-17
OPTIDX,S&P500,15-Sep-17,1985,CE,0,0,0,219.45,396.65,0,0,0,0,17-Apr-17
OPTIDX,S&P500,15-Sep-17,1990,CE,0,0,0,219.8,391.75,0,0,0,0,17-Apr-17
OPTIDX,S&P500,15-Sep-17,1995,CE,0,0,0,211.15,386.9,0,0,0,0,17-Apr-17
OPTIDX,S&P500,15-Sep-17,2000,CE,0,0,0,221,382.05,0,0,0,0,17-Apr-17
OPTIDX,S&P500,15-Sep-17,2005,CE,0,0,0,203,377.15,0,0,0,0,17-Apr-17
OPTIDX,S&P500,15-Sep-17,2010,CE,0,0,0,224.5,372.3,0,0,0,0,17-Apr-17
OPTIDX,S&P500,15-Sep-17,2015,CE,0,0,0,194.95,367.45,0,0,0,0,17-Apr-17
OPTIDX,S&P500,15-Sep-17,2020,CE,0,0,0,216.25,362.55,0,0,0,0,17-Apr-17
OPTIDX,S&P500,15-Sep-17,2025,CE,0,0,0,237.9,357.7,0,0,0,0,17-Apr-17
OPTIDX,S&P500,15-Sep-17,2030,CE,0,0,0,208.1,352.85,0,0,0,0,17-Apr-17
OPTIDX,S&P500,15-Sep-17,2035,CE,0,0,0,238.4,348,0,0,0,0,17-Apr-17
OPTIDX,S&P500,15-Sep-17,2040,CE,0,0,0,262.45,343.1,0,0,0,0,17-Apr-17
OPTIDX,S&P500,15-Sep-17,2045,CE,0,0,0,267.3,338.25,0,0,0,0,17-Apr-17
OPTIDX,S&P500,15-Sep-17,2050,CE,0,0,0,255.15,333.4,0,0,0,0,17-Apr-17
OPTIDX,S&P500,15-Sep-17,2055,CE,0,0,0,260,328.55,0,0,0,0,17-Apr-17
OPTIDX,S&P500,15-Sep-17,2060,CE,0,0,0,247.9,323.65,0,0,0,0,17-Apr-17
OPTIDX,S&P500,15-Sep-17,2065,CE,0,0,0,252.8,318.8,0,0,0,0,17-Apr-17
OPTIDX,S&P500,15-Sep-17,2070,CE,0,0,0,240.75,313.95,0,0,0,0,17-Apr-17
OPTIDX,S&P500,15-Sep-17,2075,CE,0,0,0,245.7,309.1,0,0,0,0,17-Apr-17
OPTIDX,S&P500,15-Sep-17,2080,CE,0,0,0,233.85,304.25,0,0,0,0,17-Apr-17
OPTIDX,S&P500,15-Sep-17,2085,CE,0,0,0,238.75,299.4,0,0,0,0,17-Apr-17
OPTIDX,S&P500,15-Sep-17,2090,CE,0,0,0,235.3,294.55,0,0,0,0,17-Apr-17
OPTIDX,S&P500,15-Sep-17,2095,CE,0,0,0,231.85,289.7,0,0,0,0,17-Apr-17
OPTIDX,S&P500,15-Sep-17,2100,CE,0,0,0,228.45,284.85,0,0,0,0,17-Apr-17
OPTIDX,S&P500,15-Sep-17,2105,CE,0,0,0,225.05,280,0,0,0,0,17-Apr-17
OPTIDX,S&P500,15-Sep-17,2110,CE,0,0,0,221.7,275.15,0,0,0,0,17-Apr-17
OPTIDX,S&P500,15-Sep-17,2115,CE,0,0,0,218.4,270.3,0,0,0,0,17-Apr-17
OPTIDX,S&P500,15-Sep-17,2120,CE,0,0,0,215.1,265.5,0,0,0,0,17-Apr-17
OPTIDX,S&P500,15-Sep-17,2125,CE,0,0,0,211.75,260.65,0,0,0,0,17-Apr-17
OPTIDX,S&P500,15-Sep-17,2130,CE,0,0,0,208.5,255.85,0,0,0,0,17-Apr-17
OPTIDX,S&P500,15-Sep-17,2135,CE,0,0,0,205.3,251.05,0,0,0,0,17-Apr-17
OPTIDX,S&P500,15-Sep-17,2140,CE,0,0,0,202.1,246.25,0,0,0,0,17-Apr-17
OPTIDX,S&P500,15-Sep-17,2145,CE,0,0,0,198.95,241.45,0,0,0,0,17-Apr-17
OPTIDX,S&P500,15-Sep-17,2150,CE,0,0,0,195.8,236.65,0,0,0,0,17-Apr-17
OPTIDX,S&P500,15-Sep-17,2155,CE,0,0,0,192.75,231.85,0,0,0,0,17-Apr-17
OPTIDX,S&P500,15-Sep-17,2160,CE,0,0,0,189.65,227.1,0,0,0,0,17-Apr-17
OPTIDX,S&P500,15-Sep-17,2165,CE,0,0,0,186.65,222.35,0,0,0,0,17-Apr-17
OPTIDX,S&P500,15-Sep-17,2170,CE,0,0,0,183.6,217.6,0,0,0,0,17-Apr-17
OPTIDX,S&P500,15-Sep-17,2175,CE,0,0,0,180.65,212.85,0,0,0,0,17-Apr-17
OPTIDX,S&P500,15-Sep-17,2180,CE,0,0,0,177.7,208.15,0,0,0,0,17-Apr-17
OPTIDX,S&P500,15-Sep-17,2185,CE,0,0,0,174.8,203.45,0,0,0,0,17-Apr-17
OPTIDX,S&P500,15-Sep-17,2190,CE,0,0,0,171.9,198.8,0,0,0,0,17-Apr-17
OPTIDX,S&P500,15-Sep-17,2195,CE,0,0,0,169.05,194.1,0,0,0,0,17-Apr-17
OPTIDX,S&P500,15-Sep-17,2200,CE,0,0,0,166.2,189.5,0,0,0,0,17-Apr-17
OPTIDX,S&P500,15-Sep-17,2205,CE,0,0,0,163.4,184.85,0,0,0,0,17-Apr-17
OPTIDX,S&P500,15-Sep-17,2210,CE,0,0,0,152.9,180.25,0,0,0,0,17-Apr-17
OPTIDX,S&P500,15-Sep-17,2215,CE,0,0,0,157.9,175.7,0,0,0,0,17-Apr-17
OPTIDX,S&P500,15-Sep-17,2220,CE,0,0,0,147.55,171.15,0,0,0,0,17-Apr-17
OPTIDX,S&P500,15-Sep-17,2225,CE,0,0,0,152.55,166.65,0,0,0,0,17-Apr-17
OPTIDX,S&P500,15-Sep-17,2230,CE,0,0,0,142.3,162.15,0,0,0,0,17-Apr-17
OPTIDX,S&P500,15-Sep-17,2235,CE,0,0,0,147.25,157.7,0,0,0,0,17-Apr-17
OPTIDX,S&P500,15-Sep-17,2240,CE,0,0,0,137.2,153.3,0,0,0,0,17-Apr-17
OPTIDX,S&P500,15-Sep-17,2245,CE,0,0,0,142.15,148.95,0,0,0,0,17-Apr-17
OPTIDX,S&P500,15-Sep-17,2250,CE,0,0,0,139.5,144.6,0,0,0,0,17-Apr-17
OPTIDX,S&P500,15-Sep-17,2255,CE,0,0,0,141.1,140.3,0,0,0,0,17-Apr-17
OPTIDX,S&P500,15-Sep-17,2260,CE,0,0,0,134.4,136.05,0,0,0,0,17-Apr-17
OPTIDX,S&P500,15-Sep-17,2265,CE,0,0,0,136,131.85,0,0,0,0,17-Apr-17
OPTIDX,S&P500,15-Sep-17,2270,CE,0,0,0,134.4,127.7,0,0,0,0,17-Apr-17
OPTIDX,S&P500,15-Sep-17,2275,CE,0,0,0,137.85,123.6,0,0,0,0,17-Apr-17
OPTIDX,S&P500,15-Sep-17,2280,CE,0,0,0,114.45,119.55,0,0,0,0,17-Apr-17
OPTIDX,S&P500,15-Sep-17,2285,CE,0,0,0,109.3,115.55,0,0,0,0,17-Apr-17
OPTIDX,S&P500,15-Sep-17,2290,CE,0,0,0,110.3,111.65,0,0,0,0,17-Apr-17
OPTIDX,S&P500,15-Sep-17,2295,CE,0,0,0,107.05,107.75,0,0,0,0,17-Apr-17
OPTIDX,S&P500,15-Sep-17,2300,CE,0,0,0,105.5,103.95,0,0,0,0,17-Apr-17
OPTIDX,S&P500,15-Sep-17,2305,CE,0,0,0,102.25,100.2,0,0,0,0,17-Apr-17
OPTIDX,S&P500,15-Sep-17,2310,CE,0,0,0,83.3,96.5,0,0,0,0,17-Apr-17
OPTIDX,S&P500,15-Sep-17,2315,CE,0,0,0,94.7,92.95,0,0,0,0,17-Apr-17
OPTIDX,S&P500,15-Sep-17,2320,CE,0,0,0,106.8,89.3,0,0,0,0,17-Apr-17
OPTIDX,S&P500,15-Sep-17,2325,CE,0,0,0,103.55,85.8,0,0,0,0,17-Apr-17
OPTIDX,S&P500,15-Sep-17,2330,CE,0,0,0,101.75,82.4,0,0,0,0,17-Apr-17
OPTIDX,S&P500,15-Sep-17,2335,CE,0,0,0,98.5,79.05,0,0,0,0,17-Apr-17
OPTIDX,S&P500,15-Sep-17,2340,CE,0,0,0,96.85,75.8,0,0,0,0,17-Apr-17
OPTIDX,S&P500,15-Sep-17,2345,CE,0,0,0,93.6,72.6,0,0,0,0,17-Apr-17
OPTIDX,S&P500,15-Sep-17,2350,CE,0,0,0,98.2,69.5,0,0,0,0,17-Apr-17
OPTIDX,S&P500,15-Sep-17,2355,CE,0,0,0,91.1,66.45,0,0,0,0,17-Apr-17
OPTIDX,S&P500,15-Sep-17,2360,CE,0,0,0,93.35,63.5,0,0,0,0,17-Apr-17
OPTIDX,S&P500,15-Sep-17,2365,CE,0,0,0,83.8,60.65,0,0,0,0,17-Apr-17
OPTIDX,S&P500,15-Sep-17,2370,CE,0,0,0,92.05,57.85,0,0,0,0,17-Apr-17
OPTIDX,S&P500,15-Sep-17,2375,CE,0,0,0,72.1,55.15,0,0,0,0,17-Apr-17
OPTIDX,S&P500,15-Sep-17,2380,CE,0,0,0,55.9,52.5,0,0,0,0,17-Apr-17
OPTIDX,S&P500,15-Sep-17,2385,CE,0,0,0,64.9,49.95,0,0,0,0,17-Apr-17
OPTIDX,S&P500,15-Sep-17,2390,CE,0,0,0,59,47.5,0,0,0,0,17-Apr-17
OPTIDX,S&P500,15-Sep-17,2395,CE,0,0,0,60.1,45.1,0,0,0,0,17-Apr-17
OPTIDX,S&P500,15-Sep-17,2400,CE,0,0,0,54.2,42.8,0,0,0,0,17-Apr-17
OPTIDX,S&P500,15-Sep-17,2405,CE,0,0,0,55.35,40.6,0,0,0,0,17-Apr-17
OPTIDX,S&P500,15-Sep-17,2410,CE,0,0,0,49.65,38.45,0,0,0,0,17-Apr-17
OPTIDX,S&P500,15-Sep-17,2415,CE,0,0,0,50.75,36.4,0,0,0,0,17-Apr-17
OPTIDX,S&P500,15-Sep-17,2420,CE,0,0,0,55.35,34.4,0,0,0,0,17-Apr-17
OPTIDX,S&P500,15-Sep-17,2425,CE,0,0,0,60.25,32.5,0,0,0,0,17-Apr-17
OPTIDX,S&P500,15-Sep-17,2430,CE,0,0,0,50.8,30.65,0,0,0,0,17-Apr-17
OPTIDX,S&P500,15-Sep-17,2435,CE,0,0,0,55.35,28.9,0,0,0,0,17-Apr-17
OPTIDX,S&P500,15-Sep-17,2440,CE,0,0,0,50.4,27.25,0,0,0,0,17-Apr-17
OPTIDX,S&P500,15-Sep-17,2445,CE,0,0,0,50.7,25.6,0,0,0,0,17-Apr-17
OPTIDX,S&P500,15-Sep-17,2450,CE,0,0,0,52.15,24.1,0,0,0,0,17-Apr-17
OPTIDX,S&P500,15-Sep-17,2455,CE,0,0,0,53.3,22.65,0,0,0,0,17-Apr-17
OPTIDX,S&P500,15-Sep-17,2460,CE,0,0,0,46.9,21.25,0,0,0,0,17-Apr-17
OPTIDX,S&P500,15-Sep-17,2465,CE,0,0,0,48.75,19.9,0,0,0,0,17-Apr-17
OPTIDX,S&P500,15-Sep-17,2470,CE,0,0,0,42.45,18.75,0,0,0,0,17-Apr-17
OPTIDX,S&P500,15-Sep-17,2475,CE,0,0,0,51.95,17.55,0,0,0,0,17-Apr-17
OPTIDX,S&P500,15-Sep-17,2480,CE,0,0,0,57.7,16.3,0,0,0,0,17-Apr-17
OPTIDX,S&P500,15-Sep-17,2485,CE,0,0,0,47.15,15.25,0,0,0,0,17-Apr-17
OPTIDX,S&P500,15-Sep-17,2495,CE,0,0,0,42.65,13.25,0,0,0,0,17-Apr-17
OPTIDX,S&P500,15-Sep-17,1985,PE,0,0,0,8.95,0,0,0,0,0,17-Apr-17
OPTIDX,S&P500,15-Sep-17,1990,PE,0,0,0,10.05,0,0,0,0,0,17-Apr-17
OPTIDX,S&P500,15-Sep-17,1995,PE,0,0,0,10.1,0,0,0,0,0,17-Apr-17
OPTIDX,S&P500,15-Sep-17,2000,PE,0,0,0,10.5,0,0,0,0,0,17-Apr-17
OPTIDX,S&P500,15-Sep-17,2005,PE,0,0,0,11.35,0.05,0,0,0,0,17-Apr-17
OPTIDX,S&P500,15-Sep-17,2010,PE,0,0,0,9.5,0.05,0,0,0,0,17-Apr-17
OPTIDX,S&P500,15-Sep-17,2015,PE,0,0,0,12.75,0.05,0,0,0,0,17-Apr-17
OPTIDX,S&P500,15-Sep-17,2020,PE,0,0,0,10.65,0.05,0,0,0,0,17-Apr-17
OPTIDX,S&P500,15-Sep-17,2025,PE,0,0,0,17.2,0.05,0,0,0,0,17-Apr-17
OPTIDX,S&P500,15-Sep-17,2030,PE,0,0,0,11.95,0.05,0,0,0,0,17-Apr-17
OPTIDX,S&P500,15-Sep-17,2035,PE,0,0,0,21.05,0.05,0,0,0,0,17-Apr-17
OPTIDX,S&P500,15-Sep-17,2040,PE,0,0,0,28.15,0.05,0,0,0,0,17-Apr-17
OPTIDX,S&P500,15-Sep-17,2045,PE,0,0,0,29.4,0.05,0,0,0,0,17-Apr-17
OPTIDX,S&P500,15-Sep-17,2050,PE,0,0,0,30.15,0.05,0,0,0,0,17-Apr-17
OPTIDX,S&P500,15-Sep-17,2055,PE,0,0,0,31.45,0.05,0,0,0,0,17-Apr-17
OPTIDX,S&P500,15-Sep-17,2060,PE,0,0,0,32.3,0.05,0,0,0,0,17-Apr-17
OPTIDX,S&P500,15-Sep-17,2065,PE,0,0,0,33.55,0.05,0,0,0,0,17-Apr-17
OPTIDX,S&P500,15-Sep-17,2070,PE,0,0,0,34.5,0.1,0,0,0,0,17-Apr-17
OPTIDX,S&P500,15-Sep-17,2075,PE,0,0,0,35.8,0.1,0,0,0,0,17-Apr-17
OPTIDX,S&P500,15-Sep-17,2080,PE,0,0,0,36.9,0.1,0,0,0,0,17-Apr-17
OPTIDX,S&P500,15-Sep-17,2085,PE,0,0,0,38.2,0.1,0,0,0,0,17-Apr-17
OPTIDX,S&P500,15-Sep-17,2090,PE,0,0,0,39.4,0.15,0,0,0,0,17-Apr-17
OPTIDX,S&P500,15-Sep-17,2095,PE,0,0,0,40.65,0.15,0,0,0,0,17-Apr-17
OPTIDX,S&P500,15-Sep-17,2100,PE,0,0,0,41.9,0.15,0,0,0,0,17-Apr-17
OPTIDX,S&P500,15-Sep-17,2105,PE,0,0,0,43.2,0.2,0,0,0,0,17-Apr-17
OPTIDX,S&P500,15-Sep-17,2110,PE,0,0,0,44.5,0.25,0,0,0,0,17-Apr-17
OPTIDX,S&P500,15-Sep-17,2115,PE,0,0,0,45.85,0.25,0,0,0,0,17-Apr-17
OPTIDX,S&P500,15-Sep-17,2120,PE,0,0,0,47.2,0.3,0,0,0,0,17-Apr-17
OPTIDX,S&P500,15-Sep-17,2125,PE,0,0,0,48.5,0.35,0,0,0,0,17-Apr-17
OPTIDX,S&P500,15-Sep-17,2130,PE,0,0,0,49.95,0.4,0,0,0,0,17-Apr-17
OPTIDX,S&P500,15-Sep-17,2135,PE,0,0,0,51.4,0.45,0,0,0,0,17-Apr-17
OPTIDX,S&P500,15-Sep-17,2140,PE,0,0,0,52.9,0.5,0,0,0,0,17-Apr-17
OPTIDX,S&P500,15-Sep-17,2145,PE,0,0,0,54.4,0.6,0,0,0,0,17-Apr-17
OPTIDX,S&P500,15-Sep-17,2150,PE,0,0,0,55.95,0.65,0,0,0,0,17-Apr-17
OPTIDX,S&P500,15-Sep-17,2155,PE,0,0,0,57.55,0.75,0,0,0,0,17-Apr-17
OPTIDX,S&P500,15-Sep-17,2160,PE,0,0,0,59.15,0.85,0,0,0,0,17-Apr-17
OPTIDX,S&P500,15-Sep-17,2165,PE,0,0,0,60.75,0.95,0,0,0,0,17-Apr-17
OPTIDX,S&P500,15-Sep-17,2170,PE,0,0,0,62.45,1.1,0,0,0,0,17-Apr-17
OPTIDX,S&P500,15-Sep-17,2175,PE,0,0,0,64.1,1.2,0,0,0,0,17-Apr-17
OPTIDX,S&P500,15-Sep-17,2180,PE,0,0,0,65.85,1.35,0,0,0,0,17-Apr-17
OPTIDX,S&P500,15-Sep-17,2185,PE,0,0,0,67.6,1.55,0,0,0,0,17-Apr-17
OPTIDX,S&P500,15-Sep-17,2190,PE,0,0,0,69.35,1.7,0,0,0,0,17-Apr-17
OPTIDX,S&P500,15-Sep-17,2195,PE,0,0,0,71.2,1.95,0,0,0,0,17-Apr-17
OPTIDX,S&P500,15-Sep-17,2200,PE,0,0,0,73.05,2.15,0,0,0,0,17-Apr-17
OPTIDX,S&P500,15-Sep-17,2205,PE,0,0,0,74.9,2.4,0,0,0,0,17-Apr-17
OPTIDX,S&P500,15-Sep-17,2210,PE,0,0,0,77.35,2.7,0,0,0,0,17-Apr-17
OPTIDX,S&P500,15-Sep-17,2215,PE,0,0,0,78.75,3,0,0,0,0,17-Apr-17
OPTIDX,S&P500,15-Sep-17,2220,PE,0,0,0,81.3,3.3,0,0,0,0,17-Apr-17
OPTIDX,S&P500,15-Sep-17,2225,PE,0,0,0,82.7,3.65,0,0,0,0,17-Apr-17
OPTIDX,S&P500,15-Sep-17,2230,PE,0,0,0,85.4,4.05,0,0,0,0,17-Apr-17
OPTIDX,S&P500,15-Sep-17,2235,PE,0,0,0,86.75,4.45,0,0,0,0,17-Apr-17
OPTIDX,S&P500,15-Sep-17,2240,PE,0,0,0,89.65,4.95,0,0,0,0,17-Apr-17
OPTIDX,S&P500,15-Sep-17,2245,PE,0,0,0,90.95,5.45,0,0,0,0,17-Apr-17
OPTIDX,S&P500,15-Sep-17,2250,PE,0,0,0,84.9,5.95,0,0,0,0,17-Apr-17
OPTIDX,S&P500,15-Sep-17,2255,PE,0,0,0,85.4,6.55,0,0,0,0,17-Apr-17
OPTIDX,S&P500,15-Sep-17,2260,PE,0,0,0,89.15,7.15,0,0,0,0,17-Apr-17
OPTIDX,S&P500,15-Sep-17,2265,PE,0,0,0,89.65,7.8,0,0,0,0,17-Apr-17
OPTIDX,S&P500,15-Sep-17,2270,PE,0,0,0,87.5,8.55,0,0,0,0,17-Apr-17
OPTIDX,S&P500,15-Sep-17,2275,PE,0,0,0,87.8,9.3,0,0,0,0,17-Apr-17
OPTIDX,S&P500,15-Sep-17,2280,PE,0,0,0,95,10.1,0,0,0,0,17-Apr-17
OPTIDX,S&P500,15-Sep-17,2285,PE,0,0,0,90.3,11,0,0,0,0,17-Apr-17
OPTIDX,S&P500,15-Sep-17,2290,PE,0,0,0,86.45,11.9,0,0,0,0,17-Apr-17
OPTIDX,S&P500,15-Sep-17,2295,PE,0,0,0,84.45,12.9,0,0,0,0,17-Apr-17
OPTIDX,S&P500,15-Sep-17,2300,PE,0,0,0,91.1,13.95,0,0,0,0,17-Apr-17
OPTIDX,S&P500,15-Sep-17,2305,PE,0,0,0,89.15,15.05,0,0,0,0,17-Apr-17
OPTIDX,S&P500,15-Sep-17,2310,PE,0,0,0,70.65,16.25,0,0,0,0,17-Apr-17
OPTIDX,S&P500,15-Sep-17,2315,PE,0,0,0,81.55,17.55,0,0,0,0,17-Apr-17
OPTIDX,S&P500,15-Sep-17,2320,PE,0,0,0,72.9,18.8,0,0,0,0,17-Apr-17
OPTIDX,S&P500,15-Sep-17,2325,PE,0,0,0,70.9,20.15,0,0,0,0,17-Apr-17
OPTIDX,S&P500,15-Sep-17,2330,PE,0,0,0,77.35,21.6,0,0,0,0,17-Apr-17
OPTIDX,S&P500,15-Sep-17,2335,PE,0,0,0,75.35,23.15,0,0,0,0,17-Apr-17
OPTIDX,S&P500,15-Sep-17,2340,PE,0,0,0,81.95,24.75,0,0,0,0,17-Apr-17
OPTIDX,S&P500,15-Sep-17,2345,PE,0,0,0,80,26.45,0,0,0,0,17-Apr-17
OPTIDX,S&P500,15-Sep-17,2350,PE,0,0,0,76.45,28.2,0,0,0,0,17-Apr-17
OPTIDX,S&P500,15-Sep-17,2355,PE,0,0,0,77.85,30.05,0,0,0,0,17-Apr-17
OPTIDX,S&P500,15-Sep-17,2360,PE,0,0,0,81.1,31.95,0,0,0,0,17-Apr-17
OPTIDX,S&P500,15-Sep-17,2365,PE,0,0,0,77.35,33.95,0,0,0,0,17-Apr-17
OPTIDX,S&P500,15-Sep-17,2370,PE,0,0,0,79.25,36,0,0,0,0,17-Apr-17
OPTIDX,S&P500,15-Sep-17,2375,PE,0,0,0,65.7,38.2,0,0,0,0,17-Apr-17
OPTIDX,S&P500,15-Sep-17,2380,PE,0,0,0,57.45,40.4,0,0,0,0,17-Apr-17
OPTIDX,S&P500,15-Sep-17,2385,PE,0,0,0,55.6,42.75,0,0,0,0,17-Apr-17
OPTIDX,S&P500,15-Sep-17,2390,PE,0,0,0,49.85,45.15,0,0,0,0,17-Apr-17
OPTIDX,S&P500,15-Sep-17,2395,PE,0,0,0,60.4,47.6,0,0,0,0,17-Apr-17
OPTIDX,S&P500,15-Sep-17,2400,PE,0,0,0,54.65,50.2,0,0,0,0,17-Apr-17
OPTIDX,S&P500,15-Sep-17,2405,PE,0,0,0,52.85,52.8,0,0,0,0,17-Apr-17
OPTIDX,S&P500,15-Sep-17,2410,PE,0,0,0,59.75,55.55,0,0,0,0,17-Apr-17
OPTIDX,S&P500,15-Sep-17,2415,PE,0,0,0,57.85,58.35,0,0,0,0,17-Apr-17
OPTIDX,S&P500,15-Sep-17,2420,PE,0,0,0,55.5,61.25,0,0,0,0,17-Apr-17
OPTIDX,S&P500,15-Sep-17,2425,PE,0,0,0,48.65,64.2,0,0,0,0,17-Apr-17
OPTIDX,S&P500,15-Sep-17,2430,PE,0,0,0,60.6,67.25,0,0,0,0,17-Apr-17
OPTIDX,S&P500,15-Sep-17,2435,PE,0,0,0,53.35,70.35,0,0,0,0,17-Apr-17
OPTIDX,S&P500,15-Sep-17,2440,PE,0,0,0,61.05,73.55,0,0,0,0,17-Apr-17
OPTIDX,S&P500,15-Sep-17,2445,PE,0,0,0,58.4,76.8,0,0,0,0,17-Apr-17
OPTIDX,S&P500,15-Sep-17,2450,PE,0,0,0,61.2,80.15,0,0,0,0,17-Apr-17
OPTIDX,S&P500,15-Sep-17,2455,PE,0,0,0,54.1,83.55,0,0,0,0,17-Apr-17
OPTIDX,S&P500,15-Sep-17,2460,PE,0,0,0,51,87,0,0,0,0,17-Apr-17
OPTIDX,S&P500,15-Sep-17,2465,PE,0,0,0,59.2,90.55,0,0,0,0,17-Apr-17
OPTIDX,S&P500,15-Sep-17,2470,PE,0,0,0,56.2,94.25,0,0,0,0,17-Apr-17
OPTIDX,S&P500,15-Sep-17,2475,PE,0,0,0,44.9,97.95,0,0,0,0,17-Apr-17
OPTIDX,S&P500,15-Sep-17,2480,PE,0,0,0,70.8,101.55,0,0,0,0,17-Apr-17
OPTIDX,S&P500,15-Sep-17,2485,PE,0,0,0,49.75,105.35,0,0,0,0,17-Apr-17
OPTIDX,S&P500,15-Sep-17,2495,PE,0,0,0,54.9,113.1,0,0,0,0,17-Apr-17
OPTIDX,S&P500,15-Dec-17,2140,CE,0,0,0,237.35,280.35,0,0,0,0,17-Apr-17
OPTIDX,S&P500,15-Dec-17,2150,CE,0,0,0,241.6,271,0,0,0,0,17-Apr-17
OPTIDX,S&P500,15-Dec-17,2160,CE,0,0,0,254.3,261.7,0,0,0,0,17-Apr-17
OPTIDX,S&P500,15-Dec-17,2165,CE,0,0,0,247.25,257.1,0,0,0,0,17-Apr-17
OPTIDX,S&P500,15-Dec-17,2170,CE,0,0,0,246.6,252.5,0,0,0,0,17-Apr-17
OPTIDX,S&P500,15-Dec-17,2175,CE,0,0,0,239.4,247.9,0,0,0,0,17-Apr-17
OPTIDX,S&P500,15-Dec-17,2180,CE,0,0,0,239,243.3,0,0,0,0,17-Apr-17
OPTIDX,S&P500,15-Dec-17,2185,CE,0,0,0,231.7,238.75,0,0,0,0,17-Apr-17
OPTIDX,S&P500,15-Dec-17,2190,CE,0,0,0,231.5,234.2,0,0,0,0,17-Apr-17
OPTIDX,S&P500,15-Dec-17,2195,CE,0,0,0,224.15,229.65,0,0,0,0,17-Apr-17
OPTIDX,S&P500,15-Dec-17,2200,CE,0,0,0,224.15,225.15,0,0,0,0,17-Apr-17
OPTIDX,S&P500,15-Dec-17,2205,CE,0,0,0,220.5,220.65,0,0,0,0,17-Apr-17
OPTIDX,S&P500,15-Dec-17,2210,CE,0,0,0,216.85,216.2,0,0,0,0,17-Apr-17
OPTIDX,S&P500,15-Dec-17,2215,CE,0,0,0,213.25,211.75,0,0,0,0,17-Apr-17
OPTIDX,S&P500,15-Dec-17,2220,CE,0,0,0,209.7,207.3,0,0,0,0,17-Apr-17
OPTIDX,S&P500,15-Dec-17,2225,CE,0,0,0,206.2,202.9,0,0,0,0,17-Apr-17
OPTIDX,S&P500,15-Dec-17,2230,CE,0,0,0,202.75,198.55,0,0,0,0,17-Apr-17
OPTIDX,S&P500,15-Dec-17,2235,CE,0,0,0,199.3,194.2,0,0,0,0,17-Apr-17
OPTIDX,S&P500,15-Dec-17,2240,CE,0,0,0,195.85,189.9,0,0,0,0,17-Apr-17
OPTIDX,S&P500,15-Dec-17,2245,CE,0,0,0,192.45,185.6,0,0,0,0,17-Apr-17
OPTIDX,S&P500,15-Dec-17,2250,CE,0,0,0,189.05,181.35,0,0,0,0,17-Apr-17
OPTIDX,S&P500,15-Dec-17,2255,CE,0,0,0,185.6,177.15,0,0,0,0,17-Apr-17
OPTIDX,S&P500,15-Dec-17,2260,CE,0,0,0,182.3,172.95,0,0,0,0,17-Apr-17
OPTIDX,S&P500,15-Dec-17,2265,CE,0,0,0,179.05,168.8,0,0,0,0,17-Apr-17
OPTIDX,S&P500,15-Dec-17,2270,CE,0,0,0,175.8,164.7,0,0,0,0,17-Apr-17
OPTIDX,S&P500,15-Dec-17,2275,CE,0,0,0,172.6,160.65,0,0,0,0,17-Apr-17
OPTIDX,S&P500,15-Dec-17,2280,CE,0,0,0,169.4,156.6,0,0,0,0,17-Apr-17
OPTIDX,S&P500,15-Dec-17,2285,CE,0,0,0,166.25,152.6,0,0,0,0,17-Apr-17
OPTIDX,S&P500,15-Dec-17,2290,CE,0,0,0,163.15,148.65,0,0,0,0,17-Apr-17
OPTIDX,S&P500,15-Dec-17,2295,CE,0,0,0,160.1,144.75,0,0,0,0,17-Apr-17
OPTIDX,S&P500,15-Dec-17,2300,CE,0,0,0,157.05,140.85,0,0,0,0,17-Apr-17
OPTIDX,S&P500,15-Dec-17,2305,CE,0,0,0,154.05,137.05,0,0,0,0,17-Apr-17
OPTIDX,S&P500,15-Dec-17,2310,CE,0,0,0,151.05,133.3,0,0,0,0,17-Apr-17
OPTIDX,S&P500,15-Dec-17,2315,CE,0,0,0,148.1,129.55,0,0,0,0,17-Apr-17
OPTIDX,S&P500,15-Dec-17,2320,CE,0,0,0,145.2,125.9,0,0,0,0,17-Apr-17
OPTIDX,S&P500,15-Dec-17,2325,CE,0,0,0,137,122.25,0,0,0,0,17-Apr-17
OPTIDX,S&P500,15-Dec-17,2330,CE,0,0,0,139.55,118.75,0,0,0,0,17-Apr-17
OPTIDX,S&P500,15-Dec-17,2335,CE,0,0,0,131.3,115.25,0,0,0,0,17-Apr-17
OPTIDX,S&P500,15-Dec-17,2340,CE,0,0,0,134,111.7,0,0,0,0,17-Apr-17
OPTIDX,S&P500,15-Dec-17,2345,CE,0,0,0,125.7,108.25,0,0,0,0,17-Apr-17
OPTIDX,S&P500,15-Dec-17,2350,CE,0,0,0,128.55,104.9,0,0,0,0,17-Apr-17
OPTIDX,S&P500,15-Dec-17,2355,CE,0,0,0,120.3,101.6,0,0,0,0,17-Apr-17
OPTIDX,S&P500,15-Dec-17,2360,CE,0,0,0,123.3,98.35,0,0,0,0,17-Apr-17
OPTIDX,S&P500,15-Dec-17,2365,CE,0,0,0,115.05,95.2,0,0,0,0,17-Apr-17
OPTIDX,S&P500,15-Dec-17,2370,CE,0,0,0,115.65,92.05,0,0,0,0,17-Apr-17
OPTIDX,S&P500,15-Dec-17,2375,CE,0,0,0,103.35,89,0,0,0,0,17-Apr-17
OPTIDX,S&P500,15-Dec-17,2380,CE,0,0,0,85.8,86,0,0,0,0,17-Apr-17
OPTIDX,S&P500,15-Dec-17,2385,CE,0,0,0,96.45,83.05,0,0,0,0,17-Apr-17
OPTIDX,S&P500,15-Dec-17,2390,CE,0,0,0,90.3,80.2,0,0,0,0,17-Apr-17
OPTIDX,S&P500,15-Dec-17,2395,CE,0,0,0,90.95,77.35,0,0,0,0,17-Apr-17
OPTIDX,S&P500,15-Dec-17,2400,CE,0,0,0,84.75,74.6,0,0,0,0,17-Apr-17
OPTIDX,S&P500,15-Dec-17,2405,CE,0,0,0,86.25,71.9,0,0,0,0,17-Apr-17
OPTIDX,S&P500,15-Dec-17,2410,CE,0,0,0,79.4,69.25,0,0,0,0,17-Apr-17
OPTIDX,S&P500,15-Dec-17,2415,CE,0,0,0,80.8,66.7,0,0,0,0,17-Apr-17
OPTIDX,S&P500,15-Dec-17,2420,CE,0,0,0,86.35,64.2,0,0,0,0,17-Apr-17
OPTIDX,S&P500,15-Dec-17,2425,CE,0,0,0,92.35,61.75,0,0,0,0,17-Apr-17
OPTIDX,S&P500,15-Dec-17,2430,CE,0,0,0,81,59.35,0,0,0,0,17-Apr-17
OPTIDX,S&P500,15-Dec-17,2435,CE,0,0,0,86.7,57,0,0,0,0,17-Apr-17
OPTIDX,S&P500,15-Dec-17,2440,CE,0,0,0,80.65,54.75,0,0,0,0,17-Apr-17
OPTIDX,S&P500,15-Dec-17,2445,CE,0,0,0,81.25,52.55,0,0,0,0,17-Apr-17
OPTIDX,S&P500,15-Dec-17,2450,CE,0,0,0,82.85,50.45,0,0,0,0,17-Apr-17
OPTIDX,S&P500,15-Dec-17,2455,CE,0,0,0,84.55,48.35,0,0,0,0,17-Apr-17
OPTIDX,S&P500,15-Dec-17,2460,CE,0,0,0,77.3,46.35,0,0,0,0,17-Apr-17
OPTIDX,S&P500,15-Dec-17,2465,CE,0,0,0,79.15,44.4,0,0,0,0,17-Apr-17
OPTIDX,S&P500,15-Dec-17,2470,CE,0,0,0,71.95,42.5,0,0,0,0,17-Apr-17
OPTIDX,S&P500,15-Dec-17,2475,CE,0,0,0,83.7,40.65,0,0,0,0,17-Apr-17
OPTIDX,S&P500,15-Dec-17,2480,CE,0,0,0,90.55,38.85,0,0,0,0,17-Apr-17
OPTIDX,S&P500,15-Dec-17,2485,CE,0,0,0,78.05,37.15,0,0,0,0,17-Apr-17
OPTIDX,S&P500,15-Dec-17,2495,CE,0,0,0,72.6,33.9,0,0,0,0,17-Apr-17
OPTIDX,S&P500,15-Dec-17,2140,PE,0,0,0,11.05,1.1,0,0,0,0,17-Apr-17
OPTIDX,S&P500,15-Dec-17,2150,PE,0,0,0,12.4,1.35,0,0,0,0,17-Apr-17
OPTIDX,S&P500,15-Dec-17,2160,PE,0,0,0,19.85,1.65,0,0,0,0,17-Apr-17
OPTIDX,S&P500,15-Dec-17,2165,PE,0,0,0,17.25,1.8,0,0,0,0,17-Apr-17
OPTIDX,S&P500,15-Dec-17,2170,PE,0,0,0,21.55,2,0,0,0,0,17-Apr-17
OPTIDX,S&P500,15-Dec-17,2175,PE,0,0,0,18.85,2.2,0,0,0,0,17-Apr-17
OPTIDX,S&P500,15-Dec-17,2180,PE,0,0,0,23.3,2.4,0,0,0,0,17-Apr-17
OPTIDX,S&P500,15-Dec-17,2185,PE,0,0,0,20.55,2.6,0,0,0,0,17-Apr-17
OPTIDX,S&P500,15-Dec-17,2190,PE,0,0,0,25.2,2.85,0,0,0,0,17-Apr-17
OPTIDX,S&P500,15-Dec-17,2195,PE,0,0,0,22.3,3.1,0,0,0,0,17-Apr-17
OPTIDX,S&P500,15-Dec-17,2200,PE,0,0,0,27.2,3.4,0,0,0,0,17-Apr-17
OPTIDX,S&P500,15-Dec-17,2205,PE,0,0,0,28.25,3.7,0,0,0,0,17-Apr-17
OPTIDX,S&P500,15-Dec-17,2210,PE,0,0,0,29.35,4,0,0,0,0,17-Apr-17
OPTIDX,S&P500,15-Dec-17,2215,PE,0,0,0,30.45,4.35,0,0,0,0,17-Apr-17
OPTIDX,S&P500,15-Dec-17,2220,PE,0,0,0,31.55,4.75,0,0,0,0,17-Apr-17
OPTIDX,S&P500,15-Dec-17,2225,PE,0,0,0,32.75,5.1,0,0,0,0,17-Apr-17
OPTIDX,S&P500,15-Dec-17,2230,PE,0,0,0,34,5.55,0,0,0,0,17-Apr-17
OPTIDX,S&P500,15-Dec-17,2235,PE,0,0,0,35.2,6,0,0,0,0,17-Apr-17
OPTIDX,S&P500,15-Dec-17,2240,PE,0,0,0,36.45,6.45,0,0,0,0,17-Apr-17
OPTIDX,S&P500,15-Dec-17,2245,PE,0,0,0,37.75,6.95,0,0,0,0,17-Apr-17
OPTIDX,S&P500,15-Dec-17,2250,PE,0,0,0,39.05,7.5,0,0,0,0,17-Apr-17
OPTIDX,S&P500,15-Dec-17,2255,PE,0,0,0,40.3,8.1,0,0,0,0,17-Apr-17
OPTIDX,S&P500,15-Dec-17,2260,PE,0,0,0,41.7,8.7,0,0,0,0,17-Apr-17
OPTIDX,S&P500,15-Dec-17,2265,PE,0,0,0,43.1,9.35,0,0,0,0,17-Apr-17
OPTIDX,S&P500,15-Dec-17,2270,PE,0,0,0,44.55,10,0,0,0,0,17-Apr-17
OPTIDX,S&P500,15-Dec-17,2275,PE,0,0,0,46.05,10.7,0,0,0,0,17-Apr-17
OPTIDX,S&P500,15-Dec-17,2280,PE,0,0,0,47.55,11.45,0,0,0,0,17-Apr-17
OPTIDX,S&P500,15-Dec-17,2285,PE,0,0,0,49.1,12.25,0,0,0,0,17-Apr-17
OPTIDX,S&P500,15-Dec-17,2290,PE,0,0,0,50.7,13.1,0,0,0,0,17-Apr-17
OPTIDX,S&P500,15-Dec-17,2295,PE,0,0,0,52.35,14,0,0,0,0,17-Apr-17
OPTIDX,S&P500,15-Dec-17,2300,PE,0,0,0,54,14.9,0,0,0,0,17-Apr-17
OPTIDX,S&P500,15-Dec-17,2305,PE,0,0,0,55.65,15.9,0,0,0,0,17-Apr-17
OPTIDX,S&P500,15-Dec-17,2310,PE,0,0,0,57.4,16.9,0,0,0,0,17-Apr-17
OPTIDX,S&P500,15-Dec-17,2315,PE,0,0,0,59.15,17.95,0,0,0,0,17-Apr-17
OPTIDX,S&P500,15-Dec-17,2320,PE,0,0,0,60.95,19.05,0,0,0,0,17-Apr-17
OPTIDX,S&P500,15-Dec-17,2325,PE,0,0,0,57.25,20.25,0,0,0,0,17-Apr-17
OPTIDX,S&P500,15-Dec-17,2330,PE,0,0,0,64.65,21.55,0,0,0,0,17-Apr-17
OPTIDX,S&P500,15-Dec-17,2335,PE,0,0,0,60.9,22.8,0,0,0,0,17-Apr-17
OPTIDX,S&P500,15-Dec-17,2340,PE,0,0,0,68.45,24,0,0,0,0,17-Apr-17
OPTIDX,S&P500,15-Dec-17,2345,PE,0,0,0,64.75,25.4,0,0,0,0,17-Apr-17
OPTIDX,S&P500,15-Dec-17,2350,PE,0,0,0,72.45,26.85,0,0,0,0,17-Apr-17
OPTIDX,S&P500,15-Dec-17,2355,PE,0,0,0,68.7,28.35,0,0,0,0,17-Apr-17
OPTIDX,S&P500,15-Dec-17,2360,PE,0,0,0,76.55,29.9,0,0,0,0,17-Apr-17
OPTIDX,S&P500,15-Dec-17,2365,PE,0,0,0,72.85,31.5,0,0,0,0,17-Apr-17
OPTIDX,S&P500,15-Dec-17,2370,PE,0,0,0,70.1,33.15,0,0,0,0,17-Apr-17
OPTIDX,S&P500,15-Dec-17,2375,PE,0,0,0,59.95,34.9,0,0,0,0,17-Apr-17
OPTIDX,S&P500,15-Dec-17,2380,PE,0,0,0,49.9,36.65,0,0,0,0,17-Apr-17
OPTIDX,S&P500,15-Dec-17,2385,PE,0,0,0,49.5,38.5,0,0,0,0,17-Apr-17
OPTIDX,S&P500,15-Dec-17,2390,PE,0,0,0,43.6,40.4,0,0,0,0,17-Apr-17
OPTIDX,S&P500,15-Dec-17,2395,PE,0,0,0,53.45,42.4,0,0,0,0,17-Apr-17
OPTIDX,S&P500,15-Dec-17,2400,PE,0,0,0,47.5,44.4,0,0,0,0,17-Apr-17
OPTIDX,S&P500,15-Dec-17,2405,PE,0,0,0,45.9,46.5,0,0,0,0,17-Apr-17
OPTIDX,S&P500,15-Dec-17,2410,PE,0,0,0,51.6,48.65,0,0,0,0,17-Apr-17
OPTIDX,S&P500,15-Dec-17,2415,PE,0,0,0,49.95,50.9,0,0,0,0,17-Apr-17
OPTIDX,S&P500,15-Dec-17,2420,PE,0,0,0,48.45,53.15,0,0,0,0,17-Apr-17
OPTIDX,S&P500,15-Dec-17,2425,PE,0,0,0,42.7,55.5,0,0,0,0,17-Apr-17
OPTIDX,S&P500,15-Dec-17,2430,PE,0,0,0,52.6,57.9,0,0,0,0,17-Apr-17
OPTIDX,S&P500,15-Dec-17,2435,PE,0,0,0,46.5,60.35,0,0,0,0,17-Apr-17
OPTIDX,S&P500,15-Dec-17,2440,PE,0,0,0,53,62.9,0,0,0,0,17-Apr-17
OPTIDX,S&P500,15-Dec-17,2445,PE,0,0,0,50.55,65.5,0,0,0,0,17-Apr-17
OPTIDX,S&P500,15-Dec-17,2450,PE,0,0,0,53.4,68.15,0,0,0,0,17-Apr-17
OPTIDX,S&P500,15-Dec-17,2455,PE,0,0,0,46.95,70.85,0,0,0,0,17-Apr-17
OPTIDX,S&P500,15-Dec-17,2460,PE,0,0,0,43,73.65,0,0,0,0,17-Apr-17
OPTIDX,S&P500,15-Dec-17,2465,PE,0,0,0,51.05,76.45,0,0,0,0,17-Apr-17
OPTIDX,S&P500,15-Dec-17,2470,PE,0,0,0,47.1,79.35,0,0,0,0,17-Apr-17
OPTIDX,S&P500,15-Dec-17,2475,PE,0,0,0,37.9,82.3,0,0,0,0,17-Apr-17
OPTIDX,S&P500,15-Dec-17,2480,PE,0,0,0,64.8,85.3,0,0,0,0,17-Apr-17
OPTIDX,S&P500,15-Dec-17,2485,PE,0,0,0,41.7,88.4,0,0,0,0,17-Apr-17
OPTIDX,S&P500,15-Dec-17,2495,PE,0,0,0,45.75,94.7,0,0,0,0,17-Apr-17
OPTIDX,S&P500,16-Mar-18,2240,CE,0,0,0,249.1,225,0,0,0,0,17-Apr-17
OPTIDX,S&P500,16-Mar-18,2245,CE,0,0,0,254.7,220.8,0,0,0,0,17-Apr-17
OPTIDX,S&P500,16-Mar-18,2250,CE,0,0,0,253,216.6,0,0,0,0,17-Apr-17
OPTIDX,S&P500,16-Mar-18,2255,CE,0,0,0,246.7,212.4,0,0,0,0,17-Apr-17
OPTIDX,S&P500,16-Mar-18,2260,CE,0,0,0,244.95,208.25,0,0,0,0,17-Apr-17
OPTIDX,S&P500,16-Mar-18,2265,CE,0,0,0,238.85,204.1,0,0,0,0,17-Apr-17
OPTIDX,S&P500,16-Mar-18,2270,CE,0,0,0,237.05,200,0,0,0,0,17-Apr-17
OPTIDX,S&P500,16-Mar-18,2275,CE,0,0,0,249.25,195.95,0,0,0,0,17-Apr-17
OPTIDX,S&P500,16-Mar-18,2280,CE,0,0,0,253.6,191.9,0,0,0,0,17-Apr-17
OPTIDX,S&P500,16-Mar-18,2285,CE,0,0,0,240.85,187.9,0,0,0,0,17-Apr-17
OPTIDX,S&P500,16-Mar-18,2290,CE,0,0,0,245.3,183.95,0,0,0,0,17-Apr-17
OPTIDX,S&P500,16-Mar-18,2295,CE,0,0,0,232.55,180,0,0,0,0,17-Apr-17
OPTIDX,S&P500,16-Mar-18,2300,CE,0,0,0,237.1,176.1,0,0,0,0,17-Apr-17
OPTIDX,S&P500,16-Mar-18,2305,CE,0,0,0,224.35,172.25,0,0,0,0,17-Apr-17
OPTIDX,S&P500,16-Mar-18,2310,CE,0,0,0,229,168.4,0,0,0,0,17-Apr-17
OPTIDX,S&P500,16-Mar-18,2315,CE,0,0,0,216.25,164.6,0,0,0,0,17-Apr-17
OPTIDX,S&P500,16-Mar-18,2320,CE,0,0,0,221,160.85,0,0,0,0,17-Apr-17
OPTIDX,S&P500,16-Mar-18,2325,CE,0,0,0,217.05,157.15,0,0,0,0,17-Apr-17
OPTIDX,S&P500,16-Mar-18,2330,CE,0,0,0,213.15,153.45,0,0,0,0,17-Apr-17
OPTIDX,S&P500,16-Mar-18,2335,CE,0,0,0,209.25,149.8,0,0,0,0,17-Apr-17
OPTIDX,S&P500,16-Mar-18,2340,CE,0,0,0,205.4,146.25,0,0,0,0,17-Apr-17
OPTIDX,S&P500,16-Mar-18,2345,CE,0,0,0,201.55,142.65,0,0,0,0,17-Apr-17
OPTIDX,S&P500,16-Mar-18,2350,CE,0,0,0,197.75,139.25,0,0,0,0,17-Apr-17
OPTIDX,S&P500,16-Mar-18,2355,CE,0,0,0,194,135.8,0,0,0,0,17-Apr-17
OPTIDX,S&P500,16-Mar-18,2360,CE,0,0,0,190.25,132.25,0,0,0,0,17-Apr-17
OPTIDX,S&P500,16-Mar-18,2365,CE,0,0,0,186.55,128.9,0,0,0,0,17-Apr-17
OPTIDX,S&P500,16-Mar-18,2370,CE,0,0,0,182.85,125.55,0,0,0,0,17-Apr-17
OPTIDX,S&P500,16-Mar-18,2375,CE,0,0,0,179.25,122.25,0,0,0,0,17-Apr-17
OPTIDX,S&P500,16-Mar-18,2380,CE,0,0,0,175.6,119.05,0,0,0,0,17-Apr-17
OPTIDX,S&P500,16-Mar-18,2385,CE,0,0,0,172.05,115.85,0,0,0,0,17-Apr-17
OPTIDX,S&P500,16-Mar-18,2390,CE,0,0,0,168.5,112.7,0,0,0,0,17-Apr-17
OPTIDX,S&P500,16-Mar-18,2395,CE,0,0,0,165.1,109.6,0,0,0,0,17-Apr-17
OPTIDX,S&P500,16-Mar-18,2400,CE,0,0,0,161.65,106.6,0,0,0,0,17-Apr-17
OPTIDX,S&P500,16-Mar-18,2405,CE,0,0,0,158.2,103.6,0,0,0,0,17-Apr-17
OPTIDX,S&P500,16-Mar-18,2410,CE,0,0,0,154.75,100.65,0,0,0,0,17-Apr-17
OPTIDX,S&P500,16-Mar-18,2415,CE,0,0,0,151.4,97.75,0,0,0,0,17-Apr-17
OPTIDX,S&P500,16-Mar-18,2420,CE,0,0,0,148.1,94.9,0,0,0,0,17-Apr-17
OPTIDX,S&P500,16-Mar-18,2425,CE,0,0,0,144.8,92.15,0,0,0,0,17-Apr-17
OPTIDX,S&P500,16-Mar-18,2430,CE,0,0,0,141.6,89.4,0,0,0,0,17-Apr-17
OPTIDX,S&P500,16-Mar-18,2435,CE,0,0,0,138.4,86.7,0,0,0,0,17-Apr-17
OPTIDX,S&P500,16-Mar-18,2440,CE,0,0,0,135.25,84.1,0,0,0,0,17-Apr-17
OPTIDX,S&P500,16-Mar-18,2445,CE,0,0,0,123.2,81.5,0,0,0,0,17-Apr-17
OPTIDX,S&P500,16-Mar-18,2450,CE,0,0,0,129.1,78.95,0,0,0,0,17-Apr-17
OPTIDX,S&P500,16-Mar-18,2455,CE,0,0,0,117.2,76.5,0,0,0,0,17-Apr-17
OPTIDX,S&P500,16-Mar-18,2460,CE,0,0,0,123.1,74.05,0,0,0,0,17-Apr-17
OPTIDX,S&P500,16-Mar-18,2465,CE,0,0,0,111.3,71.65,0,0,0,0,17-Apr-17
OPTIDX,S&P500,16-Mar-18,2470,CE,0,0,0,117.3,69.35,0,0,0,0,17-Apr-17
OPTIDX,S&P500,16-Mar-18,2475,CE,0,0,0,105.65,67.05,0,0,0,0,17-Apr-17
OPTIDX,S&P500,16-Mar-18,2480,CE,0,0,0,111.6,64.85,0,0,0,0,17-Apr-17
OPTIDX,S&P500,16-Mar-18,2240,PE,0,0,0,9.6,7.1,0,0,0,0,17-Apr-17
OPTIDX,S&P500,16-Mar-18,2245,PE,0,0,0,14.55,7.55,0,0,0,0,17-Apr-17
OPTIDX,S&P500,16-Mar-18,2250,PE,0,0,0,13.5,8.1,0,0,0,0,17-Apr-17
OPTIDX,S&P500,16-Mar-18,2255,PE,0,0,0,15.95,8.6,0,0,0,0,17-Apr-17
OPTIDX,S&P500,16-Mar-18,2260,PE,0,0,0,14.85,9.15,0,0,0,0,17-Apr-17
OPTIDX,S&P500,16-Mar-18,2265,PE,0,0,0,17.45,9.75,0,0,0,0,17-Apr-17
OPTIDX,S&P500,16-Mar-18,2270,PE,0,0,0,16.3,10.35,0,0,0,0,17-Apr-17
OPTIDX,S&P500,16-Mar-18,2275,PE,0,0,0,7.85,11,0,0,0,0,17-Apr-17
OPTIDX,S&P500,16-Mar-18,2280,PE,0,0,0,9.45,11.7,0,0,0,0,17-Apr-17
OPTIDX,S&P500,16-Mar-18,2285,PE,0,0,0,8.8,12.4,0,0,0,0,17-Apr-17
OPTIDX,S&P500,16-Mar-18,2290,PE,0,0,0,10.5,13.15,0,0,0,0,17-Apr-17
OPTIDX,S&P500,16-Mar-18,2295,PE,0,0,0,9.85,13.9,0,0,0,0,17-Apr-17
OPTIDX,S&P500,16-Mar-18,2300,PE,0,0,0,11.7,14.7,0,0,0,0,17-Apr-17
OPTIDX,S&P500,16-Mar-18,2305,PE,0,0,0,11.05,15.55,0,0,0,0,17-Apr-17
OPTIDX,S&P500,16-Mar-18,2310,PE,0,0,0,13,16.45,0,0,0,0,17-Apr-17
OPTIDX,S&P500,16-Mar-18,2315,PE,0,0,0,12.3,17.35,0,0,0,0,17-Apr-17
OPTIDX,S&P500,16-Mar-18,2320,PE,0,0,0,14.35,18.3,0,0,0,0,17-Apr-17
OPTIDX,S&P500,16-Mar-18,2325,PE,0,0,0,15.1,19.3,0,0,0,0,17-Apr-17
OPTIDX,S&P500,16-Mar-18,2330,PE,0,0,0,15.85,20.35,0,0,0,0,17-Apr-17
OPTIDX,S&P500,16-Mar-18,2335,PE,0,0,0,16.65,21.45,0,0,0,0,17-Apr-17
OPTIDX,S&P500,16-Mar-18,2340,PE,0,0,0,17.5,22.55,0,0,0,0,17-Apr-17
OPTIDX,S&P500,16-Mar-18,2345,PE,0,0,0,18.35,23.7,0,0,0,0,17-Apr-17
OPTIDX,S&P500,16-Mar-18,2350,PE,0,0,0,19.2,25,0,0,0,0,17-Apr-17
OPTIDX,S&P500,16-Mar-18,2355,PE,0,0,0,20.15,26.25,0,0,0,0,17-Apr-17
OPTIDX,S&P500,16-Mar-18,2360,PE,0,0,0,21.1,27.4,0,0,0,0,17-Apr-17
OPTIDX,S&P500,16-Mar-18,2365,PE,0,0,0,22.05,28.75,0,0,0,0,17-Apr-17
OPTIDX,S&P500,16-Mar-18,2370,PE,0,0,0,23.1,30.15,0,0,0,0,17-Apr-17
OPTIDX,S&P500,16-Mar-18,2375,PE,0,0,0,24.15,31.55,0,0,0,0,17-Apr-17
OPTIDX,S&P500,16-Mar-18,2380,PE,0,0,0,25.2,33.05,0,0,0,0,17-Apr-17
OPTIDX,S&P500,16-Mar-18,2385,PE,0,0,0,26.35,34.6,0,0,0,0,17-Apr-17
OPTIDX,S&P500,16-Mar-18,2390,PE,0,0,0,27.5,36.15,0,0,0,0,17-Apr-17
OPTIDX,S&P500,16-Mar-18,2395,PE,0,0,0,28.75,37.8,0,0,0,0,17-Apr-17
OPTIDX,S&P500,16-Mar-18,2400,PE,0,0,0,30,39.45,0,0,0,0,17-Apr-17
OPTIDX,S&P500,16-Mar-18,2405,PE,0,0,0,31.25,41.15,0,0,0,0,17-Apr-17
OPTIDX,S&P500,16-Mar-18,2410,PE,0,0,0,32.45,42.95,0,0,0,0,17-Apr-17
OPTIDX,S&P500,16-Mar-18,2415,PE,0,0,0,33.8,44.75,0,0,0,0,17-Apr-17
OPTIDX,S&P500,16-Mar-18,2420,PE,0,0,0,35.15,46.65,0,0,0,0,17-Apr-17
OPTIDX,S&P500,16-Mar-18,2425,PE,0,0,0,36.6,48.55,0,0,0,0,17-Apr-17
OPTIDX,S&P500,16-Mar-18,2430,PE,0,0,0,38.05,50.55,0,0,0,0,17-Apr-17
OPTIDX,S&P500,16-Mar-18,2435,PE,0,0,0,39.55,52.55,0,0,0,0,17-Apr-17
OPTIDX,S&P500,16-Mar-18,2440,PE,0,0,0,41.1,54.65,0,0,0,0,17-Apr-17
OPTIDX,S&P500,16-Mar-18,2445,PE,0,0,0,41.1,56.75,0,0,0,0,17-Apr-17
OPTIDX,S&P500,16-Mar-18,2450,PE,0,0,0,44.3,58.95,0,0,0,0,17-Apr-17
OPTIDX,S&P500,16-Mar-18,2455,PE,0,0,0,44.45,61.2,0,0,0,0,17-Apr-17
OPTIDX,S&P500,16-Mar-18,2460,PE,0,0,0,47.7,63.45,0,0,0,0,17-Apr-17
OPTIDX,S&P500,16-Mar-18,2465,PE,0,0,0,47.95,65.8,0,0,0,0,17-Apr-17
OPTIDX,S&P500,16-Mar-18,2470,PE,0,0,0,51.25,68.2,0,0,0,0,17-Apr-17
OPTIDX,S&P500,16-Mar-18,2475,PE,0,0,0,51.65,70.6,0,0,0,0,17-Apr-17
OPTIDX,S&P500,16-Mar-18,2480,PE,0,0,0,54.95,73.1,0,0,0,0,17-Apr-17
OPTSTK,ABIRLANUVO,27-Apr-17,850,CE,0,0,0,535.45,701.9,0,0,0,0,17-Apr-17
OPTSTK,ABIRLANUVO,27-Apr-17,900,CE,0,0,0,486.4,652,0,0,0,0,17-Apr-17
OPTSTK,ABIRLANUVO,27-Apr-17,950,CE,0,0,0,437.55,602.05,0,0,0,0,17-Apr-17
OPTSTK,ABIRLANUVO,27-Apr-17,1000,CE,0,0,0,389.25,552.15,0,0,0,0,17-Apr-17
OPTSTK,ABIRLANUVO,27-Apr-17,1050,CE,0,0,0,341.8,502.25,0,0,0,0,17-Apr-17
OPTSTK,ABIRLANUVO,27-Apr-17,1100,CE,0,0,0,295.8,452.35,0,0,0,0,17-Apr-17
OPTSTK,ABIRLANUVO,27-Apr-17,1150,CE,0,0,0,251.9,402.4,0,0,0,0,17-Apr-17
OPTSTK,ABIRLANUVO,27-Apr-17,1200,CE,0,0,0,210.85,352.5,0,0,0,0,17-Apr-17
OPTSTK,ABIRLANUVO,27-Apr-17,1250,CE,0,0,0,173.35,302.6,0,0,0,0,17-Apr-17
OPTSTK,ABIRLANUVO,27-Apr-17,1300,CE,0,0,0,222.5,252.7,0,0,0,0,17-Apr-17
OPTSTK,ABIRLANUVO,27-Apr-17,1350,CE,0,0,0,110.65,202.8,0,0,0,0,17-Apr-17
OPTSTK,ABIRLANUVO,27-Apr-17,1400,CE,0,0,0,85.95,153.15,0,0,0,0,17-Apr-17
OPTSTK,ABIRLANUVO,27-Apr-17,1450,CE,0,0,0,65.55,105.05,0,0,0,0,17-Apr-17
OPTSTK,ABIRLANUVO,27-Apr-17,1500,CE,48.45,48.45,46.75,46.75,46.75,2,12.38,2400,0,17-Apr-17
OPTSTK,ABIRLANUVO,27-Apr-17,1550,CE,29.2,38,26,35.75,35.75,65,411.52,20800,5200,17-Apr-17
OPTSTK,ABIRLANUVO,27-Apr-17,1600,CE,12,17.45,10.2,17.2,17.2,32,206.72,36000,-2000,17-Apr-17
OPTSTK,ABIRLANUVO,27-Apr-17,1650,CE,6.05,6.95,6,6.95,6.95,8,53.01,9600,2400,17-Apr-17
OPTSTK,ABIRLANUVO,27-Apr-17,1700,CE,0,0,0,3,0.75,0,0,15200,0,17-Apr-17
OPTSTK,ABIRLANUVO,27-Apr-17,1750,CE,0,0,0,2.4,0.15,0,0,400,0,17-Apr-17
OPTSTK,ABIRLANUVO,27-Apr-17,1800,CE,0,0,0,6.25,0.05,0,0,0,0,17-Apr-17
OPTSTK,ABIRLANUVO,27-Apr-17,1850,CE,0,0,0,4.2,0,0,0,0,0,17-Apr-17
OPTSTK,ABIRLANUVO,27-Apr-17,850,PE,0,0,0,0.05,0,0,0,0,0,17-Apr-17
OPTSTK,ABIRLANUVO,27-Apr-17,900,PE,0,0,0,0.2,0,0,0,0,0,17-Apr-17
OPTSTK,ABIRLANUVO,27-Apr-17,950,PE,0,0,0,0.55,0,0,0,0,0,17-Apr-17
OPTSTK,ABIRLANUVO,27-Apr-17,1000,PE,0,0,0,1.4,0,0,0,0,0,17-Apr-17
OPTSTK,ABIRLANUVO,27-Apr-17,1050,PE,0,0,0,3.15,0,0,0,0,0,17-Apr-17
OPTSTK,ABIRLANUVO,27-Apr-17,1100,PE,0,0,0,6.3,0,0,0,0,0,17-Apr-17
OPTSTK,ABIRLANUVO,27-Apr-17,1150,PE,0,0,0,11.6,0,0,0,0,0,17-Apr-17
OPTSTK,ABIRLANUVO,27-Apr-17,1200,PE,0,0,0,19.75,0,0,0,0,0,17-Apr-17
OPTSTK,ABIRLANUVO,27-Apr-17,1250,PE,0,0,0,31.45,0,0,0,0,0,17-Apr-17
OPTSTK,ABIRLANUVO,27-Apr-17,1300,PE,0,0,0,47.05,0,0,0,0,0,17-Apr-17
OPTSTK,ABIRLANUVO,27-Apr-17,1350,PE,0,0,0,67.1,0.05,0,0,0,0,17-Apr-17
OPTSTK,ABIRLANUVO,27-Apr-17,1400,PE,0,0,0,2.2,0.3,0,0,4800,0,17-Apr-17
OPTSTK,ABIRLANUVO,27-Apr-17,1450,PE,5.2,5.2,5.2,5.2,5.2,1,5.82,4000,0,17-Apr-17
OPTSTK,ABIRLANUVO,27-Apr-17,1500,PE,13.3,17.25,12,12.35,12.35,10,60.54,14000,800,17-Apr-17
OPTSTK,ABIRLANUVO,27-Apr-17,1550,PE,41,41,29.1,31.5,31.5,7,44.31,8400,0,17-Apr-17
OPTSTK,ABIRLANUVO,27-Apr-17,1600,PE,0,0,0,74.4,58.35,0,0,6400,0,17-Apr-17
OPTSTK,ABIRLANUVO,27-Apr-17,1650,PE,0,0,0,270.2,100.1,0,0,0,0,17-Apr-17
OPTSTK,ABIRLANUVO,27-Apr-17,1700,PE,0,0,0,313.85,147.4,0,0,0,0,17-Apr-17
OPTSTK,ABIRLANUVO,27-Apr-17,1750,PE,0,0,0,359,196.7,0,0,0,0,17-Apr-17
OPTSTK,ABIRLANUVO,27-Apr-17,1800,PE,0,0,0,405.3,246.5,0,0,0,0,17-Apr-17
OPTSTK,ABIRLANUVO,27-Apr-17,1850,PE,0,0,0,452.45,296.4,0,0,0,0,17-Apr-17
OPTSTK,ABIRLANUVO,25-May-17,1000,CE,0,0,0,512.65,557.15,0,0,0,0,17-Apr-17
OPTSTK,ABIRLANUVO,25-May-17,1050,CE,0,0,0,464.6,507.5,0,0,0,0,17-Apr-17
OPTSTK,ABIRLANUVO,25-May-17,1100,CE,0,0,0,417.45,457.85,0,0,0,0,17-Apr-17
OPTSTK,ABIRLANUVO,25-May-17,1150,CE,0,0,0,371.6,408.2,0,0,0,0,17-Apr-17
OPTSTK,ABIRLANUVO,25-May-17,1200,CE,0,0,0,327.5,358.6,0,0,0,0,17-Apr-17
OPTSTK,ABIRLANUVO,25-May-17,1250,CE,0,0,0,285.65,309.15,0,0,0,0,17-Apr-17
OPTSTK,ABIRLANUVO,25-May-17,1300,CE,0,0,0,246.4,260.2,0,0,0,0,17-Apr-17
OPTSTK,ABIRLANUVO,25-May-17,1350,CE,0,0,0,210.25,212.5,0,0,0,0,17-Apr-17
OPTSTK,ABIRLANUVO,25-May-17,1400,CE,0,0,0,177.3,167.25,0,0,0,0,17-Apr-17
OPTSTK,ABIRLANUVO,25-May-17,1450,CE,0,0,0,147.95,126,0,0,0,0,17-Apr-17
OPTSTK,ABIRLANUVO,25-May-17,1500,CE,0,0,0,122.1,90.25,0,0,0,0,17-Apr-17
OPTSTK,ABIRLANUVO,25-May-17,1550,CE,0,0,0,99.7,61.25,0,0,0,0,17-Apr-17
OPTSTK,ABIRLANUVO,25-May-17,1600,CE,0,0,0,30.35,39.25,0,0,2000,0,17-Apr-17
OPTSTK,ABIRLANUVO,25-May-17,1650,CE,0,0,0,64.45,23.7,0,0,0,0,17-Apr-17
OPTSTK,ABIRLANUVO,25-May-17,1700,CE,0,0,0,51.15,13.55,0,0,0,0,17-Apr-17
OPTSTK,ABIRLANUVO,25-May-17,1750,CE,0,0,0,40.25,7.3,0,0,0,0,17-Apr-17
OPTSTK,ABIRLANUVO,25-May-17,1800,CE,0,0,0,31.3,3.7,0,0,0,0,17-Apr-17
OPTSTK,ABIRLANUVO,25-May-17,1850,CE,0,0,0,24.2,1.8,0,0,0,0,17-Apr-17
OPTSTK,ABIRLANUVO,25-May-17,1000,PE,0,0,0,1.1,0,0,0,0,0,17-Apr-17
OPTSTK,ABIRLANUVO,25-May-17,1050,PE,0,0,0,2.3,0,0,0,0,0,17-Apr-17
OPTSTK,ABIRLANUVO,25-May-17,1100,PE,0,0,0,4.35,0,0,0,0,0,17-Apr-17
OPTSTK,ABIRLANUVO,25-May-17,1150,PE,0,0,0,7.75,0.05,0,0,0,0,17-Apr-17
OPTSTK,ABIRLANUVO,25-May-17,1200,PE,0,0,0,12.85,0.1,0,0,0,0,17-Apr-17
OPTSTK,ABIRLANUVO,25-May-17,1250,PE,0,0,0,20.15,0.3,0,0,0,0,17-Apr-17
OPTSTK,ABIRLANUVO,25-May-17,1300,PE,0,0,0,30.15,1.05,0,0,0,0,17-Apr-17
OPTSTK,ABIRLANUVO,25-May-17,1350,PE,0,0,0,43.2,3,0,0,0,0,17-Apr-17
OPTSTK,ABIRLANUVO,25-May-17,1400,PE,0,0,0,59.5,7.4,0,0,0,0,17-Apr-17
OPTSTK,ABIRLANUVO,25-May-17,1450,PE,0,0,0,79.35,15.8,0,0,0,0,17-Apr-17
OPTSTK,ABIRLANUVO,25-May-17,1500,PE,0,0,0,102.7,29.75,0,0,0,0,17-Apr-17
OPTSTK,ABIRLANUVO,25-May-17,1550,PE,0,0,0,35.05,50.4,0,0,400,0,17-Apr-17
OPTSTK,ABIRLANUVO,25-May-17,1600,PE,0,0,0,159.6,78.05,0,0,0,0,17-Apr-17
OPTSTK,ABIRLANUVO,25-May-17,1650,PE,0,0,0,192.7,112.2,0,0,0,0,17-Apr-17
OPTSTK,ABIRLANUVO,25-May-17,1700,PE,0,0,0,228.65,151.7,0,0,0,0,17-Apr-17
OPTSTK,ABIRLANUVO,25-May-17,1750,PE,0,0,0,266.95,195.1,0,0,0,0,17-Apr-17
OPTSTK,ABIRLANUVO,25-May-17,1800,PE,0,0,0,307.2,241.15,0,0,0,0,17-Apr-17
OPTSTK,ABIRLANUVO,25-May-17,1850,PE,0,0,0,349.3,288.9,0,0,0,0,17-Apr-17
OPTSTK,ABIRLANUVO,29-Jun-17,1000,CE,0,0,0,546.65,563.35,0,0,0,0,17-Apr-17
OPTSTK,ABIRLANUVO,29-Jun-17,1050,CE,0,0,0,497.6,514,0,0,0,0,17-Apr-17
OPTSTK,ABIRLANUVO,29-Jun-17,1100,CE,0,0,0,448.8,464.75,0,0,0,0,17-Apr-17
OPTSTK,ABIRLANUVO,29-Jun-17,1150,CE,0,0,0,400.45,415.6,0,0,0,0,17-Apr-17
OPTSTK,ABIRLANUVO,29-Jun-17,1200,CE,0,0,0,352.9,366.9,0,0,0,0,17-Apr-17
OPTSTK,ABIRLANUVO,29-Jun-17,1250,CE,0,0,0,306.7,318.9,0,0,0,0,17-Apr-17
OPTSTK,ABIRLANUVO,29-Jun-17,1300,CE,0,0,0,262.45,272.25,0,0,0,0,17-Apr-17
OPTSTK,ABIRLANUVO,29-Jun-17,1350,CE,0,0,0,220.85,227.8,0,0,0,0,17-Apr-17
OPTSTK,ABIRLANUVO,29-Jun-17,1400,CE,0,0,0,182.65,186.3,0,0,0,0,17-Apr-17
OPTSTK,ABIRLANUVO,29-Jun-17,1450,CE,0,0,0,148.1,148.7,0,0,0,0,17-Apr-17
OPTSTK,ABIRLANUVO,29-Jun-17,1500,CE,0,0,0,117.9,115.6,0,0,0,0,17-Apr-17
OPTSTK,ABIRLANUVO,29-Jun-17,1550,CE,0,0,0,92.1,87.55,0,0,0,0,17-Apr-17
OPTSTK,ABIRLANUVO,29-Jun-17,1600,CE,0,0,0,70.55,64.5,0,0,0,0,17-Apr-17
OPTSTK,ABIRLANUVO,29-Jun-17,1650,CE,0,0,0,53.05,46.25,0,0,0,0,17-Apr-17
OPTSTK,ABIRLANUVO,29-Jun-17,1700,CE,0,0,0,39.25,32.4,0,0,0,0,17-Apr-17
OPTSTK,ABIRLANUVO,29-Jun-17,1750,CE,0,0,0,28.5,22,0,0,0,0,17-Apr-17
OPTSTK,ABIRLANUVO,29-Jun-17,1800,CE,0,0,0,20.35,14.6,0,0,0,0,17-Apr-17
OPTSTK,ABIRLANUVO,29-Jun-17,1850,CE,0,0,0,14.3,9.5,0,0,0,0,17-Apr-17
OPTSTK,ABIRLANUVO,29-Jun-17,1000,PE,0,0,0,0.1,0.05,0,0,0,0,17-Apr-17
OPTSTK,ABIRLANUVO,29-Jun-17,1050,PE,0,0,0,0.25,0.05,0,0,0,0,17-Apr-17
OPTSTK,ABIRLANUVO,29-Jun-17,1100,PE,0,0,0,0.6,0.15,0,0,0,0,17-Apr-17
OPTSTK,ABIRLANUVO,29-Jun-17,1150,PE,0,0,0,1.4,0.35,0,0,0,0,17-Apr-17
OPTSTK,ABIRLANUVO,29-Jun-17,1200,PE,0,0,0,3.05,1,0,0,0,0,17-Apr-17
OPTSTK,ABIRLANUVO,29-Jun-17,1250,PE,0,0,0,6.05,2.35,0,0,0,0,17-Apr-17
OPTSTK,ABIRLANUVO,29-Jun-17,1300,PE,0,0,0,10.95,5.1,0,0,0,0,17-Apr-17
OPTSTK,ABIRLANUVO,29-Jun-17,1350,PE,0,0,0,18.55,9.95,0,0,0,0,17-Apr-17
OPTSTK,ABIRLANUVO,29-Jun-17,1400,PE,0,0,0,29.5,17.8,0,0,0,0,17-Apr-17
OPTSTK,ABIRLANUVO,29-Jun-17,1450,PE,0,0,0,44.15,29.6,0,0,0,0,17-Apr-17
OPTSTK,ABIRLANUVO,29-Jun-17,1500,PE,0,0,0,63.15,45.8,0,0,0,0,17-Apr-17
OPTSTK,ABIRLANUVO,29-Jun-17,1550,PE,0,0,0,86.5,67.1,0,0,0,0,17-Apr-17
OPTSTK,ABIRLANUVO,29-Jun-17,1600,PE,0,0,0,114.15,93.45,0,0,0,0,17-Apr-17
OPTSTK,ABIRLANUVO,29-Jun-17,1650,PE,0,0,0,145.8,124.55,0,0,0,0,17-Apr-17
OPTSTK,ABIRLANUVO,29-Jun-17,1700,PE,0,0,0,181.15,160,0,0,0,0,17-Apr-17
OPTSTK,ABIRLANUVO,29-Jun-17,1750,PE,0,0,0,219.55,199,0,0,0,0,17-Apr-17
OPTSTK,ABIRLANUVO,29-Jun-17,1800,PE,0,0,0,260.6,240.95,0,0,0,0,17-Apr-17
OPTSTK,ABIRLANUVO,29-Jun-17,1850,PE,0,0,0,303.7,285.2,0,0,0,0,17-Apr-17
OPTSTK,ACC,27-Apr-17,1080,CE,0,0,0,338.7,425.1,0,0,0,0,17-Apr-17
OPTSTK,ACC,27-Apr-17,1100,CE,0,0,0,319.7,405.15,0,0,0,0,17-Apr-17
OPTSTK,ACC,27-Apr-17,1120,CE,0,0,0,300.9,385.15,0,0,0,0,17-Apr-17
OPTSTK,ACC,27-Apr-17,1140,CE,0,0,0,282.35,365.2,0,0,0,0,17-Apr-17
OPTSTK,ACC,27-Apr-17,1160,CE,0,0,0,264.1,345.25,0,0,0,0,17-Apr-17
OPTSTK,ACC,27-Apr-17,1180,CE,0,0,0,246.25,325.25,0,0,0,0,17-Apr-17
OPTSTK,ACC,27-Apr-17,1200,CE,0,0,0,228.8,305.3,0,0,0,0,17-Apr-17
OPTSTK,ACC,27-Apr-17,1220,CE,0,0,0,211.85,285.35,0,0,0,0,17-Apr-17
OPTSTK,ACC,27-Apr-17,1240,CE,0,0,0,195.45,265.4,0,0,0,0,17-Apr-17
OPTSTK,ACC,27-Apr-17,1260,CE,0,0,0,179.65,245.4,0,0,0,0,17-Apr-17
OPTSTK,ACC,27-Apr-17,1280,CE,0,0,0,164.45,225.45,0,0,0,0,17-Apr-17
OPTSTK,ACC,27-Apr-17,1300,CE,0,0,0,122,205.5,0,0,0,0,17-Apr-17
OPTSTK,ACC,27-Apr-17,1320,CE,0,0,0,136.2,185.5,0,0,0,0,17-Apr-17
OPTSTK,ACC,27-Apr-17,1340,CE,0,0,0,144.5,165.55,0,0,0,0,17-Apr-17
OPTSTK,ACC,27-Apr-17,1360,CE,0,0,0,111,145.6,0,0,0,0,17-Apr-17
OPTSTK,ACC,27-Apr-17,1380,CE,0,0,0,99.6,125.65,0,0,0,0,17-Apr-17
OPTSTK,ACC,27-Apr-17,1400,CE,80,80,80,80,80,1,5.92,12800,0,17-Apr-17
OPTSTK,ACC,27-Apr-17,1420,CE,0,0,0,68.5,86.25,0,0,36400,0,17-Apr-17
OPTSTK,ACC,27-Apr-17,1440,CE,56.25,56.25,55.65,56.05,56.05,4,23.93,100400,0,17-Apr-17
OPTSTK,ACC,27-Apr-17,1460,CE,38,60,38,57.95,57.95,16,96.42,24400,0,17-Apr-17
OPTSTK,ACC,27-Apr-17,1480,CE,30.85,45,30.85,38.05,38.05,13,78.95,28400,800,17-Apr-17
OPTSTK,ACC,27-Apr-17,1500,CE,29.05,35.25,21,32.7,32.7,332,2030.13,239600,4400,17-Apr-17
OPTSTK,ACC,27-Apr-17,1520,CE,17,25,14.75,24.1,24.1,52,320.77,20000,-1200,17-Apr-17
OPTSTK,ACC,27-Apr-17,1540,CE,12,17.75,10.3,15.75,15.75,33,205.27,32000,5600,17-Apr-17
OPTSTK,ACC,27-Apr-17,1560,CE,8,11.15,6.6,10.45,10.45,11,69.06,7200,1200,17-Apr-17
OPTSTK,ACC,27-Apr-17,1580,CE,0,0,0,8,1.4,0,0,1600,0,17-Apr-17
OPTSTK,ACC,27-Apr-17,1600,CE,4.5,7,4.5,5.7,5.7,4,25.68,2400,400,17-Apr-17
OPTSTK,ACC,27-Apr-17,1620,CE,0,0,0,19.85,0.2,0,0,0,0,17-Apr-17
OPTSTK,ACC,27-Apr-17,1640,CE,0,0,0,16.95,0.05,0,0,0,0,17-Apr-17
OPTSTK,ACC,27-Apr-17,1660,CE,0,0,0,14.4,0.05,0,0,0,0,17-Apr-17
OPTSTK,ACC,27-Apr-17,1680,CE,0,0,0,12.2,0,0,0,0,0,17-Apr-17
OPTSTK,ACC,27-Apr-17,1700,CE,0,0,0,10.3,0,0,0,0,0,17-Apr-17
OPTSTK,ACC,27-Apr-17,1080,PE,0,0,0,1.6,0,0,0,0,0,17-Apr-17
OPTSTK,ACC,27-Apr-17,1100,PE,0,0,0,2.25,0,0,0,0,0,17-Apr-17
OPTSTK,ACC,27-Apr-17,1120,PE,0,0,0,3.1,0,0,0,0,0,17-Apr-17
OPTSTK,ACC,27-Apr-17,1140,PE,0,0,0,4.25,0,0,0,0,0,17-Apr-17
OPTSTK,ACC,27-Apr-17,1160,PE,0,0,0,5.65,0,0,0,0,0,17-Apr-17
OPTSTK,ACC,27-Apr-17,1180,PE,0,0,0,7.5,0,0,0,0,0,17-Apr-17
OPTSTK,ACC,27-Apr-17,1200,PE,0,0,0,9.7,0,0,0,0,0,17-Apr-17
OPTSTK,ACC,27-Apr-17,1220,PE,0,0,0,12.45,0,0,0,0,0,17-Apr-17
OPTSTK,ACC,27-Apr-17,1240,PE,0,0,0,15.7,0,0,0,0,0,17-Apr-17
OPTSTK,ACC,27-Apr-17,1260,PE,0,0,0,19.55,0,0,0,0,0,17-Apr-17
OPTSTK,ACC,27-Apr-17,1280,PE,0,0,0,24.05,0,0,0,0,0,17-Apr-17
OPTSTK,ACC,27-Apr-17,1300,PE,0,0,0,29.25,0,0,0,0,0,17-Apr-17
OPTSTK,ACC,27-Apr-17,1320,PE,0,0,0,35.1,0,0,0,0,0,17-Apr-17
OPTSTK,ACC,27-Apr-17,1340,PE,0,0,0,1,0,0,0,3600,0,17-Apr-17
OPTSTK,ACC,27-Apr-17,1360,PE,0,0,0,0.55,0.05,0,0,5200,0,17-Apr-17
OPTSTK,ACC,27-Apr-17,1380,PE,0,0,0,2.5,0.05,0,0,6800,0,17-Apr-17
OPTSTK,ACC,27-Apr-17,1400,PE,3.45,4.8,1.8,1.8,1.8,16,89.77,45600,-400,17-Apr-17
OPTSTK,ACC,27-Apr-17,1420,PE,6.8,6.85,3.15,3.3,3.3,22,125.43,18000,4000,17-Apr-17
OPTSTK,ACC,27-Apr-17,1440,PE,10.55,10.55,5,5.65,5.65,24,138.89,23600,5200,17-Apr-17
OPTSTK,ACC,27-Apr-17,1460,PE,20.05,20.15,10,10.25,10.25,29,170.97,18400,2800,17-Apr-17
OPTSTK,ACC,27-Apr-17,1480,PE,30,30,15.5,17.3,17.3,13,77.95,12400,1200,17-Apr-17
OPTSTK,ACC,27-Apr-17,1500,PE,44.4,44.4,23.4,24.85,24.85,34,208.09,9600,3200,17-Apr-17
OPTSTK,ACC,27-Apr-17,1520,PE,50.05,50.05,50.05,50.05,50.05,1,6.28,3200,0,17-Apr-17
OPTSTK,ACC,27-Apr-17,1540,PE,0,0,0,105,40.9,0,0,2000,0,17-Apr-17
OPTSTK,ACC,27-Apr-17,1560,PE,0,0,0,110,57.3,0,0,2800,0,17-Apr-17
OPTSTK,ACC,27-Apr-17,1580,PE,0,0,0,181.65,75.45,0,0,0,0,17-Apr-17
OPTSTK,ACC,27-Apr-17,1600,PE,0,0,0,172,94.55,0,0,2400,0,17-Apr-17
OPTSTK,ACC,27-Apr-17,1620,PE,0,0,0,213.85,114.15,0,0,0,0,17-Apr-17
OPTSTK,ACC,27-Apr-17,1640,PE,0,0,0,230.6,134,0,0,0,0,17-Apr-17
OPTSTK,ACC,27-Apr-17,1660,PE,0,0,0,247.75,153.95,0,0,0,0,17-Apr-17
OPTSTK,ACC,27-Apr-17,1680,PE,0,0,0,265.2,173.9,0,0,0,0,17-Apr-17
OPTSTK,ACC,27-Apr-17,1700,PE,0,0,0,283,193.85,0,0,0,0,17-Apr-17
OPTSTK,ACC,25-May-17,1080,CE,0,0,0,376.2,430.5,0,0,0,0,17-Apr-17
OPTSTK,ACC,25-May-17,1100,CE,0,0,0,357,410.65,0,0,0,0,17-Apr-17
OPTSTK,ACC,25-May-17,1120,CE,0,0,0,337.95,390.75,0,0,0,0,17-Apr-17
OPTSTK,ACC,25-May-17,1140,CE,0,0,0,319.15,370.9,0,0,0,0,17-Apr-17
OPTSTK,ACC,25-May-17,1160,CE,0,0,0,300.55,351.05,0,0,0,0,17-Apr-17
OPTSTK,ACC,25-May-17,1180,CE,0,0,0,282.25,331.2,0,0,0,0,17-Apr-17
OPTSTK,ACC,25-May-17,1200,CE,0,0,0,264.3,311.3,0,0,0,0,17-Apr-17
OPTSTK,ACC,25-May-17,1220,CE,0,0,0,246.7,291.45,0,0,0,0,17-Apr-17
OPTSTK,ACC,25-May-17,1240,CE,0,0,0,229.6,271.6,0,0,0,0,17-Apr-17
OPTSTK,ACC,25-May-17,1260,CE,0,0,0,213,251.75,0,0,0,0,17-Apr-17
OPTSTK,ACC,25-May-17,1280,CE,0,0,0,196.9,231.95,0,0,0,0,17-Apr-17
OPTSTK,ACC,25-May-17,1300,CE,0,0,0,181.4,212.2,0,0,0,0,17-Apr-17
OPTSTK,ACC,25-May-17,1320,CE,0,0,0,166.6,192.55,0,0,0,0,17-Apr-17
OPTSTK,ACC,25-May-17,1340,CE,0,0,0,152.4,173.05,0,0,0,0,17-Apr-17
OPTSTK,ACC,25-May-17,1360,CE,0,0,0,138.9,153.9,0,0,0,0,17-Apr-17
OPTSTK,ACC,25-May-17,1380,CE,0,0,0,126.15,135.15,0,0,0,0,17-Apr-17
OPTSTK,ACC,25-May-17,1400,CE,0,0,0,114.2,117.05,0,0,0,0,17-Apr-17
OPTSTK,ACC,25-May-17,1420,CE,0,0,0,103,99.8,0,0,0,0,17-Apr-17
OPTSTK,ACC,25-May-17,1440,CE,0,0,0,92.5,83.7,0,0,0,0,17-Apr-17
OPTSTK,ACC,25-May-17,1460,CE,0,0,0,82.8,68.85,0,0,0,0,17-Apr-17
OPTSTK,ACC,25-May-17,1480,CE,0,0,0,73.9,55.55,0,0,0,0,17-Apr-17
OPTSTK,ACC,25-May-17,1500,CE,55,55,55,55,55,1,6.22,800,400,17-Apr-17
OPTSTK,ACC,25-May-17,1520,CE,0,0,0,58.15,33.85,0,0,0,0,17-Apr-17
OPTSTK,ACC,25-May-17,1540,CE,0,0,0,22,25.55,0,0,800,0,17-Apr-17
OPTSTK,ACC,25-May-17,1560,CE,0,0,0,45.1,18.85,0,0,0,0,17-Apr-17
OPTSTK,ACC,25-May-17,1580,CE,0,0,0,39.55,13.6,0,0,0,0,17-Apr-17
OPTSTK,ACC,25-May-17,1600,CE,0,0,0,34.6,9.55,0,0,0,0,17-Apr-17
OPTSTK,ACC,25-May-17,1620,CE,0,0,0,30.15,6.55,0,0,0,0,17-Apr-17
OPTSTK,ACC,25-May-17,1640,CE,0,0,0,26.1,4.4,0,0,0,0,17-Apr-17
OPTSTK,ACC,25-May-17,1660,CE,0,0,0,22.6,2.85,0,0,0,0,17-Apr-17
OPTSTK,ACC,25-May-17,1680,CE,0,0,0,19.5,1.85,0,0,0,0,17-Apr-17
OPTSTK,ACC,25-May-17,1700,CE,0,0,0,16.75,1.15,0,0,0,0,17-Apr-17
OPTSTK,ACC,25-May-17,1080,PE,0,0,0,1.15,0,0,0,0,0,17-Apr-17
OPTSTK,ACC,25-May-17,1100,PE,0,0,0,1.65,0,0,0,0,0,17-Apr-17
OPTSTK,ACC,25-May-17,1120,PE,0,0,0,2.3,0,0,0,0,0,17-Apr-17
OPTSTK,ACC,25-May-17,1140,PE,0,0,0,3.15,0,0,0,0,0,17-Apr-17
OPTSTK,ACC,25-May-17,1160,PE,0,0,0,4.25,0,0,0,0,0,17-Apr-17
OPTSTK,ACC,25-May-17,1180,PE,0,0,0,5.65,0,0,0,0,0,17-Apr-17
OPTSTK,ACC,25-May-17,1200,PE,0,0,0,7.35,0,0,0,0,0,17-Apr-17
OPTSTK,ACC,25-May-17,1220,PE,0,0,0,9.5,0,0,0,0,0,17-Apr-17
OPTSTK,ACC,25-May-17,1240,PE,0,0,0,12.05,0.05,0,0,0,0,17-Apr-17
OPTSTK,ACC,25-May-17,1260,PE,0,0,0,15.1,0.05,0,0,0,0,17-Apr-17
OPTSTK,ACC,25-May-17,1280,PE,0,0,0,18.7,0.1,0,0,0,0,17-Apr-17
OPTSTK,ACC,25-May-17,1300,PE,0,0,0,22.9,0.2,0,0,0,0,17-Apr-17
OPTSTK,ACC,25-May-17,1320,PE,0,0,0,27.8,0.4,0,0,0,0,17-Apr-17
OPTSTK,ACC,25-May-17,1340,PE,0,0,0,33.3,0.8,0,0,0,0,17-Apr-17
OPTSTK,ACC,25-May-17,1360,PE,0,0,0,39.45,1.5,0,0,0,0,17-Apr-17
OPTSTK,ACC,25-May-17,1380,PE,0,0,0,46.4,2.65,0,0,0,0,17-Apr-17
OPTSTK,ACC,25-May-17,1400,PE,0,0,0,54.1,4.4,0,0,0,0,17-Apr-17
OPTSTK,ACC,25-May-17,1420,PE,0,0,0,62.6,7.05,0,0,0,0,17-Apr-17
OPTSTK,ACC,25-May-17,1440,PE,0,0,0,71.85,10.75,0,0,0,0,17-Apr-17
OPTSTK,ACC,25-May-17,1460,PE,0,0,0,81.8,15.8,0,0,0,0,17-Apr-17
OPTSTK,ACC,25-May-17,1480,PE,0,0,0,92.55,22.35,0,0,0,0,17-Apr-17
OPTSTK,ACC,25-May-17,1500,PE,0,0,0,104,30.55,0,0,0,0,17-Apr-17
OPTSTK,ACC,25-May-17,1520,PE,0,0,0,116.2,40.4,0,0,0,0,17-Apr-17
OPTSTK,ACC,25-May-17,1540,PE,0,0,0,129.05,52,0,0,0,0,17-Apr-17
OPTSTK,ACC,25-May-17,1560,PE,0,0,0,142.55,65.15,0,0,0,0,17-Apr-17
OPTSTK,ACC,25-May-17,1580,PE,0,0,0,156.65,79.75,0,0,0,0,17-Apr-17
OPTSTK,ACC,25-May-17,1600,PE,0,0,0,171.4,95.55,0,0,0,0,17-Apr-17
OPTSTK,ACC,25-May-17,1620,PE,0,0,0,186.65,112.45,0,0,0,0,17-Apr-17
OPTSTK,ACC,25-May-17,1640,PE,0,0,0,202.3,130.15,0,0,0,0,17-Apr-17
OPTSTK,ACC,25-May-17,1660,PE,0,0,0,218.45,148.5,0,0,0,0,17-Apr-17
OPTSTK,ACC,25-May-17,1680,PE,0,0,0,235,167.3,0,0,0,0,17-Apr-17
OPTSTK,ACC,25-May-17,1700,PE,0,0,0,251.95,186.5,0,0,0,0,17-Apr-17
OPTSTK,ACC,29-Jun-17,1080,CE,0,0,0,356.85,437.15,0,0,0,0,17-Apr-17
OPTSTK,ACC,29-Jun-17,1100,CE,0,0,0,337.2,417.45,0,0,0,0,17-Apr-17
OPTSTK,ACC,29-Jun-17,1120,CE,0,0,0,317.6,397.7,0,0,0,0,17-Apr-17
OPTSTK,ACC,29-Jun-17,1140,CE,0,0,0,298.1,377.95,0,0,0,0,17-Apr-17
OPTSTK,ACC,29-Jun-17,1160,CE,0,0,0,278.65,358.2,0,0,0,0,17-Apr-17
OPTSTK,ACC,29-Jun-17,1180,CE,0,0,0,259.3,338.5,0,0,0,0,17-Apr-17
OPTSTK,ACC,29-Jun-17,1200,CE,0,0,0,240.2,318.8,0,0,0,0,17-Apr-17
OPTSTK,ACC,29-Jun-17,1220,CE,0,0,0,221.3,299.15,0,0,0,0,17-Apr-17
OPTSTK,ACC,29-Jun-17,1240,CE,0,0,0,202.75,279.55,0,0,0,0,17-Apr-17
OPTSTK,ACC,29-Jun-17,1260,CE,0,0,0,184.6,260.05,0,0,0,0,17-Apr-17
OPTSTK,ACC,29-Jun-17,1280,CE,0,0,0,166.95,240.65,0,0,0,0,17-Apr-17
OPTSTK,ACC,29-Jun-17,1300,CE,0,0,0,150,221.5,0,0,0,0,17-Apr-17
OPTSTK,ACC,29-Jun-17,1320,CE,0,0,0,133.7,202.6,0,0,0,0,17-Apr-17
OPTSTK,ACC,29-Jun-17,1340,CE,0,0,0,118.3,184.1,0,0,0,0,17-Apr-17
OPTSTK,ACC,29-Jun-17,1360,CE,0,0,0,103.75,166.05,0,0,0,0,17-Apr-17
OPTSTK,ACC,29-Jun-17,1380,CE,0,0,0,90.3,148.6,0,0,0,0,17-Apr-17
OPTSTK,ACC,29-Jun-17,1400,CE,0,0,0,77.9,131.9,0,0,0,0,17-Apr-17
OPTSTK,ACC,29-Jun-17,1420,CE,0,0,0,66.6,116,0,0,0,0,17-Apr-17
OPTSTK,ACC,29-Jun-17,1440,CE,0,0,0,56.4,101.1,0,0,0,0,17-Apr-17
OPTSTK,ACC,29-Jun-17,1460,CE,0,0,0,47.35,87.2,0,0,0,0,17-Apr-17
OPTSTK,ACC,29-Jun-17,1480,CE,0,0,0,39.4,74.45,0,0,0,0,17-Apr-17
OPTSTK,ACC,29-Jun-17,1500,CE,0,0,0,32.45,62.95,0,0,0,0,17-Apr-17
OPTSTK,ACC,29-Jun-17,1520,CE,0,0,0,26.5,52.6,0,0,0,0,17-Apr-17
OPTSTK,ACC,29-Jun-17,1540,CE,0,0,0,21.55,43.5,0,0,0,0,17-Apr-17
OPTSTK,ACC,29-Jun-17,1560,CE,0,0,0,17.25,35.55,0,0,0,0,17-Apr-17
OPTSTK,ACC,29-Jun-17,1580,CE,0,0,0,13.7,28.75,0,0,0,0,17-Apr-17
OPTSTK,ACC,29-Jun-17,1600,CE,0,0,0,10.8,23,0,0,0,0,17-Apr-17
OPTSTK,ACC,29-Jun-17,1620,CE,0,0,0,8.4,18.2,0,0,0,0,17-Apr-17
OPTSTK,ACC,29-Jun-17,1640,CE,0,0,0,6.5,14.25,0,0,0,0,17-Apr-17
OPTSTK,ACC,29-Jun-17,1660,CE,0,0,0,5,11,0,0,0,0,17-Apr-17
OPTSTK,ACC,29-Jun-17,1680,CE,0,0,0,3.8,8.4,0,0,0,0,17-Apr-17
OPTSTK,ACC,29-Jun-17,1700,CE,0,0,0,2.85,6.35,0,0,0,0,17-Apr-17
OPTSTK,ACC,29-Jun-17,1080,PE,0,0,0,0.05,0,0,0,0,0,17-Apr-17
OPTSTK,ACC,29-Jun-17,1100,PE,0,0,0,0.1,0,0,0,0,0,17-Apr-17
OPTSTK,ACC,29-Jun-17,1120,PE,0,0,0,0.2,0,0,0,0,0,17-Apr-17
OPTSTK,ACC,29-Jun-17,1140,PE,0,0,0,0.35,0.05,0,0,0,0,17-Apr-17
OPTSTK,ACC,29-Jun-17,1160,PE,0,0,0,0.55,0.05,0,0,0,0,17-Apr-17
OPTSTK,ACC,29-Jun-17,1180,PE,0,0,0,0.9,0.05,0,0,0,0,17-Apr-17
OPTSTK,ACC,29-Jun-17,1200,PE,0,0,0,1.45,0.1,0,0,0,0,17-Apr-17
OPTSTK,ACC,29-Jun-17,1220,PE,0,0,0,2.25,0.2,0,0,0,0,17-Apr-17
OPTSTK,ACC,29-Jun-17,1240,PE,0,0,0,3.35,0.35,0,0,0,0,17-Apr-17
OPTSTK,ACC,29-Jun-17,1260,PE,0,0,0,4.85,0.55,0,0,0,0,17-Apr-17
OPTSTK,ACC,29-Jun-17,1280,PE,0,0,0,6.9,0.95,0,0,0,0,17-Apr-17
OPTSTK,ACC,29-Jun-17,1300,PE,0,0,0,9.6,1.5,0,0,0,0,17-Apr-17
OPTSTK,ACC,29-Jun-17,1320,PE,0,0,0,13,2.35,0,0,0,0,17-Apr-17
OPTSTK,ACC,29-Jun-17,1340,PE,0,0,0,17.25,3.6,0,0,0,0,17-Apr-17
OPTSTK,ACC,29-Jun-17,1360,PE,0,0,0,22.4,5.3,0,0,0,0,17-Apr-17
OPTSTK,ACC,29-Jun-17,1380,PE,0,0,0,28.6,7.6,0,0,0,0,17-Apr-17
OPTSTK,ACC,29-Jun-17,1400,PE,0,0,0,35.85,10.6,0,0,0,0,17-Apr-17
OPTSTK,ACC,29-Jun-17,1420,PE,0,0,0,44.2,14.45,0,0,0,0,17-Apr-17
OPTSTK,ACC,29-Jun-17,1440,PE,0,0,0,53.7,19.3,0,0,0,0,17-Apr-17
OPTSTK,ACC,29-Jun-17,1460,PE,0,0,0,64.35,25.15,0,0,0,0,17-Apr-17
OPTSTK,ACC,29-Jun-17,1480,PE,0,0,0,76.05,32.15,0,0,0,0,17-Apr-17
OPTSTK,ACC,29-Jun-17,1500,PE,0,0,0,88.8,40.35,0,0,0,0,17-Apr-17
OPTSTK,ACC,29-Jun-17,1520,PE,0,0,0,102.5,49.75,0,0,0,0,17-Apr-17
OPTSTK,ACC,29-Jun-17,1540,PE,0,0,0,117.2,60.4,0,0,0,0,17-Apr-17
OPTSTK,ACC,29-Jun-17,1560,PE,0,0,0,132.55,72.2,0,0,0,0,17-Apr-17
OPTSTK,ACC,29-Jun-17,1580,PE,0,0,0,148.7,85.15,0,0,0,0,17-Apr-17
OPTSTK,ACC,29-Jun-17,1600,PE,0,0,0,165.45,99.15,0,0,0,0,17-Apr-17
OPTSTK,ACC,29-Jun-17,1620,PE,0,0,0,182.75,114.1,0,0,0,0,17-Apr-17
OPTSTK,ACC,29-Jun-17,1640,PE,0,0,0,200.5,129.85,0,0,0,0,17-Apr-17
OPTSTK,ACC,29-Jun-17,1660,PE,0,0,0,218.65,146.35,0,0,0,0,17-Apr-17
OPTSTK,ACC,29-Jun-17,1680,PE,0,0,0,237.15,163.5,0,0,0,0,17-Apr-17
OPTSTK,ACC,29-Jun-17,1700,PE,0,0,0,255.9,181.2,0,0,0,0,17-Apr-17
OPTSTK,ADANIENT,27-Apr-17,50,CE,0,0,0,30.85,73.45,0,0,0,0,17-Apr-17
OPTSTK,ADANIENT,27-Apr-17,52.5,CE,0,0,0,28.4,70.95,0,0,0,0,17-Apr-17
OPTSTK,ADANIENT,27-Apr-17,55,CE,0,0,0,25.95,68.45,0,0,0,0,17-Apr-17
OPTSTK,ADANIENT,27-Apr-17,57.5,CE,0,0,0,23.55,65.95,0,0,0,0,17-Apr-17
OPTSTK,ADANIENT,27-Apr-17,60,CE,0,0,0,21.2,63.45,0,0,0,0,17-Apr-17
OPTSTK,ADANIENT,27-Apr-17,62.5,CE,0,0,0,18.9,61,0,0,0,0,17-Apr-17
OPTSTK,ADANIENT,27-Apr-17,65,CE,0,0,0,16.65,58.5,0,0,0,0,17-Apr-17
OPTSTK,ADANIENT,27-Apr-17,67.5,CE,0,0,0,14.55,56,0,0,0,0,17-Apr-17
OPTSTK,ADANIENT,27-Apr-17,70,CE,0,0,0,12.55,53.5,0,0,0,0,17-Apr-17
OPTSTK,ADANIENT,27-Apr-17,72.5,CE,0,0,0,10.7,51,0,0,0,0,17-Apr-17
OPTSTK,ADANIENT,27-Apr-17,75,CE,0,0,0,43.5,48.5,0,0,16000,0,17-Apr-17
OPTSTK,ADANIENT,27-Apr-17,77.5,CE,0,0,0,7.55,46,0,0,0,0,17-Apr-17
OPTSTK,ADANIENT,27-Apr-17,80,CE,0,0,0,39,43.5,0,0,0,0,17-Apr-17
OPTSTK,ADANIENT,27-Apr-17,82.5,CE,0,0,0,5.05,41,0,0,0,0,17-Apr-17
OPTSTK,ADANIENT,27-Apr-17,85,CE,0,0,0,4.1,38.5,0,0,0,0,17-Apr-17
OPTSTK,ADANIENT,27-Apr-17,87.5,CE,0,0,0,3.25,36,0,0,0,0,17-Apr-17
OPTSTK,ADANIENT,27-Apr-17,90,CE,0,0,0,15.5,33.55,0,0,16000,0,17-Apr-17
OPTSTK,ADANIENT,27-Apr-17,92.5,CE,0,0,0,2,31.05,0,0,0,0,17-Apr-17
OPTSTK,ADANIENT,27-Apr-17,95,CE,0,0,0,16.75,28.55,0,0,8000,0,17-Apr-17
OPTSTK,ADANIENT,27-Apr-17,97.5,CE,0,0,0,1.2,26.05,0,0,0,0,17-Apr-17
OPTSTK,ADANIENT,27-Apr-17,100,CE,0,0,0,12.6,23.55,0,0,48000,0,17-Apr-17
OPTSTK,ADANIENT,27-Apr-17,102.5,CE,17.75,20.4,17.75,20.4,20.4,2,19.45,16000,0,17-Apr-17
OPTSTK,ADANIENT,27-Apr-17,105,CE,11,18.8,11,18.8,18.8,4,38.67,304000,-16000,17-Apr-17
OPTSTK,ADANIENT,27-Apr-17,107.5,CE,0,0,0,8.6,16.3,0,0,56000,0,17-Apr-17
OPTSTK,ADANIENT,27-Apr-17,110,CE,9,12.25,9,11.8,11.8,6,58.12,408000,0,17-Apr-17
OPTSTK,ADANIENT,27-Apr-17,112.5,CE,0,0,0,6.15,11.85,0,0,40000,0,17-Apr-17
OPTSTK,ADANIENT,27-Apr-17,115,CE,4.05,9.9,3.65,9.25,9.25,126,1222.37,736000,-72000,17-Apr-17
OPTSTK,ADANIENT,27-Apr-17,117.5,CE,2.75,7.9,2.7,7.45,7.45,50,489.29,320000,-200000,17-Apr-17
OPTSTK,ADANIENT,27-Apr-17,120,CE,2.05,6.2,1.8,5.7,5.7,690,6839.84,1880000,-176000,17-Apr-17
OPTSTK,ADANIENT,27-Apr-17,125,CE,1.05,3.6,0.8,3.15,3.15,594,6053.6,1600000,-136000,17-Apr-17
OPTSTK,ADANIENT,27-Apr-17,130,CE,0.55,1.95,0.4,1.6,1.6,368,3864.68,1456000,-136000,17-Apr-17
OPTSTK,ADANIENT,27-Apr-17,135,CE,0.25,1.05,0.2,0.85,0.85,94,1020.09,496000,56000,17-Apr-17
OPTSTK,ADANIENT,27-Apr-17,140,CE,0.3,0.55,0.2,0.45,0.45,23,258.32,160000,48000,17-Apr-17
OPTSTK,ADANIENT,27-Apr-17,145,CE,0.15,0.15,0.15,0.15,0.15,1,11.61,16000,8000,17-Apr-17
OPTSTK,ADANIENT,27-Apr-17,50,PE,0,0,0,0.05,0,0,0,0,0,17-Apr-17
OPTSTK,ADANIENT,27-Apr-17,52.5,PE,0,0,0,0.05,0,0,0,0,0,17-Apr-17
OPTSTK,ADANIENT,27-Apr-17,55,PE,0,0,0,0.05,0,0,0,0,0,17-Apr-17
OPTSTK,ADANIENT,27-Apr-17,57.5,PE,0,0,0,0.1,0,0,0,0,0,17-Apr-17
OPTSTK,ADANIENT,27-Apr-17,60,PE,0,0,0,0.2,0,0,0,0,0,17-Apr-17
OPTSTK,ADANIENT,27-Apr-17,62.5,PE,0,0,0,0.35,0,0,0,0,0,17-Apr-17
OPTSTK,ADANIENT,27-Apr-17,65,PE,0,0,0,0.6,0,0,0,0,0,17-Apr-17
OPTSTK,ADANIENT,27-Apr-17,67.5,PE,0,0,0,0.95,0,0,0,0,0,17-Apr-17
OPTSTK,ADANIENT,27-Apr-17,70,PE,0,0,0,1.4,0,0,0,0,0,17-Apr-17
OPTSTK,ADANIENT,27-Apr-17,72.5,PE,0,0,0,2.05,0,0,0,0,0,17-Apr-17
OPTSTK,ADANIENT,27-Apr-17,75,PE,0,0,0,2.8,0,0,0,0,0,17-Apr-17
OPTSTK,ADANIENT,27-Apr-17,77.5,PE,0,0,0,3.75,0,0,0,0,0,17-Apr-17
OPTSTK,ADANIENT,27-Apr-17,80,PE,0,0,0,4.9,0,0,0,0,0,17-Apr-17
OPTSTK,ADANIENT,27-Apr-17,82.5,PE,0,0,0,6.2,0,0,0,0,0,17-Apr-17
OPTSTK,ADANIENT,27-Apr-17,85,PE,0,0,0,0.2,0,0,0,32000,0,17-Apr-17
OPTSTK,ADANIENT,27-Apr-17,87.5,PE,0,0,0,0.2,0,0,0,0,0,17-Apr-17
OPTSTK,ADANIENT,27-Apr-17,90,PE,0,0,0,0.1,0,0,0,32000,0,17-Apr-17
OPTSTK,ADANIENT,27-Apr-17,92.5,PE,0,0,0,13,0,0,0,0,0,17-Apr-17
OPTSTK,ADANIENT,27-Apr-17,95,PE,0.2,0.2,0.1,0.1,0.1,7,53.26,152000,-32000,17-Apr-17
OPTSTK,ADANIENT,27-Apr-17,97.5,PE,0.15,0.15,0.15,0.15,0.15,1,7.81,88000,0,17-Apr-17
OPTSTK,ADANIENT,27-Apr-17,100,PE,0.35,0.35,0.1,0.15,0.15,46,368.81,792000,96000,17-Apr-17
OPTSTK,ADANIENT,27-Apr-17,102.5,PE,0.2,0.25,0.2,0.2,0.2,12,98.6,112000,-8000,17-Apr-17
OPTSTK,ADANIENT,27-Apr-17,105,PE,0.55,0.7,0.2,0.25,0.25,73,615.24,696000,104000,17-Apr-17
OPTSTK,ADANIENT,27-Apr-17,107.5,PE,0.95,0.95,0.3,0.35,0.35,23,198.74,144000,16000,17-Apr-17
OPTSTK,ADANIENT,27-Apr-17,110,PE,1.3,1.45,0.35,0.45,0.45,154,1363.61,880000,136000,17-Apr-17
OPTSTK,ADANIENT,27-Apr-17,112.5,PE,1.95,2.2,0.55,0.7,0.7,46,418.27,200000,-24000,17-Apr-17
OPTSTK,ADANIENT,27-Apr-17,115,PE,3.1,3.3,0.8,1,1,331,3088.06,1608000,376000,17-Apr-17
OPTSTK,ADANIENT,27-Apr-17,117.5,PE,3.05,3.05,1.25,1.55,1.55,56,535.92,224000,112000,17-Apr-17
OPTSTK,ADANIENT,27-Apr-17,120,PE,4,4.15,1.85,2.2,2.2,169,1661.24,832000,384000,17-Apr-17
OPTSTK,ADANIENT,27-Apr-17,125,PE,6.75,6.75,4.45,4.5,4.5,7,72.68,96000,0,17-Apr-17
OPTSTK,ADANIENT,27-Apr-17,130,PE,0,0,0,15,8.4,0,0,8000,0,17-Apr-17
OPTSTK,ADANIENT,27-Apr-17,135,PE,0,0,0,29.95,12.35,0,0,0,0,17-Apr-17
OPTSTK,ADANIENT,27-Apr-17,140,PE,0,0,0,33.55,16.85,0,0,0,0,17-Apr-17
OPTSTK,ADANIENT,27-Apr-17,145,PE,0,0,0,38.5,21.6,0,0,0,0,17-Apr-17
OPTSTK,ADANIENT,25-May-17,67.5,CE,0,0,0,31.25,56.35,0,0,0,0,17-Apr-17
OPTSTK,ADANIENT,25-May-17,70,CE,0,0,0,29.1,53.85,0,0,0,0,17-Apr-17
OPTSTK,ADANIENT,25-May-17,72.5,CE,0,0,0,27.05,51.35,0,0,0,0,17-Apr-17
OPTSTK,ADANIENT,25-May-17,75,CE,0,0,0,25.1,48.9,0,0,0,0,17-Apr-17
OPTSTK,ADANIENT,25-May-17,77.5,CE,0,0,0,23.2,46.4,0,0,0,0,17-Apr-17
OPTSTK,ADANIENT,25-May-17,80,CE,0,0,0,21.4,43.95,0,0,0,0,17-Apr-17
OPTSTK,ADANIENT,25-May-17,82.5,CE,0,0,0,19.7,41.5,0,0,0,0,17-Apr-17
OPTSTK,ADANIENT,25-May-17,85,CE,0,0,0,18.1,39.05,0,0,0,0,17-Apr-17
OPTSTK,ADANIENT,25-May-17,87.5,CE,0,0,0,16.55,36.6,0,0,0,0,17-Apr-17
OPTSTK,ADANIENT,25-May-17,90,CE,0,0,0,15.1,34.2,0,0,0,0,17-Apr-17
OPTSTK,ADANIENT,25-May-17,92.5,CE,0,0,0,13.8,31.8,0,0,0,0,17-Apr-17
OPTSTK,ADANIENT,25-May-17,95,CE,0,0,0,12.55,29.5,0,0,0,0,17-Apr-17
OPTSTK,ADANIENT,25-May-17,97.5,CE,0,0,0,11.4,27.2,0,0,0,0,17-Apr-17
OPTSTK,ADANIENT,25-May-17,100,CE,0,0,0,10.3,25,0,0,0,0,17-Apr-17
OPTSTK,ADANIENT,25-May-17,102.5,CE,0,0,0,9.35,22.85,0,0,0,0,17-Apr-17
OPTSTK,ADANIENT,25-May-17,105,CE,0,0,0,8.45,20.75,0,0,0,0,17-Apr-17
OPTSTK,ADANIENT,25-May-17,107.5,CE,0,0,0,12,18.8,0,0,8000,0,17-Apr-17
OPTSTK,ADANIENT,25-May-17,110,CE,0,0,0,6.85,16.95,0,0,0,0,17-Apr-17
OPTSTK,ADANIENT,25-May-17,112.5,CE,0,0,0,6.15,15.15,0,0,0,0,17-Apr-17
OPTSTK,ADANIENT,25-May-17,115,CE,0,0,0,5.5,13.5,0,0,0,0,17-Apr-17
OPTSTK,ADANIENT,25-May-17,117.5,CE,0,0,0,4.95,11.95,0,0,0,0,17-Apr-17
OPTSTK,ADANIENT,25-May-17,120,CE,0,0,0,4.45,10.55,0,0,0,0,17-Apr-17
OPTSTK,ADANIENT,25-May-17,125,CE,0,0,0,3.55,8.1,0,0,0,0,17-Apr-17
OPTSTK,ADANIENT,25-May-17,130,CE,3.25,3.25,3,3,3,3,31.94,16000,16000,17-Apr-17
OPTSTK,ADANIENT,25-May-17,135,CE,2.5,2.5,2.5,2.5,2.5,1,11,8000,8000,17-Apr-17
OPTSTK,ADANIENT,25-May-17,140,CE,0,0,0,0.45,3.25,0,0,0,0,17-Apr-17
OPTSTK,ADANIENT,25-May-17,145,CE,0,0,0,0.3,2.3,0,0,0,0,17-Apr-17
OPTSTK,ADANIENT,25-May-17,67.5,PE,0,0,0,1.1,0,0,0,0,0,17-Apr-17
OPTSTK,ADANIENT,25-May-17,70,PE,0,0,0,1.4,0,0,0,0,0,17-Apr-17
OPTSTK,ADANIENT,25-May-17,72.5,PE,0,0,0,1.85,0,0,0,0,0,17-Apr-17
OPTSTK,ADANIENT,25-May-17,75,PE,0,0,0,2.3,0.05,0,0,0,0,17-Apr-17
OPTSTK,ADANIENT,25-May-17,77.5,PE,0,0,0,2.9,0.05,0,0,0,0,17-Apr-17
OPTSTK,ADANIENT,25-May-17,80,PE,0,0,0,3.55,0.05,0,0,0,0,17-Apr-17
OPTSTK,ADANIENT,25-May-17,82.5,PE,0,0,0,4.3,0.05,0,0,0,0,17-Apr-17
OPTSTK,ADANIENT,25-May-17,85,PE,0,0,0,5.15,0.1,0,0,0,0,17-Apr-17
OPTSTK,ADANIENT,25-May-17,87.5,PE,0,0,0,6.1,0.15,0,0,0,0,17-Apr-17
OPTSTK,ADANIENT,25-May-17,90,PE,0,0,0,7.1,0.25,0,0,0,0,17-Apr-17
OPTSTK,ADANIENT,25-May-17,92.5,PE,0,0,0,8.25,0.35,0,0,0,0,17-Apr-17
OPTSTK,ADANIENT,25-May-17,95,PE,0,0,0,9.45,0.5,0,0,0,0,17-Apr-17
OPTSTK,ADANIENT,25-May-17,97.5,PE,0,0,0,10.75,0.7,0,0,0,0,17-Apr-17
OPTSTK,ADANIENT,25-May-17,100,PE,0,0,0,1.5,0.95,0,0,8000,0,17-Apr-17
OPTSTK,ADANIENT,25-May-17,102.5,PE,0,0,0,13.65,1.3,0,0,0,0,17-Apr-17
OPTSTK,ADANIENT,25-May-17,105,PE,0,0,0,15.2,1.7,0,0,0,0,17-Apr-17
OPTSTK,ADANIENT,25-May-17,107.5,PE,0,0,0,16.8,2.2,0,0,0,0,17-Apr-17
OPTSTK,ADANIENT,25-May-17,110,PE,0,0,0,18.5,2.85,0,0,0,0,17-Apr-17
OPTSTK,ADANIENT,25-May-17,112.5,PE,2.6,2.6,2.6,2.6,2.6,2,18.41,16000,16000,17-Apr-17
OPTSTK,ADANIENT,25-May-17,115,PE,0,0,0,22.1,4.4,0,0,0,0,17-Apr-17
OPTSTK,ADANIENT,25-May-17,117.5,PE,0,0,0,24,5.35,0,0,0,0,17-Apr-17
OPTSTK,ADANIENT,25-May-17,120,PE,0,0,0,25.95,6.4,0,0,0,0,17-Apr-17
OPTSTK,ADANIENT,25-May-17,125,PE,0,0,0,30,8.9,0,0,0,0,17-Apr-17
OPTSTK,ADANIENT,25-May-17,130,PE,0,0,0,29.45,11.85,0,0,0,0,17-Apr-17
OPTSTK,ADANIENT,25-May-17,135,PE,0,0,0,30.2,15.2,0,0,0,0,17-Apr-17
OPTSTK,ADANIENT,25-May-17,140,PE,0,0,0,33.25,18.95,0,0,0,0,17-Apr-17
OPTSTK,ADANIENT,25-May-17,145,PE,0,0,0,38,23,0,0,0,0,17-Apr-17
OPTSTK,ADANIENT,29-Jun-17,70,CE,0,0,0,37.1,54.35,0,0,0,0,17-Apr-17
OPTSTK,ADANIENT,29-Jun-17,75,CE,0,0,0,32.4,49.45,0,0,0,0,17-Apr-17
OPTSTK,ADANIENT,29-Jun-17,80,CE,0,0,0,27.85,44.7,0,0,0,0,17-Apr-17
OPTSTK,ADANIENT,29-Jun-17,85,CE,0,0,0,23.6,40,0,0,0,0,17-Apr-17
OPTSTK,ADANIENT,29-Jun-17,90,CE,0,0,0,19.6,35.5,0,0,0,0,17-Apr-17
OPTSTK,ADANIENT,29-Jun-17,95,CE,0,0,0,16.05,31.2,0,0,0,0,17-Apr-17
OPTSTK,ADANIENT,29-Jun-17,100,CE,0,0,0,12.9,27.1,0,0,0,0,17-Apr-17
OPTSTK,ADANIENT,29-Jun-17,105,CE,0,0,0,10.2,23.35,0,0,0,0,17-Apr-17
OPTSTK,ADANIENT,29-Jun-17,110,CE,0,0,0,7.95,19.9,0,0,0,0,17-Apr-17
OPTSTK,ADANIENT,29-Jun-17,115,CE,0,0,0,6.1,16.85,0,0,0,0,17-Apr-17
OPTSTK,ADANIENT,29-Jun-17,120,CE,0,0,0,4.6,14.1,0,0,0,0,17-Apr-17
OPTSTK,ADANIENT,29-Jun-17,125,CE,0,0,0,3.45,11.7,0,0,0,0,17-Apr-17
OPTSTK,ADANIENT,29-Jun-17,130,CE,0,0,0,2.55,9.6,0,0,0,0,17-Apr-17
OPTSTK,ADANIENT,29-Jun-17,135,CE,0,0,0,1.85,7.85,0,0,0,0,17-Apr-17
OPTSTK,ADANIENT,29-Jun-17,140,CE,0,0,0,1.35,6.35,0,0,0,0,17-Apr-17
OPTSTK,ADANIENT,29-Jun-17,145,CE,0,0,0,0.95,5.15,0,0,0,0,17-Apr-17
OPTSTK,ADANIENT,29-Jun-17,70,PE,0,0,0,0.15,0.05,0,0,0,0,17-Apr-17
OPTSTK,ADANIENT,29-Jun-17,75,PE,0,0,0,0.35,0.15,0,0,0,0,17-Apr-17
OPTSTK,ADANIENT,29-Jun-17,80,PE,0,0,0,0.75,0.3,0,0,0,0,17-Apr-17
OPTSTK,ADANIENT,29-Jun-17,85,PE,0,0,0,1.4,0.55,0,0,0,0,17-Apr-17
OPTSTK,ADANIENT,29-Jun-17,90,PE,0,0,0,2.35,0.95,0,0,0,0,17-Apr-17
OPTSTK,ADANIENT,29-Jun-17,95,PE,0,0,0,3.7,1.6,0,0,0,0,17-Apr-17
OPTSTK,ADANIENT,29-Jun-17,100,PE,0,0,0,5.45,2.5,0,0,0,0,17-Apr-17
OPTSTK,ADANIENT,29-Jun-17,105,PE,0,0,0,7.65,3.65,0,0,0,0,17-Apr-17
OPTSTK,ADANIENT,29-Jun-17,110,PE,0,0,0,10.35,5.15,0,0,0,0,17-Apr-17
OPTSTK,ADANIENT,29-Jun-17,115,PE,0,0,0,13.4,7,0,0,0,0,17-Apr-17
OPTSTK,ADANIENT,29-Jun-17,120,PE,0,0,0,16.85,9.2,0,0,0,0,17-Apr-17
OPTSTK,ADANIENT,29-Jun-17,125,PE,0,0,0,20.6,11.7,0,0,0,0,17-Apr-17
OPTSTK,ADANIENT,29-Jun-17,130,PE,0,0,0,24.6,14.6,0,0,0,0,17-Apr-17
OPTSTK,ADANIENT,29-Jun-17,135,PE,0,0,0,28.85,17.75,0,0,0,0,17-Apr-17
OPTSTK,ADANIENT,29-Jun-17,140,PE,0,0,0,33.25,21.2,0,0,0,0,17-Apr-17
OPTSTK,ADANIENT,29-Jun-17,145,PE,0,0,0,37.8,24.9,0,0,0,0,17-Apr-17
OPTSTK,ADANIPORTS,27-Apr-17,190,CE,0,0,0,117.95,130.35,0,0,0,0,17-Apr-17
OPTSTK,ADANIPORTS,27-Apr-17,200,CE,0,0,0,134.5,120.35,0,0,2500,0,17-Apr-17
OPTSTK,ADANIPORTS,27-Apr-17,210,CE,0,0,0,123.5,110.4,0,0,15000,0,17-Apr-17
OPTSTK,ADANIPORTS,27-Apr-17,220,CE,0,0,0,89.4,100.4,0,0,0,0,17-Apr-17
OPTSTK,ADANIPORTS,27-Apr-17,230,CE,0,0,0,80.3,90.4,0,0,0,0,17-Apr-17
OPTSTK,ADANIPORTS,27-Apr-17,240,CE,0,0,0,119.8,80.45,0,0,2500,0,17-Apr-17
OPTSTK,ADANIPORTS,27-Apr-17,250,CE,0,0,0,102,70.45,0,0,5000,0,17-Apr-17
OPTSTK,ADANIPORTS,27-Apr-17,260,CE,0,0,0,55.4,60.5,0,0,0,0,17-Apr-17
OPTSTK,ADANIPORTS,27-Apr-17,270,CE,0,0,0,50.9,50.55,0,0,2500,0,17-Apr-17
OPTSTK,ADANIPORTS,27-Apr-17,280,CE,40.05,40.05,40.05,40.05,40.05,1,8,5000,2500,17-Apr-17
OPTSTK,ADANIPORTS,27-Apr-17,290,CE,30.85,30.85,30.85,30.85,30.85,4,32.08,12500,10000,17-Apr-17
OPTSTK,ADANIPORTS,27-Apr-17,300,CE,0,0,0,51.5,22.85,0,0,7500,0,17-Apr-17
OPTSTK,ADANIPORTS,27-Apr-17,310,CE,18.45,18.7,15,15,15,8,65.33,40000,12500,17-Apr-17
OPTSTK,ADANIPORTS,27-Apr-17,320,CE,10.5,13,8.2,9.45,9.45,217,1791.85,295000,77500,17-Apr-17
OPTSTK,ADANIPORTS,27-Apr-17,330,CE,5.35,7.85,4.4,5.3,5.3,954,8016.9,887500,265000,17-Apr-17
OPTSTK,ADANIPORTS,27-Apr-17,340,CE,3.2,4.4,2.45,2.95,2.95,486,4172.16,970000,127500,17-Apr-17
OPTSTK,ADANIPORTS,27-Apr-17,350,CE,1.75,2.4,1.45,1.65,1.65,279,2454.29,975000,15000,17-Apr-17
OPTSTK,ADANIPORTS,27-Apr-17,360,CE,1,1.4,0.9,1,1,144,1299.72,960000,-22500,17-Apr-17
OPTSTK,ADANIPORTS,27-Apr-17,370,CE,0.6,0.8,0.5,0.6,0.6,69,639.32,470000,-10000,17-Apr-17
OPTSTK,ADANIPORTS,27-Apr-17,380,CE,0.15,0.45,0.15,0.45,0.45,33,313.79,515000,-42500,17-Apr-17
OPTSTK,ADANIPORTS,27-Apr-17,390,CE,0.35,0.35,0.15,0.2,0.2,8,78.04,117500,-10000,17-Apr-17
OPTSTK,ADANIPORTS,27-Apr-17,400,CE,0.3,0.3,0.2,0.2,0.2,4,40.02,175000,0,17-Apr-17
OPTSTK,ADANIPORTS,27-Apr-17,410,CE,0,0,0,0.4,0,0,0,22500,0,17-Apr-17
OPTSTK,ADANIPORTS,27-Apr-17,420,CE,0,0,0,2.35,0,0,0,0,0,17-Apr-17
OPTSTK,ADANIPORTS,27-Apr-17,430,CE,0,0,0,1.35,0,0,0,0,0,17-Apr-17
OPTSTK,ADANIPORTS,27-Apr-17,190,PE,0,0,0,0.2,0,0,0,0,0,17-Apr-17
OPTSTK,ADANIPORTS,27-Apr-17,200,PE,0,0,0,0.35,0,0,0,0,0,17-Apr-17
OPTSTK,ADANIPORTS,27-Apr-17,210,PE,0,0,0,0.65,0,0,0,0,0,17-Apr-17
OPTSTK,ADANIPORTS,27-Apr-17,220,PE,0,0,0,1.15,0,0,0,0,0,17-Apr-17
OPTSTK,ADANIPORTS,27-Apr-17,230,PE,0,0,0,1.9,0,0,0,0,0,17-Apr-17
OPTSTK,ADANIPORTS,27-Apr-17,240,PE,0,0,0,2.95,0,0,0,0,0,17-Apr-17
OPTSTK,ADANIPORTS,27-Apr-17,250,PE,0,0,0,4.5,0,0,0,0,0,17-Apr-17
OPTSTK,ADANIPORTS,27-Apr-17,260,PE,0,0,0,6.5,0.05,0,0,0,0,17-Apr-17
OPTSTK,ADANIPORTS,27-Apr-17,270,PE,0,0,0,9.05,0.1,0,0,0,0,17-Apr-17
OPTSTK,ADANIPORTS,27-Apr-17,280,PE,0.25,0.45,0.2,0.3,0.3,7,49.05,50000,5000,17-Apr-17
OPTSTK,ADANIPORTS,27-Apr-17,290,PE,0.55,1.35,0.5,0.9,0.9,117,850.76,275000,175000,17-Apr-17
OPTSTK,ADANIPORTS,27-Apr-17,300,PE,1.6,2,1,1.75,1.75,142,1070.34,630000,17500,17-Apr-17
OPTSTK,ADANIPORTS,27-Apr-17,310,PE,3.65,4.45,2.4,3.75,3.75,312,2445.12,525000,155000,17-Apr-17
OPTSTK,ADANIPORTS,27-Apr-17,320,PE,7.3,8.65,5,7.75,7.75,378,3088.92,382500,-12500,17-Apr-17
OPTSTK,ADANIPORTS,27-Apr-17,330,PE,12.45,14.95,9.5,13.25,13.25,63,539.37,337500,-27500,17-Apr-17
OPTSTK,ADANIPORTS,27-Apr-17,340,PE,17.5,22.6,16.25,21.05,21.05,21,188.5,322500,17500,17-Apr-17
OPTSTK,ADANIPORTS,27-Apr-17,350,PE,25.3,30,24.5,30,30,7,66.24,205000,-5000,17-Apr-17
OPTSTK,ADANIPORTS,27-Apr-17,360,PE,35.3,40,35.3,39,39,3,29.85,80000,2500,17-Apr-17
OPTSTK,ADANIPORTS,27-Apr-17,370,PE,0,0,0,40,49.65,0,0,2500,0,17-Apr-17
OPTSTK,ADANIPORTS,27-Apr-17,380,PE,60.35,60.35,60.35,60.35,60.35,1,11,2500,-2500,17-Apr-17
OPTSTK,ADANIPORTS,27-Apr-17,390,PE,70.05,70.05,70.05,70.05,70.05,2,23,5000,5000,17-Apr-17
OPTSTK,ADANIPORTS,27-Apr-17,400,PE,0,0,0,92.6,79.35,0,0,0,0,17-Apr-17
OPTSTK,ADANIPORTS,27-Apr-17,410,PE,0,0,0,101.6,89.3,0,0,0,0,17-Apr-17
OPTSTK,ADANIPORTS,27-Apr-17,420,PE,0,0,0,110.8,99.3,0,0,0,0,17-Apr-17
OPTSTK,ADANIPORTS,27-Apr-17,430,PE,0,0,0,116,109.25,0,0,0,0,17-Apr-17
OPTSTK,ADANIPORTS,25-May-17,190,CE,0,0,0,110.25,131.3,0,0,0,0,17-Apr-17
OPTSTK,ADANIPORTS,25-May-17,200,CE,0,0,0,100.45,121.35,0,0,0,0,17-Apr-17
OPTSTK,ADANIPORTS,25-May-17,210,CE,0,0,0,90.7,111.45,0,0,0,0,17-Apr-17
OPTSTK,ADANIPORTS,25-May-17,220,CE,0,0,0,81.05,101.55,0,0,0,0,17-Apr-17
OPTSTK,ADANIPORTS,25-May-17,230,CE,0,0,0,71.6,91.7,0,0,0,0,17-Apr-17
OPTSTK,ADANIPORTS,25-May-17,240,CE,0,0,0,62.4,81.95,0,0,0,0,17-Apr-17
OPTSTK,ADANIPORTS,25-May-17,250,CE,0,0,0,53.6,72.35,0,0,0,0,17-Apr-17
OPTSTK,ADANIPORTS,25-May-17,260,CE,0,0,0,45.35,63,0,0,0,0,17-Apr-17
OPTSTK,ADANIPORTS,25-May-17,270,CE,0,0,0,37.75,54.1,0,0,0,0,17-Apr-17
OPTSTK,ADANIPORTS,25-May-17,280,CE,0,0,0,30.85,45.65,0,0,0,0,17-Apr-17
OPTSTK,ADANIPORTS,25-May-17,290,CE,0,0,0,24.8,37.9,0,0,0,0,17-Apr-17
OPTSTK,ADANIPORTS,25-May-17,300,CE,0,0,0,19.6,30.9,0,0,0,0,17-Apr-17
OPTSTK,ADANIPORTS,25-May-17,310,CE,0,0,0,15.25,24.7,0,0,0,0,17-Apr-17
OPTSTK,ADANIPORTS,25-May-17,320,CE,19,19,19,19,19,2,16.95,5000,2500,17-Apr-17
OPTSTK,ADANIPORTS,25-May-17,330,CE,13.05,13.05,13.05,13.05,13.05,1,8.57,15000,2500,17-Apr-17
OPTSTK,ADANIPORTS,25-May-17,340,CE,0,0,0,9.5,11.35,0,0,32500,0,17-Apr-17
OPTSTK,ADANIPORTS,25-May-17,350,CE,7.75,7.9,7.75,7.9,7.9,2,17.89,12500,5000,17-Apr-17
OPTSTK,ADANIPORTS,25-May-17,360,CE,0,0,0,6,6.15,0,0,30000,0,17-Apr-17
OPTSTK,ADANIPORTS,25-May-17,370,CE,0,0,0,2.45,4.45,0,0,0,0,17-Apr-17
OPTSTK,ADANIPORTS,25-May-17,380,CE,0,0,0,1.7,3.15,0,0,0,0,17-Apr-17
OPTSTK,ADANIPORTS,25-May-17,390,CE,0,0,0,3.7,2.2,0,0,0,0,17-Apr-17
OPTSTK,ADANIPORTS,25-May-17,400,CE,0,0,0,1.25,1.5,0,0,2500,0,17-Apr-17
OPTSTK,ADANIPORTS,25-May-17,410,CE,0,0,0,0.55,1.05,0,0,0,0,17-Apr-17
OPTSTK,ADANIPORTS,25-May-17,420,CE,0,0,0,0.4,0.7,0,0,0,0,17-Apr-17
OPTSTK,ADANIPORTS,25-May-17,430,CE,0,0,0,0.35,0.45,0,0,0,0,17-Apr-17
OPTSTK,ADANIPORTS,25-May-17,190,PE,0,0,0,0.05,0,0,0,0,0,17-Apr-17
OPTSTK,ADANIPORTS,25-May-17,200,PE,0,0,0,0.05,0,0,0,0,0,17-Apr-17
OPTSTK,ADANIPORTS,25-May-17,210,PE,0,0,0,0.15,0.05,0,0,0,0,17-Apr-17
OPTSTK,ADANIPORTS,25-May-17,220,PE,0,0,0,0.35,0.05,0,0,0,0,17-Apr-17
OPTSTK,ADANIPORTS,25-May-17,230,PE,0,0,0,0.7,0.15,0,0,0,0,17-Apr-17
OPTSTK,ADANIPORTS,25-May-17,240,PE,0,0,0,1.35,0.3,0,0,0,0,17-Apr-17
OPTSTK,ADANIPORTS,25-May-17,250,PE,0,0,0,2.4,0.65,0,0,0,0,17-Apr-17
OPTSTK,ADANIPORTS,25-May-17,260,PE,0,0,0,4,1.25,0,0,0,0,17-Apr-17
OPTSTK,ADANIPORTS,25-May-17,270,PE,0,0,0,6.25,2.25,0,0,0,0,17-Apr-17
OPTSTK,ADANIPORTS,25-May-17,280,PE,0,0,0,9.2,3.75,0,0,0,0,17-Apr-17
OPTSTK,ADANIPORTS,25-May-17,290,PE,0,0,0,13,5.95,0,0,0,0,17-Apr-17
OPTSTK,ADANIPORTS,25-May-17,300,PE,7,7,7,7,7,1,7.67,2500,2500,17-Apr-17
OPTSTK,ADANIPORTS,25-May-17,310,PE,0,0,0,11.25,12.6,0,0,7500,0,17-Apr-17
OPTSTK,ADANIPORTS,25-May-17,320,PE,15,15,11.45,11.45,11.45,2,16.66,17500,2500,17-Apr-17
OPTSTK,ADANIPORTS,25-May-17,330,PE,0,0,0,14.3,22.75,0,0,2500,0,17-Apr-17
OPTSTK,ADANIPORTS,25-May-17,340,PE,0,0,0,18,29.05,0,0,2500,0,17-Apr-17
OPTSTK,ADANIPORTS,25-May-17,350,PE,0,0,0,18,36.05,0,0,30000,0,17-Apr-17
OPTSTK,ADANIPORTS,25-May-17,360,PE,0,0,0,20,43.75,0,0,5000,0,17-Apr-17
OPTSTK,ADANIPORTS,25-May-17,370,PE,0,0,0,69.4,51.95,0,0,0,0,17-Apr-17
OPTSTK,ADANIPORTS,25-May-17,380,PE,0,0,0,78.5,60.6,0,0,0,0,17-Apr-17
OPTSTK,ADANIPORTS,25-May-17,390,PE,0,0,0,87.8,69.55,0,0,0,0,17-Apr-17
OPTSTK,ADANIPORTS,25-May-17,400,PE,0,0,0,97.3,78.8,0,0,0,0,17-Apr-17
OPTSTK,ADANIPORTS,25-May-17,410,PE,0,0,0,106.9,88.25,0,0,0,0,17-Apr-17
OPTSTK,ADANIPORTS,25-May-17,420,PE,0,0,0,116.55,97.85,0,0,0,0,17-Apr-17
OPTSTK,ADANIPORTS,25-May-17,430,PE,0,0,0,116.1,107.55,0,0,0,0,17-Apr-17
OPTSTK,ADANIPORTS,29-Jun-17,200,CE,0,0,0,142.65,122.75,0,0,0,0,17-Apr-17
OPTSTK,ADANIPORTS,29-Jun-17,210,CE,0,0,0,132.9,113,0,0,0,0,17-Apr-17
OPTSTK,ADANIPORTS,29-Jun-17,220,CE,0,0,0,123.15,103.4,0,0,0,0,17-Apr-17
OPTSTK,ADANIPORTS,29-Jun-17,230,CE,0,0,0,113.5,93.95,0,0,0,0,17-Apr-17
OPTSTK,ADANIPORTS,29-Jun-17,240,CE,0,0,0,104,84.7,0,0,0,0,17-Apr-17
OPTSTK,ADANIPORTS,29-Jun-17,250,CE,0,0,0,94.65,75.8,0,0,0,0,17-Apr-17
OPTSTK,ADANIPORTS,29-Jun-17,260,CE,0,0,0,85.6,67.25,0,0,0,0,17-Apr-17
OPTSTK,ADANIPORTS,29-Jun-17,270,CE,0,0,0,76.8,59.15,0,0,0,0,17-Apr-17
OPTSTK,ADANIPORTS,29-Jun-17,280,CE,0,0,0,68.4,51.6,0,0,0,0,17-Apr-17
OPTSTK,ADANIPORTS,29-Jun-17,290,CE,0,0,0,60.45,44.6,0,0,0,0,17-Apr-17
OPTSTK,ADANIPORTS,29-Jun-17,300,CE,0,0,0,53.05,38.25,0,0,0,0,17-Apr-17
OPTSTK,ADANIPORTS,29-Jun-17,310,CE,0,0,0,46.1,32.5,0,0,0,0,17-Apr-17
OPTSTK,ADANIPORTS,29-Jun-17,320,CE,0,0,0,39.8,27.4,0,0,0,0,17-Apr-17
OPTSTK,ADANIPORTS,29-Jun-17,330,CE,0,0,0,34.1,22.9,0,0,0,0,17-Apr-17
OPTSTK,ADANIPORTS,29-Jun-17,340,CE,0,0,0,29,19,0,0,0,0,17-Apr-17
OPTSTK,ADANIPORTS,29-Jun-17,350,CE,0,0,0,24.45,15.65,0,0,0,0,17-Apr-17
OPTSTK,ADANIPORTS,29-Jun-17,360,CE,0,0,0,12.6,12.75,0,0,5000,0,17-Apr-17
OPTSTK,ADANIPORTS,29-Jun-17,370,CE,0,0,0,10.1,10.4,0,0,2500,0,17-Apr-17
OPTSTK,ADANIPORTS,29-Jun-17,380,CE,0,0,0,14.05,8.35,0,0,0,0,17-Apr-17
OPTSTK,ADANIPORTS,29-Jun-17,390,CE,0,0,0,11.55,6.7,0,0,0,0,17-Apr-17
OPTSTK,ADANIPORTS,29-Jun-17,400,CE,0,0,0,9.45,5.35,0,0,0,0,17-Apr-17
OPTSTK,ADANIPORTS,29-Jun-17,410,CE,0,0,0,7.65,4.25,0,0,0,0,17-Apr-17
OPTSTK,ADANIPORTS,29-Jun-17,420,CE,0,0,0,6.2,3.35,0,0,0,0,17-Apr-17
OPTSTK,ADANIPORTS,29-Jun-17,430,CE,0,0,0,4.95,2.6,0,0,0,0,17-Apr-17
OPTSTK,ADANIPORTS,29-Jun-17,200,PE,0,0,0,0.05,0.15,0,0,0,0,17-Apr-17
OPTSTK,ADANIPORTS,29-Jun-17,210,PE,0,0,0,0.1,0.3,0,0,0,0,17-Apr-17
OPTSTK,ADANIPORTS,29-Jun-17,220,PE,0,0,0,0.25,0.55,0,0,0,0,17-Apr-17
OPTSTK,ADANIPORTS,29-Jun-17,230,PE,0,0,0,0.4,0.95,0,0,0,0,17-Apr-17
OPTSTK,ADANIPORTS,29-Jun-17,240,PE,0,0,0,0.75,1.6,0,0,0,0,17-Apr-17
OPTSTK,ADANIPORTS,29-Jun-17,250,PE,0,0,0,1.25,2.55,0,0,0,0,17-Apr-17
OPTSTK,ADANIPORTS,29-Jun-17,260,PE,0,0,0,2,3.9,0,0,0,0,17-Apr-17
OPTSTK,ADANIPORTS,29-Jun-17,270,PE,0,0,0,3.05,5.7,0,0,0,0,17-Apr-17
OPTSTK,ADANIPORTS,29-Jun-17,280,PE,0,0,0,4.5,8,0,0,0,0,17-Apr-17
OPTSTK,ADANIPORTS,29-Jun-17,290,PE,0,0,0,6.4,10.85,0,0,0,0,17-Apr-17
OPTSTK,ADANIPORTS,29-Jun-17,300,PE,0,0,0,8.8,14.35,0,0,0,0,17-Apr-17
OPTSTK,ADANIPORTS,29-Jun-17,310,PE,0,0,0,11.7,18.5,0,0,0,0,17-Apr-17
OPTSTK,ADANIPORTS,29-Jun-17,320,PE,0,0,0,15.25,23.25,0,0,0,0,17-Apr-17
OPTSTK,ADANIPORTS,29-Jun-17,330,PE,0,0,0,19.35,28.65,0,0,0,0,17-Apr-17
OPTSTK,ADANIPORTS,29-Jun-17,340,PE,0,0,0,24.05,34.6,0,0,0,0,17-Apr-17
OPTSTK,ADANIPORTS,29-Jun-17,350,PE,0,0,0,29.35,41.1,0,0,0,0,17-Apr-17
OPTSTK,ADANIPORTS,29-Jun-17,360,PE,0,0,0,35.25,48.1,0,0,0,0,17-Apr-17
OPTSTK,ADANIPORTS,29-Jun-17,370,PE,0,0,0,41.65,55.6,0,0,0,0,17-Apr-17
OPTSTK,ADANIPORTS,29-Jun-17,380,PE,0,0,0,48.5,63.45,0,0,0,0,17-Apr-17
OPTSTK,ADANIPORTS,29-Jun-17,390,PE,0,0,0,55.85,71.65,0,0,0,0,17-Apr-17
OPTSTK,ADANIPORTS,29-Jun-17,400,PE,0,0,0,63.55,80.2,0,0,0,0,17-Apr-17
OPTSTK,ADANIPORTS,29-Jun-17,410,PE,0,0,0,71.6,88.95,0,0,0,0,17-Apr-17
OPTSTK,ADANIPORTS,29-Jun-17,420,PE,0,0,0,79.95,97.9,0,0,0,0,17-Apr-17
OPTSTK,ADANIPORTS,29-Jun-17,430,PE,0,0,0,88.55,107.05,0,0,0,0,17-Apr-17
OPTSTK,ADANIPOWER,27-Apr-17,10,CE,0,0,0,25.55,22.95,0,0,0,0,17-Apr-17
OPTSTK,ADANIPOWER,27-Apr-17,12.5,CE,0,0,0,23.1,20.45,0,0,0,0,17-Apr-17
OPTSTK,ADANIPOWER,27-Apr-17,15,CE,0,0,0,20.65,17.95,0,0,0,0,17-Apr-17
OPTSTK,ADANIPOWER,27-Apr-17,17.5,CE,0,0,0,18.2,15.45,0,0,0,0,17-Apr-17
OPTSTK,ADANIPOWER,27-Apr-17,20,CE,0,0,0,15.85,12.95,0,0,0,0,17-Apr-17
OPTSTK,ADANIPOWER,27-Apr-17,22.5,CE,0,0,0,13.6,10.45,0,0,0,0,17-Apr-17
OPTSTK,ADANIPOWER,27-Apr-17,25,CE,0,0,0,11.5,8.05,0,0,0,0,17-Apr-17
OPTSTK,ADANIPOWER,27-Apr-17,27.5,CE,0,0,0,9.6,5.75,0,0,0,0,17-Apr-17
OPTSTK,ADANIPOWER,27-Apr-17,30,CE,3.5,3.5,3.35,3.35,3.35,2,13.37,60000,0,17-Apr-17
OPTSTK,ADANIPOWER,27-Apr-17,32.5,CE,1.65,2,1.2,1.35,1.35,96,653.24,2320000,460000,17-Apr-17
OPTSTK,ADANIPOWER,27-Apr-17,35,CE,0.4,0.85,0.4,0.5,0.5,718,5118.25,4560000,2320000,17-Apr-17
OPTSTK,ADANIPOWER,27-Apr-17,37.5,CE,0.2,0.4,0.15,0.25,0.25,439,3317.79,7100000,700000,17-Apr-17
OPTSTK,ADANIPOWER,27-Apr-17,40,CE,0.15,0.2,0.1,0.15,0.15,231,1855.37,14180000,1420000,17-Apr-17
OPTSTK,ADANIPOWER,27-Apr-17,42.5,CE,0.1,0.15,0.05,0.1,0.1,256,2181.07,12240000,2980000,17-Apr-17
OPTSTK,ADANIPOWER,27-Apr-17,45,CE,0.05,0.1,0.05,0.05,0.05,62,558.74,9560000,-120000,17-Apr-17
OPTSTK,ADANIPOWER,27-Apr-17,47.5,CE,0.05,0.05,0.05,0.05,0.05,24,228.24,2660000,-40000,17-Apr-17
OPTSTK,ADANIPOWER,27-Apr-17,50,CE,0.05,0.05,0.05,0.05,0.05,5,50.05,4280000,0,17-Apr-17
OPTSTK,ADANIPOWER,27-Apr-17,52.5,CE,0.05,0.05,0.05,0.05,0.05,6,63.06,1680000,0,17-Apr-17
OPTSTK,ADANIPOWER,27-Apr-17,55,CE,0,0,0,0.05,0,0,0,1120000,0,17-Apr-17
OPTSTK,ADANIPOWER,27-Apr-17,57.5,CE,0,0,0,0.05,0,0,0,340000,0,17-Apr-17
OPTSTK,ADANIPOWER,27-Apr-17,10,PE,0,0,0,0.05,0,0,0,0,0,17-Apr-17
OPTSTK,ADANIPOWER,27-Apr-17,12.5,PE,0,0,0,0.05,0,0,0,0,0,17-Apr-17
OPTSTK,ADANIPOWER,27-Apr-17,15,PE,0,0,0,0.05,0,0,0,0,0,17-Apr-17
OPTSTK,ADANIPOWER,27-Apr-17,17.5,PE,0,0,0,0.05,0,0,0,0,0,17-Apr-17
OPTSTK,ADANIPOWER,27-Apr-17,20,PE,0,0,0,0.05,0,0,0,80000,0,17-Apr-17
OPTSTK,ADANIPOWER,27-Apr-17,22.5,PE,0.05,0.05,0.05,0.05,0.05,4,18.04,80000,40000,17-Apr-17
OPTSTK,ADANIPOWER,27-Apr-17,25,PE,0.05,0.05,0.05,0.05,0.05,2,10.02,260000,20000,17-Apr-17
OPTSTK,ADANIPOWER,27-Apr-17,27.5,PE,0.15,0.15,0.1,0.1,0.1,16,88.39,540000,240000,17-Apr-17
OPTSTK,ADANIPOWER,27-Apr-17,30,PE,0.3,0.35,0.2,0.3,0.3,152,920.41,2260000,540000,17-Apr-17
OPTSTK,ADANIPOWER,27-Apr-17,32.5,PE,0.8,1.15,0.65,0.95,0.95,209,1395.02,3320000,500000,17-Apr-17
OPTSTK,ADANIPOWER,27-Apr-17,35,PE,2.5,2.75,1.9,2.55,2.55,75,559.84,3540000,-300000,17-Apr-17
OPTSTK,ADANIPOWER,27-Apr-17,37.5,PE,4.2,5,4.05,4.7,4.7,11,91.97,2520000,-80000,17-Apr-17
OPTSTK,ADANIPOWER,27-Apr-17,40,PE,7.25,7.25,6.3,7.1,7.1,14,130.91,3180000,-80000,17-Apr-17
OPTSTK,ADANIPOWER,27-Apr-17,42.5,PE,9.75,9.75,9.75,9.75,9.75,1,10.45,2120000,-20000,17-Apr-17
OPTSTK,ADANIPOWER,27-Apr-17,45,PE,12,12,12,12,12,2,22.8,1920000,-40000,17-Apr-17
OPTSTK,ADANIPOWER,27-Apr-17,47.5,PE,0,0,0,3.4,14.55,0,0,120000,0,17-Apr-17
OPTSTK,ADANIPOWER,27-Apr-17,50,PE,0,0,0,15.1,17.05,0,0,0,0,17-Apr-17
OPTSTK,ADANIPOWER,27-Apr-17,52.5,PE,0,0,0,17.25,19.55,0,0,0,0,17-Apr-17
OPTSTK,ADANIPOWER,27-Apr-17,55,PE,0,0,0,19.5,22.05,0,0,0,0,17-Apr-17
OPTSTK,ADANIPOWER,27-Apr-17,57.5,PE,0,0,0,21.8,24.5,0,0,0,0,17-Apr-17
OPTSTK,ADANIPOWER,25-May-17,12.5,CE,0,0,0,26,20.5,0,0,0,0,17-Apr-17
OPTSTK,ADANIPOWER,25-May-17,15,CE,0,0,0,23.55,18.05,0,0,0,0,17-Apr-17
OPTSTK,ADANIPOWER,25-May-17,17.5,CE,0,0,0,21.1,15.6,0,0,0,0,17-Apr-17
OPTSTK,ADANIPOWER,25-May-17,20,CE,0,0,0,18.65,13.2,0,0,0,0,17-Apr-17
OPTSTK,ADANIPOWER,25-May-17,22.5,CE,0,0,0,16.2,11,0,0,0,0,17-Apr-17
OPTSTK,ADANIPOWER,25-May-17,25,CE,0,0,0,13.8,8.95,0,0,0,0,17-Apr-17
OPTSTK,ADANIPOWER,25-May-17,27.5,CE,0,0,0,11.55,7.1,0,0,0,0,17-Apr-17
OPTSTK,ADANIPOWER,25-May-17,30,CE,0,0,0,9.4,5.55,0,0,0,0,17-Apr-17
OPTSTK,ADANIPOWER,25-May-17,32.5,CE,2.5,2.5,2.5,2.5,2.5,1,7,20000,20000,17-Apr-17
OPTSTK,ADANIPOWER,25-May-17,35,CE,0,0,0,2.5,3.25,0,0,20000,0,17-Apr-17
OPTSTK,ADANIPOWER,25-May-17,37.5,CE,1.3,1.3,1.3,1.3,1.3,2,15.52,40000,40000,17-Apr-17
OPTSTK,ADANIPOWER,25-May-17,40,CE,0.5,0.65,0.4,0.65,0.65,6,48.61,120000,80000,17-Apr-17
OPTSTK,ADANIPOWER,25-May-17,42.5,CE,0,0,0,0.75,1.35,0,0,60000,0,17-Apr-17
OPTSTK,ADANIPOWER,25-May-17,45,CE,0,0,0,0.4,1,0,0,120000,0,17-Apr-17
OPTSTK,ADANIPOWER,25-May-17,47.5,CE,0,0,0,0.45,0.7,0,0,60000,0,17-Apr-17
OPTSTK,ADANIPOWER,25-May-17,50,CE,0,0,0,0.9,0.55,0,0,0,0,17-Apr-17
OPTSTK,ADANIPOWER,25-May-17,52.5,CE,0,0,0,0.1,0.4,0,0,40000,0,17-Apr-17
OPTSTK,ADANIPOWER,25-May-17,55,CE,0,0,0,0.4,0.3,0,0,0,0,17-Apr-17
OPTSTK,ADANIPOWER,25-May-17,57.5,CE,0,0,0,0.3,0.2,0,0,0,0,17-Apr-17
OPTSTK,ADANIPOWER,25-May-17,12.5,PE,0,0,0,0.05,0,0,0,0,0,17-Apr-17
OPTSTK,ADANIPOWER,25-May-17,15,PE,0,0,0,0.05,0.05,0,0,0,0,17-Apr-17
OPTSTK,ADANIPOWER,25-May-17,17.5,PE,0,0,0,0.05,0.05,0,0,0,0,17-Apr-17
OPTSTK,ADANIPOWER,25-May-17,20,PE,0,0,0,0.05,0.2,0,0,0,0,17-Apr-17
OPTSTK,ADANIPOWER,25-May-17,22.5,PE,0,0,0,0.05,0.4,0,0,0,0,17-Apr-17
OPTSTK,ADANIPOWER,25-May-17,25,PE,0,0,0,0.15,0.85,0,0,0,0,17-Apr-17
OPTSTK,ADANIPOWER,25-May-17,27.5,PE,0,0,0,0.3,1.55,0,0,0,0,17-Apr-17
OPTSTK,ADANIPOWER,25-May-17,30,PE,0,0,0,0.65,2.45,0,0,0,0,17-Apr-17
OPTSTK,ADANIPOWER,25-May-17,32.5,PE,3,3,1.75,1.75,1.75,3,20.89,60000,20000,17-Apr-17
OPTSTK,ADANIPOWER,25-May-17,35,PE,0,0,0,2,5.15,0,0,0,0,17-Apr-17
OPTSTK,ADANIPOWER,25-May-17,37.5,PE,6,6,6,6,6,1,8.7,20000,20000,17-Apr-17
OPTSTK,ADANIPOWER,25-May-17,40,PE,0,0,0,4.4,8.65,0,0,0,0,17-Apr-17
OPTSTK,ADANIPOWER,25-May-17,42.5,PE,0,0,0,5.95,10.65,0,0,0,0,17-Apr-17
OPTSTK,ADANIPOWER,25-May-17,45,PE,0,0,0,7.75,12.8,0,0,0,0,17-Apr-17
OPTSTK,ADANIPOWER,25-May-17,47.5,PE,0,0,0,9.7,15,0,0,0,0,17-Apr-17
OPTSTK,ADANIPOWER,25-May-17,50,PE,0,0,0,11.8,17.3,0,0,0,0,17-Apr-17
OPTSTK,ADANIPOWER,25-May-17,52.5,PE,0,0,0,14,19.65,0,0,0,0,17-Apr-17
OPTSTK,ADANIPOWER,25-May-17,55,PE,0,0,0,16.25,22,0,0,0,0,17-Apr-17
OPTSTK,ADANIPOWER,25-May-17,57.5,PE,0,0,0,18.6,24.4,0,0,0,0,17-Apr-17
OPTSTK,ADANIPOWER,29-Jun-17,15,CE,0,0,0,25.15,18.2,0,0,0,0,17-Apr-17
OPTSTK,ADANIPOWER,29-Jun-17,17.5,CE,0,0,0,22.7,15.9,0,0,0,0,17-Apr-17
OPTSTK,ADANIPOWER,29-Jun-17,20,CE,0,0,0,20.25,13.75,0,0,0,0,17-Apr-17
OPTSTK,ADANIPOWER,29-Jun-17,22.5,CE,0,0,0,17.8,11.8,0,0,0,0,17-Apr-17
OPTSTK,ADANIPOWER,29-Jun-17,25,CE,0,0,0,15.35,10,0,0,0,0,17-Apr-17
OPTSTK,ADANIPOWER,29-Jun-17,27.5,CE,0,0,0,12.95,8.45,0,0,0,0,17-Apr-17
OPTSTK,ADANIPOWER,29-Jun-17,30,CE,0,0,0,10.65,7.05,0,0,0,0,17-Apr-17
OPTSTK,ADANIPOWER,29-Jun-17,32.5,CE,0,0,0,8.55,5.9,0,0,0,0,17-Apr-17
OPTSTK,ADANIPOWER,29-Jun-17,35,CE,0,0,0,6.6,4.9,0,0,0,0,17-Apr-17
OPTSTK,ADANIPOWER,29-Jun-17,37.5,CE,0,0,0,5,4.05,0,0,0,0,17-Apr-17
OPTSTK,ADANIPOWER,29-Jun-17,40,CE,0,0,0,3.65,3.35,0,0,0,0,17-Apr-17
OPTSTK,ADANIPOWER,29-Jun-17,42.5,CE,0,0,0,2.6,2.75,0,0,0,0,17-Apr-17
OPTSTK,ADANIPOWER,29-Jun-17,45,CE,0,0,0,3,2.25,0,0,20000,0,17-Apr-17
OPTSTK,ADANIPOWER,29-Jun-17,47.5,CE,0,0,0,1.2,1.85,0,0,0,0,17-Apr-17
OPTSTK,ADANIPOWER,29-Jun-17,50,CE,0,0,0,0.8,1.55,0,0,0,0,17-Apr-17
OPTSTK,ADANIPOWER,29-Jun-17,52.5,CE,0,0,0,0.55,1.25,0,0,0,0,17-Apr-17
OPTSTK,ADANIPOWER,29-Jun-17,55,CE,0,0,0,0.35,1.05,0,0,0,0,17-Apr-17
OPTSTK,ADANIPOWER,29-Jun-17,57.5,CE,0,0,0,0.25,0.85,0,0,0,0,17-Apr-17
OPTSTK,ADANIPOWER,29-Jun-17,15,PE,0,0,0,0.05,0.15,0,0,0,0,17-Apr-17
OPTSTK,ADANIPOWER,29-Jun-17,17.5,PE,0,0,0,0.05,0.3,0,0,0,0,17-Apr-17
OPTSTK,ADANIPOWER,29-Jun-17,20,PE,0,0,0,0.05,0.6,0,0,0,0,17-Apr-17
OPTSTK,ADANIPOWER,29-Jun-17,22.5,PE,0,0,0,0.05,1.1,0,0,0,0,17-Apr-17
OPTSTK,ADANIPOWER,29-Jun-17,25,PE,0,0,0,0.05,1.8,0,0,0,0,17-Apr-17
OPTSTK,ADANIPOWER,29-Jun-17,27.5,PE,0,0,0,0.1,2.7,0,0,0,0,17-Apr-17
OPTSTK,ADANIPOWER,29-Jun-17,30,PE,0,0,0,0.25,3.8,0,0,0,0,17-Apr-17
OPTSTK,ADANIPOWER,29-Jun-17,32.5,PE,0,0,0,0.6,5.05,0,0,0,0,17-Apr-17
OPTSTK,ADANIPOWER,29-Jun-17,35,PE,0,0,0,1.15,6.55,0,0,0,0,17-Apr-17
OPTSTK,ADANIPOWER,29-Jun-17,37.5,PE,0,0,0,1.95,8.15,0,0,0,0,17-Apr-17
OPTSTK,ADANIPOWER,29-Jun-17,40,PE,0,0,0,3.1,9.9,0,0,0,0,17-Apr-17
OPTSTK,ADANIPOWER,29-Jun-17,42.5,PE,0,0,0,4.5,11.8,0,0,0,0,17-Apr-17
OPTSTK,ADANIPOWER,29-Jun-17,45,PE,0,0,0,6.15,13.8,0,0,0,0,17-Apr-17
OPTSTK,ADANIPOWER,29-Jun-17,47.5,PE,0,0,0,8.05,15.85,0,0,0,0,17-Apr-17
OPTSTK,ADANIPOWER,29-Jun-17,50,PE,0,0,0,10.1,18,0,0,0,0,17-Apr-17
OPTSTK,ADANIPOWER,29-Jun-17,52.5,PE,0,0,0,12.25,20.2,0,0,0,0,17-Apr-17
OPTSTK,ADANIPOWER,29-Jun-17,55,PE,0,0,0,14.55,22.45,0,0,0,0,17-Apr-17
OPTSTK,ADANIPOWER,29-Jun-17,57.5,PE,0,0,0,16.9,24.7,0,0,0,0,17-Apr-17
OPTSTK,AJANTPHARM,27-Apr-17,1250,CE,0,0,0,479.3,511.5,0,0,0,0,17-Apr-17
OPTSTK,AJANTPHARM,27-Apr-17,1300,CE,0,0,0,431.1,461.6,0,0,0,0,17-Apr-17
OPTSTK,AJANTPHARM,27-Apr-17,1350,CE,0,0,0,383.75,411.65,0,0,0,0,17-Apr-17
OPTSTK,AJANTPHARM,27-Apr-17,1400,CE,0,0,0,345.3,361.75,0,0,800,0,17-Apr-17
OPTSTK,AJANTPHARM,27-Apr-17,1450,CE,0,0,0,295.65,311.85,0,0,400,0,17-Apr-17
OPTSTK,AJANTPHARM,27-Apr-17,1500,CE,0,0,0,246.6,261.95,0,0,800,0,17-Apr-17
OPTSTK,AJANTPHARM,27-Apr-17,1550,CE,0,0,0,199.15,212,0,0,800,0,17-Apr-17
OPTSTK,AJANTPHARM,27-Apr-17,1600,CE,0,0,0,176.35,162.15,0,0,0,0,17-Apr-17
OPTSTK,AJANTPHARM,27-Apr-17,1650,CE,0,0,0,144.35,112.7,0,0,0,0,17-Apr-17
OPTSTK,AJANTPHARM,27-Apr-17,1700,CE,0,0,0,116.3,66.3,0,0,0,0,17-Apr-17
OPTSTK,AJANTPHARM,27-Apr-17,1750,CE,0,0,0,55.1,29.85,0,0,5200,0,17-Apr-17
OPTSTK,AJANTPHARM,27-Apr-17,1800,CE,22,23.95,18,18,18,12,87.47,13600,-1600,17-Apr-17
OPTSTK,AJANTPHARM,27-Apr-17,1850,CE,10.4,15,10.4,10.4,10.4,3,22.34,14000,400,17-Apr-17
OPTSTK,AJANTPHARM,27-Apr-17,1900,CE,0,0,0,3.75,0.25,0,0,2000,0,17-Apr-17
OPTSTK,AJANTPHARM,27-Apr-17,1950,CE,3.3,3.7,3.3,3.7,3.7,2,15.62,800,0,17-Apr-17
OPTSTK,AJANTPHARM,27-Apr-17,2000,CE,0,0,0,6.9,0,0,0,400,0,17-Apr-17
OPTSTK,AJANTPHARM,27-Apr-17,2050,CE,0,0,0,16.7,0,0,0,0,0,17-Apr-17
OPTSTK,AJANTPHARM,27-Apr-17,2100,CE,0,0,0,12,0,0,0,0,0,17-Apr-17
OPTSTK,AJANTPHARM,27-Apr-17,2150,CE,0,0,0,8.5,0,0,0,0,0,17-Apr-17
OPTSTK,AJANTPHARM,27-Apr-17,2200,CE,0,0,0,5.95,0,0,0,0,0,17-Apr-17
OPTSTK,AJANTPHARM,27-Apr-17,2250,CE,0,0,0,4.1,0,0,0,0,0,17-Apr-17
OPTSTK,AJANTPHARM,27-Apr-17,2300,CE,0,0,0,2.8,0,0,0,0,0,17-Apr-17
OPTSTK,AJANTPHARM,27-Apr-17,2350,CE,0,0,0,1.9,0,0,0,0,0,17-Apr-17
OPTSTK,AJANTPHARM,27-Apr-17,2400,CE,0,0,0,1.3,0,0,0,0,0,17-Apr-17
OPTSTK,AJANTPHARM,27-Apr-17,2450,CE,0,0,0,0.85,0,0,0,0,0,17-Apr-17
OPTSTK,AJANTPHARM,27-Apr-17,2500,CE,0,0,0,0.55,0,0,0,0,0,17-Apr-17
OPTSTK,AJANTPHARM,27-Apr-17,1250,PE,0,0,0,0.85,0,0,0,0,0,17-Apr-17
OPTSTK,AJANTPHARM,27-Apr-17,1300,PE,0,0,0,1.8,0,0,0,0,0,17-Apr-17
OPTSTK,AJANTPHARM,27-Apr-17,1350,PE,0,0,0,3.6,0,0,0,0,0,17-Apr-17
OPTSTK,AJANTPHARM,27-Apr-17,1400,PE,0,0,0,6.65,0,0,0,0,0,17-Apr-17
OPTSTK,AJANTPHARM,27-Apr-17,1450,PE,0,0,0,11.5,0,0,0,0,0,17-Apr-17
OPTSTK,AJANTPHARM,27-Apr-17,1500,PE,0,0,0,18.65,0,0,0,0,0,17-Apr-17
OPTSTK,AJANTPHARM,27-Apr-17,1550,PE,0,0,0,28.75,0,0,0,0,0,17-Apr-17
OPTSTK,AJANTPHARM,27-Apr-17,1600,PE,0,0,0,4.85,0.05,0,0,400,0,17-Apr-17
OPTSTK,AJANTPHARM,27-Apr-17,1650,PE,0,0,0,16.5,0.5,0,0,1200,0,17-Apr-17
OPTSTK,AJANTPHARM,27-Apr-17,1700,PE,13,14.95,13,14.95,14.95,2,13.71,2400,400,17-Apr-17
OPTSTK,AJANTPHARM,27-Apr-17,1750,PE,31.45,31.45,31.45,31.45,31.45,1,7.12,4800,400,17-Apr-17
OPTSTK,AJANTPHARM,27-Apr-17,1800,PE,69.8,69.8,69.8,69.8,69.8,1,7.47,5600,0,17-Apr-17
OPTSTK,AJANTPHARM,27-Apr-17,1850,PE,0,0,0,101.95,89.4,0,0,1600,0,17-Apr-17
OPTSTK,AJANTPHARM,27-Apr-17,1900,PE,0,0,0,166.6,137.65,0,0,800,0,17-Apr-17
OPTSTK,AJANTPHARM,27-Apr-17,1950,PE,0,0,0,210.3,187.35,0,0,2000,0,17-Apr-17
OPTSTK,AJANTPHARM,27-Apr-17,2000,PE,0,0,0,189,237.25,0,0,400,0,17-Apr-17
OPTSTK,AJANTPHARM,27-Apr-17,2050,PE,0,0,0,303.45,287.15,0,0,800,0,17-Apr-17
OPTSTK,AJANTPHARM,27-Apr-17,2100,PE,0,0,0,369.55,337.05,0,0,0,0,17-Apr-17
OPTSTK,AJANTPHARM,27-Apr-17,2150,PE,0,0,0,415.25,387,0,0,0,0,17-Apr-17
OPTSTK,AJANTPHARM,27-Apr-17,2200,PE,0,0,0,461.85,436.9,0,0,0,0,17-Apr-17
OPTSTK,AJANTPHARM,27-Apr-17,2250,PE,0,0,0,509.2,486.8,0,0,0,0,17-Apr-17
OPTSTK,AJANTPHARM,27-Apr-17,2300,PE,0,0,0,557.1,536.7,0,0,0,0,17-Apr-17
OPTSTK,AJANTPHARM,27-Apr-17,2350,PE,0,0,0,605.4,586.65,0,0,0,0,17-Apr-17
OPTSTK,AJANTPHARM,27-Apr-17,2400,PE,0,0,0,653.95,636.55,0,0,0,0,17-Apr-17
OPTSTK,AJANTPHARM,27-Apr-17,2450,PE,0,0,0,702.7,686.45,0,0,0,0,17-Apr-17
OPTSTK,AJANTPHARM,27-Apr-17,2500,PE,0,0,0,751.6,736.35,0,0,0,0,17-Apr-17
OPTSTK,AJANTPHARM,25-May-17,1250,CE,0,0,0,476.05,517.75,0,0,0,0,17-Apr-17
OPTSTK,AJANTPHARM,25-May-17,1300,CE,0,0,0,427,468.1,0,0,0,0,17-Apr-17
OPTSTK,AJANTPHARM,25-May-17,1350,CE,0,0,0,378.2,418.45,0,0,0,0,17-Apr-17
OPTSTK,AJANTPHARM,25-May-17,1400,CE,0,0,0,330,368.75,0,0,0,0,17-Apr-17
OPTSTK,AJANTPHARM,25-May-17,1450,CE,0,0,0,282.85,319.15,0,0,0,0,17-Apr-17
OPTSTK,AJANTPHARM,25-May-17,1500,CE,0,0,0,237.55,269.6,0,0,0,0,17-Apr-17
OPTSTK,AJANTPHARM,25-May-17,1550,CE,0,0,0,194.9,220.55,0,0,0,0,17-Apr-17
OPTSTK,AJANTPHARM,25-May-17,1600,CE,0,0,0,155.9,172.8,0,0,0,0,17-Apr-17
OPTSTK,AJANTPHARM,25-May-17,1650,CE,0,0,0,121.25,128,0,0,0,0,17-Apr-17
OPTSTK,AJANTPHARM,25-May-17,1700,CE,0,0,0,91.65,88.55,0,0,0,0,17-Apr-17
OPTSTK,AJANTPHARM,25-May-17,1750,CE,0,0,0,67.2,56.35,0,0,0,0,17-Apr-17
OPTSTK,AJANTPHARM,25-May-17,1800,CE,0,0,0,47.85,32.8,0,0,0,0,17-Apr-17
OPTSTK,AJANTPHARM,25-May-17,1850,CE,0,0,0,33.05,17.4,0,0,0,0,17-Apr-17
OPTSTK,AJANTPHARM,25-May-17,1900,CE,0,0,0,22.15,8.3,0,0,0,0,17-Apr-17
OPTSTK,AJANTPHARM,25-May-17,1950,CE,0,0,0,14.45,3.6,0,0,0,0,17-Apr-17
OPTSTK,AJANTPHARM,25-May-17,2000,CE,0,0,0,9.15,1.4,0,0,0,0,17-Apr-17
OPTSTK,AJANTPHARM,25-May-17,2050,CE,0,0,0,5.65,0.5,0,0,0,0,17-Apr-17
OPTSTK,AJANTPHARM,25-May-17,2100,CE,0,0,0,3.4,0.2,0,0,0,0,17-Apr-17
OPTSTK,AJANTPHARM,25-May-17,2150,CE,0,0,0,2,0.05,0,0,0,0,17-Apr-17
OPTSTK,AJANTPHARM,25-May-17,2200,CE,0,0,0,1.15,0.05,0,0,0,0,17-Apr-17
OPTSTK,AJANTPHARM,25-May-17,2250,CE,0,0,0,0.65,0,0,0,0,0,17-Apr-17
OPTSTK,AJANTPHARM,25-May-17,2300,CE,0,0,0,0.35,0,0,0,0,0,17-Apr-17
OPTSTK,AJANTPHARM,25-May-17,2350,CE,0,0,0,0.2,0,0,0,0,0,17-Apr-17
OPTSTK,AJANTPHARM,25-May-17,2400,CE,0,0,0,0.1,0,0,0,0,0,17-Apr-17
OPTSTK,AJANTPHARM,25-May-17,2450,CE,0,0,0,0.05,0,0,0,0,0,17-Apr-17
OPTSTK,AJANTPHARM,25-May-17,2500,CE,0,0,0,0.05,0,0,0,0,0,17-Apr-17
OPTSTK,AJANTPHARM,25-May-17,1250,PE,0,0,0,0.1,0,0,0,0,0,17-Apr-17
OPTSTK,AJANTPHARM,25-May-17,1300,PE,0,0,0,0.25,0,0,0,0,0,17-Apr-17
OPTSTK,AJANTPHARM,25-May-17,1350,PE,0,0,0,0.65,0,0,0,0,0,17-Apr-17
OPTSTK,AJANTPHARM,25-May-17,1400,PE,0,0,0,1.65,0,0,0,0,0,17-Apr-17
OPTSTK,AJANTPHARM,25-May-17,1450,PE,0,0,0,3.75,0.05,0,0,0,0,17-Apr-17
OPTSTK,AJANTPHARM,25-May-17,1500,PE,0,0,0,7.65,0.2,0,0,0,0,17-Apr-17
OPTSTK,AJANTPHARM,25-May-17,1550,PE,0,0,0,14.25,0.75,0,0,0,0,17-Apr-17
OPTSTK,AJANTPHARM,25-May-17,1600,PE,0,0,0,24.45,2.7,0,0,0,0,17-Apr-17
OPTSTK,AJANTPHARM,25-May-17,1650,PE,0,0,0,39,7.6,0,0,0,0,17-Apr-17
OPTSTK,AJANTPHARM,25-May-17,1700,PE,0,0,0,58.65,17.75,0,0,0,0,17-Apr-17
OPTSTK,AJANTPHARM,25-May-17,1750,PE,0,0,0,83.4,35.25,0,0,0,0,17-Apr-17
OPTSTK,AJANTPHARM,25-May-17,1800,PE,0,0,0,113.25,61.35,0,0,0,0,17-Apr-17
OPTSTK,AJANTPHARM,25-May-17,1850,PE,0,0,0,147.65,95.65,0,0,0,0,17-Apr-17
OPTSTK,AJANTPHARM,25-May-17,1900,PE,0,0,0,186,136.2,0,0,0,0,17-Apr-17
OPTSTK,AJANTPHARM,25-May-17,1950,PE,0,0,0,227.5,181.15,0,0,0,0,17-Apr-17
OPTSTK,AJANTPHARM,25-May-17,2000,PE,0,0,0,271.4,228.65,0,0,0,0,17-Apr-17
OPTSTK,AJANTPHARM,25-May-17,2050,PE,0,0,0,317.1,277.4,0,0,0,0,17-Apr-17
OPTSTK,AJANTPHARM,25-May-17,2100,PE,0,0,0,364.1,326.7,0,0,0,0,17-Apr-17
OPTSTK,AJANTPHARM,25-May-17,2150,PE,0,0,0,411.9,376.25,0,0,0,0,17-Apr-17
OPTSTK,AJANTPHARM,25-May-17,2200,PE,0,0,0,460.25,425.9,0,0,0,0,17-Apr-17
OPTSTK,AJANTPHARM,25-May-17,2250,PE,0,0,0,509,475.55,0,0,0,0,17-Apr-17
OPTSTK,AJANTPHARM,25-May-17,2300,PE,0,0,0,557.9,525.2,0,0,0,0,17-Apr-17
OPTSTK,AJANTPHARM,25-May-17,2350,PE,0,0,0,607,574.85,0,0,0,0,17-Apr-17
OPTSTK,AJANTPHARM,25-May-17,2400,PE,0,0,0,656.1,624.55,0,0,0,0,17-Apr-17
OPTSTK,AJANTPHARM,25-May-17,2450,PE,0,0,0,705.3,674.2,0,0,0,0,17-Apr-17
OPTSTK,AJANTPHARM,25-May-17,2500,PE,0,0,0,754.45,723.85,0,0,0,0,17-Apr-17
OPTSTK,AJANTPHARM,29-Jun-17,1250,CE,0,0,0,525.05,525.45,0,0,0,0,17-Apr-17
OPTSTK,AJANTPHARM,29-Jun-17,1300,CE,0,0,0,475.95,476.1,0,0,0,0,17-Apr-17
OPTSTK,AJANTPHARM,29-Jun-17,1350,CE,0,0,0,426.95,426.8,0,0,0,0,17-Apr-17
OPTSTK,AJANTPHARM,29-Jun-17,1400,CE,0,0,0,378.2,377.55,0,0,0,0,17-Apr-17
OPTSTK,AJANTPHARM,29-Jun-17,1450,CE,0,0,0,330.1,328.55,0,0,0,0,17-Apr-17
OPTSTK,AJANTPHARM,29-Jun-17,1500,CE,0,0,0,283.1,280.2,0,0,0,0,17-Apr-17
OPTSTK,AJANTPHARM,29-Jun-17,1550,CE,0,0,0,237.95,233.1,0,0,0,0,17-Apr-17
OPTSTK,AJANTPHARM,29-Jun-17,1600,CE,0,0,0,195.5,188.25,0,0,0,0,17-Apr-17
OPTSTK,AJANTPHARM,29-Jun-17,1650,CE,0,0,0,156.6,146.95,0,0,0,0,17-Apr-17
OPTSTK,AJANTPHARM,29-Jun-17,1700,CE,0,0,0,122.05,110.35,0,0,0,0,17-Apr-17
OPTSTK,AJANTPHARM,29-Jun-17,1750,CE,0,0,0,92.5,79.45,0,0,0,0,17-Apr-17
OPTSTK,AJANTPHARM,29-Jun-17,1800,CE,0,0,0,68.05,54.75,0,0,0,0,17-Apr-17
OPTSTK,AJANTPHARM,29-Jun-17,1850,CE,0,0,0,48.6,36.05,0,0,0,0,17-Apr-17
OPTSTK,AJANTPHARM,29-Jun-17,1900,CE,0,0,0,33.7,22.65,0,0,0,0,17-Apr-17
OPTSTK,AJANTPHARM,29-Jun-17,1950,CE,0,0,0,22.7,13.6,0,0,0,0,17-Apr-17
OPTSTK,AJANTPHARM,29-Jun-17,2000,CE,0,0,0,14.85,7.8,0,0,0,0,17-Apr-17
OPTSTK,AJANTPHARM,29-Jun-17,2050,CE,0,0,0,9.45,4.3,0,0,0,0,17-Apr-17
OPTSTK,AJANTPHARM,29-Jun-17,2100,CE,0,0,0,5.85,2.25,0,0,0,0,17-Apr-17
OPTSTK,AJANTPHARM,29-Jun-17,2150,CE,0,0,0,3.55,1.15,0,0,0,0,17-Apr-17
OPTSTK,AJANTPHARM,29-Jun-17,2200,CE,0,0,0,2.1,0.55,0,0,0,0,17-Apr-17
OPTSTK,AJANTPHARM,29-Jun-17,2250,CE,0,0,0,1.2,0.3,0,0,0,0,17-Apr-17
OPTSTK,AJANTPHARM,29-Jun-17,2300,CE,0,0,0,0.7,0.15,0,0,0,0,17-Apr-17
OPTSTK,AJANTPHARM,29-Jun-17,2350,CE,0,0,0,0.4,0.05,0,0,0,0,17-Apr-17
OPTSTK,AJANTPHARM,29-Jun-17,2400,CE,0,0,0,0.2,0.05,0,0,0,0,17-Apr-17
OPTSTK,AJANTPHARM,29-Jun-17,2450,CE,0,0,0,0.1,0.05,0,0,0,0,17-Apr-17
OPTSTK,AJANTPHARM,29-Jun-17,1250,PE,0,0,0,0.05,0,0,0,0,0,17-Apr-17
OPTSTK,AJANTPHARM,29-Jun-17,1300,PE,0,0,0,0.1,0.05,0,0,0,0,17-Apr-17
OPTSTK,AJANTPHARM,29-Jun-17,1350,PE,0,0,0,0.25,0.05,0,0,0,0,17-Apr-17
OPTSTK,AJANTPHARM,29-Jun-17,1400,PE,0,0,0,0.75,0.15,0,0,0,0,17-Apr-17
OPTSTK,AJANTPHARM,29-Jun-17,1450,PE,0,0,0,1.8,0.55,0,0,0,0,17-Apr-17
OPTSTK,AJANTPHARM,29-Jun-17,1500,PE,0,0,0,4,1.5,0,0,0,0,17-Apr-17
OPTSTK,AJANTPHARM,29-Jun-17,1550,PE,0,0,0,8,3.75,0,0,0,0,17-Apr-17
OPTSTK,AJANTPHARM,29-Jun-17,1600,PE,0,0,0,14.7,8.3,0,0,0,0,17-Apr-17
OPTSTK,AJANTPHARM,29-Jun-17,1650,PE,0,0,0,25,16.35,0,0,0,0,17-Apr-17
OPTSTK,AJANTPHARM,29-Jun-17,1700,PE,0,0,0,39.65,29.05,0,0,0,0,17-Apr-17
OPTSTK,AJANTPHARM,29-Jun-17,1750,PE,0,0,0,59.25,47.55,0,0,0,0,17-Apr-17
OPTSTK,AJANTPHARM,29-Jun-17,1800,PE,0,0,0,83.95,72.2,0,0,0,0,17-Apr-17
OPTSTK,AJANTPHARM,29-Jun-17,1850,PE,0,0,0,113.7,102.85,0,0,0,0,17-Apr-17
OPTSTK,AJANTPHARM,29-Jun-17,1900,PE,0,0,0,147.95,138.85,0,0,0,0,17-Apr-17
OPTSTK,AJANTPHARM,29-Jun-17,1950,PE,0,0,0,186.15,179.15,0,0,0,0,17-Apr-17
OPTSTK,AJANTPHARM,29-Jun-17,2000,PE,0,0,0,227.45,222.7,0,0,0,0,17-Apr-17
OPTSTK,AJANTPHARM,29-Jun-17,2050,PE,0,0,0,271.25,268.5,0,0,0,0,17-Apr-17
OPTSTK,AJANTPHARM,29-Jun-17,2100,PE,0,0,0,316.8,315.85,0,0,0,0,17-Apr-17
OPTSTK,AJANTPHARM,29-Jun-17,2150,PE,0,0,0,363.7,364.1,0,0,0,0,17-Apr-17
OPTSTK,AJANTPHARM,29-Jun-17,2200,PE,0,0,0,411.4,412.85,0,0,0,0,17-Apr-17
OPTSTK,AJANTPHARM,29-Jun-17,2250,PE,0,0,0,459.7,461.9,0,0,0,0,17-Apr-17
OPTSTK,AJANTPHARM,29-Jun-17,2300,PE,0,0,0,508.35,511.15,0,0,0,0,17-Apr-17
OPTSTK,AJANTPHARM,29-Jun-17,2350,PE,0,0,0,557.25,560.4,0,0,0,0,17-Apr-17
OPTSTK,AJANTPHARM,29-Jun-17,2400,PE,0,0,0,606.25,609.75,0,0,0,0,17-Apr-17
OPTSTK,AJANTPHARM,29-Jun-17,2450,PE,0,0,0,655.3,659.1,0,0,0,0,17-Apr-17
OPTSTK,ALBK,27-Apr-17,40,CE,0,0,0,27.15,33.6,0,0,0,0,17-Apr-17
OPTSTK,ALBK,27-Apr-17,42.5,CE,0,0,0,24.7,31.1,0,0,0,0,17-Apr-17
OPTSTK,ALBK,27-Apr-17,45,CE,0,0,0,22.25,28.6,0,0,0,0,17-Apr-17
OPTSTK,ALBK,27-Apr-17,47.5,CE,0,0,0,19.85,26.1,0,0,0,0,17-Apr-17
OPTSTK,ALBK,27-Apr-17,50,CE,0,0,0,17.5,23.6,0,0,0,0,17-Apr-17
OPTSTK,ALBK,27-Apr-17,52.5,CE,0,0,0,15.25,21.1,0,0,0,0,17-Apr-17
OPTSTK,ALBK,27-Apr-17,55,CE,0,0,0,13.1,18.6,0,0,0,0,17-Apr-17
OPTSTK,ALBK,27-Apr-17,57.5,CE,0,0,0,11.1,16.1,0,0,0,0,17-Apr-17
OPTSTK,ALBK,27-Apr-17,60,CE,0,0,0,9.25,13.6,0,0,0,0,17-Apr-17
OPTSTK,ALBK,27-Apr-17,62.5,CE,0,0,0,7.6,11.15,0,0,0,0,17-Apr-17
OPTSTK,ALBK,27-Apr-17,65,CE,0,0,0,9.55,8.65,0,0,10000,0,17-Apr-17
OPTSTK,ALBK,27-Apr-17,67.5,CE,0,0,0,6.05,6.2,0,0,10000,0,17-Apr-17
OPTSTK,ALBK,27-Apr-17,70,CE,4.7,4.75,4.1,4.75,4.75,8,59.7,80000,50000,17-Apr-17
OPTSTK,ALBK,27-Apr-17,72.5,CE,2.8,2.9,2.3,2.3,2.3,10,75.09,130000,10000,17-Apr-17
OPTSTK,ALBK,27-Apr-17,75,CE,1.9,2,1.35,1.45,1.45,48,367.75,810000,120000,17-Apr-17
OPTSTK,ALBK,27-Apr-17,77.5,CE,0.8,0.8,0.7,0.8,0.8,11,86.1,350000,20000,17-Apr-17
OPTSTK,ALBK,27-Apr-17,80,CE,0.7,0.7,0.4,0.4,0.4,21,169.04,880000,120000,17-Apr-17
OPTSTK,ALBK,27-Apr-17,82.5,CE,0.35,0.35,0.35,0.35,0.35,1,8.28,70000,10000,17-Apr-17
OPTSTK,ALBK,27-Apr-17,85,CE,0.15,0.15,0.15,0.15,0.15,1,8.51,230000,10000,17-Apr-17
OPTSTK,ALBK,27-Apr-17,87.5,CE,0,0,0,0.2,0,0,0,10000,0,17-Apr-17
OPTSTK,ALBK,27-Apr-17,90,CE,0,0,0,0.1,0,0,0,80000,0,17-Apr-17
OPTSTK,ALBK,27-Apr-17,40,PE,0,0,0,0.05,0,0,0,0,0,17-Apr-17
OPTSTK,ALBK,27-Apr-17,42.5,PE,0,0,0,0.05,0,0,0,0,0,17-Apr-17
OPTSTK,ALBK,27-Apr-17,45,PE,0,0,0,0.05,0,0,0,0,0,17-Apr-17
OPTSTK,ALBK,27-Apr-17,47.5,PE,0,0,0,0.15,0,0,0,0,0,17-Apr-17
OPTSTK,ALBK,27-Apr-17,50,PE,0,0,0,0.25,0,0,0,0,0,17-Apr-17
OPTSTK,ALBK,27-Apr-17,52.5,PE,0,0,0,0.05,0,0,0,10000,0,17-Apr-17
OPTSTK,ALBK,27-Apr-17,55,PE,0,0,0,0.75,0,0,0,0,0,17-Apr-17
OPTSTK,ALBK,27-Apr-17,57.5,PE,0,0,0,1.2,0,0,0,0,0,17-Apr-17
OPTSTK,ALBK,27-Apr-17,60,PE,0.3,1.9,0.05,1.9,1.9,32,197.52,310000,300000,17-Apr-17
OPTSTK,ALBK,27-Apr-17,62.5,PE,0,0,0,0.1,0,0,0,10000,0,17-Apr-17
OPTSTK,ALBK,27-Apr-17,65,PE,0,0,0,0.3,0.05,0,0,140000,0,17-Apr-17
OPTSTK,ALBK,27-Apr-17,67.5,PE,0.3,0.3,0.1,0.1,0.1,3,20.3,120000,-10000,17-Apr-17
OPTSTK,ALBK,27-Apr-17,70,PE,0.4,0.7,0.4,0.7,0.7,4,28.22,170000,-10000,17-Apr-17
OPTSTK,ALBK,27-Apr-17,72.5,PE,1.2,1.35,1.1,1.35,1.35,5,36.84,260000,-10000,17-Apr-17
OPTSTK,ALBK,27-Apr-17,75,PE,0,0,0,2.75,2.3,0,0,100000,0,17-Apr-17
OPTSTK,ALBK,27-Apr-17,77.5,PE,0,0,0,3.4,4.2,0,0,0,0,17-Apr-17
OPTSTK,ALBK,27-Apr-17,80,PE,0,0,0,6.95,6.45,0,0,20000,0,17-Apr-17
OPTSTK,ALBK,27-Apr-17,82.5,PE,0,0,0,15.65,8.9,0,0,0,0,17-Apr-17
OPTSTK,ALBK,27-Apr-17,85,PE,0,0,0,12.4,11.4,0,0,90000,0,17-Apr-17
OPTSTK,ALBK,27-Apr-17,87.5,PE,0,0,0,20.15,13.85,0,0,0,0,17-Apr-17
OPTSTK,ALBK,27-Apr-17,90,PE,0,0,0,16.7,16.35,0,0,10000,0,17-Apr-17
OPTSTK,ALBK,25-May-17,45,CE,0,0,0,29.6,28.8,0,0,0,0,17-Apr-17
OPTSTK,ALBK,25-May-17,47.5,CE,0,0,0,27.15,26.35,0,0,0,0,17-Apr-17
OPTSTK,ALBK,25-May-17,50,CE,0,0,0,24.7,23.85,0,0,0,0,17-Apr-17
OPTSTK,ALBK,25-May-17,52.5,CE,0,0,0,22.3,21.35,0,0,0,0,17-Apr-17
OPTSTK,ALBK,25-May-17,55,CE,0,0,0,19.95,18.9,0,0,0,0,17-Apr-17
OPTSTK,ALBK,25-May-17,57.5,CE,0,0,0,17.7,16.4,0,0,0,0,17-Apr-17
OPTSTK,ALBK,25-May-17,60,CE,0,0,0,15.5,13.95,0,0,0,0,17-Apr-17
OPTSTK,ALBK,25-May-17,62.5,CE,0,0,0,13.4,11.55,0,0,0,0,17-Apr-17
OPTSTK,ALBK,25-May-17,65,CE,0,0,0,11.5,9.3,0,0,0,0,17-Apr-17
OPTSTK,ALBK,25-May-17,67.5,CE,0,0,0,9.7,7.15,0,0,0,0,17-Apr-17
OPTSTK,ALBK,25-May-17,70,CE,0,0,0,6.8,5.3,0,0,80000,0,17-Apr-17
OPTSTK,ALBK,25-May-17,72.5,CE,0,0,0,6.7,3.75,0,0,0,0,17-Apr-17
OPTSTK,ALBK,25-May-17,75,CE,0,0,0,5.5,2.5,0,0,0,0,17-Apr-17
OPTSTK,ALBK,25-May-17,77.5,CE,0,0,0,4.45,1.6,0,0,0,0,17-Apr-17
OPTSTK,ALBK,25-May-17,80,CE,0,0,0,1.55,1,0,0,10000,0,17-Apr-17
OPTSTK,ALBK,25-May-17,82.5,CE,0,0,0,2.8,0.55,0,0,0,0,17-Apr-17
OPTSTK,ALBK,25-May-17,85,CE,0,0,0,2.2,0.3,0,0,0,0,17-Apr-17
OPTSTK,ALBK,25-May-17,87.5,CE,0,0,0,1.7,0.2,0,0,0,0,17-Apr-17
OPTSTK,ALBK,25-May-17,90,CE,0,0,0,1.3,0.1,0,0,0,0,17-Apr-17
OPTSTK,ALBK,25-May-17,45,PE,0,0,0,0.05,0,0,0,0,0,17-Apr-17
OPTSTK,ALBK,25-May-17,47.5,PE,0,0,0,0.05,0,0,0,0,0,17-Apr-17
OPTSTK,ALBK,25-May-17,50,PE,0,0,0,0.1,0,0,0,0,0,17-Apr-17
OPTSTK,ALBK,25-May-17,52.5,PE,0,0,0,0.15,0,0,0,0,0,17-Apr-17
OPTSTK,ALBK,25-May-17,55,PE,0,0,0,0.25,0,0,0,0,0,17-Apr-17
OPTSTK,ALBK,25-May-17,57.5,PE,0,0,0,0.45,0.05,0,0,0,0,17-Apr-17
OPTSTK,ALBK,25-May-17,60,PE,0,0,0,0.7,0.05,0,0,0,0,17-Apr-17
OPTSTK,ALBK,25-May-17,62.5,PE,0,0,0,1.1,0.15,0,0,0,0,17-Apr-17
OPTSTK,ALBK,25-May-17,65,PE,0,0,0,1.6,0.35,0,0,0,0,17-Apr-17
OPTSTK,ALBK,25-May-17,67.5,PE,0,0,0,2.3,0.7,0,0,0,0,17-Apr-17
OPTSTK,ALBK,25-May-17,70,PE,0,0,0,1.7,1.3,0,0,10000,0,17-Apr-17
OPTSTK,ALBK,25-May-17,72.5,PE,0,0,0,2.5,2.25,0,0,10000,0,17-Apr-17
OPTSTK,ALBK,25-May-17,75,PE,0,0,0,5.45,3.5,0,0,0,0,17-Apr-17
OPTSTK,ALBK,25-May-17,77.5,PE,0,0,0,6.85,5.1,0,0,0,0,17-Apr-17
OPTSTK,ALBK,25-May-17,80,PE,0,0,0,8.45,6.95,0,0,0,0,17-Apr-17
OPTSTK,ALBK,25-May-17,82.5,PE,0,0,0,10.15,9,0,0,0,0,17-Apr-17
OPTSTK,ALBK,25-May-17,85,PE,0,0,0,12,11.25,0,0,0,0,17-Apr-17
OPTSTK,ALBK,25-May-17,87.5,PE,0,0,0,14,13.6,0,0,0,0,17-Apr-17
OPTSTK,ALBK,25-May-17,90,PE,0,0,0,16.05,16,0,0,0,0,17-Apr-17
OPTSTK,ALBK,29-Jun-17,45,CE,0,0,0,28.6,29.1,0,0,0,0,17-Apr-17
OPTSTK,ALBK,29-Jun-17,47.5,CE,0,0,0,26.15,26.65,0,0,0,0,17-Apr-17
OPTSTK,ALBK,29-Jun-17,50,CE,0,0,0,23.75,24.15,0,0,0,0,17-Apr-17
OPTSTK,ALBK,29-Jun-17,52.5,CE,0,0,0,21.3,21.7,0,0,0,0,17-Apr-17
OPTSTK,ALBK,29-Jun-17,55,CE,0,0,0,18.95,19.3,0,0,0,0,17-Apr-17
OPTSTK,ALBK,29-Jun-17,57.5,CE,0,0,0,16.65,16.85,0,0,0,0,17-Apr-17
OPTSTK,ALBK,29-Jun-17,60,CE,0,0,0,14.45,14.55,0,0,0,0,17-Apr-17
OPTSTK,ALBK,29-Jun-17,62.5,CE,0,0,0,12.35,12.3,0,0,0,0,17-Apr-17
OPTSTK,ALBK,29-Jun-17,65,CE,0,0,0,10.45,10.2,0,0,0,0,17-Apr-17
OPTSTK,ALBK,29-Jun-17,67.5,CE,0,0,0,8.7,8.25,0,0,0,0,17-Apr-17
OPTSTK,ALBK,29-Jun-17,70,CE,0,0,0,7.1,6.55,0,0,0,0,17-Apr-17
OPTSTK,ALBK,29-Jun-17,72.5,CE,0,0,0,5.75,5.1,0,0,0,0,17-Apr-17
OPTSTK,ALBK,29-Jun-17,75,CE,0,0,0,4.6,3.85,0,0,0,0,17-Apr-17
OPTSTK,ALBK,29-Jun-17,77.5,CE,0,0,0,3.6,2.85,0,0,0,0,17-Apr-17
OPTSTK,ALBK,29-Jun-17,80,CE,0,0,0,2.8,2.05,0,0,0,0,17-Apr-17
OPTSTK,ALBK,29-Jun-17,82.5,CE,0,0,0,2.15,1.45,0,0,0,0,17-Apr-17
OPTSTK,ALBK,29-Jun-17,85,CE,0,0,0,1.6,1,0,0,0,0,17-Apr-17
OPTSTK,ALBK,29-Jun-17,87.5,CE,0,0,0,1.2,0.7,0,0,0,0,17-Apr-17
OPTSTK,ALBK,29-Jun-17,90,CE,0,0,0,0.9,0.45,0,0,0,0,17-Apr-17
OPTSTK,ALBK,29-Jun-17,45,PE,0,0,0,0.05,0,0,0,0,0,17-Apr-17
OPTSTK,ALBK,29-Jun-17,47.5,PE,0,0,0,0.05,0,0,0,0,0,17-Apr-17
OPTSTK,ALBK,29-Jun-17,50,PE,0,0,0,0.05,0.05,0,0,0,0,17-Apr-17
OPTSTK,ALBK,29-Jun-17,52.5,PE,0,0,0,0.1,0.05,0,0,0,0,17-Apr-17
OPTSTK,ALBK,29-Jun-17,55,PE,0,0,0,0.2,0.05,0,0,0,0,17-Apr-17
OPTSTK,ALBK,29-Jun-17,57.5,PE,0,0,0,0.35,0.15,0,0,0,0,17-Apr-17
OPTSTK,ALBK,29-Jun-17,60,PE,0,0,0,0.6,0.25,0,0,0,0,17-Apr-17
OPTSTK,ALBK,29-Jun-17,62.5,PE,0,0,0,1,0.5,0,0,0,0,17-Apr-17
OPTSTK,ALBK,29-Jun-17,65,PE,0,0,0,1.5,0.85,0,0,0,0,17-Apr-17
OPTSTK,ALBK,29-Jun-17,67.5,PE,0,0,0,2.2,1.4,0,0,0,0,17-Apr-17
OPTSTK,ALBK,29-Jun-17,70,PE,0,0,0,3.1,2.15,0,0,0,0,17-Apr-17
OPTSTK,ALBK,29-Jun-17,72.5,PE,0,0,0,4.2,3.15,0,0,0,0,17-Apr-17
OPTSTK,ALBK,29-Jun-17,75,PE,0,0,0,5.5,4.35,0,0,0,0,17-Apr-17
OPTSTK,ALBK,29-Jun-17,77.5,PE,0,0,0,6.95,5.85,0,0,0,0,17-Apr-17
OPTSTK,ALBK,29-Jun-17,80,PE,0,0,0,8.6,7.5,0,0,0,0,17-Apr-17
OPTSTK,ALBK,29-Jun-17,82.5,PE,0,0,0,10.45,9.4,0,0,0,0,17-Apr-17
OPTSTK,ALBK,29-Jun-17,85,PE,0,0,0,12.35,11.4,0,0,0,0,17-Apr-17
OPTSTK,ALBK,29-Jun-17,87.5,PE,0,0,0,14.4,13.55,0,0,0,0,17-Apr-17
OPTSTK,ALBK,29-Jun-17,90,PE,0,0,0,16.55,15.8,0,0,0,0,17-Apr-17
OPTSTK,AMARAJABAT,27-Apr-17,600,CE,0,0,0,296.65,256.7,0,0,0,0,17-Apr-17
OPTSTK,AMARAJABAT,27-Apr-17,620,CE,0,0,0,277.35,236.75,0,0,0,0,17-Apr-17
OPTSTK,AMARAJABAT,27-Apr-17,640,CE,0,0,0,258.3,216.8,0,0,0,0,17-Apr-17
OPTSTK,AMARAJABAT,27-Apr-17,660,CE,0,0,0,239.55,196.8,0,0,0,0,17-Apr-17
OPTSTK,AMARAJABAT,27-Apr-17,680,CE,0,0,0,221.1,176.85,0,0,0,0,17-Apr-17
OPTSTK,AMARAJABAT,27-Apr-17,700,CE,0,0,0,203.15,156.9,0,0,0,0,17-Apr-17
OPTSTK,AMARAJABAT,27-Apr-17,720,CE,0,0,0,185.7,136.9,0,0,0,0,17-Apr-17
OPTSTK,AMARAJABAT,27-Apr-17,740,CE,0,0,0,168.9,116.95,0,0,0,0,17-Apr-17
OPTSTK,AMARAJABAT,27-Apr-17,760,CE,0,0,0,152.8,97,0,0,0,0,17-Apr-17
OPTSTK,AMARAJABAT,27-Apr-17,780,CE,0,0,0,137.5,77.15,0,0,0,0,17-Apr-17
OPTSTK,AMARAJABAT,27-Apr-17,800,CE,0,0,0,123.05,57.65,0,0,0,0,17-Apr-17
OPTSTK,AMARAJABAT,27-Apr-17,820,CE,0,0,0,66,39.4,0,0,600,0,17-Apr-17
OPTSTK,AMARAJABAT,27-Apr-17,840,CE,0,0,0,40,23.85,0,0,1800,0,17-Apr-17
OPTSTK,AMARAJABAT,27-Apr-17,860,CE,17,18,14,16,16,9,47.3,9600,2400,17-Apr-17
OPTSTK,AMARAJABAT,27-Apr-17,880,CE,9.25,9.75,7.55,7.8,7.8,22,117.25,20400,6600,17-Apr-17
OPTSTK,AMARAJABAT,27-Apr-17,900,CE,5.5,5.75,3.8,4.4,4.4,22,119.41,64800,6000,17-Apr-17
OPTSTK,AMARAJABAT,27-Apr-17,920,CE,4.1,4.1,2.45,2.85,2.85,23,127.35,77400,-3000,17-Apr-17
OPTSTK,AMARAJABAT,27-Apr-17,940,CE,2,2,1.5,1.9,1.9,9,50.86,38400,-3600,17-Apr-17
OPTSTK,AMARAJABAT,27-Apr-17,960,CE,1.1,1.15,0.75,0.75,0.75,5,28.83,25200,-3000,17-Apr-17
OPTSTK,AMARAJABAT,27-Apr-17,980,CE,0,0,0,1.25,0,0,0,1200,0,17-Apr-17
OPTSTK,AMARAJABAT,27-Apr-17,1000,CE,0,0,0,3.6,0,0,0,600,0,17-Apr-17
OPTSTK,AMARAJABAT,27-Apr-17,1020,CE,0,0,0,25.6,0,0,0,0,0,17-Apr-17
OPTSTK,AMARAJABAT,27-Apr-17,1040,CE,0,0,0,21.5,0,0,0,0,0,17-Apr-17
OPTSTK,AMARAJABAT,27-Apr-17,1060,CE,0,0,0,18.05,0,0,0,0,0,17-Apr-17
OPTSTK,AMARAJABAT,27-Apr-17,1080,CE,0,0,0,15.05,0,0,0,0,0,17-Apr-17
OPTSTK,AMARAJABAT,27-Apr-17,1100,CE,0,0,0,12.55,0,0,0,0,0,17-Apr-17
OPTSTK,AMARAJABAT,27-Apr-17,1120,CE,0,0,0,10.4,0,0,0,0,0,17-Apr-17
OPTSTK,AMARAJABAT,27-Apr-17,1140,CE,0,0,0,8.55,0,0,0,0,0,17-Apr-17
OPTSTK,AMARAJABAT,27-Apr-17,1160,CE,0,0,0,7.05,0,0,0,0,0,17-Apr-17
OPTSTK,AMARAJABAT,27-Apr-17,1180,CE,0,0,0,5.8,0,0,0,0,0,17-Apr-17
OPTSTK,AMARAJABAT,27-Apr-17,1200,CE,0,0,0,4.75,0,0,0,0,0,17-Apr-17
OPTSTK,AMARAJABAT,27-Apr-17,1220,CE,0,0,0,3.85,0,0,0,0,0,17-Apr-17
OPTSTK,AMARAJABAT,27-Apr-17,1240,CE,0,0,0,3.15,0,0,0,0,0,17-Apr-17
OPTSTK,AMARAJABAT,27-Apr-17,600,PE,0,0,0,0.65,0,0,0,0,0,17-Apr-17
OPTSTK,AMARAJABAT,27-Apr-17,620,PE,0,0,0,1.05,0,0,0,0,0,17-Apr-17
OPTSTK,AMARAJABAT,27-Apr-17,640,PE,0,0,0,1.65,0,0,0,0,0,17-Apr-17
OPTSTK,AMARAJABAT,27-Apr-17,660,PE,0,0,0,2.55,0,0,0,0,0,17-Apr-17
OPTSTK,AMARAJABAT,27-Apr-17,680,PE,0,0,0,3.8,0,0,0,0,0,17-Apr-17
OPTSTK,AMARAJABAT,27-Apr-17,700,PE,0,0,0,5.5,0,0,0,0,0,17-Apr-17
OPTSTK,AMARAJABAT,27-Apr-17,720,PE,0,0,0,7.75,0,0,0,0,0,17-Apr-17
OPTSTK,AMARAJABAT,27-Apr-17,740,PE,0,0,0,10.6,0,0,0,0,0,17-Apr-17
OPTSTK,AMARAJABAT,27-Apr-17,760,PE,0,0,0,14.15,0.05,0,0,0,0,17-Apr-17
OPTSTK,AMARAJABAT,27-Apr-17,780,PE,0,0,0,18.55,0.15,0,0,0,0,17-Apr-17
OPTSTK,AMARAJABAT,27-Apr-17,800,PE,0,0,0,6,0.6,0,0,1800,0,17-Apr-17
OPTSTK,AMARAJABAT,27-Apr-17,820,PE,0,0,0,3,2.3,0,0,600,0,17-Apr-17
OPTSTK,AMARAJABAT,27-Apr-17,840,PE,7,7.55,5.5,5.65,5.65,14,71.08,115200,3600,17-Apr-17
OPTSTK,AMARAJABAT,27-Apr-17,860,PE,17.6,17.6,12.45,13.85,13.85,10,52.46,24600,600,17-Apr-17
OPTSTK,AMARAJABAT,27-Apr-17,880,PE,27.75,28,24,28,28,4,21.74,19800,-1200,17-Apr-17
OPTSTK,AMARAJABAT,27-Apr-17,900,PE,0,0,0,30,44.75,0,0,6600,0,17-Apr-17
OPTSTK,AMARAJABAT,27-Apr-17,920,PE,0,0,0,33.25,63.35,0,0,4200,0,17-Apr-17
OPTSTK,AMARAJABAT,27-Apr-17,940,PE,0,0,0,62,82.85,0,0,1200,0,17-Apr-17
OPTSTK,AMARAJABAT,27-Apr-17,960,PE,0,0,0,58,102.7,0,0,600,0,17-Apr-17
OPTSTK,AMARAJABAT,27-Apr-17,980,PE,0,0,0,113.3,122.65,0,0,0,0,17-Apr-17
OPTSTK,AMARAJABAT,27-Apr-17,1000,PE,0,0,0,102,142.65,0,0,600,0,17-Apr-17
OPTSTK,AMARAJABAT,27-Apr-17,1020,PE,0,0,0,112,162.6,0,0,600,0,17-Apr-17
OPTSTK,AMARAJABAT,27-Apr-17,1040,PE,0,0,0,158.3,182.55,0,0,0,0,17-Apr-17
OPTSTK,AMARAJABAT,27-Apr-17,1060,PE,0,0,0,174.5,202.5,0,0,0,0,17-Apr-17
OPTSTK,AMARAJABAT,27-Apr-17,1080,PE,0,0,0,191.2,222.5,0,0,0,0,17-Apr-17
OPTSTK,AMARAJABAT,27-Apr-17,1100,PE,0,0,0,208.3,242.45,0,0,0,0,17-Apr-17
OPTSTK,AMARAJABAT,27-Apr-17,1120,PE,0,0,0,225.85,262.4,0,0,0,0,17-Apr-17
OPTSTK,AMARAJABAT,27-Apr-17,1140,PE,0,0,0,243.7,282.4,0,0,0,0,17-Apr-17
OPTSTK,AMARAJABAT,27-Apr-17,1160,PE,0,0,0,261.85,302.35,0,0,0,0,17-Apr-17
OPTSTK,AMARAJABAT,27-Apr-17,1180,PE,0,0,0,280.25,322.3,0,0,0,0,17-Apr-17
OPTSTK,AMARAJABAT,27-Apr-17,1200,PE,0,0,0,298.85,342.3,0,0,0,0,17-Apr-17
OPTSTK,AMARAJABAT,27-Apr-17,1220,PE,0,0,0,317.65,362.25,0,0,0,0,17-Apr-17
OPTSTK,AMARAJABAT,27-Apr-17,1240,PE,0,0,0,336.6,382.2,0,0,0,0,17-Apr-17
OPTSTK,AMARAJABAT,25-May-17,600,CE,0,0,0,255.2,259.7,0,0,0,0,17-Apr-17
OPTSTK,AMARAJABAT,25-May-17,620,CE,0,0,0,235.55,239.85,0,0,0,0,17-Apr-17
OPTSTK,AMARAJABAT,25-May-17,640,CE,0,0,0,216,220,0,0,0,0,17-Apr-17
OPTSTK,AMARAJABAT,25-May-17,660,CE,0,0,0,196.6,200.15,0,0,0,0,17-Apr-17
OPTSTK,AMARAJABAT,25-May-17,680,CE,0,0,0,177.45,180.3,0,0,0,0,17-Apr-17
OPTSTK,AMARAJABAT,25-May-17,700,CE,0,0,0,158.6,160.45,0,0,0,0,17-Apr-17
OPTSTK,AMARAJABAT,25-May-17,720,CE,0,0,0,140.3,140.75,0,0,0,0,17-Apr-17
OPTSTK,AMARAJABAT,25-May-17,740,CE,0,0,0,122.7,121.3,0,0,0,0,17-Apr-17
OPTSTK,AMARAJABAT,25-May-17,760,CE,0,0,0,105.95,102.25,0,0,0,0,17-Apr-17
OPTSTK,AMARAJABAT,25-May-17,780,CE,0,0,0,90.35,84.05,0,0,0,0,17-Apr-17
OPTSTK,AMARAJABAT,25-May-17,800,CE,0,0,0,75.9,67.05,0,0,0,0,17-Apr-17
OPTSTK,AMARAJABAT,25-May-17,820,CE,0,0,0,62.9,51.75,0,0,0,0,17-Apr-17
OPTSTK,AMARAJABAT,25-May-17,840,CE,0,0,0,51.35,38.45,0,0,0,0,17-Apr-17
OPTSTK,AMARAJABAT,25-May-17,860,CE,0,0,0,41.3,27.45,0,0,0,0,17-Apr-17
OPTSTK,AMARAJABAT,25-May-17,880,CE,0,0,0,32.75,18.85,0,0,0,0,17-Apr-17
OPTSTK,AMARAJABAT,25-May-17,900,CE,0,0,0,19,12.35,0,0,2400,0,17-Apr-17
OPTSTK,AMARAJABAT,25-May-17,920,CE,0,0,0,19.7,7.8,0,0,0,0,17-Apr-17
OPTSTK,AMARAJABAT,25-May-17,940,CE,0,0,0,14.95,4.7,0,0,0,0,17-Apr-17
OPTSTK,AMARAJABAT,25-May-17,960,CE,0,0,0,11.2,2.75,0,0,0,0,17-Apr-17
OPTSTK,AMARAJABAT,25-May-17,980,CE,0,0,0,8.25,1.5,0,0,0,0,17-Apr-17
OPTSTK,AMARAJABAT,25-May-17,1000,CE,0,0,0,6,0.8,0,0,0,0,17-Apr-17
OPTSTK,AMARAJABAT,25-May-17,1020,CE,0,0,0,4.3,0.4,0,0,0,0,17-Apr-17
OPTSTK,AMARAJABAT,25-May-17,1040,CE,0,0,0,3.05,0.2,0,0,0,0,17-Apr-17
OPTSTK,AMARAJABAT,25-May-17,1060,CE,0,0,0,2.15,0.1,0,0,0,0,17-Apr-17
OPTSTK,AMARAJABAT,25-May-17,1080,CE,0,0,0,1.5,0.05,0,0,0,0,17-Apr-17
OPTSTK,AMARAJABAT,25-May-17,1100,CE,0,0,0,1.05,0.05,0,0,0,0,17-Apr-17
OPTSTK,AMARAJABAT,25-May-17,1120,CE,0,0,0,0.7,0.05,0,0,0,0,17-Apr-17
OPTSTK,AMARAJABAT,25-May-17,1140,CE,0,0,0,0.5,0,0,0,0,0,17-Apr-17
OPTSTK,AMARAJABAT,25-May-17,1160,CE,0,0,0,0.3,0,0,0,0,0,17-Apr-17
OPTSTK,AMARAJABAT,25-May-17,1180,CE,0,0,0,0.2,0,0,0,0,0,17-Apr-17
OPTSTK,AMARAJABAT,25-May-17,1200,CE,0,0,0,0.15,0,0,0,0,0,17-Apr-17
OPTSTK,AMARAJABAT,25-May-17,600,PE,0,0,0,0.05,0,0,0,0,0,17-Apr-17
OPTSTK,AMARAJABAT,25-May-17,620,PE,0,0,0,0.15,0,0,0,0,0,17-Apr-17
OPTSTK,AMARAJABAT,25-May-17,640,PE,0,0,0,0.3,0,0,0,0,0,17-Apr-17
OPTSTK,AMARAJABAT,25-May-17,660,PE,0,0,0,0.55,0.05,0,0,0,0,17-Apr-17
OPTSTK,AMARAJABAT,25-May-17,680,PE,0,0,0,1.05,0.05,0,0,0,0,17-Apr-17
OPTSTK,AMARAJABAT,25-May-17,700,PE,0,0,0,1.95,0.1,0,0,0,0,17-Apr-17
OPTSTK,AMARAJABAT,25-May-17,720,PE,0,0,0,3.3,0.25,0,0,0,0,17-Apr-17
OPTSTK,AMARAJABAT,25-May-17,740,PE,0,0,0,5.4,0.65,0,0,0,0,17-Apr-17
OPTSTK,AMARAJABAT,25-May-17,760,PE,0,0,0,8.35,1.5,0,0,0,0,17-Apr-17
OPTSTK,AMARAJABAT,25-May-17,780,PE,0,0,0,12.4,3.15,0,0,0,0,17-Apr-17
OPTSTK,AMARAJABAT,25-May-17,800,PE,0,0,0,17.65,6,0,0,0,0,17-Apr-17
OPTSTK,AMARAJABAT,25-May-17,820,PE,0,0,0,24.35,10.55,0,0,0,0,17-Apr-17
OPTSTK,AMARAJABAT,25-May-17,840,PE,0,0,0,32.5,17.1,0,0,0,0,17-Apr-17
OPTSTK,AMARAJABAT,25-May-17,860,PE,0,0,0,42.15,26,0,0,0,0,17-Apr-17
OPTSTK,AMARAJABAT,25-May-17,880,PE,0,0,0,53.25,37.25,0,0,0,0,17-Apr-17
OPTSTK,AMARAJABAT,25-May-17,900,PE,0,0,0,65.75,50.65,0,0,0,0,17-Apr-17
OPTSTK,AMARAJABAT,25-May-17,920,PE,0,0,0,79.55,65.95,0,0,0,0,17-Apr-17
OPTSTK,AMARAJABAT,25-May-17,940,PE,0,0,0,94.5,82.7,0,0,0,0,17-Apr-17
OPTSTK,AMARAJABAT,25-May-17,960,PE,0,0,0,110.4,100.6,0,0,0,0,17-Apr-17
OPTSTK,AMARAJABAT,25-May-17,980,PE,0,0,0,127.2,119.25,0,0,0,0,17-Apr-17
OPTSTK,AMARAJABAT,25-May-17,1000,PE,0,0,0,144.6,138.4,0,0,0,0,17-Apr-17
OPTSTK,AMARAJABAT,25-May-17,1020,PE,0,0,0,162.6,157.9,0,0,0,0,17-Apr-17
OPTSTK,AMARAJABAT,25-May-17,1040,PE,0,0,0,181.05,177.55,0,0,0,0,17-Apr-17
OPTSTK,AMARAJABAT,25-May-17,1060,PE,0,0,0,199.8,197.3,0,0,0,0,17-Apr-17
OPTSTK,AMARAJABAT,25-May-17,1080,PE,0,0,0,218.85,217.15,0,0,0,0,17-Apr-17
OPTSTK,AMARAJABAT,25-May-17,1100,PE,0,0,0,238.05,236.95,0,0,0,0,17-Apr-17
OPTSTK,AMARAJABAT,25-May-17,1120,PE,0,0,0,257.45,256.8,0,0,0,0,17-Apr-17
OPTSTK,AMARAJABAT,25-May-17,1140,PE,0,0,0,276.9,276.7,0,0,0,0,17-Apr-17
OPTSTK,AMARAJABAT,25-May-17,1160,PE,0,0,0,296.4,296.55,0,0,0,0,17-Apr-17
OPTSTK,AMARAJABAT,25-May-17,1180,PE,0,0,0,316,316.4,0,0,0,0,17-Apr-17
OPTSTK,AMARAJABAT,25-May-17,1200,PE,0,0,0,335.6,336.3,0,0,0,0,17-Apr-17
OPTSTK,AMARAJABAT,29-Jun-17,600,CE,0,0,0,280.25,263.45,0,0,0,0,17-Apr-17
OPTSTK,AMARAJABAT,29-Jun-17,620,CE,0,0,0,260.6,243.7,0,0,0,0,17-Apr-17
OPTSTK,AMARAJABAT,29-Jun-17,640,CE,0,0,0,241,224,0,0,0,0,17-Apr-17
OPTSTK,AMARAJABAT,29-Jun-17,660,CE,0,0,0,221.5,204.35,0,0,0,0,17-Apr-17
OPTSTK,AMARAJABAT,29-Jun-17,680,CE,0,0,0,202.1,184.8,0,0,0,0,17-Apr-17
OPTSTK,AMARAJABAT,29-Jun-17,700,CE,0,0,0,182.95,165.5,0,0,0,0,17-Apr-17
OPTSTK,AMARAJABAT,29-Jun-17,720,CE,0,0,0,164.15,146.5,0,0,0,0,17-Apr-17
OPTSTK,AMARAJABAT,29-Jun-17,740,CE,0,0,0,145.8,128,0,0,0,0,17-Apr-17
OPTSTK,AMARAJABAT,29-Jun-17,760,CE,0,0,0,128.15,110.25,0,0,0,0,17-Apr-17
OPTSTK,AMARAJABAT,29-Jun-17,780,CE,0,0,0,111.35,93.5,0,0,0,0,17-Apr-17
OPTSTK,AMARAJABAT,29-Jun-17,800,CE,0,0,0,95.55,77.95,0,0,0,0,17-Apr-17
OPTSTK,AMARAJABAT,29-Jun-17,820,CE,0,0,0,80.95,63.8,0,0,0,0,17-Apr-17
OPTSTK,AMARAJABAT,29-Jun-17,840,CE,0,0,0,67.65,51.25,0,0,0,0,17-Apr-17
OPTSTK,AMARAJABAT,29-Jun-17,860,CE,0,0,0,55.75,40.4,0,0,0,0,17-Apr-17
OPTSTK,AMARAJABAT,29-Jun-17,880,CE,0,0,0,45.35,31.2,0,0,0,0,17-Apr-17
OPTSTK,AMARAJABAT,29-Jun-17,900,CE,0,0,0,36.35,23.65,0,0,0,0,17-Apr-17
OPTSTK,AMARAJABAT,29-Jun-17,920,CE,0,0,0,28.75,17.55,0,0,0,0,17-Apr-17
OPTSTK,AMARAJABAT,29-Jun-17,940,CE,0,0,0,22.4,12.8,0,0,0,0,17-Apr-17
OPTSTK,AMARAJABAT,29-Jun-17,960,CE,0,0,0,17.25,9.15,0,0,0,0,17-Apr-17
OPTSTK,AMARAJABAT,29-Jun-17,980,CE,0,0,0,13.1,6.4,0,0,0,0,17-Apr-17
OPTSTK,AMARAJABAT,29-Jun-17,1000,CE,0,0,0,9.8,4.4,0,0,0,0,17-Apr-17
OPTSTK,AMARAJABAT,29-Jun-17,1020,CE,0,0,0,7.25,3,0,0,0,0,17-Apr-17
OPTSTK,AMARAJABAT,29-Jun-17,1040,CE,0,0,0,5.3,2,0,0,0,0,17-Apr-17
OPTSTK,AMARAJABAT,29-Jun-17,1060,CE,0,0,0,3.85,1.3,0,0,0,0,17-Apr-17
OPTSTK,AMARAJABAT,29-Jun-17,1080,CE,0,0,0,2.75,0.85,0,0,0,0,17-Apr-17
OPTSTK,AMARAJABAT,29-Jun-17,1100,CE,0,0,0,1.95,0.55,0,0,0,0,17-Apr-17
OPTSTK,AMARAJABAT,29-Jun-17,1120,CE,0,0,0,1.35,0.35,0,0,0,0,17-Apr-17
OPTSTK,AMARAJABAT,29-Jun-17,1140,CE,0,0,0,0.95,0.2,0,0,0,0,17-Apr-17
OPTSTK,AMARAJABAT,29-Jun-17,1160,CE,0,0,0,0.65,0.15,0,0,0,0,17-Apr-17
OPTSTK,AMARAJABAT,29-Jun-17,1180,CE,0,0,0,0.45,0.1,0,0,0,0,17-Apr-17
OPTSTK,AMARAJABAT,29-Jun-17,1200,CE,0,0,0,0.3,0.05,0,0,0,0,17-Apr-17
OPTSTK,AMARAJABAT,29-Jun-17,600,PE,0,0,0,0.05,0.05,0,0,0,0,17-Apr-17
OPTSTK,AMARAJABAT,29-Jun-17,620,PE,0,0,0,0.05,0.05,0,0,0,0,17-Apr-17
OPTSTK,AMARAJABAT,29-Jun-17,640,PE,0,0,0,0.15,0.1,0,0,0,0,17-Apr-17
OPTSTK,AMARAJABAT,29-Jun-17,660,PE,0,0,0,0.3,0.2,0,0,0,0,17-Apr-17
OPTSTK,AMARAJABAT,29-Jun-17,680,PE,0,0,0,0.6,0.4,0,0,0,0,17-Apr-17
OPTSTK,AMARAJABAT,29-Jun-17,700,PE,0,0,0,1.1,0.8,0,0,0,0,17-Apr-17
OPTSTK,AMARAJABAT,29-Jun-17,720,PE,0,0,0,1.95,1.55,0,0,0,0,17-Apr-17
OPTSTK,AMARAJABAT,29-Jun-17,740,PE,0,0,0,3.3,2.8,0,0,0,0,17-Apr-17
OPTSTK,AMARAJABAT,29-Jun-17,760,PE,0,0,0,5.3,4.8,0,0,0,0,17-Apr-17
OPTSTK,AMARAJABAT,29-Jun-17,780,PE,0,0,0,8.15,7.75,0,0,0,0,17-Apr-17
OPTSTK,AMARAJABAT,29-Jun-17,800,PE,0,0,0,12.05,11.95,0,0,0,0,17-Apr-17
OPTSTK,AMARAJABAT,29-Jun-17,820,PE,0,0,0,17.15,17.55,0,0,0,0,17-Apr-17
OPTSTK,AMARAJABAT,29-Jun-17,840,PE,0,0,0,23.5,24.75,0,0,0,0,17-Apr-17
OPTSTK,AMARAJABAT,29-Jun-17,860,PE,0,0,0,31.3,33.65,0,0,0,0,17-Apr-17
OPTSTK,AMARAJABAT,29-Jun-17,880,PE,0,0,0,40.5,44.2,0,0,0,0,17-Apr-17
OPTSTK,AMARAJABAT,29-Jun-17,900,PE,0,0,0,51.2,56.35,0,0,0,0,17-Apr-17
OPTSTK,AMARAJABAT,29-Jun-17,920,PE,0,0,0,63.25,70,0,0,0,0,17-Apr-17
OPTSTK,AMARAJABAT,29-Jun-17,940,PE,0,0,0,76.6,85,0,0,0,0,17-Apr-17
OPTSTK,AMARAJABAT,29-Jun-17,960,PE,0,0,0,91.15,101.1,0,0,0,0,17-Apr-17
OPTSTK,AMARAJABAT,29-Jun-17,980,PE,0,0,0,106.65,118.1,0,0,0,0,17-Apr-17
OPTSTK,AMARAJABAT,29-Jun-17,1000,PE,0,0,0,123,135.85,0,0,0,0,17-Apr-17
OPTSTK,AMARAJABAT,29-Jun-17,1020,PE,0,0,0,140.15,154.15,0,0,0,0,17-Apr-17
OPTSTK,AMARAJABAT,29-Jun-17,1040,PE,0,0,0,157.85,172.9,0,0,0,0,17-Apr-17
OPTSTK,AMARAJABAT,29-Jun-17,1060,PE,0,0,0,176.05,191.95,0,0,0,0,17-Apr-17
OPTSTK,AMARAJABAT,29-Jun-17,1080,PE,0,0,0,194.65,211.25,0,0,0,0,17-Apr-17
OPTSTK,AMARAJABAT,29-Jun-17,1100,PE,0,0,0,213.5,230.7,0,0,0,0,17-Apr-17
OPTSTK,AMARAJABAT,29-Jun-17,1120,PE,0,0,0,232.6,250.25,0,0,0,0,17-Apr-17
OPTSTK,AMARAJABAT,29-Jun-17,1140,PE,0,0,0,251.85,269.85,0,0,0,0,17-Apr-17
OPTSTK,AMARAJABAT,29-Jun-17,1160,PE,0,0,0,271.2,289.5,0,0,0,0,17-Apr-17
OPTSTK,AMARAJABAT,29-Jun-17,1180,PE,0,0,0,290.7,309.2,0,0,0,0,17-Apr-17
OPTSTK,AMARAJABAT,29-Jun-17,1200,PE,0,0,0,310.2,328.9,0,0,0,0,17-Apr-17
OPTSTK,AMBUJACEM,27-Apr-17,150,CE,0,0,0,81.65,97.15,0,0,0,0,17-Apr-17
OPTSTK,AMBUJACEM,27-Apr-17,155,CE,0,0,0,76.75,92.15,0,0,0,0,17-Apr-17
OPTSTK,AMBUJACEM,27-Apr-17,160,CE,0,0,0,71.9,87.15,0,0,0,0,17-Apr-17
OPTSTK,AMBUJACEM,27-Apr-17,165,CE,0,0,0,67,82.15,0,0,0,0,17-Apr-17
OPTSTK,AMBUJACEM,27-Apr-17,170,CE,0,0,0,62.2,77.15,0,0,0,0,17-Apr-17
OPTSTK,AMBUJACEM,27-Apr-17,175,CE,0,0,0,57.45,72.15,0,0,0,0,17-Apr-17
OPTSTK,AMBUJACEM,27-Apr-17,180,CE,0,0,0,52.8,67.2,0,0,0,0,17-Apr-17
OPTSTK,AMBUJACEM,27-Apr-17,185,CE,0,0,0,48.2,62.2,0,0,0,0,17-Apr-17
OPTSTK,AMBUJACEM,27-Apr-17,190,CE,0,0,0,43.75,57.2,0,0,0,0,17-Apr-17
OPTSTK,AMBUJACEM,27-Apr-17,195,CE,0,0,0,39.45,52.2,0,0,0,0,17-Apr-17
OPTSTK,AMBUJACEM,27-Apr-17,200,CE,0,0,0,35,47.2,0,0,7500,0,17-Apr-17
OPTSTK,AMBUJACEM,27-Apr-17,205,CE,0,0,0,31.45,42.25,0,0,0,0,17-Apr-17
OPTSTK,AMBUJACEM,27-Apr-17,210,CE,0,0,0,41.3,37.25,0,0,7500,0,17-Apr-17
OPTSTK,AMBUJACEM,27-Apr-17,215,CE,0,0,0,22,32.25,0,0,0,0,17-Apr-17
OPTSTK,AMBUJACEM,27-Apr-17,220,CE,0,0,0,25,27.25,0,0,0,0,17-Apr-17
OPTSTK,AMBUJACEM,27-Apr-17,225,CE,0,0,0,18.35,22.25,0,0,0,0,17-Apr-17
OPTSTK,AMBUJACEM,27-Apr-17,230,CE,0,0,0,20,17.35,0,0,130000,0,17-Apr-17
OPTSTK,AMBUJACEM,27-Apr-17,235,CE,12.6,12.6,12.6,12.6,12.6,1,6.19,110000,0,17-Apr-17
OPTSTK,AMBUJACEM,27-Apr-17,240,CE,5.4,9.15,5.4,9.15,9.15,24,148.54,187500,10000,17-Apr-17
OPTSTK,AMBUJACEM,27-Apr-17,245,CE,3.75,6.75,3.65,6.5,6.5,40,250.34,180000,0,17-Apr-17
OPTSTK,AMBUJACEM,27-Apr-17,250,CE,3.4,4.4,2.15,4.2,4.2,172,1089.48,510000,5000,17-Apr-17
OPTSTK,AMBUJACEM,27-Apr-17,255,CE,2.05,2.75,1.3,2.6,2.6,34,218.6,192500,0,17-Apr-17
OPTSTK,AMBUJACEM,27-Apr-17,260,CE,1.4,1.65,0.9,1.55,1.55,35,228.56,212500,-2500,17-Apr-17
OPTSTK,AMBUJACEM,27-Apr-17,265,CE,0.6,0.8,0.6,0.8,0.8,10,66.43,127500,5000,17-Apr-17
OPTSTK,AMBUJACEM,27-Apr-17,270,CE,0.5,0.55,0.5,0.5,0.5,3,20.28,95000,5000,17-Apr-17
OPTSTK,AMBUJACEM,27-Apr-17,275,CE,0,0,0,0.5,0,0,0,5000,0,17-Apr-17
OPTSTK,AMBUJACEM,27-Apr-17,280,CE,0,0,0,0.4,0,0,0,2500,0,17-Apr-17
OPTSTK,AMBUJACEM,27-Apr-17,285,CE,0,0,0,1.85,0,0,0,0,0,17-Apr-17
OPTSTK,AMBUJACEM,27-Apr-17,290,CE,0,0,0,1.5,0,0,0,0,0,17-Apr-17
OPTSTK,AMBUJACEM,27-Apr-17,295,CE,0,0,0,1.2,0,0,0,0,0,17-Apr-17
OPTSTK,AMBUJACEM,27-Apr-17,300,CE,0,0,0,0.95,0,0,0,0,0,17-Apr-17
OPTSTK,AMBUJACEM,27-Apr-17,150,PE,0,0,0,0.05,0,0,0,0,0,17-Apr-17
OPTSTK,AMBUJACEM,27-Apr-17,155,PE,0,0,0,0.05,0,0,0,0,0,17-Apr-17
OPTSTK,AMBUJACEM,27-Apr-17,160,PE,0,0,0,0.1,0,0,0,0,0,17-Apr-17
OPTSTK,AMBUJACEM,27-Apr-17,165,PE,0,0,0,0.15,0,0,0,0,0,17-Apr-17
OPTSTK,AMBUJACEM,27-Apr-17,170,PE,0,0,0,0.25,0,0,0,0,0,17-Apr-17
OPTSTK,AMBUJACEM,27-Apr-17,175,PE,0,0,0,0.45,0,0,0,0,0,17-Apr-17
OPTSTK,AMBUJACEM,27-Apr-17,180,PE,0,0,0,0.65,0,0,0,0,0,17-Apr-17
OPTSTK,AMBUJACEM,27-Apr-17,185,PE,0,0,0,1,0,0,0,0,0,17-Apr-17
OPTSTK,AMBUJACEM,27-Apr-17,190,PE,0,0,0,1.5,0,0,0,0,0,17-Apr-17
OPTSTK,AMBUJACEM,27-Apr-17,195,PE,0,0,0,2.1,0,0,0,0,0,17-Apr-17
OPTSTK,AMBUJACEM,27-Apr-17,200,PE,0,0,0,2.9,0,0,0,0,0,17-Apr-17
OPTSTK,AMBUJACEM,27-Apr-17,205,PE,0,0,0,3.95,0,0,0,0,0,17-Apr-17
OPTSTK,AMBUJACEM,27-Apr-17,210,PE,0,0,0,5.2,0,0,0,0,0,17-Apr-17
OPTSTK,AMBUJACEM,27-Apr-17,215,PE,0,0,0,6.7,0,0,0,0,0,17-Apr-17
OPTSTK,AMBUJACEM,27-Apr-17,220,PE,0,0,0,0.3,0,0,0,30000,0,17-Apr-17
OPTSTK,AMBUJACEM,27-Apr-17,225,PE,0.5,0.5,0.2,0.2,0.2,6,33.81,95000,5000,17-Apr-17
OPTSTK,AMBUJACEM,27-Apr-17,230,PE,1,1.1,0.5,0.5,0.5,38,219.11,222500,27500,17-Apr-17
OPTSTK,AMBUJACEM,27-Apr-17,235,PE,2,2,0.85,0.9,0.9,6,35.43,80000,2500,17-Apr-17
OPTSTK,AMBUJACEM,27-Apr-17,240,PE,3.1,4.05,1.8,1.85,1.85,56,340.07,152500,2500,17-Apr-17
OPTSTK,AMBUJACEM,27-Apr-17,245,PE,6.4,6.4,3.5,3.55,3.55,18,112.28,50000,0,17-Apr-17
OPTSTK,AMBUJACEM,27-Apr-17,250,PE,10,10,10,10,10,1,6.5,65000,0,17-Apr-17
OPTSTK,AMBUJACEM,27-Apr-17,255,PE,14,14,14,14,14,1,6.72,17500,-2500,17-Apr-17
OPTSTK,AMBUJACEM,27-Apr-17,260,PE,0,0,0,32,13.05,0,0,0,0,17-Apr-17
OPTSTK,AMBUJACEM,27-Apr-17,265,PE,0,0,0,35.9,17.8,0,0,0,0,17-Apr-17
OPTSTK,AMBUJACEM,27-Apr-17,270,PE,0,0,0,40,22.7,0,0,0,0,17-Apr-17
OPTSTK,AMBUJACEM,27-Apr-17,275,PE,0,0,0,44.25,27.7,0,0,0,0,17-Apr-17
OPTSTK,AMBUJACEM,27-Apr-17,280,PE,0,0,0,48.6,32.7,0,0,0,0,17-Apr-17
OPTSTK,AMBUJACEM,27-Apr-17,285,PE,0,0,0,53.05,37.65,0,0,0,0,17-Apr-17
OPTSTK,AMBUJACEM,27-Apr-17,290,PE,0,0,0,57.6,42.65,0,0,0,0,17-Apr-17
OPTSTK,AMBUJACEM,27-Apr-17,295,PE,0,0,0,62.2,47.65,0,0,0,0,17-Apr-17
OPTSTK,AMBUJACEM,27-Apr-17,300,PE,0,0,0,66.85,52.65,0,0,0,0,17-Apr-17
OPTSTK,AMBUJACEM,25-May-17,150,CE,0,0,0,84.4,97.9,0,0,0,0,17-Apr-17
OPTSTK,AMBUJACEM,25-May-17,155,CE,0,0,0,79.45,92.9,0,0,0,0,17-Apr-17
OPTSTK,AMBUJACEM,25-May-17,160,CE,0,0,0,74.55,87.95,0,0,0,0,17-Apr-17
OPTSTK,AMBUJACEM,25-May-17,165,CE,0,0,0,69.65,83,0,0,0,0,17-Apr-17
OPTSTK,AMBUJACEM,25-May-17,170,CE,0,0,0,64.8,78,0,0,0,0,17-Apr-17
OPTSTK,AMBUJACEM,25-May-17,175,CE,0,0,0,59.95,73.05,0,0,0,0,17-Apr-17
OPTSTK,AMBUJACEM,25-May-17,180,CE,0,0,0,55.15,68.1,0,0,0,0,17-Apr-17
OPTSTK,AMBUJACEM,25-May-17,185,CE,0,0,0,50.45,63.1,0,0,0,0,17-Apr-17
OPTSTK,AMBUJACEM,25-May-17,190,CE,0,0,0,45.85,58.15,0,0,0,0,17-Apr-17
OPTSTK,AMBUJACEM,25-May-17,195,CE,0,0,0,41.35,53.2,0,0,0,0,17-Apr-17
OPTSTK,AMBUJACEM,25-May-17,200,CE,0,0,0,37,48.2,0,0,0,0,17-Apr-17
OPTSTK,AMBUJACEM,25-May-17,205,CE,0,0,0,32.85,43.25,0,0,0,0,17-Apr-17
OPTSTK,AMBUJACEM,25-May-17,210,CE,0,0,0,28.95,38.35,0,0,0,0,17-Apr-17
OPTSTK,AMBUJACEM,25-May-17,215,CE,0,0,0,25.3,33.45,0,0,0,0,17-Apr-17
OPTSTK,AMBUJACEM,25-May-17,220,CE,0,0,0,21.9,28.6,0,0,0,0,17-Apr-17
OPTSTK,AMBUJACEM,25-May-17,225,CE,0,0,0,18.75,23.95,0,0,0,0,17-Apr-17
OPTSTK,AMBUJACEM,25-May-17,230,CE,0,0,0,15.95,19.55,0,0,0,0,17-Apr-17
OPTSTK,AMBUJACEM,25-May-17,235,CE,0,0,0,13.45,15.45,0,0,0,0,17-Apr-17
OPTSTK,AMBUJACEM,25-May-17,240,CE,0,0,0,11.25,11.85,0,0,0,0,17-Apr-17
OPTSTK,AMBUJACEM,25-May-17,245,CE,0,0,0,12,8.75,0,0,2500,0,17-Apr-17
OPTSTK,AMBUJACEM,25-May-17,250,CE,0,0,0,7.65,6.2,0,0,0,0,17-Apr-17
OPTSTK,AMBUJACEM,25-May-17,255,CE,0,0,0,6.1,4.25,0,0,2500,0,17-Apr-17
OPTSTK,AMBUJACEM,25-May-17,260,CE,0,0,0,5,2.8,0,0,0,0,17-Apr-17
OPTSTK,AMBUJACEM,25-May-17,265,CE,0,0,0,4,1.75,0,0,0,0,17-Apr-17
OPTSTK,AMBUJACEM,25-May-17,270,CE,0,0,0,3.2,1.05,0,0,0,0,17-Apr-17
OPTSTK,AMBUJACEM,25-May-17,275,CE,0,0,0,2.5,0.6,0,0,0,0,17-Apr-17
OPTSTK,AMBUJACEM,25-May-17,280,CE,0,0,0,1.95,0.35,0,0,0,0,17-Apr-17
OPTSTK,AMBUJACEM,25-May-17,285,CE,0,0,0,1.55,0.2,0,0,0,0,17-Apr-17
OPTSTK,AMBUJACEM,25-May-17,290,CE,0,0,0,1.2,0.1,0,0,0,0,17-Apr-17
OPTSTK,AMBUJACEM,25-May-17,295,CE,0,0,0,0.9,0.05,0,0,0,0,17-Apr-17
OPTSTK,AMBUJACEM,25-May-17,300,CE,0,0,0,0.7,0.05,0,0,0,0,17-Apr-17
OPTSTK,AMBUJACEM,25-May-17,150,PE,0,0,0,0.05,0,0,0,0,0,17-Apr-17
OPTSTK,AMBUJACEM,25-May-17,155,PE,0,0,0,0.05,0,0,0,0,0,17-Apr-17
OPTSTK,AMBUJACEM,25-May-17,160,PE,0,0,0,0.05,0,0,0,0,0,17-Apr-17
OPTSTK,AMBUJACEM,25-May-17,165,PE,0,0,0,0.05,0,0,0,0,0,17-Apr-17
OPTSTK,AMBUJACEM,25-May-17,170,PE,0,0,0,0.1,0,0,0,0,0,17-Apr-17
OPTSTK,AMBUJACEM,25-May-17,175,PE,0,0,0,0.2,0,0,0,0,0,17-Apr-17
OPTSTK,AMBUJACEM,25-May-17,180,PE,0,0,0,0.35,0,0,0,0,0,17-Apr-17
OPTSTK,AMBUJACEM,25-May-17,185,PE,0,0,0,0.55,0,0,0,0,0,17-Apr-17
OPTSTK,AMBUJACEM,25-May-17,190,PE,0,0,0,0.85,0,0,0,0,0,17-Apr-17
OPTSTK,AMBUJACEM,25-May-17,195,PE,0,0,0,1.3,0,0,0,0,0,17-Apr-17
OPTSTK,AMBUJACEM,25-May-17,200,PE,0,0,0,1.85,0,0,0,0,0,17-Apr-17
OPTSTK,AMBUJACEM,25-May-17,205,PE,0,0,0,2.65,0.05,0,0,0,0,17-Apr-17
OPTSTK,AMBUJACEM,25-May-17,210,PE,0,0,0,3.65,0.05,0,0,0,0,17-Apr-17
OPTSTK,AMBUJACEM,25-May-17,215,PE,0,0,0,4.9,0.15,0,0,0,0,17-Apr-17
OPTSTK,AMBUJACEM,25-May-17,220,PE,0,0,0,6.45,0.3,0,0,0,0,17-Apr-17
OPTSTK,AMBUJACEM,25-May-17,225,PE,0,0,0,8.25,0.6,0,0,0,0,17-Apr-17
OPTSTK,AMBUJACEM,25-May-17,230,PE,0,0,0,10.35,1.15,0,0,0,0,17-Apr-17
OPTSTK,AMBUJACEM,25-May-17,235,PE,0,0,0,12.75,2.05,0,0,0,0,17-Apr-17
OPTSTK,AMBUJACEM,25-May-17,240,PE,0,0,0,15.45,3.35,0,0,0,0,17-Apr-17
OPTSTK,AMBUJACEM,25-May-17,245,PE,0,0,0,18.45,5.25,0,0,0,0,17-Apr-17
OPTSTK,AMBUJACEM,25-May-17,250,PE,0,0,0,21.7,7.65,0,0,0,0,17-Apr-17
OPTSTK,AMBUJACEM,25-May-17,255,PE,0,0,0,25.2,10.65,0,0,0,0,17-Apr-17
OPTSTK,AMBUJACEM,25-May-17,260,PE,0,0,0,28.95,14.2,0,0,0,0,17-Apr-17
OPTSTK,AMBUJACEM,25-May-17,265,PE,0,0,0,32.85,18.1,0,0,0,0,17-Apr-17
OPTSTK,AMBUJACEM,25-May-17,270,PE,0,0,0,36.95,22.4,0,0,0,0,17-Apr-17
OPTSTK,AMBUJACEM,25-May-17,275,PE,0,0,0,41.2,26.9,0,0,0,0,17-Apr-17
OPTSTK,AMBUJACEM,25-May-17,280,PE,0,0,0,45.6,31.6,0,0,0,0,17-Apr-17
OPTSTK,AMBUJACEM,25-May-17,285,PE,0,0,0,50.05,36.4,0,0,0,0,17-Apr-17
OPTSTK,AMBUJACEM,25-May-17,290,PE,0,0,0,54.65,41.3,0,0,0,0,17-Apr-17
OPTSTK,AMBUJACEM,25-May-17,295,PE,0,0,0,59.3,46.2,0,0,0,0,17-Apr-17
OPTSTK,AMBUJACEM,25-May-17,300,PE,0,0,0,64,51.15,0,0,0,0,17-Apr-17
OPTSTK,AMBUJACEM,29-Jun-17,150,CE,0,0,0,86.5,98.8,0,0,0,0,17-Apr-17
OPTSTK,AMBUJACEM,29-Jun-17,155,CE,0,0,0,81.6,93.85,0,0,0,0,17-Apr-17
OPTSTK,AMBUJACEM,29-Jun-17,160,CE,0,0,0,76.65,88.95,0,0,0,0,17-Apr-17
OPTSTK,AMBUJACEM,29-Jun-17,165,CE,0,0,0,71.75,84,0,0,0,0,17-Apr-17
OPTSTK,AMBUJACEM,29-Jun-17,170,CE,0,0,0,66.85,79.05,0,0,0,0,17-Apr-17
OPTSTK,AMBUJACEM,29-Jun-17,175,CE,0,0,0,61.9,74.15,0,0,0,0,17-Apr-17
OPTSTK,AMBUJACEM,29-Jun-17,180,CE,0,0,0,57.05,69.2,0,0,0,0,17-Apr-17
OPTSTK,AMBUJACEM,29-Jun-17,185,CE,0,0,0,52.15,64.25,0,0,0,0,17-Apr-17
OPTSTK,AMBUJACEM,29-Jun-17,190,CE,0,0,0,47.35,59.35,0,0,0,0,17-Apr-17
OPTSTK,AMBUJACEM,29-Jun-17,195,CE,0,0,0,42.55,54.4,0,0,0,0,17-Apr-17
OPTSTK,AMBUJACEM,29-Jun-17,200,CE,0,0,0,37.9,49.55,0,0,0,0,17-Apr-17
OPTSTK,AMBUJACEM,29-Jun-17,205,CE,0,0,0,33.4,44.7,0,0,0,0,17-Apr-17
OPTSTK,AMBUJACEM,29-Jun-17,210,CE,0,0,0,29.05,39.9,0,0,0,0,17-Apr-17
OPTSTK,AMBUJACEM,29-Jun-17,215,CE,0,0,0,24.95,35.2,0,0,0,0,17-Apr-17
OPTSTK,AMBUJACEM,29-Jun-17,220,CE,0,0,0,21.15,30.7,0,0,0,0,17-Apr-17
OPTSTK,AMBUJACEM,29-Jun-17,225,CE,0,0,0,17.65,26.35,0,0,0,0,17-Apr-17
OPTSTK,AMBUJACEM,29-Jun-17,230,CE,0,0,0,14.55,22.3,0,0,0,0,17-Apr-17
OPTSTK,AMBUJACEM,29-Jun-17,235,CE,0,0,0,11.75,18.55,0,0,0,0,17-Apr-17
OPTSTK,AMBUJACEM,29-Jun-17,240,CE,0,0,0,9.4,15.15,0,0,0,0,17-Apr-17
OPTSTK,AMBUJACEM,29-Jun-17,245,CE,0,0,0,7.35,12.15,0,0,0,0,17-Apr-17
OPTSTK,AMBUJACEM,29-Jun-17,250,CE,0,0,0,5.7,9.6,0,0,0,0,17-Apr-17
OPTSTK,AMBUJACEM,29-Jun-17,255,CE,0,0,0,4.35,7.4,0,0,0,0,17-Apr-17
OPTSTK,AMBUJACEM,29-Jun-17,260,CE,0,0,0,3.25,5.6,0,0,0,0,17-Apr-17
OPTSTK,AMBUJACEM,29-Jun-17,265,CE,0,0,0,2.4,4.2,0,0,0,0,17-Apr-17
OPTSTK,AMBUJACEM,29-Jun-17,270,CE,0,0,0,1.75,3.05,0,0,0,0,17-Apr-17
OPTSTK,AMBUJACEM,29-Jun-17,275,CE,0,0,0,1.25,2.2,0,0,0,0,17-Apr-17
OPTSTK,AMBUJACEM,29-Jun-17,280,CE,0,0,0,0.9,1.55,0,0,0,0,17-Apr-17
OPTSTK,AMBUJACEM,29-Jun-17,285,CE,0,0,0,0.65,1.05,0,0,0,0,17-Apr-17
OPTSTK,AMBUJACEM,29-Jun-17,290,CE,0,0,0,0.45,0.75,0,0,0,0,17-Apr-17
OPTSTK,AMBUJACEM,29-Jun-17,295,CE,0,0,0,0.3,0.5,0,0,0,0,17-Apr-17
OPTSTK,AMBUJACEM,29-Jun-17,300,CE,0,0,0,0.2,0.35,0,0,0,0,17-Apr-17
OPTSTK,AMBUJACEM,29-Jun-17,150,PE,0,0,0,0.05,0,0,0,0,0,17-Apr-17
OPTSTK,AMBUJACEM,29-Jun-17,155,PE,0,0,0,0.05,0,0,0,0,0,17-Apr-17
OPTSTK,AMBUJACEM,29-Jun-17,160,PE,0,0,0,0.05,0,0,0,0,0,17-Apr-17
OPTSTK,AMBUJACEM,29-Jun-17,165,PE,0,0,0,0.05,0,0,0,0,0,17-Apr-17
OPTSTK,AMBUJACEM,29-Jun-17,170,PE,0,0,0,0.05,0,0,0,0,0,17-Apr-17
OPTSTK,AMBUJACEM,29-Jun-17,175,PE,0,0,0,0.05,0,0,0,0,0,17-Apr-17
OPTSTK,AMBUJACEM,29-Jun-17,180,PE,0,0,0,0.05,0,0,0,0,0,17-Apr-17
OPTSTK,AMBUJACEM,29-Jun-17,185,PE,0,0,0,0.1,0.05,0,0,0,0,17-Apr-17
OPTSTK,AMBUJACEM,29-Jun-17,190,PE,0,0,0,0.2,0.05,0,0,0,0,17-Apr-17
OPTSTK,AMBUJACEM,29-Jun-17,195,PE,0,0,0,0.35,0.05,0,0,0,0,17-Apr-17
OPTSTK,AMBUJACEM,29-Jun-17,200,PE,0,0,0,0.6,0.1,0,0,0,0,17-Apr-17
OPTSTK,AMBUJACEM,29-Jun-17,205,PE,0,0,0,1,0.2,0,0,0,0,17-Apr-17
OPTSTK,AMBUJACEM,29-Jun-17,210,PE,0,0,0,1.6,0.35,0,0,0,0,17-Apr-17
OPTSTK,AMBUJACEM,29-Jun-17,215,PE,0,0,0,2.4,0.6,0,0,0,0,17-Apr-17
OPTSTK,AMBUJACEM,29-Jun-17,220,PE,0,0,0,3.55,1,0,0,0,0,17-Apr-17
OPTSTK,AMBUJACEM,29-Jun-17,225,PE,0,0,0,4.95,1.6,0,0,0,0,17-Apr-17
OPTSTK,AMBUJACEM,29-Jun-17,230,PE,0,0,0,6.75,2.5,0,0,0,0,17-Apr-17
OPTSTK,AMBUJACEM,29-Jun-17,235,PE,0,0,0,8.9,3.7,0,0,0,0,17-Apr-17
OPTSTK,AMBUJACEM,29-Jun-17,240,PE,0,0,0,11.45,5.2,0,0,0,0,17-Apr-17
OPTSTK,AMBUJACEM,29-Jun-17,245,PE,0,0,0,14.35,7.15,0,0,0,0,17-Apr-17
OPTSTK,AMBUJACEM,29-Jun-17,250,PE,0,0,0,17.55,9.5,0,0,0,0,17-Apr-17
OPTSTK,AMBUJACEM,29-Jun-17,255,PE,0,0,0,21.15,12.25,0,0,0,0,17-Apr-17
OPTSTK,AMBUJACEM,29-Jun-17,260,PE,0,0,0,24.95,15.4,0,0,0,0,17-Apr-17
OPTSTK,AMBUJACEM,29-Jun-17,265,PE,0,0,0,29.05,18.9,0,0,0,0,17-Apr-17
OPTSTK,AMBUJACEM,29-Jun-17,270,PE,0,0,0,33.3,22.7,0,0,0,0,17-Apr-17
OPTSTK,AMBUJACEM,29-Jun-17,275,PE,0,0,0,37.75,26.8,0,0,0,0,17-Apr-17
OPTSTK,AMBUJACEM,29-Jun-17,280,PE,0,0,0,42.3,31.05,0,0,0,0,17-Apr-17
OPTSTK,AMBUJACEM,29-Jun-17,285,PE,0,0,0,46.95,35.55,0,0,0,0,17-Apr-17
OPTSTK,AMBUJACEM,29-Jun-17,290,PE,0,0,0,51.65,40.15,0,0,0,0,17-Apr-17
OPTSTK,AMBUJACEM,29-Jun-17,295,PE,0,0,0,56.45,44.85,0,0,0,0,17-Apr-17
OPTSTK,AMBUJACEM,29-Jun-17,300,PE,0,0,0,61.25,49.6,0,0,0,0,17-Apr-17
OPTSTK,ANDHRABANK,27-Apr-17,35,CE,0,0,0,15.5,24.7,0,0,0,0,17-Apr-17
OPTSTK,ANDHRABANK,27-Apr-17,37.5,CE,0,0,0,13.05,22.2,0,0,0,0,17-Apr-17
OPTSTK,ANDHRABANK,27-Apr-17,40,CE,0,0,0,10.6,19.7,0,0,0,0,17-Apr-17
OPTSTK,ANDHRABANK,27-Apr-17,42.5,CE,0,0,0,8.3,17.2,0,0,0,0,17-Apr-17
OPTSTK,ANDHRABANK,27-Apr-17,45,CE,0,0,0,13.9,14.7,0,0,0,0,17-Apr-17
OPTSTK,ANDHRABANK,27-Apr-17,47.5,CE,0,0,0,4.25,12.2,0,0,0,0,17-Apr-17
OPTSTK,ANDHRABANK,27-Apr-17,50,CE,0,0,0,9,9.7,0,0,0,0,17-Apr-17
OPTSTK,ANDHRABANK,27-Apr-17,52.5,CE,0,0,0,1.65,7.2,0,0,0,0,17-Apr-17
OPTSTK,ANDHRABANK,27-Apr-17,55,CE,0,0,0,5.45,4.75,0,0,130000,0,17-Apr-17
OPTSTK,ANDHRABANK,27-Apr-17,57.5,CE,3.1,3.1,3,3,3,3,18.16,120000,0,17-Apr-17
OPTSTK,ANDHRABANK,27-Apr-17,60,CE,1.55,1.7,1.3,1.45,1.45,36,221.33,950000,100000,17-Apr-17
OPTSTK,ANDHRABANK,27-Apr-17,62.5,CE,0.85,0.85,0.6,0.6,0.6,25,157.93,600000,0,17-Apr-17
OPTSTK,ANDHRABANK,27-Apr-17,65,CE,0.3,0.35,0.25,0.3,0.3,12,78.36,1040000,-10000,17-Apr-17
OPTSTK,ANDHRABANK,27-Apr-17,67.5,CE,0.1,0.1,0.1,0.1,0.1,4,27.04,140000,-10000,17-Apr-17
OPTSTK,ANDHRABANK,27-Apr-17,70,CE,0.05,0.05,0.05,0.05,0.05,7,49.03,180000,0,17-Apr-17
OPTSTK,ANDHRABANK,27-Apr-17,72.5,CE,0,0,0,0.05,0,0,0,0,0,17-Apr-17
OPTSTK,ANDHRABANK,27-Apr-17,35,PE,0,0,0,0.05,0,0,0,0,0,17-Apr-17
OPTSTK,ANDHRABANK,27-Apr-17,37.5,PE,0,0,0,0.05,0,0,0,0,0,17-Apr-17
OPTSTK,ANDHRABANK,27-Apr-17,40,PE,0,0,0,0.05,0,0,0,0,0,17-Apr-17
OPTSTK,ANDHRABANK,27-Apr-17,42.5,PE,0,0,0,0.2,0,0,0,0,0,17-Apr-17
OPTSTK,ANDHRABANK,27-Apr-17,45,PE,0,0,0,0.05,0,0,0,30000,0,17-Apr-17
OPTSTK,ANDHRABANK,27-Apr-17,47.5,PE,0,0,0,1.05,0,0,0,0,0,17-Apr-17
OPTSTK,ANDHRABANK,27-Apr-17,50,PE,0,0,0,0.05,0,0,0,120000,0,17-Apr-17
OPTSTK,ANDHRABANK,27-Apr-17,52.5,PE,0.05,0.05,0.05,0.05,0.05,5,26.27,220000,30000,17-Apr-17
OPTSTK,ANDHRABANK,27-Apr-17,55,PE,0.2,0.2,0.2,0.2,0.2,2,11.04,460000,-10000,17-Apr-17
OPTSTK,ANDHRABANK,27-Apr-17,57.5,PE,0.75,0.75,0.65,0.7,0.7,8,46.53,220000,0,17-Apr-17
OPTSTK,ANDHRABANK,27-Apr-17,60,PE,1.55,1.8,1.5,1.5,1.5,13,80.03,260000,70000,17-Apr-17
OPTSTK,ANDHRABANK,27-Apr-17,62.5,PE,0,0,0,11.7,3.05,0,0,0,0,17-Apr-17
OPTSTK,ANDHRABANK,27-Apr-17,65,PE,0,0,0,5.3,5.35,0,0,330000,0,17-Apr-17
OPTSTK,ANDHRABANK,27-Apr-17,67.5,PE,0,0,0,6.95,7.8,0,0,10000,0,17-Apr-17
OPTSTK,ANDHRABANK,27-Apr-17,70,PE,0,0,0,11.2,10.3,0,0,90000,0,17-Apr-17
OPTSTK,ANDHRABANK,27-Apr-17,72.5,PE,0,0,0,14.25,12.8,0,0,20000,0,17-Apr-17
OPTSTK,ANDHRABANK,25-May-17,35,CE,0,0,0,21.95,24.85,0,0,0,0,17-Apr-17
OPTSTK,ANDHRABANK,25-May-17,37.5,CE,0,0,0,19.5,22.35,0,0,0,0,17-Apr-17
OPTSTK,ANDHRABANK,25-May-17,40,CE,0,0,0,17.1,19.9,0,0,0,0,17-Apr-17
OPTSTK,ANDHRABANK,25-May-17,42.5,CE,0,0,0,14.7,17.4,0,0,0,0,17-Apr-17
OPTSTK,ANDHRABANK,25-May-17,45,CE,0,0,0,12.4,14.9,0,0,0,0,17-Apr-17
OPTSTK,ANDHRABANK,25-May-17,47.5,CE,0,0,0,10.2,12.45,0,0,0,0,17-Apr-17
OPTSTK,ANDHRABANK,25-May-17,50,CE,0,0,0,8.25,10,0,0,0,0,17-Apr-17
OPTSTK,ANDHRABANK,25-May-17,52.5,CE,0,0,0,6.45,7.6,0,0,0,0,17-Apr-17
OPTSTK,ANDHRABANK,25-May-17,55,CE,0,0,0,6.15,5.4,0,0,80000,0,17-Apr-17
OPTSTK,ANDHRABANK,25-May-17,57.5,CE,0,0,0,3.65,3.55,0,0,0,0,17-Apr-17
OPTSTK,ANDHRABANK,25-May-17,60,CE,0,0,0,3,2.1,0,0,50000,0,17-Apr-17
OPTSTK,ANDHRABANK,25-May-17,62.5,CE,0,0,0,1.9,1.15,0,0,0,0,17-Apr-17
OPTSTK,ANDHRABANK,25-May-17,65,CE,0,0,0,1.3,0.55,0,0,0,0,17-Apr-17
OPTSTK,ANDHRABANK,25-May-17,67.5,CE,0,0,0,0.9,0.25,0,0,0,0,17-Apr-17
OPTSTK,ANDHRABANK,25-May-17,70,CE,0,0,0,0.6,0.1,0,0,0,0,17-Apr-17
OPTSTK,ANDHRABANK,25-May-17,72.5,CE,0,0,0,0.4,0.05,0,0,0,0,17-Apr-17
OPTSTK,ANDHRABANK,25-May-17,35,PE,0,0,0,0.05,0,0,0,0,0,17-Apr-17
OPTSTK,ANDHRABANK,25-May-17,37.5,PE,0,0,0,0.05,0,0,0,0,0,17-Apr-17
OPTSTK,ANDHRABANK,25-May-17,40,PE,0,0,0,0.05,0,0,0,0,0,17-Apr-17
OPTSTK,ANDHRABANK,25-May-17,42.5,PE,0,0,0,0.15,0,0,0,0,0,17-Apr-17
OPTSTK,ANDHRABANK,25-May-17,45,PE,0,0,0,0.3,0,0,0,0,0,17-Apr-17
OPTSTK,ANDHRABANK,25-May-17,47.5,PE,0,0,0,0.6,0.05,0,0,0,0,17-Apr-17
OPTSTK,ANDHRABANK,25-May-17,50,PE,0,0,0,1.05,0.05,0,0,0,0,17-Apr-17
OPTSTK,ANDHRABANK,25-May-17,52.5,PE,0,0,0,1.75,0.15,0,0,0,0,17-Apr-17
OPTSTK,ANDHRABANK,25-May-17,55,PE,0,0,0,1,0.45,0,0,20000,0,17-Apr-17
OPTSTK,ANDHRABANK,25-May-17,57.5,PE,0,0,0,3.85,1.05,0,0,0,0,17-Apr-17
OPTSTK,ANDHRABANK,25-May-17,60,PE,0,0,0,5.3,2.1,0,0,0,0,17-Apr-17
OPTSTK,ANDHRABANK,25-May-17,62.5,PE,0,0,0,7,3.6,0,0,0,0,17-Apr-17
OPTSTK,ANDHRABANK,25-May-17,65,PE,0,0,0,8.9,5.5,0,0,0,0,17-Apr-17
OPTSTK,ANDHRABANK,25-May-17,67.5,PE,0,0,0,10.95,7.7,0,0,0,0,17-Apr-17
OPTSTK,ANDHRABANK,25-May-17,70,PE,0,0,0,13.1,10.05,0,0,0,0,17-Apr-17
OPTSTK,ANDHRABANK,25-May-17,72.5,PE,0,0,0,15.35,12.45,0,0,0,0,17-Apr-17
OPTSTK,ANDHRABANK,29-Jun-17,35,CE,0,0,0,22.85,25.05,0,0,0,0,17-Apr-17
OPTSTK,ANDHRABANK,29-Jun-17,37.5,CE,0,0,0,20.4,22.6,0,0,0,0,17-Apr-17
OPTSTK,ANDHRABANK,29-Jun-17,40,CE,0,0,0,17.95,20.15,0,0,0,0,17-Apr-17
OPTSTK,ANDHRABANK,29-Jun-17,42.5,CE,0,0,0,15.55,17.65,0,0,0,0,17-Apr-17
OPTSTK,ANDHRABANK,29-Jun-17,45,CE,0,0,0,13.15,15.2,0,0,0,0,17-Apr-17
OPTSTK,ANDHRABANK,29-Jun-17,47.5,CE,0,0,0,10.9,12.8,0,0,0,0,17-Apr-17
OPTSTK,ANDHRABANK,29-Jun-17,50,CE,0,0,0,8.8,10.45,0,0,0,0,17-Apr-17
OPTSTK,ANDHRABANK,29-Jun-17,52.5,CE,0,0,0,6.95,8.2,0,0,0,0,17-Apr-17
OPTSTK,ANDHRABANK,29-Jun-17,55,CE,0,0,0,5.3,6.2,0,0,0,0,17-Apr-17
OPTSTK,ANDHRABANK,29-Jun-17,57.5,CE,0,0,0,3.9,4.5,0,0,0,0,17-Apr-17
OPTSTK,ANDHRABANK,29-Jun-17,60,CE,0,0,0,2.8,3.1,0,0,0,0,17-Apr-17
OPTSTK,ANDHRABANK,29-Jun-17,62.5,CE,0,0,0,1.95,2.05,0,0,0,0,17-Apr-17
OPTSTK,ANDHRABANK,29-Jun-17,65,CE,0,0,0,1.35,1.3,0,0,0,0,17-Apr-17
OPTSTK,ANDHRABANK,29-Jun-17,67.5,CE,0,0,0,0.9,0.75,0,0,0,0,17-Apr-17
OPTSTK,ANDHRABANK,29-Jun-17,70,CE,0,0,0,0.6,0.45,0,0,0,0,17-Apr-17
OPTSTK,ANDHRABANK,29-Jun-17,72.5,CE,0,0,0,0.4,0.25,0,0,0,0,17-Apr-17
OPTSTK,ANDHRABANK,29-Jun-17,35,PE,0,0,0,0.05,0,0,0,0,0,17-Apr-17
OPTSTK,ANDHRABANK,29-Jun-17,37.5,PE,0,0,0,0.05,0,0,0,0,0,17-Apr-17
OPTSTK,ANDHRABANK,29-Jun-17,40,PE,0,0,0,0.05,0,0,0,0,0,17-Apr-17
OPTSTK,ANDHRABANK,29-Jun-17,42.5,PE,0,0,0,0.1,0,0,0,0,0,17-Apr-17
OPTSTK,ANDHRABANK,29-Jun-17,45,PE,0,0,0,0.2,0.05,0,0,0,0,17-Apr-17
OPTSTK,ANDHRABANK,29-Jun-17,47.5,PE,0,0,0,0.4,0.1,0,0,0,0,17-Apr-17
OPTSTK,ANDHRABANK,29-Jun-17,50,PE,0,0,0,0.75,0.2,0,0,0,0,17-Apr-17
OPTSTK,ANDHRABANK,29-Jun-17,52.5,PE,0,0,0,1.3,0.45,0,0,0,0,17-Apr-17
OPTSTK,ANDHRABANK,29-Jun-17,55,PE,0,0,0,2.15,0.9,0,0,0,0,17-Apr-17
OPTSTK,ANDHRABANK,29-Jun-17,57.5,PE,0,0,0,3.2,1.65,0,0,0,0,17-Apr-17
OPTSTK,ANDHRABANK,29-Jun-17,60,PE,0,0,0,4.6,2.7,0,0,0,0,17-Apr-17
OPTSTK,ANDHRABANK,29-Jun-17,62.5,PE,0,0,0,6.2,4.1,0,0,0,0,17-Apr-17
OPTSTK,ANDHRABANK,29-Jun-17,65,PE,0,0,0,8.05,5.85,0,0,0,0,17-Apr-17
OPTSTK,ANDHRABANK,29-Jun-17,67.5,PE,0,0,0,10.05,7.8,0,0,0,0,17-Apr-17
OPTSTK,ANDHRABANK,29-Jun-17,70,PE,0,0,0,12.2,9.95,0,0,0,0,17-Apr-17
OPTSTK,ANDHRABANK,29-Jun-17,72.5,PE,0,0,0,14.45,12.2,0,0,0,0,17-Apr-17
OPTSTK,APOLLOHOSP,27-Apr-17,920,CE,0,0,0,318.6,256.65,0,0,0,0,17-Apr-17
OPTSTK,APOLLOHOSP,27-Apr-17,940,CE,0,0,0,299.65,236.7,0,0,0,0,17-Apr-17
OPTSTK,APOLLOHOSP,27-Apr-17,960,CE,0,0,0,280.9,216.75,0,0,0,0,17-Apr-17
OPTSTK,APOLLOHOSP,27-Apr-17,980,CE,0,0,0,262.5,196.8,0,0,0,0,17-Apr-17
OPTSTK,APOLLOHOSP,27-Apr-17,1000,CE,0,0,0,244.45,176.8,0,0,0,0,17-Apr-17
OPTSTK,APOLLOHOSP,27-Apr-17,1020,CE,0,0,0,226.85,156.85,0,0,0,0,17-Apr-17
OPTSTK,APOLLOHOSP,27-Apr-17,1040,CE,0,0,0,209.7,136.9,0,0,0,0,17-Apr-17
OPTSTK,APOLLOHOSP,27-Apr-17,1060,CE,0,0,0,193.1,116.95,0,0,0,0,17-Apr-17
OPTSTK,APOLLOHOSP,27-Apr-17,1080,CE,0,0,0,65,97.1,0,0,0,0,17-Apr-17
OPTSTK,APOLLOHOSP,27-Apr-17,1100,CE,0,0,0,161.8,77.55,0,0,0,0,17-Apr-17
OPTSTK,APOLLOHOSP,27-Apr-17,1120,CE,0,0,0,147.2,58.85,0,0,0,0,17-Apr-17
OPTSTK,APOLLOHOSP,27-Apr-17,1140,CE,0,0,0,46,41.75,0,0,1200,0,17-Apr-17
OPTSTK,APOLLOHOSP,27-Apr-17,1160,CE,27.1,31.6,27.1,31.6,31.6,2,9.51,14000,800,17-Apr-17
OPTSTK,APOLLOHOSP,27-Apr-17,1180,CE,21.6,22,20.5,20.75,20.75,6,28.83,28000,1600,17-Apr-17
OPTSTK,APOLLOHOSP,27-Apr-17,1200,CE,12.5,14,12,12.05,12.05,14,67.93,60000,0,17-Apr-17
OPTSTK,APOLLOHOSP,27-Apr-17,1220,CE,10,10,7.25,7.25,7.25,4,19.64,14000,400,17-Apr-17
OPTSTK,APOLLOHOSP,27-Apr-17,1240,CE,4.35,4.95,4.3,4.95,4.95,4,19.91,4800,-1200,17-Apr-17
OPTSTK,APOLLOHOSP,27-Apr-17,1260,CE,2.85,2.85,0.7,1.05,1.05,20,100.94,800,0,17-Apr-17
OPTSTK,APOLLOHOSP,27-Apr-17,1280,CE,0,0,0,59.25,0.2,0,0,0,0,17-Apr-17
OPTSTK,APOLLOHOSP,27-Apr-17,1300,CE,0,0,0,1,0.1,0,0,3600,0,17-Apr-17
OPTSTK,APOLLOHOSP,27-Apr-17,1320,CE,0,0,0,45.3,0.05,0,0,0,0,17-Apr-17
OPTSTK,APOLLOHOSP,27-Apr-17,1340,CE,0,0,0,39.35,0,0,0,0,0,17-Apr-17
OPTSTK,APOLLOHOSP,27-Apr-17,1360,CE,0,0,0,34.1,0,0,0,0,0,17-Apr-17
OPTSTK,APOLLOHOSP,27-Apr-17,1380,CE,0,0,0,29.45,0,0,0,0,0,17-Apr-17
OPTSTK,APOLLOHOSP,27-Apr-17,1400,CE,0,0,0,25.25,0,0,0,0,0,17-Apr-17
OPTSTK,APOLLOHOSP,27-Apr-17,1420,CE,0,0,0,21.6,0,0,0,0,0,17-Apr-17
OPTSTK,APOLLOHOSP,27-Apr-17,1440,CE,0,0,0,18.45,0,0,0,0,0,17-Apr-17
OPTSTK,APOLLOHOSP,27-Apr-17,1460,CE,0,0,0,15.65,0,0,0,0,0,17-Apr-17
OPTSTK,APOLLOHOSP,27-Apr-17,1480,CE,0,0,0,13.25,0,0,0,0,0,17-Apr-17
OPTSTK,APOLLOHOSP,27-Apr-17,1500,CE,0,0,0,11.2,0,0,0,0,0,17-Apr-17
OPTSTK,APOLLOHOSP,27-Apr-17,1520,CE,0,0,0,9.45,0,0,0,0,0,17-Apr-17
OPTSTK,APOLLOHOSP,27-Apr-17,1540,CE,0,0,0,7.9,0,0,0,0,0,17-Apr-17
OPTSTK,APOLLOHOSP,27-Apr-17,1560,CE,0,0,0,6.6,0,0,0,0,0,17-Apr-17
OPTSTK,APOLLOHOSP,27-Apr-17,920,PE,0,0,0,1.65,0,0,0,0,0,17-Apr-17
OPTSTK,APOLLOHOSP,27-Apr-17,940,PE,0,0,0,2.35,0,0,0,0,0,17-Apr-17
OPTSTK,APOLLOHOSP,27-Apr-17,960,PE,0,0,0,3.3,0,0,0,0,0,17-Apr-17
OPTSTK,APOLLOHOSP,27-Apr-17,980,PE,0,0,0,4.55,0,0,0,0,0,17-Apr-17
OPTSTK,APOLLOHOSP,27-Apr-17,1000,PE,0,0,0,6.2,0,0,0,0,0,17-Apr-17
OPTSTK,APOLLOHOSP,27-Apr-17,1020,PE,0,0,0,8.25,0,0,0,0,0,17-Apr-17
OPTSTK,APOLLOHOSP,27-Apr-17,1040,PE,0,0,0,10.75,0,0,0,0,0,17-Apr-17
OPTSTK,APOLLOHOSP,27-Apr-17,1060,PE,0,0,0,13.85,0.05,0,0,0,0,17-Apr-17
OPTSTK,APOLLOHOSP,27-Apr-17,1080,PE,0,0,0,17.55,0.15,0,0,0,0,17-Apr-17
OPTSTK,APOLLOHOSP,27-Apr-17,1100,PE,0,0,0,2,0.6,0,0,4000,0,17-Apr-17
OPTSTK,APOLLOHOSP,27-Apr-17,1120,PE,0,0,0,5,1.85,0,0,12000,0,17-Apr-17
OPTSTK,APOLLOHOSP,27-Apr-17,1140,PE,0,0,0,10.2,4.7,0,0,6400,0,17-Apr-17
OPTSTK,APOLLOHOSP,27-Apr-17,1160,PE,11.6,15.25,11.6,14.1,14.1,4,18.78,12800,0,17-Apr-17
OPTSTK,APOLLOHOSP,27-Apr-17,1180,PE,22.1,22.1,22.1,22.1,22.1,1,4.8,4000,0,17-Apr-17
OPTSTK,APOLLOHOSP,27-Apr-17,1200,PE,0,0,0,38,31.4,0,0,4000,0,17-Apr-17
OPTSTK,APOLLOHOSP,27-Apr-17,1220,PE,0,0,0,51.5,46.85,0,0,6400,0,17-Apr-17
OPTSTK,APOLLOHOSP,27-Apr-17,1240,PE,0,0,0,77.9,64.5,0,0,3200,0,17-Apr-17
OPTSTK,APOLLOHOSP,27-Apr-17,1260,PE,0,0,0,94.3,83.4,0,0,3200,0,17-Apr-17
OPTSTK,APOLLOHOSP,27-Apr-17,1280,PE,0,0,0,96.4,102.95,0,0,0,0,17-Apr-17
OPTSTK,APOLLOHOSP,27-Apr-17,1300,PE,0,0,0,123.95,122.75,0,0,1200,0,17-Apr-17
OPTSTK,APOLLOHOSP,27-Apr-17,1320,PE,0,0,0,121.75,142.7,0,0,0,0,17-Apr-17
OPTSTK,APOLLOHOSP,27-Apr-17,1340,PE,0,0,0,135.5,162.65,0,0,0,0,17-Apr-17
OPTSTK,APOLLOHOSP,27-Apr-17,1360,PE,0,0,0,149.95,182.6,0,0,0,0,17-Apr-17
OPTSTK,APOLLOHOSP,27-Apr-17,1380,PE,0,0,0,164.9,202.55,0,0,0,0,17-Apr-17
OPTSTK,APOLLOHOSP,27-Apr-17,1400,PE,0,0,0,180.4,222.55,0,0,0,0,17-Apr-17
OPTSTK,APOLLOHOSP,27-Apr-17,1420,PE,0,0,0,196.45,242.5,0,0,0,0,17-Apr-17
OPTSTK,APOLLOHOSP,27-Apr-17,1440,PE,0,0,0,212.95,262.45,0,0,0,0,17-Apr-17
OPTSTK,APOLLOHOSP,27-Apr-17,1460,PE,0,0,0,229.85,282.45,0,0,0,0,17-Apr-17
OPTSTK,APOLLOHOSP,27-Apr-17,1480,PE,0,0,0,247.1,302.4,0,0,0,0,17-Apr-17
OPTSTK,APOLLOHOSP,27-Apr-17,1500,PE,0,0,0,264.75,322.35,0,0,0,0,17-Apr-17
OPTSTK,APOLLOHOSP,27-Apr-17,1520,PE,0,0,0,282.6,342.3,0,0,0,0,17-Apr-17
OPTSTK,APOLLOHOSP,27-Apr-17,1540,PE,0,0,0,300.75,362.3,0,0,0,0,17-Apr-17
OPTSTK,APOLLOHOSP,27-Apr-17,1560,PE,0,0,0,319.15,382.25,0,0,0,0,17-Apr-17
OPTSTK,APOLLOHOSP,25-May-17,920,CE,0,0,0,418.25,261.3,0,0,0,0,17-Apr-17
OPTSTK,APOLLOHOSP,25-May-17,940,CE,0,0,0,398.7,241.45,0,0,0,0,17-Apr-17
OPTSTK,APOLLOHOSP,25-May-17,960,CE,0,0,0,379.2,221.6,0,0,0,0,17-Apr-17
OPTSTK,APOLLOHOSP,25-May-17,980,CE,0,0,0,359.75,201.8,0,0,0,0,17-Apr-17
OPTSTK,APOLLOHOSP,25-May-17,1000,CE,0,0,0,340.45,182.1,0,0,0,0,17-Apr-17
OPTSTK,APOLLOHOSP,25-May-17,1020,CE,0,0,0,321.3,162.55,0,0,0,0,17-Apr-17
OPTSTK,APOLLOHOSP,25-May-17,1040,CE,0,0,0,302.35,143.3,0,0,0,0,17-Apr-17
OPTSTK,APOLLOHOSP,25-May-17,1060,CE,0,0,0,283.65,124.55,0,0,0,0,17-Apr-17
OPTSTK,APOLLOHOSP,25-May-17,1080,CE,0,0,0,265.25,106.45,0,0,0,0,17-Apr-17
OPTSTK,APOLLOHOSP,25-May-17,1100,CE,0,0,0,247.15,89.35,0,0,0,0,17-Apr-17
OPTSTK,APOLLOHOSP,25-May-17,1120,CE,0,0,0,229.5,73.5,0,0,0,0,17-Apr-17
OPTSTK,APOLLOHOSP,25-May-17,1140,CE,0,0,0,212.3,59.1,0,0,0,0,17-Apr-17
OPTSTK,APOLLOHOSP,25-May-17,1160,CE,0,0,0,195.65,46.45,0,0,0,0,17-Apr-17
OPTSTK,APOLLOHOSP,25-May-17,1180,CE,0,0,0,30,35.6,0,0,400,0,17-Apr-17
OPTSTK,APOLLOHOSP,25-May-17,1200,CE,0,0,0,164.2,26.55,0,0,0,0,17-Apr-17
OPTSTK,APOLLOHOSP,25-May-17,1220,CE,0,0,0,149.55,19.35,0,0,0,0,17-Apr-17
OPTSTK,APOLLOHOSP,25-May-17,1240,CE,0,0,0,135.5,13.75,0,0,0,0,17-Apr-17
OPTSTK,APOLLOHOSP,25-May-17,1260,CE,0,0,0,122.3,9.45,0,0,0,0,17-Apr-17
OPTSTK,APOLLOHOSP,25-May-17,1280,CE,0,0,0,109.95,6.35,0,0,0,0,17-Apr-17
OPTSTK,APOLLOHOSP,25-May-17,1300,CE,0,0,0,98.4,4.15,0,0,0,0,17-Apr-17
OPTSTK,APOLLOHOSP,25-May-17,1320,CE,0,0,0,87.7,2.65,0,0,0,0,17-Apr-17
OPTSTK,APOLLOHOSP,25-May-17,1340,CE,0,0,0,77.8,1.65,0,0,0,0,17-Apr-17
OPTSTK,APOLLOHOSP,25-May-17,1360,CE,0,0,0,68.75,1,0,0,0,0,17-Apr-17
OPTSTK,APOLLOHOSP,25-May-17,1380,CE,0,0,0,60.45,0.6,0,0,0,0,17-Apr-17
OPTSTK,APOLLOHOSP,25-May-17,1400,CE,0,0,0,52.95,0.35,0,0,0,0,17-Apr-17
OPTSTK,APOLLOHOSP,25-May-17,1420,CE,0,0,0,46.2,0.2,0,0,0,0,17-Apr-17
OPTSTK,APOLLOHOSP,25-May-17,1440,CE,0,0,0,40.15,0.1,0,0,0,0,17-Apr-17
OPTSTK,APOLLOHOSP,25-May-17,1460,CE,0,0,0,34.7,0.05,0,0,0,0,17-Apr-17
OPTSTK,APOLLOHOSP,25-May-17,1480,CE,0,0,0,30,0.05,0,0,0,0,17-Apr-17
OPTSTK,APOLLOHOSP,25-May-17,1500,CE,0,0,0,25.7,0.05,0,0,0,0,17-Apr-17
OPTSTK,APOLLOHOSP,25-May-17,1520,CE,0,0,0,22,0.05,0,0,0,0,17-Apr-17
OPTSTK,APOLLOHOSP,25-May-17,1540,CE,0,0,0,18.75,0,0,0,0,0,17-Apr-17
OPTSTK,APOLLOHOSP,25-May-17,1560,CE,0,0,0,15.9,0,0,0,0,0,17-Apr-17
OPTSTK,APOLLOHOSP,25-May-17,920,PE,0,0,0,0.2,0.05,0,0,0,0,17-Apr-17
OPTSTK,APOLLOHOSP,25-May-17,940,PE,0,0,0,0.35,0.05,0,0,0,0,17-Apr-17
OPTSTK,APOLLOHOSP,25-May-17,960,PE,0,0,0,0.5,0.05,0,0,0,0,17-Apr-17
OPTSTK,APOLLOHOSP,25-May-17,980,PE,0,0,0,0.8,0.15,0,0,0,0,17-Apr-17
OPTSTK,APOLLOHOSP,25-May-17,1000,PE,0,0,0,1.2,0.3,0,0,0,0,17-Apr-17
OPTSTK,APOLLOHOSP,25-May-17,1020,PE,0,0,0,1.7,0.65,0,0,0,0,17-Apr-17
OPTSTK,APOLLOHOSP,25-May-17,1040,PE,0,0,0,2.45,1.25,0,0,0,0,17-Apr-17
OPTSTK,APOLLOHOSP,25-May-17,1060,PE,0,0,0,3.4,2.35,0,0,0,0,17-Apr-17
OPTSTK,APOLLOHOSP,25-May-17,1080,PE,0,0,0,4.7,4.15,0,0,0,0,17-Apr-17
OPTSTK,APOLLOHOSP,25-May-17,1100,PE,0,0,0,6.3,6.9,0,0,0,0,17-Apr-17
OPTSTK,APOLLOHOSP,25-May-17,1120,PE,0,0,0,8.3,10.9,0,0,0,0,17-Apr-17
OPTSTK,APOLLOHOSP,25-May-17,1140,PE,0,0,0,10.8,16.35,0,0,0,0,17-Apr-17
OPTSTK,APOLLOHOSP,25-May-17,1160,PE,0,0,0,13.85,23.55,0,0,0,0,17-Apr-17
OPTSTK,APOLLOHOSP,25-May-17,1180,PE,0,0,0,17.5,32.6,0,0,0,0,17-Apr-17
OPTSTK,APOLLOHOSP,25-May-17,1200,PE,0,0,0,21.75,43.45,0,0,0,0,17-Apr-17
OPTSTK,APOLLOHOSP,25-May-17,1220,PE,0,0,0,26.8,56.05,0,0,0,0,17-Apr-17
OPTSTK,APOLLOHOSP,25-May-17,1240,PE,0,0,0,32.45,70.3,0,0,0,0,17-Apr-17
OPTSTK,APOLLOHOSP,25-May-17,1260,PE,0,0,0,38.95,85.9,0,0,0,0,17-Apr-17
OPTSTK,APOLLOHOSP,25-May-17,1280,PE,0,0,0,46.25,102.65,0,0,0,0,17-Apr-17
OPTSTK,APOLLOHOSP,25-May-17,1300,PE,0,0,0,54.4,120.3,0,0,0,0,17-Apr-17
OPTSTK,APOLLOHOSP,25-May-17,1320,PE,0,0,0,63.4,138.7,0,0,0,0,17-Apr-17
OPTSTK,APOLLOHOSP,25-May-17,1340,PE,0,0,0,73.2,157.55,0,0,0,0,17-Apr-17
OPTSTK,APOLLOHOSP,25-May-17,1360,PE,0,0,0,83.8,176.75,0,0,0,0,17-Apr-17
OPTSTK,APOLLOHOSP,25-May-17,1380,PE,0,0,0,95.2,196.25,0,0,0,0,17-Apr-17
OPTSTK,APOLLOHOSP,25-May-17,1400,PE,0,0,0,107.4,215.85,0,0,0,0,17-Apr-17
OPTSTK,APOLLOHOSP,25-May-17,1420,PE,0,0,0,120.3,235.6,0,0,0,0,17-Apr-17
OPTSTK,APOLLOHOSP,25-May-17,1440,PE,0,0,0,133.95,255.35,0,0,0,0,17-Apr-17
OPTSTK,APOLLOHOSP,25-May-17,1460,PE,0,0,0,148.2,275.2,0,0,0,0,17-Apr-17
OPTSTK,APOLLOHOSP,25-May-17,1480,PE,0,0,0,163.15,295,0,0,0,0,17-Apr-17
OPTSTK,APOLLOHOSP,25-May-17,1500,PE,0,0,0,178.6,314.85,0,0,0,0,17-Apr-17
OPTSTK,APOLLOHOSP,25-May-17,1520,PE,0,0,0,194.55,334.75,0,0,0,0,17-Apr-17
OPTSTK,APOLLOHOSP,25-May-17,1540,PE,0,0,0,210.95,354.6,0,0,0,0,17-Apr-17
OPTSTK,APOLLOHOSP,25-May-17,1560,PE,0,0,0,227.8,374.45,0,0,0,0,17-Apr-17
OPTSTK,APOLLOHOSP,29-Jun-17,920,CE,0,0,0,252.65,267.15,0,0,0,0,17-Apr-17
OPTSTK,APOLLOHOSP,29-Jun-17,940,CE,0,0,0,233.85,247.55,0,0,0,0,17-Apr-17
OPTSTK,APOLLOHOSP,29-Jun-17,960,CE,0,0,0,215.4,228.1,0,0,0,0,17-Apr-17
OPTSTK,APOLLOHOSP,29-Jun-17,980,CE,0,0,0,197.35,208.85,0,0,0,0,17-Apr-17
OPTSTK,APOLLOHOSP,29-Jun-17,1000,CE,0,0,0,179.85,189.85,0,0,0,0,17-Apr-17
OPTSTK,APOLLOHOSP,29-Jun-17,1020,CE,0,0,0,162.95,171.25,0,0,0,0,17-Apr-17
OPTSTK,APOLLOHOSP,29-Jun-17,1040,CE,0,0,0,146.7,153.15,0,0,0,0,17-Apr-17
OPTSTK,APOLLOHOSP,29-Jun-17,1060,CE,0,0,0,131.3,135.7,0,0,0,0,17-Apr-17
OPTSTK,APOLLOHOSP,29-Jun-17,1080,CE,0,0,0,116.75,119.05,0,0,0,0,17-Apr-17
OPTSTK,APOLLOHOSP,29-Jun-17,1100,CE,0,0,0,103.1,103.4,0,0,0,0,17-Apr-17
OPTSTK,APOLLOHOSP,29-Jun-17,1120,CE,0,0,0,90.45,88.75,0,0,0,0,17-Apr-17
OPTSTK,APOLLOHOSP,29-Jun-17,1140,CE,0,0,0,78.85,75.35,0,0,0,0,17-Apr-17
OPTSTK,APOLLOHOSP,29-Jun-17,1160,CE,0,0,0,68.25,63.2,0,0,0,0,17-Apr-17
OPTSTK,APOLLOHOSP,29-Jun-17,1180,CE,0,0,0,58.65,52.35,0,0,0,0,17-Apr-17
OPTSTK,APOLLOHOSP,29-Jun-17,1200,CE,0,0,0,50.05,42.85,0,0,0,0,17-Apr-17
OPTSTK,APOLLOHOSP,29-Jun-17,1220,CE,0,0,0,42.45,34.65,0,0,0,0,17-Apr-17
OPTSTK,APOLLOHOSP,29-Jun-17,1240,CE,0,0,0,35.75,27.65,0,0,0,0,17-Apr-17
OPTSTK,APOLLOHOSP,29-Jun-17,1260,CE,0,0,0,29.9,21.8,0,0,0,0,17-Apr-17
OPTSTK,APOLLOHOSP,29-Jun-17,1280,CE,0,0,0,24.95,17,0,0,0,0,17-Apr-17
OPTSTK,APOLLOHOSP,29-Jun-17,1300,CE,0,0,0,20.55,13.1,0,0,0,0,17-Apr-17
OPTSTK,APOLLOHOSP,29-Jun-17,1320,CE,0,0,0,16.9,9.95,0,0,0,0,17-Apr-17
OPTSTK,APOLLOHOSP,29-Jun-17,1340,CE,0,0,0,13.8,7.45,0,0,0,0,17-Apr-17
OPTSTK,APOLLOHOSP,29-Jun-17,1360,CE,0,0,0,11.2,5.55,0,0,0,0,17-Apr-17
OPTSTK,APOLLOHOSP,29-Jun-17,1380,CE,0,0,0,9,4.05,0,0,0,0,17-Apr-17
OPTSTK,APOLLOHOSP,29-Jun-17,1400,CE,0,0,0,7.2,2.95,0,0,0,0,17-Apr-17
OPTSTK,APOLLOHOSP,29-Jun-17,1420,CE,0,0,0,5.75,2.1,0,0,0,0,17-Apr-17
OPTSTK,APOLLOHOSP,29-Jun-17,1440,CE,0,0,0,4.55,1.5,0,0,0,0,17-Apr-17
OPTSTK,APOLLOHOSP,29-Jun-17,1460,CE,0,0,0,3.6,1.05,0,0,0,0,17-Apr-17
OPTSTK,APOLLOHOSP,29-Jun-17,1480,CE,0,0,0,2.85,0.75,0,0,0,0,17-Apr-17
OPTSTK,APOLLOHOSP,29-Jun-17,1500,CE,0,0,0,2.2,0.5,0,0,0,0,17-Apr-17
OPTSTK,APOLLOHOSP,29-Jun-17,1520,CE,0,0,0,1.7,0.35,0,0,0,0,17-Apr-17
OPTSTK,APOLLOHOSP,29-Jun-17,1540,CE,0,0,0,1.35,0.25,0,0,0,0,17-Apr-17
OPTSTK,APOLLOHOSP,29-Jun-17,1560,CE,0,0,0,1.05,0.15,0,0,0,0,17-Apr-17
OPTSTK,APOLLOHOSP,29-Jun-17,920,PE,0,0,0,1.7,0.2,0,0,0,0,17-Apr-17
OPTSTK,APOLLOHOSP,29-Jun-17,940,PE,0,0,0,2.6,0.35,0,0,0,0,17-Apr-17
OPTSTK,APOLLOHOSP,29-Jun-17,960,PE,0,0,0,3.8,0.65,0,0,0,0,17-Apr-17
OPTSTK,APOLLOHOSP,29-Jun-17,980,PE,0,0,0,5.45,1.1,0,0,0,0,17-Apr-17
OPTSTK,APOLLOHOSP,29-Jun-17,1000,PE,0,0,0,7.6,1.9,0,0,0,0,17-Apr-17
OPTSTK,APOLLOHOSP,29-Jun-17,1020,PE,0,0,0,10.35,3,0,0,0,0,17-Apr-17
OPTSTK,APOLLOHOSP,29-Jun-17,1040,PE,0,0,0,13.8,4.65,0,0,0,0,17-Apr-17
OPTSTK,APOLLOHOSP,29-Jun-17,1060,PE,0,0,0,18.05,6.95,0,0,0,0,17-Apr-17
OPTSTK,APOLLOHOSP,29-Jun-17,1080,PE,0,0,0,23.2,10.05,0,0,0,0,17-Apr-17
OPTSTK,APOLLOHOSP,29-Jun-17,1100,PE,0,0,0,29.2,14.1,0,0,0,0,17-Apr-17
OPTSTK,APOLLOHOSP,29-Jun-17,1120,PE,0,0,0,36.25,19.25,0,0,0,0,17-Apr-17
OPTSTK,APOLLOHOSP,29-Jun-17,1140,PE,0,0,0,44.3,25.55,0,0,0,0,17-Apr-17
OPTSTK,APOLLOHOSP,29-Jun-17,1160,PE,0,0,0,53.35,33.15,0,0,0,0,17-Apr-17
OPTSTK,APOLLOHOSP,29-Jun-17,1180,PE,0,0,0,63.45,42.1,0,0,0,0,17-Apr-17
OPTSTK,APOLLOHOSP,29-Jun-17,1200,PE,0,0,0,74.55,52.3,0,0,0,0,17-Apr-17
OPTSTK,APOLLOHOSP,29-Jun-17,1220,PE,0,0,0,86.6,63.85,0,0,0,0,17-Apr-17
OPTSTK,APOLLOHOSP,29-Jun-17,1240,PE,0,0,0,99.55,76.6,0,0,0,0,17-Apr-17
OPTSTK,APOLLOHOSP,29-Jun-17,1260,PE,0,0,0,113.4,90.5,0,0,0,0,17-Apr-17
OPTSTK,APOLLOHOSP,29-Jun-17,1280,PE,0,0,0,128.05,105.4,0,0,0,0,17-Apr-17
OPTSTK,APOLLOHOSP,29-Jun-17,1300,PE,0,0,0,143.4,121.25,0,0,0,0,17-Apr-17
OPTSTK,APOLLOHOSP,29-Jun-17,1320,PE,0,0,0,159.35,137.85,0,0,0,0,17-Apr-17
OPTSTK,APOLLOHOSP,29-Jun-17,1340,PE,0,0,0,175.95,155.1,0,0,0,0,17-Apr-17
OPTSTK,APOLLOHOSP,29-Jun-17,1360,PE,0,0,0,193,172.95,0,0,0,0,17-Apr-17
OPTSTK,APOLLOHOSP,29-Jun-17,1380,PE,0,0,0,210.5,191.2,0,0,0,0,17-Apr-17
OPTSTK,APOLLOHOSP,29-Jun-17,1400,PE,0,0,0,228.4,209.8,0,0,0,0,17-Apr-17
OPTSTK,APOLLOHOSP,29-Jun-17,1420,PE,0,0,0,246.6,228.75,0,0,0,0,17-Apr-17
OPTSTK,APOLLOHOSP,29-Jun-17,1440,PE,0,0,0,265.05,247.85,0,0,0,0,17-Apr-17
OPTSTK,APOLLOHOSP,29-Jun-17,1460,PE,0,0,0,283.75,267.15,0,0,0,0,17-Apr-17
OPTSTK,APOLLOHOSP,29-Jun-17,1480,PE,0,0,0,302.65,286.6,0,0,0,0,17-Apr-17
OPTSTK,APOLLOHOSP,29-Jun-17,1500,PE,0,0,0,321.7,306.1,0,0,0,0,17-Apr-17
OPTSTK,APOLLOHOSP,29-Jun-17,1520,PE,0,0,0,340.9,325.7,0,0,0,0,17-Apr-17
OPTSTK,APOLLOHOSP,29-Jun-17,1540,PE,0,0,0,360.2,345.3,0,0,0,0,17-Apr-17
OPTSTK,APOLLOHOSP,29-Jun-17,1560,PE,0,0,0,379.55,364.95,0,0,0,0,17-Apr-17
OPTSTK,APOLLOTYRE,27-Apr-17,120,CE,0,0,0,68.75,109.5,0,0,0,0,17-Apr-17
OPTSTK,APOLLOTYRE,27-Apr-17,125,CE,0,0,0,63.85,104.5,0,0,0,0,17-Apr-17
OPTSTK,APOLLOTYRE,27-Apr-17,130,CE,0,0,0,58.95,99.5,0,0,0,0,17-Apr-17
OPTSTK,APOLLOTYRE,27-Apr-17,135,CE,0,0,0,54.15,94.5,0,0,0,0,17-Apr-17
OPTSTK,APOLLOTYRE,27-Apr-17,140,CE,0,0,0,49.35,89.5,0,0,0,0,17-Apr-17
OPTSTK,APOLLOTYRE,27-Apr-17,145,CE,0,0,0,44.6,84.5,0,0,0,0,17-Apr-17
OPTSTK,APOLLOTYRE,27-Apr-17,150,CE,0,0,0,40,79.55,0,0,0,0,17-Apr-17
OPTSTK,APOLLOTYRE,27-Apr-17,155,CE,0,0,0,35.6,74.55,0,0,0,0,17-Apr-17
OPTSTK,APOLLOTYRE,27-Apr-17,160,CE,0,0,0,31.35,69.55,0,0,0,0,17-Apr-17
OPTSTK,APOLLOTYRE,27-Apr-17,165,CE,0,0,0,27.3,64.55,0,0,0,0,17-Apr-17
OPTSTK,APOLLOTYRE,27-Apr-17,170,CE,0,0,0,23.55,59.55,0,0,0,0,17-Apr-17
OPTSTK,APOLLOTYRE,27-Apr-17,175,CE,0,0,0,20.1,54.55,0,0,0,0,17-Apr-17
OPTSTK,APOLLOTYRE,27-Apr-17,180,CE,0,0,0,9.05,49.6,0,0,3000,0,17-Apr-17
OPTSTK,APOLLOTYRE,27-Apr-17,185,CE,0,0,0,14.2,44.6,0,0,0,0,17-Apr-17
OPTSTK,APOLLOTYRE,27-Apr-17,190,CE,0,0,0,39.9,39.6,0,0,12000,0,17-Apr-17
OPTSTK,APOLLOTYRE,27-Apr-17,195,CE,0,0,0,17.95,34.65,0,0,6000,0,17-Apr-17
OPTSTK,APOLLOTYRE,27-Apr-17,200,CE,29.1,29.1,28.85,28.85,28.85,2,13.73,72000,0,17-Apr-17
OPTSTK,APOLLOTYRE,27-Apr-17,205,CE,0,0,0,20.65,24.85,0,0,60000,0,17-Apr-17
OPTSTK,APOLLOTYRE,27-Apr-17,210,CE,16.35,16.35,16.35,16.35,16.35,1,6.79,177000,0,17-Apr-17
OPTSTK,APOLLOTYRE,27-Apr-17,215,CE,9.2,15.8,9.2,14.95,14.95,15,102.86,294000,0,17-Apr-17
OPTSTK,APOLLOTYRE,27-Apr-17,220,CE,7.1,12.7,6.25,11.1,11.1,96,661.48,348000,-9000,17-Apr-17
OPTSTK,APOLLOTYRE,27-Apr-17,225,CE,5.2,9.25,3.95,7.75,7.75,238,1653.51,420000,-33000,17-Apr-17
OPTSTK,APOLLOTYRE,27-Apr-17,230,CE,3.7,6.5,2.45,5.25,5.25,1067,7517.05,822000,-111000,17-Apr-17
OPTSTK,APOLLOTYRE,27-Apr-17,235,CE,2.2,4.35,1.65,3.4,3.4,342,2443.33,378000,0,17-Apr-17
OPTSTK,APOLLOTYRE,27-Apr-17,240,CE,1.4,2.75,1,2.1,2.1,483,3505.25,921000,96000,17-Apr-17
OPTSTK,APOLLOTYRE,27-Apr-17,245,CE,0.75,1.65,0.7,1.25,1.25,49,361.92,171000,48000,17-Apr-17
OPTSTK,APOLLOTYRE,27-Apr-17,250,CE,0.5,0.95,0.4,0.75,0.75,150,1128.09,603000,30000,17-Apr-17
OPTSTK,APOLLOTYRE,27-Apr-17,255,CE,0.3,0.55,0.3,0.5,0.5,5,38.32,33000,0,17-Apr-17
OPTSTK,APOLLOTYRE,27-Apr-17,260,CE,2.7,2.7,0.25,0.3,0.3,10,78.16,153000,-3000,17-Apr-17
OPTSTK,APOLLOTYRE,27-Apr-17,265,CE,0,0,0,0.25,0.1,0,0,3000,0,17-Apr-17
OPTSTK,APOLLOTYRE,27-Apr-17,270,CE,0,0,0,0.05,0.05,0,0,0,0,17-Apr-17
OPTSTK,APOLLOTYRE,27-Apr-17,120,PE,0,0,0,0.05,0,0,0,0,0,17-Apr-17
OPTSTK,APOLLOTYRE,27-Apr-17,125,PE,0,0,0,0.05,0,0,0,0,0,17-Apr-17
OPTSTK,APOLLOTYRE,27-Apr-17,130,PE,0,0,0,0.1,0,0,0,0,0,17-Apr-17
OPTSTK,APOLLOTYRE,27-Apr-17,135,PE,0,0,0,0.15,0,0,0,0,0,17-Apr-17
OPTSTK,APOLLOTYRE,27-Apr-17,140,PE,0,0,0,0.3,0,0,0,0,0,17-Apr-17
OPTSTK,APOLLOTYRE,27-Apr-17,145,PE,0,0,0,0.5,0,0,0,0,0,17-Apr-17
OPTSTK,APOLLOTYRE,27-Apr-17,150,PE,0,0,0,0.8,0,0,0,0,0,17-Apr-17
OPTSTK,APOLLOTYRE,27-Apr-17,155,PE,0,0,0,1.3,0,0,0,0,0,17-Apr-17
OPTSTK,APOLLOTYRE,27-Apr-17,160,PE,0,0,0,1.95,0,0,0,0,0,17-Apr-17
OPTSTK,APOLLOTYRE,27-Apr-17,165,PE,0,0,0,2.85,0,0,0,0,0,17-Apr-17
OPTSTK,APOLLOTYRE,27-Apr-17,170,PE,0,0,0,0.2,0,0,0,6000,0,17-Apr-17
OPTSTK,APOLLOTYRE,27-Apr-17,175,PE,0,0,0,5.5,0,0,0,0,0,17-Apr-17
OPTSTK,APOLLOTYRE,27-Apr-17,180,PE,0,0,0,0.15,0,0,0,90000,0,17-Apr-17
OPTSTK,APOLLOTYRE,27-Apr-17,185,PE,0,0,0,0.1,0,0,0,21000,0,17-Apr-17
OPTSTK,APOLLOTYRE,27-Apr-17,190,PE,0.1,0.1,0.1,0.1,0.1,2,11.4,237000,-3000,17-Apr-17
OPTSTK,APOLLOTYRE,27-Apr-17,195,PE,0.15,0.15,0.15,0.15,0.15,6,35.12,99000,18000,17-Apr-17
OPTSTK,APOLLOTYRE,27-Apr-17,200,PE,0.4,0.4,0.15,0.2,0.2,40,240.32,513000,12000,17-Apr-17
OPTSTK,APOLLOTYRE,27-Apr-17,205,PE,1.2,1.2,0.3,0.3,0.3,14,86.3,141000,-9000,17-Apr-17
OPTSTK,APOLLOTYRE,27-Apr-17,210,PE,0.95,1.15,0.5,0.55,0.55,127,803.02,489000,-27000,17-Apr-17
OPTSTK,APOLLOTYRE,27-Apr-17,215,PE,2.3,2.35,0.9,1,1,112,726.63,351000,60000,17-Apr-17
OPTSTK,APOLLOTYRE,27-Apr-17,220,PE,3.55,4.4,1.75,1.9,1.9,288,1923.9,465000,93000,17-Apr-17
OPTSTK,APOLLOTYRE,27-Apr-17,225,PE,6.4,7.1,3.15,3.5,3.5,166,1141.11,180000,21000,17-Apr-17
OPTSTK,APOLLOTYRE,27-Apr-17,230,PE,10.55,10.55,5.3,5.8,5.8,93,660.33,186000,87000,17-Apr-17
OPTSTK,APOLLOTYRE,27-Apr-17,235,PE,10.35,10.35,9.25,9.25,9.25,2,14.68,9000,3000,17-Apr-17
OPTSTK,APOLLOTYRE,27-Apr-17,240,PE,0,0,0,16,12.55,0,0,12000,0,17-Apr-17
OPTSTK,APOLLOTYRE,27-Apr-17,245,PE,0,0,0,55,16.6,0,0,0,0,17-Apr-17
OPTSTK,APOLLOTYRE,27-Apr-17,250,PE,0,0,0,24.25,21,0,0,6000,0,17-Apr-17
OPTSTK,APOLLOTYRE,27-Apr-17,255,PE,0,0,0,64.5,25.65,0,0,0,0,17-Apr-17
OPTSTK,APOLLOTYRE,27-Apr-17,260,PE,0,0,0,69.3,30.5,0,0,0,0,17-Apr-17
OPTSTK,APOLLOTYRE,27-Apr-17,265,PE,0,0,0,74.15,35.4,0,0,0,0,17-Apr-17
OPTSTK,APOLLOTYRE,27-Apr-17,270,PE,0,0,0,79.65,40.35,0,0,0,0,17-Apr-17
OPTSTK,APOLLOTYRE,25-May-17,120,CE,0,0,0,66.35,110.1,0,0,0,0,17-Apr-17
OPTSTK,APOLLOTYRE,25-May-17,125,CE,0,0,0,61.45,105.1,0,0,0,0,17-Apr-17
OPTSTK,APOLLOTYRE,25-May-17,130,CE,0,0,0,56.55,100.15,0,0,0,0,17-Apr-17
OPTSTK,APOLLOTYRE,25-May-17,135,CE,0,0,0,51.7,95.2,0,0,0,0,17-Apr-17
OPTSTK,APOLLOTYRE,25-May-17,140,CE,0,0,0,46.9,90.2,0,0,0,0,17-Apr-17
OPTSTK,APOLLOTYRE,25-May-17,145,CE,0,0,0,42.15,85.25,0,0,0,0,17-Apr-17
OPTSTK,APOLLOTYRE,25-May-17,150,CE,0,0,0,37.5,80.3,0,0,0,0,17-Apr-17
OPTSTK,APOLLOTYRE,25-May-17,155,CE,0,0,0,33.05,75.3,0,0,0,0,17-Apr-17
OPTSTK,APOLLOTYRE,25-May-17,160,CE,0,0,0,28.8,70.35,0,0,0,0,17-Apr-17
OPTSTK,APOLLOTYRE,25-May-17,165,CE,0,0,0,24.8,65.4,0,0,0,0,17-Apr-17
OPTSTK,APOLLOTYRE,25-May-17,170,CE,0,0,0,21.1,60.5,0,0,0,0,17-Apr-17
OPTSTK,APOLLOTYRE,25-May-17,175,CE,0,0,0,17.7,55.55,0,0,0,0,17-Apr-17
OPTSTK,APOLLOTYRE,25-May-17,180,CE,0,0,0,14.65,50.7,0,0,0,0,17-Apr-17
OPTSTK,APOLLOTYRE,25-May-17,185,CE,0,0,0,12,45.9,0,0,0,0,17-Apr-17
OPTSTK,APOLLOTYRE,25-May-17,190,CE,0,0,0,9.7,41.25,0,0,0,0,17-Apr-17
OPTSTK,APOLLOTYRE,25-May-17,195,CE,0,0,0,7.7,36.7,0,0,0,0,17-Apr-17
OPTSTK,APOLLOTYRE,25-May-17,200,CE,0,0,0,5.5,32.3,0,0,3000,0,17-Apr-17
OPTSTK,APOLLOTYRE,25-May-17,205,CE,0,0,0,4.75,28.15,0,0,0,0,17-Apr-17
OPTSTK,APOLLOTYRE,25-May-17,210,CE,0,0,0,3.65,24.25,0,0,0,0,17-Apr-17
OPTSTK,APOLLOTYRE,25-May-17,215,CE,0,0,0,16,20.65,0,0,6000,0,17-Apr-17
OPTSTK,APOLLOTYRE,25-May-17,220,CE,0,0,0,14.9,17.4,0,0,6000,0,17-Apr-17
OPTSTK,APOLLOTYRE,25-May-17,225,CE,14,14,14,14,14,1,7.17,3000,3000,17-Apr-17
OPTSTK,APOLLOTYRE,25-May-17,230,CE,0,0,0,6.55,11.85,0,0,6000,0,17-Apr-17
OPTSTK,APOLLOTYRE,25-May-17,235,CE,8.1,8.1,8.1,8.1,8.1,1,7.29,3000,3000,17-Apr-17
OPTSTK,APOLLOTYRE,25-May-17,240,CE,6.65,6.65,6.65,6.65,6.65,2,14.79,15000,6000,17-Apr-17
OPTSTK,APOLLOTYRE,25-May-17,245,CE,4.85,4.85,4.85,4.85,4.85,2,14.99,6000,6000,17-Apr-17
OPTSTK,APOLLOTYRE,25-May-17,250,CE,4.6,4.6,4.3,4.3,4.3,3,22.9,9000,9000,17-Apr-17
OPTSTK,APOLLOTYRE,25-May-17,255,CE,0,0,0,0.25,3.7,0,0,0,0,17-Apr-17
OPTSTK,APOLLOTYRE,25-May-17,260,CE,0,0,0,0.15,2.8,0,0,0,0,17-Apr-17
OPTSTK,APOLLOTYRE,25-May-17,265,CE,0,0,0,0.1,2.1,0,0,0,0,17-Apr-17
OPTSTK,APOLLOTYRE,25-May-17,270,CE,0,0,0,0.1,1.6,0,0,0,0,17-Apr-17
OPTSTK,APOLLOTYRE,25-May-17,120,PE,0,0,0,0.05,0,0,0,0,0,17-Apr-17
OPTSTK,APOLLOTYRE,25-May-17,125,PE,0,0,0,0.05,0,0,0,0,0,17-Apr-17
OPTSTK,APOLLOTYRE,25-May-17,130,PE,0,0,0,0.05,0,0,0,0,0,17-Apr-17
OPTSTK,APOLLOTYRE,25-May-17,135,PE,0,0,0,0.1,0,0,0,0,0,17-Apr-17
OPTSTK,APOLLOTYRE,25-May-17,140,PE,0,0,0,0.25,0,0,0,0,0,17-Apr-17
OPTSTK,APOLLOTYRE,25-May-17,145,PE,0,0,0,0.4,0,0,0,0,0,17-Apr-17
OPTSTK,APOLLOTYRE,25-May-17,150,PE,0,0,0,0.7,0,0,0,0,0,17-Apr-17
OPTSTK,APOLLOTYRE,25-May-17,155,PE,0,0,0,1.15,0,0,0,0,0,17-Apr-17
OPTSTK,APOLLOTYRE,25-May-17,160,PE,0,0,0,1.85,0.05,0,0,0,0,17-Apr-17
OPTSTK,APOLLOTYRE,25-May-17,165,PE,0,0,0,2.75,0.05,0,0,0,0,17-Apr-17
OPTSTK,APOLLOTYRE,25-May-17,170,PE,0,0,0,3.95,0.1,0,0,0,0,17-Apr-17
OPTSTK,APOLLOTYRE,25-May-17,175,PE,0,0,0,5.5,0.15,0,0,0,0,17-Apr-17
OPTSTK,APOLLOTYRE,25-May-17,180,PE,0,0,0,7.4,0.25,0,0,0,0,17-Apr-17
OPTSTK,APOLLOTYRE,25-May-17,185,PE,0,0,0,9.65,0.4,0,0,0,0,17-Apr-17
OPTSTK,APOLLOTYRE,25-May-17,190,PE,0,0,0,12.25,0.7,0,0,0,0,17-Apr-17
OPTSTK,APOLLOTYRE,25-May-17,195,PE,0,0,0,15.2,1.1,0,0,0,0,17-Apr-17
OPTSTK,APOLLOTYRE,25-May-17,200,PE,0,0,0,18.5,1.7,0,0,0,0,17-Apr-17
OPTSTK,APOLLOTYRE,25-May-17,205,PE,0,0,0,22.05,2.5,0,0,0,0,17-Apr-17
OPTSTK,APOLLOTYRE,25-May-17,210,PE,4.25,4.25,4.25,4.25,4.25,1,6.42,15000,3000,17-Apr-17
OPTSTK,APOLLOTYRE,25-May-17,215,PE,0,0,0,29.95,4.95,0,0,0,0,17-Apr-17
OPTSTK,APOLLOTYRE,25-May-17,220,PE,5.6,5.6,5.6,5.6,5.6,1,6.76,3000,3000,17-Apr-17
OPTSTK,APOLLOTYRE,25-May-17,225,PE,0,0,0,38.55,8.65,0,0,0,0,17-Apr-17
OPTSTK,APOLLOTYRE,25-May-17,230,PE,0,0,0,43.1,11.05,0,0,0,0,17-Apr-17
OPTSTK,APOLLOTYRE,25-May-17,235,PE,0,0,0,47.7,13.75,0,0,0,0,17-Apr-17
OPTSTK,APOLLOTYRE,25-May-17,240,PE,0,0,0,52.4,16.8,0,0,0,0,17-Apr-17
OPTSTK,APOLLOTYRE,25-May-17,245,PE,0,0,0,57.15,20.2,0,0,0,0,17-Apr-17
OPTSTK,APOLLOTYRE,25-May-17,250,PE,0,0,0,61.95,23.85,0,0,0,0,17-Apr-17
OPTSTK,APOLLOTYRE,25-May-17,255,PE,0,0,0,66.8,27.7,0,0,0,0,17-Apr-17
OPTSTK,APOLLOTYRE,25-May-17,260,PE,0,0,0,71.65,31.8,0,0,0,0,17-Apr-17
OPTSTK,APOLLOTYRE,25-May-17,265,PE,0,0,0,76.5,36.1,0,0,0,0,17-Apr-17
OPTSTK,APOLLOTYRE,25-May-17,270,PE,0,0,0,78.35,40.5,0,0,0,0,17-Apr-17
OPTSTK,APOLLOTYRE,29-Jun-17,130,CE,0,0,0,80.1,100.95,0,0,0,0,17-Apr-17
OPTSTK,APOLLOTYRE,29-Jun-17,135,CE,0,0,0,75.2,96,0,0,0,0,17-Apr-17
OPTSTK,APOLLOTYRE,29-Jun-17,140,CE,0,0,0,70.3,91.1,0,0,0,0,17-Apr-17
OPTSTK,APOLLOTYRE,29-Jun-17,145,CE,0,0,0,65.45,86.15,0,0,0,0,17-Apr-17
OPTSTK,APOLLOTYRE,29-Jun-17,150,CE,0,0,0,60.65,81.25,0,0,0,0,17-Apr-17
OPTSTK,APOLLOTYRE,29-Jun-17,155,CE,0,0,0,55.9,76.4,0,0,0,0,17-Apr-17
OPTSTK,APOLLOTYRE,29-Jun-17,160,CE,0,0,0,51.2,71.5,0,0,0,0,17-Apr-17
OPTSTK,APOLLOTYRE,29-Jun-17,165,CE,0,0,0,46.65,66.7,0,0,0,0,17-Apr-17
OPTSTK,APOLLOTYRE,29-Jun-17,170,CE,0,0,0,42.2,61.95,0,0,0,0,17-Apr-17
OPTSTK,APOLLOTYRE,29-Jun-17,175,CE,0,0,0,37.95,57.3,0,0,0,0,17-Apr-17
OPTSTK,APOLLOTYRE,29-Jun-17,180,CE,0,0,0,33.9,52.7,0,0,0,0,17-Apr-17
OPTSTK,APOLLOTYRE,29-Jun-17,185,CE,0,0,0,30.05,48.25,0,0,0,0,17-Apr-17
OPTSTK,APOLLOTYRE,29-Jun-17,190,CE,0,0,0,26.45,43.95,0,0,0,0,17-Apr-17
OPTSTK,APOLLOTYRE,29-Jun-17,195,CE,0,0,0,23.05,39.8,0,0,0,0,17-Apr-17
OPTSTK,APOLLOTYRE,29-Jun-17,200,CE,0,0,0,20,35.85,0,0,0,0,17-Apr-17
OPTSTK,APOLLOTYRE,29-Jun-17,205,CE,0,0,0,17.2,32.1,0,0,0,0,17-Apr-17
OPTSTK,APOLLOTYRE,29-Jun-17,210,CE,0,0,0,14.7,28.55,0,0,0,0,17-Apr-17
OPTSTK,APOLLOTYRE,29-Jun-17,215,CE,0,0,0,12.5,25.3,0,0,0,0,17-Apr-17
OPTSTK,APOLLOTYRE,29-Jun-17,220,CE,0,0,0,10.5,22.25,0,0,0,0,17-Apr-17
OPTSTK,APOLLOTYRE,29-Jun-17,225,CE,0,0,0,8.8,19.45,0,0,0,0,17-Apr-17
OPTSTK,APOLLOTYRE,29-Jun-17,230,CE,0,0,0,7.3,16.95,0,0,0,0,17-Apr-17
OPTSTK,APOLLOTYRE,29-Jun-17,235,CE,0,0,0,6.05,14.65,0,0,0,0,17-Apr-17
OPTSTK,APOLLOTYRE,29-Jun-17,240,CE,0,0,0,4.95,12.6,0,0,0,0,17-Apr-17
OPTSTK,APOLLOTYRE,29-Jun-17,245,CE,0,0,0,4.05,10.8,0,0,0,0,17-Apr-17
OPTSTK,APOLLOTYRE,29-Jun-17,250,CE,0,0,0,3.3,9.2,0,0,0,0,17-Apr-17
OPTSTK,APOLLOTYRE,29-Jun-17,255,CE,0,0,0,2.65,7.75,0,0,0,0,17-Apr-17
OPTSTK,APOLLOTYRE,29-Jun-17,260,CE,0,0,0,2.1,6.55,0,0,0,0,17-Apr-17
OPTSTK,APOLLOTYRE,29-Jun-17,265,CE,0,0,0,1.7,5.5,0,0,0,0,17-Apr-17
OPTSTK,APOLLOTYRE,29-Jun-17,270,CE,0,0,0,1.35,4.6,0,0,0,0,17-Apr-17
OPTSTK,APOLLOTYRE,29-Jun-17,130,PE,0,0,0,0.05,0,0,0,0,0,17-Apr-17
OPTSTK,APOLLOTYRE,29-Jun-17,135,PE,0,0,0,0.05,0.05,0,0,0,0,17-Apr-17
OPTSTK,APOLLOTYRE,29-Jun-17,140,PE,0,0,0,0.1,0.05,0,0,0,0,17-Apr-17
OPTSTK,APOLLOTYRE,29-Jun-17,145,PE,0,0,0,0.15,0.05,0,0,0,0,17-Apr-17
OPTSTK,APOLLOTYRE,29-Jun-17,150,PE,0,0,0,0.25,0.1,0,0,0,0,17-Apr-17
OPTSTK,APOLLOTYRE,29-Jun-17,155,PE,0,0,0,0.4,0.15,0,0,0,0,17-Apr-17
OPTSTK,APOLLOTYRE,29-Jun-17,160,PE,0,0,0,0.65,0.2,0,0,0,0,17-Apr-17
OPTSTK,APOLLOTYRE,29-Jun-17,165,PE,0,0,0,1,0.35,0,0,0,0,17-Apr-17
OPTSTK,APOLLOTYRE,29-Jun-17,170,PE,0,0,0,1.5,0.5,0,0,0,0,17-Apr-17
OPTSTK,APOLLOTYRE,29-Jun-17,175,PE,0,0,0,2.15,0.75,0,0,0,0,17-Apr-17
OPTSTK,APOLLOTYRE,29-Jun-17,180,PE,0,0,0,3,1.15,0,0,0,0,17-Apr-17
OPTSTK,APOLLOTYRE,29-Jun-17,185,PE,0,0,0,4.1,1.6,0,0,0,0,17-Apr-17
OPTSTK,APOLLOTYRE,29-Jun-17,190,PE,0,0,0,5.4,2.25,0,0,0,0,17-Apr-17
OPTSTK,APOLLOTYRE,29-Jun-17,195,PE,0,0,0,6.95,3,0,0,0,0,17-Apr-17
OPTSTK,APOLLOTYRE,29-Jun-17,200,PE,0,0,0,8.8,4,0,0,0,0,17-Apr-17
OPTSTK,APOLLOTYRE,29-Jun-17,205,PE,0,0,0,10.95,5.2,0,0,0,0,17-Apr-17
OPTSTK,APOLLOTYRE,29-Jun-17,210,PE,0,0,0,13.35,6.6,0,0,0,0,17-Apr-17
OPTSTK,APOLLOTYRE,29-Jun-17,215,PE,0,0,0,16.05,8.25,0,0,0,0,17-Apr-17
OPTSTK,APOLLOTYRE,29-Jun-17,220,PE,0,0,0,19,10.15,0,0,0,0,17-Apr-17
OPTSTK,APOLLOTYRE,29-Jun-17,225,PE,0,0,0,22.2,12.3,0,0,0,0,17-Apr-17
OPTSTK,APOLLOTYRE,29-Jun-17,230,PE,0,0,0,25.6,14.7,0,0,0,0,17-Apr-17
OPTSTK,APOLLOTYRE,29-Jun-17,235,PE,0,0,0,29.25,17.35,0,0,0,0,17-Apr-17
OPTSTK,APOLLOTYRE,29-Jun-17,240,PE,0,0,0,33.1,20.25,0,0,0,0,17-Apr-17
OPTSTK,APOLLOTYRE,29-Jun-17,245,PE,0,0,0,37.1,23.35,0,0,0,0,17-Apr-17
OPTSTK,APOLLOTYRE,29-Jun-17,250,PE,0,0,0,41.25,26.7,0,0,0,0,17-Apr-17
OPTSTK,APOLLOTYRE,29-Jun-17,255,PE,0,0,0,45.55,30.25,0,0,0,0,17-Apr-17
OPTSTK,APOLLOTYRE,29-Jun-17,260,PE,0,0,0,49.95,33.95,0,0,0,0,17-Apr-17
OPTSTK,APOLLOTYRE,29-Jun-17,265,PE,0,0,0,54.4,37.85,0,0,0,0,17-Apr-17
OPTSTK,APOLLOTYRE,29-Jun-17,270,PE,0,0,0,59,41.85,0,0,0,0,17-Apr-17
OPTSTK,ARVIND,27-Apr-17,260,CE,0,0,0,117.2,138.75,0,0,0,0,17-Apr-17
OPTSTK,ARVIND,27-Apr-17,270,CE,0,0,0,107.6,128.8,0,0,0,0,17-Apr-17
OPTSTK,ARVIND,27-Apr-17,280,CE,0,0,0,98.15,118.8,0,0,0,0,17-Apr-17
OPTSTK,ARVIND,27-Apr-17,290,CE,0,0,0,88.9,108.8,0,0,0,0,17-Apr-17
OPTSTK,ARVIND,27-Apr-17,300,CE,0,0,0,79.95,98.85,0,0,0,0,17-Apr-17
OPTSTK,ARVIND,27-Apr-17,310,CE,0,0,0,71.35,88.85,0,0,0,0,17-Apr-17
OPTSTK,ARVIND,27-Apr-17,320,CE,0,0,0,63.1,78.9,0,0,0,0,17-Apr-17
OPTSTK,ARVIND,27-Apr-17,330,CE,0,0,0,55.4,68.9,0,0,0,0,17-Apr-17
OPTSTK,ARVIND,27-Apr-17,340,CE,0,0,0,52.15,58.9,0,0,12000,0,17-Apr-17
OPTSTK,ARVIND,27-Apr-17,350,CE,0,0,0,43.45,48.95,0,0,10000,0,17-Apr-17
OPTSTK,ARVIND,27-Apr-17,360,CE,0,0,0,35.5,39,0,0,12000,0,17-Apr-17
OPTSTK,ARVIND,27-Apr-17,370,CE,0,0,0,31,29.3,0,0,8000,0,17-Apr-17
OPTSTK,ARVIND,27-Apr-17,380,CE,0,0,0,33.3,20.3,0,0,18000,0,17-Apr-17
OPTSTK,ARVIND,27-Apr-17,390,CE,12.35,17.15,9.7,14.7,14.7,51,409.83,72000,-4000,17-Apr-17
OPTSTK,ARVIND,27-Apr-17,400,CE,7.25,11.2,5.05,9.45,9.45,665,5419.4,364000,106000,17-Apr-17
OPTSTK,ARVIND,27-Apr-17,410,CE,3.85,6.6,2.7,5.05,5.05,544,4507,464000,6000,17-Apr-17
OPTSTK,ARVIND,27-Apr-17,420,CE,1.7,3.75,1.35,2.7,2.7,332,2805.32,768000,-94000,17-Apr-17
OPTSTK,ARVIND,27-Apr-17,430,CE,1,2,0.7,1.3,1.3,119,1026.39,234000,18000,17-Apr-17
OPTSTK,ARVIND,27-Apr-17,440,CE,0.55,1.1,0.35,0.7,0.7,75,661.04,132000,-18000,17-Apr-17
OPTSTK,ARVIND,27-Apr-17,450,CE,0.25,0.6,0.25,0.5,0.5,26,234.17,82000,-30000,17-Apr-17
OPTSTK,ARVIND,27-Apr-17,460,CE,0.15,0.3,0.15,0.3,0.3,5,46.01,16000,-6000,17-Apr-17
OPTSTK,ARVIND,27-Apr-17,470,CE,0,0,0,3.75,0,0,0,0,0,17-Apr-17
OPTSTK,ARVIND,27-Apr-17,480,CE,0,0,0,2.95,0,0,0,0,0,17-Apr-17
OPTSTK,ARVIND,27-Apr-17,490,CE,0,0,0,2.3,0,0,0,0,0,17-Apr-17
OPTSTK,ARVIND,27-Apr-17,260,PE,0,0,0,0.3,0,0,0,0,0,17-Apr-17
OPTSTK,ARVIND,27-Apr-17,270,PE,0,0,0,0.55,0,0,0,0,0,17-Apr-17
OPTSTK,ARVIND,27-Apr-17,280,PE,0,0,0,0.95,0,0,0,0,0,17-Apr-17
OPTSTK,ARVIND,27-Apr-17,290,PE,0,0,0,1.55,0,0,0,0,0,17-Apr-17
OPTSTK,ARVIND,27-Apr-17,300,PE,0,0,0,2.45,0,0,0,0,0,17-Apr-17
OPTSTK,ARVIND,27-Apr-17,310,PE,0,0,0,3.65,0,0,0,0,0,17-Apr-17
OPTSTK,ARVIND,27-Apr-17,320,PE,0,0,0,0.05,0,0,0,2000,0,17-Apr-17
OPTSTK,ARVIND,27-Apr-17,330,PE,0,0,0,0.25,0,0,0,26000,0,17-Apr-17
OPTSTK,ARVIND,27-Apr-17,340,PE,0,0,0,0.35,0,0,0,32000,0,17-Apr-17
OPTSTK,ARVIND,27-Apr-17,350,PE,0.3,0.35,0.3,0.35,0.35,6,42.04,36000,-8000,17-Apr-17
OPTSTK,ARVIND,27-Apr-17,360,PE,0.65,0.75,0.45,0.5,0.5,22,158.62,92000,-24000,17-Apr-17
OPTSTK,ARVIND,27-Apr-17,370,PE,1.5,1.6,0.9,1,1,57,423.27,184000,6000,17-Apr-17
OPTSTK,ARVIND,27-Apr-17,380,PE,3.25,3.8,2,2.15,2.15,175,1339.65,236000,90000,17-Apr-17
OPTSTK,ARVIND,27-Apr-17,390,PE,6.25,7.8,4.05,4.7,4.7,169,1339.03,242000,42000,17-Apr-17
OPTSTK,ARVIND,27-Apr-17,400,PE,12.75,13.1,8.4,8.7,8.7,33,270.74,120000,-6000,17-Apr-17
OPTSTK,ARVIND,27-Apr-17,410,PE,19.3,19.95,19,19.95,19.95,8,68.72,136000,8000,17-Apr-17
OPTSTK,ARVIND,27-Apr-17,420,PE,0,0,0,23.2,22.2,0,0,16000,0,17-Apr-17
OPTSTK,ARVIND,27-Apr-17,430,PE,0,0,0,47.15,31.35,0,0,2000,0,17-Apr-17
OPTSTK,ARVIND,27-Apr-17,440,PE,0,0,0,46.3,41.05,0,0,2000,0,17-Apr-17
OPTSTK,ARVIND,27-Apr-17,450,PE,0,0,0,76.05,50.95,0,0,0,0,17-Apr-17
OPTSTK,ARVIND,27-Apr-17,460,PE,0,0,0,84.6,60.9,0,0,0,0,17-Apr-17
OPTSTK,ARVIND,27-Apr-17,470,PE,0,0,0,93.45,70.9,0,0,0,0,17-Apr-17
OPTSTK,ARVIND,27-Apr-17,480,PE,0,0,0,102.45,80.9,0,0,0,0,17-Apr-17
OPTSTK,ARVIND,27-Apr-17,490,PE,0,0,0,111.65,90.85,0,0,0,0,17-Apr-17
OPTSTK,ARVIND,25-May-17,260,CE,0,0,0,115.5,140.05,0,0,0,0,17-Apr-17
OPTSTK,ARVIND,25-May-17,270,CE,0,0,0,105.8,130.15,0,0,0,0,17-Apr-17
OPTSTK,ARVIND,25-May-17,280,CE,0,0,0,96.2,120.2,0,0,0,0,17-Apr-17
OPTSTK,ARVIND,25-May-17,290,CE,0,0,0,86.75,110.3,0,0,0,0,17-Apr-17
OPTSTK,ARVIND,25-May-17,300,CE,0,0,0,77.55,100.35,0,0,0,0,17-Apr-17
OPTSTK,ARVIND,25-May-17,310,CE,0,0,0,68.65,90.45,0,0,0,0,17-Apr-17
OPTSTK,ARVIND,25-May-17,320,CE,0,0,0,60.15,80.55,0,0,0,0,17-Apr-17
OPTSTK,ARVIND,25-May-17,330,CE,0,0,0,52.15,70.7,0,0,0,0,17-Apr-17
OPTSTK,ARVIND,25-May-17,340,CE,0,0,0,44.7,61,0,0,0,0,17-Apr-17
OPTSTK,ARVIND,25-May-17,350,CE,0,0,0,37.85,51.6,0,0,0,0,17-Apr-17
OPTSTK,ARVIND,25-May-17,360,CE,0,0,0,31.7,42.6,0,0,0,0,17-Apr-17
OPTSTK,ARVIND,25-May-17,370,CE,0,0,0,26.25,34.2,0,0,0,0,17-Apr-17
OPTSTK,ARVIND,25-May-17,380,CE,0,0,0,21.45,26.65,0,0,0,0,17-Apr-17
OPTSTK,ARVIND,25-May-17,390,CE,19.5,19.5,19.4,19.4,19.4,2,16.37,6000,4000,17-Apr-17
OPTSTK,ARVIND,25-May-17,400,CE,15.55,15.55,15.55,15.55,15.55,1,8.31,18000,0,17-Apr-17
OPTSTK,ARVIND,25-May-17,410,CE,10.3,10.75,10.3,10.5,10.5,5,42.04,28000,-2000,17-Apr-17
OPTSTK,ARVIND,25-May-17,420,CE,0,0,0,10.25,6.95,0,0,8000,0,17-Apr-17
OPTSTK,ARVIND,25-May-17,430,CE,6.25,6.25,6.25,6.25,6.25,1,8.72,2000,2000,17-Apr-17
OPTSTK,ARVIND,25-May-17,440,CE,0,0,0,5.1,2.85,0,0,0,0,17-Apr-17
OPTSTK,ARVIND,25-May-17,450,CE,0,0,0,8.85,1.75,0,0,2000,0,17-Apr-17
OPTSTK,ARVIND,25-May-17,460,CE,0,0,0,6.45,1.05,0,0,2000,0,17-Apr-17
OPTSTK,ARVIND,25-May-17,470,CE,0,0,0,2.2,0.6,0,0,0,0,17-Apr-17
OPTSTK,ARVIND,25-May-17,480,CE,0,0,0,1.6,0.35,0,0,0,0,17-Apr-17
OPTSTK,ARVIND,25-May-17,490,CE,0,0,0,1.2,0.2,0,0,0,0,17-Apr-17
OPTSTK,ARVIND,25-May-17,260,PE,0,0,0,0.15,0,0,0,0,0,17-Apr-17
OPTSTK,ARVIND,25-May-17,270,PE,0,0,0,0.25,0,0,0,0,0,17-Apr-17
OPTSTK,ARVIND,25-May-17,280,PE,0,0,0,0.5,0,0,0,0,0,17-Apr-17
OPTSTK,ARVIND,25-May-17,290,PE,0,0,0,0.9,0,0,0,0,0,17-Apr-17
OPTSTK,ARVIND,25-May-17,300,PE,0,0,0,1.55,0,0,0,0,0,17-Apr-17
OPTSTK,ARVIND,25-May-17,310,PE,0,0,0,2.5,0.05,0,0,0,0,17-Apr-17
OPTSTK,ARVIND,25-May-17,320,PE,0,0,0,3.8,0.1,0,0,0,0,17-Apr-17
OPTSTK,ARVIND,25-May-17,330,PE,0,0,0,5.65,0.2,0,0,0,0,17-Apr-17
OPTSTK,ARVIND,25-May-17,340,PE,0,0,0,8.05,0.45,0,0,0,0,17-Apr-17
OPTSTK,ARVIND,25-May-17,350,PE,0,0,0,11.05,0.95,0,0,0,0,17-Apr-17
OPTSTK,ARVIND,25-May-17,360,PE,4,4.25,4,4.25,4.25,9,65.55,20000,18000,17-Apr-17
OPTSTK,ARVIND,25-May-17,370,PE,0,0,0,8,3.4,0,0,4000,0,17-Apr-17
OPTSTK,ARVIND,25-May-17,380,PE,0,0,0,24.2,5.8,0,0,0,0,17-Apr-17
OPTSTK,ARVIND,25-May-17,390,PE,14.4,14.4,14,14,14,2,16.16,12000,4000,17-Apr-17
OPTSTK,ARVIND,25-May-17,400,PE,0,0,0,15.4,13.65,0,0,4000,0,17-Apr-17
OPTSTK,ARVIND,25-May-17,410,PE,25.2,25.6,25.2,25.6,25.6,3,26.12,2000,-4000,17-Apr-17
OPTSTK,ARVIND,25-May-17,420,PE,0,0,0,28.15,25.85,0,0,12000,0,17-Apr-17
OPTSTK,ARVIND,25-May-17,430,PE,0,0,0,58.6,33.35,0,0,0,0,17-Apr-17
OPTSTK,ARVIND,25-May-17,440,PE,0,0,0,66.9,41.6,0,0,0,0,17-Apr-17
OPTSTK,ARVIND,25-May-17,450,PE,0,0,0,75.5,50.4,0,0,0,0,17-Apr-17
OPTSTK,ARVIND,25-May-17,460,PE,0,0,0,84.4,59.65,0,0,0,0,17-Apr-17
OPTSTK,ARVIND,25-May-17,470,PE,0,0,0,93.5,69.1,0,0,0,0,17-Apr-17
OPTSTK,ARVIND,25-May-17,480,PE,0,0,0,102.8,78.8,0,0,0,0,17-Apr-17
OPTSTK,ARVIND,25-May-17,490,PE,0,0,0,112.2,88.6,0,0,0,0,17-Apr-17
OPTSTK,ARVIND,29-Jun-17,260,CE,0,0,0,135.15,141.7,0,0,0,0,17-Apr-17
OPTSTK,ARVIND,29-Jun-17,270,CE,0,0,0,125.35,131.8,0,0,0,0,17-Apr-17
OPTSTK,ARVIND,29-Jun-17,280,CE,0,0,0,115.55,121.95,0,0,0,0,17-Apr-17
OPTSTK,ARVIND,29-Jun-17,290,CE,0,0,0,105.8,112.1,0,0,0,0,17-Apr-17
OPTSTK,ARVIND,29-Jun-17,300,CE,0,0,0,96.1,102.3,0,0,0,0,17-Apr-17
OPTSTK,ARVIND,29-Jun-17,310,CE,0,0,0,86.55,92.6,0,0,0,0,17-Apr-17
OPTSTK,ARVIND,29-Jun-17,320,CE,0,0,0,77.2,82.95,0,0,0,0,17-Apr-17
OPTSTK,ARVIND,29-Jun-17,330,CE,0,0,0,68.15,73.55,0,0,0,0,17-Apr-17
OPTSTK,ARVIND,29-Jun-17,340,CE,0,0,0,59.45,64.4,0,0,0,0,17-Apr-17
OPTSTK,ARVIND,29-Jun-17,350,CE,0,0,0,51.2,55.65,0,0,0,0,17-Apr-17
OPTSTK,ARVIND,29-Jun-17,360,CE,0,0,0,43.55,47.4,0,0,0,0,17-Apr-17
OPTSTK,ARVIND,29-Jun-17,370,CE,0,0,0,36.5,39.8,0,0,0,0,17-Apr-17
OPTSTK,ARVIND,29-Jun-17,380,CE,0,0,0,30.2,32.85,0,0,0,0,17-Apr-17
OPTSTK,ARVIND,29-Jun-17,390,CE,0,0,0,24.6,26.65,0,0,0,0,17-Apr-17
OPTSTK,ARVIND,29-Jun-17,400,CE,0,0,0,19.8,21.3,0,0,0,0,17-Apr-17
OPTSTK,ARVIND,29-Jun-17,410,CE,0,0,0,15.7,16.7,0,0,0,0,17-Apr-17
OPTSTK,ARVIND,29-Jun-17,420,CE,0,0,0,12.25,12.9,0,0,0,0,17-Apr-17
OPTSTK,ARVIND,29-Jun-17,430,CE,0,0,0,9.45,9.8,0,0,0,0,17-Apr-17
OPTSTK,ARVIND,29-Jun-17,440,CE,0,0,0,7.2,7.35,0,0,0,0,17-Apr-17
OPTSTK,ARVIND,29-Jun-17,450,CE,0,0,0,5.4,5.4,0,0,0,0,17-Apr-17
OPTSTK,ARVIND,29-Jun-17,460,CE,0,0,0,4,3.9,0,0,0,0,17-Apr-17
OPTSTK,ARVIND,29-Jun-17,470,CE,0,0,0,2.95,2.8,0,0,0,0,17-Apr-17
OPTSTK,ARVIND,29-Jun-17,480,CE,0,0,0,2.1,1.95,0,0,0,0,17-Apr-17
OPTSTK,ARVIND,29-Jun-17,490,CE,0,0,0,1.5,1.35,0,0,0,0,17-Apr-17
OPTSTK,ARVIND,29-Jun-17,260,PE,0,0,0,0.05,0,0,0,0,0,17-Apr-17
OPTSTK,ARVIND,29-Jun-17,270,PE,0,0,0,0.05,0.05,0,0,0,0,17-Apr-17
OPTSTK,ARVIND,29-Jun-17,280,PE,0,0,0,0.1,0.05,0,0,0,0,17-Apr-17
OPTSTK,ARVIND,29-Jun-17,290,PE,0,0,0,0.15,0.05,0,0,0,0,17-Apr-17
OPTSTK,ARVIND,29-Jun-17,300,PE,0,0,0,0.3,0.15,0,0,0,0,17-Apr-17
OPTSTK,ARVIND,29-Jun-17,310,PE,0,0,0,0.6,0.25,0,0,0,0,17-Apr-17
OPTSTK,ARVIND,29-Jun-17,320,PE,0,0,0,1.1,0.55,0,0,0,0,17-Apr-17
OPTSTK,ARVIND,29-Jun-17,330,PE,0,0,0,1.85,1,0,0,0,0,17-Apr-17
OPTSTK,ARVIND,29-Jun-17,340,PE,0,0,0,3,1.7,0,0,0,0,17-Apr-17
OPTSTK,ARVIND,29-Jun-17,350,PE,0,0,0,4.6,2.85,0,0,0,0,17-Apr-17
OPTSTK,ARVIND,29-Jun-17,360,PE,0,0,0,6.75,4.45,0,0,0,0,17-Apr-17
OPTSTK,ARVIND,29-Jun-17,370,PE,0,0,0,9.55,6.7,0,0,0,0,17-Apr-17
OPTSTK,ARVIND,29-Jun-17,380,PE,0,0,0,13.1,9.65,0,0,0,0,17-Apr-17
OPTSTK,ARVIND,29-Jun-17,390,PE,0,0,0,17.35,13.35,0,0,0,0,17-Apr-17
OPTSTK,ARVIND,29-Jun-17,400,PE,0,0,0,22.35,17.85,0,0,0,0,17-Apr-17
OPTSTK,ARVIND,29-Jun-17,410,PE,0,0,0,28.05,23.1,0,0,0,0,17-Apr-17
OPTSTK,ARVIND,29-Jun-17,420,PE,0,0,0,34.45,29.2,0,0,0,0,17-Apr-17
OPTSTK,ARVIND,29-Jun-17,430,PE,0,0,0,41.5,35.95,0,0,0,0,17-Apr-17
OPTSTK,ARVIND,29-Jun-17,440,PE,0,0,0,49.1,43.35,0,0,0,0,17-Apr-17
OPTSTK,ARVIND,29-Jun-17,450,PE,0,0,0,57.1,51.25,0,0,0,0,17-Apr-17
OPTSTK,ARVIND,29-Jun-17,460,PE,0,0,0,65.55,59.65,0,0,0,0,17-Apr-17
OPTSTK,ARVIND,29-Jun-17,470,PE,0,0,0,74.35,68.4,0,0,0,0,17-Apr-17
OPTSTK,ARVIND,29-Jun-17,480,PE,0,0,0,83.35,77.45,0,0,0,0,17-Apr-17
OPTSTK,ARVIND,29-Jun-17,490,PE,0,0,0,92.6,86.75,0,0,0,0,17-Apr-17
OPTSTK,ASHOKLEY,27-Apr-17,57.5,CE,0,0,0,30,25.35,0,0,0,0,17-Apr-17
OPTSTK,ASHOKLEY,27-Apr-17,60,CE,0,0,0,27.6,22.85,0,0,0,0,17-Apr-17
OPTSTK,ASHOKLEY,27-Apr-17,62.5,CE,0,0,0,25.15,20.4,0,0,0,0,17-Apr-17
OPTSTK,ASHOKLEY,27-Apr-17,65,CE,0,0,0,22.75,17.9,0,0,0,0,17-Apr-17
OPTSTK,ASHOKLEY,27-Apr-17,67.5,CE,0,0,0,20.4,15.4,0,0,0,0,17-Apr-17
OPTSTK,ASHOKLEY,27-Apr-17,70,CE,0,0,0,18.1,12.9,0,0,0,0,17-Apr-17
OPTSTK,ASHOKLEY,27-Apr-17,72.5,CE,0,0,0,15.85,10.4,0,0,0,0,17-Apr-17
OPTSTK,ASHOKLEY,27-Apr-17,75,CE,0,0,0,10.6,7.9,0,0,14000,0,17-Apr-17
OPTSTK,ASHOKLEY,27-Apr-17,77.5,CE,0,0,0,6.55,5.45,0,0,14000,0,17-Apr-17
OPTSTK,ASHOKLEY,27-Apr-17,80,CE,3.6,3.75,3.5,3.5,3.5,4,23.42,224000,7000,17-Apr-17
OPTSTK,ASHOKLEY,27-Apr-17,82.5,CE,2.55,2.55,1.9,2.15,2.15,85,503.28,812000,56000,17-Apr-17
OPTSTK,ASHOKLEY,27-Apr-17,85,CE,1.3,1.45,1,1.1,1.1,597,3599.65,5712000,483000,17-Apr-17
OPTSTK,ASHOKLEY,27-Apr-17,87.5,CE,0.8,0.8,0.55,0.55,0.55,129,795.53,2933000,112000,17-Apr-17
OPTSTK,ASHOKLEY,27-Apr-17,90,CE,0.45,0.45,0.3,0.35,0.35,458,2896.98,6713000,147000,17-Apr-17
OPTSTK,ASHOKLEY,27-Apr-17,92.5,CE,0.25,0.25,0.15,0.15,0.15,43,279,2093000,0,17-Apr-17
OPTSTK,ASHOKLEY,27-Apr-17,95,CE,0.15,0.15,0.1,0.15,0.15,20,133.17,2282000,-21000,17-Apr-17
OPTSTK,ASHOKLEY,27-Apr-17,97.5,CE,0.1,0.1,0.1,0.1,0.1,1,6.83,399000,7000,17-Apr-17
OPTSTK,ASHOKLEY,27-Apr-17,100,CE,0.05,0.1,0.05,0.1,0.1,27,189.1,2828000,-21000,17-Apr-17
OPTSTK,ASHOKLEY,27-Apr-17,102.5,CE,0,0,0,0.05,0,0,0,273000,0,17-Apr-17
OPTSTK,ASHOKLEY,27-Apr-17,105,CE,0,0,0,0.05,0,0,0,182000,0,17-Apr-17
OPTSTK,ASHOKLEY,27-Apr-17,107.5,CE,0,0,0,0.45,0,0,0,7000,0,17-Apr-17
OPTSTK,ASHOKLEY,27-Apr-17,110,CE,0,0,0,0.05,0,0,0,245000,0,17-Apr-17
OPTSTK,ASHOKLEY,27-Apr-17,112.5,CE,0,0,0,3,0,0,0,0,0,17-Apr-17
OPTSTK,ASHOKLEY,27-Apr-17,57.5,PE,0,0,0,0.05,0,0,0,0,0,17-Apr-17
OPTSTK,ASHOKLEY,27-Apr-17,60,PE,0,0,0,0.15,0,0,0,21000,0,17-Apr-17
OPTSTK,ASHOKLEY,27-Apr-17,62.5,PE,0,0,0,0.05,0,0,0,0,0,17-Apr-17
OPTSTK,ASHOKLEY,27-Apr-17,65,PE,0,0,0,0.15,0,0,0,0,0,17-Apr-17
OPTSTK,ASHOKLEY,27-Apr-17,67.5,PE,0,0,0,0.25,0,0,0,0,0,17-Apr-17
OPTSTK,ASHOKLEY,27-Apr-17,70,PE,0,0,0,0.1,0,0,0,287000,0,17-Apr-17
OPTSTK,ASHOKLEY,27-Apr-17,72.5,PE,0.1,0.1,0.1,0.1,0.1,1,5.08,329000,0,17-Apr-17
OPTSTK,ASHOKLEY,27-Apr-17,75,PE,0.2,0.2,0.15,0.2,0.2,39,205.21,1134000,-56000,17-Apr-17
OPTSTK,ASHOKLEY,27-Apr-17,77.5,PE,0.3,0.4,0.3,0.35,0.35,54,294.23,833000,7000,17-Apr-17
OPTSTK,ASHOKLEY,27-Apr-17,80,PE,0.75,0.85,0.7,0.75,0.75,204,1153.27,2436000,98000,17-Apr-17
OPTSTK,ASHOKLEY,27-Apr-17,82.5,PE,1.65,1.8,1.5,1.65,1.65,70,412.33,1582000,7000,17-Apr-17
OPTSTK,ASHOKLEY,27-Apr-17,85,PE,3.05,3.15,2.95,3.05,3.05,24,147.95,1477000,-28000,17-Apr-17
OPTSTK,ASHOKLEY,27-Apr-17,87.5,PE,0,0,0,4.75,4.75,0,0,266000,0,17-Apr-17
OPTSTK,ASHOKLEY,27-Apr-17,90,PE,0,0,0,7,7.15,0,0,497000,0,17-Apr-17
OPTSTK,ASHOKLEY,27-Apr-17,92.5,PE,0,0,0,8,9.6,0,0,63000,0,17-Apr-17
OPTSTK,ASHOKLEY,27-Apr-17,95,PE,12.1,12.1,12.1,12.1,12.1,1,7.49,112000,-7000,17-Apr-17
OPTSTK,ASHOKLEY,27-Apr-17,97.5,PE,0,0,0,11,14.6,0,0,21000,0,17-Apr-17
OPTSTK,ASHOKLEY,27-Apr-17,100,PE,0,0,0,16.45,17.1,0,0,35000,0,17-Apr-17
OPTSTK,ASHOKLEY,27-Apr-17,102.5,PE,0,0,0,19.65,19.6,0,0,168000,0,17-Apr-17
OPTSTK,ASHOKLEY,27-Apr-17,105,PE,0,0,0,20.5,22.1,0,0,56000,0,17-Apr-17
OPTSTK,ASHOKLEY,27-Apr-17,107.5,PE,0,0,0,24.4,24.6,0,0,70000,0,17-Apr-17
OPTSTK,ASHOKLEY,27-Apr-17,110,PE,0,0,0,26.1,27.1,0,0,49000,0,17-Apr-17
OPTSTK,ASHOKLEY,27-Apr-17,112.5,PE,0,0,0,28.2,29.55,0,0,14000,0,17-Apr-17
OPTSTK,ASHOKLEY,25-May-17,57.5,CE,0,0,0,34,25.65,0,0,0,0,17-Apr-17
OPTSTK,ASHOKLEY,25-May-17,60,CE,0,0,0,31.55,23.15,0,0,0,0,17-Apr-17
OPTSTK,ASHOKLEY,25-May-17,62.5,CE,0,0,0,29.1,20.7,0,0,0,0,17-Apr-17
OPTSTK,ASHOKLEY,25-May-17,65,CE,0,0,0,26.65,18.2,0,0,0,0,17-Apr-17
OPTSTK,ASHOKLEY,25-May-17,67.5,CE,0,0,0,24.3,15.75,0,0,0,0,17-Apr-17
OPTSTK,ASHOKLEY,25-May-17,70,CE,0,0,0,21.95,13.25,0,0,0,0,17-Apr-17
OPTSTK,ASHOKLEY,25-May-17,72.5,CE,0,0,0,19.65,10.85,0,0,0,0,17-Apr-17
OPTSTK,ASHOKLEY,25-May-17,75,CE,0,0,0,17.45,8.55,0,0,0,0,17-Apr-17
OPTSTK,ASHOKLEY,25-May-17,77.5,CE,0,0,0,15.35,6.4,0,0,0,0,17-Apr-17
OPTSTK,ASHOKLEY,25-May-17,80,CE,0,0,0,13.35,4.5,0,0,0,0,17-Apr-17
OPTSTK,ASHOKLEY,25-May-17,82.5,CE,0,0,0,4.3,3,0,0,14000,0,17-Apr-17
OPTSTK,ASHOKLEY,25-May-17,85,CE,2.8,3,2.8,2.95,2.95,5,30.77,231000,21000,17-Apr-17
OPTSTK,ASHOKLEY,25-May-17,87.5,CE,0,0,0,8.25,1.1,0,0,0,0,17-Apr-17
OPTSTK,ASHOKLEY,25-May-17,90,CE,1.5,1.5,1.4,1.4,1.4,4,25.59,168000,0,17-Apr-17
OPTSTK,ASHOKLEY,25-May-17,92.5,CE,0,0,0,5.7,0.3,0,0,0,0,17-Apr-17
OPTSTK,ASHOKLEY,25-May-17,95,CE,0.85,0.85,0.85,0.85,0.85,1,6.7,7000,7000,17-Apr-17
OPTSTK,ASHOKLEY,25-May-17,97.5,CE,0,0,0,3.8,0.1,0,0,0,0,17-Apr-17
OPTSTK,ASHOKLEY,25-May-17,100,CE,0,0,0,3.05,0.05,0,0,0,0,17-Apr-17
OPTSTK,ASHOKLEY,25-May-17,102.5,CE,0,0,0,2.4,0.05,0,0,0,0,17-Apr-17
OPTSTK,ASHOKLEY,25-May-17,105,CE,0,0,0,1.9,0,0,0,0,0,17-Apr-17
OPTSTK,ASHOKLEY,25-May-17,107.5,CE,0,0,0,1.5,0,0,0,0,0,17-Apr-17
OPTSTK,ASHOKLEY,25-May-17,110,CE,0,0,0,0.65,0,0,0,7000,0,17-Apr-17
OPTSTK,ASHOKLEY,25-May-17,112.5,CE,0,0,0,3,0,0,0,0,0,17-Apr-17
OPTSTK,ASHOKLEY,25-May-17,57.5,PE,0,0,0,0.05,0,0,0,0,0,17-Apr-17
OPTSTK,ASHOKLEY,25-May-17,60,PE,0,0,0,0.05,0,0,0,0,0,17-Apr-17
OPTSTK,ASHOKLEY,25-May-17,62.5,PE,0,0,0,0.05,0,0,0,0,0,17-Apr-17
OPTSTK,ASHOKLEY,25-May-17,65,PE,0,0,0,0.1,0,0,0,0,0,17-Apr-17
OPTSTK,ASHOKLEY,25-May-17,67.5,PE,0,0,0,0.15,0.05,0,0,0,0,17-Apr-17
OPTSTK,ASHOKLEY,25-May-17,70,PE,0,0,0,0.1,0.05,0,0,7000,0,17-Apr-17
OPTSTK,ASHOKLEY,25-May-17,72.5,PE,0,0,0,0.45,0.1,0,0,0,0,17-Apr-17
OPTSTK,ASHOKLEY,25-May-17,75,PE,0.75,0.75,0.75,0.75,0.75,1,5.3,21000,7000,17-Apr-17
OPTSTK,ASHOKLEY,25-May-17,77.5,PE,1.25,1.3,1.25,1.25,1.25,4,22.05,77000,28000,17-Apr-17
OPTSTK,ASHOKLEY,25-May-17,80,PE,2.05,2.1,2,2.1,2.1,4,22.97,112000,28000,17-Apr-17
OPTSTK,ASHOKLEY,25-May-17,82.5,PE,3.1,3.1,3.1,3.1,3.1,1,5.99,7000,0,17-Apr-17
OPTSTK,ASHOKLEY,25-May-17,85,PE,0,0,0,4.85,3.55,0,0,35000,0,17-Apr-17
OPTSTK,ASHOKLEY,25-May-17,87.5,PE,0,0,0,6.6,5.25,0,0,7000,0,17-Apr-17
OPTSTK,ASHOKLEY,25-May-17,90,PE,0,0,0,4.95,7.25,0,0,0,0,17-Apr-17
OPTSTK,ASHOKLEY,25-May-17,92.5,PE,0,0,0,6.2,9.45,0,0,0,0,17-Apr-17
OPTSTK,ASHOKLEY,25-May-17,95,PE,0,0,0,12.05,11.75,0,0,7000,0,17-Apr-17
OPTSTK,ASHOKLEY,25-May-17,97.5,PE,0,0,0,9.2,14.15,0,0,0,0,17-Apr-17
OPTSTK,ASHOKLEY,25-May-17,100,PE,0,0,0,8.5,16.6,0,0,0,0,17-Apr-17
OPTSTK,ASHOKLEY,25-May-17,102.5,PE,0,0,0,19.1,19.1,0,0,189000,0,17-Apr-17
OPTSTK,ASHOKLEY,25-May-17,105,PE,0,0,0,14.7,21.55,0,0,0,0,17-Apr-17
OPTSTK,ASHOKLEY,25-May-17,107.5,PE,0,0,0,16.75,24.05,0,0,0,0,17-Apr-17
OPTSTK,ASHOKLEY,25-May-17,110,PE,0,0,0,18.9,26.55,0,0,0,0,17-Apr-17
OPTSTK,ASHOKLEY,25-May-17,112.5,PE,0,0,0,21.1,29,0,0,0,0,17-Apr-17
OPTSTK,ASHOKLEY,29-Jun-17,57.5,CE,0,0,0,26.5,26,0,0,0,0,17-Apr-17
OPTSTK,ASHOKLEY,29-Jun-17,60,CE,0,0,0,24.05,23.55,0,0,0,0,17-Apr-17
OPTSTK,ASHOKLEY,29-Jun-17,62.5,CE,0,0,0,21.65,21.1,0,0,0,0,17-Apr-17
OPTSTK,ASHOKLEY,29-Jun-17,65,CE,0,0,0,19.25,18.65,0,0,0,0,17-Apr-17
OPTSTK,ASHOKLEY,29-Jun-17,67.5,CE,0,0,0,16.95,16.2,0,0,0,0,17-Apr-17
OPTSTK,ASHOKLEY,29-Jun-17,70,CE,0,0,0,14.7,13.85,0,0,0,0,17-Apr-17
OPTSTK,ASHOKLEY,29-Jun-17,72.5,CE,0,0,0,12.6,11.55,0,0,0,0,17-Apr-17
OPTSTK,ASHOKLEY,29-Jun-17,75,CE,0,0,0,10.6,9.4,0,0,0,0,17-Apr-17
OPTSTK,ASHOKLEY,29-Jun-17,77.5,CE,0,0,0,8.8,7.45,0,0,0,0,17-Apr-17
OPTSTK,ASHOKLEY,29-Jun-17,80,CE,0,0,0,7.2,5.7,0,0,0,0,17-Apr-17
OPTSTK,ASHOKLEY,29-Jun-17,82.5,CE,0,0,0,5.8,4.25,0,0,0,0,17-Apr-17
OPTSTK,ASHOKLEY,29-Jun-17,85,CE,0,0,0,4.6,3.05,0,0,0,0,17-Apr-17
OPTSTK,ASHOKLEY,29-Jun-17,87.5,CE,0,0,0,3.6,2.15,0,0,0,0,17-Apr-17
OPTSTK,ASHOKLEY,29-Jun-17,90,CE,0,0,0,2.75,1.45,0,0,0,0,17-Apr-17
OPTSTK,ASHOKLEY,29-Jun-17,92.5,CE,0,0,0,2.1,0.95,0,0,0,0,17-Apr-17
OPTSTK,ASHOKLEY,29-Jun-17,95,CE,0,0,0,1.55,0.6,0,0,0,0,17-Apr-17
OPTSTK,ASHOKLEY,29-Jun-17,97.5,CE,0,0,0,1.15,0.35,0,0,0,0,17-Apr-17
OPTSTK,ASHOKLEY,29-Jun-17,100,CE,0,0,0,0.85,0.25,0,0,0,0,17-Apr-17
OPTSTK,ASHOKLEY,29-Jun-17,102.5,CE,0,0,0,0.6,0.15,0,0,0,0,17-Apr-17
OPTSTK,ASHOKLEY,29-Jun-17,105,CE,0,0,0,0.45,0.1,0,0,0,0,17-Apr-17
OPTSTK,ASHOKLEY,29-Jun-17,107.5,CE,0,0,0,0.3,0.05,0,0,0,0,17-Apr-17
OPTSTK,ASHOKLEY,29-Jun-17,110,CE,0,0,0,0.2,0.05,0,0,0,0,17-Apr-17
OPTSTK,ASHOKLEY,29-Jun-17,112.5,CE,0,0,0,0.15,0.05,0,0,0,0,17-Apr-17
OPTSTK,ASHOKLEY,29-Jun-17,57.5,PE,0,0,0,0.05,0,0,0,0,0,17-Apr-17
OPTSTK,ASHOKLEY,29-Jun-17,60,PE,0,0,0,0.05,0,0,0,0,0,17-Apr-17
OPTSTK,ASHOKLEY,29-Jun-17,62.5,PE,0,0,0,0.1,0.05,0,0,0,0,17-Apr-17
OPTSTK,ASHOKLEY,29-Jun-17,65,PE,0,0,0,0.2,0.05,0,0,0,0,17-Apr-17
OPTSTK,ASHOKLEY,29-Jun-17,67.5,PE,0,0,0,0.3,0.1,0,0,0,0,17-Apr-17
OPTSTK,ASHOKLEY,29-Jun-17,70,PE,0,0,0,0.55,0.2,0,0,0,0,17-Apr-17
OPTSTK,ASHOKLEY,29-Jun-17,72.5,PE,0,0,0,0.9,0.35,0,0,0,0,17-Apr-17
OPTSTK,ASHOKLEY,29-Jun-17,75,PE,0,0,0,1.4,0.7,0,0,0,0,17-Apr-17
OPTSTK,ASHOKLEY,29-Jun-17,77.5,PE,0,0,0,2.05,1.2,0,0,0,0,17-Apr-17
OPTSTK,ASHOKLEY,29-Jun-17,80,PE,0,0,0,2.9,1.9,0,0,0,0,17-Apr-17
OPTSTK,ASHOKLEY,29-Jun-17,82.5,PE,0,0,0,3.95,2.95,0,0,0,0,17-Apr-17
OPTSTK,ASHOKLEY,29-Jun-17,85,PE,0,0,0,5.2,4.2,0,0,0,0,17-Apr-17
OPTSTK,ASHOKLEY,29-Jun-17,87.5,PE,0,0,0,6.65,5.75,0,0,0,0,17-Apr-17
OPTSTK,ASHOKLEY,29-Jun-17,90,PE,0,0,0,8.25,7.5,0,0,0,0,17-Apr-17
OPTSTK,ASHOKLEY,29-Jun-17,92.5,PE,0,0,0,10.05,9.5,0,0,0,0,17-Apr-17
OPTSTK,ASHOKLEY,29-Jun-17,95,PE,0,0,0,12,11.6,0,0,0,0,17-Apr-17
OPTSTK,ASHOKLEY,29-Jun-17,97.5,PE,0,0,0,14.05,13.85,0,0,0,0,17-Apr-17
OPTSTK,ASHOKLEY,29-Jun-17,100,PE,0,0,0,16.2,16.2,0,0,0,0,17-Apr-17
OPTSTK,ASHOKLEY,29-Jun-17,102.5,PE,0,0,0,18.4,18.55,0,0,0,0,17-Apr-17
OPTSTK,ASHOKLEY,29-Jun-17,105,PE,0,0,0,20.7,21,0,0,0,0,17-Apr-17
OPTSTK,ASHOKLEY,29-Jun-17,107.5,PE,0,0,0,23.05,23.4,0,0,0,0,17-Apr-17
OPTSTK,ASHOKLEY,29-Jun-17,110,PE,0,0,0,25.4,25.85,0,0,0,0,17-Apr-17
OPTSTK,ASHOKLEY,29-Jun-17,112.5,PE,0,0,0,27.8,28.35,0,0,0,0,17-Apr-17
OPTSTK,ASIANPAINT,27-Apr-17,660,CE,0,0,0,328.55,400.5,0,0,0,0,17-Apr-17
OPTSTK,ASIANPAINT,27-Apr-17,680,CE,0,0,0,308.95,380.55,0,0,0,0,17-Apr-17
OPTSTK,ASIANPAINT,27-Apr-17,700,CE,0,0,0,289.3,360.6,0,0,0,0,17-Apr-17
OPTSTK,ASIANPAINT,27-Apr-17,720,CE,0,0,0,269.75,340.6,0,0,0,0,17-Apr-17
OPTSTK,ASIANPAINT,27-Apr-17,740,CE,0,0,0,250.25,320.65,0,0,0,0,17-Apr-17
OPTSTK,ASIANPAINT,27-Apr-17,760,CE,0,0,0,230.9,300.7,0,0,0,0,17-Apr-17
OPTSTK,ASIANPAINT,27-Apr-17,780,CE,0,0,0,211.7,280.75,0,0,0,0,17-Apr-17
OPTSTK,ASIANPAINT,27-Apr-17,800,CE,0,0,0,192.85,260.75,0,0,0,0,17-Apr-17
OPTSTK,ASIANPAINT,27-Apr-17,820,CE,0,0,0,174.4,240.8,0,0,0,0,17-Apr-17
OPTSTK,ASIANPAINT,27-Apr-17,840,CE,0,0,0,156.45,220.85,0,0,0,0,17-Apr-17
OPTSTK,ASIANPAINT,27-Apr-17,860,CE,0,0,0,139.2,200.85,0,0,0,0,17-Apr-17
OPTSTK,ASIANPAINT,27-Apr-17,880,CE,0,0,0,122.7,180.9,0,0,0,0,17-Apr-17
OPTSTK,ASIANPAINT,27-Apr-17,900,CE,0,0,0,107.15,160.95,0,0,0,0,17-Apr-17
OPTSTK,ASIANPAINT,27-Apr-17,920,CE,0,0,0,92.7,140.95,0,0,0,0,17-Apr-17
OPTSTK,ASIANPAINT,27-Apr-17,940,CE,0,0,0,79.35,121,0,0,0,0,17-Apr-17
OPTSTK,ASIANPAINT,27-Apr-17,960,CE,0,0,0,112,101.1,0,0,600,0,17-Apr-17
OPTSTK,ASIANPAINT,27-Apr-17,980,CE,0,0,0,110,81.4,0,0,600,0,17-Apr-17
OPTSTK,ASIANPAINT,27-Apr-17,1000,CE,0,0,0,81.25,62.3,0,0,8400,0,17-Apr-17
OPTSTK,ASIANPAINT,27-Apr-17,1020,CE,0,0,0,65.5,44.55,0,0,2400,0,17-Apr-17
OPTSTK,ASIANPAINT,27-Apr-17,1040,CE,0,0,0,45.7,29.25,0,0,5400,0,17-Apr-17
OPTSTK,ASIANPAINT,27-Apr-17,1060,CE,30.5,30.5,17.5,18.15,18.15,71,460.37,39600,22800,17-Apr-17
OPTSTK,ASIANPAINT,27-Apr-17,1080,CE,17.55,17.55,10.3,11.05,11.05,230,1508.41,105000,15600,17-Apr-17
OPTSTK,ASIANPAINT,27-Apr-17,1100,CE,11.15,11.2,5.6,6.25,6.25,290,1926.99,273000,12600,17-Apr-17
OPTSTK,ASIANPAINT,27-Apr-17,1120,CE,6,6,3.4,3.5,3.5,79,532.86,105000,-12000,17-Apr-17
OPTSTK,ASIANPAINT,27-Apr-17,1140,CE,2.75,2.75,1.8,1.9,1.9,26,178.18,83400,4200,17-Apr-17
OPTSTK,ASIANPAINT,27-Apr-17,1160,CE,1.5,1.5,1,1,1,3,20.9,52200,-1200,17-Apr-17
OPTSTK,ASIANPAINT,27-Apr-17,1180,CE,1.75,1.75,1,1,1,5,35.44,20400,-600,17-Apr-17
OPTSTK,ASIANPAINT,27-Apr-17,1200,CE,0,0,0,1,0.05,0,0,16800,0,17-Apr-17
OPTSTK,ASIANPAINT,27-Apr-17,1220,CE,0,0,0,3.15,0,0,0,0,0,17-Apr-17
OPTSTK,ASIANPAINT,27-Apr-17,1240,CE,0,0,0,2.35,0,0,0,0,0,17-Apr-17
OPTSTK,ASIANPAINT,27-Apr-17,1260,CE,0,0,0,1.7,0,0,0,0,0,17-Apr-17
OPTSTK,ASIANPAINT,27-Apr-17,1280,CE,0,0,0,1.25,0,0,0,0,0,17-Apr-17
OPTSTK,ASIANPAINT,27-Apr-17,660,PE,0,0,0,0.05,0,0,0,0,0,17-Apr-17
OPTSTK,ASIANPAINT,27-Apr-17,680,PE,0,0,0,0.05,0,0,0,0,0,17-Apr-17
OPTSTK,ASIANPAINT,27-Apr-17,700,PE,0,0,0,0.1,0,0,0,0,0,17-Apr-17
OPTSTK,ASIANPAINT,27-Apr-17,720,PE,0,0,0,0.2,0,0,0,0,0,17-Apr-17
OPTSTK,ASIANPAINT,27-Apr-17,740,PE,0,0,0,0.4,0,0,0,0,0,17-Apr-17
OPTSTK,ASIANPAINT,27-Apr-17,760,PE,0,0,0,0.7,0,0,0,0,0,17-Apr-17
OPTSTK,ASIANPAINT,27-Apr-17,780,PE,0,0,0,1.2,0,0,0,0,0,17-Apr-17
OPTSTK,ASIANPAINT,27-Apr-17,800,PE,0,0,0,2,0,0,0,0,0,17-Apr-17
OPTSTK,ASIANPAINT,27-Apr-17,820,PE,0,0,0,3.25,0,0,0,0,0,17-Apr-17
OPTSTK,ASIANPAINT,27-Apr-17,840,PE,0,0,0,4.95,0,0,0,0,0,17-Apr-17
OPTSTK,ASIANPAINT,27-Apr-17,860,PE,0,0,0,7.35,0,0,0,0,0,17-Apr-17
OPTSTK,ASIANPAINT,27-Apr-17,880,PE,0,0,0,10.55,0,0,0,0,0,17-Apr-17
OPTSTK,ASIANPAINT,27-Apr-17,900,PE,0,0,0,14.7,0,0,0,0,0,17-Apr-17
OPTSTK,ASIANPAINT,27-Apr-17,920,PE,0,0,0,19.9,0,0,0,0,0,17-Apr-17
OPTSTK,ASIANPAINT,27-Apr-17,940,PE,0,0,0,26.2,0.05,0,0,0,0,17-Apr-17
OPTSTK,ASIANPAINT,27-Apr-17,960,PE,0,0,0,33.8,0.1,0,0,0,0,17-Apr-17
OPTSTK,ASIANPAINT,27-Apr-17,980,PE,0.75,0.75,0.6,0.65,0.65,5,29.41,11400,-1800,17-Apr-17
OPTSTK,ASIANPAINT,27-Apr-17,1000,PE,1.65,1.95,1.2,1.5,1.5,41,246.38,45600,-9600,17-Apr-17
OPTSTK,ASIANPAINT,27-Apr-17,1020,PE,3.45,4.1,3.1,3.35,3.35,31,190.36,58800,2400,17-Apr-17
OPTSTK,ASIANPAINT,27-Apr-17,1040,PE,6,8.25,6,7.45,7.45,75,471.08,121800,7800,17-Apr-17
OPTSTK,ASIANPAINT,27-Apr-17,1060,PE,11.65,16.25,11.65,15.25,15.25,126,812.05,102000,-4200,17-Apr-17
OPTSTK,ASIANPAINT,27-Apr-17,1080,PE,25.25,27.1,23.45,26.25,26.25,11,72.91,56400,1800,17-Apr-17
OPTSTK,ASIANPAINT,27-Apr-17,1100,PE,43,43,43,43,43,1,6.85,23400,0,17-Apr-17
OPTSTK,ASIANPAINT,27-Apr-17,1120,PE,59,59,59,59,59,1,7.07,2400,0,17-Apr-17
OPTSTK,ASIANPAINT,27-Apr-17,1140,PE,0,0,0,64.75,79.3,0,0,1800,0,17-Apr-17
OPTSTK,ASIANPAINT,27-Apr-17,1160,PE,0,0,0,78,98.85,0,0,2400,0,17-Apr-17
OPTSTK,ASIANPAINT,27-Apr-17,1180,PE,0,0,0,122,118.65,0,0,1200,0,17-Apr-17
OPTSTK,ASIANPAINT,27-Apr-17,1200,PE,128,128,128,128,128,1,7.96,2400,600,17-Apr-17
OPTSTK,ASIANPAINT,27-Apr-17,1220,PE,0,0,0,225.4,158.55,0,0,0,0,17-Apr-17
OPTSTK,ASIANPAINT,27-Apr-17,1240,PE,0,0,0,244.25,178.5,0,0,0,0,17-Apr-17
OPTSTK,ASIANPAINT,27-Apr-17,1260,PE,0,0,0,263.35,198.5,0,0,0,0,17-Apr-17
OPTSTK,ASIANPAINT,27-Apr-17,1280,PE,0,0,0,282.55,218.45,0,0,0,0,17-Apr-17
OPTSTK,ASIANPAINT,25-May-17,660,CE,0,0,0,359.4,403.8,0,0,0,0,17-Apr-17
OPTSTK,ASIANPAINT,25-May-17,680,CE,0,0,0,339.7,383.95,0,0,0,0,17-Apr-17
OPTSTK,ASIANPAINT,25-May-17,700,CE,0,0,0,320,364.1,0,0,0,0,17-Apr-17
OPTSTK,ASIANPAINT,25-May-17,720,CE,0,0,0,300.35,344.25,0,0,0,0,17-Apr-17
OPTSTK,ASIANPAINT,25-May-17,740,CE,0,0,0,280.75,324.35,0,0,0,0,17-Apr-17
OPTSTK,ASIANPAINT,25-May-17,760,CE,0,0,0,261.15,304.5,0,0,0,0,17-Apr-17
OPTSTK,ASIANPAINT,25-May-17,780,CE,0,0,0,241.65,284.65,0,0,0,0,17-Apr-17
OPTSTK,ASIANPAINT,25-May-17,800,CE,0,0,0,222.3,264.75,0,0,0,0,17-Apr-17
OPTSTK,ASIANPAINT,25-May-17,820,CE,0,0,0,203.2,244.9,0,0,0,0,17-Apr-17
OPTSTK,ASIANPAINT,25-May-17,840,CE,0,0,0,184.4,225.05,0,0,0,0,17-Apr-17
OPTSTK,ASIANPAINT,25-May-17,860,CE,0,0,0,166,205.25,0,0,0,0,17-Apr-17
OPTSTK,ASIANPAINT,25-May-17,880,CE,0,0,0,148.2,185.45,0,0,0,0,17-Apr-17
OPTSTK,ASIANPAINT,25-May-17,900,CE,0,0,0,131.1,165.8,0,0,0,0,17-Apr-17
OPTSTK,ASIANPAINT,25-May-17,920,CE,0,0,0,114.9,146.35,0,0,0,0,17-Apr-17
OPTSTK,ASIANPAINT,25-May-17,940,CE,0,0,0,99.65,127.35,0,0,0,0,17-Apr-17
OPTSTK,ASIANPAINT,25-May-17,960,CE,0,0,0,85.5,108.9,0,0,0,0,17-Apr-17
OPTSTK,ASIANPAINT,25-May-17,980,CE,0,0,0,72.6,91.35,0,0,0,0,17-Apr-17
OPTSTK,ASIANPAINT,25-May-17,1000,CE,0,0,0,60.95,75,0,0,0,0,17-Apr-17
OPTSTK,ASIANPAINT,25-May-17,1020,CE,0,0,0,50.6,60.15,0,0,0,0,17-Apr-17
OPTSTK,ASIANPAINT,25-May-17,1040,CE,0,0,0,41.55,47,0,0,0,0,17-Apr-17
OPTSTK,ASIANPAINT,25-May-17,1060,CE,0,0,0,33.7,35.8,0,0,0,0,17-Apr-17
OPTSTK,ASIANPAINT,25-May-17,1080,CE,25.45,25.45,25.45,25.45,25.45,3,19.89,1800,1800,17-Apr-17
OPTSTK,ASIANPAINT,25-May-17,1100,CE,0,0,0,21.45,19.05,0,0,0,0,17-Apr-17
OPTSTK,ASIANPAINT,25-May-17,1120,CE,0,0,0,16.9,13.35,0,0,0,0,17-Apr-17
OPTSTK,ASIANPAINT,25-May-17,1140,CE,0,0,0,13.1,9.05,0,0,0,0,17-Apr-17
OPTSTK,ASIANPAINT,25-May-17,1160,CE,0,0,0,10.1,5.95,0,0,0,0,17-Apr-17
OPTSTK,ASIANPAINT,25-May-17,1180,CE,0,0,0,7.65,3.8,0,0,0,0,17-Apr-17
OPTSTK,ASIANPAINT,25-May-17,1200,CE,0,0,0,5.8,2.4,0,0,0,0,17-Apr-17
OPTSTK,ASIANPAINT,25-May-17,1220,CE,0,0,0,4.3,1.45,0,0,0,0,17-Apr-17
OPTSTK,ASIANPAINT,25-May-17,1240,CE,0,0,0,3.2,0.85,0,0,0,0,17-Apr-17
OPTSTK,ASIANPAINT,25-May-17,1260,CE,0,0,0,2.35,0.5,0,0,0,0,17-Apr-17
OPTSTK,ASIANPAINT,25-May-17,1280,CE,0,0,0,1.7,0.3,0,0,0,0,17-Apr-17
OPTSTK,ASIANPAINT,25-May-17,660,PE,0,0,0,0.05,0,0,0,0,0,17-Apr-17
OPTSTK,ASIANPAINT,25-May-17,680,PE,0,0,0,0.05,0,0,0,0,0,17-Apr-17
OPTSTK,ASIANPAINT,25-May-17,700,PE,0,0,0,0.05,0,0,0,0,0,17-Apr-17
OPTSTK,ASIANPAINT,25-May-17,720,PE,0,0,0,0.05,0,0,0,0,0,17-Apr-17
OPTSTK,ASIANPAINT,25-May-17,740,PE,0,0,0,0.1,0,0,0,0,0,17-Apr-17
OPTSTK,ASIANPAINT,25-May-17,760,PE,0,0,0,0.25,0,0,0,0,0,17-Apr-17
OPTSTK,ASIANPAINT,25-May-17,780,PE,0,0,0,0.45,0,0,0,0,0,17-Apr-17
OPTSTK,ASIANPAINT,25-May-17,800,PE,0,0,0,0.75,0,0,0,0,0,17-Apr-17
OPTSTK,ASIANPAINT,25-May-17,820,PE,0,0,0,1.35,0.05,0,0,0,0,17-Apr-17
OPTSTK,ASIANPAINT,25-May-17,840,PE,0,0,0,2.2,0.05,0,0,0,0,17-Apr-17
OPTSTK,ASIANPAINT,25-May-17,860,PE,0,0,0,3.55,0.1,0,0,0,0,17-Apr-17
OPTSTK,ASIANPAINT,25-May-17,880,PE,0,0,0,5.4,0.15,0,0,0,0,17-Apr-17
OPTSTK,ASIANPAINT,25-May-17,900,PE,0,0,0,8,0.4,0,0,0,0,17-Apr-17
OPTSTK,ASIANPAINT,25-May-17,920,PE,0,0,0,11.45,0.8,0,0,0,0,17-Apr-17
OPTSTK,ASIANPAINT,25-May-17,940,PE,0,0,0,15.9,1.65,0,0,0,0,17-Apr-17
OPTSTK,ASIANPAINT,25-May-17,960,PE,0,0,0,21.45,3.1,0,0,0,0,17-Apr-17
OPTSTK,ASIANPAINT,25-May-17,980,PE,0,0,0,28.2,5.4,0,0,0,0,17-Apr-17
OPTSTK,ASIANPAINT,25-May-17,1000,PE,0,0,0,36.25,8.9,0,0,0,0,17-Apr-17
OPTSTK,ASIANPAINT,25-May-17,1020,PE,0,0,0,45.6,13.9,0,0,0,0,17-Apr-17
OPTSTK,ASIANPAINT,25-May-17,1040,PE,0,0,0,20,20.65,0,0,600,0,17-Apr-17
OPTSTK,ASIANPAINT,25-May-17,1060,PE,0,0,0,68.1,29.3,0,0,0,0,17-Apr-17
OPTSTK,ASIANPAINT,25-May-17,1080,PE,0,0,0,27.85,39.85,0,0,4200,0,17-Apr-17
OPTSTK,ASIANPAINT,25-May-17,1100,PE,0,0,0,39.7,52.3,0,0,7800,0,17-Apr-17
OPTSTK,ASIANPAINT,25-May-17,1120,PE,0,0,0,110.3,66.45,0,0,0,0,17-Apr-17
OPTSTK,ASIANPAINT,25-May-17,1140,PE,0,0,0,126.25,82,0,0,0,0,17-Apr-17
OPTSTK,ASIANPAINT,25-May-17,1160,PE,0,0,0,142.9,98.8,0,0,0,0,17-Apr-17
OPTSTK,ASIANPAINT,25-May-17,1180,PE,0,0,0,160.15,116.5,0,0,0,0,17-Apr-17
OPTSTK,ASIANPAINT,25-May-17,1200,PE,0,0,0,177.95,134.95,0,0,0,0,17-Apr-17
OPTSTK,ASIANPAINT,25-May-17,1220,PE,0,0,0,196.15,153.85,0,0,0,0,17-Apr-17
OPTSTK,ASIANPAINT,25-May-17,1240,PE,0,0,0,214.75,173.15,0,0,0,0,17-Apr-17
OPTSTK,ASIANPAINT,25-May-17,1260,PE,0,0,0,233.55,192.65,0,0,0,0,17-Apr-17
OPTSTK,ASIANPAINT,25-May-17,1280,PE,0,0,0,252.6,212.3,0,0,0,0,17-Apr-17
OPTSTK,ASIANPAINT,29-Jun-17,680,CE,0,0,0,401.35,388.15,0,0,0,0,17-Apr-17
OPTSTK,ASIANPAINT,29-Jun-17,700,CE,0,0,0,381.65,368.4,0,0,0,0,17-Apr-17
OPTSTK,ASIANPAINT,29-Jun-17,720,CE,0,0,0,362,348.65,0,0,0,0,17-Apr-17
OPTSTK,ASIANPAINT,29-Jun-17,740,CE,0,0,0,342.35,328.95,0,0,0,0,17-Apr-17
OPTSTK,ASIANPAINT,29-Jun-17,760,CE,0,0,0,322.7,309.2,0,0,0,0,17-Apr-17
OPTSTK,ASIANPAINT,29-Jun-17,780,CE,0,0,0,303.1,289.5,0,0,0,0,17-Apr-17
OPTSTK,ASIANPAINT,29-Jun-17,800,CE,0,0,0,283.55,269.8,0,0,0,0,17-Apr-17
OPTSTK,ASIANPAINT,29-Jun-17,820,CE,0,0,0,264.1,250.15,0,0,0,0,17-Apr-17
OPTSTK,ASIANPAINT,29-Jun-17,840,CE,0,0,0,244.75,230.6,0,0,0,0,17-Apr-17
OPTSTK,ASIANPAINT,29-Jun-17,860,CE,0,0,0,225.65,211.2,0,0,0,0,17-Apr-17
OPTSTK,ASIANPAINT,29-Jun-17,880,CE,0,0,0,206.8,192,0,0,0,0,17-Apr-17
OPTSTK,ASIANPAINT,29-Jun-17,900,CE,0,0,0,188.3,173.15,0,0,0,0,17-Apr-17
OPTSTK,ASIANPAINT,29-Jun-17,920,CE,0,0,0,170.3,154.75,0,0,0,0,17-Apr-17
OPTSTK,ASIANPAINT,29-Jun-17,940,CE,0,0,0,152.9,136.95,0,0,0,0,17-Apr-17
OPTSTK,ASIANPAINT,29-Jun-17,960,CE,0,0,0,136.2,119.95,0,0,0,0,17-Apr-17
OPTSTK,ASIANPAINT,29-Jun-17,980,CE,0,0,0,120.35,103.9,0,0,0,0,17-Apr-17
OPTSTK,ASIANPAINT,29-Jun-17,1000,CE,0,0,0,105.5,88.95,0,0,0,0,17-Apr-17
OPTSTK,ASIANPAINT,29-Jun-17,1020,CE,0,0,0,91.6,75.1,0,0,0,0,17-Apr-17
OPTSTK,ASIANPAINT,29-Jun-17,1040,CE,0,0,0,78.85,62.7,0,0,0,0,17-Apr-17
OPTSTK,ASIANPAINT,29-Jun-17,1060,CE,0,0,0,67.25,51.6,0,0,0,0,17-Apr-17
OPTSTK,ASIANPAINT,29-Jun-17,1080,CE,0,0,0,56.85,41.95,0,0,0,0,17-Apr-17
OPTSTK,ASIANPAINT,29-Jun-17,1100,CE,0,0,0,47.6,33.65,0,0,0,0,17-Apr-17
OPTSTK,ASIANPAINT,29-Jun-17,1120,CE,0,0,0,39.5,26.6,0,0,0,0,17-Apr-17
OPTSTK,ASIANPAINT,29-Jun-17,1140,CE,0,0,0,32.5,20.75,0,0,0,0,17-Apr-17
OPTSTK,ASIANPAINT,29-Jun-17,1160,CE,0,0,0,26.45,16,0,0,0,0,17-Apr-17
OPTSTK,ASIANPAINT,29-Jun-17,1180,CE,0,0,0,21.45,12.15,0,0,0,0,17-Apr-17
OPTSTK,ASIANPAINT,29-Jun-17,1200,CE,0,0,0,17.15,9.15,0,0,0,0,17-Apr-17
OPTSTK,ASIANPAINT,29-Jun-17,1220,CE,0,0,0,13.6,6.75,0,0,0,0,17-Apr-17
OPTSTK,ASIANPAINT,29-Jun-17,1240,CE,0,0,0,10.7,4.95,0,0,0,0,17-Apr-17
OPTSTK,ASIANPAINT,29-Jun-17,1260,CE,0,0,0,8.35,3.6,0,0,0,0,17-Apr-17
OPTSTK,ASIANPAINT,29-Jun-17,1280,CE,0,0,0,6.5,2.55,0,0,0,0,17-Apr-17
OPTSTK,ASIANPAINT,29-Jun-17,680,PE,0,0,0,0.05,0,0,0,0,0,17-Apr-17
OPTSTK,ASIANPAINT,29-Jun-17,700,PE,0,0,0,0.05,0,0,0,0,0,17-Apr-17
OPTSTK,ASIANPAINT,29-Jun-17,720,PE,0,0,0,0.05,0,0,0,0,0,17-Apr-17
OPTSTK,ASIANPAINT,29-Jun-17,740,PE,0,0,0,0.05,0.05,0,0,0,0,17-Apr-17
OPTSTK,ASIANPAINT,29-Jun-17,760,PE,0,0,0,0.1,0.05,0,0,0,0,17-Apr-17
OPTSTK,ASIANPAINT,29-Jun-17,780,PE,0,0,0,0.15,0.05,0,0,0,0,17-Apr-17
OPTSTK,ASIANPAINT,29-Jun-17,800,PE,0,0,0,0.25,0.1,0,0,0,0,17-Apr-17
OPTSTK,ASIANPAINT,29-Jun-17,820,PE,0,0,0,0.45,0.2,0,0,0,0,17-Apr-17
OPTSTK,ASIANPAINT,29-Jun-17,840,PE,0,0,0,0.8,0.4,0,0,0,0,17-Apr-17
OPTSTK,ASIANPAINT,29-Jun-17,860,PE,0,0,0,1.35,0.7,0,0,0,0,17-Apr-17
OPTSTK,ASIANPAINT,29-Jun-17,880,PE,0,0,0,2.15,1.3,0,0,0,0,17-Apr-17
OPTSTK,ASIANPAINT,29-Jun-17,900,PE,0,0,0,3.35,2.15,0,0,0,0,17-Apr-17
OPTSTK,ASIANPAINT,29-Jun-17,920,PE,0,0,0,5,3.5,0,0,0,0,17-Apr-17
OPTSTK,ASIANPAINT,29-Jun-17,940,PE,0,0,0,7.3,5.45,0,0,0,0,17-Apr-17
OPTSTK,ASIANPAINT,29-Jun-17,960,PE,0,0,0,10.25,8.2,0,0,0,0,17-Apr-17
OPTSTK,ASIANPAINT,29-Jun-17,980,PE,0,0,0,14.1,11.85,0,0,0,0,17-Apr-17
OPTSTK,ASIANPAINT,29-Jun-17,1000,PE,0,0,0,18.9,16.65,0,0,0,0,17-Apr-17
OPTSTK,ASIANPAINT,29-Jun-17,1020,PE,0,0,0,24.65,22.6,0,0,0,0,17-Apr-17
OPTSTK,ASIANPAINT,29-Jun-17,1040,PE,0,0,0,31.6,29.9,0,0,0,0,17-Apr-17
OPTSTK,ASIANPAINT,29-Jun-17,1060,PE,0,0,0,39.7,38.6,0,0,0,0,17-Apr-17
OPTSTK,ASIANPAINT,29-Jun-17,1080,PE,0,0,0,48.95,48.65,0,0,0,0,17-Apr-17
OPTSTK,ASIANPAINT,29-Jun-17,1100,PE,0,0,0,59.35,60.05,0,0,0,0,17-Apr-17
OPTSTK,ASIANPAINT,29-Jun-17,1120,PE,0,0,0,70.95,72.8,0,0,0,0,17-Apr-17
OPTSTK,ASIANPAINT,29-Jun-17,1140,PE,0,0,0,83.6,86.7,0,0,0,0,17-Apr-17
OPTSTK,ASIANPAINT,29-Jun-17,1160,PE,0,0,0,97.25,101.65,0,0,0,0,17-Apr-17
OPTSTK,ASIANPAINT,29-Jun-17,1180,PE,0,0,0,111.85,117.6,0,0,0,0,17-Apr-17
OPTSTK,ASIANPAINT,29-Jun-17,1200,PE,0,0,0,127.25,134.3,0,0,0,0,17-Apr-17
OPTSTK,ASIANPAINT,29-Jun-17,1220,PE,0,0,0,143.4,151.65,0,0,0,0,17-Apr-17
OPTSTK,ASIANPAINT,29-Jun-17,1240,PE,0,0,0,160.15,169.6,0,0,0,0,17-Apr-17
OPTSTK,ASIANPAINT,29-Jun-17,1260,PE,0,0,0,177.5,187.95,0,0,0,0,17-Apr-17
OPTSTK,ASIANPAINT,29-Jun-17,1280,PE,0,0,0,195.25,206.7,0,0,0,0,17-Apr-17
OPTSTK,AUROPHARMA,27-Apr-17,460,CE,0,0,0,253.35,193.65,0,0,0,0,17-Apr-17
OPTSTK,AUROPHARMA,27-Apr-17,480,CE,0,0,0,233.85,173.7,0,0,0,0,17-Apr-17
OPTSTK,AUROPHARMA,27-Apr-17,500,CE,0,0,0,214.45,153.75,0,0,0,0,17-Apr-17
OPTSTK,AUROPHARMA,27-Apr-17,520,CE,0,0,0,195.3,133.8,0,0,0,0,17-Apr-17
OPTSTK,AUROPHARMA,27-Apr-17,540,CE,0,0,0,176.5,113.8,0,0,0,0,17-Apr-17
OPTSTK,AUROPHARMA,27-Apr-17,560,CE,0,0,0,158.2,93.85,0,0,0,0,17-Apr-17
OPTSTK,AUROPHARMA,27-Apr-17,580,CE,0,0,0,140.5,73.9,0,0,0,0,17-Apr-17
OPTSTK,AUROPHARMA,27-Apr-17,600,CE,0,0,0,54.9,54.1,0,0,1400,0,17-Apr-17
OPTSTK,AUROPHARMA,27-Apr-17,620,CE,0,0,0,37,35.2,0,0,2100,0,17-Apr-17
OPTSTK,AUROPHARMA,27-Apr-17,640,CE,24,24,21.9,22.1,22.1,9,41.75,21700,0,17-Apr-17
OPTSTK,AUROPHARMA,27-Apr-17,660,CE,15.3,16.85,11.2,11.95,11.95,445,2095.72,289100,53900,17-Apr-17
OPTSTK,AUROPHARMA,27-Apr-17,680,CE,8.1,9.4,5.7,6,6,348,1673.01,476700,28000,17-Apr-17
OPTSTK,AUROPHARMA,27-Apr-17,700,CE,4.95,5.25,3.05,3.15,3.15,249,1226.18,579600,-44800,17-Apr-17
OPTSTK,AUROPHARMA,27-Apr-17,720,CE,2.8,2.8,1.7,1.75,1.75,54,272.91,181300,700,17-Apr-17
OPTSTK,AUROPHARMA,27-Apr-17,740,CE,1.25,1.35,1.1,1.15,1.15,33,171.21,135100,2800,17-Apr-17
OPTSTK,AUROPHARMA,27-Apr-17,760,CE,0.65,0.65,0.6,0.6,0.6,2,10.64,54600,0,17-Apr-17
OPTSTK,AUROPHARMA,27-Apr-17,780,CE,0.2,0.2,0.15,0.15,0.15,4,21.84,22400,-700,17-Apr-17
OPTSTK,AUROPHARMA,27-Apr-17,800,CE,0,0,0,0.85,0,0,0,12600,0,17-Apr-17
OPTSTK,AUROPHARMA,27-Apr-17,820,CE,0,0,0,15.55,0,0,0,0,0,17-Apr-17
OPTSTK,AUROPHARMA,27-Apr-17,840,CE,0,0,0,12.15,0,0,0,0,0,17-Apr-17
OPTSTK,AUROPHARMA,27-Apr-17,860,CE,0,0,0,9.45,0,0,0,0,0,17-Apr-17
OPTSTK,AUROPHARMA,27-Apr-17,880,CE,0,0,0,7.25,0,0,0,0,0,17-Apr-17
OPTSTK,AUROPHARMA,27-Apr-17,900,CE,0,0,0,5.55,0,0,0,0,0,17-Apr-17
OPTSTK,AUROPHARMA,27-Apr-17,920,CE,0,0,0,4.2,0,0,0,0,0,17-Apr-17
OPTSTK,AUROPHARMA,27-Apr-17,460,PE,0,0,0,0.15,0,0,0,0,0,17-Apr-17
OPTSTK,AUROPHARMA,27-Apr-17,480,PE,0,0,0,0.3,0,0,0,0,0,17-Apr-17
OPTSTK,AUROPHARMA,27-Apr-17,500,PE,0,0,0,0.6,0,0,0,0,0,17-Apr-17
OPTSTK,AUROPHARMA,27-Apr-17,520,PE,0,0,0,1.1,0,0,0,0,0,17-Apr-17
OPTSTK,AUROPHARMA,27-Apr-17,540,PE,0.15,0.15,0.15,0.15,0.15,1,3.78,700,0,17-Apr-17
OPTSTK,AUROPHARMA,27-Apr-17,560,PE,0,0,0,1,0,0,0,3500,0,17-Apr-17
OPTSTK,AUROPHARMA,27-Apr-17,580,PE,0,0,0,0.5,0.05,0,0,14700,0,17-Apr-17
OPTSTK,AUROPHARMA,27-Apr-17,600,PE,0.95,1.1,0.9,1.05,1.05,26,109.38,80500,7700,17-Apr-17
OPTSTK,AUROPHARMA,27-Apr-17,620,PE,2.5,2.95,2.1,2.45,2.45,108,470.7,139300,7700,17-Apr-17
OPTSTK,AUROPHARMA,27-Apr-17,640,PE,5.95,7.55,5.8,6.75,6.75,135,611.28,163800,4200,17-Apr-17
OPTSTK,AUROPHARMA,27-Apr-17,660,PE,14.15,17.1,13.5,15.95,15.95,100,472.98,221900,6300,17-Apr-17
OPTSTK,AUROPHARMA,27-Apr-17,680,PE,27.5,30.75,26.5,30.75,30.75,14,69.54,104300,-2100,17-Apr-17
OPTSTK,AUROPHARMA,27-Apr-17,700,PE,43.1,48,43.1,48,48,3,15.67,105000,0,17-Apr-17
OPTSTK,AUROPHARMA,27-Apr-17,720,PE,0,0,0,69,66,0,0,23800,0,17-Apr-17
OPTSTK,AUROPHARMA,27-Apr-17,740,PE,85.2,85.2,85.2,85.2,85.2,1,5.77,9100,700,17-Apr-17
OPTSTK,AUROPHARMA,27-Apr-17,760,PE,0,0,0,75.5,105.85,0,0,12600,0,17-Apr-17
OPTSTK,AUROPHARMA,27-Apr-17,780,PE,0,0,0,96,125.8,0,0,15400,0,17-Apr-17
OPTSTK,AUROPHARMA,27-Apr-17,800,PE,0,0,0,136,145.8,0,0,7000,0,17-Apr-17
OPTSTK,AUROPHARMA,27-Apr-17,820,PE,0,0,0,116.4,165.75,0,0,0,0,17-Apr-17
OPTSTK,AUROPHARMA,27-Apr-17,840,PE,0,0,0,132.7,185.7,0,0,0,0,17-Apr-17
OPTSTK,AUROPHARMA,27-Apr-17,860,PE,0,0,0,149.65,205.65,0,0,0,0,17-Apr-17
OPTSTK,AUROPHARMA,27-Apr-17,880,PE,0,0,0,167.15,225.65,0,0,0,0,17-Apr-17
OPTSTK,AUROPHARMA,27-Apr-17,900,PE,0,0,0,185.15,245.6,0,0,0,0,17-Apr-17
OPTSTK,AUROPHARMA,27-Apr-17,920,PE,0,0,0,203.45,265.55,0,0,0,0,17-Apr-17
OPTSTK,AUROPHARMA,25-May-17,460,CE,0,0,0,214.4,195.95,0,0,0,0,17-Apr-17
OPTSTK,AUROPHARMA,25-May-17,480,CE,0,0,0,195.5,176.1,0,0,0,0,17-Apr-17
OPTSTK,AUROPHARMA,25-May-17,500,CE,0,0,0,176.95,156.25,0,0,0,0,17-Apr-17
OPTSTK,AUROPHARMA,25-May-17,520,CE,0,0,0,159,136.4,0,0,0,0,17-Apr-17
OPTSTK,AUROPHARMA,25-May-17,540,CE,0,0,0,141.75,116.65,0,0,0,0,17-Apr-17
OPTSTK,AUROPHARMA,25-May-17,560,CE,0,0,0,125.3,97.1,0,0,0,0,17-Apr-17
OPTSTK,AUROPHARMA,25-May-17,580,CE,0,0,0,109.85,78.15,0,0,0,0,17-Apr-17
OPTSTK,AUROPHARMA,25-May-17,600,CE,0,0,0,95.55,60.3,0,0,0,0,17-Apr-17
OPTSTK,AUROPHARMA,25-May-17,620,CE,0,0,0,82.3,44.25,0,0,0,0,17-Apr-17
OPTSTK,AUROPHARMA,25-May-17,640,CE,39,39,39,39,39,1,4.75,1400,0,17-Apr-17
OPTSTK,AUROPHARMA,25-May-17,660,CE,26.7,27,26.7,27,27,7,33.66,18200,4200,17-Apr-17
OPTSTK,AUROPHARMA,25-May-17,680,CE,21.65,21.65,19.5,19.5,19.5,13,63.71,12600,0,17-Apr-17
OPTSTK,AUROPHARMA,25-May-17,700,CE,12.05,14.45,12.05,13,13,3,14.97,1400,1400,17-Apr-17
OPTSTK,AUROPHARMA,25-May-17,720,CE,0,0,0,34.65,3.7,0,0,0,0,17-Apr-17
OPTSTK,AUROPHARMA,25-May-17,740,CE,0,0,0,28.45,1.85,0,0,0,0,17-Apr-17
OPTSTK,AUROPHARMA,25-May-17,760,CE,0,0,0,23.25,0.85,0,0,0,0,17-Apr-17
OPTSTK,AUROPHARMA,25-May-17,780,CE,0,0,0,18.85,0.4,0,0,0,0,17-Apr-17
OPTSTK,AUROPHARMA,25-May-17,800,CE,0,0,0,15.2,0.15,0,0,0,0,17-Apr-17
OPTSTK,AUROPHARMA,25-May-17,820,CE,0,0,0,12.15,0.1,0,0,0,0,17-Apr-17
OPTSTK,AUROPHARMA,25-May-17,840,CE,0,0,0,9.7,0.05,0,0,0,0,17-Apr-17
OPTSTK,AUROPHARMA,25-May-17,860,CE,0,0,0,7.65,0.05,0,0,0,0,17-Apr-17
OPTSTK,AUROPHARMA,25-May-17,880,CE,0,0,0,6.05,0,0,0,0,0,17-Apr-17
OPTSTK,AUROPHARMA,25-May-17,900,CE,0,0,0,4.75,0,0,0,0,0,17-Apr-17
OPTSTK,AUROPHARMA,25-May-17,920,CE,0,0,0,3.7,0,0,0,0,0,17-Apr-17
OPTSTK,AUROPHARMA,25-May-17,460,PE,0,0,0,0.95,0,0,0,0,0,17-Apr-17
OPTSTK,AUROPHARMA,25-May-17,480,PE,0,0,0,1.7,0,0,0,0,0,17-Apr-17
OPTSTK,AUROPHARMA,25-May-17,500,PE,0,0,0,2.85,0,0,0,0,0,17-Apr-17
OPTSTK,AUROPHARMA,25-May-17,520,PE,0,0,0,4.6,0.05,0,0,0,0,17-Apr-17
OPTSTK,AUROPHARMA,25-May-17,540,PE,0,0,0,7,0.15,0,0,0,0,17-Apr-17
OPTSTK,AUROPHARMA,25-May-17,560,PE,0,0,0,10.3,0.5,0,0,0,0,17-Apr-17
OPTSTK,AUROPHARMA,25-May-17,580,PE,0,0,0,14.5,1.35,0,0,0,0,17-Apr-17
OPTSTK,AUROPHARMA,25-May-17,600,PE,6.6,6.6,6.6,6.6,6.6,1,4.24,4900,700,17-Apr-17
OPTSTK,AUROPHARMA,25-May-17,620,PE,13.5,13.5,13.05,13.05,13.05,6,26.59,9800,4200,17-Apr-17
OPTSTK,AUROPHARMA,25-May-17,640,PE,19,20,19,20,20,4,18.46,3500,2800,17-Apr-17
OPTSTK,AUROPHARMA,25-May-17,660,PE,0,0,0,25.1,22.65,0,0,8400,0,17-Apr-17
OPTSTK,AUROPHARMA,25-May-17,680,PE,0,0,0,45,34.7,0,0,10500,0,17-Apr-17
OPTSTK,AUROPHARMA,25-May-17,700,PE,0,0,0,64.6,49.35,0,0,0,0,17-Apr-17
OPTSTK,AUROPHARMA,25-May-17,720,PE,0,0,0,77.1,66,0,0,0,0,17-Apr-17
OPTSTK,AUROPHARMA,25-May-17,740,PE,0,0,0,90.6,84,0,0,0,0,17-Apr-17
OPTSTK,AUROPHARMA,25-May-17,760,PE,0,0,0,105.1,102.9,0,0,0,0,17-Apr-17
OPTSTK,AUROPHARMA,25-May-17,780,PE,0,0,0,120.4,122.3,0,0,0,0,17-Apr-17
OPTSTK,AUROPHARMA,25-May-17,800,PE,0,0,0,136.4,141.95,0,0,0,0,17-Apr-17
OPTSTK,AUROPHARMA,25-May-17,820,PE,0,0,0,153.05,161.7,0,0,0,0,17-Apr-17
OPTSTK,AUROPHARMA,25-May-17,840,PE,0,0,0,170.25,181.55,0,0,0,0,17-Apr-17
OPTSTK,AUROPHARMA,25-May-17,860,PE,0,0,0,187.9,201.4,0,0,0,0,17-Apr-17
OPTSTK,AUROPHARMA,25-May-17,880,PE,0,0,0,206,221.25,0,0,0,0,17-Apr-17
OPTSTK,AUROPHARMA,25-May-17,900,PE,0,0,0,224.35,241.1,0,0,0,0,17-Apr-17
OPTSTK,AUROPHARMA,25-May-17,920,PE,0,0,0,243,260.95,0,0,0,0,17-Apr-17
OPTSTK,AUROPHARMA,29-Jun-17,460,CE,0,0,0,219.45,198.8,0,0,0,0,17-Apr-17
OPTSTK,AUROPHARMA,29-Jun-17,480,CE,0,0,0,199.95,179.1,0,0,0,0,17-Apr-17
OPTSTK,AUROPHARMA,29-Jun-17,500,CE,0,0,0,180.7,159.45,0,0,0,0,17-Apr-17
OPTSTK,AUROPHARMA,29-Jun-17,520,CE,0,0,0,161.7,140,0,0,0,0,17-Apr-17
OPTSTK,AUROPHARMA,29-Jun-17,540,CE,0,0,0,143.2,120.8,0,0,0,0,17-Apr-17
OPTSTK,AUROPHARMA,29-Jun-17,560,CE,0,0,0,125.35,102.2,0,0,0,0,17-Apr-17
OPTSTK,AUROPHARMA,29-Jun-17,580,CE,0,0,0,108.4,84.55,0,0,0,0,17-Apr-17
OPTSTK,AUROPHARMA,29-Jun-17,600,CE,0,0,0,92.5,68.15,0,0,0,0,17-Apr-17
OPTSTK,AUROPHARMA,29-Jun-17,620,CE,0,0,0,77.9,53.45,0,0,0,0,17-Apr-17
OPTSTK,AUROPHARMA,29-Jun-17,640,CE,0,0,0,64.65,40.7,0,0,0,0,17-Apr-17
OPTSTK,AUROPHARMA,29-Jun-17,660,CE,0,0,0,52.95,30.05,0,0,0,0,17-Apr-17
OPTSTK,AUROPHARMA,29-Jun-17,680,CE,0,0,0,42.75,21.55,0,0,0,0,17-Apr-17
OPTSTK,AUROPHARMA,29-Jun-17,700,CE,0,0,0,34,14.95,0,0,0,0,17-Apr-17
OPTSTK,AUROPHARMA,29-Jun-17,720,CE,0,0,0,26.7,10.05,0,0,0,0,17-Apr-17
OPTSTK,AUROPHARMA,29-Jun-17,740,CE,0,0,0,20.7,6.6,0,0,0,0,17-Apr-17
OPTSTK,AUROPHARMA,29-Jun-17,760,CE,0,0,0,15.85,4.2,0,0,0,0,17-Apr-17
OPTSTK,AUROPHARMA,29-Jun-17,780,CE,0,0,0,12,2.6,0,0,0,0,17-Apr-17
OPTSTK,AUROPHARMA,29-Jun-17,800,CE,0,0,0,8.95,1.55,0,0,0,0,17-Apr-17
OPTSTK,AUROPHARMA,29-Jun-17,820,CE,0,0,0,6.6,0.9,0,0,0,0,17-Apr-17
OPTSTK,AUROPHARMA,29-Jun-17,840,CE,0,0,0,4.85,0.55,0,0,0,0,17-Apr-17
OPTSTK,AUROPHARMA,29-Jun-17,860,CE,0,0,0,3.5,0.3,0,0,0,0,17-Apr-17
OPTSTK,AUROPHARMA,29-Jun-17,880,CE,0,0,0,2.5,0.2,0,0,0,0,17-Apr-17
OPTSTK,AUROPHARMA,29-Jun-17,900,CE,0,0,0,1.8,0.1,0,0,0,0,17-Apr-17
OPTSTK,AUROPHARMA,29-Jun-17,920,CE,0,0,0,1.25,0.05,0,0,0,0,17-Apr-17
OPTSTK,AUROPHARMA,29-Jun-17,460,PE,0,0,0,0.15,0.05,0,0,0,0,17-Apr-17
OPTSTK,AUROPHARMA,29-Jun-17,480,PE,0,0,0,0.35,0.05,0,0,0,0,17-Apr-17
OPTSTK,AUROPHARMA,29-Jun-17,500,PE,0,0,0,0.75,0.15,0,0,0,0,17-Apr-17
OPTSTK,AUROPHARMA,29-Jun-17,520,PE,0,0,0,1.45,0.4,0,0,0,0,17-Apr-17
OPTSTK,AUROPHARMA,29-Jun-17,540,PE,0,0,0,2.6,1,0,0,0,0,17-Apr-17
OPTSTK,AUROPHARMA,29-Jun-17,560,PE,0,0,0,4.45,2.15,0,0,0,0,17-Apr-17
OPTSTK,AUROPHARMA,29-Jun-17,580,PE,0,0,0,7.15,4.2,0,0,0,0,17-Apr-17
OPTSTK,AUROPHARMA,29-Jun-17,600,PE,0,0,0,10.95,7.55,0,0,0,0,17-Apr-17
OPTSTK,AUROPHARMA,29-Jun-17,620,PE,0,0,0,16,12.6,0,0,0,0,17-Apr-17
OPTSTK,AUROPHARMA,29-Jun-17,640,PE,0,0,0,22.4,19.6,0,0,0,0,17-Apr-17
OPTSTK,AUROPHARMA,29-Jun-17,660,PE,0,0,0,30.35,28.7,0,0,0,0,17-Apr-17
OPTSTK,AUROPHARMA,29-Jun-17,680,PE,0,0,0,39.8,39.9,0,0,0,0,17-Apr-17
OPTSTK,AUROPHARMA,29-Jun-17,700,PE,0,0,0,50.75,53.05,0,0,0,0,17-Apr-17
OPTSTK,AUROPHARMA,29-Jun-17,720,PE,0,0,0,63.15,67.9,0,0,0,0,17-Apr-17
OPTSTK,AUROPHARMA,29-Jun-17,740,PE,0,0,0,76.8,84.2,0,0,0,0,17-Apr-17
OPTSTK,AUROPHARMA,29-Jun-17,760,PE,0,0,0,91.65,101.5,0,0,0,0,17-Apr-17
OPTSTK,AUROPHARMA,29-Jun-17,780,PE,0,0,0,107.4,119.65,0,0,0,0,17-Apr-17
OPTSTK,AUROPHARMA,29-Jun-17,800,PE,0,0,0,124.05,138.4,0,0,0,0,17-Apr-17
OPTSTK,AUROPHARMA,29-Jun-17,820,PE,0,0,0,141.4,157.5,0,0,0,0,17-Apr-17
OPTSTK,AUROPHARMA,29-Jun-17,840,PE,0,0,0,159.3,176.85,0,0,0,0,17-Apr-17
OPTSTK,AUROPHARMA,29-Jun-17,860,PE,0,0,0,177.6,196.35,0,0,0,0,17-Apr-17
OPTSTK,AUROPHARMA,29-Jun-17,880,PE,0,0,0,196.3,215.95,0,0,0,0,17-Apr-17
OPTSTK,AUROPHARMA,29-Jun-17,900,PE,0,0,0,215.25,235.65,0,0,0,0,17-Apr-17
OPTSTK,AUROPHARMA,29-Jun-17,920,PE,0,0,0,234.4,255.35,0,0,0,0,17-Apr-17
OPTSTK,AXISBANK,27-Apr-17,330,CE,0,0,0,140.65,172.95,0,0,0,0,17-Apr-17
OPTSTK,AXISBANK,27-Apr-17,340,CE,0,0,0,131.5,162.95,0,0,0,0,17-Apr-17
OPTSTK,AXISBANK,27-Apr-17,350,CE,0,0,0,122.55,153,0,0,0,0,17-Apr-17
OPTSTK,AXISBANK,27-Apr-17,360,CE,0,0,0,113.8,143,0,0,0,0,17-Apr-17
OPTSTK,AXISBANK,27-Apr-17,370,CE,0,0,0,105.35,133,0,0,0,0,17-Apr-17
OPTSTK,AXISBANK,27-Apr-17,380,CE,0,0,0,97.15,123.05,0,0,0,0,17-Apr-17
OPTSTK,AXISBANK,27-Apr-17,390,CE,0,0,0,89.3,113.05,0,0,0,0,17-Apr-17
OPTSTK,AXISBANK,27-Apr-17,400,CE,107.65,107.65,107.65,107.65,107.65,1,6.09,14400,0,17-Apr-17
OPTSTK,AXISBANK,27-Apr-17,410,CE,0,0,0,74.7,93.1,0,0,0,0,17-Apr-17
OPTSTK,AXISBANK,27-Apr-17,420,CE,0,0,0,67.9,83.1,0,0,0,0,17-Apr-17
OPTSTK,AXISBANK,27-Apr-17,430,CE,0,0,0,77.8,73.1,0,0,2400,0,17-Apr-17
OPTSTK,AXISBANK,27-Apr-17,440,CE,0,0,0,61,63.15,0,0,1200,0,17-Apr-17
OPTSTK,AXISBANK,27-Apr-17,450,CE,55,55,54.15,54.15,54.15,2,12.1,7200,0,17-Apr-17
OPTSTK,AXISBANK,27-Apr-17,460,CE,0,0,0,46,43.4,0,0,3600,0,17-Apr-17
OPTSTK,AXISBANK,27-Apr-17,470,CE,0,0,0,40,33.95,0,0,16800,0,17-Apr-17
OPTSTK,AXISBANK,27-Apr-17,480,CE,32.5,32.5,28,28,28,16,97.67,33600,-14400,17-Apr-17
OPTSTK,AXISBANK,27-Apr-17,490,CE,23.5,24,21,21,21,25,153.87,237600,-4800,17-Apr-17
OPTSTK,AXISBANK,27-Apr-17,500,CE,18.75,18.8,14.8,15.45,15.45,234,1449.73,552000,4800,17-Apr-17
OPTSTK,AXISBANK,27-Apr-17,510,CE,11.7,13.3,10,10.6,10.6,617,3860.66,640800,3600,17-Apr-17
OPTSTK,AXISBANK,27-Apr-17,520,CE,8.55,9.65,6.6,7.15,7.15,1725,10924.75,2047200,48000,17-Apr-17
OPTSTK,AXISBANK,27-Apr-17,530,CE,6.4,6.4,4.1,4.5,4.5,608,3902.32,613200,-19200,17-Apr-17
OPTSTK,AXISBANK,27-Apr-17,540,CE,4,4.3,2.45,2.75,2.75,493,3212.91,927600,-25200,17-Apr-17
OPTSTK,AXISBANK,27-Apr-17,550,CE,2.6,2.8,1.45,1.55,1.55,506,3350.92,853200,39600,17-Apr-17
OPTSTK,AXISBANK,27-Apr-17,560,CE,1.85,1.85,0.8,0.9,0.9,139,935.93,420000,-38400,17-Apr-17
OPTSTK,AXISBANK,27-Apr-17,570,CE,0.85,0.85,0.45,0.5,0.5,59,403.99,159600,-10800,17-Apr-17
OPTSTK,AXISBANK,27-Apr-17,580,CE,0.45,0.6,0.4,0.4,0.4,13,90.54,132000,-7200,17-Apr-17
OPTSTK,AXISBANK,27-Apr-17,590,CE,0,0,0,0.5,0,0,0,27600,0,17-Apr-17
OPTSTK,AXISBANK,27-Apr-17,600,CE,0.5,0.5,0.15,0.2,0.2,13,93.63,184800,-1200,17-Apr-17
OPTSTK,AXISBANK,27-Apr-17,610,CE,0,0,0,0.25,0,0,0,1200,0,17-Apr-17
OPTSTK,AXISBANK,27-Apr-17,620,CE,0,0,0,5.45,0,0,0,0,0,17-Apr-17
OPTSTK,AXISBANK,27-Apr-17,630,CE,0,0,0,0.5,0,0,0,1200,0,17-Apr-17
OPTSTK,AXISBANK,27-Apr-17,640,CE,0,0,0,4,0,0,0,0,0,17-Apr-17
OPTSTK,AXISBANK,27-Apr-17,330,PE,0,0,0,1.7,0,0,0,0,0,17-Apr-17
OPTSTK,AXISBANK,27-Apr-17,340,PE,0,0,0,2.35,0,0,0,0,0,17-Apr-17
OPTSTK,AXISBANK,27-Apr-17,350,PE,0,0,0,3.25,0,0,0,0,0,17-Apr-17
OPTSTK,AXISBANK,27-Apr-17,360,PE,0,0,0,4.35,0,0,0,0,0,17-Apr-17
OPTSTK,AXISBANK,27-Apr-17,370,PE,0,0,0,5.7,0,0,0,0,0,17-Apr-17
OPTSTK,AXISBANK,27-Apr-17,380,PE,0,0,0,7.4,0,0,0,0,0,17-Apr-17
OPTSTK,AXISBANK,27-Apr-17,390,PE,0,0,0,9.35,0,0,0,0,0,17-Apr-17
OPTSTK,AXISBANK,27-Apr-17,400,PE,0.05,0.05,0.05,0.05,0.05,1,4.8,28800,-1200,17-Apr-17
OPTSTK,AXISBANK,27-Apr-17,410,PE,0,0,0,0.25,0,0,0,2400,0,17-Apr-17
OPTSTK,AXISBANK,27-Apr-17,420,PE,0,0,0,0.35,0,0,0,0,0,17-Apr-17
OPTSTK,AXISBANK,27-Apr-17,430,PE,0.3,0.35,0.3,0.35,0.35,8,41.31,8400,2400,17-Apr-17
OPTSTK,AXISBANK,27-Apr-17,440,PE,0.45,0.5,0.4,0.4,0.4,40,211.42,154800,10800,17-Apr-17
OPTSTK,AXISBANK,27-Apr-17,450,PE,0.65,0.8,0.6,0.65,0.65,36,194.68,241200,9600,17-Apr-17
OPTSTK,AXISBANK,27-Apr-17,460,PE,1.15,1.5,1.1,1.15,1.15,118,653.12,390000,19200,17-Apr-17
OPTSTK,AXISBANK,27-Apr-17,470,PE,2.3,2.65,2,2.25,2.25,259,1467.83,518400,27600,17-Apr-17
OPTSTK,AXISBANK,27-Apr-17,480,PE,3.8,4.65,3.55,4.05,4.05,461,2677.28,637200,36000,17-Apr-17
OPTSTK,AXISBANK,27-Apr-17,490,PE,6.3,7.7,6,6.95,6.95,1002,5972.25,602400,32400,17-Apr-17
OPTSTK,AXISBANK,27-Apr-17,500,PE,9.95,11.9,9.4,10.75,10.75,1725,10564.7,1184400,-36000,17-Apr-17
OPTSTK,AXISBANK,27-Apr-17,510,PE,14.55,17.1,14.15,15.95,15.95,303,1910.81,358800,-90000,17-Apr-17
OPTSTK,AXISBANK,27-Apr-17,520,PE,20.5,23.6,20.25,22.6,22.6,19,123.37,166800,-7200,17-Apr-17
OPTSTK,AXISBANK,27-Apr-17,530,PE,28.55,29.6,28.5,29.6,29.6,3,20.11,36000,1200,17-Apr-17
OPTSTK,AXISBANK,27-Apr-17,540,PE,0,0,0,36.25,37.45,0,0,48000,0,17-Apr-17
OPTSTK,AXISBANK,27-Apr-17,550,PE,0,0,0,44,47,0,0,12000,0,17-Apr-17
OPTSTK,AXISBANK,27-Apr-17,560,PE,0,0,0,55,56.8,0,0,18000,0,17-Apr-17
OPTSTK,AXISBANK,27-Apr-17,570,PE,65.5,65.5,65.5,65.5,65.5,1,7.62,2400,0,17-Apr-17
OPTSTK,AXISBANK,27-Apr-17,580,PE,0,0,0,76.8,76.65,0,0,2400,0,17-Apr-17
OPTSTK,AXISBANK,27-Apr-17,590,PE,0,0,0,79,86.65,0,0,1200,0,17-Apr-17
OPTSTK,AXISBANK,27-Apr-17,600,PE,95.45,97.05,95.45,97.05,97.05,24,200.61,31200,-6000,17-Apr-17
OPTSTK,AXISBANK,27-Apr-17,610,PE,0,0,0,112.25,106.6,0,0,1200,0,17-Apr-17
OPTSTK,AXISBANK,27-Apr-17,620,PE,0,0,0,118,116.6,0,0,2400,0,17-Apr-17
OPTSTK,AXISBANK,27-Apr-17,630,PE,0,0,0,127.3,126.55,0,0,7200,0,17-Apr-17
OPTSTK,AXISBANK,27-Apr-17,640,PE,0,0,0,169.95,136.55,0,0,0,0,17-Apr-17
OPTSTK,AXISBANK,25-May-17,330,CE,0,0,0,203.5,174.6,0,0,0,0,17-Apr-17
OPTSTK,AXISBANK,25-May-17,340,CE,0,0,0,193.75,164.65,0,0,0,0,17-Apr-17
OPTSTK,AXISBANK,25-May-17,350,CE,0,0,0,184.1,154.75,0,0,0,0,17-Apr-17
OPTSTK,AXISBANK,25-May-17,360,CE,0,0,0,174.45,144.8,0,0,0,0,17-Apr-17
OPTSTK,AXISBANK,25-May-17,370,CE,0,0,0,164.9,134.85,0,0,0,0,17-Apr-17
OPTSTK,AXISBANK,25-May-17,380,CE,0,0,0,155.45,124.95,0,0,0,0,17-Apr-17
OPTSTK,AXISBANK,25-May-17,390,CE,0,0,0,146.15,115.05,0,0,0,0,17-Apr-17
OPTSTK,AXISBANK,25-May-17,400,CE,105,105,105,105,105,1,6.06,1200,1200,17-Apr-17
OPTSTK,AXISBANK,25-May-17,410,CE,0,0,0,128.05,95.3,0,0,0,0,17-Apr-17
OPTSTK,AXISBANK,25-May-17,420,CE,0,0,0,119.3,85.55,0,0,0,0,17-Apr-17
OPTSTK,AXISBANK,25-May-17,430,CE,0,0,0,110.8,75.9,0,0,0,0,17-Apr-17
OPTSTK,AXISBANK,25-May-17,440,CE,0,0,0,102.6,66.55,0,0,0,0,17-Apr-17
OPTSTK,AXISBANK,25-May-17,450,CE,0,0,0,94.65,57.5,0,0,0,0,17-Apr-17
OPTSTK,AXISBANK,25-May-17,460,CE,0,0,0,87.05,48.9,0,0,0,0,17-Apr-17
OPTSTK,AXISBANK,25-May-17,470,CE,0,0,0,79.8,40.85,0,0,0,0,17-Apr-17
OPTSTK,AXISBANK,25-May-17,480,CE,0,0,0,72.9,33.55,0,0,0,0,17-Apr-17
OPTSTK,AXISBANK,25-May-17,490,CE,0,0,0,24,27,0,0,112800,0,17-Apr-17
OPTSTK,AXISBANK,25-May-17,500,CE,24.5,24.5,21.25,21.25,21.25,6,37.66,43200,3600,17-Apr-17
OPTSTK,AXISBANK,25-May-17,510,CE,0,0,0,20.2,16.4,0,0,1200,0,17-Apr-17
OPTSTK,AXISBANK,25-May-17,520,CE,15.7,15.8,14,14,14,9,57.77,28800,8400,17-Apr-17
OPTSTK,AXISBANK,25-May-17,530,CE,11.6,11.6,10.25,10.3,10.3,20,129.8,262800,1200,17-Apr-17
OPTSTK,AXISBANK,25-May-17,540,CE,9,9,7.05,7.3,7.3,13,85.48,45600,8400,17-Apr-17
OPTSTK,AXISBANK,25-May-17,550,CE,0,0,0,35.3,4.7,0,0,0,0,17-Apr-17
OPTSTK,AXISBANK,25-May-17,560,CE,0,0,0,31.4,3.25,0,0,0,0,17-Apr-17
OPTSTK,AXISBANK,25-May-17,570,CE,0,0,0,27.9,2.2,0,0,0,0,17-Apr-17
OPTSTK,AXISBANK,25-May-17,580,CE,0,0,0,24.7,1.5,0,0,0,0,17-Apr-17
OPTSTK,AXISBANK,25-May-17,590,CE,0,0,0,21.8,0.95,0,0,0,0,17-Apr-17
OPTSTK,AXISBANK,25-May-17,600,CE,0,0,0,19.2,0.65,0,0,0,0,17-Apr-17
OPTSTK,AXISBANK,25-May-17,610,CE,0,0,0,16.85,0.4,0,0,0,0,17-Apr-17
OPTSTK,AXISBANK,25-May-17,620,CE,0,0,0,14.75,0.25,0,0,0,0,17-Apr-17
OPTSTK,AXISBANK,25-May-17,630,CE,0,0,0,12.9,0.15,0,0,0,0,17-Apr-17
OPTSTK,AXISBANK,25-May-17,640,CE,0,0,0,11.25,0.1,0,0,0,0,17-Apr-17
OPTSTK,AXISBANK,25-May-17,330,PE,0,0,0,0.2,0,0,0,0,0,17-Apr-17
OPTSTK,AXISBANK,25-May-17,340,PE,0,0,0,0.3,0,0,0,0,0,17-Apr-17
OPTSTK,AXISBANK,25-May-17,350,PE,0,0,0,0.45,0,0,0,0,0,17-Apr-17
OPTSTK,AXISBANK,25-May-17,360,PE,0,0,0,0.65,0,0,0,0,0,17-Apr-17
OPTSTK,AXISBANK,25-May-17,370,PE,0,0,0,0.95,0,0,0,0,0,17-Apr-17
OPTSTK,AXISBANK,25-May-17,380,PE,0,0,0,1.35,0.05,0,0,0,0,17-Apr-17
OPTSTK,AXISBANK,25-May-17,390,PE,0,0,0,1.9,0.05,0,0,0,0,17-Apr-17
OPTSTK,AXISBANK,25-May-17,400,PE,0,0,0,2.6,0.1,0,0,0,0,17-Apr-17
OPTSTK,AXISBANK,25-May-17,410,PE,0,0,0,3.5,0.2,0,0,0,0,17-Apr-17
OPTSTK,AXISBANK,25-May-17,420,PE,0,0,0,4.6,0.35,0,0,0,0,17-Apr-17
OPTSTK,AXISBANK,25-May-17,430,PE,0,0,0,5.9,0.65,0,0,0,0,17-Apr-17
OPTSTK,AXISBANK,25-May-17,440,PE,0,0,0,7.55,1.2,0,0,0,0,17-Apr-17
OPTSTK,AXISBANK,25-May-17,450,PE,0,0,0,9.45,2.1,0,0,0,0,17-Apr-17
OPTSTK,AXISBANK,25-May-17,460,PE,4.5,4.5,4.5,4.5,4.5,1,5.57,1200,1200,17-Apr-17
OPTSTK,AXISBANK,25-May-17,470,PE,0,0,0,8.6,5.35,0,0,4800,0,17-Apr-17
OPTSTK,AXISBANK,25-May-17,480,PE,8.15,9,8.15,8.6,8.6,16,93.78,15600,15600,17-Apr-17
OPTSTK,AXISBANK,25-May-17,490,PE,13.25,13.25,11.55,11.9,11.9,12,72.29,15600,13200,17-Apr-17
OPTSTK,AXISBANK,25-May-17,500,PE,15.85,16.75,14.25,15.55,15.55,26,160.7,74400,13200,17-Apr-17
OPTSTK,AXISBANK,25-May-17,510,PE,0,0,0,28.3,20.6,0,0,0,0,17-Apr-17
OPTSTK,AXISBANK,25-May-17,520,PE,25.75,25.75,25.75,25.75,25.75,2,13.09,3600,2400,17-Apr-17
OPTSTK,AXISBANK,25-May-17,530,PE,32.75,32.75,32.75,32.75,32.75,2,13.5,2400,2400,17-Apr-17
OPTSTK,AXISBANK,25-May-17,540,PE,0,0,0,42.9,40.65,0,0,0,0,17-Apr-17
OPTSTK,AXISBANK,25-May-17,550,PE,0,0,0,48.5,48.65,0,0,0,0,17-Apr-17
OPTSTK,AXISBANK,25-May-17,560,PE,0,0,0,54.45,57.15,0,0,0,0,17-Apr-17
OPTSTK,AXISBANK,25-May-17,570,PE,64.75,64.75,64.75,64.75,64.75,1,7.61,1200,1200,17-Apr-17
OPTSTK,AXISBANK,25-May-17,580,PE,0,0,0,67.45,75.2,0,0,0,0,17-Apr-17
OPTSTK,AXISBANK,25-May-17,590,PE,0,0,0,74.35,84.65,0,0,0,0,17-Apr-17
OPTSTK,AXISBANK,25-May-17,600,PE,0,0,0,81.65,94.25,0,0,0,0,17-Apr-17
OPTSTK,AXISBANK,25-May-17,610,PE,0,0,0,89.15,103.95,0,0,0,0,17-Apr-17
OPTSTK,AXISBANK,25-May-17,620,PE,0,0,0,96.9,113.7,0,0,0,0,17-Apr-17
OPTSTK,AXISBANK,25-May-17,630,PE,0,0,0,104.85,123.55,0,0,0,0,17-Apr-17
OPTSTK,AXISBANK,25-May-17,640,PE,0,0,0,113.05,133.45,0,0,0,0,17-Apr-17
OPTSTK,AXISBANK,29-Jun-17,330,CE,0,0,0,174.8,176.65,0,0,0,0,17-Apr-17
OPTSTK,AXISBANK,29-Jun-17,340,CE,0,0,0,165,166.75,0,0,0,0,17-Apr-17
OPTSTK,AXISBANK,29-Jun-17,350,CE,0,0,0,155.25,156.9,0,0,0,0,17-Apr-17
OPTSTK,AXISBANK,29-Jun-17,360,CE,0,0,0,145.55,147.05,0,0,0,0,17-Apr-17
OPTSTK,AXISBANK,29-Jun-17,370,CE,0,0,0,135.95,137.25,0,0,0,0,17-Apr-17
OPTSTK,AXISBANK,29-Jun-17,380,CE,0,0,0,126.45,127.5,0,0,0,0,17-Apr-17
OPTSTK,AXISBANK,29-Jun-17,390,CE,0,0,0,117.1,117.75,0,0,0,0,17-Apr-17
OPTSTK,AXISBANK,29-Jun-17,400,CE,0,0,0,107.9,108.15,0,0,0,0,17-Apr-17
OPTSTK,AXISBANK,29-Jun-17,410,CE,0,0,0,98.95,98.7,0,0,0,0,17-Apr-17
OPTSTK,AXISBANK,29-Jun-17,420,CE,0,0,0,90.3,89.45,0,0,0,0,17-Apr-17
OPTSTK,AXISBANK,29-Jun-17,430,CE,0,0,0,81.95,80.45,0,0,0,0,17-Apr-17
OPTSTK,AXISBANK,29-Jun-17,440,CE,0,0,0,73.9,71.75,0,0,0,0,17-Apr-17
OPTSTK,AXISBANK,29-Jun-17,450,CE,0,0,0,66.3,63.5,0,0,0,0,17-Apr-17
OPTSTK,AXISBANK,29-Jun-17,460,CE,0,0,0,59.15,55.65,0,0,0,0,17-Apr-17
OPTSTK,AXISBANK,29-Jun-17,470,CE,0,0,0,52.45,48.35,0,0,0,0,17-Apr-17
OPTSTK,AXISBANK,29-Jun-17,480,CE,0,0,0,46.2,41.55,0,0,0,0,17-Apr-17
OPTSTK,AXISBANK,29-Jun-17,490,CE,0,0,0,40.5,35.4,0,0,0,0,17-Apr-17
OPTSTK,AXISBANK,29-Jun-17,500,CE,0,0,0,35.25,29.85,0,0,0,0,17-Apr-17
OPTSTK,AXISBANK,29-Jun-17,510,CE,0,0,0,30.5,24.95,0,0,0,0,17-Apr-17
OPTSTK,AXISBANK,29-Jun-17,520,CE,0,0,0,26.25,20.6,0,0,0,0,17-Apr-17
OPTSTK,AXISBANK,29-Jun-17,530,CE,0,0,0,22.45,16.85,0,0,0,0,17-Apr-17
OPTSTK,AXISBANK,29-Jun-17,540,CE,0,0,0,19.1,13.7,0,0,0,0,17-Apr-17
OPTSTK,AXISBANK,29-Jun-17,550,CE,0,0,0,16.15,11,0,0,0,0,17-Apr-17
OPTSTK,AXISBANK,29-Jun-17,560,CE,0,0,0,13.65,8.75,0,0,0,0,17-Apr-17
OPTSTK,AXISBANK,29-Jun-17,570,CE,0,0,0,11.4,6.9,0,0,0,0,17-Apr-17
OPTSTK,AXISBANK,29-Jun-17,580,CE,0,0,0,9.5,5.4,0,0,0,0,17-Apr-17
OPTSTK,AXISBANK,29-Jun-17,590,CE,0,0,0,7.9,4.15,0,0,0,0,17-Apr-17
OPTSTK,AXISBANK,29-Jun-17,600,CE,0,0,0,6.5,3.2,0,0,0,0,17-Apr-17
OPTSTK,AXISBANK,29-Jun-17,610,CE,0,0,0,5.35,2.45,0,0,0,0,17-Apr-17
OPTSTK,AXISBANK,29-Jun-17,620,CE,0,0,0,4.35,1.85,0,0,0,0,17-Apr-17
OPTSTK,AXISBANK,29-Jun-17,630,CE,0,0,0,3.55,1.4,0,0,0,0,17-Apr-17
OPTSTK,AXISBANK,29-Jun-17,640,CE,0,0,0,2.9,1.05,0,0,0,0,17-Apr-17
OPTSTK,AXISBANK,29-Jun-17,330,PE,0,0,0,0.1,0,0,0,0,0,17-Apr-17
OPTSTK,AXISBANK,29-Jun-17,340,PE,0,0,0,0.15,0.05,0,0,0,0,17-Apr-17
OPTSTK,AXISBANK,29-Jun-17,350,PE,0,0,0,0.25,0.05,0,0,0,0,17-Apr-17
OPTSTK,AXISBANK,29-Jun-17,360,PE,0,0,0,0.4,0.05,0,0,0,0,17-Apr-17
OPTSTK,AXISBANK,29-Jun-17,370,PE,0,0,0,0.6,0.15,0,0,0,0,17-Apr-17
OPTSTK,AXISBANK,29-Jun-17,380,PE,0,0,0,0.95,0.2,0,0,0,0,17-Apr-17
OPTSTK,AXISBANK,29-Jun-17,390,PE,0,0,0,1.4,0.4,0,0,0,0,17-Apr-17
OPTSTK,AXISBANK,29-Jun-17,400,PE,0,0,0,2.1,0.65,0,0,0,0,17-Apr-17
OPTSTK,AXISBANK,29-Jun-17,410,PE,0,0,0,2.95,1.05,0,0,0,0,17-Apr-17
OPTSTK,AXISBANK,29-Jun-17,420,PE,0,0,0,4.1,1.65,0,0,0,0,17-Apr-17
OPTSTK,AXISBANK,29-Jun-17,430,PE,0,0,0,5.6,2.55,0,0,0,0,17-Apr-17
OPTSTK,AXISBANK,29-Jun-17,440,PE,0,0,0,7.4,3.75,0,0,0,0,17-Apr-17
OPTSTK,AXISBANK,29-Jun-17,450,PE,0,0,0,9.65,5.3,0,0,0,0,17-Apr-17
OPTSTK,AXISBANK,29-Jun-17,460,PE,0,0,0,12.3,7.35,0,0,0,0,17-Apr-17
OPTSTK,AXISBANK,29-Jun-17,470,PE,0,0,0,15.4,9.9,0,0,0,0,17-Apr-17
OPTSTK,AXISBANK,29-Jun-17,480,PE,0,0,0,19.05,13,0,0,0,0,17-Apr-17
OPTSTK,AXISBANK,29-Jun-17,490,PE,0,0,0,23.15,16.75,0,0,0,0,17-Apr-17
OPTSTK,AXISBANK,29-Jun-17,500,PE,0,0,0,27.75,21.05,0,0,0,0,17-Apr-17
OPTSTK,AXISBANK,29-Jun-17,510,PE,0,0,0,32.85,26,0,0,0,0,17-Apr-17
OPTSTK,AXISBANK,29-Jun-17,520,PE,0,0,0,38.45,31.55,0,0,0,0,17-Apr-17
OPTSTK,AXISBANK,29-Jun-17,530,PE,0,0,0,44.45,37.7,0,0,0,0,17-Apr-17
OPTSTK,AXISBANK,29-Jun-17,540,PE,0,0,0,50.95,44.35,0,0,0,0,17-Apr-17
OPTSTK,AXISBANK,29-Jun-17,550,PE,0,0,0,57.85,51.55,0,0,0,0,17-Apr-17
OPTSTK,AXISBANK,29-Jun-17,560,PE,0,0,0,65.15,59.15,0,0,0,0,17-Apr-17
OPTSTK,AXISBANK,29-Jun-17,570,PE,0,0,0,72.75,67.2,0,0,0,0,17-Apr-17
OPTSTK,AXISBANK,29-Jun-17,580,PE,0,0,0,80.7,75.55,0,0,0,0,17-Apr-17
OPTSTK,AXISBANK,29-Jun-17,590,PE,0,0,0,88.9,84.2,0,0,0,0,17-Apr-17
OPTSTK,AXISBANK,29-Jun-17,600,PE,0,0,0,97.35,93.1,0,0,0,0,17-Apr-17
OPTSTK,AXISBANK,29-Jun-17,610,PE,0,0,0,106,102.2,0,0,0,0,17-Apr-17
OPTSTK,AXISBANK,29-Jun-17,620,PE,0,0,0,114.9,111.5,0,0,0,0,17-Apr-17
OPTSTK,AXISBANK,29-Jun-17,630,PE,0,0,0,123.9,120.9,0,0,0,0,17-Apr-17
OPTSTK,AXISBANK,29-Jun-17,640,PE,0,0,0,133.05,130.4,0,0,0,0,17-Apr-17
OPTSTK,BAJAJ-AUTO,27-Apr-17,1850,CE,0,0,0,1030.05,1005.4,0,0,0,0,17-Apr-17
OPTSTK,BAJAJ-AUTO,27-Apr-17,1900,CE,0,0,0,980.9,955.5,0,0,0,0,17-Apr-17
OPTSTK,BAJAJ-AUTO,27-Apr-17,1950,CE,0,0,0,931.75,905.55,0,0,0,0,17-Apr-17
OPTSTK,BAJAJ-AUTO,27-Apr-17,2000,CE,0,0,0,882.7,855.65,0,0,0,0,17-Apr-17
OPTSTK,BAJAJ-AUTO,27-Apr-17,2050,CE,0,0,0,833.65,805.75,0,0,0,0,17-Apr-17
OPTSTK,BAJAJ-AUTO,27-Apr-17,2100,CE,0,0,0,784.8,755.85,0,0,0,0,17-Apr-17
OPTSTK,BAJAJ-AUTO,27-Apr-17,2150,CE,0,0,0,736.05,705.9,0,0,0,0,17-Apr-17
OPTSTK,BAJAJ-AUTO,27-Apr-17,2200,CE,0,0,0,687.65,656,0,0,0,0,17-Apr-17
OPTSTK,BAJAJ-AUTO,27-Apr-17,2250,CE,0,0,0,639.65,606.1,0,0,0,0,17-Apr-17
OPTSTK,BAJAJ-AUTO,27-Apr-17,2300,CE,0,0,0,592.2,556.15,0,0,0,0,17-Apr-17
OPTSTK,BAJAJ-AUTO,27-Apr-17,2350,CE,0,0,0,545.5,506.25,0,0,0,0,17-Apr-17
OPTSTK,BAJAJ-AUTO,27-Apr-17,2400,CE,0,0,0,499.75,456.35,0,0,0,0,17-Apr-17
OPTSTK,BAJAJ-AUTO,27-Apr-17,2450,CE,0,0,0,363.5,406.45,0,0,1000,0,17-Apr-17
OPTSTK,BAJAJ-AUTO,27-Apr-17,2500,CE,0,0,0,314.45,356.5,0,0,1000,0,17-Apr-17
OPTSTK,BAJAJ-AUTO,27-Apr-17,2550,CE,0,0,0,266.1,306.6,0,0,250,0,17-Apr-17
OPTSTK,BAJAJ-AUTO,27-Apr-17,2600,CE,0,0,0,252,256.7,0,0,250,0,17-Apr-17
OPTSTK,BAJAJ-AUTO,27-Apr-17,2650,CE,0,0,0,225,206.85,0,0,250,0,17-Apr-17
OPTSTK,BAJAJ-AUTO,27-Apr-17,2700,CE,0,0,0,138.45,157.35,0,0,1000,0,17-Apr-17
OPTSTK,BAJAJ-AUTO,27-Apr-17,2750,CE,0,0,0,120,109.5,0,0,1000,0,17-Apr-17
OPTSTK,BAJAJ-AUTO,27-Apr-17,2800,CE,60,79,60,77.8,77.8,7,50.26,10250,-750,17-Apr-17
OPTSTK,BAJAJ-AUTO,27-Apr-17,2850,CE,47.9,54,36,47.5,47.5,85,615.54,32750,-1250,17-Apr-17
OPTSTK,BAJAJ-AUTO,27-Apr-17,2900,CE,28,32.2,19.35,28.5,28.5,194,1419.88,63750,5250,17-Apr-17
OPTSTK,BAJAJ-AUTO,27-Apr-17,2950,CE,14.65,17,10,14.15,14.15,22,163.02,22750,1000,17-Apr-17
OPTSTK,BAJAJ-AUTO,27-Apr-17,3000,CE,8.5,9,6.2,6.65,6.65,23,172.91,37250,-1000,17-Apr-17
OPTSTK,BAJAJ-AUTO,27-Apr-17,3050,CE,0,0,0,4.35,0.2,0,0,2000,0,17-Apr-17
OPTSTK,BAJAJ-AUTO,27-Apr-17,3100,CE,0,0,0,1.45,0.05,0,0,2750,0,17-Apr-17
OPTSTK,BAJAJ-AUTO,27-Apr-17,3150,CE,0,0,0,59.55,0,0,0,0,0,17-Apr-17
OPTSTK,BAJAJ-AUTO,27-Apr-17,3200,CE,0,0,0,48.7,0,0,0,0,0,17-Apr-17
OPTSTK,BAJAJ-AUTO,27-Apr-17,3250,CE,0,0,0,39.6,0,0,0,0,0,17-Apr-17
OPTSTK,BAJAJ-AUTO,27-Apr-17,3300,CE,0,0,0,32,0,0,0,0,0,17-Apr-17
OPTSTK,BAJAJ-AUTO,27-Apr-17,3350,CE,0,0,0,25.65,0,0,0,0,0,17-Apr-17
OPTSTK,BAJAJ-AUTO,27-Apr-17,3400,CE,0,0,0,3,0,0,0,250,0,17-Apr-17
OPTSTK,BAJAJ-AUTO,27-Apr-17,3450,CE,0,0,0,16.2,0,0,0,0,0,17-Apr-17
OPTSTK,BAJAJ-AUTO,27-Apr-17,3500,CE,0,0,0,12.75,0,0,0,0,0,17-Apr-17
OPTSTK,BAJAJ-AUTO,27-Apr-17,3550,CE,0,0,0,9.95,0,0,0,0,0,17-Apr-17
OPTSTK,BAJAJ-AUTO,27-Apr-17,3600,CE,0,0,0,7.75,0,0,0,0,0,17-Apr-17
OPTSTK,BAJAJ-AUTO,27-Apr-17,1850,PE,0,0,0,0.05,0,0,0,0,0,17-Apr-17
OPTSTK,BAJAJ-AUTO,27-Apr-17,1900,PE,0,0,0,0.05,0,0,0,0,0,17-Apr-17
OPTSTK,BAJAJ-AUTO,27-Apr-17,1950,PE,0,0,0,0.1,0,0,0,0,0,17-Apr-17
OPTSTK,BAJAJ-AUTO,27-Apr-17,2000,PE,0,0,0,0.2,0,0,0,0,0,17-Apr-17
OPTSTK,BAJAJ-AUTO,27-Apr-17,2050,PE,0,0,0,0.35,0,0,0,0,0,17-Apr-17
OPTSTK,BAJAJ-AUTO,27-Apr-17,2100,PE,0,0,0,0.65,0,0,0,0,0,17-Apr-17
OPTSTK,BAJAJ-AUTO,27-Apr-17,2150,PE,0,0,0,1.1,0,0,0,0,0,17-Apr-17
OPTSTK,BAJAJ-AUTO,27-Apr-17,2200,PE,0,0,0,1.9,0,0,0,0,0,17-Apr-17
OPTSTK,BAJAJ-AUTO,27-Apr-17,2250,PE,0,0,0,3.05,0,0,0,0,0,17-Apr-17
OPTSTK,BAJAJ-AUTO,27-Apr-17,2300,PE,0,0,0,4.8,0,0,0,0,0,17-Apr-17
OPTSTK,BAJAJ-AUTO,27-Apr-17,2350,PE,0,0,0,7.25,0,0,0,0,0,17-Apr-17
OPTSTK,BAJAJ-AUTO,27-Apr-17,2400,PE,0,0,0,10.7,0,0,0,0,0,17-Apr-17
OPTSTK,BAJAJ-AUTO,27-Apr-17,2450,PE,0,0,0,15.35,0,0,0,0,0,17-Apr-17
OPTSTK,BAJAJ-AUTO,27-Apr-17,2500,PE,0,0,0,3.2,0,0,0,1750,0,17-Apr-17
OPTSTK,BAJAJ-AUTO,27-Apr-17,2550,PE,0,0,0,3,0,0,0,5750,0,17-Apr-17
OPTSTK,BAJAJ-AUTO,27-Apr-17,2600,PE,0,0,0,3.6,0,0,0,6500,0,17-Apr-17
OPTSTK,BAJAJ-AUTO,27-Apr-17,2650,PE,3.25,3.25,1.5,2.4,2.4,4,26.52,12250,-500,17-Apr-17
OPTSTK,BAJAJ-AUTO,27-Apr-17,2700,PE,5.05,5.2,3.7,4.55,4.55,11,74.38,23250,0,17-Apr-17
OPTSTK,BAJAJ-AUTO,27-Apr-17,2750,PE,15.5,15.5,11,11.2,11.2,6,41.43,8500,-500,17-Apr-17
OPTSTK,BAJAJ-AUTO,27-Apr-17,2800,PE,26,32.15,20.4,21.65,21.65,31,218.94,24750,1500,17-Apr-17
OPTSTK,BAJAJ-AUTO,27-Apr-17,2850,PE,49.45,57.5,39.1,42.3,42.3,18,130.48,10250,1250,17-Apr-17
OPTSTK,BAJAJ-AUTO,27-Apr-17,2900,PE,0,0,0,75.45,56.65,0,0,8250,0,17-Apr-17
OPTSTK,BAJAJ-AUTO,27-Apr-17,2950,PE,0,0,0,144.6,97.1,0,0,500,0,17-Apr-17
OPTSTK,BAJAJ-AUTO,27-Apr-17,3000,PE,0,0,0,193.5,143.7,0,0,750,0,17-Apr-17
OPTSTK,BAJAJ-AUTO,27-Apr-17,3050,PE,0,0,0,237.05,192.75,0,0,0,0,17-Apr-17
OPTSTK,BAJAJ-AUTO,27-Apr-17,3100,PE,0,0,0,284.2,242.5,0,0,500,0,17-Apr-17
OPTSTK,BAJAJ-AUTO,27-Apr-17,3150,PE,0,0,0,308.15,292.4,0,0,0,0,17-Apr-17
OPTSTK,BAJAJ-AUTO,27-Apr-17,3200,PE,0,0,0,346.5,342.3,0,0,0,0,17-Apr-17
OPTSTK,BAJAJ-AUTO,27-Apr-17,3250,PE,0,0,0,386.6,392.2,0,0,0,0,17-Apr-17
OPTSTK,BAJAJ-AUTO,27-Apr-17,3300,PE,0,0,0,428.15,442.1,0,0,0,0,17-Apr-17
OPTSTK,BAJAJ-AUTO,27-Apr-17,3350,PE,0,0,0,471,492.05,0,0,0,0,17-Apr-17
OPTSTK,BAJAJ-AUTO,27-Apr-17,3400,PE,0,0,0,515,541.95,0,0,0,0,17-Apr-17
OPTSTK,BAJAJ-AUTO,27-Apr-17,3450,PE,0,0,0,559.9,591.85,0,0,0,0,17-Apr-17
OPTSTK,BAJAJ-AUTO,27-Apr-17,3500,PE,0,0,0,605.65,641.8,0,0,0,0,17-Apr-17
OPTSTK,BAJAJ-AUTO,27-Apr-17,3550,PE,0,0,0,652.05,691.7,0,0,0,0,17-Apr-17
OPTSTK,BAJAJ-AUTO,27-Apr-17,3600,PE,0,0,0,699,741.6,0,0,0,0,17-Apr-17
OPTSTK,BAJAJ-AUTO,25-May-17,1850,CE,0,0,0,993.15,1014.65,0,0,0,0,17-Apr-17
OPTSTK,BAJAJ-AUTO,25-May-17,1900,CE,0,0,0,943.95,965,0,0,0,0,17-Apr-17
OPTSTK,BAJAJ-AUTO,25-May-17,1950,CE,0,0,0,894.7,915.3,0,0,0,0,17-Apr-17
OPTSTK,BAJAJ-AUTO,25-May-17,2000,CE,0,0,0,845.5,865.65,0,0,0,0,17-Apr-17
OPTSTK,BAJAJ-AUTO,25-May-17,2050,CE,0,0,0,796.3,816,0,0,0,0,17-Apr-17
OPTSTK,BAJAJ-AUTO,25-May-17,2100,CE,0,0,0,747.1,766.35,0,0,0,0,17-Apr-17
OPTSTK,BAJAJ-AUTO,25-May-17,2150,CE,0,0,0,697.85,716.65,0,0,0,0,17-Apr-17
OPTSTK,BAJAJ-AUTO,25-May-17,2200,CE,0,0,0,648.7,667,0,0,0,0,17-Apr-17
OPTSTK,BAJAJ-AUTO,25-May-17,2250,CE,0,0,0,599.55,617.35,0,0,0,0,17-Apr-17
OPTSTK,BAJAJ-AUTO,25-May-17,2300,CE,0,0,0,550.45,567.7,0,0,0,0,17-Apr-17
OPTSTK,BAJAJ-AUTO,25-May-17,2350,CE,0,0,0,501.6,518,0,0,0,0,17-Apr-17
OPTSTK,BAJAJ-AUTO,25-May-17,2400,CE,0,0,0,453,468.35,0,0,0,0,17-Apr-17
OPTSTK,BAJAJ-AUTO,25-May-17,2450,CE,0,0,0,405.05,418.75,0,0,0,0,17-Apr-17
OPTSTK,BAJAJ-AUTO,25-May-17,2500,CE,0,0,0,357.95,369.2,0,0,0,0,17-Apr-17
OPTSTK,BAJAJ-AUTO,25-May-17,2550,CE,0,0,0,312.2,319.9,0,0,0,0,17-Apr-17
OPTSTK,BAJAJ-AUTO,25-May-17,2600,CE,0,0,0,268.35,271.25,0,0,0,0,17-Apr-17
OPTSTK,BAJAJ-AUTO,25-May-17,2650,CE,0,0,0,226.95,223.85,0,0,0,0,17-Apr-17
OPTSTK,BAJAJ-AUTO,25-May-17,2700,CE,0,0,0,188.7,178.75,0,0,0,0,17-Apr-17
OPTSTK,BAJAJ-AUTO,25-May-17,2750,CE,0,0,0,153.8,137.25,0,0,0,0,17-Apr-17
OPTSTK,BAJAJ-AUTO,25-May-17,2800,CE,0,0,0,120,100.7,0,0,500,0,17-Apr-17
OPTSTK,BAJAJ-AUTO,25-May-17,2850,CE,0,0,0,96.25,70.3,0,0,0,0,17-Apr-17
OPTSTK,BAJAJ-AUTO,25-May-17,2900,CE,0,0,0,80,46.4,0,0,750,0,17-Apr-17
OPTSTK,BAJAJ-AUTO,25-May-17,2950,CE,0,0,0,55.35,28.9,0,0,0,0,17-Apr-17
OPTSTK,BAJAJ-AUTO,25-May-17,3000,CE,0,0,0,40.6,17,0,0,0,0,17-Apr-17
OPTSTK,BAJAJ-AUTO,25-May-17,3050,CE,0,0,0,29.2,9.35,0,0,0,0,17-Apr-17
OPTSTK,BAJAJ-AUTO,25-May-17,3100,CE,0,0,0,20.5,4.85,0,0,0,0,17-Apr-17
OPTSTK,BAJAJ-AUTO,25-May-17,3150,CE,0,0,0,14.1,2.35,0,0,0,0,17-Apr-17
OPTSTK,BAJAJ-AUTO,25-May-17,3200,CE,0,0,0,9.5,1.1,0,0,0,0,17-Apr-17
OPTSTK,BAJAJ-AUTO,25-May-17,3250,CE,0,0,0,6.25,0.5,0,0,0,0,17-Apr-17
OPTSTK,BAJAJ-AUTO,25-May-17,3300,CE,0,0,0,4,0.2,0,0,0,0,17-Apr-17
OPTSTK,BAJAJ-AUTO,25-May-17,3350,CE,0,0,0,2.55,0.1,0,0,0,0,17-Apr-17
OPTSTK,BAJAJ-AUTO,25-May-17,3400,CE,0,0,0,1.6,0.05,0,0,0,0,17-Apr-17
OPTSTK,BAJAJ-AUTO,25-May-17,3450,CE,0,0,0,0.95,0.05,0,0,0,0,17-Apr-17
OPTSTK,BAJAJ-AUTO,25-May-17,3500,CE,0,0,0,0.6,0,0,0,0,0,17-Apr-17
OPTSTK,BAJAJ-AUTO,25-May-17,3550,CE,0,0,0,0.35,0,0,0,0,0,17-Apr-17
OPTSTK,BAJAJ-AUTO,25-May-17,3600,CE,0,0,0,0.2,0,0,0,0,0,17-Apr-17
OPTSTK,BAJAJ-AUTO,25-May-17,1850,PE,0,0,0,0.05,0,0,0,0,0,17-Apr-17
OPTSTK,BAJAJ-AUTO,25-May-17,1900,PE,0,0,0,0.05,0,0,0,0,0,17-Apr-17
OPTSTK,BAJAJ-AUTO,25-May-17,1950,PE,0,0,0,0.05,0,0,0,0,0,17-Apr-17
OPTSTK,BAJAJ-AUTO,25-May-17,2000,PE,0,0,0,0.05,0,0,0,0,0,17-Apr-17
OPTSTK,BAJAJ-AUTO,25-May-17,2050,PE,0,0,0,0.05,0,0,0,0,0,17-Apr-17
OPTSTK,BAJAJ-AUTO,25-May-17,2100,PE,0,0,0,0.05,0,0,0,0,0,17-Apr-17
OPTSTK,BAJAJ-AUTO,25-May-17,2150,PE,0,0,0,0.05,0,0,0,0,0,17-Apr-17
OPTSTK,BAJAJ-AUTO,25-May-17,2200,PE,0,0,0,0.05,0,0,0,0,0,17-Apr-17
OPTSTK,BAJAJ-AUTO,25-May-17,2250,PE,0,0,0,0.1,0,0,0,0,0,17-Apr-17
OPTSTK,BAJAJ-AUTO,25-May-17,2300,PE,0,0,0,0.25,0,0,0,0,0,17-Apr-17
OPTSTK,BAJAJ-AUTO,25-May-17,2350,PE,0,0,0,0.6,0,0,0,0,0,17-Apr-17
OPTSTK,BAJAJ-AUTO,25-May-17,2400,PE,0,0,0,1.25,0.05,0,0,0,0,17-Apr-17
OPTSTK,BAJAJ-AUTO,25-May-17,2450,PE,0,0,0,2.5,0.05,0,0,0,0,17-Apr-17
OPTSTK,BAJAJ-AUTO,25-May-17,2500,PE,0,0,0,4.6,0.2,0,0,0,0,17-Apr-17
OPTSTK,BAJAJ-AUTO,25-May-17,2550,PE,0,0,0,8.1,0.55,0,0,0,0,17-Apr-17
OPTSTK,BAJAJ-AUTO,25-May-17,2600,PE,0,0,0,13.45,1.55,0,0,0,0,17-Apr-17
OPTSTK,BAJAJ-AUTO,25-May-17,2650,PE,0,0,0,21.3,3.8,0,0,0,0,17-Apr-17
OPTSTK,BAJAJ-AUTO,25-May-17,2700,PE,30,30,30,30,30,2,13.65,2500,500,17-Apr-17
OPTSTK,BAJAJ-AUTO,25-May-17,2750,PE,0,0,0,46.55,16.55,0,0,0,0,17-Apr-17
OPTSTK,BAJAJ-AUTO,25-May-17,2800,PE,59.9,60,59.9,60,60,3,21.44,1750,750,17-Apr-17
OPTSTK,BAJAJ-AUTO,25-May-17,2850,PE,0,0,0,70,48.9,0,0,250,0,17-Apr-17
OPTSTK,BAJAJ-AUTO,25-May-17,2900,PE,0,0,0,114.2,74.7,0,0,0,0,17-Apr-17
OPTSTK,BAJAJ-AUTO,25-May-17,2950,PE,0,0,0,144.95,106.85,0,0,0,0,17-Apr-17
OPTSTK,BAJAJ-AUTO,25-May-17,3000,PE,0,0,0,179.45,144.6,0,0,0,0,17-Apr-17
OPTSTK,BAJAJ-AUTO,25-May-17,3050,PE,0,0,0,217.25,186.65,0,0,0,0,17-Apr-17
OPTSTK,BAJAJ-AUTO,25-May-17,3100,PE,0,0,0,257.75,231.8,0,0,0,0,17-Apr-17
OPTSTK,BAJAJ-AUTO,25-May-17,3150,PE,0,0,0,300.55,278.95,0,0,0,0,17-Apr-17
OPTSTK,BAJAJ-AUTO,25-May-17,3200,PE,0,0,0,345.15,327.35,0,0,0,0,17-Apr-17
OPTSTK,BAJAJ-AUTO,25-May-17,3250,PE,0,0,0,391.15,376.4,0,0,0,0,17-Apr-17
OPTSTK,BAJAJ-AUTO,25-May-17,3300,PE,0,0,0,438.15,425.8,0,0,0,0,17-Apr-17
OPTSTK,BAJAJ-AUTO,25-May-17,3350,PE,0,0,0,485.9,475.35,0,0,0,0,17-Apr-17
OPTSTK,BAJAJ-AUTO,25-May-17,3400,PE,0,0,0,534.15,524.95,0,0,0,0,17-Apr-17
OPTSTK,BAJAJ-AUTO,25-May-17,3450,PE,0,0,0,582.75,574.6,0,0,0,0,17-Apr-17
OPTSTK,BAJAJ-AUTO,25-May-17,3500,PE,0,0,0,631.55,624.25,0,0,0,0,17-Apr-17
OPTSTK,BAJAJ-AUTO,25-May-17,3550,PE,0,0,0,680.55,673.95,0,0,0,0,17-Apr-17
OPTSTK,BAJAJ-AUTO,25-May-17,3600,PE,0,0,0,729.6,723.6,0,0,0,0,17-Apr-17
OPTSTK,BAJAJ-AUTO,29-Jun-17,1850,CE,0,0,0,1003.4,1026.05,0,0,0,0,17-Apr-17
OPTSTK,BAJAJ-AUTO,29-Jun-17,1900,CE,0,0,0,954.2,976.7,0,0,0,0,17-Apr-17
OPTSTK,BAJAJ-AUTO,29-Jun-17,1950,CE,0,0,0,905.05,927.35,0,0,0,0,17-Apr-17
OPTSTK,BAJAJ-AUTO,29-Jun-17,2000,CE,0,0,0,855.85,878,0,0,0,0,17-Apr-17
OPTSTK,BAJAJ-AUTO,29-Jun-17,2050,CE,0,0,0,806.7,828.65,0,0,0,0,17-Apr-17
OPTSTK,BAJAJ-AUTO,29-Jun-17,2100,CE,0,0,0,757.5,779.3,0,0,0,0,17-Apr-17
OPTSTK,BAJAJ-AUTO,29-Jun-17,2150,CE,0,0,0,708.35,729.95,0,0,0,0,17-Apr-17
OPTSTK,BAJAJ-AUTO,29-Jun-17,2200,CE,0,0,0,659.25,680.6,0,0,0,0,17-Apr-17
OPTSTK,BAJAJ-AUTO,29-Jun-17,2250,CE,0,0,0,610.2,631.25,0,0,0,0,17-Apr-17
OPTSTK,BAJAJ-AUTO,29-Jun-17,2300,CE,0,0,0,561.25,581.9,0,0,0,0,17-Apr-17
OPTSTK,BAJAJ-AUTO,29-Jun-17,2350,CE,0,0,0,512.6,532.65,0,0,0,0,17-Apr-17
OPTSTK,BAJAJ-AUTO,29-Jun-17,2400,CE,0,0,0,464.35,483.45,0,0,0,0,17-Apr-17
OPTSTK,BAJAJ-AUTO,29-Jun-17,2450,CE,0,0,0,416.75,434.55,0,0,0,0,17-Apr-17
OPTSTK,BAJAJ-AUTO,29-Jun-17,2500,CE,0,0,0,370.15,386.05,0,0,0,0,17-Apr-17
OPTSTK,BAJAJ-AUTO,29-Jun-17,2550,CE,0,0,0,325,338.35,0,0,0,0,17-Apr-17
OPTSTK,BAJAJ-AUTO,29-Jun-17,2600,CE,0,0,0,281.7,292,0,0,0,0,17-Apr-17
OPTSTK,BAJAJ-AUTO,29-Jun-17,2650,CE,0,0,0,240.85,247.5,0,0,0,0,17-Apr-17
OPTSTK,BAJAJ-AUTO,29-Jun-17,2700,CE,0,0,0,202.95,205.6,0,0,0,0,17-Apr-17
OPTSTK,BAJAJ-AUTO,29-Jun-17,2750,CE,0,0,0,168.1,167.15,0,0,0,0,17-Apr-17
OPTSTK,BAJAJ-AUTO,29-Jun-17,2800,CE,0,0,0,137.05,132.5,0,0,0,0,17-Apr-17
OPTSTK,BAJAJ-AUTO,29-Jun-17,2850,CE,0,0,0,109.85,102.45,0,0,0,0,17-Apr-17
OPTSTK,BAJAJ-AUTO,29-Jun-17,2900,CE,0,0,0,86.5,77.1,0,0,0,0,17-Apr-17
OPTSTK,BAJAJ-AUTO,29-Jun-17,2950,CE,0,0,0,74.2,56.4,0,0,250,0,17-Apr-17
OPTSTK,BAJAJ-AUTO,29-Jun-17,3000,CE,0,0,0,50.8,40.1,0,0,0,0,17-Apr-17
OPTSTK,BAJAJ-AUTO,29-Jun-17,3050,CE,0,0,0,38.05,27.75,0,0,0,0,17-Apr-17
OPTSTK,BAJAJ-AUTO,29-Jun-17,3100,CE,0,0,0,27.8,18.65,0,0,0,0,17-Apr-17
OPTSTK,BAJAJ-AUTO,29-Jun-17,3150,CE,0,0,0,20,12.15,0,0,0,0,17-Apr-17
OPTSTK,BAJAJ-AUTO,29-Jun-17,3200,CE,0,0,0,14.15,7.7,0,0,0,0,17-Apr-17
OPTSTK,BAJAJ-AUTO,29-Jun-17,3250,CE,0,0,0,9.85,4.75,0,0,0,0,17-Apr-17
OPTSTK,BAJAJ-AUTO,29-Jun-17,3300,CE,0,0,0,6.7,2.85,0,0,0,0,17-Apr-17
OPTSTK,BAJAJ-AUTO,29-Jun-17,3350,CE,0,0,0,4.5,1.65,0,0,0,0,17-Apr-17
OPTSTK,BAJAJ-AUTO,29-Jun-17,3400,CE,0,0,0,3,0.95,0,0,0,0,17-Apr-17
OPTSTK,BAJAJ-AUTO,29-Jun-17,3450,CE,0,0,0,1.95,0.55,0,0,0,0,17-Apr-17
OPTSTK,BAJAJ-AUTO,29-Jun-17,3500,CE,0,0,0,1.25,0.3,0,0,0,0,17-Apr-17
OPTSTK,BAJAJ-AUTO,29-Jun-17,3550,CE,0,0,0,0.8,0.15,0,0,0,0,17-Apr-17
OPTSTK,BAJAJ-AUTO,29-Jun-17,3600,CE,0,0,0,0.5,0.1,0,0,0,0,17-Apr-17
OPTSTK,BAJAJ-AUTO,29-Jun-17,1850,PE,0,0,0,0.05,0,0,0,0,0,17-Apr-17
OPTSTK,BAJAJ-AUTO,29-Jun-17,1900,PE,0,0,0,0.05,0,0,0,0,0,17-Apr-17
OPTSTK,BAJAJ-AUTO,29-Jun-17,1950,PE,0,0,0,0.05,0,0,0,0,0,17-Apr-17
OPTSTK,BAJAJ-AUTO,29-Jun-17,2000,PE,0,0,0,0.05,0,0,0,0,0,17-Apr-17
OPTSTK,BAJAJ-AUTO,29-Jun-17,2050,PE,0,0,0,0.05,0,0,0,0,0,17-Apr-17
OPTSTK,BAJAJ-AUTO,29-Jun-17,2100,PE,0,0,0,0.05,0,0,0,0,0,17-Apr-17
OPTSTK,BAJAJ-AUTO,29-Jun-17,2150,PE,0,0,0,0.05,0,0,0,0,0,17-Apr-17
OPTSTK,BAJAJ-AUTO,29-Jun-17,2200,PE,0,0,0,0.1,0,0,0,0,0,17-Apr-17
OPTSTK,BAJAJ-AUTO,29-Jun-17,2250,PE,0,0,0,0.25,0.05,0,0,0,0,17-Apr-17
OPTSTK,BAJAJ-AUTO,29-Jun-17,2300,PE,0,0,0,0.5,0.05,0,0,0,0,17-Apr-17
OPTSTK,BAJAJ-AUTO,29-Jun-17,2350,PE,0,0,0,1,0.15,0,0,0,0,17-Apr-17
OPTSTK,BAJAJ-AUTO,29-Jun-17,2400,PE,0,0,0,1.9,0.3,0,0,0,0,17-Apr-17
OPTSTK,BAJAJ-AUTO,29-Jun-17,2450,PE,0,0,0,3.5,0.75,0,0,0,0,17-Apr-17
OPTSTK,BAJAJ-AUTO,29-Jun-17,2500,PE,0,0,0,6.1,1.6,0,0,0,0,17-Apr-17
OPTSTK,BAJAJ-AUTO,29-Jun-17,2550,PE,0,0,0,10.1,3.3,0,0,0,0,17-Apr-17
OPTSTK,BAJAJ-AUTO,29-Jun-17,2600,PE,0,0,0,16,6.25,0,0,0,0,17-Apr-17
OPTSTK,BAJAJ-AUTO,29-Jun-17,2650,PE,0,0,0,24.3,11.1,0,0,0,0,17-Apr-17
OPTSTK,BAJAJ-AUTO,29-Jun-17,2700,PE,0,0,0,35.55,18.55,0,0,0,0,17-Apr-17
OPTSTK,BAJAJ-AUTO,29-Jun-17,2750,PE,0,0,0,49.9,29.5,0,0,0,0,17-Apr-17
OPTSTK,BAJAJ-AUTO,29-Jun-17,2800,PE,0,0,0,68.05,44.15,0,0,0,0,17-Apr-17
OPTSTK,BAJAJ-AUTO,29-Jun-17,2850,PE,0,0,0,90,63.5,0,0,0,0,17-Apr-17
OPTSTK,BAJAJ-AUTO,29-Jun-17,2900,PE,0,0,0,115.8,87.5,0,0,0,0,17-Apr-17
OPTSTK,BAJAJ-AUTO,29-Jun-17,2950,PE,0,0,0,145.4,116.15,0,0,0,0,17-Apr-17
OPTSTK,BAJAJ-AUTO,29-Jun-17,3000,PE,0,0,0,178.5,149.2,0,0,0,0,17-Apr-17
OPTSTK,BAJAJ-AUTO,29-Jun-17,3050,PE,0,0,0,214.9,186.2,0,0,0,0,17-Apr-17
OPTSTK,BAJAJ-AUTO,29-Jun-17,3100,PE,0,0,0,253.8,226.45,0,0,0,0,17-Apr-17
OPTSTK,BAJAJ-AUTO,29-Jun-17,3150,PE,0,0,0,295.2,269.35,0,0,0,0,17-Apr-17
OPTSTK,BAJAJ-AUTO,29-Jun-17,3200,PE,0,0,0,338.5,314.25,0,0,0,0,17-Apr-17
OPTSTK,BAJAJ-AUTO,29-Jun-17,3250,PE,0,0,0,383.4,360.6,0,0,0,0,17-Apr-17
OPTSTK,BAJAJ-AUTO,29-Jun-17,3300,PE,0,0,0,429.45,408.05,0,0,0,0,17-Apr-17
OPTSTK,BAJAJ-AUTO,29-Jun-17,3350,PE,0,0,0,476.4,456.25,0,0,0,0,17-Apr-17
OPTSTK,BAJAJ-AUTO,29-Jun-17,3400,PE,0,0,0,524.05,504.9,0,0,0,0,17-Apr-17
OPTSTK,BAJAJ-AUTO,29-Jun-17,3450,PE,0,0,0,572.2,553.8,0,0,0,0,17-Apr-17
OPTSTK,BAJAJ-AUTO,29-Jun-17,3500,PE,0,0,0,620.7,602.95,0,0,0,0,17-Apr-17
OPTSTK,BAJAJ-AUTO,29-Jun-17,3550,PE,0,0,0,669.4,652.15,0,0,0,0,17-Apr-17
OPTSTK,BAJAJ-AUTO,29-Jun-17,3600,PE,0,0,0,718.3,701.45,0,0,0,0,17-Apr-17
OPTSTK,BAJFINANCE,27-Apr-17,500,CE,0,0,0,508.25,760.45,0,0,0,0,17-Apr-17
OPTSTK,BAJFINANCE,27-Apr-17,550,CE,0,0,0,459.5,710.55,0,0,0,0,17-Apr-17
OPTSTK,BAJFINANCE,27-Apr-17,600,CE,0,0,0,411.3,660.6,0,0,0,0,17-Apr-17
OPTSTK,BAJFINANCE,27-Apr-17,650,CE,0,0,0,364.2,610.7,0,0,0,0,17-Apr-17
OPTSTK,BAJFINANCE,27-Apr-17,700,CE,0,0,0,318.75,560.8,0,0,0,0,17-Apr-17
OPTSTK,BAJFINANCE,27-Apr-17,750,CE,0,0,0,275.6,510.9,0,0,0,0,17-Apr-17
OPTSTK,BAJFINANCE,27-Apr-17,800,CE,0,0,0,235.4,460.95,0,0,0,0,17-Apr-17
OPTSTK,BAJFINANCE,27-Apr-17,850,CE,0,0,0,198.6,411.05,0,0,0,0,17-Apr-17
OPTSTK,BAJFINANCE,27-Apr-17,900,CE,0,0,0,165.5,361.15,0,0,0,0,17-Apr-17
OPTSTK,BAJFINANCE,27-Apr-17,950,CE,0,0,0,136.4,311.2,0,0,0,0,17-Apr-17
OPTSTK,BAJFINANCE,27-Apr-17,1000,CE,0,0,0,111.25,261.3,0,0,0,0,17-Apr-17
OPTSTK,BAJFINANCE,27-Apr-17,1050,CE,0,0,0,137,211.4,0,0,1500,0,17-Apr-17
OPTSTK,BAJFINANCE,27-Apr-17,1100,CE,0,0,0,166.35,161.55,0,0,7500,0,17-Apr-17
OPTSTK,BAJFINANCE,27-Apr-17,1150,CE,125,125,123.9,123.9,123.9,3,19.11,20500,0,17-Apr-17
OPTSTK,BAJFINANCE,27-Apr-17,1200,CE,75,75,61,64.6,64.6,11,69.82,79500,-2500,17-Apr-17
OPTSTK,BAJFINANCE,27-Apr-17,1250,CE,40.45,44.5,27.05,34.25,34.25,156,1004.18,88000,7000,17-Apr-17
OPTSTK,BAJFINANCE,27-Apr-17,1300,CE,17.65,18.65,7.65,12.15,12.15,364,2392.53,142000,26500,17-Apr-17
OPTSTK,BAJFINANCE,27-Apr-17,1350,CE,7,7.1,4,4.6,4.6,122,826.85,49000,4500,17-Apr-17
OPTSTK,BAJFINANCE,27-Apr-17,1400,CE,3.55,3.55,2.9,2.9,2.9,5,35.08,19000,2000,17-Apr-17
OPTSTK,BAJFINANCE,27-Apr-17,1450,CE,0,0,0,0.4,0.05,0,0,500,0,17-Apr-17
OPTSTK,BAJFINANCE,27-Apr-17,1500,CE,0,0,0,9.45,0,0,0,0,0,17-Apr-17
OPTSTK,BAJFINANCE,27-Apr-17,500,PE,0,0,0,0.2,0,0,0,0,0,17-Apr-17
OPTSTK,BAJFINANCE,27-Apr-17,550,PE,0,0,0,0.6,0,0,0,0,0,17-Apr-17
OPTSTK,BAJFINANCE,27-Apr-17,600,PE,0,0,0,1.6,0,0,0,0,0,17-Apr-17
OPTSTK,BAJFINANCE,27-Apr-17,650,PE,0,0,0,3.7,0,0,0,0,0,17-Apr-17
OPTSTK,BAJFINANCE,27-Apr-17,700,PE,0,0,0,7.4,0,0,0,0,0,17-Apr-17
OPTSTK,BAJFINANCE,27-Apr-17,750,PE,0,0,0,13.45,0,0,0,0,0,17-Apr-17
OPTSTK,BAJFINANCE,27-Apr-17,800,PE,0,0,0,22.4,0,0,0,0,0,17-Apr-17
OPTSTK,BAJFINANCE,27-Apr-17,850,PE,0,0,0,34.8,0,0,0,0,0,17-Apr-17
OPTSTK,BAJFINANCE,27-Apr-17,900,PE,0,0,0,50.9,0,0,0,0,0,17-Apr-17
OPTSTK,BAJFINANCE,27-Apr-17,950,PE,0,0,0,71,0,0,0,0,0,17-Apr-17
OPTSTK,BAJFINANCE,27-Apr-17,1000,PE,0,0,0,1.5,0,0,0,10000,0,17-Apr-17
OPTSTK,BAJFINANCE,27-Apr-17,1050,PE,1.35,1.35,1.35,1.35,1.35,1,5.25,8500,0,17-Apr-17
OPTSTK,BAJFINANCE,27-Apr-17,1100,PE,1.4,1.45,1.2,1.35,1.35,22,121.15,179000,0,17-Apr-17
OPTSTK,BAJFINANCE,27-Apr-17,1150,PE,1.3,2.95,1.3,2.6,2.6,24,138.27,78500,500,17-Apr-17
OPTSTK,BAJFINANCE,27-Apr-17,1200,PE,5.05,6.5,3.85,5.25,5.25,192,1156.61,137500,6500,17-Apr-17
OPTSTK,BAJFINANCE,27-Apr-17,1250,PE,15.75,20.9,12.15,16.5,16.5,327,2068.67,80000,26000,17-Apr-17
OPTSTK,BAJFINANCE,27-Apr-17,1300,PE,42.25,48,36,46.05,46.05,15,100.69,23500,500,17-Apr-17
OPTSTK,BAJFINANCE,27-Apr-17,1350,PE,0,0,0,149.75,90.75,0,0,500,0,17-Apr-17
OPTSTK,BAJFINANCE,27-Apr-17,1400,PE,0,0,0,393.35,138.45,0,0,0,0,17-Apr-17
OPTSTK,BAJFINANCE,27-Apr-17,1450,PE,0,0,0,438.75,188,0,0,0,0,17-Apr-17
OPTSTK,BAJFINANCE,27-Apr-17,1500,PE,0,0,0,485,237.85,0,0,0,0,17-Apr-17
OPTSTK,BAJFINANCE,25-May-17,550,CE,0,0,0,526.85,713.3,0,0,0,0,17-Apr-17
OPTSTK,BAJFINANCE,25-May-17,600,CE,0,0,0,477.75,663.6,0,0,0,0,17-Apr-17
OPTSTK,BAJFINANCE,25-May-17,650,CE,0,0,0,428.8,613.95,0,0,0,0,17-Apr-17
OPTSTK,BAJFINANCE,25-May-17,700,CE,0,0,0,380.35,564.3,0,0,0,0,17-Apr-17
OPTSTK,BAJFINANCE,25-May-17,750,CE,0,0,0,332.8,514.65,0,0,0,0,17-Apr-17
OPTSTK,BAJFINANCE,25-May-17,800,CE,0,0,0,286.85,464.95,0,0,0,0,17-Apr-17
OPTSTK,BAJFINANCE,25-May-17,850,CE,0,0,0,243.25,415.3,0,0,0,0,17-Apr-17
OPTSTK,BAJFINANCE,25-May-17,900,CE,0,0,0,202.75,365.65,0,0,0,0,17-Apr-17
OPTSTK,BAJFINANCE,25-May-17,950,CE,0,0,0,166.1,316,0,0,0,0,17-Apr-17
OPTSTK,BAJFINANCE,25-May-17,1000,CE,0,0,0,133.6,266.55,0,0,0,0,17-Apr-17
OPTSTK,BAJFINANCE,25-May-17,1050,CE,0,0,0,105.7,217.75,0,0,0,0,17-Apr-17
OPTSTK,BAJFINANCE,25-May-17,1100,CE,0,0,0,82.2,170.6,0,0,0,0,17-Apr-17
OPTSTK,BAJFINANCE,25-May-17,1150,CE,0,0,0,62.95,126.9,0,0,0,0,17-Apr-17
OPTSTK,BAJFINANCE,25-May-17,1200,CE,0,0,0,47.5,88.7,0,0,0,0,17-Apr-17
OPTSTK,BAJFINANCE,25-May-17,1250,CE,0,0,0,33,57.9,0,0,3000,0,17-Apr-17
OPTSTK,BAJFINANCE,25-May-17,1300,CE,37,37,37,37,37,1,6.68,3000,500,17-Apr-17
OPTSTK,BAJFINANCE,25-May-17,1350,CE,0,0,0,18.9,19.8,0,0,0,0,17-Apr-17
OPTSTK,BAJFINANCE,25-May-17,1400,CE,0,0,0,13.6,10.3,0,0,0,0,17-Apr-17
OPTSTK,BAJFINANCE,25-May-17,1450,CE,0,0,0,9.65,5,0,0,0,0,17-Apr-17
OPTSTK,BAJFINANCE,25-May-17,1500,CE,0,0,0,6.8,2.25,0,0,0,0,17-Apr-17
OPTSTK,BAJFINANCE,25-May-17,550,PE,0,0,0,0.05,0,0,0,0,0,17-Apr-17
OPTSTK,BAJFINANCE,25-May-17,600,PE,0,0,0,0.15,0,0,0,0,0,17-Apr-17
OPTSTK,BAJFINANCE,25-May-17,650,PE,0,0,0,0.4,0,0,0,0,0,17-Apr-17
OPTSTK,BAJFINANCE,25-May-17,700,PE,0,0,0,1.15,0,0,0,0,0,17-Apr-17
OPTSTK,BAJFINANCE,25-May-17,750,PE,0,0,0,2.85,0,0,0,0,0,17-Apr-17
OPTSTK,BAJFINANCE,25-May-17,800,PE,0,0,0,6.1,0,0,0,0,0,17-Apr-17
OPTSTK,BAJFINANCE,25-May-17,850,PE,0,0,0,11.75,0,0,0,0,0,17-Apr-17
OPTSTK,BAJFINANCE,25-May-17,900,PE,0,0,0,20.45,0.05,0,0,0,0,17-Apr-17
OPTSTK,BAJFINANCE,25-May-17,950,PE,0,0,0,33,0.05,0,0,0,0,17-Apr-17
OPTSTK,BAJFINANCE,25-May-17,1000,PE,0,0,0,49.7,0.25,0,0,0,0,17-Apr-17
OPTSTK,BAJFINANCE,25-May-17,1050,PE,0,0,0,71,1.1,0,0,0,0,17-Apr-17
OPTSTK,BAJFINANCE,25-May-17,1100,PE,0,0,0,96.75,3.65,0,0,0,0,17-Apr-17
OPTSTK,BAJFINANCE,25-May-17,1150,PE,0,0,0,10.5,9.6,0,0,4000,0,17-Apr-17
OPTSTK,BAJFINANCE,25-May-17,1200,PE,0,0,0,41.75,21.05,0,0,500,0,17-Apr-17
OPTSTK,BAJFINANCE,25-May-17,1250,PE,35,35,35,35,35,1,6.42,500,500,17-Apr-17
OPTSTK,BAJFINANCE,25-May-17,1300,PE,65,65,65,65,65,2,13.65,1000,1000,17-Apr-17
OPTSTK,BAJFINANCE,25-May-17,1350,PE,0,0,0,153,101.15,0,0,1500,0,17-Apr-17
OPTSTK,BAJFINANCE,25-May-17,1400,PE,0,0,0,323.4,141.3,0,0,0,0,17-Apr-17
OPTSTK,BAJFINANCE,25-May-17,1450,PE,0,0,0,368.7,185.7,0,0,0,0,17-Apr-17
OPTSTK,BAJFINANCE,25-May-17,1500,PE,0,0,0,415.1,232.6,0,0,0,0,17-Apr-17
OPTSTK,BAJFINANCE,29-Jun-17,700,CE,0,0,0,492.65,568.6,0,0,0,0,17-Apr-17
OPTSTK,BAJFINANCE,29-Jun-17,750,CE,0,0,0,443.5,519.25,0,0,0,0,17-Apr-17
OPTSTK,BAJFINANCE,29-Jun-17,800,CE,0,0,0,394.55,469.9,0,0,0,0,17-Apr-17
OPTSTK,BAJFINANCE,29-Jun-17,850,CE,0,0,0,345.95,420.6,0,0,0,0,17-Apr-17
OPTSTK,BAJFINANCE,29-Jun-17,900,CE,0,0,0,298.25,371.4,0,0,0,0,17-Apr-17
OPTSTK,BAJFINANCE,29-Jun-17,950,CE,0,0,0,252.15,322.55,0,0,0,0,17-Apr-17
OPTSTK,BAJFINANCE,29-Jun-17,1000,CE,0,0,0,208.5,274.55,0,0,0,0,17-Apr-17
OPTSTK,BAJFINANCE,29-Jun-17,1050,CE,0,0,0,168.3,228.15,0,0,0,0,17-Apr-17
OPTSTK,BAJFINANCE,29-Jun-17,1100,CE,0,0,0,132.45,184.5,0,0,0,0,17-Apr-17
OPTSTK,BAJFINANCE,29-Jun-17,1150,CE,0,0,0,101.55,144.65,0,0,0,0,17-Apr-17
OPTSTK,BAJFINANCE,29-Jun-17,1200,CE,0,0,0,75.85,109.7,0,0,0,0,17-Apr-17
OPTSTK,BAJFINANCE,29-Jun-17,1250,CE,0,0,0,55.25,80.45,0,0,0,0,17-Apr-17
OPTSTK,BAJFINANCE,29-Jun-17,1300,CE,0,0,0,39.25,56.95,0,0,0,0,17-Apr-17
OPTSTK,BAJFINANCE,29-Jun-17,1350,CE,0,0,0,27.3,38.95,0,0,0,0,17-Apr-17
OPTSTK,BAJFINANCE,29-Jun-17,1400,CE,0,0,0,18.5,25.85,0,0,0,0,17-Apr-17
OPTSTK,BAJFINANCE,29-Jun-17,1450,CE,0,0,0,12.3,16.5,0,0,0,0,17-Apr-17
OPTSTK,BAJFINANCE,29-Jun-17,1500,CE,0,0,0,8,10.25,0,0,0,0,17-Apr-17
OPTSTK,BAJFINANCE,29-Jun-17,700,PE,0,0,0,0.05,0,0,0,0,0,17-Apr-17
OPTSTK,BAJFINANCE,29-Jun-17,750,PE,0,0,0,0.1,0,0,0,0,0,17-Apr-17
OPTSTK,BAJFINANCE,29-Jun-17,800,PE,0,0,0,0.3,0.05,0,0,0,0,17-Apr-17
OPTSTK,BAJFINANCE,29-Jun-17,850,PE,0,0,0,0.9,0.05,0,0,0,0,17-Apr-17
OPTSTK,BAJFINANCE,29-Jun-17,900,PE,0,0,0,2.35,0.25,0,0,0,0,17-Apr-17
OPTSTK,BAJFINANCE,29-Jun-17,950,PE,0,0,0,5.4,0.75,0,0,0,0,17-Apr-17
OPTSTK,BAJFINANCE,29-Jun-17,1000,PE,0,0,0,10.95,2.1,0,0,0,0,17-Apr-17
OPTSTK,BAJFINANCE,29-Jun-17,1050,PE,0,0,0,19.95,5.05,0,0,0,0,17-Apr-17
OPTSTK,BAJFINANCE,29-Jun-17,1100,PE,0,0,0,33.25,10.7,0,0,0,0,17-Apr-17
OPTSTK,BAJFINANCE,29-Jun-17,1150,PE,0,0,0,51.55,20.25,0,0,0,0,17-Apr-17
OPTSTK,BAJFINANCE,29-Jun-17,1200,PE,0,0,0,75.05,34.65,0,0,0,0,17-Apr-17
OPTSTK,BAJFINANCE,29-Jun-17,1250,PE,0,0,0,103.6,54.75,0,0,0,0,17-Apr-17
OPTSTK,BAJFINANCE,29-Jun-17,1300,PE,0,0,0,136.75,80.6,0,0,0,0,17-Apr-17
OPTSTK,BAJFINANCE,29-Jun-17,1350,PE,0,0,0,174,111.95,0,0,0,0,17-Apr-17
OPTSTK,BAJFINANCE,29-Jun-17,1400,PE,0,0,0,214.35,148.2,0,0,0,0,17-Apr-17
OPTSTK,BAJFINANCE,29-Jun-17,1450,PE,0,0,0,257.35,188.25,0,0,0,0,17-Apr-17
OPTSTK,BAJFINANCE,29-Jun-17,1500,PE,0,0,0,302.2,231.35,0,0,0,0,17-Apr-17
OPTSTK,BANKBARODA,27-Apr-17,100,CE,0,0,0,63.65,76.15,0,0,0,0,17-Apr-17
OPTSTK,BANKBARODA,27-Apr-17,105,CE,0,0,0,58.8,71.15,0,0,0,0,17-Apr-17
OPTSTK,BANKBARODA,27-Apr-17,110,CE,0,0,0,53.95,66.15,0,0,0,0,17-Apr-17
OPTSTK,BANKBARODA,27-Apr-17,115,CE,0,0,0,49.2,61.15,0,0,0,0,17-Apr-17
OPTSTK,BANKBARODA,27-Apr-17,120,CE,0,0,0,44.55,56.2,0,0,0,0,17-Apr-17
OPTSTK,BANKBARODA,27-Apr-17,125,CE,0,0,0,40,51.2,0,0,0,0,17-Apr-17
OPTSTK,BANKBARODA,27-Apr-17,130,CE,0,0,0,35.65,46.2,0,0,0,0,17-Apr-17
OPTSTK,BANKBARODA,27-Apr-17,135,CE,0,0,0,39,41.2,0,0,3500,0,17-Apr-17
OPTSTK,BANKBARODA,27-Apr-17,140,CE,0,0,0,27.6,36.2,0,0,0,0,17-Apr-17
OPTSTK,BANKBARODA,27-Apr-17,145,CE,0,0,0,28,31.2,0,0,0,0,17-Apr-17
OPTSTK,BANKBARODA,27-Apr-17,150,CE,0,0,0,22.65,26.25,0,0,21000,0,17-Apr-17
OPTSTK,BANKBARODA,27-Apr-17,155,CE,0,0,0,17.5,21.3,0,0,3500,0,17-Apr-17
OPTSTK,BANKBARODA,27-Apr-17,160,CE,17.25,17.25,16.5,16.5,16.5,6,37.09,129500,-17500,17-Apr-17
OPTSTK,BANKBARODA,27-Apr-17,165,CE,12.75,13.1,12.75,13.1,13.1,2,12.45,77000,0,17-Apr-17
OPTSTK,BANKBARODA,27-Apr-17,170,CE,9.85,10.15,8.2,8.55,8.55,170,1064.8,829500,189000,17-Apr-17
OPTSTK,BANKBARODA,27-Apr-17,175,CE,6.2,6.7,4.85,5.35,5.35,264,1669.26,1134000,-154000,17-Apr-17
OPTSTK,BANKBARODA,27-Apr-17,180,CE,3.5,4.1,2.85,3.15,3.15,1233,7916.68,3237500,112000,17-Apr-17
OPTSTK,BANKBARODA,27-Apr-17,185,CE,2.3,2.45,1.55,1.75,1.75,421,2753.96,1900500,84000,17-Apr-17
OPTSTK,BANKBARODA,27-Apr-17,190,CE,1.25,1.3,0.8,0.9,0.9,329,2199.43,1505000,220500,17-Apr-17
OPTSTK,BANKBARODA,27-Apr-17,195,CE,0.65,0.65,0.4,0.45,0.45,28,191.61,360500,3500,17-Apr-17
OPTSTK,BANKBARODA,27-Apr-17,200,CE,0.45,0.45,0.25,0.25,0.25,52,364.63,1536500,42000,17-Apr-17
OPTSTK,BANKBARODA,27-Apr-17,205,CE,0.25,0.25,0.2,0.2,0.2,6,43.1,140000,7000,17-Apr-17
OPTSTK,BANKBARODA,27-Apr-17,210,CE,0.1,0.1,0.1,0.1,0.1,2,14.7,73500,0,17-Apr-17
OPTSTK,BANKBARODA,27-Apr-17,215,CE,0,0,0,0.4,0,0,0,10500,0,17-Apr-17
OPTSTK,BANKBARODA,27-Apr-17,220,CE,0,0,0,1.15,0,0,0,0,0,17-Apr-17
OPTSTK,BANKBARODA,27-Apr-17,225,CE,0,0,0,0.9,0,0,0,0,0,17-Apr-17
OPTSTK,BANKBARODA,27-Apr-17,100,PE,0,0,0,0.05,0,0,0,0,0,17-Apr-17
OPTSTK,BANKBARODA,27-Apr-17,105,PE,0,0,0,0.1,0,0,0,0,0,17-Apr-17
OPTSTK,BANKBARODA,27-Apr-17,110,PE,0,0,0,0.2,0,0,0,0,0,17-Apr-17
OPTSTK,BANKBARODA,27-Apr-17,115,PE,0,0,0,0.35,0,0,0,0,0,17-Apr-17
OPTSTK,BANKBARODA,27-Apr-17,120,PE,0,0,0,0.6,0,0,0,0,0,17-Apr-17
OPTSTK,BANKBARODA,27-Apr-17,125,PE,0,0,0,1,0,0,0,0,0,17-Apr-17
OPTSTK,BANKBARODA,27-Apr-17,130,PE,0,0,0,1.55,0,0,0,0,0,17-Apr-17
OPTSTK,BANKBARODA,27-Apr-17,135,PE,0,0,0,2.35,0,0,0,0,0,17-Apr-17
OPTSTK,BANKBARODA,27-Apr-17,140,PE,0,0,0,0.05,0,0,0,35000,0,17-Apr-17
OPTSTK,BANKBARODA,27-Apr-17,145,PE,0,0,0,0.2,0,0,0,115500,0,17-Apr-17
OPTSTK,BANKBARODA,27-Apr-17,150,PE,0.1,0.15,0.05,0.05,0.05,30,157.6,360500,-42000,17-Apr-17
OPTSTK,BANKBARODA,27-Apr-17,155,PE,0.2,0.2,0.15,0.2,0.2,27,146.65,367500,-59500,17-Apr-17
OPTSTK,BANKBARODA,27-Apr-17,160,PE,0.4,0.6,0.35,0.5,0.5,169,948.99,1032500,-91000,17-Apr-17
OPTSTK,BANKBARODA,27-Apr-17,165,PE,0.8,1.1,0.8,1,1,122,708.49,1018500,3500,17-Apr-17
OPTSTK,BANKBARODA,27-Apr-17,170,PE,1.7,2.3,1.65,2,2,437,2629.52,1704500,42000,17-Apr-17
OPTSTK,BANKBARODA,27-Apr-17,175,PE,3.2,4.1,3.15,3.65,3.65,458,2862.78,630000,84000,17-Apr-17
OPTSTK,BANKBARODA,27-Apr-17,180,PE,6.85,6.85,5.7,6.45,6.45,41,267.31,294000,24500,17-Apr-17
OPTSTK,BANKBARODA,27-Apr-17,185,PE,0,0,0,11.25,9.95,0,0,42000,0,17-Apr-17
OPTSTK,BANKBARODA,27-Apr-17,190,PE,14.9,14.9,13,14,14,5,35.75,42000,-10500,17-Apr-17
OPTSTK,BANKBARODA,27-Apr-17,195,PE,0,0,0,23,18.9,0,0,14000,0,17-Apr-17
OPTSTK,BANKBARODA,27-Apr-17,200,PE,23,23,23,23,23,1,7.8,38500,0,17-Apr-17
OPTSTK,BANKBARODA,27-Apr-17,205,PE,0,0,0,42,28.75,0,0,0,0,17-Apr-17
OPTSTK,BANKBARODA,27-Apr-17,210,PE,0,0,0,33,33.7,0,0,3500,0,17-Apr-17
OPTSTK,BANKBARODA,27-Apr-17,215,PE,0,0,0,50.95,38.7,0,0,0,0,17-Apr-17
OPTSTK,BANKBARODA,27-Apr-17,220,PE,0,0,0,44.25,43.7,0,0,3500,0,17-Apr-17
OPTSTK,BANKBARODA,27-Apr-17,225,PE,0,0,0,60.25,48.7,0,0,0,0,17-Apr-17
OPTSTK,BANKBARODA,25-May-17,100,CE,0,0,0,70.05,76.65,0,0,0,0,17-Apr-17
OPTSTK,BANKBARODA,25-May-17,105,CE,0,0,0,65.3,71.7,0,0,0,0,17-Apr-17
OPTSTK,BANKBARODA,25-May-17,110,CE,0,0,0,60.65,66.7,0,0,0,0,17-Apr-17
OPTSTK,BANKBARODA,25-May-17,115,CE,0,0,0,56.1,61.75,0,0,0,0,17-Apr-17
OPTSTK,BANKBARODA,25-May-17,120,CE,0,0,0,51.7,56.8,0,0,0,0,17-Apr-17
OPTSTK,BANKBARODA,25-May-17,125,CE,0,0,0,47.4,51.8,0,0,0,0,17-Apr-17
OPTSTK,BANKBARODA,25-May-17,130,CE,0,0,0,43.35,46.85,0,0,0,0,17-Apr-17
OPTSTK,BANKBARODA,25-May-17,135,CE,0,0,0,39.4,41.95,0,0,0,0,17-Apr-17
OPTSTK,BANKBARODA,25-May-17,140,CE,0,0,0,35.75,37.05,0,0,0,0,17-Apr-17
OPTSTK,BANKBARODA,25-May-17,145,CE,0,0,0,29,32.25,0,0,17500,0,17-Apr-17
OPTSTK,BANKBARODA,25-May-17,150,CE,0,0,0,24,27.55,0,0,7000,0,17-Apr-17
OPTSTK,BANKBARODA,25-May-17,155,CE,0,0,0,25.95,23.1,0,0,0,0,17-Apr-17
OPTSTK,BANKBARODA,25-May-17,160,CE,0,0,0,17,19,0,0,3500,0,17-Apr-17
OPTSTK,BANKBARODA,25-May-17,165,CE,0,0,0,9.1,15.2,0,0,7000,0,17-Apr-17
OPTSTK,BANKBARODA,25-May-17,170,CE,0,0,0,10.2,11.9,0,0,17500,0,17-Apr-17
OPTSTK,BANKBARODA,25-May-17,175,CE,10.8,10.8,10.8,10.8,10.8,1,6.5,31500,0,17-Apr-17
OPTSTK,BANKBARODA,25-May-17,180,CE,8.75,8.75,8,8,8,6,39.54,49000,7000,17-Apr-17
OPTSTK,BANKBARODA,25-May-17,185,CE,6.1,6.1,6.1,6.1,6.1,1,6.68,28000,3500,17-Apr-17
OPTSTK,BANKBARODA,25-May-17,190,CE,4.2,4.2,4.2,4.2,4.2,1,6.79,14000,3500,17-Apr-17
OPTSTK,BANKBARODA,25-May-17,195,CE,0,0,0,9.55,2.35,0,0,0,0,17-Apr-17
OPTSTK,BANKBARODA,25-May-17,200,CE,2.3,2.3,2.3,2.3,2.3,1,7.08,14000,0,17-Apr-17
OPTSTK,BANKBARODA,25-May-17,205,CE,0,0,0,7.25,1.05,0,0,0,0,17-Apr-17
OPTSTK,BANKBARODA,25-May-17,210,CE,0,0,0,6.3,0.65,0,0,0,0,17-Apr-17
OPTSTK,BANKBARODA,25-May-17,215,CE,0,0,0,5.45,0.4,0,0,0,0,17-Apr-17
OPTSTK,BANKBARODA,25-May-17,220,CE,0,0,0,4.7,0.25,0,0,0,0,17-Apr-17
OPTSTK,BANKBARODA,25-May-17,225,CE,0,0,0,4.05,0.15,0,0,0,0,17-Apr-17
OPTSTK,BANKBARODA,25-May-17,100,PE,0,0,0,0.3,0,0,0,0,0,17-Apr-17
OPTSTK,BANKBARODA,25-May-17,105,PE,0,0,0,0.5,0,0,0,0,0,17-Apr-17
OPTSTK,BANKBARODA,25-May-17,110,PE,0,0,0,0.75,0,0,0,0,0,17-Apr-17
OPTSTK,BANKBARODA,25-May-17,115,PE,0,0,0,1.15,0,0,0,0,0,17-Apr-17
OPTSTK,BANKBARODA,25-May-17,120,PE,0,0,0,1.65,0,0,0,0,0,17-Apr-17
OPTSTK,BANKBARODA,25-May-17,125,PE,0,0,0,2.3,0.05,0,0,0,0,17-Apr-17
OPTSTK,BANKBARODA,25-May-17,130,PE,0,0,0,3.15,0.05,0,0,0,0,17-Apr-17
OPTSTK,BANKBARODA,25-May-17,135,PE,0,0,0,4.15,0.05,0,0,0,0,17-Apr-17
OPTSTK,BANKBARODA,25-May-17,140,PE,0,0,0,5.4,0.15,0,0,0,0,17-Apr-17
OPTSTK,BANKBARODA,25-May-17,145,PE,0,0,0,6.8,0.3,0,0,0,0,17-Apr-17
OPTSTK,BANKBARODA,25-May-17,150,PE,0,0,0,2.5,0.6,0,0,3500,0,17-Apr-17
OPTSTK,BANKBARODA,25-May-17,155,PE,0,0,0,10.35,1.15,0,0,0,0,17-Apr-17
OPTSTK,BANKBARODA,25-May-17,160,PE,0,0,0,3.05,1.95,0,0,31500,0,17-Apr-17
OPTSTK,BANKBARODA,25-May-17,165,PE,3.6,3.6,3.6,3.6,3.6,1,5.9,10500,3500,17-Apr-17
OPTSTK,BANKBARODA,25-May-17,170,PE,5.75,5.75,5.75,5.75,5.75,3,18.45,56000,10500,17-Apr-17
OPTSTK,BANKBARODA,25-May-17,175,PE,7.35,7.5,7.35,7.5,7.5,2,12.76,10500,7000,17-Apr-17
OPTSTK,BANKBARODA,25-May-17,180,PE,0,0,0,14.8,9.55,0,0,7000,0,17-Apr-17
OPTSTK,BANKBARODA,25-May-17,185,PE,0,0,0,15,12.65,0,0,3500,0,17-Apr-17
OPTSTK,BANKBARODA,25-May-17,190,PE,0,0,0,29.8,16.2,0,0,0,0,17-Apr-17
OPTSTK,BANKBARODA,25-May-17,195,PE,0,0,0,33.3,20.1,0,0,0,0,17-Apr-17
OPTSTK,BANKBARODA,25-May-17,200,PE,0,0,0,28,24.3,0,0,24500,0,17-Apr-17
OPTSTK,BANKBARODA,25-May-17,205,PE,0,0,0,40.85,28.7,0,0,0,0,17-Apr-17
OPTSTK,BANKBARODA,25-May-17,210,PE,0,0,0,44.85,33.3,0,0,0,0,17-Apr-17
OPTSTK,BANKBARODA,25-May-17,215,PE,0,0,0,48.9,38,0,0,0,0,17-Apr-17
OPTSTK,BANKBARODA,25-May-17,220,PE,0,0,0,53.1,42.85,0,0,0,0,17-Apr-17
OPTSTK,BANKBARODA,25-May-17,225,PE,0,0,0,57.35,47.7,0,0,0,0,17-Apr-17
OPTSTK,BANKBARODA,29-Jun-17,105,CE,0,0,0,70.45,72.35,0,0,0,0,17-Apr-17
OPTSTK,BANKBARODA,29-Jun-17,110,CE,0,0,0,65.55,67.4,0,0,0,0,17-Apr-17
OPTSTK,BANKBARODA,29-Jun-17,115,CE,0,0,0,60.7,62.45,0,0,0,0,17-Apr-17
OPTSTK,BANKBARODA,29-Jun-17,120,CE,0,0,0,55.85,57.55,0,0,0,0,17-Apr-17
OPTSTK,BANKBARODA,29-Jun-17,125,CE,0,0,0,51.1,52.7,0,0,0,0,17-Apr-17
OPTSTK,BANKBARODA,29-Jun-17,130,CE,0,0,0,46.45,47.85,0,0,0,0,17-Apr-17
OPTSTK,BANKBARODA,29-Jun-17,135,CE,0,0,0,41.9,43.1,0,0,0,0,17-Apr-17
OPTSTK,BANKBARODA,29-Jun-17,140,CE,0,0,0,37.55,38.45,0,0,0,0,17-Apr-17
OPTSTK,BANKBARODA,29-Jun-17,145,CE,0,0,0,33.35,33.95,0,0,0,0,17-Apr-17
OPTSTK,BANKBARODA,29-Jun-17,150,CE,0,0,0,29.4,29.65,0,0,0,0,17-Apr-17
OPTSTK,BANKBARODA,29-Jun-17,155,CE,0,0,0,25.75,25.65,0,0,0,0,17-Apr-17
OPTSTK,BANKBARODA,29-Jun-17,160,CE,0,0,0,22.3,21.9,0,0,0,0,17-Apr-17
OPTSTK,BANKBARODA,29-Jun-17,165,CE,0,0,0,19.2,18.45,0,0,0,0,17-Apr-17
OPTSTK,BANKBARODA,29-Jun-17,170,CE,0,0,0,16.4,15.35,0,0,0,0,17-Apr-17
OPTSTK,BANKBARODA,29-Jun-17,175,CE,0,0,0,13.85,12.65,0,0,0,0,17-Apr-17
OPTSTK,BANKBARODA,29-Jun-17,180,CE,0,0,0,11.65,10.3,0,0,0,0,17-Apr-17
OPTSTK,BANKBARODA,29-Jun-17,185,CE,0,0,0,9.7,8.25,0,0,0,0,17-Apr-17
OPTSTK,BANKBARODA,29-Jun-17,190,CE,0,0,0,8.05,6.55,0,0,0,0,17-Apr-17
OPTSTK,BANKBARODA,29-Jun-17,195,CE,0,0,0,6.6,5.15,0,0,0,0,17-Apr-17
OPTSTK,BANKBARODA,29-Jun-17,200,CE,0,0,0,5.4,4,0,0,0,0,17-Apr-17
OPTSTK,BANKBARODA,29-Jun-17,205,CE,0,0,0,4.4,3.05,0,0,0,0,17-Apr-17
OPTSTK,BANKBARODA,29-Jun-17,210,CE,0,0,0,3.55,2.35,0,0,0,0,17-Apr-17
OPTSTK,BANKBARODA,29-Jun-17,215,CE,0,0,0,2.85,1.75,0,0,0,0,17-Apr-17
OPTSTK,BANKBARODA,29-Jun-17,220,CE,0,0,0,2.25,1.3,0,0,0,0,17-Apr-17
OPTSTK,BANKBARODA,29-Jun-17,225,CE,0,0,0,1.8,1,0,0,0,0,17-Apr-17
OPTSTK,BANKBARODA,29-Jun-17,105,PE,0,0,0,0.05,0,0,0,0,0,17-Apr-17
OPTSTK,BANKBARODA,29-Jun-17,110,PE,0,0,0,0.05,0.05,0,0,0,0,17-Apr-17
OPTSTK,BANKBARODA,29-Jun-17,115,PE,0,0,0,0.15,0.05,0,0,0,0,17-Apr-17
OPTSTK,BANKBARODA,29-Jun-17,120,PE,0,0,0,0.25,0.05,0,0,0,0,17-Apr-17
OPTSTK,BANKBARODA,29-Jun-17,125,PE,0,0,0,0.4,0.1,0,0,0,0,17-Apr-17
OPTSTK,BANKBARODA,29-Jun-17,130,PE,0,0,0,0.65,0.2,0,0,0,0,17-Apr-17
OPTSTK,BANKBARODA,29-Jun-17,135,PE,0,0,0,1.05,0.4,0,0,0,0,17-Apr-17
OPTSTK,BANKBARODA,29-Jun-17,140,PE,0,0,0,1.6,0.7,0,0,0,0,17-Apr-17
OPTSTK,BANKBARODA,29-Jun-17,145,PE,0,0,0,2.35,1.15,0,0,0,0,17-Apr-17
OPTSTK,BANKBARODA,29-Jun-17,150,PE,0,0,0,3.3,1.8,0,0,0,0,17-Apr-17
OPTSTK,BANKBARODA,29-Jun-17,155,PE,0,0,0,4.55,2.7,0,0,0,0,17-Apr-17
OPTSTK,BANKBARODA,29-Jun-17,160,PE,0,0,0,6,3.85,0,0,0,0,17-Apr-17
OPTSTK,BANKBARODA,29-Jun-17,165,PE,0,0,0,7.8,5.35,0,0,0,0,17-Apr-17
OPTSTK,BANKBARODA,29-Jun-17,170,PE,0,0,0,9.95,7.2,0,0,0,0,17-Apr-17
OPTSTK,BANKBARODA,29-Jun-17,175,PE,0,0,0,12.35,9.45,0,0,0,0,17-Apr-17
OPTSTK,BANKBARODA,29-Jun-17,180,PE,0,0,0,15.05,12,0,0,0,0,17-Apr-17
OPTSTK,BANKBARODA,29-Jun-17,185,PE,0,0,0,18,14.9,0,0,0,0,17-Apr-17
OPTSTK,BANKBARODA,29-Jun-17,190,PE,0,0,0,21.25,18.15,0,0,0,0,17-Apr-17
OPTSTK,BANKBARODA,29-Jun-17,195,PE,0,0,0,24.75,21.65,0,0,0,0,17-Apr-17
OPTSTK,BANKBARODA,29-Jun-17,200,PE,0,0,0,28.45,25.45,0,0,0,0,17-Apr-17
OPTSTK,BANKBARODA,29-Jun-17,205,PE,0,0,0,32.35,29.5,0,0,0,0,17-Apr-17
OPTSTK,BANKBARODA,29-Jun-17,210,PE,0,0,0,36.4,33.7,0,0,0,0,17-Apr-17
OPTSTK,BANKBARODA,29-Jun-17,215,PE,0,0,0,40.65,38.05,0,0,0,0,17-Apr-17
OPTSTK,BANKBARODA,29-Jun-17,220,PE,0,0,0,45,42.55,0,0,0,0,17-Apr-17
OPTSTK,BANKBARODA,29-Jun-17,225,PE,0,0,0,49.45,47.1,0,0,0,0,17-Apr-17
OPTSTK,BANKINDIA,27-Apr-17,75,CE,0,0,0,41.3,72.35,0,0,0,0,17-Apr-17
OPTSTK,BANKINDIA,27-Apr-17,80,CE,0,0,0,36.4,67.35,0,0,0,0,17-Apr-17
OPTSTK,BANKINDIA,27-Apr-17,85,CE,0,0,0,31.5,62.35,0,0,0,0,17-Apr-17
OPTSTK,BANKINDIA,27-Apr-17,90,CE,0,0,0,26.7,57.4,0,0,0,0,17-Apr-17
OPTSTK,BANKINDIA,27-Apr-17,95,CE,0,0,0,22.1,52.4,0,0,0,0,17-Apr-17
OPTSTK,BANKINDIA,27-Apr-17,100,CE,0,0,0,17.7,47.4,0,0,0,0,17-Apr-17
OPTSTK,BANKINDIA,27-Apr-17,102.5,CE,0,0,0,36.55,44.9,0,0,0,0,17-Apr-17
OPTSTK,BANKINDIA,27-Apr-17,105,CE,0,0,0,13.75,42.4,0,0,0,0,17-Apr-17
OPTSTK,BANKINDIA,27-Apr-17,107.5,CE,0,0,0,31.55,39.9,0,0,0,0,17-Apr-17
OPTSTK,BANKINDIA,27-Apr-17,110,CE,0,0,0,30,37.4,0,0,12000,0,17-Apr-17
OPTSTK,BANKINDIA,27-Apr-17,112.5,CE,0,0,0,26.65,34.9,0,0,0,0,17-Apr-17
OPTSTK,BANKINDIA,27-Apr-17,115,CE,0,0,0,7.45,32.4,0,0,0,0,17-Apr-17
OPTSTK,BANKINDIA,27-Apr-17,117.5,CE,0,0,0,21.85,29.9,0,0,0,0,17-Apr-17
OPTSTK,BANKINDIA,27-Apr-17,120,CE,0,0,0,27.85,27.45,0,0,72000,0,17-Apr-17
OPTSTK,BANKINDIA,27-Apr-17,122.5,CE,0,0,0,17.25,24.95,0,0,0,0,17-Apr-17
OPTSTK,BANKINDIA,27-Apr-17,125,CE,0,0,0,23.2,22.45,0,0,42000,0,17-Apr-17
OPTSTK,BANKINDIA,27-Apr-17,127.5,CE,0,0,0,13.1,19.95,0,0,0,0,17-Apr-17
OPTSTK,BANKINDIA,27-Apr-17,130,CE,17.2,17.2,17.2,17.2,17.2,1,8.83,282000,-6000,17-Apr-17
OPTSTK,BANKINDIA,27-Apr-17,132.5,CE,0,0,0,9.45,15.05,0,0,0,0,17-Apr-17
OPTSTK,BANKINDIA,27-Apr-17,135,CE,0,0,0,10.5,12.7,0,0,198000,0,17-Apr-17
OPTSTK,BANKINDIA,27-Apr-17,137.5,CE,0,0,0,6.45,10.45,0,0,0,0,17-Apr-17
OPTSTK,BANKINDIA,27-Apr-17,140,CE,7.5,8.75,7.5,8,8,49,435.79,648000,30000,17-Apr-17
OPTSTK,BANKINDIA,27-Apr-17,142.5,CE,5.85,5.85,5.85,5.85,5.85,1,8.9,72000,-6000,17-Apr-17
OPTSTK,BANKINDIA,27-Apr-17,145,CE,4.8,5.3,3.65,4.55,4.55,71,637.63,534000,-18000,17-Apr-17
OPTSTK,BANKINDIA,27-Apr-17,147.5,CE,3,3.55,3,3.55,3.55,3,27.15,162000,6000,17-Apr-17
OPTSTK,BANKINDIA,27-Apr-17,150,CE,3,3.15,1.7,2.4,2.4,172,1571.96,1380000,36000,17-Apr-17
OPTSTK,BANKINDIA,27-Apr-17,152.5,CE,1.65,1.65,1.45,1.45,1.45,2,18.48,54000,0,17-Apr-17
OPTSTK,BANKINDIA,27-Apr-17,155,CE,1.6,1.6,0.8,1.15,1.15,86,805.34,426000,-84000,17-Apr-17
OPTSTK,BANKINDIA,27-Apr-17,157.5,CE,0,0,0,1.5,0.6,0,0,24000,0,17-Apr-17
OPTSTK,BANKINDIA,27-Apr-17,160,CE,0.75,0.75,0.45,0.55,0.55,44,423.88,516000,-24000,17-Apr-17
OPTSTK,BANKINDIA,27-Apr-17,162.5,CE,0,0,0,0.45,0.2,0,0,54000,0,17-Apr-17
OPTSTK,BANKINDIA,27-Apr-17,165,CE,0.2,0.2,0.2,0.2,0.2,6,59.47,504000,-6000,17-Apr-17
OPTSTK,BANKINDIA,27-Apr-17,167.5,CE,0,0,0,0.25,0.05,0,0,6000,0,17-Apr-17
OPTSTK,BANKINDIA,27-Apr-17,170,CE,0.15,0.15,0.15,0.15,0.15,2,20.41,162000,12000,17-Apr-17
OPTSTK,BANKINDIA,27-Apr-17,172.5,CE,0,0,0,0.2,0.05,0,0,6000,0,17-Apr-17
OPTSTK,BANKINDIA,27-Apr-17,175,CE,0,0,0,0.1,0,0,0,6000,0,17-Apr-17
OPTSTK,BANKINDIA,27-Apr-17,75,PE,0,0,0,0.05,0,0,0,0,0,17-Apr-17
OPTSTK,BANKINDIA,27-Apr-17,80,PE,0,0,0,0.05,0,0,0,0,0,17-Apr-17
OPTSTK,BANKINDIA,27-Apr-17,85,PE,0,0,0,0.1,0,0,0,0,0,17-Apr-17
OPTSTK,BANKINDIA,27-Apr-17,90,PE,0,0,0,0.2,0,0,0,0,0,17-Apr-17
OPTSTK,BANKINDIA,27-Apr-17,95,PE,0,0,0,0.45,0,0,0,0,0,17-Apr-17
OPTSTK,BANKINDIA,27-Apr-17,100,PE,0,0,0,1,0,0,0,0,0,17-Apr-17
OPTSTK,BANKINDIA,27-Apr-17,102.5,PE,0,0,0,0.05,0,0,0,0,0,17-Apr-17
OPTSTK,BANKINDIA,27-Apr-17,105,PE,0,0,0,2,0,0,0,0,0,17-Apr-17
OPTSTK,BANKINDIA,27-Apr-17,107.5,PE,0,0,0,0.05,0,0,0,0,0,17-Apr-17
OPTSTK,BANKINDIA,27-Apr-17,110,PE,0,0,0,0.1,0,0,0,30000,0,17-Apr-17
OPTSTK,BANKINDIA,27-Apr-17,112.5,PE,0,0,0,0.1,0,0,0,0,0,17-Apr-17
OPTSTK,BANKINDIA,27-Apr-17,115,PE,0,0,0,0.1,0,0,0,78000,0,17-Apr-17
OPTSTK,BANKINDIA,27-Apr-17,117.5,PE,0,0,0,0.25,0,0,0,0,0,17-Apr-17
OPTSTK,BANKINDIA,27-Apr-17,120,PE,0,0,0,0.15,0,0,0,240000,0,17-Apr-17
OPTSTK,BANKINDIA,27-Apr-17,122.5,PE,0,0,0,0.3,0,0,0,12000,0,17-Apr-17
OPTSTK,BANKINDIA,27-Apr-17,125,PE,0.1,0.2,0.1,0.1,0.1,6,45.04,276000,-6000,17-Apr-17
OPTSTK,BANKINDIA,27-Apr-17,127.5,PE,0,0,0,0.15,0.05,0,0,30000,0,17-Apr-17
OPTSTK,BANKINDIA,27-Apr-17,130,PE,0.15,0.25,0.15,0.2,0.2,7,54.69,456000,-24000,17-Apr-17
OPTSTK,BANKINDIA,27-Apr-17,132.5,PE,0.25,0.25,0.25,0.25,0.25,1,7.96,6000,6000,17-Apr-17
OPTSTK,BANKINDIA,27-Apr-17,135,PE,0.5,0.75,0.4,0.45,0.45,35,284.69,318000,12000,17-Apr-17
OPTSTK,BANKINDIA,27-Apr-17,137.5,PE,0.8,1.1,0.8,1.1,1.1,3,24.92,18000,0,17-Apr-17
OPTSTK,BANKINDIA,27-Apr-17,140,PE,1.05,1.7,1.05,1.35,1.35,93,788.52,660000,-192000,17-Apr-17
OPTSTK,BANKINDIA,27-Apr-17,142.5,PE,2.25,2.75,2.25,2.75,2.75,4,34.77,54000,18000,17-Apr-17
OPTSTK,BANKINDIA,27-Apr-17,145,PE,2.45,3.8,2.45,2.9,2.9,93,825.93,282000,-42000,17-Apr-17
OPTSTK,BANKINDIA,27-Apr-17,147.5,PE,0,0,0,3.7,3.45,0,0,90000,0,17-Apr-17
OPTSTK,BANKINDIA,27-Apr-17,150,PE,6.5,6.75,5.2,5.3,5.3,11,102.95,300000,18000,17-Apr-17
OPTSTK,BANKINDIA,27-Apr-17,152.5,PE,0,0,0,9,6.6,0,0,6000,0,17-Apr-17
OPTSTK,BANKINDIA,27-Apr-17,155,PE,0,0,0,9,8.5,0,0,24000,0,17-Apr-17
OPTSTK,BANKINDIA,27-Apr-17,157.5,PE,0,0,0,19.05,10.6,0,0,0,0,17-Apr-17
OPTSTK,BANKINDIA,27-Apr-17,160,PE,0,0,0,12.5,12.85,0,0,36000,0,17-Apr-17
OPTSTK,BANKINDIA,27-Apr-17,162.5,PE,0,0,0,23.65,15.2,0,0,0,0,17-Apr-17
OPTSTK,BANKINDIA,27-Apr-17,165,PE,0,0,0,47.3,17.65,0,0,0,0,17-Apr-17
OPTSTK,BANKINDIA,27-Apr-17,167.5,PE,0,0,0,28.4,20.05,0,0,0,0,17-Apr-17
OPTSTK,BANKINDIA,27-Apr-17,170,PE,0,0,0,47.15,22.55,0,0,0,0,17-Apr-17
OPTSTK,BANKINDIA,27-Apr-17,172.5,PE,0,0,0,33.25,25.05,0,0,0,0,17-Apr-17
OPTSTK,BANKINDIA,27-Apr-17,175,PE,0,0,0,47.45,27.5,0,0,0,0,17-Apr-17
OPTSTK,BANKINDIA,25-May-17,80,CE,0,0,0,48.8,67.75,0,0,0,0,17-Apr-17
OPTSTK,BANKINDIA,25-May-17,85,CE,0,0,0,43.95,62.8,0,0,0,0,17-Apr-17
OPTSTK,BANKINDIA,25-May-17,90,CE,0,0,0,39.2,57.85,0,0,0,0,17-Apr-17
OPTSTK,BANKINDIA,25-May-17,95,CE,0,0,0,34.5,52.85,0,0,0,0,17-Apr-17
OPTSTK,BANKINDIA,25-May-17,100,CE,0,0,0,30,47.9,0,0,0,0,17-Apr-17
OPTSTK,BANKINDIA,25-May-17,102.5,CE,0,0,0,37.15,45.4,0,0,0,0,17-Apr-17
OPTSTK,BANKINDIA,25-May-17,105,CE,0,0,0,25.75,42.95,0,0,0,0,17-Apr-17
OPTSTK,BANKINDIA,25-May-17,107.5,CE,0,0,0,32.35,40.45,0,0,0,0,17-Apr-17
OPTSTK,BANKINDIA,25-May-17,110,CE,0,0,0,21.8,38,0,0,0,0,17-Apr-17
OPTSTK,BANKINDIA,25-May-17,112.5,CE,0,0,0,27.65,35.5,0,0,0,0,17-Apr-17
OPTSTK,BANKINDIA,25-May-17,115,CE,0,0,0,18.15,33.05,0,0,0,0,17-Apr-17
OPTSTK,BANKINDIA,25-May-17,117.5,CE,0,0,0,23.2,30.65,0,0,0,0,17-Apr-17
OPTSTK,BANKINDIA,25-May-17,120,CE,0,0,0,14.95,28.2,0,0,0,0,17-Apr-17
OPTSTK,BANKINDIA,25-May-17,122.5,CE,0,0,0,19,25.85,0,0,0,0,17-Apr-17
OPTSTK,BANKINDIA,25-May-17,125,CE,0,0,0,12.1,23.5,0,0,0,0,17-Apr-17
OPTSTK,BANKINDIA,25-May-17,127.5,CE,0,0,0,15.25,21.25,0,0,0,0,17-Apr-17
OPTSTK,BANKINDIA,25-May-17,130,CE,0,0,0,9.65,19.05,0,0,0,0,17-Apr-17
OPTSTK,BANKINDIA,25-May-17,132.5,CE,0,0,0,11.9,16.95,0,0,0,0,17-Apr-17
OPTSTK,BANKINDIA,25-May-17,135,CE,0,0,0,7.65,15,0,0,0,0,17-Apr-17
OPTSTK,BANKINDIA,25-May-17,137.5,CE,0,0,0,9.1,13.1,0,0,0,0,17-Apr-17
OPTSTK,BANKINDIA,25-May-17,140,CE,0,0,0,5.95,11.35,0,0,0,0,17-Apr-17
OPTSTK,BANKINDIA,25-May-17,142.5,CE,0,0,0,6.75,9.8,0,0,0,0,17-Apr-17
OPTSTK,BANKINDIA,25-May-17,145,CE,0,0,0,7,8.35,0,0,6000,0,17-Apr-17
OPTSTK,BANKINDIA,25-May-17,147.5,CE,5.9,5.9,5.9,5.9,5.9,1,9.2,6000,6000,17-Apr-17
OPTSTK,BANKINDIA,25-May-17,150,CE,6,6,6,6,6,1,9.36,18000,0,17-Apr-17
OPTSTK,BANKINDIA,25-May-17,152.5,CE,0,0,0,3.5,4.85,0,0,0,0,17-Apr-17
OPTSTK,BANKINDIA,25-May-17,155,CE,0,0,0,3.6,4,0,0,12000,0,17-Apr-17
OPTSTK,BANKINDIA,25-May-17,157.5,CE,0,0,0,2.4,3.25,0,0,0,0,17-Apr-17
OPTSTK,BANKINDIA,25-May-17,160,CE,0,0,0,1.95,2.6,0,0,0,0,17-Apr-17
OPTSTK,BANKINDIA,25-May-17,162.5,CE,0,0,0,1.65,2.1,0,0,0,0,17-Apr-17
OPTSTK,BANKINDIA,25-May-17,165,CE,0,0,0,1.55,1.65,0,0,6000,0,17-Apr-17
OPTSTK,BANKINDIA,25-May-17,167.5,CE,0,0,0,1.1,1.3,0,0,0,0,17-Apr-17
OPTSTK,BANKINDIA,25-May-17,170,CE,0,0,0,1.05,1,0,0,0,0,17-Apr-17
OPTSTK,BANKINDIA,25-May-17,172.5,CE,0,0,0,0.7,0.8,0,0,0,0,17-Apr-17
OPTSTK,BANKINDIA,25-May-17,175,CE,0,0,0,0.75,0.6,0,0,0,0,17-Apr-17
OPTSTK,BANKINDIA,25-May-17,80,PE,0,0,0,0.05,0,0,0,0,0,17-Apr-17
OPTSTK,BANKINDIA,25-May-17,85,PE,0,0,0,0.15,0,0,0,0,0,17-Apr-17
OPTSTK,BANKINDIA,25-May-17,90,PE,0,0,0,0.25,0,0,0,0,0,17-Apr-17
OPTSTK,BANKINDIA,25-May-17,95,PE,0,0,0,0.5,0,0,0,0,0,17-Apr-17
OPTSTK,BANKINDIA,25-May-17,100,PE,0,0,0,0.95,0,0,0,0,0,17-Apr-17
OPTSTK,BANKINDIA,25-May-17,102.5,PE,0,0,0,0.1,0,0,0,0,0,17-Apr-17
OPTSTK,BANKINDIA,25-May-17,105,PE,0,0,0,1.6,0,0,0,0,0,17-Apr-17
OPTSTK,BANKINDIA,25-May-17,107.5,PE,0,0,0,0.25,0.05,0,0,0,0,17-Apr-17
OPTSTK,BANKINDIA,25-May-17,110,PE,0,0,0,2.55,0.05,0,0,0,0,17-Apr-17
OPTSTK,BANKINDIA,25-May-17,112.5,PE,0,0,0,0.5,0.05,0,0,0,0,17-Apr-17
OPTSTK,BANKINDIA,25-May-17,115,PE,0,0,0,3.85,0.1,0,0,0,0,17-Apr-17
OPTSTK,BANKINDIA,25-May-17,117.5,PE,0,0,0,1,0.15,0,0,0,0,17-Apr-17
OPTSTK,BANKINDIA,25-May-17,120,PE,0,0,0,5.55,0.2,0,0,0,0,17-Apr-17
OPTSTK,BANKINDIA,25-May-17,122.5,PE,0,0,0,1.8,0.3,0,0,0,0,17-Apr-17
OPTSTK,BANKINDIA,25-May-17,125,PE,0,0,0,1.15,0.45,0,0,12000,0,17-Apr-17
OPTSTK,BANKINDIA,25-May-17,127.5,PE,0,0,0,2.95,0.7,0,0,0,0,17-Apr-17
OPTSTK,BANKINDIA,25-May-17,130,PE,0,0,0,10.15,1,0,0,0,0,17-Apr-17
OPTSTK,BANKINDIA,25-May-17,132.5,PE,0,0,0,4.55,1.4,0,0,0,0,17-Apr-17
OPTSTK,BANKINDIA,25-May-17,135,PE,0,0,0,13,1.85,0,0,0,0,17-Apr-17
OPTSTK,BANKINDIA,25-May-17,137.5,PE,0,0,0,6.7,2.5,0,0,0,0,17-Apr-17
OPTSTK,BANKINDIA,25-May-17,140,PE,3.8,3.8,3.8,3.8,3.8,1,8.62,12000,6000,17-Apr-17
OPTSTK,BANKINDIA,25-May-17,142.5,PE,0,0,0,9.3,4.1,0,0,0,0,17-Apr-17
OPTSTK,BANKINDIA,25-May-17,145,PE,5.95,5.95,5.95,5.95,5.95,1,9.05,6000,6000,17-Apr-17
OPTSTK,BANKINDIA,25-May-17,147.5,PE,0,0,0,12.4,6.35,0,0,0,0,17-Apr-17
OPTSTK,BANKINDIA,25-May-17,150,PE,0,0,0,23.65,7.65,0,0,0,0,17-Apr-17
OPTSTK,BANKINDIA,25-May-17,152.5,PE,0,0,0,15.95,9.15,0,0,0,0,17-Apr-17
OPTSTK,BANKINDIA,25-May-17,155,PE,0,0,0,27.7,10.75,0,0,0,0,17-Apr-17
OPTSTK,BANKINDIA,25-May-17,157.5,PE,0,0,0,19.8,12.5,0,0,0,0,17-Apr-17
OPTSTK,BANKINDIA,25-May-17,160,PE,0,0,0,31.95,14.35,0,0,0,0,17-Apr-17
OPTSTK,BANKINDIA,25-May-17,162.5,PE,0,0,0,24,16.3,0,0,0,0,17-Apr-17
OPTSTK,BANKINDIA,25-May-17,165,PE,0,0,0,36.35,18.35,0,0,0,0,17-Apr-17
OPTSTK,BANKINDIA,25-May-17,167.5,PE,0,0,0,28.4,20.45,0,0,0,0,17-Apr-17
OPTSTK,BANKINDIA,25-May-17,170,PE,0,0,0,40.9,22.65,0,0,0,0,17-Apr-17
OPTSTK,BANKINDIA,25-May-17,172.5,PE,0,0,0,32.95,24.9,0,0,0,0,17-Apr-17
OPTSTK,BANKINDIA,25-May-17,175,PE,0,0,0,45.55,27.2,0,0,0,0,17-Apr-17
OPTSTK,BANKINDIA,29-Jun-17,87.5,CE,0,0,0,52.5,60.85,0,0,0,0,17-Apr-17
OPTSTK,BANKINDIA,29-Jun-17,90,CE,0,0,0,50.05,58.4,0,0,0,0,17-Apr-17
OPTSTK,BANKINDIA,29-Jun-17,92.5,CE,0,0,0,47.6,55.9,0,0,0,0,17-Apr-17
OPTSTK,BANKINDIA,29-Jun-17,95,CE,0,0,0,45.2,53.45,0,0,0,0,17-Apr-17
OPTSTK,BANKINDIA,29-Jun-17,97.5,CE,0,0,0,42.8,51,0,0,0,0,17-Apr-17
OPTSTK,BANKINDIA,29-Jun-17,100,CE,0,0,0,40.4,48.55,0,0,0,0,17-Apr-17
OPTSTK,BANKINDIA,29-Jun-17,102.5,CE,0,0,0,38.05,46.1,0,0,0,0,17-Apr-17
OPTSTK,BANKINDIA,29-Jun-17,105,CE,0,0,0,35.75,43.65,0,0,0,0,17-Apr-17
OPTSTK,BANKINDIA,29-Jun-17,107.5,CE,0,0,0,33.45,41.25,0,0,0,0,17-Apr-17
OPTSTK,BANKINDIA,29-Jun-17,110,CE,0,0,0,31.25,38.85,0,0,0,0,17-Apr-17
OPTSTK,BANKINDIA,29-Jun-17,112.5,CE,0,0,0,29.05,36.45,0,0,0,0,17-Apr-17
OPTSTK,BANKINDIA,29-Jun-17,115,CE,0,0,0,26.95,34.15,0,0,0,0,17-Apr-17
OPTSTK,BANKINDIA,29-Jun-17,117.5,CE,0,0,0,24.9,31.8,0,0,0,0,17-Apr-17
OPTSTK,BANKINDIA,29-Jun-17,120,CE,0,0,0,22.95,29.55,0,0,0,0,17-Apr-17
OPTSTK,BANKINDIA,29-Jun-17,122.5,CE,0,0,0,21.05,27.35,0,0,0,0,17-Apr-17
OPTSTK,BANKINDIA,29-Jun-17,125,CE,0,0,0,19.25,25.25,0,0,0,0,17-Apr-17
OPTSTK,BANKINDIA,29-Jun-17,127.5,CE,0,0,0,17.55,23.15,0,0,0,0,17-Apr-17
OPTSTK,BANKINDIA,29-Jun-17,130,CE,0,0,0,15.9,21.2,0,0,0,0,17-Apr-17
OPTSTK,BANKINDIA,29-Jun-17,132.5,CE,0,0,0,14.4,19.3,0,0,0,0,17-Apr-17
OPTSTK,BANKINDIA,29-Jun-17,135,CE,0,0,0,13,17.5,0,0,0,0,17-Apr-17
OPTSTK,BANKINDIA,29-Jun-17,137.5,CE,0,0,0,11.65,15.8,0,0,0,0,17-Apr-17
OPTSTK,BANKINDIA,29-Jun-17,140,CE,0,0,0,10.45,14.2,0,0,0,0,17-Apr-17
OPTSTK,BANKINDIA,29-Jun-17,142.5,CE,0,0,0,9.3,12.7,0,0,0,0,17-Apr-17
OPTSTK,BANKINDIA,29-Jun-17,145,CE,0,0,0,8.3,11.3,0,0,0,0,17-Apr-17
OPTSTK,BANKINDIA,29-Jun-17,147.5,CE,0,0,0,7.35,10.05,0,0,0,0,17-Apr-17
OPTSTK,BANKINDIA,29-Jun-17,150,CE,0,0,0,6.5,8.85,0,0,0,0,17-Apr-17
OPTSTK,BANKINDIA,29-Jun-17,152.5,CE,0,0,0,5.7,7.8,0,0,0,0,17-Apr-17
OPTSTK,BANKINDIA,29-Jun-17,155,CE,0,0,0,5.05,6.8,0,0,0,0,17-Apr-17
OPTSTK,BANKINDIA,29-Jun-17,157.5,CE,0,0,0,4.4,5.95,0,0,0,0,17-Apr-17
OPTSTK,BANKINDIA,29-Jun-17,160,CE,0,0,0,3.85,5.15,0,0,0,0,17-Apr-17
OPTSTK,BANKINDIA,29-Jun-17,162.5,CE,0,0,0,3.35,4.45,0,0,0,0,17-Apr-17
OPTSTK,BANKINDIA,29-Jun-17,165,CE,0,0,0,2.9,3.85,0,0,0,0,17-Apr-17
OPTSTK,BANKINDIA,29-Jun-17,167.5,CE,0,0,0,2.55,3.3,0,0,0,0,17-Apr-17
OPTSTK,BANKINDIA,29-Jun-17,170,CE,0,0,0,2.2,2.85,0,0,0,0,17-Apr-17
OPTSTK,BANKINDIA,29-Jun-17,172.5,CE,0,0,0,1.9,2.4,0,0,0,0,17-Apr-17
OPTSTK,BANKINDIA,29-Jun-17,175,CE,0,0,0,1.6,2.05,0,0,0,0,17-Apr-17
OPTSTK,BANKINDIA,29-Jun-17,87.5,PE,0,0,0,0.05,0,0,0,0,0,17-Apr-17
OPTSTK,BANKINDIA,29-Jun-17,90,PE,0,0,0,0.05,0,0,0,0,0,17-Apr-17
OPTSTK,BANKINDIA,29-Jun-17,92.5,PE,0,0,0,0.1,0.05,0,0,0,0,17-Apr-17
OPTSTK,BANKINDIA,29-Jun-17,95,PE,0,0,0,0.15,0.05,0,0,0,0,17-Apr-17
OPTSTK,BANKINDIA,29-Jun-17,97.5,PE,0,0,0,0.2,0.05,0,0,0,0,17-Apr-17
OPTSTK,BANKINDIA,29-Jun-17,100,PE,0,0,0,0.25,0.05,0,0,0,0,17-Apr-17
OPTSTK,BANKINDIA,29-Jun-17,102.5,PE,0,0,0,0.35,0.1,0,0,0,0,17-Apr-17
OPTSTK,BANKINDIA,29-Jun-17,105,PE,0,0,0,0.5,0.1,0,0,0,0,17-Apr-17
OPTSTK,BANKINDIA,29-Jun-17,107.5,PE,0,0,0,0.7,0.15,0,0,0,0,17-Apr-17
OPTSTK,BANKINDIA,29-Jun-17,110,PE,0,0,0,0.9,0.2,0,0,0,0,17-Apr-17
OPTSTK,BANKINDIA,29-Jun-17,112.5,PE,0,0,0,1.2,0.3,0,0,0,0,17-Apr-17
OPTSTK,BANKINDIA,29-Jun-17,115,PE,0,0,0,1.55,0.45,0,0,0,0,17-Apr-17
OPTSTK,BANKINDIA,29-Jun-17,117.5,PE,0,0,0,1.95,0.6,0,0,0,0,17-Apr-17
OPTSTK,BANKINDIA,29-Jun-17,120,PE,0,0,0,2.45,0.8,0,0,0,0,17-Apr-17
OPTSTK,BANKINDIA,29-Jun-17,122.5,PE,0,0,0,3,1.1,0,0,0,0,17-Apr-17
OPTSTK,BANKINDIA,29-Jun-17,125,PE,0,0,0,3.7,1.4,0,0,0,0,17-Apr-17
OPTSTK,BANKINDIA,29-Jun-17,127.5,PE,0,0,0,4.45,1.8,0,0,0,0,17-Apr-17
OPTSTK,BANKINDIA,29-Jun-17,130,PE,0,0,0,5.25,2.3,0,0,0,0,17-Apr-17
OPTSTK,BANKINDIA,29-Jun-17,132.5,PE,0,0,0,6.2,2.9,0,0,0,0,17-Apr-17
OPTSTK,BANKINDIA,29-Jun-17,135,PE,0,0,0,7.25,3.55,0,0,0,0,17-Apr-17
OPTSTK,BANKINDIA,29-Jun-17,137.5,PE,0,0,0,8.4,4.3,0,0,0,0,17-Apr-17
OPTSTK,BANKINDIA,29-Jun-17,140,PE,0,0,0,9.65,5.2,0,0,0,0,17-Apr-17
OPTSTK,BANKINDIA,29-Jun-17,142.5,PE,0,0,0,10.95,6.15,0,0,0,0,17-Apr-17
OPTSTK,BANKINDIA,29-Jun-17,145,PE,0,0,0,12.4,7.25,0,0,0,0,17-Apr-17
OPTSTK,BANKINDIA,29-Jun-17,147.5,PE,0,0,0,13.9,8.45,0,0,0,0,17-Apr-17
OPTSTK,BANKINDIA,29-Jun-17,150,PE,0,0,0,15.5,9.7,0,0,0,0,17-Apr-17
OPTSTK,BANKINDIA,29-Jun-17,152.5,PE,0,0,0,17.2,11.1,0,0,0,0,17-Apr-17
OPTSTK,BANKINDIA,29-Jun-17,155,PE,0,0,0,18.95,12.6,0,0,0,0,17-Apr-17
OPTSTK,BANKINDIA,29-Jun-17,157.5,PE,0,0,0,20.8,14.2,0,0,0,0,17-Apr-17
OPTSTK,BANKINDIA,29-Jun-17,160,PE,0,0,0,22.7,15.9,0,0,0,0,17-Apr-17
OPTSTK,BANKINDIA,29-Jun-17,162.5,PE,0,0,0,24.65,17.65,0,0,0,0,17-Apr-17
OPTSTK,BANKINDIA,29-Jun-17,165,PE,0,0,0,26.7,19.55,0,0,0,0,17-Apr-17
OPTSTK,BANKINDIA,29-Jun-17,167.5,PE,0,0,0,28.75,21.45,0,0,0,0,17-Apr-17
OPTSTK,BANKINDIA,29-Jun-17,170,PE,0,0,0,30.9,23.45,0,0,0,0,17-Apr-17
OPTSTK,BANKINDIA,29-Jun-17,172.5,PE,0,0,0,33.05,25.5,0,0,0,0,17-Apr-17
OPTSTK,BANKINDIA,29-Jun-17,175,PE,0,0,0,35.25,27.6,0,0,0,0,17-Apr-17
OPTSTK,BATAINDIA,27-Apr-17,300,CE,0,0,0,184.3,280.75,0,0,0,0,17-Apr-17
OPTSTK,BATAINDIA,27-Apr-17,310,CE,0,0,0,174.5,270.75,0,0,0,0,17-Apr-17
OPTSTK,BATAINDIA,27-Apr-17,320,CE,0,0,0,164.7,260.8,0,0,0,0,17-Apr-17
OPTSTK,BATAINDIA,27-Apr-17,330,CE,0,0,0,154.9,250.8,0,0,0,0,17-Apr-17
OPTSTK,BATAINDIA,27-Apr-17,340,CE,0,0,0,145.15,240.8,0,0,0,0,17-Apr-17
OPTSTK,BATAINDIA,27-Apr-17,350,CE,0,0,0,135.45,230.85,0,0,0,0,17-Apr-17
OPTSTK,BATAINDIA,27-Apr-17,360,CE,0,0,0,125.85,220.85,0,0,0,0,17-Apr-17
OPTSTK,BATAINDIA,27-Apr-17,370,CE,0,0,0,116.35,210.85,0,0,0,0,17-Apr-17
OPTSTK,BATAINDIA,27-Apr-17,380,CE,0,0,0,107.05,200.9,0,0,0,0,17-Apr-17
OPTSTK,BATAINDIA,27-Apr-17,390,CE,0,0,0,97.95,190.9,0,0,0,0,17-Apr-17
OPTSTK,BATAINDIA,27-Apr-17,400,CE,0,0,0,89.05,180.9,0,0,0,0,17-Apr-17
OPTSTK,BATAINDIA,27-Apr-17,410,CE,0,0,0,80.5,170.95,0,0,0,0,17-Apr-17
OPTSTK,BATAINDIA,27-Apr-17,420,CE,0,0,0,72.3,160.95,0,0,0,0,17-Apr-17
OPTSTK,BATAINDIA,27-Apr-17,430,CE,0,0,0,64.5,150.95,0,0,0,0,17-Apr-17
OPTSTK,BATAINDIA,27-Apr-17,440,CE,0,0,0,57.15,141,0,0,0,0,17-Apr-17
OPTSTK,BATAINDIA,27-Apr-17,450,CE,0,0,0,50.3,131,0,0,0,0,17-Apr-17
OPTSTK,BATAINDIA,27-Apr-17,460,CE,0,0,0,43.95,121,0,0,0,0,17-Apr-17
OPTSTK,BATAINDIA,27-Apr-17,470,CE,0,0,0,38.15,111.05,0,0,0,0,17-Apr-17
OPTSTK,BATAINDIA,27-Apr-17,480,CE,0,0,0,80,101.05,0,0,1100,0,17-Apr-17
OPTSTK,BATAINDIA,27-Apr-17,490,CE,0,0,0,28.15,91.1,0,0,0,0,17-Apr-17
OPTSTK,BATAINDIA,27-Apr-17,500,CE,0,0,0,23.9,81.1,0,0,0,0,17-Apr-17
OPTSTK,BATAINDIA,27-Apr-17,510,CE,0,0,0,20.2,71.15,0,0,0,0,17-Apr-17
OPTSTK,BATAINDIA,27-Apr-17,520,CE,0,0,0,53.3,61.3,0,0,2200,0,17-Apr-17
OPTSTK,BATAINDIA,27-Apr-17,530,CE,0,0,0,14.1,51.55,0,0,0,0,17-Apr-17
OPTSTK,BATAINDIA,27-Apr-17,540,CE,0,0,0,24,42.15,0,0,1100,0,17-Apr-17
OPTSTK,BATAINDIA,27-Apr-17,550,CE,0,0,0,35,33.25,0,0,4400,0,17-Apr-17
OPTSTK,BATAINDIA,27-Apr-17,560,CE,0,0,0,20,25.2,0,0,18700,0,17-Apr-17
OPTSTK,BATAINDIA,27-Apr-17,570,CE,14,14,14,14,14,3,19.27,11000,-1100,17-Apr-17
OPTSTK,BATAINDIA,27-Apr-17,580,CE,11.95,17,9,14.1,14.1,25,162.57,24200,-1100,17-Apr-17
OPTSTK,BATAINDIA,27-Apr-17,590,CE,5.05,11.8,5.05,11.4,11.4,4,26.39,36300,-1100,17-Apr-17
OPTSTK,BATAINDIA,27-Apr-17,600,CE,3.5,8,3.5,6.45,6.45,26,173.22,36300,-2200,17-Apr-17
OPTSTK,BATAINDIA,27-Apr-17,610,CE,4.4,5.3,4.4,4.75,4.75,3,20.28,5500,1100,17-Apr-17
OPTSTK,BATAINDIA,27-Apr-17,620,CE,1.45,1.5,1.45,1.5,1.5,2,13.67,7700,2200,17-Apr-17
OPTSTK,BATAINDIA,27-Apr-17,630,CE,1.5,1.5,1.5,1.5,1.5,1,6.94,2200,1100,17-Apr-17
OPTSTK,BATAINDIA,27-Apr-17,640,CE,0.55,0.55,0.55,0.55,0.55,1,7.04,1100,1100,17-Apr-17
OPTSTK,BATAINDIA,27-Apr-17,650,CE,0,0,0,1,0.2,0,0,0,0,17-Apr-17
OPTSTK,BATAINDIA,27-Apr-17,660,CE,0,0,0,0.8,0.1,0,0,0,0,17-Apr-17
OPTSTK,BATAINDIA,27-Apr-17,670,CE,0,0,0,0.5,0.05,0,0,0,0,17-Apr-17
OPTSTK,BATAINDIA,27-Apr-17,680,CE,0,0,0,0.95,0.05,0,0,0,0,17-Apr-17
OPTSTK,BATAINDIA,27-Apr-17,300,PE,0,0,0,0.05,0,0,0,0,0,17-Apr-17
OPTSTK,BATAINDIA,27-Apr-17,310,PE,0,0,0,0.05,0,0,0,0,0,17-Apr-17
OPTSTK,BATAINDIA,27-Apr-17,320,PE,0,0,0,0.1,0,0,0,0,0,17-Apr-17
OPTSTK,BATAINDIA,27-Apr-17,330,PE,0,0,0,0.15,0,0,0,0,0,17-Apr-17
OPTSTK,BATAINDIA,27-Apr-17,340,PE,0,0,0,0.2,0,0,0,0,0,17-Apr-17
OPTSTK,BATAINDIA,27-Apr-17,350,PE,0,0,0,0.35,0,0,0,0,0,17-Apr-17
OPTSTK,BATAINDIA,27-Apr-17,360,PE,0,0,0,0.6,0,0,0,0,0,17-Apr-17
OPTSTK,BATAINDIA,27-Apr-17,370,PE,0,0,0,0.95,0,0,0,0,0,17-Apr-17
OPTSTK,BATAINDIA,27-Apr-17,380,PE,0,0,0,1.45,0,0,0,0,0,17-Apr-17
OPTSTK,BATAINDIA,27-Apr-17,390,PE,0,0,0,2.15,0,0,0,0,0,17-Apr-17
OPTSTK,BATAINDIA,27-Apr-17,400,PE,0,0,0,3.15,0,0,0,0,0,17-Apr-17
OPTSTK,BATAINDIA,27-Apr-17,410,PE,0,0,0,4.4,0,0,0,0,0,17-Apr-17
OPTSTK,BATAINDIA,27-Apr-17,420,PE,0,0,0,6.05,0,0,0,0,0,17-Apr-17
OPTSTK,BATAINDIA,27-Apr-17,430,PE,0,0,0,8.1,0,0,0,0,0,17-Apr-17
OPTSTK,BATAINDIA,27-Apr-17,440,PE,0,0,0,10.6,0,0,0,0,0,17-Apr-17
OPTSTK,BATAINDIA,27-Apr-17,450,PE,0,0,0,13.55,0,0,0,0,0,17-Apr-17
OPTSTK,BATAINDIA,27-Apr-17,460,PE,0,0,0,17.05,0,0,0,0,0,17-Apr-17
OPTSTK,BATAINDIA,27-Apr-17,470,PE,0,0,0,21.1,0,0,0,0,0,17-Apr-17
OPTSTK,BATAINDIA,27-Apr-17,480,PE,0,0,0,25.65,0,0,0,0,0,17-Apr-17
OPTSTK,BATAINDIA,27-Apr-17,490,PE,0,0,0,30.75,0,0,0,0,0,17-Apr-17
OPTSTK,BATAINDIA,27-Apr-17,500,PE,0,0,0,3.8,0.05,0,0,0,0,17-Apr-17
OPTSTK,BATAINDIA,27-Apr-17,510,PE,0,0,0,42.45,0.05,0,0,0,0,17-Apr-17
OPTSTK,BATAINDIA,27-Apr-17,520,PE,0,0,0,3.45,0.15,0,0,0,0,17-Apr-17
OPTSTK,BATAINDIA,27-Apr-17,530,PE,0,0,0,1.9,0.45,0,0,1100,0,17-Apr-17
OPTSTK,BATAINDIA,27-Apr-17,540,PE,2,2,1.35,1.35,1.35,3,17.87,4400,-1100,17-Apr-17
OPTSTK,BATAINDIA,27-Apr-17,550,PE,0,0,0,2.4,2.1,0,0,2200,0,17-Apr-17
OPTSTK,BATAINDIA,27-Apr-17,560,PE,7.5,7.5,3.15,3.45,3.45,5,31.03,18700,2200,17-Apr-17
OPTSTK,BATAINDIA,27-Apr-17,570,PE,9.1,9.1,9.1,9.1,9.1,1,6.37,3300,1100,17-Apr-17
OPTSTK,BATAINDIA,27-Apr-17,580,PE,8.25,8.25,8.25,8.25,8.25,1,6.47,2200,-1100,17-Apr-17
OPTSTK,BATAINDIA,27-Apr-17,590,PE,0,0,0,105.1,16.9,0,0,0,0,17-Apr-17
OPTSTK,BATAINDIA,27-Apr-17,600,PE,0,0,0,27,23.7,0,0,1100,0,17-Apr-17
OPTSTK,BATAINDIA,27-Apr-17,610,PE,0,0,0,123.3,31.6,0,0,0,0,17-Apr-17
OPTSTK,BATAINDIA,27-Apr-17,620,PE,0,0,0,132.55,40.25,0,0,0,0,17-Apr-17
OPTSTK,BATAINDIA,27-Apr-17,630,PE,0,0,0,141.95,49.5,0,0,0,0,17-Apr-17
OPTSTK,BATAINDIA,27-Apr-17,640,PE,0,0,0,151.45,59.05,0,0,0,0,17-Apr-17
OPTSTK,BATAINDIA,27-Apr-17,650,PE,0,0,0,161,68.85,0,0,0,0,17-Apr-17
OPTSTK,BATAINDIA,27-Apr-17,660,PE,0,0,0,170.6,78.75,0,0,0,0,17-Apr-17
OPTSTK,BATAINDIA,27-Apr-17,670,PE,0,0,0,171,88.7,0,0,0,0,17-Apr-17
OPTSTK,BATAINDIA,27-Apr-17,680,PE,0,0,0,162.5,98.65,0,0,0,0,17-Apr-17
OPTSTK,BATAINDIA,25-May-17,320,CE,0,0,0,182,262.4,0,0,0,0,17-Apr-17
OPTSTK,BATAINDIA,25-May-17,330,CE,0,0,0,172.15,252.45,0,0,0,0,17-Apr-17
OPTSTK,BATAINDIA,25-May-17,340,CE,0,0,0,162.35,242.5,0,0,0,0,17-Apr-17
OPTSTK,BATAINDIA,25-May-17,350,CE,0,0,0,152.5,232.6,0,0,0,0,17-Apr-17
OPTSTK,BATAINDIA,25-May-17,360,CE,0,0,0,142.75,222.65,0,0,0,0,17-Apr-17
OPTSTK,BATAINDIA,25-May-17,370,CE,0,0,0,133,212.7,0,0,0,0,17-Apr-17
OPTSTK,BATAINDIA,25-May-17,380,CE,0,0,0,123.3,202.8,0,0,0,0,17-Apr-17
OPTSTK,BATAINDIA,25-May-17,390,CE,0,0,0,113.7,192.85,0,0,0,0,17-Apr-17
OPTSTK,BATAINDIA,25-May-17,400,CE,0,0,0,104.25,182.9,0,0,0,0,17-Apr-17
OPTSTK,BATAINDIA,25-May-17,410,CE,0,0,0,95,173,0,0,0,0,17-Apr-17
OPTSTK,BATAINDIA,25-May-17,420,CE,0,0,0,86,163.05,0,0,0,0,17-Apr-17
OPTSTK,BATAINDIA,25-May-17,430,CE,0,0,0,77.25,153.15,0,0,0,0,17-Apr-17
OPTSTK,BATAINDIA,25-May-17,440,CE,0,0,0,68.9,143.2,0,0,0,0,17-Apr-17
OPTSTK,BATAINDIA,25-May-17,450,CE,0,0,0,60.95,133.35,0,0,0,0,17-Apr-17
OPTSTK,BATAINDIA,25-May-17,460,CE,0,0,0,53.45,123.45,0,0,0,0,17-Apr-17
OPTSTK,BATAINDIA,25-May-17,470,CE,0,0,0,46.5,113.65,0,0,0,0,17-Apr-17
OPTSTK,BATAINDIA,25-May-17,480,CE,0,0,0,40.1,103.95,0,0,0,0,17-Apr-17
OPTSTK,BATAINDIA,25-May-17,490,CE,0,0,0,34.25,94.35,0,0,0,0,17-Apr-17
OPTSTK,BATAINDIA,25-May-17,500,CE,0,0,0,29.05,85,0,0,0,0,17-Apr-17
OPTSTK,BATAINDIA,25-May-17,510,CE,0,0,0,24.4,75.85,0,0,0,0,17-Apr-17
OPTSTK,BATAINDIA,25-May-17,520,CE,0,0,0,20.3,67.05,0,0,0,0,17-Apr-17
OPTSTK,BATAINDIA,25-May-17,530,CE,0,0,0,16.75,58.65,0,0,0,0,17-Apr-17
OPTSTK,BATAINDIA,25-May-17,540,CE,0,0,0,13.7,50.75,0,0,0,0,17-Apr-17
OPTSTK,BATAINDIA,25-May-17,550,CE,0,0,0,11.15,43.4,0,0,0,0,17-Apr-17
OPTSTK,BATAINDIA,25-May-17,560,CE,0,0,0,8.95,36.65,0,0,0,0,17-Apr-17
OPTSTK,BATAINDIA,25-May-17,570,CE,0,0,0,7.15,30.6,0,0,0,0,17-Apr-17
OPTSTK,BATAINDIA,25-May-17,580,CE,0,0,0,5.65,25.2,0,0,0,0,17-Apr-17
OPTSTK,BATAINDIA,25-May-17,590,CE,0,0,0,4.45,20.5,0,0,0,0,17-Apr-17
OPTSTK,BATAINDIA,25-May-17,600,CE,0,0,0,3.5,16.45,0,0,0,0,17-Apr-17
OPTSTK,BATAINDIA,25-May-17,610,CE,0,0,0,2.7,13,0,0,0,0,17-Apr-17
OPTSTK,BATAINDIA,25-May-17,620,CE,0,0,0,2.1,10.15,0,0,0,0,17-Apr-17
OPTSTK,BATAINDIA,25-May-17,630,CE,0,0,0,1.6,7.85,0,0,0,0,17-Apr-17
OPTSTK,BATAINDIA,25-May-17,640,CE,0,0,0,1.2,6,0,0,0,0,17-Apr-17
OPTSTK,BATAINDIA,25-May-17,650,CE,0,0,0,0.9,4.5,0,0,0,0,17-Apr-17
OPTSTK,BATAINDIA,25-May-17,660,CE,0,0,0,0.7,3.35,0,0,0,0,17-Apr-17
OPTSTK,BATAINDIA,25-May-17,670,CE,0,0,0,0.5,2.45,0,0,0,0,17-Apr-17
OPTSTK,BATAINDIA,25-May-17,680,CE,0,0,0,0.4,1.8,0,0,0,0,17-Apr-17
OPTSTK,BATAINDIA,25-May-17,320,PE,0,0,0,0.05,0,0,0,0,0,17-Apr-17
OPTSTK,BATAINDIA,25-May-17,330,PE,0,0,0,0.05,0,0,0,0,0,17-Apr-17
OPTSTK,BATAINDIA,25-May-17,340,PE,0,0,0,0.05,0,0,0,0,0,17-Apr-17
OPTSTK,BATAINDIA,25-May-17,350,PE,0,0,0,0.1,0,0,0,0,0,17-Apr-17
OPTSTK,BATAINDIA,25-May-17,360,PE,0,0,0,0.15,0,0,0,0,0,17-Apr-17
OPTSTK,BATAINDIA,25-May-17,370,PE,0,0,0,0.25,0,0,0,0,0,17-Apr-17
OPTSTK,BATAINDIA,25-May-17,380,PE,0,0,0,0.4,0,0,0,0,0,17-Apr-17
OPTSTK,BATAINDIA,25-May-17,390,PE,0,0,0,0.65,0,0,0,0,0,17-Apr-17
OPTSTK,BATAINDIA,25-May-17,400,PE,0,0,0,1.05,0,0,0,0,0,17-Apr-17
OPTSTK,BATAINDIA,25-May-17,410,PE,0,0,0,1.6,0,0,0,0,0,17-Apr-17
OPTSTK,BATAINDIA,25-May-17,420,PE,0,0,0,2.45,0.05,0,0,0,0,17-Apr-17
OPTSTK,BATAINDIA,25-May-17,430,PE,0,0,0,3.55,0.05,0,0,0,0,17-Apr-17
OPTSTK,BATAINDIA,25-May-17,440,PE,0,0,0,5.05,0.05,0,0,0,0,17-Apr-17
OPTSTK,BATAINDIA,25-May-17,450,PE,0,0,0,6.9,0.1,0,0,0,0,17-Apr-17
OPTSTK,BATAINDIA,25-May-17,460,PE,0,0,0,9.3,0.15,0,0,0,0,17-Apr-17
OPTSTK,BATAINDIA,25-May-17,470,PE,0,0,0,12.15,0.3,0,0,0,0,17-Apr-17
OPTSTK,BATAINDIA,25-May-17,480,PE,0,0,0,15.6,0.5,0,0,0,0,17-Apr-17
OPTSTK,BATAINDIA,25-May-17,490,PE,0,0,0,19.65,0.85,0,0,0,0,17-Apr-17
OPTSTK,BATAINDIA,25-May-17,500,PE,0,0,0,24.25,1.4,0,0,0,0,17-Apr-17
OPTSTK,BATAINDIA,25-May-17,510,PE,0,0,0,29.45,2.2,0,0,0,0,17-Apr-17
OPTSTK,BATAINDIA,25-May-17,520,PE,0,0,0,35.2,3.35,0,0,0,0,17-Apr-17
OPTSTK,BATAINDIA,25-May-17,530,PE,0,0,0,41.5,4.9,0,0,0,0,17-Apr-17
OPTSTK,BATAINDIA,25-May-17,540,PE,0,0,0,48.3,6.9,0,0,0,0,17-Apr-17
OPTSTK,BATAINDIA,25-May-17,550,PE,0,0,0,55.55,9.5,0,0,0,0,17-Apr-17
OPTSTK,BATAINDIA,25-May-17,560,PE,0,0,0,63.2,12.7,0,0,0,0,17-Apr-17
OPTSTK,BATAINDIA,25-May-17,570,PE,0,0,0,71.25,16.55,0,0,0,0,17-Apr-17
OPTSTK,BATAINDIA,25-May-17,580,PE,0,0,0,79.6,21.1,0,0,0,0,17-Apr-17
OPTSTK,BATAINDIA,25-May-17,590,PE,0,0,0,88.25,26.3,0,0,0,0,17-Apr-17
OPTSTK,BATAINDIA,25-May-17,600,PE,0,0,0,97.1,32.2,0,0,0,0,17-Apr-17
OPTSTK,BATAINDIA,25-May-17,610,PE,0,0,0,106.2,38.7,0,0,0,0,17-Apr-17
OPTSTK,BATAINDIA,25-May-17,620,PE,0,0,0,115.4,45.8,0,0,0,0,17-Apr-17
OPTSTK,BATAINDIA,25-May-17,630,PE,0,0,0,124.75,53.4,0,0,0,0,17-Apr-17
OPTSTK,BATAINDIA,25-May-17,640,PE,0,0,0,134.2,61.45,0,0,0,0,17-Apr-17
OPTSTK,BATAINDIA,25-May-17,650,PE,0,0,0,143.75,69.9,0,0,0,0,17-Apr-17
OPTSTK,BATAINDIA,25-May-17,660,PE,0,0,0,153.4,78.7,0,0,0,0,17-Apr-17
OPTSTK,BATAINDIA,25-May-17,670,PE,0,0,0,163.05,87.75,0,0,0,0,17-Apr-17
OPTSTK,BATAINDIA,25-May-17,680,PE,0,0,0,172.75,97,0,0,0,0,17-Apr-17
OPTSTK,BATAINDIA,29-Jun-17,370,CE,0,0,0,205.65,215,0,0,0,0,17-Apr-17
OPTSTK,BATAINDIA,29-Jun-17,380,CE,0,0,0,195.9,205.15,0,0,0,0,17-Apr-17
OPTSTK,BATAINDIA,29-Jun-17,390,CE,0,0,0,186.15,195.3,0,0,0,0,17-Apr-17
OPTSTK,BATAINDIA,29-Jun-17,400,CE,0,0,0,176.5,185.45,0,0,0,0,17-Apr-17
OPTSTK,BATAINDIA,29-Jun-17,410,CE,0,0,0,166.85,175.6,0,0,0,0,17-Apr-17
OPTSTK,BATAINDIA,29-Jun-17,420,CE,0,0,0,157.3,165.8,0,0,0,0,17-Apr-17
OPTSTK,BATAINDIA,29-Jun-17,430,CE,0,0,0,147.9,156.05,0,0,0,0,17-Apr-17
OPTSTK,BATAINDIA,29-Jun-17,440,CE,0,0,0,138.6,146.35,0,0,0,0,17-Apr-17
OPTSTK,BATAINDIA,29-Jun-17,450,CE,0,0,0,129.45,136.75,0,0,0,0,17-Apr-17
OPTSTK,BATAINDIA,29-Jun-17,460,CE,0,0,0,120.55,127.25,0,0,0,0,17-Apr-17
OPTSTK,BATAINDIA,29-Jun-17,470,CE,0,0,0,111.8,117.9,0,0,0,0,17-Apr-17
OPTSTK,BATAINDIA,29-Jun-17,480,CE,0,0,0,103.35,108.75,0,0,0,0,17-Apr-17
OPTSTK,BATAINDIA,29-Jun-17,490,CE,0,0,0,95.15,99.8,0,0,0,0,17-Apr-17
OPTSTK,BATAINDIA,29-Jun-17,500,CE,0,0,0,87.3,91.15,0,0,0,0,17-Apr-17
OPTSTK,BATAINDIA,29-Jun-17,510,CE,0,0,0,79.8,82.8,0,0,0,0,17-Apr-17
OPTSTK,BATAINDIA,29-Jun-17,520,CE,0,0,0,72.65,74.75,0,0,0,0,17-Apr-17
OPTSTK,BATAINDIA,29-Jun-17,530,CE,0,0,0,65.85,67.15,0,0,0,0,17-Apr-17
OPTSTK,BATAINDIA,29-Jun-17,540,CE,0,0,0,59.45,59.95,0,0,0,0,17-Apr-17
OPTSTK,BATAINDIA,29-Jun-17,550,CE,0,0,0,53.5,53.2,0,0,0,0,17-Apr-17
OPTSTK,BATAINDIA,29-Jun-17,560,CE,0,0,0,47.95,46.95,0,0,0,0,17-Apr-17
OPTSTK,BATAINDIA,29-Jun-17,570,CE,0,0,0,42.75,41.15,0,0,0,0,17-Apr-17
OPTSTK,BATAINDIA,29-Jun-17,580,CE,0,0,0,38.05,35.85,0,0,0,0,17-Apr-17
OPTSTK,BATAINDIA,29-Jun-17,590,CE,0,0,0,33.7,31.05,0,0,0,0,17-Apr-17
OPTSTK,BATAINDIA,29-Jun-17,600,CE,0,0,0,29.7,26.75,0,0,0,0,17-Apr-17
OPTSTK,BATAINDIA,29-Jun-17,610,CE,0,0,0,26.1,22.9,0,0,0,0,17-Apr-17
OPTSTK,BATAINDIA,29-Jun-17,620,CE,0,0,0,22.85,19.45,0,0,0,0,17-Apr-17
OPTSTK,BATAINDIA,29-Jun-17,630,CE,0,0,0,19.95,16.45,0,0,0,0,17-Apr-17
OPTSTK,BATAINDIA,29-Jun-17,640,CE,0,0,0,17.4,13.85,0,0,0,0,17-Apr-17
OPTSTK,BATAINDIA,29-Jun-17,650,CE,0,0,0,15.1,11.6,0,0,0,0,17-Apr-17
OPTSTK,BATAINDIA,29-Jun-17,660,CE,0,0,0,13,9.65,0,0,0,0,17-Apr-17
OPTSTK,BATAINDIA,29-Jun-17,670,CE,0,0,0,11.2,7.95,0,0,0,0,17-Apr-17
OPTSTK,BATAINDIA,29-Jun-17,680,CE,0,0,0,9.6,6.55,0,0,0,0,17-Apr-17
OPTSTK,BATAINDIA,29-Jun-17,370,PE,0,0,0,0.1,0.05,0,0,0,0,17-Apr-17
OPTSTK,BATAINDIA,29-Jun-17,380,PE,0,0,0,0.2,0.05,0,0,0,0,17-Apr-17
OPTSTK,BATAINDIA,29-Jun-17,390,PE,0,0,0,0.3,0.05,0,0,0,0,17-Apr-17
OPTSTK,BATAINDIA,29-Jun-17,400,PE,0,0,0,0.45,0.05,0,0,0,0,17-Apr-17
OPTSTK,BATAINDIA,29-Jun-17,410,PE,0,0,0,0.65,0.1,0,0,0,0,17-Apr-17
OPTSTK,BATAINDIA,29-Jun-17,420,PE,0,0,0,0.95,0.2,0,0,0,0,17-Apr-17
OPTSTK,BATAINDIA,29-Jun-17,430,PE,0,0,0,1.35,0.3,0,0,0,0,17-Apr-17
OPTSTK,BATAINDIA,29-Jun-17,440,PE,0,0,0,1.9,0.5,0,0,0,0,17-Apr-17
OPTSTK,BATAINDIA,29-Jun-17,450,PE,0,0,0,2.6,0.75,0,0,0,0,17-Apr-17
OPTSTK,BATAINDIA,29-Jun-17,460,PE,0,0,0,3.5,1.1,0,0,0,0,17-Apr-17
OPTSTK,BATAINDIA,29-Jun-17,470,PE,0,0,0,4.6,1.65,0,0,0,0,17-Apr-17
OPTSTK,BATAINDIA,29-Jun-17,480,PE,0,0,0,6,2.35,0,0,0,0,17-Apr-17
OPTSTK,BATAINDIA,29-Jun-17,490,PE,0,0,0,7.65,3.3,0,0,0,0,17-Apr-17
OPTSTK,BATAINDIA,29-Jun-17,500,PE,0,0,0,9.6,4.5,0,0,0,0,17-Apr-17
OPTSTK,BATAINDIA,29-Jun-17,510,PE,0,0,0,11.95,6,0,0,0,0,17-Apr-17
OPTSTK,BATAINDIA,29-Jun-17,520,PE,0,0,0,14.6,7.85,0,0,0,0,17-Apr-17
OPTSTK,BATAINDIA,29-Jun-17,530,PE,0,0,0,17.65,10.1,0,0,0,0,17-Apr-17
OPTSTK,BATAINDIA,29-Jun-17,540,PE,0,0,0,21.1,12.8,0,0,0,0,17-Apr-17
OPTSTK,BATAINDIA,29-Jun-17,550,PE,0,0,0,24.95,15.9,0,0,0,0,17-Apr-17
OPTSTK,BATAINDIA,29-Jun-17,560,PE,0,0,0,29.25,19.5,0,0,0,0,17-Apr-17
OPTSTK,BATAINDIA,29-Jun-17,570,PE,0,0,0,33.9,23.6,0,0,0,0,17-Apr-17
OPTSTK,BATAINDIA,29-Jun-17,580,PE,0,0,0,39,28.15,0,0,0,0,17-Apr-17
OPTSTK,BATAINDIA,29-Jun-17,590,PE,0,0,0,44.5,33.25,0,0,0,0,17-Apr-17
OPTSTK,BATAINDIA,29-Jun-17,600,PE,0,0,0,50.35,38.8,0,0,0,0,17-Apr-17
OPTSTK,BATAINDIA,29-Jun-17,610,PE,0,0,0,56.6,44.8,0,0,0,0,17-Apr-17
OPTSTK,BATAINDIA,29-Jun-17,620,PE,0,0,0,63.2,51.25,0,0,0,0,17-Apr-17
OPTSTK,BATAINDIA,29-Jun-17,630,PE,0,0,0,70.1,58.15,0,0,0,0,17-Apr-17
OPTSTK,BATAINDIA,29-Jun-17,640,PE,0,0,0,77.4,65.4,0,0,0,0,17-Apr-17
OPTSTK,BATAINDIA,29-Jun-17,650,PE,0,0,0,84.9,73,0,0,0,0,17-Apr-17
OPTSTK,BATAINDIA,29-Jun-17,660,PE,0,0,0,92.7,80.9,0,0,0,0,17-Apr-17
OPTSTK,BATAINDIA,29-Jun-17,670,PE,0,0,0,100.7,89.1,0,0,0,0,17-Apr-17
OPTSTK,BATAINDIA,29-Jun-17,680,PE,0,0,0,108.95,97.6,0,0,0,0,17-Apr-17
OPTSTK,BEL,27-Apr-17,20,CE,0,0,0,133.55,151.15,0,0,0,0,17-Apr-17
OPTSTK,BEL,27-Apr-17,40,CE,0,0,0,113.65,131.2,0,0,0,0,17-Apr-17
OPTSTK,BEL,27-Apr-17,60,CE,0,0,0,93.75,111.2,0,0,0,0,17-Apr-17
OPTSTK,BEL,27-Apr-17,80,CE,0,0,0,73.85,91.25,0,0,0,0,17-Apr-17
OPTSTK,BEL,27-Apr-17,90,CE,0,0,0,629.25,81.3,0,0,0,0,17-Apr-17
OPTSTK,BEL,27-Apr-17,95,CE,0,0,0,580.15,76.3,0,0,0,0,17-Apr-17
OPTSTK,BEL,27-Apr-17,100,CE,0,0,0,531.1,71.3,0,0,0,0,17-Apr-17
OPTSTK,BEL,27-Apr-17,105,CE,0,0,0,482.2,66.3,0,0,0,0,17-Apr-17
OPTSTK,BEL,27-Apr-17,110,CE,0,0,0,433.75,61.3,0,0,0,0,17-Apr-17
OPTSTK,BEL,27-Apr-17,115,CE,0,0,0,386,56.3,0,0,0,0,17-Apr-17
OPTSTK,BEL,27-Apr-17,120,CE,0,0,0,339.4,51.35,0,0,0,0,17-Apr-17
OPTSTK,BEL,27-Apr-17,125,CE,0,0,0,294.5,46.35,0,0,0,0,17-Apr-17
OPTSTK,BEL,27-Apr-17,130,CE,0,0,0,251.85,41.35,0,0,0,0,17-Apr-17
OPTSTK,BEL,27-Apr-17,135,CE,0,0,0,212.15,36.35,0,0,0,0,17-Apr-17
OPTSTK,BEL,27-Apr-17,140,CE,0,0,0,175.95,31.35,0,0,0,0,17-Apr-17
OPTSTK,BEL,27-Apr-17,145,CE,0,0,0,143.45,26.4,0,0,0,0,17-Apr-17
OPTSTK,BEL,27-Apr-17,150,CE,0,0,0,26.05,21.4,0,0,40500,0,17-Apr-17
OPTSTK,BEL,27-Apr-17,155,CE,0,0,0,16.05,16.6,0,0,63000,0,17-Apr-17
OPTSTK,BEL,27-Apr-17,160,CE,13.05,13.05,10.8,11.75,11.75,6,46.42,274500,-4500,17-Apr-17
OPTSTK,BEL,27-Apr-17,165,CE,8.1,8.1,8.1,8.1,8.1,2,15.57,252000,-9000,17-Apr-17
OPTSTK,BEL,27-Apr-17,170,CE,4.9,5.3,4.1,4.9,4.9,38,298.75,418500,22500,17-Apr-17
OPTSTK,BEL,27-Apr-17,175,CE,2.75,3.55,2.35,2.95,2.95,79,632.22,1003500,0,17-Apr-17
OPTSTK,BEL,27-Apr-17,180,CE,1.45,2.05,1.4,1.8,1.8,91,743.98,1741500,-9000,17-Apr-17
OPTSTK,BEL,27-Apr-17,185,CE,1.2,1.25,0.8,1.1,1.1,32,267.8,1255500,18000,17-Apr-17
OPTSTK,BEL,27-Apr-17,190,CE,0.55,0.6,0.5,0.6,0.6,23,197.22,274500,27000,17-Apr-17
OPTSTK,BEL,27-Apr-17,195,CE,0.25,0.25,0.25,0.25,0.25,2,17.57,36000,-4500,17-Apr-17
OPTSTK,BEL,27-Apr-17,200,CE,0.2,0.2,0.2,0.2,0.2,2,18.01,81000,0,17-Apr-17
OPTSTK,BEL,27-Apr-17,220,CE,0,0,0,3.3,0,0,0,0,0,17-Apr-17
OPTSTK,BEL,27-Apr-17,240,CE,0,0,0,1.4,0,0,0,4500,0,17-Apr-17
OPTSTK,BEL,27-Apr-17,260,CE,0,0,0,0.05,0,0,0,0,0,17-Apr-17
OPTSTK,BEL,27-Apr-17,280,CE,0,0,0,0.05,0,0,0,0,0,17-Apr-17
OPTSTK,BEL,27-Apr-17,300,CE,0,0,0,0.05,0,0,0,0,0,17-Apr-17
OPTSTK,BEL,27-Apr-17,320,CE,0,0,0,0.05,0,0,0,0,0,17-Apr-17
OPTSTK,BEL,27-Apr-17,340,CE,0,0,0,0.05,0,0,0,0,0,17-Apr-17
OPTSTK,BEL,27-Apr-17,360,CE,0,0,0,0.05,0,0,0,0,0,17-Apr-17
OPTSTK,BEL,27-Apr-17,380,CE,0,0,0,0.05,0,0,0,0,0,17-Apr-17
OPTSTK,BEL,27-Apr-17,20,PE,0,0,0,0.05,0,0,0,0,0,17-Apr-17
OPTSTK,BEL,27-Apr-17,40,PE,0,0,0,0.05,0,0,0,0,0,17-Apr-17
OPTSTK,BEL,27-Apr-17,60,PE,0,0,0,0.05,0,0,0,0,0,17-Apr-17
OPTSTK,BEL,27-Apr-17,80,PE,0,0,0,0.05,0,0,0,0,0,17-Apr-17
OPTSTK,BEL,27-Apr-17,90,PE,0,0,0,0.05,0,0,0,0,0,17-Apr-17
OPTSTK,BEL,27-Apr-17,95,PE,0,0,0,0.1,0,0,0,0,0,17-Apr-17
OPTSTK,BEL,27-Apr-17,100,PE,0,0,0,0.2,0,0,0,0,0,17-Apr-17
OPTSTK,BEL,27-Apr-17,105,PE,0,0,0,0.55,0,0,0,0,0,17-Apr-17
OPTSTK,BEL,27-Apr-17,110,PE,0,0,0,1.25,0,0,0,0,0,17-Apr-17
OPTSTK,BEL,27-Apr-17,115,PE,0,0,0,2.65,0,0,0,0,0,17-Apr-17
OPTSTK,BEL,27-Apr-17,120,PE,0,0,0,5.25,0,0,0,0,0,17-Apr-17
OPTSTK,BEL,27-Apr-17,125,PE,0,0,0,9.5,0,0,0,0,0,17-Apr-17
OPTSTK,BEL,27-Apr-17,130,PE,0,0,0,16.1,0,0,0,0,0,17-Apr-17
OPTSTK,BEL,27-Apr-17,135,PE,0,0,0,25.55,0,0,0,0,0,17-Apr-17
OPTSTK,BEL,27-Apr-17,140,PE,0,0,0,0.1,0,0,0,117000,0,17-Apr-17
OPTSTK,BEL,27-Apr-17,145,PE,0.1,0.1,0.1,0.1,0.1,1,6.52,108000,-4500,17-Apr-17
OPTSTK,BEL,27-Apr-17,150,PE,0,0,0,0.2,0.05,0,0,270000,0,17-Apr-17
OPTSTK,BEL,27-Apr-17,155,PE,0.3,0.3,0.3,0.3,0.3,1,6.98,324000,-4500,17-Apr-17
OPTSTK,BEL,27-Apr-17,160,PE,0.6,0.75,0.55,0.6,0.6,15,108.44,621000,9000,17-Apr-17
OPTSTK,BEL,27-Apr-17,165,PE,1.4,1.55,1.25,1.3,1.3,15,112.29,351000,-4500,17-Apr-17
OPTSTK,BEL,27-Apr-17,170,PE,3.15,3.9,2.9,3.05,3.05,24,187.08,418500,0,17-Apr-17
OPTSTK,BEL,27-Apr-17,175,PE,6,6.65,5.5,5.85,5.85,48,390.87,828000,40500,17-Apr-17
OPTSTK,BEL,27-Apr-17,180,PE,0,0,0,9.7,9.85,0,0,31500,0,17-Apr-17
OPTSTK,BEL,27-Apr-17,185,PE,0,0,0,321.2,14.1,0,0,0,0,17-Apr-17
OPTSTK,BEL,27-Apr-17,190,PE,0,0,0,365.8,18.8,0,0,0,0,17-Apr-17
OPTSTK,BEL,27-Apr-17,195,PE,0,0,0,411.6,23.65,0,0,0,0,17-Apr-17
OPTSTK,BEL,27-Apr-17,200,PE,0,0,0,31.35,28.6,0,0,9000,0,17-Apr-17
OPTSTK,BEL,27-Apr-17,220,PE,0,0,0,583.85,48.55,0,0,0,0,17-Apr-17
OPTSTK,BEL,27-Apr-17,240,PE,0,0,0,85.4,68.5,0,0,0,0,17-Apr-17
OPTSTK,BEL,27-Apr-17,260,PE,0,0,0,105.3,88.45,0,0,0,0,17-Apr-17
OPTSTK,BEL,27-Apr-17,280,PE,0,0,0,125.2,108.45,0,0,0,0,17-Apr-17
OPTSTK,BEL,27-Apr-17,300,PE,0,0,0,145.1,128.4,0,0,0,0,17-Apr-17
OPTSTK,BEL,27-Apr-17,320,PE,0,0,0,165,148.35,0,0,0,0,17-Apr-17
OPTSTK,BEL,27-Apr-17,340,PE,0,0,0,184.9,168.35,0,0,0,0,17-Apr-17
OPTSTK,BEL,27-Apr-17,360,PE,0,0,0,204.8,188.3,0,0,0,0,17-Apr-17
OPTSTK,BEL,27-Apr-17,380,PE,0,0,0,224.7,208.25,0,0,0,0,17-Apr-17
OPTSTK,BEL,25-May-17,20,CE,0,0,0,133.65,151.25,0,0,0,0,17-Apr-17
OPTSTK,BEL,25-May-17,40,CE,0,0,0,113.9,131.4,0,0,0,0,17-Apr-17
OPTSTK,BEL,25-May-17,60,CE,0,0,0,94.1,111.5,0,0,0,0,17-Apr-17
OPTSTK,BEL,25-May-17,80,CE,0,0,0,74.3,91.65,0,0,0,0,17-Apr-17
OPTSTK,BEL,25-May-17,90,CE,0,0,0,619.6,81.75,0,0,0,0,17-Apr-17
OPTSTK,BEL,25-May-17,95,CE,0,0,0,570.4,76.75,0,0,0,0,17-Apr-17
OPTSTK,BEL,25-May-17,100,CE,0,0,0,521.25,71.8,0,0,0,0,17-Apr-17
OPTSTK,BEL,25-May-17,105,CE,0,0,0,472.2,66.85,0,0,0,0,17-Apr-17
OPTSTK,BEL,25-May-17,110,CE,0,0,0,423.4,61.85,0,0,0,0,17-Apr-17
OPTSTK,BEL,25-May-17,115,CE,0,0,0,375.15,56.9,0,0,0,0,17-Apr-17
OPTSTK,BEL,25-May-17,120,CE,0,0,0,327.85,51.95,0,0,0,0,17-Apr-17
OPTSTK,BEL,25-May-17,125,CE,0,0,0,282.1,47,0,0,0,0,17-Apr-17
OPTSTK,BEL,25-May-17,130,CE,0,0,0,238.6,42.05,0,0,0,0,17-Apr-17
OPTSTK,BEL,25-May-17,135,CE,0,0,0,198.05,37.15,0,0,0,0,17-Apr-17
OPTSTK,BEL,25-May-17,140,CE,0,0,0,161.25,32.35,0,0,0,0,17-Apr-17
OPTSTK,BEL,25-May-17,145,CE,0,0,0,128.5,27.65,0,0,0,0,17-Apr-17
OPTSTK,BEL,25-May-17,150,CE,0,0,0,100.35,23.2,0,0,0,0,17-Apr-17
OPTSTK,BEL,25-May-17,155,CE,0,0,0,76.75,19.05,0,0,0,0,17-Apr-17
OPTSTK,BEL,25-May-17,160,CE,0,0,0,57.5,15.3,0,0,0,0,17-Apr-17
OPTSTK,BEL,25-May-17,165,CE,0,0,0,42.2,11.95,0,0,0,0,17-Apr-17
OPTSTK,BEL,25-May-17,170,CE,0,0,0,6.8,9.1,0,0,18000,0,17-Apr-17
OPTSTK,BEL,25-May-17,175,CE,0,0,0,21.5,6.75,0,0,0,0,17-Apr-17
OPTSTK,BEL,25-May-17,180,CE,3.55,4,3.55,4,4,8,66.15,40500,36000,17-Apr-17
OPTSTK,BEL,25-May-17,185,CE,0,0,0,10.15,3.45,0,0,0,0,17-Apr-17
OPTSTK,BEL,25-May-17,190,CE,0,0,0,6.85,2.35,0,0,0,0,17-Apr-17
OPTSTK,BEL,25-May-17,195,CE,0,0,0,4.5,1.6,0,0,0,0,17-Apr-17
OPTSTK,BEL,25-May-17,200,CE,0,0,0,2.95,1.05,0,0,0,0,17-Apr-17
OPTSTK,BEL,25-May-17,220,CE,0,0,0,0.4,0.15,0,0,0,0,17-Apr-17
OPTSTK,BEL,25-May-17,240,CE,0,0,0,0.05,0.05,0,0,0,0,17-Apr-17
OPTSTK,BEL,25-May-17,260,CE,0,0,0,0.05,0,0,0,0,0,17-Apr-17
OPTSTK,BEL,25-May-17,280,CE,0,0,0,0.05,0,0,0,0,0,17-Apr-17
OPTSTK,BEL,25-May-17,300,CE,0,0,0,0.05,0,0,0,0,0,17-Apr-17
OPTSTK,BEL,25-May-17,320,CE,0,0,0,0.05,0,0,0,0,0,17-Apr-17
OPTSTK,BEL,25-May-17,340,CE,0,0,0,0.05,0,0,0,0,0,17-Apr-17
OPTSTK,BEL,25-May-17,360,CE,0,0,0,0.05,0,0,0,0,0,17-Apr-17
OPTSTK,BEL,25-May-17,380,CE,0,0,0,0.05,0,0,0,0,0,17-Apr-17
OPTSTK,BEL,25-May-17,20,PE,0,0,0,0.05,0,0,0,0,0,17-Apr-17
OPTSTK,BEL,25-May-17,40,PE,0,0,0,0.05,0,0,0,0,0,17-Apr-17
OPTSTK,BEL,25-May-17,60,PE,0,0,0,0.05,0,0,0,0,0,17-Apr-17
OPTSTK,BEL,25-May-17,80,PE,0,0,0,0.05,0,0,0,0,0,17-Apr-17
OPTSTK,BEL,25-May-17,90,PE,0,0,0,0.05,0,0,0,0,0,17-Apr-17
OPTSTK,BEL,25-May-17,95,PE,0,0,0,0.05,0,0,0,0,0,17-Apr-17
OPTSTK,BEL,25-May-17,100,PE,0,0,0,0.1,0,0,0,0,0,17-Apr-17
OPTSTK,BEL,25-May-17,105,PE,0,0,0,0.25,0,0,0,0,0,17-Apr-17
OPTSTK,BEL,25-May-17,110,PE,0,0,0,0.7,0,0,0,0,0,17-Apr-17
OPTSTK,BEL,25-May-17,115,PE,0,0,0,1.65,0,0,0,0,0,17-Apr-17
OPTSTK,BEL,25-May-17,120,PE,0,0,0,3.55,0,0,0,0,0,17-Apr-17
OPTSTK,BEL,25-May-17,125,PE,0,0,0,7.05,0.05,0,0,0,0,17-Apr-17
OPTSTK,BEL,25-May-17,130,PE,0,0,0,12.75,0.05,0,0,0,0,17-Apr-17
OPTSTK,BEL,25-May-17,135,PE,0,0,0,21.45,0.15,0,0,0,0,17-Apr-17
OPTSTK,BEL,25-May-17,140,PE,0,0,0,33.8,0.3,0,0,0,0,17-Apr-17
OPTSTK,BEL,25-May-17,145,PE,0,0,0,50.3,0.6,0,0,0,0,17-Apr-17
OPTSTK,BEL,25-May-17,150,PE,0,0,0,71.4,1.1,0,0,0,0,17-Apr-17
OPTSTK,BEL,25-May-17,155,PE,0,0,0,96.95,1.9,0,0,0,0,17-Apr-17
OPTSTK,BEL,25-May-17,160,PE,0,0,0,126.95,3.1,0,0,0,0,17-Apr-17
OPTSTK,BEL,25-May-17,165,PE,0,0,0,160.85,4.75,0,0,0,0,17-Apr-17
OPTSTK,BEL,25-May-17,170,PE,0,0,0,5.45,6.85,0,0,144000,0,17-Apr-17
OPTSTK,BEL,25-May-17,175,PE,0,0,0,238.6,9.5,0,0,0,0,17-Apr-17
OPTSTK,BEL,25-May-17,180,PE,0,0,0,281.2,12.55,0,0,0,0,17-Apr-17
OPTSTK,BEL,25-May-17,185,PE,0,0,0,325.7,16.1,0,0,0,0,17-Apr-17
OPTSTK,BEL,25-May-17,190,PE,0,0,0,371.55,20,0,0,0,0,17-Apr-17
OPTSTK,BEL,25-May-17,195,PE,0,0,0,418.45,24.2,0,0,0,0,17-Apr-17
OPTSTK,BEL,25-May-17,200,PE,0,0,0,466.1,28.6,0,0,0,0,17-Apr-17
OPTSTK,BEL,25-May-17,220,PE,0,0,0,52.5,47.6,0,0,0,0,17-Apr-17
OPTSTK,BEL,25-May-17,240,PE,0,0,0,84.15,67.3,0,0,0,0,17-Apr-17
OPTSTK,BEL,25-May-17,260,PE,0,0,0,103.9,87.15,0,0,0,0,17-Apr-17
OPTSTK,BEL,25-May-17,280,PE,0,0,0,123.7,107.05,0,0,0,0,17-Apr-17
OPTSTK,BEL,25-May-17,300,PE,0,0,0,143.5,126.9,0,0,0,0,17-Apr-17
OPTSTK,BEL,25-May-17,320,PE,0,0,0,163.3,146.75,0,0,0,0,17-Apr-17
OPTSTK,BEL,25-May-17,340,PE,0,0,0,183.1,166.65,0,0,0,0,17-Apr-17
OPTSTK,BEL,25-May-17,360,PE,0,0,0,202.9,186.5,0,0,0,0,17-Apr-17
OPTSTK,BEL,25-May-17,380,PE,0,0,0,222.7,206.35,0,0,0,0,17-Apr-17
OPTSTK,BEL,29-Jun-17,20,CE,0,0,0,133.8,151.4,0,0,0,0,17-Apr-17
OPTSTK,BEL,29-Jun-17,40,CE,0,0,0,114.15,131.65,0,0,0,0,17-Apr-17
OPTSTK,BEL,29-Jun-17,60,CE,0,0,0,94.45,111.9,0,0,0,0,17-Apr-17
OPTSTK,BEL,29-Jun-17,80,CE,0,0,0,74.8,92.15,0,0,0,0,17-Apr-17
OPTSTK,BEL,29-Jun-17,100,CE,0,0,0,55.15,72.4,0,0,0,0,17-Apr-17
OPTSTK,BEL,29-Jun-17,120,CE,0,0,0,36.1,52.75,0,0,0,0,17-Apr-17
OPTSTK,BEL,29-Jun-17,140,CE,0,0,0,19.8,34,0,0,0,0,17-Apr-17
OPTSTK,BEL,29-Jun-17,160,CE,0,0,0,8.8,18.5,0,0,0,0,17-Apr-17
OPTSTK,BEL,29-Jun-17,180,CE,0,0,0,3.25,8.3,0,0,0,0,17-Apr-17
OPTSTK,BEL,29-Jun-17,200,CE,0,0,0,1,3.1,0,0,0,0,17-Apr-17
OPTSTK,BEL,29-Jun-17,220,CE,0,0,0,0.3,1,0,0,0,0,17-Apr-17
OPTSTK,BEL,29-Jun-17,240,CE,0,0,0,0.1,0.3,0,0,0,0,17-Apr-17
OPTSTK,BEL,29-Jun-17,260,CE,0,0,0,0.05,0.1,0,0,0,0,17-Apr-17
OPTSTK,BEL,29-Jun-17,280,CE,0,0,0,0.05,0.05,0,0,0,0,17-Apr-17
OPTSTK,BEL,29-Jun-17,300,CE,0,0,0,0.05,0,0,0,0,0,17-Apr-17
OPTSTK,BEL,29-Jun-17,320,CE,0,0,0,0.05,0,0,0,0,0,17-Apr-17
OPTSTK,BEL,29-Jun-17,340,CE,0,0,0,0.05,0,0,0,0,0,17-Apr-17
OPTSTK,BEL,29-Jun-17,360,CE,0,0,0,0.05,0,0,0,0,0,17-Apr-17
OPTSTK,BEL,29-Jun-17,380,CE,0,0,0,0.05,0,0,0,0,0,17-Apr-17
OPTSTK,BEL,29-Jun-17,20,PE,0,0,0,0.05,0,0,0,0,0,17-Apr-17
OPTSTK,BEL,29-Jun-17,40,PE,0,0,0,0.05,0,0,0,0,0,17-Apr-17
OPTSTK,BEL,29-Jun-17,60,PE,0,0,0,0.05,0,0,0,0,0,17-Apr-17
OPTSTK,BEL,29-Jun-17,80,PE,0,0,0,0.05,0,0,0,0,0,17-Apr-17
OPTSTK,BEL,29-Jun-17,100,PE,0,0,0,0.05,0,0,0,0,0,17-Apr-17
OPTSTK,BEL,29-Jun-17,120,PE,0,0,0,0.65,0.1,0,0,0,0,17-Apr-17
OPTSTK,BEL,29-Jun-17,140,PE,0,0,0,4,1.1,0,0,0,0,17-Apr-17
OPTSTK,BEL,29-Jun-17,160,PE,0,0,0,12.7,5.3,0,0,0,0,17-Apr-17
OPTSTK,BEL,29-Jun-17,180,PE,0,0,0,26.8,14.85,0,0,0,0,17-Apr-17
OPTSTK,BEL,29-Jun-17,200,PE,0,0,0,44.25,29.4,0,0,0,0,17-Apr-17
OPTSTK,BEL,29-Jun-17,220,PE,0,0,0,63.2,47.05,0,0,0,0,17-Apr-17
OPTSTK,BEL,29-Jun-17,240,PE,0,0,0,82.7,66.1,0,0,0,0,17-Apr-17
OPTSTK,BEL,29-Jun-17,260,PE,0,0,0,102.3,85.65,0,0,0,0,17-Apr-17
OPTSTK,BEL,29-Jun-17,280,PE,0,0,0,121.95,105.3,0,0,0,0,17-Apr-17
OPTSTK,BEL,29-Jun-17,300,PE,0,0,0,141.6,125.05,0,0,0,0,17-Apr-17
OPTSTK,BEL,29-Jun-17,320,PE,0,0,0,161.3,144.8,0,0,0,0,17-Apr-17
OPTSTK,BEL,29-Jun-17,340,PE,0,0,0,180.95,164.55,0,0,0,0,17-Apr-17
OPTSTK,BEL,29-Jun-17,360,PE,0,0,0,200.65,184.25,0,0,0,0,17-Apr-17
OPTSTK,BEL,29-Jun-17,380,PE,0,0,0,220.3,204,0,0,0,0,17-Apr-17
OPTSTK,BEML,27-Apr-17,840,CE,0,0,0,426.55,541.25,0,0,0,0,17-Apr-17
OPTSTK,BEML,27-Apr-17,850,CE,0,0,0,465.85,531.25,0,0,0,0,17-Apr-17
OPTSTK,BEML,27-Apr-17,860,CE,0,0,0,409.55,521.25,0,0,0,0,17-Apr-17
OPTSTK,BEML,27-Apr-17,880,CE,0,0,0,392.9,501.3,0,0,0,0,17-Apr-17
OPTSTK,BEML,27-Apr-17,900,CE,0,0,0,376.6,481.35,0,0,0,0,17-Apr-17
OPTSTK,BEML,27-Apr-17,920,CE,0,0,0,360.65,461.35,0,0,0,0,17-Apr-17
OPTSTK,BEML,27-Apr-17,940,CE,0,0,0,345.1,441.4,0,0,0,0,17-Apr-17
OPTSTK,BEML,27-Apr-17,950,CE,0,0,0,366.35,431.4,0,0,0,0,17-Apr-17
OPTSTK,BEML,27-Apr-17,960,CE,0,0,0,329.95,421.45,0,0,0,0,17-Apr-17
OPTSTK,BEML,27-Apr-17,980,CE,0,0,0,315.2,401.5,0,0,0,0,17-Apr-17
OPTSTK,BEML,27-Apr-17,1000,CE,0,0,0,300.85,381.5,0,0,0,0,17-Apr-17
OPTSTK,BEML,27-Apr-17,1020,CE,0,0,0,286.95,361.55,0,0,0,0,17-Apr-17
OPTSTK,BEML,27-Apr-17,1040,CE,0,0,0,275,341.6,0,0,1200,0,17-Apr-17
OPTSTK,BEML,27-Apr-17,1050,CE,0,0,0,266.9,331.6,0,0,0,0,17-Apr-17
OPTSTK,BEML,27-Apr-17,1060,CE,0,0,0,260.35,321.6,0,0,0,0,17-Apr-17
OPTSTK,BEML,27-Apr-17,1080,CE,0,0,0,247.7,301.65,0,0,0,0,17-Apr-17
OPTSTK,BEML,27-Apr-17,1100,CE,0,0,0,235.5,281.7,0,0,0,0,17-Apr-17
OPTSTK,BEML,27-Apr-17,1120,CE,0,0,0,223.8,261.7,0,0,0,0,17-Apr-17
OPTSTK,BEML,27-Apr-17,1140,CE,0,0,0,212.5,241.75,0,0,0,0,17-Apr-17
OPTSTK,BEML,27-Apr-17,1150,CE,0,0,0,169.1,231.75,0,0,0,0,17-Apr-17
OPTSTK,BEML,27-Apr-17,1160,CE,0,0,0,220,221.8,0,0,1800,0,17-Apr-17
OPTSTK,BEML,27-Apr-17,1180,CE,0,0,0,191.2,201.85,0,0,0,0,17-Apr-17
OPTSTK,BEML,27-Apr-17,1200,CE,0,0,0,130,181.9,0,0,1800,0,17-Apr-17
OPTSTK,BEML,27-Apr-17,1220,CE,0,0,0,171.55,161.95,0,0,0,0,17-Apr-17
OPTSTK,BEML,27-Apr-17,1240,CE,0,0,0,162.35,142.1,0,0,0,0,17-Apr-17
OPTSTK,BEML,27-Apr-17,1250,CE,0,0,0,83.45,132.25,0,0,0,0,17-Apr-17
OPTSTK,BEML,27-Apr-17,1260,CE,0,0,0,73,122.45,0,0,1200,0,17-Apr-17
OPTSTK,BEML,27-Apr-17,1280,CE,0,0,0,145.2,103.2,0,0,0,0,17-Apr-17
OPTSTK,BEML,27-Apr-17,1300,CE,0,0,0,98,84.6,0,0,600,0,17-Apr-17
OPTSTK,BEML,27-Apr-17,1320,CE,0,0,0,74,67.2,0,0,600,0,17-Apr-17
OPTSTK,BEML,27-Apr-17,1340,CE,0,0,0,63.1,51.4,0,0,10200,0,17-Apr-17
OPTSTK,BEML,27-Apr-17,1350,CE,0,0,0,64.45,44.2,0,0,4800,0,17-Apr-17
OPTSTK,BEML,27-Apr-17,1360,CE,43,43,43,43,43,1,8.41,14400,600,17-Apr-17
OPTSTK,BEML,27-Apr-17,1380,CE,30,34,30,33.35,33.35,4,33.9,19800,0,17-Apr-17
OPTSTK,BEML,27-Apr-17,1400,CE,25.1,27.9,19.95,23.2,23.2,43,367.17,65400,600,17-Apr-17
OPTSTK,BEML,27-Apr-17,1420,CE,18,20,16.5,16.5,16.5,3,25.88,12000,-1200,17-Apr-17
OPTSTK,BEML,27-Apr-17,1440,CE,15,15.1,15,15.1,15.1,2,17.46,8400,600,17-Apr-17
OPTSTK,BEML,27-Apr-17,1450,CE,0,0,0,15.1,4.95,0,0,600,0,17-Apr-17
OPTSTK,BEML,27-Apr-17,1460,CE,0,0,0,13,3.7,0,0,4200,0,17-Apr-17
OPTSTK,BEML,27-Apr-17,1480,CE,0,0,0,10,1.95,0,0,1200,0,17-Apr-17
OPTSTK,BEML,27-Apr-17,1500,CE,2,2,2,2,2,2,18.02,14400,0,17-Apr-17
OPTSTK,BEML,27-Apr-17,1520,CE,0,0,0,2.9,0.5,0,0,1800,0,17-Apr-17
OPTSTK,BEML,27-Apr-17,1540,CE,0,0,0,3.1,0.2,0,0,600,0,17-Apr-17
OPTSTK,BEML,27-Apr-17,1550,CE,0,0,0,0.95,0.15,0,0,0,0,17-Apr-17
OPTSTK,BEML,27-Apr-17,1600,CE,0,0,0,55.55,0.05,0,0,0,0,17-Apr-17
OPTSTK,BEML,27-Apr-17,1650,CE,0,0,0,0.1,0,0,0,0,0,17-Apr-17
OPTSTK,BEML,27-Apr-17,1700,CE,0,0,0,37.75,0,0,0,0,0,17-Apr-17
OPTSTK,BEML,27-Apr-17,840,PE,0,0,0,14.65,0,0,0,0,0,17-Apr-17
OPTSTK,BEML,27-Apr-17,850,PE,0,0,0,0.05,0,0,0,0,0,17-Apr-17
OPTSTK,BEML,27-Apr-17,860,PE,0,0,0,17.35,0,0,0,0,0,17-Apr-17
OPTSTK,BEML,27-Apr-17,880,PE,0,0,0,20.35,0,0,0,0,0,17-Apr-17
OPTSTK,BEML,27-Apr-17,900,PE,0,0,0,23.75,0,0,0,0,0,17-Apr-17
OPTSTK,BEML,27-Apr-17,920,PE,0,0,0,27.45,0,0,0,0,0,17-Apr-17
OPTSTK,BEML,27-Apr-17,940,PE,0,0,0,31.55,0,0,0,0,0,17-Apr-17
OPTSTK,BEML,27-Apr-17,950,PE,0,0,0,0.05,0,0,0,0,0,17-Apr-17
OPTSTK,BEML,27-Apr-17,960,PE,0,0,0,36.1,0,0,0,0,0,17-Apr-17
OPTSTK,BEML,27-Apr-17,980,PE,0,0,0,41.05,0,0,0,0,0,17-Apr-17
OPTSTK,BEML,27-Apr-17,1000,PE,0,0,0,46.35,0,0,0,0,0,17-Apr-17
OPTSTK,BEML,27-Apr-17,1020,PE,0,0,0,52.1,0,0,0,0,0,17-Apr-17
OPTSTK,BEML,27-Apr-17,1040,PE,0,0,0,58.25,0,0,0,0,0,17-Apr-17
OPTSTK,BEML,27-Apr-17,1050,PE,0,0,0,0.1,0,0,0,0,0,17-Apr-17
OPTSTK,BEML,27-Apr-17,1060,PE,0,0,0,64.85,0,0,0,0,0,17-Apr-17
OPTSTK,BEML,27-Apr-17,1080,PE,0,0,0,71.85,0,0,0,0,0,17-Apr-17
OPTSTK,BEML,27-Apr-17,1100,PE,0,0,0,79.35,0,0,0,0,0,17-Apr-17
OPTSTK,BEML,27-Apr-17,1120,PE,0,0,0,87.3,0,0,0,0,0,17-Apr-17
OPTSTK,BEML,27-Apr-17,1140,PE,0,0,0,95.65,0,0,0,0,0,17-Apr-17
OPTSTK,BEML,27-Apr-17,1150,PE,0,0,0,1.8,0,0,0,0,0,17-Apr-17
OPTSTK,BEML,27-Apr-17,1160,PE,0,0,0,0.05,0,0,0,600,0,17-Apr-17
OPTSTK,BEML,27-Apr-17,1180,PE,0,0,0,113.7,0,0,0,0,0,17-Apr-17
OPTSTK,BEML,27-Apr-17,1200,PE,0,0,0,1.1,0.05,0,0,1800,0,17-Apr-17
OPTSTK,BEML,27-Apr-17,1220,PE,0,0,0,133.45,0.1,0,0,0,0,17-Apr-17
OPTSTK,BEML,27-Apr-17,1240,PE,0,0,0,7,0.2,0,0,3000,0,17-Apr-17
OPTSTK,BEML,27-Apr-17,1250,PE,0,0,0,15.65,0.3,0,0,0,0,17-Apr-17
OPTSTK,BEML,27-Apr-17,1260,PE,0,0,0,4,0.5,0,0,6000,0,17-Apr-17
OPTSTK,BEML,27-Apr-17,1280,PE,0,0,0,5.5,1.2,0,0,7800,0,17-Apr-17
OPTSTK,BEML,27-Apr-17,1300,PE,4.05,4.2,3.5,3.85,3.85,4,31.29,23400,-600,17-Apr-17
OPTSTK,BEML,27-Apr-17,1320,PE,0,0,0,16,5.15,0,0,7200,0,17-Apr-17
OPTSTK,BEML,27-Apr-17,1340,PE,13.5,13.5,13.5,13.5,13.5,1,8.12,2400,-600,17-Apr-17
OPTSTK,BEML,27-Apr-17,1350,PE,0,0,0,17.55,12.1,0,0,6000,0,17-Apr-17
OPTSTK,BEML,27-Apr-17,1360,PE,0,0,0,26.6,15.5,0,0,14400,0,17-Apr-17
OPTSTK,BEML,27-Apr-17,1380,PE,30,30,30,30,30,1,8.46,3600,0,17-Apr-17
OPTSTK,BEML,27-Apr-17,1400,PE,37,37,37,37,37,2,17.24,7200,0,17-Apr-17
OPTSTK,BEML,27-Apr-17,1420,PE,0,0,0,55.05,48.75,0,0,1800,0,17-Apr-17
OPTSTK,BEML,27-Apr-17,1440,PE,0,0,0,269.2,64.3,0,0,0,0,17-Apr-17
OPTSTK,BEML,27-Apr-17,1450,PE,0,0,0,137.55,72.7,0,0,0,0,17-Apr-17
OPTSTK,BEML,27-Apr-17,1460,PE,0,0,0,283.5,81.4,0,0,0,0,17-Apr-17
OPTSTK,BEML,27-Apr-17,1480,PE,0,0,0,298.2,99.65,0,0,0,0,17-Apr-17
OPTSTK,BEML,27-Apr-17,1500,PE,0,0,0,313.1,118.65,0,0,0,0,17-Apr-17
OPTSTK,BEML,27-Apr-17,1520,PE,0,0,0,328.25,138.1,0,0,0,0,17-Apr-17
OPTSTK,BEML,27-Apr-17,1540,PE,0,0,0,343.65,157.8,0,0,0,0,17-Apr-17
OPTSTK,BEML,27-Apr-17,1550,PE,0,0,0,231.65,167.7,0,0,0,0,17-Apr-17
OPTSTK,BEML,27-Apr-17,1600,PE,0,0,0,391.2,217.5,0,0,0,0,17-Apr-17
OPTSTK,BEML,27-Apr-17,1650,PE,0,0,0,330.35,267.4,0,0,0,0,17-Apr-17
OPTSTK,BEML,27-Apr-17,1700,PE,0,0,0,383.6,317.3,0,0,0,0,17-Apr-17
OPTSTK,BEML,25-May-17,920,CE,0,0,0,421.45,465.95,0,0,0,0,17-Apr-17
OPTSTK,BEML,25-May-17,940,CE,0,0,0,403.1,446.1,0,0,0,0,17-Apr-17
OPTSTK,BEML,25-May-17,950,CE,0,0,0,371.35,436.2,0,0,0,0,17-Apr-17
OPTSTK,BEML,25-May-17,960,CE,0,0,0,384.95,426.25,0,0,0,0,17-Apr-17
OPTSTK,BEML,25-May-17,980,CE,0,0,0,367.1,406.4,0,0,0,0,17-Apr-17
OPTSTK,BEML,25-May-17,1000,CE,0,0,0,349.55,386.5,0,0,0,0,17-Apr-17
OPTSTK,BEML,25-May-17,1020,CE,0,0,0,332.35,366.65,0,0,0,0,17-Apr-17
OPTSTK,BEML,25-May-17,1040,CE,0,0,0,315.5,346.8,0,0,0,0,17-Apr-17
OPTSTK,BEML,25-May-17,1050,CE,0,0,0,273.3,336.9,0,0,0,0,17-Apr-17
OPTSTK,BEML,25-May-17,1060,CE,0,0,0,299.1,326.95,0,0,0,0,17-Apr-17
OPTSTK,BEML,25-May-17,1080,CE,0,0,0,283.1,307.15,0,0,0,0,17-Apr-17
OPTSTK,BEML,25-May-17,1100,CE,0,0,0,267.5,287.35,0,0,0,0,17-Apr-17
OPTSTK,BEML,25-May-17,1120,CE,0,0,0,252.4,267.6,0,0,0,0,17-Apr-17
OPTSTK,BEML,25-May-17,1140,CE,0,0,0,237.85,248,0,0,0,0,17-Apr-17
OPTSTK,BEML,25-May-17,1150,CE,0,0,0,180.35,238.2,0,0,0,0,17-Apr-17
OPTSTK,BEML,25-May-17,1160,CE,0,0,0,223.7,228.5,0,0,0,0,17-Apr-17
OPTSTK,BEML,25-May-17,1180,CE,0,0,0,210.1,209.25,0,0,0,0,17-Apr-17
OPTSTK,BEML,25-May-17,1200,CE,0,0,0,197,190.3,0,0,0,0,17-Apr-17
OPTSTK,BEML,25-May-17,1220,CE,0,0,0,184.5,171.75,0,0,0,0,17-Apr-17
OPTSTK,BEML,25-May-17,1240,CE,0,0,0,172.5,153.75,0,0,0,0,17-Apr-17
OPTSTK,BEML,25-May-17,1250,CE,0,0,0,102.2,145,0,0,0,0,17-Apr-17
OPTSTK,BEML,25-May-17,1260,CE,0,0,0,161.05,136.45,0,0,0,0,17-Apr-17
OPTSTK,BEML,25-May-17,1280,CE,0,0,0,150.15,119.95,0,0,0,0,17-Apr-17
OPTSTK,BEML,25-May-17,1300,CE,0,0,0,139.8,104.35,0,0,0,0,17-Apr-17
OPTSTK,BEML,25-May-17,1320,CE,0,0,0,130,89.85,0,0,0,0,17-Apr-17
OPTSTK,BEML,25-May-17,1340,CE,0,0,0,120.7,76.5,0,0,0,0,17-Apr-17
OPTSTK,BEML,25-May-17,1350,CE,0,0,0,48.3,70.3,0,0,0,0,17-Apr-17
OPTSTK,BEML,25-May-17,1360,CE,0,0,0,111.9,64.45,0,0,0,0,17-Apr-17
OPTSTK,BEML,25-May-17,1380,CE,0,0,0,103.6,53.65,0,0,0,0,17-Apr-17
OPTSTK,BEML,25-May-17,1400,CE,0,0,0,95.85,44.1,0,0,0,0,17-Apr-17
OPTSTK,BEML,25-May-17,1420,CE,0,0,0,88.5,35.85,0,0,0,0,17-Apr-17
OPTSTK,BEML,25-May-17,1440,CE,0,0,0,81.65,28.75,0,0,0,0,17-Apr-17
OPTSTK,BEML,25-May-17,1450,CE,0,0,0,18.9,25.65,0,0,0,0,17-Apr-17
OPTSTK,BEML,25-May-17,1460,CE,0,0,0,75.25,22.8,0,0,0,0,17-Apr-17
OPTSTK,BEML,25-May-17,1480,CE,0,0,0,69.25,17.9,0,0,0,0,17-Apr-17
OPTSTK,BEML,25-May-17,1500,CE,0,0,0,63.65,13.85,0,0,0,0,17-Apr-17
OPTSTK,BEML,25-May-17,1520,CE,0,0,0,58.45,10.6,0,0,0,0,17-Apr-17
OPTSTK,BEML,25-May-17,1540,CE,0,0,0,53.7,8,0,0,0,0,17-Apr-17
OPTSTK,BEML,25-May-17,1550,CE,0,0,0,6.15,6.95,0,0,0,0,17-Apr-17
OPTSTK,BEML,25-May-17,1600,CE,0,0,0,41.25,3.2,0,0,0,0,17-Apr-17
OPTSTK,BEML,25-May-17,1650,CE,0,0,0,1.7,1.4,0,0,0,0,17-Apr-17
OPTSTK,BEML,25-May-17,1700,CE,0,0,0,26,0.6,0,0,0,0,17-Apr-17
OPTSTK,BEML,25-May-17,920,PE,0,0,0,4.9,0,0,0,0,0,17-Apr-17
OPTSTK,BEML,25-May-17,940,PE,0,0,0,6.2,0,0,0,0,0,17-Apr-17
OPTSTK,BEML,25-May-17,950,PE,0,0,0,0.1,0,0,0,0,0,17-Apr-17
OPTSTK,BEML,25-May-17,960,PE,0,0,0,7.75,0,0,0,0,0,17-Apr-17
OPTSTK,BEML,25-May-17,980,PE,0,0,0,9.55,0,0,0,0,0,17-Apr-17
OPTSTK,BEML,25-May-17,1000,PE,0,0,0,11.7,0,0,0,0,0,17-Apr-17
OPTSTK,BEML,25-May-17,1020,PE,0,0,0,14.2,0.05,0,0,0,0,17-Apr-17
OPTSTK,BEML,25-May-17,1040,PE,0,0,0,17.05,0.05,0,0,0,0,17-Apr-17
OPTSTK,BEML,25-May-17,1050,PE,0,0,0,1,0.05,0,0,0,0,17-Apr-17
OPTSTK,BEML,25-May-17,1060,PE,0,0,0,20.3,0.05,0,0,0,0,17-Apr-17
OPTSTK,BEML,25-May-17,1080,PE,0,0,0,24,0.1,0,0,0,0,17-Apr-17
OPTSTK,BEML,25-May-17,1100,PE,0,0,0,28.1,0.15,0,0,0,0,17-Apr-17
OPTSTK,BEML,25-May-17,1120,PE,0,0,0,32.7,0.3,0,0,0,0,17-Apr-17
OPTSTK,BEML,25-May-17,1140,PE,0,0,0,37.8,0.55,0,0,0,0,17-Apr-17
OPTSTK,BEML,25-May-17,1150,PE,0,0,0,7.05,0.7,0,0,0,0,17-Apr-17
OPTSTK,BEML,25-May-17,1160,PE,0,0,0,43.35,0.95,0,0,0,0,17-Apr-17
OPTSTK,BEML,25-May-17,1180,PE,0,0,0,49.45,1.55,0,0,0,0,17-Apr-17
OPTSTK,BEML,25-May-17,1200,PE,0,0,0,56,2.45,0,0,0,0,17-Apr-17
OPTSTK,BEML,25-May-17,1220,PE,0,0,0,63.2,3.8,0,0,0,0,17-Apr-17
OPTSTK,BEML,25-May-17,1240,PE,0,0,0,70.9,5.65,0,0,0,0,17-Apr-17
OPTSTK,BEML,25-May-17,1250,PE,0,0,0,27.9,6.85,0,0,0,0,17-Apr-17
OPTSTK,BEML,25-May-17,1260,PE,0,0,0,79.15,8.2,0,0,0,0,17-Apr-17
OPTSTK,BEML,25-May-17,1280,PE,0,0,0,87.95,11.55,0,0,0,0,17-Apr-17
OPTSTK,BEML,25-May-17,1300,PE,0,0,0,97.25,15.85,0,0,0,0,17-Apr-17
OPTSTK,BEML,25-May-17,1320,PE,0,0,0,107.1,21.2,0,0,0,0,17-Apr-17
OPTSTK,BEML,25-May-17,1340,PE,0,0,0,117.5,27.75,0,0,0,0,17-Apr-17
OPTSTK,BEML,25-May-17,1350,PE,0,0,0,72.95,31.45,0,0,0,0,17-Apr-17
OPTSTK,BEML,25-May-17,1360,PE,0,0,0,128.4,35.5,0,0,0,0,17-Apr-17
OPTSTK,BEML,25-May-17,1380,PE,0,0,0,139.8,44.55,0,0,0,0,17-Apr-17
OPTSTK,BEML,25-May-17,1400,PE,0,0,0,151.7,54.9,0,0,0,0,17-Apr-17
OPTSTK,BEML,25-May-17,1420,PE,0,0,0,164.1,66.5,0,0,0,0,17-Apr-17
OPTSTK,BEML,25-May-17,1440,PE,0,0,0,176.9,79.3,0,0,0,0,17-Apr-17
OPTSTK,BEML,25-May-17,1450,PE,0,0,0,142.5,86.1,0,0,0,0,17-Apr-17
OPTSTK,BEML,25-May-17,1460,PE,0,0,0,190.2,93.2,0,0,0,0,17-Apr-17
OPTSTK,BEML,25-May-17,1480,PE,0,0,0,203.85,108.15,0,0,0,0,17-Apr-17
OPTSTK,BEML,25-May-17,1500,PE,0,0,0,217.95,124,0,0,0,0,17-Apr-17
OPTSTK,BEML,25-May-17,1520,PE,0,0,0,232.45,140.6,0,0,0,0,17-Apr-17
OPTSTK,BEML,25-May-17,1540,PE,0,0,0,247.35,157.85,0,0,0,0,17-Apr-17
OPTSTK,BEML,25-May-17,1550,PE,0,0,0,228.75,166.7,0,0,0,0,17-Apr-17
OPTSTK,BEML,25-May-17,1600,PE,0,0,0,293.95,212.7,0,0,0,0,17-Apr-17
OPTSTK,BEML,25-May-17,1650,PE,0,0,0,323.3,260.5,0,0,0,0,17-Apr-17
OPTSTK,BEML,25-May-17,1700,PE,0,0,0,377.15,309.35,0,0,0,0,17-Apr-17
OPTSTK,BEML,29-Jun-17,950,CE,0,0,0,377.8,442.05,0,0,0,0,17-Apr-17
OPTSTK,BEML,29-Jun-17,1000,CE,0,0,0,329.55,392.85,0,0,0,0,17-Apr-17
OPTSTK,BEML,29-Jun-17,1050,CE,0,0,0,282.35,343.85,0,0,0,0,17-Apr-17
OPTSTK,BEML,29-Jun-17,1100,CE,0,0,0,237.1,295.5,0,0,0,0,17-Apr-17
OPTSTK,BEML,29-Jun-17,1150,CE,0,0,0,194.55,248.45,0,0,0,0,17-Apr-17
OPTSTK,BEML,29-Jun-17,1200,CE,0,0,0,155.85,203.55,0,0,0,0,17-Apr-17
OPTSTK,BEML,29-Jun-17,1250,CE,0,0,0,121.5,162.05,0,0,0,0,17-Apr-17
OPTSTK,BEML,29-Jun-17,1300,CE,0,0,0,92.25,124.9,0,0,0,0,17-Apr-17
OPTSTK,BEML,29-Jun-17,1350,CE,0,0,0,68.2,93.1,0,0,0,0,17-Apr-17
OPTSTK,BEML,29-Jun-17,1400,CE,0,0,0,49.1,67.05,0,0,0,0,17-Apr-17
OPTSTK,BEML,29-Jun-17,1450,CE,0,0,0,34.45,46.6,0,0,0,0,17-Apr-17
OPTSTK,BEML,29-Jun-17,1500,CE,0,0,0,23.6,31.25,0,0,0,0,17-Apr-17
OPTSTK,BEML,29-Jun-17,1550,CE,0,0,0,15.75,20.3,0,0,0,0,17-Apr-17
OPTSTK,BEML,29-Jun-17,1600,CE,0,0,0,10.3,12.75,0,0,0,0,17-Apr-17
OPTSTK,BEML,29-Jun-17,1650,CE,0,0,0,6.6,7.75,0,0,0,0,17-Apr-17
OPTSTK,BEML,29-Jun-17,1700,CE,0,0,0,4.15,4.6,0,0,0,0,17-Apr-17
OPTSTK,BEML,29-Jun-17,950,PE,0,0,0,0.55,0.05,0,0,0,0,17-Apr-17
OPTSTK,BEML,29-Jun-17,1000,PE,0,0,0,1.45,0.15,0,0,0,0,17-Apr-17
OPTSTK,BEML,29-Jun-17,1050,PE,0,0,0,3.45,0.55,0,0,0,0,17-Apr-17
OPTSTK,BEML,29-Jun-17,1100,PE,0,0,0,7.35,1.55,0,0,0,0,17-Apr-17
OPTSTK,BEML,29-Jun-17,1150,PE,0,0,0,14,3.8,0,0,0,0,17-Apr-17
OPTSTK,BEML,29-Jun-17,1200,PE,0,0,0,24.45,8.3,0,0,0,0,17-Apr-17
OPTSTK,BEML,29-Jun-17,1250,PE,0,0,0,39.3,16.15,0,0,0,0,17-Apr-17
OPTSTK,BEML,29-Jun-17,1300,PE,0,0,0,59.25,28.35,0,0,0,0,17-Apr-17
OPTSTK,BEML,29-Jun-17,1350,PE,0,0,0,84.35,45.95,0,0,0,0,17-Apr-17
OPTSTK,BEML,29-Jun-17,1400,PE,0,0,0,114.4,69.2,0,0,0,0,17-Apr-17
OPTSTK,BEML,29-Jun-17,1450,PE,0,0,0,148.9,98.1,0,0,0,0,17-Apr-17
OPTSTK,BEML,29-Jun-17,1500,PE,0,0,0,187.25,132.15,0,0,0,0,17-Apr-17
OPTSTK,BEML,29-Jun-17,1550,PE,0,0,0,228.6,170.55,0,0,0,0,17-Apr-17
OPTSTK,BEML,29-Jun-17,1600,PE,0,0,0,272.3,212.35,0,0,0,0,17-Apr-17
OPTSTK,BEML,29-Jun-17,1650,PE,0,0,0,317.8,256.7,0,0,0,0,17-Apr-17
OPTSTK,BEML,29-Jun-17,1700,PE,0,0,0,364.5,302.9,0,0,0,0,17-Apr-17
OPTSTK,BHARATFIN,27-Apr-17,460,CE,0,0,0,305.75,302.05,0,0,0,0,17-Apr-17
OPTSTK,BHARATFIN,27-Apr-17,480,CE,0,0,0,288.75,282.1,0,0,0,0,17-Apr-17
OPTSTK,BHARATFIN,27-Apr-17,500,CE,0,0,0,272.3,262.15,0,0,0,0,17-Apr-17
OPTSTK,BHARATFIN,27-Apr-17,520,CE,0,0,0,256.35,242.2,0,0,0,0,17-Apr-17
OPTSTK,BHARATFIN,27-Apr-17,540,CE,0,0,0,241,222.2,0,0,0,0,17-Apr-17
OPTSTK,BHARATFIN,27-Apr-17,550,CE,0,0,0,260.1,212.25,0,0,0,0,17-Apr-17
OPTSTK,BHARATFIN,27-Apr-17,560,CE,0,0,0,226.25,202.25,0,0,0,0,17-Apr-17
OPTSTK,BHARATFIN,27-Apr-17,580,CE,0,0,0,212.05,182.3,0,0,0,0,17-Apr-17
OPTSTK,BHARATFIN,27-Apr-17,600,CE,0,0,0,220.5,162.3,0,0,2000,0,17-Apr-17
OPTSTK,BHARATFIN,27-Apr-17,620,CE,0,0,0,185.55,142.4,0,0,0,0,17-Apr-17
OPTSTK,BHARATFIN,27-Apr-17,640,CE,0,0,0,173.25,122.55,0,0,0,0,17-Apr-17
OPTSTK,BHARATFIN,27-Apr-17,650,CE,0,0,0,162.2,112.7,0,0,0,0,17-Apr-17
OPTSTK,BHARATFIN,27-Apr-17,660,CE,0,0,0,161.6,102.95,0,0,0,0,17-Apr-17
OPTSTK,BHARATFIN,27-Apr-17,680,CE,0,0,0,139.55,83.85,0,0,5000,0,17-Apr-17
OPTSTK,BHARATFIN,27-Apr-17,700,CE,0,0,0,126,65.8,0,0,5000,0,17-Apr-17
OPTSTK,BHARATFIN,27-Apr-17,720,CE,0,0,0,108.3,49.4,0,0,2000,0,17-Apr-17
OPTSTK,BHARATFIN,27-Apr-17,740,CE,0,0,0,77.15,35.25,0,0,3000,0,17-Apr-17
OPTSTK,BHARATFIN,27-Apr-17,750,CE,0,0,0,50.9,29.15,0,0,2000,0,17-Apr-17
OPTSTK,BHARATFIN,27-Apr-17,760,CE,0,0,0,27.8,23.8,0,0,27000,0,17-Apr-17
OPTSTK,BHARATFIN,27-Apr-17,780,CE,13.8,15.35,7.5,9.15,9.15,27,213.79,106000,-1000,17-Apr-17
OPTSTK,BHARATFIN,27-Apr-17,800,CE,12.05,12.8,6.05,6.65,6.65,43,347.72,434000,-10000,17-Apr-17
OPTSTK,BHARATFIN,27-Apr-17,820,CE,6.05,7.5,4.05,7.5,7.5,9,74.33,480000,-3000,17-Apr-17
OPTSTK,BHARATFIN,27-Apr-17,840,CE,2.8,3.95,2.7,2.8,2.8,10,84.28,511000,-8000,17-Apr-17
OPTSTK,BHARATFIN,27-Apr-17,850,CE,0,0,0,4.65,1.9,0,0,250000,0,17-Apr-17
OPTSTK,BHARATFIN,27-Apr-17,860,CE,4,4,2.3,3.25,3.25,6,51.78,229000,-3000,17-Apr-17
OPTSTK,BHARATFIN,27-Apr-17,880,CE,2,2.5,2,2.35,2.35,3,26.46,191000,-3000,17-Apr-17
OPTSTK,BHARATFIN,27-Apr-17,900,CE,2,2.45,1.65,2.45,2.45,6,54.11,333000,-4000,17-Apr-17
OPTSTK,BHARATFIN,27-Apr-17,920,CE,0.6,0.6,0.6,0.6,0.6,1,9.2,68000,-1000,17-Apr-17
OPTSTK,BHARATFIN,27-Apr-17,940,CE,0,0,0,0.75,0.05,0,0,25000,0,17-Apr-17
OPTSTK,BHARATFIN,27-Apr-17,950,CE,0,0,0,3.15,0.05,0,0,17000,0,17-Apr-17
OPTSTK,BHARATFIN,27-Apr-17,960,CE,1,1,1,1,1,1,9.61,24000,-1000,17-Apr-17
OPTSTK,BHARATFIN,27-Apr-17,980,CE,0,0,0,2.15,0.05,0,0,27000,0,17-Apr-17
OPTSTK,BHARATFIN,27-Apr-17,1000,CE,0,0,0,0.55,0,0,0,164000,0,17-Apr-17
OPTSTK,BHARATFIN,27-Apr-17,1020,CE,0.3,0.3,0.25,0.3,0.3,2,20.4,83000,-2000,17-Apr-17
OPTSTK,BHARATFIN,27-Apr-17,1050,CE,0,0,0,1.05,0,0,0,0,0,17-Apr-17
OPTSTK,BHARATFIN,27-Apr-17,460,PE,0,0,0,9.05,0,0,0,0,0,17-Apr-17
OPTSTK,BHARATFIN,27-Apr-17,480,PE,0,0,0,11.75,0,0,0,0,0,17-Apr-17
OPTSTK,BHARATFIN,27-Apr-17,500,PE,0,0,0,0.4,0,0,0,2000,0,17-Apr-17
OPTSTK,BHARATFIN,27-Apr-17,520,PE,0,0,0,18.65,0,0,0,0,0,17-Apr-17
OPTSTK,BHARATFIN,27-Apr-17,540,PE,0,0,0,22.95,0,0,0,0,0,17-Apr-17
OPTSTK,BHARATFIN,27-Apr-17,550,PE,0.05,0.05,0.05,0.05,0.05,5,27.5,0,-5000,17-Apr-17
OPTSTK,BHARATFIN,27-Apr-17,560,PE,0,0,0,27.9,0,0,0,0,0,17-Apr-17
OPTSTK,BHARATFIN,27-Apr-17,580,PE,0,0,0,0.6,0,0,0,2000,0,17-Apr-17
OPTSTK,BHARATFIN,27-Apr-17,600,PE,0.1,0.1,0.1,0.1,0.1,4,24,3000,-4000,17-Apr-17
OPTSTK,BHARATFIN,27-Apr-17,620,PE,0,0,0,46.25,0.05,0,0,0,0,17-Apr-17
OPTSTK,BHARATFIN,27-Apr-17,640,PE,0,0,0,0.1,0.2,0,0,15000,0,17-Apr-17
OPTSTK,BHARATFIN,27-Apr-17,650,PE,0,0,0,2,0.3,0,0,45000,0,17-Apr-17
OPTSTK,BHARATFIN,27-Apr-17,660,PE,0,0,0,2.35,0.55,0,0,16000,0,17-Apr-17
OPTSTK,BHARATFIN,27-Apr-17,680,PE,0,0,0,3.35,1.45,0,0,30000,0,17-Apr-17
OPTSTK,BHARATFIN,27-Apr-17,700,PE,2.2,3,2.2,3,3,3,21.07,97000,-3000,17-Apr-17
OPTSTK,BHARATFIN,27-Apr-17,720,PE,12,12,12,12,12,1,7.32,72000,-1000,17-Apr-17
OPTSTK,BHARATFIN,27-Apr-17,740,PE,0,0,0,9,12.7,0,0,112000,0,17-Apr-17
OPTSTK,BHARATFIN,27-Apr-17,750,PE,24.95,24.95,24.95,24.95,24.95,1,7.74,58000,-1000,17-Apr-17
OPTSTK,BHARATFIN,27-Apr-17,760,PE,17,19.1,17,18.6,18.6,5,38.91,104000,-2000,17-Apr-17
OPTSTK,BHARATFIN,27-Apr-17,780,PE,29.6,29.6,29.6,29.6,29.6,1,8.09,221000,-1000,17-Apr-17
OPTSTK,BHARATFIN,27-Apr-17,800,PE,48,48,48,48,48,2,16.96,210000,-2000,17-Apr-17
OPTSTK,BHARATFIN,27-Apr-17,820,PE,0,0,0,57,62.4,0,0,107000,0,17-Apr-17
OPTSTK,BHARATFIN,27-Apr-17,840,PE,0,0,0,77,80,0,0,28000,0,17-Apr-17
OPTSTK,BHARATFIN,27-Apr-17,850,PE,0,0,0,76.95,89.2,0,0,2000,0,17-Apr-17
OPTSTK,BHARATFIN,27-Apr-17,860,PE,0,0,0,99,98.6,0,0,7000,0,17-Apr-17
OPTSTK,BHARATFIN,27-Apr-17,880,PE,0,0,0,88.35,117.85,0,0,2000,0,17-Apr-17
OPTSTK,BHARATFIN,27-Apr-17,900,PE,0,0,0,127.2,137.45,0,0,31000,0,17-Apr-17
OPTSTK,BHARATFIN,27-Apr-17,920,PE,0,0,0,123.15,157.3,0,0,1000,0,17-Apr-17
OPTSTK,BHARATFIN,27-Apr-17,940,PE,0,0,0,231.25,177.2,0,0,0,0,17-Apr-17
OPTSTK,BHARATFIN,27-Apr-17,950,PE,0,0,0,144.05,187.15,0,0,0,0,17-Apr-17
OPTSTK,BHARATFIN,27-Apr-17,960,PE,0,0,0,142.3,197.1,0,0,1000,0,17-Apr-17
OPTSTK,BHARATFIN,27-Apr-17,980,PE,0,0,0,262.3,217.05,0,0,0,0,17-Apr-17
OPTSTK,BHARATFIN,27-Apr-17,1000,PE,0,0,0,278.3,237.05,0,0,0,0,17-Apr-17
OPTSTK,BHARATFIN,27-Apr-17,1020,PE,0,0,0,294.55,257,0,0,0,0,17-Apr-17
OPTSTK,BHARATFIN,27-Apr-17,1050,PE,0,0,0,238.55,286.95,0,0,0,0,17-Apr-17
OPTSTK,BHARATFIN,25-May-17,500,CE,0,0,0,312.55,264.7,0,0,0,0,17-Apr-17
OPTSTK,BHARATFIN,25-May-17,550,CE,0,0,0,263.6,215.3,0,0,0,0,17-Apr-17
OPTSTK,BHARATFIN,25-May-17,600,CE,0,0,0,285.35,167.1,0,0,0,0,17-Apr-17
OPTSTK,BHARATFIN,25-May-17,620,CE,0,0,0,267.55,148.6,0,0,0,0,17-Apr-17
OPTSTK,BHARATFIN,25-May-17,640,CE,0,0,0,250.25,130.7,0,0,0,0,17-Apr-17
OPTSTK,BHARATFIN,25-May-17,650,CE,0,0,0,170.7,122.05,0,0,0,0,17-Apr-17
OPTSTK,BHARATFIN,25-May-17,660,CE,0,0,0,233.4,113.7,0,0,0,0,17-Apr-17
OPTSTK,BHARATFIN,25-May-17,680,CE,0,0,0,217.15,97.7,0,0,0,0,17-Apr-17
OPTSTK,BHARATFIN,25-May-17,700,CE,0,0,0,201.5,82.95,0,0,0,0,17-Apr-17
OPTSTK,BHARATFIN,25-May-17,720,CE,0,0,0,186.5,69.5,0,0,0,0,17-Apr-17
OPTSTK,BHARATFIN,25-May-17,740,CE,0,0,0,172.1,57.45,0,0,0,0,17-Apr-17
OPTSTK,BHARATFIN,25-May-17,750,CE,0,0,0,94.65,52,0,0,0,0,17-Apr-17
OPTSTK,BHARATFIN,25-May-17,760,CE,0,0,0,158.45,46.9,0,0,0,0,17-Apr-17
OPTSTK,BHARATFIN,25-May-17,780,CE,0,0,0,145.5,37.8,0,0,0,0,17-Apr-17
OPTSTK,BHARATFIN,25-May-17,800,CE,0,0,0,133.3,30.1,0,0,0,0,17-Apr-17
OPTSTK,BHARATFIN,25-May-17,820,CE,0,0,0,121.8,23.65,0,0,0,0,17-Apr-17
OPTSTK,BHARATFIN,25-May-17,840,CE,0,0,0,111.05,18.35,0,0,0,0,17-Apr-17
OPTSTK,BHARATFIN,25-May-17,850,CE,0,0,0,44.45,16.15,0,0,0,0,17-Apr-17
OPTSTK,BHARATFIN,25-May-17,860,CE,0,0,0,101.05,14.1,0,0,0,0,17-Apr-17
OPTSTK,BHARATFIN,25-May-17,880,CE,0,0,0,91.75,10.7,0,0,0,0,17-Apr-17
OPTSTK,BHARATFIN,25-May-17,900,CE,0,0,0,20,8,0,0,2000,0,17-Apr-17
OPTSTK,BHARATFIN,25-May-17,920,CE,0,0,0,75.1,5.95,0,0,0,0,17-Apr-17
OPTSTK,BHARATFIN,25-May-17,940,CE,0,0,0,17.4,4.35,0,0,0,0,17-Apr-17
OPTSTK,BHARATFIN,25-May-17,950,CE,0,0,0,17.95,3.7,0,0,0,0,17-Apr-17
OPTSTK,BHARATFIN,25-May-17,960,CE,0,0,0,61.05,3.15,0,0,0,0,17-Apr-17
OPTSTK,BHARATFIN,25-May-17,980,CE,0,0,0,54.85,2.3,0,0,0,0,17-Apr-17
OPTSTK,BHARATFIN,25-May-17,1000,CE,0,0,0,11.05,1.65,0,0,2000,0,17-Apr-17
OPTSTK,BHARATFIN,25-May-17,1020,CE,0,0,0,44.15,1.15,0,0,0,0,17-Apr-17
OPTSTK,BHARATFIN,25-May-17,1050,CE,0,0,0,6.35,0.7,0,0,0,0,17-Apr-17
OPTSTK,BHARATFIN,25-May-17,500,PE,0,0,0,0.15,0.05,0,0,0,0,17-Apr-17
OPTSTK,BHARATFIN,25-May-17,550,PE,0,0,0,0.7,0.35,0,0,0,0,17-Apr-17
OPTSTK,BHARATFIN,25-May-17,600,PE,0,0,0,4.75,1.85,0,0,7000,0,17-Apr-17
OPTSTK,BHARATFIN,25-May-17,620,PE,0,0,0,7.4,3.15,0,0,0,0,17-Apr-17
OPTSTK,BHARATFIN,25-May-17,640,PE,0,0,0,9.8,5.15,0,0,0,0,17-Apr-17
OPTSTK,BHARATFIN,25-May-17,650,PE,0,0,0,6.75,6.45,0,0,0,0,17-Apr-17
OPTSTK,BHARATFIN,25-May-17,660,PE,0,0,0,12.65,8,0,0,0,0,17-Apr-17
OPTSTK,BHARATFIN,25-May-17,680,PE,0,0,0,16.05,11.85,0,0,0,0,17-Apr-17
OPTSTK,BHARATFIN,25-May-17,700,PE,0,0,0,20.1,16.95,0,0,0,0,17-Apr-17
OPTSTK,BHARATFIN,25-May-17,720,PE,0,0,0,24.8,23.35,0,0,0,0,17-Apr-17
OPTSTK,BHARATFIN,25-May-17,740,PE,0,0,0,30.1,31.25,0,0,0,0,17-Apr-17
OPTSTK,BHARATFIN,25-May-17,750,PE,0,0,0,29.7,35.7,0,0,0,0,17-Apr-17
OPTSTK,BHARATFIN,25-May-17,760,PE,0,0,0,41,40.55,0,0,2000,0,17-Apr-17
OPTSTK,BHARATFIN,25-May-17,780,PE,0,0,0,42.85,51.3,0,0,0,0,17-Apr-17
OPTSTK,BHARATFIN,25-May-17,800,PE,0,0,0,50.35,63.45,0,0,0,0,17-Apr-17
OPTSTK,BHARATFIN,25-May-17,820,PE,0,0,0,58.55,76.85,0,0,0,0,17-Apr-17
OPTSTK,BHARATFIN,25-May-17,840,PE,0,0,0,67.5,91.45,0,0,0,0,17-Apr-17
OPTSTK,BHARATFIN,25-May-17,850,PE,0,0,0,78.5,99.15,0,0,0,0,17-Apr-17
OPTSTK,BHARATFIN,25-May-17,860,PE,0,0,0,77.15,107.05,0,0,0,0,17-Apr-17
OPTSTK,BHARATFIN,25-May-17,880,PE,0,0,0,87.5,123.5,0,0,0,0,17-Apr-17
OPTSTK,BHARATFIN,25-May-17,900,PE,0,0,0,98.55,140.7,0,0,0,0,17-Apr-17
OPTSTK,BHARATFIN,25-May-17,920,PE,0,0,0,110.3,158.5,0,0,0,0,17-Apr-17
OPTSTK,BHARATFIN,25-May-17,940,PE,0,0,0,122.6,176.75,0,0,0,0,17-Apr-17
OPTSTK,BHARATFIN,25-May-17,950,PE,0,0,0,150.95,186.05,0,0,0,0,17-Apr-17
OPTSTK,BHARATFIN,25-May-17,960,PE,0,0,0,135.55,195.45,0,0,0,0,17-Apr-17
OPTSTK,BHARATFIN,25-May-17,980,PE,0,0,0,149.1,214.45,0,0,0,0,17-Apr-17
OPTSTK,BHARATFIN,25-May-17,1000,PE,0,0,0,163.15,233.65,0,0,0,0,17-Apr-17
OPTSTK,BHARATFIN,25-May-17,1020,PE,0,0,0,177.75,253.05,0,0,0,0,17-Apr-17
OPTSTK,BHARATFIN,25-May-17,1050,PE,0,0,0,238.4,282.35,0,0,0,0,17-Apr-17
OPTSTK,BHARATFIN,29-Jun-17,500,CE,0,0,0,316.45,268.4,0,0,0,0,17-Apr-17
OPTSTK,BHARATFIN,29-Jun-17,550,CE,0,0,0,269.05,220.8,0,0,0,0,17-Apr-17
OPTSTK,BHARATFIN,29-Jun-17,600,CE,0,0,0,223.8,175.75,0,0,0,0,17-Apr-17
OPTSTK,BHARATFIN,29-Jun-17,650,CE,0,0,0,181.85,134.9,0,0,0,0,17-Apr-17
OPTSTK,BHARATFIN,29-Jun-17,700,CE,0,0,0,144.25,99.7,0,0,0,0,17-Apr-17
OPTSTK,BHARATFIN,29-Jun-17,750,CE,0,0,0,111.65,70.9,0,0,0,0,17-Apr-17
OPTSTK,BHARATFIN,29-Jun-17,800,CE,0,0,0,84.5,48.65,0,0,0,0,17-Apr-17
OPTSTK,BHARATFIN,29-Jun-17,850,CE,0,0,0,62.6,32.3,0,0,0,0,17-Apr-17
OPTSTK,BHARATFIN,29-Jun-17,900,CE,0,0,0,45.45,20.8,0,0,0,0,17-Apr-17
OPTSTK,BHARATFIN,29-Jun-17,950,CE,0,0,0,32.5,13,0,0,0,0,17-Apr-17
OPTSTK,BHARATFIN,29-Jun-17,1000,CE,0,0,0,22.8,7.95,0,0,0,0,17-Apr-17
OPTSTK,BHARATFIN,29-Jun-17,1050,CE,0,0,0,15.8,4.75,0,0,0,0,17-Apr-17
OPTSTK,BHARATFIN,29-Jun-17,500,PE,0,0,0,0.9,0.7,0,0,0,0,17-Apr-17
OPTSTK,BHARATFIN,29-Jun-17,550,PE,0,0,0,2.7,2.45,0,0,0,0,17-Apr-17
OPTSTK,BHARATFIN,29-Jun-17,600,PE,0,0,0,6.6,6.75,0,0,0,0,17-Apr-17
OPTSTK,BHARATFIN,29-Jun-17,650,PE,0,0,0,13.85,15.25,0,0,0,0,17-Apr-17
OPTSTK,BHARATFIN,29-Jun-17,700,PE,0,0,0,25.4,29.4,0,0,0,0,17-Apr-17
OPTSTK,BHARATFIN,29-Jun-17,750,PE,0,0,0,42,50,0,0,0,0,17-Apr-17
OPTSTK,BHARATFIN,29-Jun-17,800,PE,0,0,0,64,77.1,0,0,0,0,17-Apr-17
OPTSTK,BHARATFIN,29-Jun-17,850,PE,0,0,0,91.3,110.05,0,0,0,0,17-Apr-17
OPTSTK,BHARATFIN,29-Jun-17,900,PE,0,0,0,123.3,147.9,0,0,0,0,17-Apr-17
OPTSTK,BHARATFIN,29-Jun-17,950,PE,0,0,0,159.5,189.5,0,0,0,0,17-Apr-17
OPTSTK,BHARATFIN,29-Jun-17,1000,PE,0,0,0,199,233.8,0,0,0,0,17-Apr-17
OPTSTK,BHARATFIN,29-Jun-17,1050,PE,0,0,0,241.2,279.95,0,0,0,0,17-Apr-17
OPTSTK,BHARATFORG,27-Apr-17,560,CE,0,0,0,401.85,500.7,0,0,0,0,17-Apr-17
OPTSTK,BHARATFORG,27-Apr-17,580,CE,0,0,0,382.2,480.75,0,0,0,0,17-Apr-17
OPTSTK,BHARATFORG,27-Apr-17,600,CE,0,0,0,362.55,460.75,0,0,0,0,17-Apr-17
OPTSTK,BHARATFORG,27-Apr-17,620,CE,0,0,0,342.9,440.8,0,0,0,0,17-Apr-17
OPTSTK,BHARATFORG,27-Apr-17,640,CE,0,0,0,323.25,420.85,0,0,0,0,17-Apr-17
OPTSTK,BHARATFORG,27-Apr-17,660,CE,0,0,0,303.65,400.85,0,0,0,0,17-Apr-17
OPTSTK,BHARATFORG,27-Apr-17,680,CE,0,0,0,284.1,380.9,0,0,0,0,17-Apr-17
OPTSTK,BHARATFORG,27-Apr-17,700,CE,0,0,0,264.65,360.95,0,0,0,0,17-Apr-17
OPTSTK,BHARATFORG,27-Apr-17,720,CE,0,0,0,245.4,340.95,0,0,0,0,17-Apr-17
OPTSTK,BHARATFORG,27-Apr-17,740,CE,0,0,0,226.3,321,0,0,0,0,17-Apr-17
OPTSTK,BHARATFORG,27-Apr-17,760,CE,0,0,0,207.55,301.05,0,0,0,0,17-Apr-17
OPTSTK,BHARATFORG,27-Apr-17,780,CE,0,0,0,189.15,281.1,0,0,0,0,17-Apr-17
OPTSTK,BHARATFORG,27-Apr-17,800,CE,0,0,0,171.3,261.1,0,0,0,0,17-Apr-17
OPTSTK,BHARATFORG,27-Apr-17,820,CE,0,0,0,154.05,241.15,0,0,0,0,17-Apr-17
OPTSTK,BHARATFORG,27-Apr-17,840,CE,0,0,0,137.5,221.2,0,0,0,0,17-Apr-17
OPTSTK,BHARATFORG,27-Apr-17,860,CE,0,0,0,121.85,201.2,0,0,0,0,17-Apr-17
OPTSTK,BHARATFORG,27-Apr-17,880,CE,0,0,0,107.15,181.25,0,0,0,0,17-Apr-17
OPTSTK,BHARATFORG,27-Apr-17,900,CE,0,0,0,175.7,161.3,0,0,1200,0,17-Apr-17
OPTSTK,BHARATFORG,27-Apr-17,920,CE,0,0,0,80.85,141.35,0,0,0,0,17-Apr-17
OPTSTK,BHARATFORG,27-Apr-17,940,CE,0,0,0,94.4,121.5,0,0,2400,0,17-Apr-17
OPTSTK,BHARATFORG,27-Apr-17,960,CE,0,0,0,59.05,101.9,0,0,0,0,17-Apr-17
OPTSTK,BHARATFORG,27-Apr-17,980,CE,0,0,0,49.9,82.8,0,0,0,0,17-Apr-17
OPTSTK,BHARATFORG,27-Apr-17,1000,CE,0,0,0,81.1,64.75,0,0,6600,0,17-Apr-17
OPTSTK,BHARATFORG,27-Apr-17,1020,CE,0,0,0,89.1,48.3,0,0,2400,0,17-Apr-17
OPTSTK,BHARATFORG,27-Apr-17,1040,CE,0,0,0,47,34.1,0,0,10200,0,17-Apr-17
OPTSTK,BHARATFORG,27-Apr-17,1060,CE,27.85,28,22,22.6,22.6,22,143.26,33600,9000,17-Apr-17
OPTSTK,BHARATFORG,27-Apr-17,1080,CE,23.6,23.6,14.3,14.55,14.55,69,454.2,80400,17400,17-Apr-17
OPTSTK,BHARATFORG,27-Apr-17,1100,CE,15.35,16.05,8.9,9.3,9.3,213,1420.44,167400,7800,17-Apr-17
OPTSTK,BHARATFORG,27-Apr-17,1120,CE,10,10.2,5.65,6.05,6.05,87,588.45,102000,7800,17-Apr-17
OPTSTK,BHARATFORG,27-Apr-17,1140,CE,5.1,5.25,4,4.25,4.25,38,260.96,55800,-1200,17-Apr-17
OPTSTK,BHARATFORG,27-Apr-17,1160,CE,3.6,3.85,2.85,3.1,3.1,20,139.6,46200,600,17-Apr-17
OPTSTK,BHARATFORG,27-Apr-17,1180,CE,2,2.1,0.55,0.55,0.55,7,49.63,14400,1200,17-Apr-17
OPTSTK,BHARATFORG,27-Apr-17,1200,CE,1.5,1.5,0.15,0.15,0.15,9,64.86,12000,-3600,17-Apr-17
OPTSTK,BHARATFORG,27-Apr-17,1220,CE,0,0,0,4,0.1,0,0,3000,0,17-Apr-17
OPTSTK,BHARATFORG,27-Apr-17,1240,CE,0,0,0,2,0.05,0,0,4800,0,17-Apr-17
OPTSTK,BHARATFORG,27-Apr-17,1260,CE,0,0,0,2.2,0.05,0,0,0,0,17-Apr-17
OPTSTK,BHARATFORG,27-Apr-17,1280,CE,0,0,0,1.65,0,0,0,0,0,17-Apr-17
OPTSTK,BHARATFORG,27-Apr-17,1300,CE,0,0,0,1.25,0,0,0,0,0,17-Apr-17
OPTSTK,BHARATFORG,27-Apr-17,560,PE,0,0,0,0.05,0,0,0,0,0,17-Apr-17
OPTSTK,BHARATFORG,27-Apr-17,580,PE,0,0,0,0.05,0,0,0,0,0,17-Apr-17
OPTSTK,BHARATFORG,27-Apr-17,600,PE,0,0,0,0.05,0,0,0,0,0,17-Apr-17
OPTSTK,BHARATFORG,27-Apr-17,620,PE,0,0,0,0.05,0,0,0,0,0,17-Apr-17
OPTSTK,BHARATFORG,27-Apr-17,640,PE,0,0,0,0.1,0,0,0,0,0,17-Apr-17
OPTSTK,BHARATFORG,27-Apr-17,660,PE,0,0,0,0.15,0,0,0,0,0,17-Apr-17
OPTSTK,BHARATFORG,27-Apr-17,680,PE,0,0,0,0.3,0,0,0,0,0,17-Apr-17
OPTSTK,BHARATFORG,27-Apr-17,700,PE,0,0,0,0.55,0,0,0,0,0,17-Apr-17
OPTSTK,BHARATFORG,27-Apr-17,720,PE,0,0,0,0.9,0,0,0,0,0,17-Apr-17
OPTSTK,BHARATFORG,27-Apr-17,740,PE,0,0,0,1.5,0,0,0,0,0,17-Apr-17
OPTSTK,BHARATFORG,27-Apr-17,760,PE,0,0,0,2.4,0,0,0,0,0,17-Apr-17
OPTSTK,BHARATFORG,27-Apr-17,780,PE,0,0,0,3.7,0,0,0,0,0,17-Apr-17
OPTSTK,BHARATFORG,27-Apr-17,800,PE,0,0,0,5.5,0,0,0,0,0,17-Apr-17
OPTSTK,BHARATFORG,27-Apr-17,820,PE,0,0,0,7.9,0,0,0,0,0,17-Apr-17
OPTSTK,BHARATFORG,27-Apr-17,840,PE,0,0,0,11.1,0,0,0,0,0,17-Apr-17
OPTSTK,BHARATFORG,27-Apr-17,860,PE,0,0,0,15.1,0,0,0,0,0,17-Apr-17
OPTSTK,BHARATFORG,27-Apr-17,880,PE,0,0,0,20.05,0,0,0,0,0,17-Apr-17
OPTSTK,BHARATFORG,27-Apr-17,900,PE,0,0,0,26,0.05,0,0,0,0,17-Apr-17
OPTSTK,BHARATFORG,27-Apr-17,920,PE,0,0,0,33.1,0.05,0,0,0,0,17-Apr-17
OPTSTK,BHARATFORG,27-Apr-17,940,PE,0,0,0,4,0.2,0,0,4800,0,17-Apr-17
OPTSTK,BHARATFORG,27-Apr-17,960,PE,0,0,0,1.35,0.55,0,0,5400,0,17-Apr-17
OPTSTK,BHARATFORG,27-Apr-17,980,PE,0,0,0,1.4,1.4,0,0,36600,0,17-Apr-17
OPTSTK,BHARATFORG,27-Apr-17,1000,PE,2.5,2.7,2.25,2.6,2.6,12,72.18,44400,-3000,17-Apr-17
OPTSTK,BHARATFORG,27-Apr-17,1020,PE,5,5.45,5,5.35,5.35,14,86.12,66000,0,17-Apr-17
OPTSTK,BHARATFORG,27-Apr-17,1040,PE,9.9,10.5,8.75,10.15,10.15,47,296.04,74400,-6600,17-Apr-17
OPTSTK,BHARATFORG,27-Apr-17,1060,PE,16.3,19.55,16.05,18.75,18.75,37,239.26,58800,1200,17-Apr-17
OPTSTK,BHARATFORG,27-Apr-17,1080,PE,26,28.75,26,28.25,28.25,6,39.86,39000,600,17-Apr-17
OPTSTK,BHARATFORG,27-Apr-17,1100,PE,39,39,39,39,39,1,6.83,21000,600,17-Apr-17
OPTSTK,BHARATFORG,27-Apr-17,1120,PE,0,0,0,38,62.75,0,0,2400,0,17-Apr-17
OPTSTK,BHARATFORG,27-Apr-17,1140,PE,0,0,0,107,80.5,0,0,1800,0,17-Apr-17
OPTSTK,BHARATFORG,27-Apr-17,1160,PE,0,0,0,123.5,99.3,0,0,4800,0,17-Apr-17
OPTSTK,BHARATFORG,27-Apr-17,1180,PE,0,0,0,214.05,118.7,0,0,0,0,17-Apr-17
OPTSTK,BHARATFORG,27-Apr-17,1200,PE,0,0,0,232.4,138.4,0,0,0,0,17-Apr-17
OPTSTK,BHARATFORG,27-Apr-17,1220,PE,0,0,0,251,158.25,0,0,0,0,17-Apr-17
OPTSTK,BHARATFORG,27-Apr-17,1240,PE,0,0,0,269.85,178.2,0,0,0,0,17-Apr-17
OPTSTK,BHARATFORG,27-Apr-17,1260,PE,0,0,0,288.85,198.15,0,0,0,0,17-Apr-17
OPTSTK,BHARATFORG,27-Apr-17,1280,PE,0,0,0,308,218.1,0,0,0,0,17-Apr-17
OPTSTK,BHARATFORG,27-Apr-17,1300,PE,0,0,0,327.25,238.05,0,0,0,0,17-Apr-17
OPTSTK,BHARATFORG,25-May-17,680,CE,0,0,0,403.1,384.3,0,0,0,0,17-Apr-17
OPTSTK,BHARATFORG,25-May-17,700,CE,0,0,0,383.85,364.45,0,0,0,0,17-Apr-17
OPTSTK,BHARATFORG,25-May-17,720,CE,0,0,0,364.75,344.6,0,0,0,0,17-Apr-17
OPTSTK,BHARATFORG,25-May-17,740,CE,0,0,0,345.85,324.7,0,0,0,0,17-Apr-17
OPTSTK,BHARATFORG,25-May-17,760,CE,0,0,0,327.15,304.85,0,0,0,0,17-Apr-17
OPTSTK,BHARATFORG,25-May-17,780,CE,0,0,0,308.8,285,0,0,0,0,17-Apr-17
OPTSTK,BHARATFORG,25-May-17,800,CE,0,0,0,290.7,265.15,0,0,0,0,17-Apr-17
OPTSTK,BHARATFORG,25-May-17,820,CE,0,0,0,273.05,245.4,0,0,0,0,17-Apr-17
OPTSTK,BHARATFORG,25-May-17,840,CE,0,0,0,255.8,225.65,0,0,0,0,17-Apr-17
OPTSTK,BHARATFORG,25-May-17,860,CE,0,0,0,239,206.1,0,0,0,0,17-Apr-17
OPTSTK,BHARATFORG,25-May-17,880,CE,0,0,0,222.75,186.7,0,0,0,0,17-Apr-17
OPTSTK,BHARATFORG,25-May-17,900,CE,0,0,0,207.05,167.65,0,0,0,0,17-Apr-17
OPTSTK,BHARATFORG,25-May-17,920,CE,0,0,0,191.95,149.05,0,0,0,0,17-Apr-17
OPTSTK,BHARATFORG,25-May-17,940,CE,0,0,0,177.5,131.05,0,0,0,0,17-Apr-17
OPTSTK,BHARATFORG,25-May-17,960,CE,0,0,0,163.7,113.9,0,0,0,0,17-Apr-17
OPTSTK,BHARATFORG,25-May-17,980,CE,0,0,0,150.55,97.75,0,0,0,0,17-Apr-17
OPTSTK,BHARATFORG,25-May-17,1000,CE,0,0,0,138.1,82.75,0,0,0,0,17-Apr-17
OPTSTK,BHARATFORG,25-May-17,1020,CE,0,0,0,126.35,69,0,0,0,0,17-Apr-17
OPTSTK,BHARATFORG,25-May-17,1040,CE,0,0,0,115.35,56.75,0,0,0,0,17-Apr-17
OPTSTK,BHARATFORG,25-May-17,1060,CE,0,0,0,105,45.95,0,0,0,0,17-Apr-17
OPTSTK,BHARATFORG,25-May-17,1080,CE,0,0,0,95.4,36.65,0,0,0,0,17-Apr-17
OPTSTK,BHARATFORG,25-May-17,1100,CE,0,0,0,41.35,28.8,0,0,1200,0,17-Apr-17
OPTSTK,BHARATFORG,25-May-17,1120,CE,0,0,0,35,22.25,0,0,1200,0,17-Apr-17
OPTSTK,BHARATFORG,25-May-17,1140,CE,0,0,0,26.75,17,0,0,1800,0,17-Apr-17
OPTSTK,BHARATFORG,25-May-17,1160,CE,15,15,15,15,15,1,7.05,1200,600,17-Apr-17
OPTSTK,BHARATFORG,25-May-17,1180,CE,0,0,0,56.95,9.4,0,0,0,0,17-Apr-17
OPTSTK,BHARATFORG,25-May-17,1200,CE,0,0,0,51,6.85,0,0,0,0,17-Apr-17
OPTSTK,BHARATFORG,25-May-17,1220,CE,0,0,0,45.65,4.9,0,0,0,0,17-Apr-17
OPTSTK,BHARATFORG,25-May-17,1240,CE,0,0,0,40.8,3.45,0,0,0,0,17-Apr-17
OPTSTK,BHARATFORG,25-May-17,1260,CE,0,0,0,36.35,2.4,0,0,0,0,17-Apr-17
OPTSTK,BHARATFORG,25-May-17,1280,CE,0,0,0,32.35,1.65,0,0,0,0,17-Apr-17
OPTSTK,BHARATFORG,25-May-17,1300,CE,0,0,0,28.65,1.15,0,0,0,0,17-Apr-17
OPTSTK,BHARATFORG,25-May-17,680,PE,0,0,0,0.9,0,0,0,0,0,17-Apr-17
OPTSTK,BHARATFORG,25-May-17,700,PE,0,0,0,1.35,0,0,0,0,0,17-Apr-17
OPTSTK,BHARATFORG,25-May-17,720,PE,0,0,0,1.95,0,0,0,0,0,17-Apr-17
OPTSTK,BHARATFORG,25-May-17,740,PE,0,0,0,2.7,0,0,0,0,0,17-Apr-17
OPTSTK,BHARATFORG,25-May-17,760,PE,0,0,0,3.75,0.05,0,0,0,0,17-Apr-17
OPTSTK,BHARATFORG,25-May-17,780,PE,0,0,0,5.05,0.05,0,0,0,0,17-Apr-17
OPTSTK,BHARATFORG,25-May-17,800,PE,0,0,0,6.65,0.1,0,0,0,0,17-Apr-17
OPTSTK,BHARATFORG,25-May-17,820,PE,0,0,0,8.7,0.15,0,0,0,0,17-Apr-17
OPTSTK,BHARATFORG,25-May-17,840,PE,0,0,0,11.1,0.3,0,0,0,0,17-Apr-17
OPTSTK,BHARATFORG,25-May-17,860,PE,0,0,0,14,0.6,0,0,0,0,17-Apr-17
OPTSTK,BHARATFORG,25-May-17,880,PE,0,0,0,17.45,1.05,0,0,0,0,17-Apr-17
OPTSTK,BHARATFORG,25-May-17,900,PE,0,0,0,21.45,1.85,0,0,0,0,17-Apr-17
OPTSTK,BHARATFORG,25-May-17,920,PE,0,0,0,26.05,3.15,0,0,0,0,17-Apr-17
OPTSTK,BHARATFORG,25-May-17,940,PE,0,0,0,31.25,5.05,0,0,0,0,17-Apr-17
OPTSTK,BHARATFORG,25-May-17,960,PE,0,0,0,37.15,7.75,0,0,0,0,17-Apr-17
OPTSTK,BHARATFORG,25-May-17,980,PE,0,0,0,43.65,11.4,0,0,0,0,17-Apr-17
OPTSTK,BHARATFORG,25-May-17,1000,PE,0,0,0,50.9,16.3,0,0,0,0,17-Apr-17
OPTSTK,BHARATFORG,25-May-17,1020,PE,0,0,0,58.85,22.45,0,0,0,0,17-Apr-17
OPTSTK,BHARATFORG,25-May-17,1040,PE,0,0,0,67.55,30.05,0,0,0,0,17-Apr-17
OPTSTK,BHARATFORG,25-May-17,1060,PE,0,0,0,76.9,39.1,0,0,0,0,17-Apr-17
OPTSTK,BHARATFORG,25-May-17,1080,PE,0,0,0,42,49.65,0,0,600,0,17-Apr-17
OPTSTK,BHARATFORG,25-May-17,1100,PE,0,0,0,43,61.65,0,0,0,0,17-Apr-17
OPTSTK,BHARATFORG,25-May-17,1120,PE,0,0,0,109.05,75,0,0,0,0,17-Apr-17
OPTSTK,BHARATFORG,25-May-17,1140,PE,0,0,0,121.1,89.6,0,0,0,0,17-Apr-17
OPTSTK,BHARATFORG,25-May-17,1160,PE,0,0,0,133.7,105.2,0,0,0,0,17-Apr-17
OPTSTK,BHARATFORG,25-May-17,1180,PE,0,0,0,146.95,121.75,0,0,0,0,17-Apr-17
OPTSTK,BHARATFORG,25-May-17,1200,PE,0,0,0,160.7,139.05,0,0,0,0,17-Apr-17
OPTSTK,BHARATFORG,25-May-17,1220,PE,0,0,0,175,156.95,0,0,0,0,17-Apr-17
OPTSTK,BHARATFORG,25-May-17,1240,PE,0,0,0,189.8,175.4,0,0,0,0,17-Apr-17
OPTSTK,BHARATFORG,25-May-17,1260,PE,0,0,0,205.1,194.2,0,0,0,0,17-Apr-17
OPTSTK,BHARATFORG,25-May-17,1280,PE,0,0,0,220.75,213.35,0,0,0,0,17-Apr-17
OPTSTK,BHARATFORG,25-May-17,1300,PE,0,0,0,236.75,232.65,0,0,0,0,17-Apr-17
OPTSTK,BHARATFORG,29-Jun-17,680,CE,0,0,0,358.15,388.5,0,0,0,0,17-Apr-17
OPTSTK,BHARATFORG,29-Jun-17,700,CE,0,0,0,338.55,368.8,0,0,0,0,17-Apr-17
OPTSTK,BHARATFORG,29-Jun-17,720,CE,0,0,0,319,349.1,0,0,0,0,17-Apr-17
OPTSTK,BHARATFORG,29-Jun-17,740,CE,0,0,0,299.5,329.4,0,0,0,0,17-Apr-17
OPTSTK,BHARATFORG,29-Jun-17,760,CE,0,0,0,280.15,309.8,0,0,0,0,17-Apr-17
OPTSTK,BHARATFORG,29-Jun-17,780,CE,0,0,0,260.95,290.25,0,0,0,0,17-Apr-17
OPTSTK,BHARATFORG,29-Jun-17,800,CE,0,0,0,241.95,270.85,0,0,0,0,17-Apr-17
OPTSTK,BHARATFORG,29-Jun-17,820,CE,0,0,0,223.3,251.65,0,0,0,0,17-Apr-17
OPTSTK,BHARATFORG,29-Jun-17,840,CE,0,0,0,205,232.65,0,0,0,0,17-Apr-17
OPTSTK,BHARATFORG,29-Jun-17,860,CE,0,0,0,187.2,214,0,0,0,0,17-Apr-17
OPTSTK,BHARATFORG,29-Jun-17,880,CE,0,0,0,169.95,195.75,0,0,0,0,17-Apr-17
OPTSTK,BHARATFORG,29-Jun-17,900,CE,0,0,0,153.4,178.05,0,0,0,0,17-Apr-17
OPTSTK,BHARATFORG,29-Jun-17,920,CE,0,0,0,137.6,160.9,0,0,0,0,17-Apr-17
OPTSTK,BHARATFORG,29-Jun-17,940,CE,0,0,0,122.7,144.5,0,0,0,0,17-Apr-17
OPTSTK,BHARATFORG,29-Jun-17,960,CE,0,0,0,108.6,128.9,0,0,0,0,17-Apr-17
OPTSTK,BHARATFORG,29-Jun-17,980,CE,0,0,0,95.5,114.25,0,0,0,0,17-Apr-17
OPTSTK,BHARATFORG,29-Jun-17,1000,CE,0,0,0,83.5,100.5,0,0,0,0,17-Apr-17
OPTSTK,BHARATFORG,29-Jun-17,1020,CE,0,0,0,72.45,87.8,0,0,0,0,17-Apr-17
OPTSTK,BHARATFORG,29-Jun-17,1040,CE,0,0,0,62.5,76.15,0,0,0,0,17-Apr-17
OPTSTK,BHARATFORG,29-Jun-17,1060,CE,0,0,0,53.55,65.55,0,0,0,0,17-Apr-17
OPTSTK,BHARATFORG,29-Jun-17,1080,CE,0,0,0,45.55,56.05,0,0,0,0,17-Apr-17
OPTSTK,BHARATFORG,29-Jun-17,1100,CE,0,0,0,38.55,47.6,0,0,0,0,17-Apr-17
OPTSTK,BHARATFORG,29-Jun-17,1120,CE,0,0,0,32.35,40.1,0,0,0,0,17-Apr-17
OPTSTK,BHARATFORG,29-Jun-17,1140,CE,0,0,0,27.05,33.55,0,0,0,0,17-Apr-17
OPTSTK,BHARATFORG,29-Jun-17,1160,CE,0,0,0,22.5,27.9,0,0,0,0,17-Apr-17
OPTSTK,BHARATFORG,29-Jun-17,1180,CE,0,0,0,18.55,23.1,0,0,0,0,17-Apr-17
OPTSTK,BHARATFORG,29-Jun-17,1200,CE,0,0,0,15.2,18.9,0,0,0,0,17-Apr-17
OPTSTK,BHARATFORG,29-Jun-17,1220,CE,0,0,0,12.4,15.4,0,0,0,0,17-Apr-17
OPTSTK,BHARATFORG,29-Jun-17,1240,CE,0,0,0,10.05,12.5,0,0,0,0,17-Apr-17
OPTSTK,BHARATFORG,29-Jun-17,1260,CE,0,0,0,8.15,10.05,0,0,0,0,17-Apr-17
OPTSTK,BHARATFORG,29-Jun-17,1280,CE,0,0,0,6.55,8.05,0,0,0,0,17-Apr-17
OPTSTK,BHARATFORG,29-Jun-17,1300,CE,0,0,0,5.2,6.4,0,0,0,0,17-Apr-17
OPTSTK,BHARATFORG,29-Jun-17,680,PE,0,0,0,0.1,0.05,0,0,0,0,17-Apr-17
OPTSTK,BHARATFORG,29-Jun-17,700,PE,0,0,0,0.15,0.05,0,0,0,0,17-Apr-17
OPTSTK,BHARATFORG,29-Jun-17,720,PE,0,0,0,0.25,0.1,0,0,0,0,17-Apr-17
OPTSTK,BHARATFORG,29-Jun-17,740,PE,0,0,0,0.45,0.15,0,0,0,0,17-Apr-17
OPTSTK,BHARATFORG,29-Jun-17,760,PE,0,0,0,0.75,0.3,0,0,0,0,17-Apr-17
OPTSTK,BHARATFORG,29-Jun-17,780,PE,0,0,0,1.25,0.5,0,0,0,0,17-Apr-17
OPTSTK,BHARATFORG,29-Jun-17,800,PE,0,0,0,1.95,0.85,0,0,0,0,17-Apr-17
OPTSTK,BHARATFORG,29-Jun-17,820,PE,0,0,0,2.95,1.35,0,0,0,0,17-Apr-17
OPTSTK,BHARATFORG,29-Jun-17,840,PE,0,0,0,4.3,2.1,0,0,0,0,17-Apr-17
OPTSTK,BHARATFORG,29-Jun-17,860,PE,0,0,0,6.15,3.2,0,0,0,0,17-Apr-17
OPTSTK,BHARATFORG,29-Jun-17,880,PE,0,0,0,8.6,4.7,0,0,0,0,17-Apr-17
OPTSTK,BHARATFORG,29-Jun-17,900,PE,0,0,0,11.7,6.7,0,0,0,0,17-Apr-17
OPTSTK,BHARATFORG,29-Jun-17,920,PE,0,0,0,15.6,9.35,0,0,0,0,17-Apr-17
OPTSTK,BHARATFORG,29-Jun-17,940,PE,0,0,0,20.3,12.65,0,0,0,0,17-Apr-17
OPTSTK,BHARATFORG,29-Jun-17,960,PE,0,0,0,25.9,16.8,0,0,0,0,17-Apr-17
OPTSTK,BHARATFORG,29-Jun-17,980,PE,0,0,0,32.5,21.9,0,0,0,0,17-Apr-17
OPTSTK,BHARATFORG,29-Jun-17,1000,PE,0,0,0,40.15,27.85,0,0,0,0,17-Apr-17
OPTSTK,BHARATFORG,29-Jun-17,1020,PE,0,0,0,48.8,34.9,0,0,0,0,17-Apr-17
OPTSTK,BHARATFORG,29-Jun-17,1040,PE,0,0,0,58.5,43,0,0,0,0,17-Apr-17
OPTSTK,BHARATFORG,29-Jun-17,1060,PE,0,0,0,69.2,52.2,0,0,0,0,17-Apr-17
OPTSTK,BHARATFORG,29-Jun-17,1080,PE,0,0,0,80.9,62.4,0,0,0,0,17-Apr-17
OPTSTK,BHARATFORG,29-Jun-17,1100,PE,0,0,0,93.55,73.65,0,0,0,0,17-Apr-17
OPTSTK,BHARATFORG,29-Jun-17,1120,PE,0,0,0,107.05,85.95,0,0,0,0,17-Apr-17
OPTSTK,BHARATFORG,29-Jun-17,1140,PE,0,0,0,121.4,99.15,0,0,0,0,17-Apr-17
OPTSTK,BHARATFORG,29-Jun-17,1160,PE,0,0,0,136.5,113.2,0,0,0,0,17-Apr-17
OPTSTK,BHARATFORG,29-Jun-17,1180,PE,0,0,0,152.25,128.15,0,0,0,0,17-Apr-17
OPTSTK,BHARATFORG,29-Jun-17,1200,PE,0,0,0,168.55,143.7,0,0,0,0,17-Apr-17
OPTSTK,BHARATFORG,29-Jun-17,1220,PE,0,0,0,185.45,159.95,0,0,0,0,17-Apr-17
OPTSTK,BHARATFORG,29-Jun-17,1240,PE,0,0,0,202.75,176.75,0,0,0,0,17-Apr-17
OPTSTK,BHARATFORG,29-Jun-17,1260,PE,0,0,0,220.5,194.1,0,0,0,0,17-Apr-17
OPTSTK,BHARATFORG,29-Jun-17,1280,PE,0,0,0,238.55,211.8,0,0,0,0,17-Apr-17
OPTSTK,BHARATFORG,29-Jun-17,1300,PE,0,0,0,256.95,229.9,0,0,0,0,17-Apr-17
OPTSTK,BHARTIARTL,27-Apr-17,220,CE,0,0,0,95,121.7,0,0,0,0,17-Apr-17
OPTSTK,BHARTIARTL,27-Apr-17,230,CE,0,0,0,85.2,111.7,0,0,0,0,17-Apr-17
OPTSTK,BHARTIARTL,27-Apr-17,240,CE,0,0,0,75.5,101.75,0,0,0,0,17-Apr-17
OPTSTK,BHARTIARTL,27-Apr-17,250,CE,0,0,0,65.95,91.75,0,0,0,0,17-Apr-17
OPTSTK,BHARTIARTL,27-Apr-17,260,CE,0,0,0,56.65,81.75,0,0,0,0,17-Apr-17
OPTSTK,BHARTIARTL,27-Apr-17,270,CE,0,0,0,47.75,71.8,0,0,0,0,17-Apr-17
OPTSTK,BHARTIARTL,27-Apr-17,280,CE,0,0,0,39.45,61.8,0,0,0,0,17-Apr-17
OPTSTK,BHARTIARTL,27-Apr-17,290,CE,0,0,0,31.85,51.85,0,0,0,0,17-Apr-17
OPTSTK,BHARTIARTL,27-Apr-17,300,CE,0,0,0,43,41.85,0,0,1700,0,17-Apr-17
OPTSTK,BHARTIARTL,27-Apr-17,310,CE,0,0,0,33.5,32,0,0,3400,0,17-Apr-17
OPTSTK,BHARTIARTL,27-Apr-17,320,CE,0,0,0,23.75,22.5,0,0,8500,0,17-Apr-17
OPTSTK,BHARTIARTL,27-Apr-17,330,CE,14.2,14.2,13.4,14.1,14.1,7,40.93,45900,5100,17-Apr-17
OPTSTK,BHARTIARTL,27-Apr-17,340,CE,8.8,9.05,6.6,7.4,7.4,115,679.13,289000,39100,17-Apr-17
OPTSTK,BHARTIARTL,27-Apr-17,350,CE,3.9,4.5,2.95,3.5,3.5,326,1959.31,596700,47600,17-Apr-17
OPTSTK,BHARTIARTL,27-Apr-17,360,CE,2.15,2.5,1.3,1.5,1.5,163,1002.16,428400,23800,17-Apr-17
OPTSTK,BHARTIARTL,27-Apr-17,370,CE,1.05,1.1,0.65,0.75,0.75,34,214.3,258400,-13600,17-Apr-17
OPTSTK,BHARTIARTL,27-Apr-17,380,CE,0.45,0.45,0.35,0.4,0.4,20,129.33,273700,-3400,17-Apr-17
OPTSTK,BHARTIARTL,27-Apr-17,390,CE,0,0,0,0.3,0.05,0,0,98600,0,17-Apr-17
OPTSTK,BHARTIARTL,27-Apr-17,400,CE,0.15,0.2,0.15,0.2,0.2,7,47.62,307700,6800,17-Apr-17
OPTSTK,BHARTIARTL,27-Apr-17,410,CE,0,0,0,0.15,0,0,0,18700,0,17-Apr-17
OPTSTK,BHARTIARTL,27-Apr-17,420,CE,0,0,0,0.25,0,0,0,0,0,17-Apr-17
OPTSTK,BHARTIARTL,27-Apr-17,430,CE,0,0,0,0.15,0,0,0,0,0,17-Apr-17
OPTSTK,BHARTIARTL,27-Apr-17,440,CE,0,0,0,0.1,0,0,0,0,0,17-Apr-17
OPTSTK,BHARTIARTL,27-Apr-17,450,CE,0,0,0,0.05,0,0,0,0,0,17-Apr-17
OPTSTK,BHARTIARTL,27-Apr-17,220,PE,0,0,0,0.05,0,0,0,0,0,17-Apr-17
OPTSTK,BHARTIARTL,27-Apr-17,230,PE,0,0,0,0.1,0,0,0,0,0,17-Apr-17
OPTSTK,BHARTIARTL,27-Apr-17,240,PE,0,0,0,0.25,0,0,0,1700,0,17-Apr-17
OPTSTK,BHARTIARTL,27-Apr-17,250,PE,0,0,0,0.5,0,0,0,0,0,17-Apr-17
OPTSTK,BHARTIARTL,27-Apr-17,260,PE,0,0,0,1.05,0,0,0,0,0,17-Apr-17
OPTSTK,BHARTIARTL,27-Apr-17,270,PE,0,0,0,2,0,0,0,0,0,17-Apr-17
OPTSTK,BHARTIARTL,27-Apr-17,280,PE,0,0,0,3.5,0,0,0,0,0,17-Apr-17
OPTSTK,BHARTIARTL,27-Apr-17,290,PE,0,0,0,0.3,0,0,0,17000,0,17-Apr-17
OPTSTK,BHARTIARTL,27-Apr-17,300,PE,0.45,0.45,0.25,0.3,0.3,5,25.52,251600,1700,17-Apr-17
OPTSTK,BHARTIARTL,27-Apr-17,310,PE,0.8,0.8,0.65,0.7,0.7,6,31.69,202300,5100,17-Apr-17
OPTSTK,BHARTIARTL,27-Apr-17,320,PE,1.35,1.65,1.15,1.3,1.3,66,360.61,212500,17000,17-Apr-17
OPTSTK,BHARTIARTL,27-Apr-17,330,PE,3,3.65,2.65,2.95,2.95,161,911.86,306000,5100,17-Apr-17
OPTSTK,BHARTIARTL,27-Apr-17,340,PE,6.25,7.6,5.9,6.25,6.25,302,1779.66,442000,27200,17-Apr-17
OPTSTK,BHARTIARTL,27-Apr-17,350,PE,11.1,14,11.1,12.2,12.2,169,1042.76,161500,-61200,17-Apr-17
OPTSTK,BHARTIARTL,27-Apr-17,360,PE,0,0,0,18.9,19.3,0,0,17000,0,17-Apr-17
OPTSTK,BHARTIARTL,27-Apr-17,370,PE,29.1,29.1,29.1,29.1,29.1,1,6.78,6800,0,17-Apr-17
OPTSTK,BHARTIARTL,27-Apr-17,380,PE,0,0,0,36.85,38.15,0,0,15300,0,17-Apr-17
OPTSTK,BHARTIARTL,27-Apr-17,390,PE,0,0,0,39.55,48.05,0,0,5100,0,17-Apr-17
OPTSTK,BHARTIARTL,27-Apr-17,400,PE,0,0,0,52.6,58.05,0,0,1700,0,17-Apr-17
OPTSTK,BHARTIARTL,27-Apr-17,410,PE,0,0,0,92.35,68,0,0,0,0,17-Apr-17
OPTSTK,BHARTIARTL,27-Apr-17,420,PE,0,0,0,102,78,0,0,0,0,17-Apr-17
OPTSTK,BHARTIARTL,27-Apr-17,430,PE,0,0,0,111.75,87.95,0,0,0,0,17-Apr-17
OPTSTK,BHARTIARTL,27-Apr-17,440,PE,0,0,0,121.55,97.95,0,0,0,0,17-Apr-17
OPTSTK,BHARTIARTL,27-Apr-17,450,PE,0,0,0,131.35,107.95,0,0,0,0,17-Apr-17
OPTSTK,BHARTIARTL,25-May-17,230,CE,0,0,0,139.9,112.85,0,0,0,0,17-Apr-17
OPTSTK,BHARTIARTL,25-May-17,240,CE,0,0,0,130.1,102.95,0,0,0,0,17-Apr-17
OPTSTK,BHARTIARTL,25-May-17,250,CE,0,0,0,120.35,93,0,0,0,0,17-Apr-17
OPTSTK,BHARTIARTL,25-May-17,260,CE,0,0,0,110.65,83.1,0,0,0,0,17-Apr-17
OPTSTK,BHARTIARTL,25-May-17,270,CE,0,0,0,101.05,73.2,0,0,0,0,17-Apr-17
OPTSTK,BHARTIARTL,25-May-17,280,CE,0,0,0,91.65,63.35,0,0,0,0,17-Apr-17
OPTSTK,BHARTIARTL,25-May-17,290,CE,0,0,0,82.45,53.7,0,0,0,0,17-Apr-17
OPTSTK,BHARTIARTL,25-May-17,300,CE,0,0,0,73.55,44.3,0,0,0,0,17-Apr-17
OPTSTK,BHARTIARTL,25-May-17,310,CE,0,0,0,65.05,35.5,0,0,0,0,17-Apr-17
OPTSTK,BHARTIARTL,25-May-17,320,CE,0,0,0,57,27.45,0,0,0,0,17-Apr-17
OPTSTK,BHARTIARTL,25-May-17,330,CE,0,0,0,49.5,20.4,0,0,0,0,17-Apr-17
OPTSTK,BHARTIARTL,25-May-17,340,CE,0,0,0,13,14.55,0,0,1700,0,17-Apr-17
OPTSTK,BHARTIARTL,25-May-17,350,CE,0,0,0,36.2,9.95,0,0,0,0,17-Apr-17
OPTSTK,BHARTIARTL,25-May-17,360,CE,0,0,0,7.5,6.5,0,0,3400,0,17-Apr-17
OPTSTK,BHARTIARTL,25-May-17,370,CE,0,0,0,25.45,4.05,0,0,0,0,17-Apr-17
OPTSTK,BHARTIARTL,25-May-17,380,CE,0,0,0,3.3,2.45,0,0,1700,0,17-Apr-17
OPTSTK,BHARTIARTL,25-May-17,390,CE,0,0,0,17.2,1.4,0,0,0,0,17-Apr-17
OPTSTK,BHARTIARTL,25-May-17,400,CE,0,0,0,13.95,0.8,0,0,0,0,17-Apr-17
OPTSTK,BHARTIARTL,25-May-17,410,CE,0,0,0,11.25,0.4,0,0,0,0,17-Apr-17
OPTSTK,BHARTIARTL,25-May-17,420,CE,0,0,0,9,0.2,0,0,0,0,17-Apr-17
OPTSTK,BHARTIARTL,25-May-17,430,CE,0,0,0,7.1,0.1,0,0,0,0,17-Apr-17
OPTSTK,BHARTIARTL,25-May-17,440,CE,0,0,0,5.55,0.05,0,0,0,0,17-Apr-17
OPTSTK,BHARTIARTL,25-May-17,450,CE,0,0,0,4.35,0.05,0,0,0,0,17-Apr-17
OPTSTK,BHARTIARTL,25-May-17,230,PE,0,0,0,0.05,0,0,0,0,0,17-Apr-17
OPTSTK,BHARTIARTL,25-May-17,240,PE,0,0,0,0.1,0,0,0,0,0,17-Apr-17
OPTSTK,BHARTIARTL,25-May-17,250,PE,0,0,0,0.15,0,0,0,0,0,17-Apr-17
OPTSTK,BHARTIARTL,25-May-17,260,PE,0,0,0,0.3,0.05,0,0,0,0,17-Apr-17
OPTSTK,BHARTIARTL,25-May-17,270,PE,0,0,0,0.6,0.05,0,0,0,0,17-Apr-17
OPTSTK,BHARTIARTL,25-May-17,280,PE,0,0,0,1,0.15,0,0,0,0,17-Apr-17
OPTSTK,BHARTIARTL,25-May-17,290,PE,0,0,0,1.65,0.4,0,0,0,0,17-Apr-17
OPTSTK,BHARTIARTL,25-May-17,300,PE,0,0,0,2.6,1,0,0,0,0,17-Apr-17
OPTSTK,BHARTIARTL,25-May-17,310,PE,0,0,0,3.95,2.1,0,0,0,0,17-Apr-17
OPTSTK,BHARTIARTL,25-May-17,320,PE,0,0,0,5.75,4,0,0,0,0,17-Apr-17
OPTSTK,BHARTIARTL,25-May-17,330,PE,8,8,8,8,8,1,5.74,10200,0,17-Apr-17
OPTSTK,BHARTIARTL,25-May-17,340,PE,12.5,13,12.5,13,13,12,71.93,27200,15300,17-Apr-17
OPTSTK,BHARTIARTL,25-May-17,350,PE,0,0,0,14,16.3,0,0,3400,0,17-Apr-17
OPTSTK,BHARTIARTL,25-May-17,360,PE,0,0,0,19,22.75,0,0,1700,0,17-Apr-17
OPTSTK,BHARTIARTL,25-May-17,370,PE,0,0,0,23.4,30.25,0,0,0,0,17-Apr-17
OPTSTK,BHARTIARTL,25-May-17,380,PE,0,0,0,28.8,38.55,0,0,0,0,17-Apr-17
OPTSTK,BHARTIARTL,25-May-17,390,PE,0,0,0,34.85,47.45,0,0,0,0,17-Apr-17
OPTSTK,BHARTIARTL,25-May-17,400,PE,0,0,0,41.45,56.8,0,0,0,0,17-Apr-17
OPTSTK,BHARTIARTL,25-May-17,410,PE,0,0,0,48.55,66.35,0,0,0,0,17-Apr-17
OPTSTK,BHARTIARTL,25-May-17,420,PE,0,0,0,56.15,76.1,0,0,0,0,17-Apr-17
OPTSTK,BHARTIARTL,25-May-17,430,PE,0,0,0,64.1,85.9,0,0,0,0,17-Apr-17
OPTSTK,BHARTIARTL,25-May-17,440,PE,0,0,0,72.4,95.8,0,0,0,0,17-Apr-17
OPTSTK,BHARTIARTL,25-May-17,450,PE,0,0,0,81.05,105.7,0,0,0,0,17-Apr-17
OPTSTK,BHARTIARTL,29-Jun-17,230,CE,0,0,0,125.05,114.3,0,0,0,0,17-Apr-17
OPTSTK,BHARTIARTL,29-Jun-17,240,CE,0,0,0,115.25,104.45,0,0,0,0,17-Apr-17
OPTSTK,BHARTIARTL,29-Jun-17,250,CE,0,0,0,105.5,94.6,0,0,0,0,17-Apr-17
OPTSTK,BHARTIARTL,29-Jun-17,260,CE,0,0,0,95.85,84.85,0,0,0,0,17-Apr-17
OPTSTK,BHARTIARTL,29-Jun-17,270,CE,0,0,0,86.3,75.25,0,0,0,0,17-Apr-17
OPTSTK,BHARTIARTL,29-Jun-17,280,CE,0,0,0,77,65.8,0,0,0,0,17-Apr-17
OPTSTK,BHARTIARTL,29-Jun-17,290,CE,0,0,0,67.95,56.7,0,0,0,0,17-Apr-17
OPTSTK,BHARTIARTL,29-Jun-17,300,CE,0,0,0,59.3,48.05,0,0,0,0,17-Apr-17
OPTSTK,BHARTIARTL,29-Jun-17,310,CE,0,0,0,51.15,40,0,0,0,0,17-Apr-17
OPTSTK,BHARTIARTL,29-Jun-17,320,CE,0,0,0,43.55,32.65,0,0,0,0,17-Apr-17
OPTSTK,BHARTIARTL,29-Jun-17,330,CE,0,0,0,36.6,26.15,0,0,0,0,17-Apr-17
OPTSTK,BHARTIARTL,29-Jun-17,340,CE,0,0,0,23,20.5,0,0,3400,0,17-Apr-17
OPTSTK,BHARTIARTL,29-Jun-17,350,CE,0,0,0,19.1,15.75,0,0,1700,0,17-Apr-17
OPTSTK,BHARTIARTL,29-Jun-17,360,CE,0,0,0,20.15,11.85,0,0,0,0,17-Apr-17
OPTSTK,BHARTIARTL,29-Jun-17,370,CE,0,0,0,16.05,8.75,0,0,0,0,17-Apr-17
OPTSTK,BHARTIARTL,29-Jun-17,380,CE,0,0,0,12.65,6.35,0,0,0,0,17-Apr-17
OPTSTK,BHARTIARTL,29-Jun-17,390,CE,0,0,0,9.85,4.5,0,0,0,0,17-Apr-17
OPTSTK,BHARTIARTL,29-Jun-17,400,CE,0,0,0,7.6,3.15,0,0,0,0,17-Apr-17
OPTSTK,BHARTIARTL,29-Jun-17,410,CE,0,0,0,5.75,2.15,0,0,0,0,17-Apr-17
OPTSTK,BHARTIARTL,29-Jun-17,420,CE,0,0,0,4.35,1.45,0,0,0,0,17-Apr-17
OPTSTK,BHARTIARTL,29-Jun-17,430,CE,0,0,0,3.25,0.95,0,0,0,0,17-Apr-17
OPTSTK,BHARTIARTL,29-Jun-17,440,CE,0,0,0,2.4,0.65,0,0,0,0,17-Apr-17
OPTSTK,BHARTIARTL,29-Jun-17,450,CE,0,0,0,1.75,0.4,0,0,0,0,17-Apr-17
OPTSTK,BHARTIARTL,29-Jun-17,230,PE,0,0,0,0.05,0.05,0,0,0,0,17-Apr-17
OPTSTK,BHARTIARTL,29-Jun-17,240,PE,0,0,0,0.1,0.05,0,0,0,0,17-Apr-17
OPTSTK,BHARTIARTL,29-Jun-17,250,PE,0,0,0,0.15,0.1,0,0,0,0,17-Apr-17
OPTSTK,BHARTIARTL,29-Jun-17,260,PE,0,0,0,0.35,0.2,0,0,0,0,17-Apr-17
OPTSTK,BHARTIARTL,29-Jun-17,270,PE,0,0,0,0.65,0.45,0,0,0,0,17-Apr-17
OPTSTK,BHARTIARTL,29-Jun-17,280,PE,0,0,0,1.15,0.9,0,0,0,0,17-Apr-17
OPTSTK,BHARTIARTL,29-Jun-17,290,PE,0,0,0,1.95,1.65,0,0,0,0,17-Apr-17
OPTSTK,BHARTIARTL,29-Jun-17,300,PE,0,0,0,3.15,2.85,0,0,0,0,17-Apr-17
OPTSTK,BHARTIARTL,29-Jun-17,310,PE,0,0,0,4.85,4.7,0,0,0,0,17-Apr-17
OPTSTK,BHARTIARTL,29-Jun-17,320,PE,0,0,0,7.1,7.2,0,0,0,0,17-Apr-17
OPTSTK,BHARTIARTL,29-Jun-17,330,PE,0,0,0,10,10.55,0,0,0,0,17-Apr-17
OPTSTK,BHARTIARTL,29-Jun-17,340,PE,0,0,0,13.6,14.8,0,0,0,0,17-Apr-17
OPTSTK,BHARTIARTL,29-Jun-17,350,PE,0,0,0,17.9,19.9,0,0,0,0,17-Apr-17
OPTSTK,BHARTIARTL,29-Jun-17,360,PE,0,0,0,23,25.9,0,0,0,0,17-Apr-17
OPTSTK,BHARTIARTL,29-Jun-17,370,PE,0,0,0,28.75,32.65,0,0,0,0,17-Apr-17
OPTSTK,BHARTIARTL,29-Jun-17,380,PE,0,0,0,35.2,40.1,0,0,0,0,17-Apr-17
OPTSTK,BHARTIARTL,29-Jun-17,390,PE,0,0,0,42.2,48.15,0,0,0,0,17-Apr-17
OPTSTK,BHARTIARTL,29-Jun-17,400,PE,0,0,0,49.8,56.65,0,0,0,0,17-Apr-17
OPTSTK,BHARTIARTL,29-Jun-17,410,PE,0,0,0,57.8,65.55,0,0,0,0,17-Apr-17
OPTSTK,BHARTIARTL,29-Jun-17,420,PE,0,0,0,66.2,74.7,0,0,0,0,17-Apr-17
OPTSTK,BHARTIARTL,29-Jun-17,430,PE,0,0,0,74.95,84.1,0,0,0,0,17-Apr-17
OPTSTK,BHARTIARTL,29-Jun-17,440,PE,0,0,0,83.95,93.65,0,0,0,0,17-Apr-17
OPTSTK,BHARTIARTL,29-Jun-17,450,PE,0,0,0,93.15,103.3,0,0,0,0,17-Apr-17
OPTSTK,BHEL,27-Apr-17,85,CE,0,0,0,48.3,87.85,0,0,0,0,17-Apr-17
OPTSTK,BHEL,27-Apr-17,90,CE,0,0,0,43.4,82.9,0,0,0,0,17-Apr-17
OPTSTK,BHEL,27-Apr-17,95,CE,0,0,0,38.5,77.9,0,0,0,0,17-Apr-17
OPTSTK,BHEL,27-Apr-17,100,CE,0,0,0,33.7,72.9,0,0,0,0,17-Apr-17
OPTSTK,BHEL,27-Apr-17,105,CE,0,0,0,28.95,67.9,0,0,0,0,17-Apr-17
OPTSTK,BHEL,27-Apr-17,110,CE,0,0,0,24.4,62.9,0,0,0,0,17-Apr-17
OPTSTK,BHEL,27-Apr-17,115,CE,0,0,0,20.1,57.9,0,0,0,0,17-Apr-17
OPTSTK,BHEL,27-Apr-17,120,CE,0,0,0,16.15,52.95,0,0,0,0,17-Apr-17
OPTSTK,BHEL,27-Apr-17,125,CE,0,0,0,45.3,47.95,0,0,5000,0,17-Apr-17
OPTSTK,BHEL,27-Apr-17,130,CE,0,0,0,35,42.95,0,0,10000,0,17-Apr-17
OPTSTK,BHEL,27-Apr-17,135,CE,0,0,0,7.15,37.95,0,0,0,0,17-Apr-17
OPTSTK,BHEL,27-Apr-17,140,CE,0,0,0,5.2,32.95,0,0,0,0,17-Apr-17
OPTSTK,BHEL,27-Apr-17,145,CE,0,0,0,28,27.95,0,0,5000,0,17-Apr-17
OPTSTK,BHEL,27-Apr-17,150,CE,0,0,0,27.95,23,0,0,80000,0,17-Apr-17
OPTSTK,BHEL,27-Apr-17,155,CE,0,0,0,21.45,18.1,0,0,95000,0,17-Apr-17
OPTSTK,BHEL,27-Apr-17,160,CE,0,0,0,16,13.35,0,0,180000,0,17-Apr-17
OPTSTK,BHEL,27-Apr-17,165,CE,9.9,9.9,9.9,9.9,9.9,1,8.74,310000,-5000,17-Apr-17
OPTSTK,BHEL,27-Apr-17,170,CE,6,7.3,6,6.45,6.45,31,273.6,1685000,-5000,17-Apr-17
OPTSTK,BHEL,27-Apr-17,175,CE,3.8,4.4,3.35,3.75,3.75,600,5365.5,1530000,190000,17-Apr-17
OPTSTK,BHEL,27-Apr-17,180,CE,2.2,2.55,1.85,2.1,2.1,615,5601.69,2615000,155000,17-Apr-17
OPTSTK,BHEL,27-Apr-17,185,CE,1,1.4,0.95,1.15,1.15,136,1266.03,1680000,30000,17-Apr-17
OPTSTK,BHEL,27-Apr-17,190,CE,0.75,0.75,0.55,0.6,0.6,200,1906.29,1440000,-50000,17-Apr-17
OPTSTK,BHEL,27-Apr-17,195,CE,0.4,0.4,0.3,0.35,0.35,88,859.6,910000,15000,17-Apr-17
OPTSTK,BHEL,27-Apr-17,200,CE,0.35,0.35,0.2,0.25,0.25,75,750.9,1460000,-25000,17-Apr-17
OPTSTK,BHEL,27-Apr-17,205,CE,0.1,0.15,0.1,0.1,0.1,5,51.27,155000,-5000,17-Apr-17
OPTSTK,BHEL,27-Apr-17,210,CE,0,0,0,0.15,0,0,0,155000,0,17-Apr-17
OPTSTK,BHEL,27-Apr-17,215,CE,0,0,0,0.35,0,0,0,0,0,17-Apr-17
OPTSTK,BHEL,27-Apr-17,85,PE,0,0,0,0.05,0,0,0,0,0,17-Apr-17
OPTSTK,BHEL,27-Apr-17,90,PE,0,0,0,0.05,0,0,0,0,0,17-Apr-17
OPTSTK,BHEL,27-Apr-17,95,PE,0,0,0,0.05,0,0,0,0,0,17-Apr-17
OPTSTK,BHEL,27-Apr-17,100,PE,0,0,0,0.15,0,0,0,0,0,17-Apr-17
OPTSTK,BHEL,27-Apr-17,105,PE,0,0,0,0.35,0,0,0,0,0,17-Apr-17
OPTSTK,BHEL,27-Apr-17,110,PE,0,0,0,0.7,0,0,0,0,0,17-Apr-17
OPTSTK,BHEL,27-Apr-17,115,PE,0,0,0,1.3,0,0,0,0,0,17-Apr-17
OPTSTK,BHEL,27-Apr-17,120,PE,0,0,0,2.3,0,0,0,0,0,17-Apr-17
OPTSTK,BHEL,27-Apr-17,125,PE,0,0,0,3.7,0,0,0,0,0,17-Apr-17
OPTSTK,BHEL,27-Apr-17,130,PE,0,0,0,5.6,0,0,0,0,0,17-Apr-17
OPTSTK,BHEL,27-Apr-17,135,PE,0,0,0,8.05,0,0,0,0,0,17-Apr-17
OPTSTK,BHEL,27-Apr-17,140,PE,0,0,0,0.05,0,0,0,135000,0,17-Apr-17
OPTSTK,BHEL,27-Apr-17,145,PE,0,0,0,0.1,0,0,0,130000,0,17-Apr-17
OPTSTK,BHEL,27-Apr-17,150,PE,0.15,0.2,0.15,0.2,0.2,16,120.15,750000,-55000,17-Apr-17
OPTSTK,BHEL,27-Apr-17,155,PE,0.35,0.4,0.3,0.4,0.4,23,178.64,605000,70000,17-Apr-17
OPTSTK,BHEL,27-Apr-17,160,PE,0.7,0.8,0.5,0.7,0.7,73,586.41,1030000,15000,17-Apr-17
OPTSTK,BHEL,27-Apr-17,165,PE,1.4,1.65,1.1,1.5,1.5,131,1089.78,705000,60000,17-Apr-17
OPTSTK,BHEL,27-Apr-17,170,PE,3.1,3.2,2.2,2.85,2.85,180,1555.06,1185000,25000,17-Apr-17
OPTSTK,BHEL,27-Apr-17,175,PE,5.15,5.5,4.25,5.2,5.2,42,378.12,635000,-5000,17-Apr-17
OPTSTK,BHEL,27-Apr-17,180,PE,8.7,8.7,8.7,8.7,8.7,1,9.43,315000,0,17-Apr-17
OPTSTK,BHEL,27-Apr-17,185,PE,0,0,0,11.45,12.6,0,0,50000,0,17-Apr-17
OPTSTK,BHEL,27-Apr-17,190,PE,0,0,0,15.5,17.2,0,0,10000,0,17-Apr-17
OPTSTK,BHEL,27-Apr-17,195,PE,0,0,0,31,22.05,0,0,5000,0,17-Apr-17
OPTSTK,BHEL,27-Apr-17,200,PE,0,0,0,46.7,27,0,0,0,0,17-Apr-17
OPTSTK,BHEL,27-Apr-17,205,PE,0,0,0,47.65,31.95,0,0,0,0,17-Apr-17
OPTSTK,BHEL,27-Apr-17,210,PE,0,0,0,50.3,36.95,0,0,0,0,17-Apr-17
OPTSTK,BHEL,27-Apr-17,215,PE,0,0,0,46.8,41.95,0,0,0,0,17-Apr-17
OPTSTK,BHEL,25-May-17,105,CE,0,0,0,50.2,68.45,0,0,0,0,17-Apr-17
OPTSTK,BHEL,25-May-17,110,CE,0,0,0,45.4,63.45,0,0,0,0,17-Apr-17
OPTSTK,BHEL,25-May-17,115,CE,0,0,0,40.65,58.5,0,0,0,0,17-Apr-17
OPTSTK,BHEL,25-May-17,120,CE,0,0,0,36.05,53.55,0,0,0,0,17-Apr-17
OPTSTK,BHEL,25-May-17,125,CE,0,0,0,31.65,48.55,0,0,0,0,17-Apr-17
OPTSTK,BHEL,25-May-17,130,CE,0,0,0,27.45,43.6,0,0,0,0,17-Apr-17
OPTSTK,BHEL,25-May-17,135,CE,0,0,0,23.5,38.7,0,0,0,0,17-Apr-17
OPTSTK,BHEL,25-May-17,140,CE,0,0,0,19.9,33.85,0,0,0,0,17-Apr-17
OPTSTK,BHEL,25-May-17,145,CE,0,0,0,16.6,29.05,0,0,0,0,17-Apr-17
OPTSTK,BHEL,25-May-17,150,CE,0,0,0,13.7,24.5,0,0,0,0,17-Apr-17
OPTSTK,BHEL,25-May-17,155,CE,0,0,0,11.2,20.2,0,0,0,0,17-Apr-17
OPTSTK,BHEL,25-May-17,160,CE,0,0,0,19.5,16.2,0,0,5000,0,17-Apr-17
OPTSTK,BHEL,25-May-17,165,CE,0,0,0,7.15,12.7,0,0,0,0,17-Apr-17
OPTSTK,BHEL,25-May-17,170,CE,0,0,0,12.5,9.65,0,0,5000,0,17-Apr-17
OPTSTK,BHEL,25-May-17,175,CE,0,0,0,5.75,7.15,0,0,10000,0,17-Apr-17
OPTSTK,BHEL,25-May-17,180,CE,5.75,5.75,5.75,5.75,5.75,1,9.28,50000,5000,17-Apr-17
OPTSTK,BHEL,25-May-17,185,CE,4,4,4,4,4,1,9.45,5000,5000,17-Apr-17
OPTSTK,BHEL,25-May-17,190,CE,2.55,3,2.55,3,3,2,19.27,5000,5000,17-Apr-17
OPTSTK,BHEL,25-May-17,195,CE,0,0,0,4.05,1.6,0,0,5000,0,17-Apr-17
OPTSTK,BHEL,25-May-17,200,CE,0,0,0,1.1,1.05,0,0,0,0,17-Apr-17
OPTSTK,BHEL,25-May-17,205,CE,0,0,0,0.8,0.65,0,0,0,0,17-Apr-17
OPTSTK,BHEL,25-May-17,210,CE,0,0,0,2.6,0.4,0,0,0,0,17-Apr-17
OPTSTK,BHEL,25-May-17,215,CE,0,0,0,1.2,0.25,0,0,0,0,17-Apr-17
OPTSTK,BHEL,25-May-17,105,PE,0,0,0,0.1,0,0,0,0,0,17-Apr-17
OPTSTK,BHEL,25-May-17,110,PE,0,0,0,0.2,0,0,0,0,0,17-Apr-17
OPTSTK,BHEL,25-May-17,115,PE,0,0,0,0.4,0,0,0,0,0,17-Apr-17
OPTSTK,BHEL,25-May-17,120,PE,0,0,0,0.75,0,0,0,0,0,17-Apr-17
OPTSTK,BHEL,25-May-17,125,PE,0,0,0,1.25,0.05,0,0,0,0,17-Apr-17
OPTSTK,BHEL,25-May-17,130,PE,0,0,0,1.95,0.05,0,0,0,0,17-Apr-17
OPTSTK,BHEL,25-May-17,135,PE,0,0,0,2.95,0.1,0,0,0,0,17-Apr-17
OPTSTK,BHEL,25-May-17,140,PE,0,0,0,4.25,0.2,0,0,0,0,17-Apr-17
OPTSTK,BHEL,25-May-17,145,PE,0,0,0,5.9,0.4,0,0,0,0,17-Apr-17
OPTSTK,BHEL,25-May-17,150,PE,0,0,0,7.9,0.8,0,0,0,0,17-Apr-17
OPTSTK,BHEL,25-May-17,155,PE,0,0,0,10.3,1.45,0,0,0,0,17-Apr-17
OPTSTK,BHEL,25-May-17,160,PE,0,0,0,2.65,2.45,0,0,20000,0,17-Apr-17
OPTSTK,BHEL,25-May-17,165,PE,0,0,0,5.3,3.9,0,0,5000,0,17-Apr-17
OPTSTK,BHEL,25-May-17,170,PE,0,0,0,19.55,5.8,0,0,0,0,17-Apr-17
OPTSTK,BHEL,25-May-17,175,PE,0,0,0,23.2,8.25,0,0,0,0,17-Apr-17
OPTSTK,BHEL,25-May-17,180,PE,0,0,0,27.1,11.2,0,0,0,0,17-Apr-17
OPTSTK,BHEL,25-May-17,185,PE,0,0,0,31.25,14.65,0,0,0,0,17-Apr-17
OPTSTK,BHEL,25-May-17,190,PE,0,0,0,35.55,18.45,0,0,0,0,17-Apr-17
OPTSTK,BHEL,25-May-17,195,PE,0,0,0,39.95,22.6,0,0,0,0,17-Apr-17
OPTSTK,BHEL,25-May-17,200,PE,0,0,0,44.5,27,0,0,0,0,17-Apr-17
OPTSTK,BHEL,25-May-17,205,PE,0,0,0,49.15,31.55,0,0,0,0,17-Apr-17
OPTSTK,BHEL,25-May-17,210,PE,0,0,0,46.95,36.3,0,0,0,0,17-Apr-17
OPTSTK,BHEL,25-May-17,215,PE,0,0,0,46.6,41.1,0,0,0,0,17-Apr-17
OPTSTK,BHEL,29-Jun-17,105,CE,0,0,0,61.2,69.1,0,0,0,0,17-Apr-17
OPTSTK,BHEL,29-Jun-17,110,CE,0,0,0,56.3,64.15,0,0,0,0,17-Apr-17
OPTSTK,BHEL,29-Jun-17,115,CE,0,0,0,51.45,59.25,0,0,0,0,17-Apr-17
OPTSTK,BHEL,29-Jun-17,120,CE,0,0,0,46.6,54.3,0,0,0,0,17-Apr-17
OPTSTK,BHEL,29-Jun-17,125,CE,0,0,0,41.85,49.45,0,0,0,0,17-Apr-17
OPTSTK,BHEL,29-Jun-17,130,CE,0,0,0,37.15,44.65,0,0,0,0,17-Apr-17
OPTSTK,BHEL,29-Jun-17,135,CE,0,0,0,32.65,39.9,0,0,0,0,17-Apr-17
OPTSTK,BHEL,29-Jun-17,140,CE,0,0,0,28.35,35.3,0,0,0,0,17-Apr-17
OPTSTK,BHEL,29-Jun-17,145,CE,0,0,0,24.35,30.9,0,0,0,0,17-Apr-17
OPTSTK,BHEL,29-Jun-17,150,CE,0,0,0,20.6,26.7,0,0,0,0,17-Apr-17
OPTSTK,BHEL,29-Jun-17,155,CE,0,0,0,17.2,22.8,0,0,0,0,17-Apr-17
OPTSTK,BHEL,29-Jun-17,160,CE,0,0,0,14.15,19.2,0,0,0,0,17-Apr-17
OPTSTK,BHEL,29-Jun-17,165,CE,0,0,0,11.5,15.95,0,0,0,0,17-Apr-17
OPTSTK,BHEL,29-Jun-17,170,CE,0,0,0,9.2,13.1,0,0,0,0,17-Apr-17
OPTSTK,BHEL,29-Jun-17,175,CE,0,0,0,7.3,10.6,0,0,0,0,17-Apr-17
OPTSTK,BHEL,29-Jun-17,180,CE,0,0,0,5.7,8.45,0,0,0,0,17-Apr-17
OPTSTK,BHEL,29-Jun-17,185,CE,0,0,0,4.4,6.65,0,0,0,0,17-Apr-17
OPTSTK,BHEL,29-Jun-17,190,CE,0,0,0,3.35,5.2,0,0,0,0,17-Apr-17
OPTSTK,BHEL,29-Jun-17,195,CE,0,0,0,2.55,4,0,0,0,0,17-Apr-17
OPTSTK,BHEL,29-Jun-17,200,CE,0,0,0,1.9,3.05,0,0,0,0,17-Apr-17
OPTSTK,BHEL,29-Jun-17,205,CE,0,0,0,1.4,2.3,0,0,0,0,17-Apr-17
OPTSTK,BHEL,29-Jun-17,210,CE,0,0,0,1,1.7,0,0,0,0,17-Apr-17
OPTSTK,BHEL,29-Jun-17,215,CE,0,0,0,0.75,1.25,0,0,0,0,17-Apr-17
OPTSTK,BHEL,29-Jun-17,105,PE,0,0,0,0.05,0,0,0,0,0,17-Apr-17
OPTSTK,BHEL,29-Jun-17,110,PE,0,0,0,0.05,0.05,0,0,0,0,17-Apr-17
OPTSTK,BHEL,29-Jun-17,115,PE,0,0,0,0.1,0.05,0,0,0,0,17-Apr-17
OPTSTK,BHEL,29-Jun-17,120,PE,0,0,0,0.15,0.05,0,0,0,0,17-Apr-17
OPTSTK,BHEL,29-Jun-17,125,PE,0,0,0,0.3,0.15,0,0,0,0,17-Apr-17
OPTSTK,BHEL,29-Jun-17,130,PE,0,0,0,0.6,0.25,0,0,0,0,17-Apr-17
OPTSTK,BHEL,29-Jun-17,135,PE,0,0,0,1,0.45,0,0,0,0,17-Apr-17
OPTSTK,BHEL,29-Jun-17,140,PE,0,0,0,1.6,0.8,0,0,0,0,17-Apr-17
OPTSTK,BHEL,29-Jun-17,145,PE,0,0,0,2.5,1.3,0,0,0,0,17-Apr-17
OPTSTK,BHEL,29-Jun-17,150,PE,0,0,0,3.65,2.05,0,0,0,0,17-Apr-17
OPTSTK,BHEL,29-Jun-17,155,PE,0,0,0,5.2,3.1,0,0,0,0,17-Apr-17
OPTSTK,BHEL,29-Jun-17,160,PE,0,0,0,7.05,4.45,0,0,0,0,17-Apr-17
OPTSTK,BHEL,29-Jun-17,165,PE,0,0,0,9.3,6.15,0,0,0,0,17-Apr-17
OPTSTK,BHEL,29-Jun-17,170,PE,0,0,0,11.95,8.2,0,0,0,0,17-Apr-17
OPTSTK,BHEL,29-Jun-17,175,PE,0,0,0,14.95,10.65,0,0,0,0,17-Apr-17
OPTSTK,BHEL,29-Jun-17,180,PE,0,0,0,18.25,13.45,0,0,0,0,17-Apr-17
OPTSTK,BHEL,29-Jun-17,185,PE,0,0,0,21.9,16.6,0,0,0,0,17-Apr-17
OPTSTK,BHEL,29-Jun-17,190,PE,0,0,0,25.75,20.05,0,0,0,0,17-Apr-17
OPTSTK,BHEL,29-Jun-17,195,PE,0,0,0,29.85,23.8,0,0,0,0,17-Apr-17
OPTSTK,BHEL,29-Jun-17,200,PE,0,0,0,34.15,27.75,0,0,0,0,17-Apr-17
OPTSTK,BHEL,29-Jun-17,205,PE,0,0,0,38.55,31.95,0,0,0,0,17-Apr-17
OPTSTK,BHEL,29-Jun-17,210,PE,0,0,0,43.1,36.3,0,0,0,0,17-Apr-17
OPTSTK,BHEL,29-Jun-17,215,PE,0,0,0,47.75,40.8,0,0,0,0,17-Apr-17
OPTSTK,BIOCON,27-Apr-17,620,CE,0,0,0,412.85,492,0,0,0,0,17-Apr-17
OPTSTK,BIOCON,27-Apr-17,640,CE,0,0,0,393.25,472.05,0,0,0,0,17-Apr-17
OPTSTK,BIOCON,27-Apr-17,660,CE,0,0,0,373.65,452.05,0,0,0,0,17-Apr-17
OPTSTK,BIOCON,27-Apr-17,680,CE,0,0,0,354.1,432.1,0,0,0,0,17-Apr-17
OPTSTK,BIOCON,27-Apr-17,700,CE,0,0,0,334.65,412.15,0,0,0,0,17-Apr-17
OPTSTK,BIOCON,27-Apr-17,720,CE,0,0,0,315.3,392.15,0,0,0,0,17-Apr-17
OPTSTK,BIOCON,27-Apr-17,740,CE,0,0,0,296.1,372.2,0,0,0,0,17-Apr-17
OPTSTK,BIOCON,27-Apr-17,760,CE,0,0,0,277.15,352.25,0,0,0,0,17-Apr-17
OPTSTK,BIOCON,27-Apr-17,780,CE,0,0,0,258.4,332.3,0,0,0,0,17-Apr-17
OPTSTK,BIOCON,27-Apr-17,800,CE,0,0,0,240.05,312.3,0,0,0,0,17-Apr-17
OPTSTK,BIOCON,27-Apr-17,820,CE,0,0,0,222.05,292.35,0,0,0,0,17-Apr-17
OPTSTK,BIOCON,27-Apr-17,840,CE,0,0,0,204.6,272.4,0,0,0,0,17-Apr-17
OPTSTK,BIOCON,27-Apr-17,860,CE,0,0,0,187.65,252.4,0,0,0,0,17-Apr-17
OPTSTK,BIOCON,27-Apr-17,880,CE,0,0,0,171.35,232.45,0,0,0,0,17-Apr-17
OPTSTK,BIOCON,27-Apr-17,900,CE,0,0,0,150,212.5,0,0,600,0,17-Apr-17
OPTSTK,BIOCON,27-Apr-17,920,CE,0,0,0,140.95,192.5,0,0,0,0,17-Apr-17
OPTSTK,BIOCON,27-Apr-17,940,CE,0,0,0,197.85,172.55,0,0,7200,0,17-Apr-17
OPTSTK,BIOCON,27-Apr-17,960,CE,0,0,0,181,152.6,0,0,1800,0,17-Apr-17
OPTSTK,BIOCON,27-Apr-17,980,CE,0,0,0,101.4,132.65,0,0,0,0,17-Apr-17
OPTSTK,BIOCON,27-Apr-17,1000,CE,0,0,0,113,112.85,0,0,3600,0,17-Apr-17
OPTSTK,BIOCON,27-Apr-17,1020,CE,0,0,0,79.55,93.3,0,0,0,0,17-Apr-17
OPTSTK,BIOCON,27-Apr-17,1040,CE,0,0,0,85,74.35,0,0,3000,0,17-Apr-17
OPTSTK,BIOCON,27-Apr-17,1060,CE,0,0,0,52.35,56.6,0,0,1800,0,17-Apr-17
OPTSTK,BIOCON,27-Apr-17,1080,CE,40.5,40.5,40.5,40.5,40.5,1,6.72,1800,0,17-Apr-17
OPTSTK,BIOCON,27-Apr-17,1100,CE,25.15,35.75,25,35.5,35.5,25,169.8,25200,600,17-Apr-17
OPTSTK,BIOCON,27-Apr-17,1120,CE,21.2,26.4,17.15,24.75,24.75,48,329.24,55200,600,17-Apr-17
OPTSTK,BIOCON,27-Apr-17,1140,CE,14.5,19,13,16.6,16.6,73,506.44,63000,7200,17-Apr-17
OPTSTK,BIOCON,27-Apr-17,1160,CE,10,12.5,5.2,10.75,10.75,15,105.3,49800,-3000,17-Apr-17
OPTSTK,BIOCON,27-Apr-17,1180,CE,5.8,8.05,5.8,7.1,7.1,14,99.7,39000,1800,17-Apr-17
OPTSTK,BIOCON,27-Apr-17,1200,CE,3.2,5.2,3.2,4.45,4.45,32,231.23,54000,2400,17-Apr-17
OPTSTK,BIOCON,27-Apr-17,1220,CE,0,0,0,2.65,0.5,0,0,13200,0,17-Apr-17
OPTSTK,BIOCON,27-Apr-17,1240,CE,0,0,0,1.7,0.2,0,0,7800,0,17-Apr-17
OPTSTK,BIOCON,27-Apr-17,1260,CE,0,0,0,2,0.1,0,0,3000,0,17-Apr-17
OPTSTK,BIOCON,27-Apr-17,1280,CE,0,0,0,3.25,0.05,0,0,4200,0,17-Apr-17
OPTSTK,BIOCON,27-Apr-17,1300,CE,0,0,0,2.05,0.05,0,0,8400,0,17-Apr-17
OPTSTK,BIOCON,27-Apr-17,1320,CE,0,0,0,7.5,0,0,0,0,0,17-Apr-17
OPTSTK,BIOCON,27-Apr-17,1340,CE,0,0,0,6.2,0,0,0,0,0,17-Apr-17
OPTSTK,BIOCON,27-Apr-17,1360,CE,0,0,0,5.15,0,0,0,0,0,17-Apr-17
OPTSTK,BIOCON,27-Apr-17,620,PE,0,0,0,0.05,0,0,0,0,0,17-Apr-17
OPTSTK,BIOCON,27-Apr-17,640,PE,0,0,0,0.1,0,0,0,0,0,17-Apr-17
OPTSTK,BIOCON,27-Apr-17,660,PE,0,0,0,0.2,0,0,0,0,0,17-Apr-17
OPTSTK,BIOCON,27-Apr-17,680,PE,0,0,0,0.35,0,0,0,0,0,17-Apr-17
OPTSTK,BIOCON,27-Apr-17,700,PE,0,0,0,0.55,0,0,0,0,0,17-Apr-17
OPTSTK,BIOCON,27-Apr-17,720,PE,0,0,0,0.9,0,0,0,0,0,17-Apr-17
OPTSTK,BIOCON,27-Apr-17,740,PE,0,0,0,1.35,0,0,0,0,0,17-Apr-17
OPTSTK,BIOCON,27-Apr-17,760,PE,0,0,0,2.05,0,0,0,0,0,17-Apr-17
OPTSTK,BIOCON,27-Apr-17,780,PE,0,0,0,3,0,0,0,0,0,17-Apr-17
OPTSTK,BIOCON,27-Apr-17,800,PE,0,0,0,4.3,0,0,0,0,0,17-Apr-17
OPTSTK,BIOCON,27-Apr-17,820,PE,0,0,0,6,0,0,0,0,0,17-Apr-17
OPTSTK,BIOCON,27-Apr-17,840,PE,0,0,0,8.2,0,0,0,0,0,17-Apr-17
OPTSTK,BIOCON,27-Apr-17,860,PE,0,0,0,10.95,0,0,0,0,0,17-Apr-17
OPTSTK,BIOCON,27-Apr-17,880,PE,0,0,0,14.3,0,0,0,0,0,17-Apr-17
OPTSTK,BIOCON,27-Apr-17,900,PE,0,0,0,18.35,0,0,0,0,0,17-Apr-17
OPTSTK,BIOCON,27-Apr-17,920,PE,0,0,0,23.25,0,0,0,0,0,17-Apr-17
OPTSTK,BIOCON,27-Apr-17,940,PE,0,0,0,28.85,0,0,0,0,0,17-Apr-17
OPTSTK,BIOCON,27-Apr-17,960,PE,0,0,0,35.3,0.05,0,0,0,0,17-Apr-17
OPTSTK,BIOCON,27-Apr-17,980,PE,0,0,0,2.25,0.05,0,0,600,0,17-Apr-17
OPTSTK,BIOCON,27-Apr-17,1000,PE,0,0,0,3,0.2,0,0,16200,0,17-Apr-17
OPTSTK,BIOCON,27-Apr-17,1020,PE,3.85,3.85,2.55,2.55,2.55,2,12.27,13800,-1200,17-Apr-17
OPTSTK,BIOCON,27-Apr-17,1040,PE,8.8,8.8,5.9,6.5,6.5,6,37.67,8400,-600,17-Apr-17
OPTSTK,BIOCON,27-Apr-17,1060,PE,14.5,14.5,7,7.75,7.75,15,96.37,24600,1200,17-Apr-17
OPTSTK,BIOCON,27-Apr-17,1080,PE,23.3,23.3,12,12,12,10,65.78,14400,1800,17-Apr-17
OPTSTK,BIOCON,27-Apr-17,1100,PE,32.05,32.05,19.6,19.6,19.6,7,47.24,32400,1200,17-Apr-17
OPTSTK,BIOCON,27-Apr-17,1120,PE,44.2,44.2,30,30,30,3,20.81,10800,-1200,17-Apr-17
OPTSTK,BIOCON,27-Apr-17,1140,PE,56,56,41.2,41.2,41.2,7,49.83,24600,-3000,17-Apr-17
OPTSTK,BIOCON,27-Apr-17,1160,PE,0,0,0,74.6,52.45,0,0,3000,0,17-Apr-17
OPTSTK,BIOCON,27-Apr-17,1180,PE,76,76,76,76,76,1,7.53,2400,0,17-Apr-17
OPTSTK,BIOCON,27-Apr-17,1200,PE,0,0,0,109.35,88.2,0,0,4200,0,17-Apr-17
OPTSTK,BIOCON,27-Apr-17,1220,PE,0,0,0,195.5,107.5,0,0,0,0,17-Apr-17
OPTSTK,BIOCON,27-Apr-17,1240,PE,0,0,0,212.35,127.15,0,0,0,0,17-Apr-17
OPTSTK,BIOCON,27-Apr-17,1260,PE,0,0,0,229.55,147,0,0,0,0,17-Apr-17
OPTSTK,BIOCON,27-Apr-17,1280,PE,0,0,0,247.15,166.9,0,0,0,0,17-Apr-17
OPTSTK,BIOCON,27-Apr-17,1300,PE,0,0,0,265.05,186.85,0,0,0,0,17-Apr-17
OPTSTK,BIOCON,27-Apr-17,1320,PE,0,0,0,283.2,206.8,0,0,0,0,17-Apr-17
OPTSTK,BIOCON,27-Apr-17,1340,PE,0,0,0,301.6,226.8,0,0,0,0,17-Apr-17
OPTSTK,BIOCON,27-Apr-17,1360,PE,0,0,0,320.2,246.75,0,0,0,0,17-Apr-17
OPTSTK,BIOCON,25-May-17,720,CE,0,0,0,403.15,395.8,0,0,0,0,17-Apr-17
OPTSTK,BIOCON,25-May-17,740,CE,0,0,0,383.55,375.9,0,0,0,0,17-Apr-17
OPTSTK,BIOCON,25-May-17,760,CE,0,0,0,364,356.05,0,0,0,0,17-Apr-17
OPTSTK,BIOCON,25-May-17,780,CE,0,0,0,344.5,336.2,0,0,0,0,17-Apr-17
OPTSTK,BIOCON,25-May-17,800,CE,0,0,0,325.1,316.3,0,0,0,0,17-Apr-17
OPTSTK,BIOCON,25-May-17,820,CE,0,0,0,305.85,296.45,0,0,0,0,17-Apr-17
OPTSTK,BIOCON,25-May-17,840,CE,0,0,0,286.75,276.6,0,0,0,0,17-Apr-17
OPTSTK,BIOCON,25-May-17,860,CE,0,0,0,267.95,256.75,0,0,0,0,17-Apr-17
OPTSTK,BIOCON,25-May-17,880,CE,0,0,0,249.4,236.95,0,0,0,0,17-Apr-17
OPTSTK,BIOCON,25-May-17,900,CE,0,0,0,231.25,217.25,0,0,0,0,17-Apr-17
OPTSTK,BIOCON,25-May-17,920,CE,0,0,0,213.55,197.65,0,0,0,0,17-Apr-17
OPTSTK,BIOCON,25-May-17,940,CE,0,0,0,196.35,178.25,0,0,0,0,17-Apr-17
OPTSTK,BIOCON,25-May-17,960,CE,0,0,0,179.7,159.15,0,0,0,0,17-Apr-17
OPTSTK,BIOCON,25-May-17,980,CE,0,0,0,163.75,140.55,0,0,0,0,17-Apr-17
OPTSTK,BIOCON,25-May-17,1000,CE,0,0,0,148.5,122.65,0,0,0,0,17-Apr-17
OPTSTK,BIOCON,25-May-17,1020,CE,0,0,0,134.05,105.55,0,0,0,0,17-Apr-17
OPTSTK,BIOCON,25-May-17,1040,CE,0,0,0,120.4,89.55,0,0,0,0,17-Apr-17
OPTSTK,BIOCON,25-May-17,1060,CE,0,0,0,107.6,74.8,0,0,0,0,17-Apr-17
OPTSTK,BIOCON,25-May-17,1080,CE,0,0,0,95.75,61.45,0,0,0,0,17-Apr-17
OPTSTK,BIOCON,25-May-17,1100,CE,0,0,0,50,49.65,0,0,600,0,17-Apr-17
OPTSTK,BIOCON,25-May-17,1120,CE,0,0,0,48,39.4,0,0,600,0,17-Apr-17
OPTSTK,BIOCON,25-May-17,1140,CE,0,0,0,65.45,30.75,0,0,0,0,17-Apr-17
OPTSTK,BIOCON,25-May-17,1160,CE,0,0,0,34,23.55,0,0,600,0,17-Apr-17
OPTSTK,BIOCON,25-May-17,1180,CE,0,0,0,49.6,17.7,0,0,0,0,17-Apr-17
OPTSTK,BIOCON,25-May-17,1200,CE,0,0,0,42.9,13.1,0,0,0,0,17-Apr-17
OPTSTK,BIOCON,25-May-17,1220,CE,0,0,0,36.9,9.5,0,0,0,0,17-Apr-17
OPTSTK,BIOCON,25-May-17,1240,CE,0,0,0,31.7,6.75,0,0,0,0,17-Apr-17
OPTSTK,BIOCON,25-May-17,1260,CE,0,0,0,27.05,4.75,0,0,0,0,17-Apr-17
OPTSTK,BIOCON,25-May-17,1280,CE,0,0,0,22.95,3.25,0,0,0,0,17-Apr-17
OPTSTK,BIOCON,25-May-17,1300,CE,0,0,0,19.45,2.2,0,0,0,0,17-Apr-17
OPTSTK,BIOCON,25-May-17,1320,CE,0,0,0,16.4,1.5,0,0,0,0,17-Apr-17
OPTSTK,BIOCON,25-May-17,1340,CE,0,0,0,13.75,0.95,0,0,0,0,17-Apr-17
OPTSTK,BIOCON,25-May-17,1360,CE,0,0,0,11.5,0.65,0,0,0,0,17-Apr-17
OPTSTK,BIOCON,25-May-17,720,PE,0,0,0,0.1,0,0,0,0,0,17-Apr-17
OPTSTK,BIOCON,25-May-17,740,PE,0,0,0,0.2,0,0,0,0,0,17-Apr-17
OPTSTK,BIOCON,25-May-17,760,PE,0,0,0,0.3,0,0,0,0,0,17-Apr-17
OPTSTK,BIOCON,25-May-17,780,PE,0,0,0,0.5,0,0,0,0,0,17-Apr-17
OPTSTK,BIOCON,25-May-17,800,PE,0,0,0,0.8,0,0,0,0,0,17-Apr-17
OPTSTK,BIOCON,25-May-17,820,PE,0,0,0,1.25,0.05,0,0,0,0,17-Apr-17
OPTSTK,BIOCON,25-May-17,840,PE,0,0,0,1.85,0.05,0,0,0,0,17-Apr-17
OPTSTK,BIOCON,25-May-17,860,PE,0,0,0,2.7,0.05,0,0,0,0,17-Apr-17
OPTSTK,BIOCON,25-May-17,880,PE,0,0,0,3.85,0.15,0,0,0,0,17-Apr-17
OPTSTK,BIOCON,25-May-17,900,PE,0,0,0,5.4,0.25,0,0,0,0,17-Apr-17
OPTSTK,BIOCON,25-May-17,920,PE,0,0,0,7.35,0.55,0,0,0,0,17-Apr-17
OPTSTK,BIOCON,25-May-17,940,PE,0,0,0,9.85,1,0,0,0,0,17-Apr-17
OPTSTK,BIOCON,25-May-17,960,PE,0,0,0,12.9,1.8,0,0,0,0,17-Apr-17
OPTSTK,BIOCON,25-May-17,980,PE,0,0,0,16.6,3.05,0,0,0,0,17-Apr-17
OPTSTK,BIOCON,25-May-17,1000,PE,0,0,0,21.05,5,0,0,0,0,17-Apr-17
OPTSTK,BIOCON,25-May-17,1020,PE,0,0,0,26.3,7.8,0,0,0,0,17-Apr-17
OPTSTK,BIOCON,25-May-17,1040,PE,0,0,0,20,11.65,0,0,1200,0,17-Apr-17
OPTSTK,BIOCON,25-May-17,1060,PE,0,0,0,39.25,16.75,0,0,0,0,17-Apr-17
OPTSTK,BIOCON,25-May-17,1080,PE,0,0,0,47.05,23.3,0,0,0,0,17-Apr-17
OPTSTK,BIOCON,25-May-17,1100,PE,34.1,34.1,34.1,34.1,34.1,1,6.8,2400,0,17-Apr-17
OPTSTK,BIOCON,25-May-17,1120,PE,0,0,0,65.35,40.95,0,0,0,0,17-Apr-17
OPTSTK,BIOCON,25-May-17,1140,PE,0,0,0,75.85,52.15,0,0,0,0,17-Apr-17
OPTSTK,BIOCON,25-May-17,1160,PE,0,0,0,87.2,64.8,0,0,0,0,17-Apr-17
OPTSTK,BIOCON,25-May-17,1180,PE,0,0,0,99.35,78.85,0,0,0,0,17-Apr-17
OPTSTK,BIOCON,25-May-17,1200,PE,0,0,0,112.3,94.1,0,0,0,0,17-Apr-17
OPTSTK,BIOCON,25-May-17,1220,PE,0,0,0,126,110.35,0,0,0,0,17-Apr-17
OPTSTK,BIOCON,25-May-17,1240,PE,0,0,0,140.45,127.5,0,0,0,0,17-Apr-17
OPTSTK,BIOCON,25-May-17,1260,PE,0,0,0,155.55,145.35,0,0,0,0,17-Apr-17
OPTSTK,BIOCON,25-May-17,1280,PE,0,0,0,171.1,163.75,0,0,0,0,17-Apr-17
OPTSTK,BIOCON,25-May-17,1300,PE,0,0,0,187.3,182.55,0,0,0,0,17-Apr-17
OPTSTK,BIOCON,25-May-17,1320,PE,0,0,0,203.9,201.65,0,0,0,0,17-Apr-17
OPTSTK,BIOCON,25-May-17,1340,PE,0,0,0,220.95,221.05,0,0,0,0,17-Apr-17
OPTSTK,BIOCON,25-May-17,1360,PE,0,0,0,238.4,240.55,0,0,0,0,17-Apr-17
OPTSTK,BIOCON,29-Jun-17,740,CE,0,0,0,411.4,380.5,0,0,0,0,17-Apr-17
OPTSTK,BIOCON,29-Jun-17,760,CE,0,0,0,391.85,360.75,0,0,0,0,17-Apr-17
OPTSTK,BIOCON,29-Jun-17,780,CE,0,0,0,372.35,341.05,0,0,0,0,17-Apr-17
OPTSTK,BIOCON,29-Jun-17,800,CE,0,0,0,352.9,321.35,0,0,0,0,17-Apr-17
OPTSTK,BIOCON,29-Jun-17,820,CE,0,0,0,333.6,301.75,0,0,0,0,17-Apr-17
OPTSTK,BIOCON,29-Jun-17,840,CE,0,0,0,314.45,282.2,0,0,0,0,17-Apr-17
OPTSTK,BIOCON,29-Jun-17,860,CE,0,0,0,295.5,262.75,0,0,0,0,17-Apr-17
OPTSTK,BIOCON,29-Jun-17,880,CE,0,0,0,276.8,243.45,0,0,0,0,17-Apr-17
OPTSTK,BIOCON,29-Jun-17,900,CE,0,0,0,258.4,224.4,0,0,0,0,17-Apr-17
OPTSTK,BIOCON,29-Jun-17,920,CE,0,0,0,240.35,205.7,0,0,0,0,17-Apr-17
OPTSTK,BIOCON,29-Jun-17,940,CE,0,0,0,222.75,187.4,0,0,0,0,17-Apr-17
OPTSTK,BIOCON,29-Jun-17,960,CE,0,0,0,205.65,169.65,0,0,0,0,17-Apr-17
OPTSTK,BIOCON,29-Jun-17,980,CE,0,0,0,189.15,152.5,0,0,0,0,17-Apr-17
OPTSTK,BIOCON,29-Jun-17,1000,CE,0,0,0,173.25,136.1,0,0,0,0,17-Apr-17
OPTSTK,BIOCON,29-Jun-17,1020,CE,0,0,0,158,120.55,0,0,0,0,17-Apr-17
OPTSTK,BIOCON,29-Jun-17,1040,CE,0,0,0,143.55,105.95,0,0,0,0,17-Apr-17
OPTSTK,BIOCON,29-Jun-17,1060,CE,0,0,0,129.8,92.35,0,0,0,0,17-Apr-17
OPTSTK,BIOCON,29-Jun-17,1080,CE,0,0,0,116.9,79.85,0,0,0,0,17-Apr-17
OPTSTK,BIOCON,29-Jun-17,1100,CE,0,0,0,104.85,68.45,0,0,0,0,17-Apr-17
OPTSTK,BIOCON,29-Jun-17,1120,CE,0,0,0,93.65,58.2,0,0,0,0,17-Apr-17
OPTSTK,BIOCON,29-Jun-17,1140,CE,0,0,0,83.25,49.1,0,0,0,0,17-Apr-17
OPTSTK,BIOCON,29-Jun-17,1160,CE,0,0,0,73.75,41.05,0,0,0,0,17-Apr-17
OPTSTK,BIOCON,29-Jun-17,1180,CE,0,0,0,65.05,34.05,0,0,0,0,17-Apr-17
OPTSTK,BIOCON,29-Jun-17,1200,CE,0,0,0,57.1,28,0,0,0,0,17-Apr-17
OPTSTK,BIOCON,29-Jun-17,1220,CE,0,0,0,49.95,22.9,0,0,0,0,17-Apr-17
OPTSTK,BIOCON,29-Jun-17,1240,CE,0,0,0,43.55,18.5,0,0,0,0,17-Apr-17
OPTSTK,BIOCON,29-Jun-17,1260,CE,0,0,0,37.75,14.85,0,0,0,0,17-Apr-17
OPTSTK,BIOCON,29-Jun-17,1280,CE,0,0,0,32.7,11.85,0,0,0,0,17-Apr-17
OPTSTK,BIOCON,29-Jun-17,1300,CE,0,0,0,28.2,9.4,0,0,0,0,17-Apr-17
OPTSTK,BIOCON,29-Jun-17,1320,CE,0,0,0,24.2,7.35,0,0,0,0,17-Apr-17
OPTSTK,BIOCON,29-Jun-17,1340,CE,0,0,0,20.7,5.75,0,0,0,0,17-Apr-17
OPTSTK,BIOCON,29-Jun-17,1360,CE,0,0,0,17.65,4.45,0,0,0,0,17-Apr-17
OPTSTK,BIOCON,29-Jun-17,740,PE,0,0,0,0.15,0.05,0,0,0,0,17-Apr-17
OPTSTK,BIOCON,29-Jun-17,760,PE,0,0,0,0.25,0.05,0,0,0,0,17-Apr-17
OPTSTK,BIOCON,29-Jun-17,780,PE,0,0,0,0.45,0.1,0,0,0,0,17-Apr-17
OPTSTK,BIOCON,29-Jun-17,800,PE,0,0,0,0.7,0.15,0,0,0,0,17-Apr-17
OPTSTK,BIOCON,29-Jun-17,820,PE,0,0,0,1.05,0.25,0,0,0,0,17-Apr-17
OPTSTK,BIOCON,29-Jun-17,840,PE,0,0,0,1.55,0.45,0,0,0,0,17-Apr-17
OPTSTK,BIOCON,29-Jun-17,860,PE,0,0,0,2.25,0.7,0,0,0,0,17-Apr-17
OPTSTK,BIOCON,29-Jun-17,880,PE,0,0,0,3.2,1.2,0,0,0,0,17-Apr-17
OPTSTK,BIOCON,29-Jun-17,900,PE,0,0,0,4.5,1.9,0,0,0,0,17-Apr-17
OPTSTK,BIOCON,29-Jun-17,920,PE,0,0,0,6.15,2.95,0,0,0,0,17-Apr-17
OPTSTK,BIOCON,29-Jun-17,940,PE,0,0,0,8.2,4.35,0,0,0,0,17-Apr-17
OPTSTK,BIOCON,29-Jun-17,960,PE,0,0,0,10.8,6.35,0,0,0,0,17-Apr-17
OPTSTK,BIOCON,29-Jun-17,980,PE,0,0,0,13.9,8.95,0,0,0,0,17-Apr-17
OPTSTK,BIOCON,29-Jun-17,1000,PE,0,0,0,17.7,12.3,0,0,0,0,17-Apr-17
OPTSTK,BIOCON,29-Jun-17,1020,PE,0,0,0,22.15,16.45,0,0,0,0,17-Apr-17
OPTSTK,BIOCON,29-Jun-17,1040,PE,0,0,0,27.35,21.65,0,0,0,0,17-Apr-17
OPTSTK,BIOCON,29-Jun-17,1060,PE,0,0,0,33.25,27.75,0,0,0,0,17-Apr-17
OPTSTK,BIOCON,29-Jun-17,1080,PE,0,0,0,40.05,35,0,0,0,0,17-Apr-17
OPTSTK,BIOCON,29-Jun-17,1100,PE,0,0,0,47.65,43.35,0,0,0,0,17-Apr-17
OPTSTK,BIOCON,29-Jun-17,1120,PE,0,0,0,56.1,52.85,0,0,0,0,17-Apr-17
OPTSTK,BIOCON,29-Jun-17,1140,PE,0,0,0,65.4,63.45,0,0,0,0,17-Apr-17
OPTSTK,BIOCON,29-Jun-17,1160,PE,0,0,0,75.55,75.2,0,0,0,0,17-Apr-17
OPTSTK,BIOCON,29-Jun-17,1180,PE,0,0,0,86.5,87.9,0,0,0,0,17-Apr-17
OPTSTK,BIOCON,29-Jun-17,1200,PE,0,0,0,98.25,101.6,0,0,0,0,17-Apr-17
OPTSTK,BIOCON,29-Jun-17,1220,PE,0,0,0,110.8,116.25,0,0,0,0,17-Apr-17
OPTSTK,BIOCON,29-Jun-17,1240,PE,0,0,0,124.05,131.6,0,0,0,0,17-Apr-17
OPTSTK,BIOCON,29-Jun-17,1260,PE,0,0,0,137.95,147.7,0,0,0,0,17-Apr-17
OPTSTK,BIOCON,29-Jun-17,1280,PE,0,0,0,152.55,164.4,0,0,0,0,17-Apr-17
OPTSTK,BIOCON,29-Jun-17,1300,PE,0,0,0,167.7,181.7,0,0,0,0,17-Apr-17
OPTSTK,BIOCON,29-Jun-17,1320,PE,0,0,0,183.35,199.4,0,0,0,0,17-Apr-17
OPTSTK,BIOCON,29-Jun-17,1340,PE,0,0,0,199.55,217.55,0,0,0,0,17-Apr-17
OPTSTK,BIOCON,29-Jun-17,1360,PE,0,0,0,216.15,236,0,0,0,0,17-Apr-17
OPTSTK,BOSCHLTD,27-Apr-17,20650,CE,0,0,0,1742.7,2199.2,0,0,0,0,17-Apr-17
OPTSTK,BOSCHLTD,27-Apr-17,20700,CE,0,0,0,1898.4,2149.55,0,0,0,0,17-Apr-17
OPTSTK,BOSCHLTD,27-Apr-17,20750,CE,0,0,0,1866.8,2100,0,0,0,0,17-Apr-17
OPTSTK,BOSCHLTD,27-Apr-17,20800,CE,0,0,0,1835.55,2050.45,0,0,0,0,17-Apr-17
OPTSTK,BOSCHLTD,27-Apr-17,20850,CE,0,0,0,1978.05,2001,0,0,0,0,17-Apr-17
OPTSTK,BOSCHLTD,27-Apr-17,20900,CE,0,0,0,1947.4,1951.6,0,0,0,0,17-Apr-17
OPTSTK,BOSCHLTD,27-Apr-17,20950,CE,0,0,0,1917.05,1902.35,0,0,0,0,17-Apr-17
OPTSTK,BOSCHLTD,27-Apr-17,21000,CE,0,0,0,1887,1853.15,0,0,0,0,17-Apr-17
OPTSTK,BOSCHLTD,27-Apr-17,21050,CE,0,0,0,1857.25,1804.1,0,0,0,0,17-Apr-17
OPTSTK,BOSCHLTD,27-Apr-17,21100,CE,0,0,0,2046.75,1755.2,0,0,0,0,17-Apr-17
OPTSTK,BOSCHLTD,27-Apr-17,21150,CE,0,0,0,2191.4,1706.4,0,0,0,0,17-Apr-17
OPTSTK,BOSCHLTD,27-Apr-17,21200,CE,0,0,0,2161.55,1657.85,0,0,0,0,17-Apr-17
OPTSTK,BOSCHLTD,27-Apr-17,21250,CE,0,0,0,2263.6,1609.45,0,0,0,0,17-Apr-17
OPTSTK,BOSCHLTD,27-Apr-17,21300,CE,0,0,0,2233.95,1561.25,0,0,0,0,17-Apr-17
OPTSTK,BOSCHLTD,27-Apr-17,21350,CE,0,0,0,2204.5,1513.35,0,0,0,0,17-Apr-17
OPTSTK,BOSCHLTD,27-Apr-17,21400,CE,0,0,0,2175.35,1465.7,0,0,0,0,17-Apr-17
OPTSTK,BOSCHLTD,27-Apr-17,21450,CE,0,0,0,2327.25,1418.35,0,0,0,0,17-Apr-17
OPTSTK,BOSCHLTD,27-Apr-17,21500,CE,0,0,0,2297.8,1371.3,0,0,0,0,17-Apr-17
OPTSTK,BOSCHLTD,27-Apr-17,21550,CE,0,0,0,2268.65,1324.65,0,0,0,0,17-Apr-17
OPTSTK,BOSCHLTD,27-Apr-17,21600,CE,0,0,0,2239.7,1278.4,0,0,0,0,17-Apr-17
OPTSTK,BOSCHLTD,27-Apr-17,21650,CE,0,0,0,2211,1232.55,0,0,0,0,17-Apr-17
OPTSTK,BOSCHLTD,27-Apr-17,21700,CE,0,0,0,2182.55,1187.15,0,0,0,0,17-Apr-17
OPTSTK,BOSCHLTD,27-Apr-17,21750,CE,0,0,0,2154.35,1142.3,0,0,0,0,17-Apr-17
OPTSTK,BOSCHLTD,27-Apr-17,21800,CE,0,0,0,2126.35,1097.95,0,0,0,0,17-Apr-17
OPTSTK,BOSCHLTD,27-Apr-17,21850,CE,0,0,0,2098.65,1054.15,0,0,0,0,17-Apr-17
OPTSTK,BOSCHLTD,27-Apr-17,21900,CE,0,0,0,2375.85,1011,0,0,0,0,17-Apr-17
OPTSTK,BOSCHLTD,27-Apr-17,21950,CE,0,0,0,2346.75,968.55,0,0,0,0,17-Apr-17
OPTSTK,BOSCHLTD,27-Apr-17,22000,CE,0,0,0,2317.9,926.75,0,0,0,0,17-Apr-17
OPTSTK,BOSCHLTD,27-Apr-17,22050,CE,0,0,0,2289.3,885.65,0,0,0,0,17-Apr-17
OPTSTK,BOSCHLTD,27-Apr-17,22100,CE,0,0,0,2260.95,845.35,0,0,0,0,17-Apr-17
OPTSTK,BOSCHLTD,27-Apr-17,22150,CE,0,0,0,2232.8,805.9,0,0,0,0,17-Apr-17
OPTSTK,BOSCHLTD,27-Apr-17,22200,CE,0,0,0,2204.9,767.25,0,0,0,0,17-Apr-17
OPTSTK,BOSCHLTD,27-Apr-17,22250,CE,0,0,0,2177.25,729.5,0,0,0,0,17-Apr-17
OPTSTK,BOSCHLTD,27-Apr-17,22300,CE,0,0,0,2149.85,692.5,0,0,0,0,17-Apr-17
OPTSTK,BOSCHLTD,27-Apr-17,22350,CE,0,0,0,2122.65,656.65,0,0,0,0,17-Apr-17
OPTSTK,BOSCHLTD,27-Apr-17,22400,CE,0,0,0,2095.75,621.75,0,0,0,0,17-Apr-17
OPTSTK,BOSCHLTD,27-Apr-17,22450,CE,0,0,0,2069,587.85,0,0,0,0,17-Apr-17
OPTSTK,BOSCHLTD,27-Apr-17,22500,CE,0,0,0,2042.55,555.05,0,0,0,0,17-Apr-17
OPTSTK,BOSCHLTD,27-Apr-17,22550,CE,0,0,0,2016.3,523.25,0,0,0,0,17-Apr-17
OPTSTK,BOSCHLTD,27-Apr-17,22600,CE,0,0,0,1990.35,492.55,0,0,0,0,17-Apr-17
OPTSTK,BOSCHLTD,27-Apr-17,22650,CE,0,0,0,1964.6,462.9,0,0,0,0,17-Apr-17
OPTSTK,BOSCHLTD,27-Apr-17,22700,CE,0,0,0,849,434.4,0,0,25,0,17-Apr-17
OPTSTK,BOSCHLTD,27-Apr-17,22750,CE,0,0,0,1913.75,407,0,0,0,0,17-Apr-17
OPTSTK,BOSCHLTD,27-Apr-17,22800,CE,0,0,0,1888.7,380.7,0,0,0,0,17-Apr-17
OPTSTK,BOSCHLTD,27-Apr-17,22850,CE,0,0,0,1863.9,355.45,0,0,0,0,17-Apr-17
OPTSTK,BOSCHLTD,27-Apr-17,22900,CE,0,0,0,1839.25,331.4,0,0,0,0,17-Apr-17
OPTSTK,BOSCHLTD,27-Apr-17,22950,CE,0,0,0,1814.9,308.45,0,0,0,0,17-Apr-17
OPTSTK,BOSCHLTD,27-Apr-17,23000,CE,0,0,0,499,286.6,0,0,125,0,17-Apr-17
OPTSTK,BOSCHLTD,27-Apr-17,23050,CE,0,0,0,1766.9,265.85,0,0,0,0,17-Apr-17
OPTSTK,BOSCHLTD,27-Apr-17,23100,CE,0,0,0,1743.25,246.2,0,0,0,0,17-Apr-17
OPTSTK,BOSCHLTD,27-Apr-17,23150,CE,0,0,0,1719.85,227.6,0,0,0,0,17-Apr-17
OPTSTK,BOSCHLTD,27-Apr-17,23200,CE,0,0,0,1696.65,210.05,0,0,0,0,17-Apr-17
OPTSTK,BOSCHLTD,27-Apr-17,23250,CE,0,0,0,1673.7,193.5,0,0,0,0,17-Apr-17
OPTSTK,BOSCHLTD,27-Apr-17,23300,CE,0,0,0,1650.95,177.9,0,0,0,0,17-Apr-17
OPTSTK,BOSCHLTD,27-Apr-17,23350,CE,0,0,0,1628.45,163.3,0,0,0,0,17-Apr-17
OPTSTK,BOSCHLTD,27-Apr-17,23400,CE,0,0,0,1606.2,149.6,0,0,0,0,17-Apr-17
OPTSTK,BOSCHLTD,27-Apr-17,23450,CE,0,0,0,1584.15,137.85,0,0,0,0,17-Apr-17
OPTSTK,BOSCHLTD,27-Apr-17,23500,CE,0,0,0,301.25,125.1,0,0,25,0,17-Apr-17
OPTSTK,BOSCHLTD,27-Apr-17,23550,CE,0,0,0,1540.75,114,0,0,0,0,17-Apr-17
OPTSTK,BOSCHLTD,27-Apr-17,23600,CE,0,0,0,1519.4,103.7,0,0,0,0,17-Apr-17
OPTSTK,BOSCHLTD,27-Apr-17,23650,CE,0,0,0,1498.25,94.15,0,0,0,0,17-Apr-17
OPTSTK,BOSCHLTD,27-Apr-17,23700,CE,0,0,0,1477.3,85.35,0,0,0,0,17-Apr-17
OPTSTK,BOSCHLTD,27-Apr-17,23750,CE,0,0,0,1456.6,77.2,0,0,0,0,17-Apr-17
OPTSTK,BOSCHLTD,27-Apr-17,23800,CE,0,0,0,1436.15,69.7,0,0,0,0,17-Apr-17
OPTSTK,BOSCHLTD,27-Apr-17,23850,CE,0,0,0,1415.9,62.8,0,0,0,0,17-Apr-17
OPTSTK,BOSCHLTD,27-Apr-17,20650,PE,0,0,0,529.8,1.25,0,0,0,0,17-Apr-17
OPTSTK,BOSCHLTD,27-Apr-17,20700,PE,0,0,0,635.65,1.55,0,0,0,0,17-Apr-17
OPTSTK,BOSCHLTD,27-Apr-17,20750,PE,0,0,0,653.45,1.85,0,0,0,0,17-Apr-17
OPTSTK,BOSCHLTD,27-Apr-17,20800,PE,0,0,0,671.6,2.25,0,0,0,0,17-Apr-17
OPTSTK,BOSCHLTD,27-Apr-17,20850,PE,0,0,0,740.1,2.7,0,0,0,0,17-Apr-17
OPTSTK,BOSCHLTD,27-Apr-17,20900,PE,0,0,0,758.85,3.25,0,0,0,0,17-Apr-17
OPTSTK,BOSCHLTD,27-Apr-17,20950,PE,0,0,0,777.85,3.85,0,0,0,0,17-Apr-17
OPTSTK,BOSCHLTD,27-Apr-17,21000,PE,0,0,0,797.2,4.6,0,0,0,0,17-Apr-17
OPTSTK,BOSCHLTD,27-Apr-17,21050,PE,0,0,0,816.8,5.45,0,0,0,0,17-Apr-17
OPTSTK,BOSCHLTD,27-Apr-17,21100,PE,0,0,0,781.4,6.45,0,0,0,0,17-Apr-17
OPTSTK,BOSCHLTD,27-Apr-17,21150,PE,0,0,0,881.85,7.6,0,0,0,0,17-Apr-17
OPTSTK,BOSCHLTD,27-Apr-17,21200,PE,0,0,0,901.2,8.9,0,0,0,0,17-Apr-17
OPTSTK,BOSCHLTD,27-Apr-17,21250,PE,0,0,0,925,10.45,0,0,0,0,17-Apr-17
OPTSTK,BOSCHLTD,27-Apr-17,21300,PE,0,0,0,944.5,12.2,0,0,0,0,17-Apr-17
OPTSTK,BOSCHLTD,27-Apr-17,21350,PE,0,0,0,964.3,14.2,0,0,0,0,17-Apr-17
OPTSTK,BOSCHLTD,27-Apr-17,21400,PE,0,0,0,984.35,16.45,0,0,0,0,17-Apr-17
OPTSTK,BOSCHLTD,27-Apr-17,21450,PE,0,0,0,975.9,19,0,0,0,0,17-Apr-17
OPTSTK,BOSCHLTD,27-Apr-17,21500,PE,0,0,0,995.65,21.9,0,0,0,0,17-Apr-17
OPTSTK,BOSCHLTD,27-Apr-17,21550,PE,0,0,0,1015.65,25.15,0,0,0,0,17-Apr-17
OPTSTK,BOSCHLTD,27-Apr-17,21600,PE,0,0,0,1035.9,28.75,0,0,0,0,17-Apr-17
OPTSTK,BOSCHLTD,27-Apr-17,21650,PE,0,0,0,1056.45,32.85,0,0,0,0,17-Apr-17
OPTSTK,BOSCHLTD,27-Apr-17,21700,PE,0,0,0,1077.2,37.4,0,0,0,0,17-Apr-17
OPTSTK,BOSCHLTD,27-Apr-17,21750,PE,0,0,0,1098.2,42.4,0,0,0,0,17-Apr-17
OPTSTK,BOSCHLTD,27-Apr-17,21800,PE,0,0,0,1119.45,48,0,0,0,0,17-Apr-17
OPTSTK,BOSCHLTD,27-Apr-17,21850,PE,0,0,0,1140.9,54.15,0,0,0,0,17-Apr-17
OPTSTK,BOSCHLTD,27-Apr-17,21900,PE,0,0,0,1038.35,60.9,0,0,0,0,17-Apr-17
OPTSTK,BOSCHLTD,27-Apr-17,21950,PE,0,0,0,1058.45,68.3,0,0,0,0,17-Apr-17
OPTSTK,BOSCHLTD,27-Apr-17,22000,PE,68.35,69,68.35,68.7,68.7,2,11.03,575,0,17-Apr-17
OPTSTK,BOSCHLTD,27-Apr-17,22050,PE,0,0,0,1099.35,85.3,0,0,0,0,17-Apr-17
OPTSTK,BOSCHLTD,27-Apr-17,22100,PE,0,0,0,1120.15,94.9,0,0,0,0,17-Apr-17
OPTSTK,BOSCHLTD,27-Apr-17,22150,PE,0,0,0,1141.2,105.3,0,0,0,0,17-Apr-17
OPTSTK,BOSCHLTD,27-Apr-17,22200,PE,0,0,0,1162.5,116.6,0,0,0,0,17-Apr-17
OPTSTK,BOSCHLTD,27-Apr-17,22250,PE,0,0,0,1184,128.75,0,0,0,0,17-Apr-17
OPTSTK,BOSCHLTD,27-Apr-17,22300,PE,0,0,0,1205.75,141.7,0,0,0,0,17-Apr-17
OPTSTK,BOSCHLTD,27-Apr-17,22350,PE,0,0,0,1227.75,155.75,0,0,0,0,17-Apr-17
OPTSTK,BOSCHLTD,27-Apr-17,22400,PE,0,0,0,1250,170.75,0,0,0,0,17-Apr-17
OPTSTK,BOSCHLTD,27-Apr-17,22450,PE,0,0,0,1272.5,186.8,0,0,0,0,17-Apr-17
OPTSTK,BOSCHLTD,27-Apr-17,22500,PE,0,0,0,1295.2,203.85,0,0,0,0,17-Apr-17
OPTSTK,BOSCHLTD,27-Apr-17,22550,PE,0,0,0,1318.15,222,0,0,0,0,17-Apr-17
OPTSTK,BOSCHLTD,27-Apr-17,22600,PE,0,0,0,1341.35,241.2,0,0,0,0,17-Apr-17
OPTSTK,BOSCHLTD,27-Apr-17,22650,PE,0,0,0,1364.75,261.45,0,0,0,0,17-Apr-17
OPTSTK,BOSCHLTD,27-Apr-17,22700,PE,0,0,0,1388.4,282.85,0,0,0,0,17-Apr-17
OPTSTK,BOSCHLTD,27-Apr-17,22750,PE,0,0,0,1412.3,305.4,0,0,0,0,17-Apr-17
OPTSTK,BOSCHLTD,27-Apr-17,22800,PE,0,0,0,1436.45,329,0,0,0,0,17-Apr-17
OPTSTK,BOSCHLTD,27-Apr-17,22850,PE,0,0,0,1460.8,353.65,0,0,0,0,17-Apr-17
OPTSTK,BOSCHLTD,27-Apr-17,22900,PE,0,0,0,1485.3,379.5,0,0,0,0,17-Apr-17
OPTSTK,BOSCHLTD,27-Apr-17,22950,PE,0,0,0,1510.15,406.5,0,0,0,0,17-Apr-17
OPTSTK,BOSCHLTD,27-Apr-17,23000,PE,0,0,0,1535.2,434.55,0,0,0,0,17-Apr-17
OPTSTK,BOSCHLTD,27-Apr-17,23050,PE,0,0,0,1560.5,463.75,0,0,0,0,17-Apr-17
OPTSTK,BOSCHLTD,27-Apr-17,23100,PE,0,0,0,1586.05,494,0,0,0,0,17-Apr-17
OPTSTK,BOSCHLTD,27-Apr-17,23150,PE,0,0,0,1611.8,525.3,0,0,0,0,17-Apr-17
OPTSTK,BOSCHLTD,27-Apr-17,23200,PE,0,0,0,1637.8,557.65,0,0,0,0,17-Apr-17
OPTSTK,BOSCHLTD,27-Apr-17,23250,PE,0,0,0,1664,591,0,0,0,0,17-Apr-17
OPTSTK,BOSCHLTD,27-Apr-17,23300,PE,0,0,0,1690.45,625.35,0,0,0,0,17-Apr-17
OPTSTK,BOSCHLTD,27-Apr-17,23350,PE,0,0,0,1717.15,660.65,0,0,0,0,17-Apr-17
OPTSTK,BOSCHLTD,27-Apr-17,23400,PE,0,0,0,1744.05,696.9,0,0,0,0,17-Apr-17
OPTSTK,BOSCHLTD,27-Apr-17,23450,PE,0,0,0,1771.2,735.05,0,0,0,0,17-Apr-17
OPTSTK,BOSCHLTD,27-Apr-17,23500,PE,0,0,0,1798.55,772.15,0,0,0,0,17-Apr-17
OPTSTK,BOSCHLTD,27-Apr-17,23550,PE,0,0,0,1826.15,811,0,0,0,0,17-Apr-17
OPTSTK,BOSCHLTD,27-Apr-17,23600,PE,0,0,0,1853.95,850.6,0,0,0,0,17-Apr-17
OPTSTK,BOSCHLTD,27-Apr-17,23650,PE,0,0,0,1882,891,0,0,0,0,17-Apr-17
OPTSTK,BOSCHLTD,27-Apr-17,23700,PE,0,0,0,1910.25,932.1,0,0,0,0,17-Apr-17
OPTSTK,BOSCHLTD,27-Apr-17,23750,PE,0,0,0,1938.75,973.85,0,0,0,0,17-Apr-17
OPTSTK,BOSCHLTD,27-Apr-17,23800,PE,0,0,0,1967.45,1016.25,0,0,0,0,17-Apr-17
OPTSTK,BOSCHLTD,27-Apr-17,23850,PE,0,0,0,1996.35,1059.3,0,0,0,0,17-Apr-17
OPTSTK,BOSCHLTD,25-May-17,20650,CE,0,0,0,2007,2361.75,0,0,0,0,17-Apr-17
OPTSTK,BOSCHLTD,25-May-17,20700,CE,0,0,0,1975.8,2316.55,0,0,0,0,17-Apr-17
OPTSTK,BOSCHLTD,25-May-17,20750,CE,0,0,0,1944.95,2271.55,0,0,0,0,17-Apr-17
OPTSTK,BOSCHLTD,25-May-17,20800,CE,0,0,0,1914.4,2226.9,0,0,0,0,17-Apr-17
OPTSTK,BOSCHLTD,25-May-17,20850,CE,0,0,0,1884.1,2182.45,0,0,0,0,17-Apr-17
OPTSTK,BOSCHLTD,25-May-17,20900,CE,0,0,0,1854.15,2138.35,0,0,0,0,17-Apr-17
OPTSTK,BOSCHLTD,25-May-17,20950,CE,0,0,0,1824.5,2094.55,0,0,0,0,17-Apr-17
OPTSTK,BOSCHLTD,25-May-17,21000,CE,0,0,0,2036,2051,0,0,0,0,17-Apr-17
OPTSTK,BOSCHLTD,25-May-17,21050,CE,0,0,0,2005,2007.85,0,0,0,0,17-Apr-17
OPTSTK,BOSCHLTD,25-May-17,21100,CE,0,0,0,1974.25,1965,0,0,0,0,17-Apr-17
OPTSTK,BOSCHLTD,25-May-17,21150,CE,0,0,0,1943.85,1922.5,0,0,0,0,17-Apr-17
OPTSTK,BOSCHLTD,25-May-17,21200,CE,0,0,0,1913.7,1880.35,0,0,0,0,17-Apr-17
OPTSTK,BOSCHLTD,25-May-17,21250,CE,0,0,0,1883.9,1838.55,0,0,0,0,17-Apr-17
OPTSTK,BOSCHLTD,25-May-17,21300,CE,0,0,0,1854.35,1797.15,0,0,0,0,17-Apr-17
OPTSTK,BOSCHLTD,25-May-17,21350,CE,0,0,0,1825.15,1756.15,0,0,0,0,17-Apr-17
OPTSTK,BOSCHLTD,25-May-17,21400,CE,0,0,0,1796.2,1715.5,0,0,0,0,17-Apr-17
OPTSTK,BOSCHLTD,25-May-17,21450,CE,0,0,0,1767.6,1675.3,0,0,0,0,17-Apr-17
OPTSTK,BOSCHLTD,25-May-17,21500,CE,0,0,0,1739.25,1635.5,0,0,0,0,17-Apr-17
OPTSTK,BOSCHLTD,25-May-17,21550,CE,0,0,0,1711.25,1596.15,0,0,0,0,17-Apr-17
OPTSTK,BOSCHLTD,25-May-17,21600,CE,0,0,0,1683.5,1557.2,0,0,0,0,17-Apr-17
OPTSTK,BOSCHLTD,25-May-17,21650,CE,0,0,0,1656.1,1518.7,0,0,0,0,17-Apr-17
OPTSTK,BOSCHLTD,25-May-17,21700,CE,0,0,0,1628.95,1480.7,0,0,0,0,17-Apr-17
OPTSTK,BOSCHLTD,25-May-17,21750,CE,0,0,0,1602.15,1443.15,0,0,0,0,17-Apr-17
OPTSTK,BOSCHLTD,25-May-17,21800,CE,0,0,0,1575.6,1406.9,0,0,0,0,17-Apr-17
OPTSTK,BOSCHLTD,25-May-17,21850,CE,0,0,0,1549.4,1370.2,0,0,0,0,17-Apr-17
OPTSTK,BOSCHLTD,25-May-17,21900,CE,0,0,0,1523.5,1334,0,0,0,0,17-Apr-17
OPTSTK,BOSCHLTD,25-May-17,21950,CE,0,0,0,1497.85,1297.45,0,0,0,0,17-Apr-17
OPTSTK,BOSCHLTD,25-May-17,22000,CE,0,0,0,1472.55,1262.35,0,0,0,0,17-Apr-17
OPTSTK,BOSCHLTD,25-May-17,22050,CE,0,0,0,1447.5,1227.8,0,0,0,0,17-Apr-17
OPTSTK,BOSCHLTD,25-May-17,22100,CE,0,0,0,1422.7,1193.75,0,0,0,0,17-Apr-17
OPTSTK,BOSCHLTD,25-May-17,22150,CE,0,0,0,1398.3,1160.2,0,0,0,0,17-Apr-17
OPTSTK,BOSCHLTD,25-May-17,22200,CE,0,0,0,1374.15,1127.25,0,0,0,0,17-Apr-17
OPTSTK,BOSCHLTD,25-May-17,22250,CE,0,0,0,1350.3,1094.8,0,0,0,0,17-Apr-17
OPTSTK,BOSCHLTD,25-May-17,22300,CE,0,0,0,1326.8,1062.9,0,0,0,0,17-Apr-17
OPTSTK,BOSCHLTD,25-May-17,22350,CE,0,0,0,1303.55,1031.55,0,0,0,0,17-Apr-17
OPTSTK,BOSCHLTD,25-May-17,22400,CE,0,0,0,1280.6,1000.75,0,0,0,0,17-Apr-17
OPTSTK,BOSCHLTD,25-May-17,22450,CE,0,0,0,1257.95,970.5,0,0,0,0,17-Apr-17
OPTSTK,BOSCHLTD,25-May-17,22500,CE,0,0,0,1235.6,940.85,0,0,0,0,17-Apr-17
OPTSTK,BOSCHLTD,25-May-17,22550,CE,0,0,0,1213.5,911.7,0,0,0,0,17-Apr-17
OPTSTK,BOSCHLTD,25-May-17,22600,CE,0,0,0,1191.7,883.15,0,0,0,0,17-Apr-17
OPTSTK,BOSCHLTD,25-May-17,22650,CE,0,0,0,1170.25,855.2,0,0,0,0,17-Apr-17
OPTSTK,BOSCHLTD,25-May-17,22700,CE,0,0,0,1149,827.8,0,0,0,0,17-Apr-17
OPTSTK,BOSCHLTD,25-May-17,22750,CE,0,0,0,1128.1,800.95,0,0,0,0,17-Apr-17
OPTSTK,BOSCHLTD,25-May-17,22800,CE,0,0,0,1107.45,774.7,0,0,0,0,17-Apr-17
OPTSTK,BOSCHLTD,25-May-17,22850,CE,0,0,0,1087.1,749,0,0,0,0,17-Apr-17
OPTSTK,BOSCHLTD,25-May-17,22900,CE,0,0,0,1067,723.85,0,0,0,0,17-Apr-17
OPTSTK,BOSCHLTD,25-May-17,22950,CE,0,0,0,1047.2,699.2,0,0,0,0,17-Apr-17
OPTSTK,BOSCHLTD,25-May-17,23000,CE,0,0,0,1027.7,675.25,0,0,0,0,17-Apr-17
OPTSTK,BOSCHLTD,25-May-17,23050,CE,0,0,0,832.95,651.8,0,0,0,0,17-Apr-17
OPTSTK,BOSCHLTD,25-May-17,23100,CE,0,0,0,1249.75,628.95,0,0,0,0,17-Apr-17
OPTSTK,BOSCHLTD,25-May-17,23150,CE,0,0,0,1226.85,606.65,0,0,0,0,17-Apr-17
OPTSTK,BOSCHLTD,25-May-17,23200,CE,0,0,0,1204.25,584.9,0,0,0,0,17-Apr-17
OPTSTK,BOSCHLTD,25-May-17,23250,CE,0,0,0,1182,563.75,0,0,0,0,17-Apr-17
OPTSTK,BOSCHLTD,25-May-17,23300,CE,0,0,0,1160,543.1,0,0,0,0,17-Apr-17
OPTSTK,BOSCHLTD,25-May-17,23350,CE,0,0,0,1138.3,523,0,0,0,0,17-Apr-17
OPTSTK,BOSCHLTD,25-May-17,23400,CE,0,0,0,1116.9,503.45,0,0,0,0,17-Apr-17
OPTSTK,BOSCHLTD,25-May-17,23450,CE,0,0,0,1095.8,484.45,0,0,0,0,17-Apr-17
OPTSTK,BOSCHLTD,25-May-17,23500,CE,0,0,0,1074.95,465.95,0,0,0,0,17-Apr-17
OPTSTK,BOSCHLTD,25-May-17,23550,CE,0,0,0,1054.45,448,0,0,0,0,17-Apr-17
OPTSTK,BOSCHLTD,25-May-17,23600,CE,0,0,0,1034.25,430.55,0,0,0,0,17-Apr-17
OPTSTK,BOSCHLTD,25-May-17,23650,CE,0,0,0,1014.3,413.65,0,0,0,0,17-Apr-17
OPTSTK,BOSCHLTD,25-May-17,23700,CE,0,0,0,994.65,397.2,0,0,0,0,17-Apr-17
OPTSTK,BOSCHLTD,25-May-17,23750,CE,0,0,0,975.3,381.25,0,0,0,0,17-Apr-17
OPTSTK,BOSCHLTD,25-May-17,23800,CE,0,0,0,890.4,365.85,0,0,0,0,17-Apr-17
OPTSTK,BOSCHLTD,25-May-17,23850,CE,0,0,0,893.15,350.85,0,0,0,0,17-Apr-17
OPTSTK,BOSCHLTD,25-May-17,20650,PE,0,0,0,691.85,60.5,0,0,0,0,17-Apr-17
OPTSTK,BOSCHLTD,25-May-17,20700,PE,0,0,0,709.9,64.95,0,0,0,0,17-Apr-17
OPTSTK,BOSCHLTD,25-May-17,20750,PE,0,0,0,728.25,69.65,0,0,0,0,17-Apr-17
OPTSTK,BOSCHLTD,25-May-17,20800,PE,0,0,0,746.9,74.6,0,0,0,0,17-Apr-17
OPTSTK,BOSCHLTD,25-May-17,20850,PE,0,0,0,765.85,79.85,0,0,0,0,17-Apr-17
OPTSTK,BOSCHLTD,25-May-17,20900,PE,0,0,0,785.15,85.4,0,0,0,0,17-Apr-17
OPTSTK,BOSCHLTD,25-May-17,20950,PE,0,0,0,804.7,91.25,0,0,0,0,17-Apr-17
OPTSTK,BOSCHLTD,25-May-17,21000,PE,0,0,0,715.6,97.4,0,0,0,0,17-Apr-17
OPTSTK,BOSCHLTD,25-May-17,21050,PE,0,0,0,733.8,103.85,0,0,0,0,17-Apr-17
OPTSTK,BOSCHLTD,25-May-17,21100,PE,0,0,0,752.3,110.7,0,0,0,0,17-Apr-17
OPTSTK,BOSCHLTD,25-May-17,21150,PE,0,0,0,771.05,117.85,0,0,0,0,17-Apr-17
OPTSTK,BOSCHLTD,25-May-17,21200,PE,0,0,0,790.15,125.35,0,0,0,0,17-Apr-17
OPTSTK,BOSCHLTD,25-May-17,21250,PE,0,0,0,809.55,133.25,0,0,0,0,17-Apr-17
OPTSTK,BOSCHLTD,25-May-17,21300,PE,0,0,0,829.25,141.5,0,0,0,0,17-Apr-17
OPTSTK,BOSCHLTD,25-May-17,21350,PE,0,0,0,849.2,150.15,0,0,0,0,17-Apr-17
OPTSTK,BOSCHLTD,25-May-17,21400,PE,0,0,0,869.5,159.2,0,0,0,0,17-Apr-17
OPTSTK,BOSCHLTD,25-May-17,21450,PE,0,0,0,890.1,168.65,0,0,0,0,17-Apr-17
OPTSTK,BOSCHLTD,25-May-17,21500,PE,0,0,0,911,178.5,0,0,0,0,17-Apr-17
OPTSTK,BOSCHLTD,25-May-17,21550,PE,0,0,0,932.2,188.8,0,0,0,0,17-Apr-17
OPTSTK,BOSCHLTD,25-May-17,21600,PE,0,0,0,953.65,199.5,0,0,0,0,17-Apr-17
OPTSTK,BOSCHLTD,25-May-17,21650,PE,0,0,0,975.45,210.7,0,0,0,0,17-Apr-17
OPTSTK,BOSCHLTD,25-May-17,21700,PE,0,0,0,997.55,222.35,0,0,0,0,17-Apr-17
OPTSTK,BOSCHLTD,25-May-17,21750,PE,0,0,0,1019.95,234.45,0,0,0,0,17-Apr-17
OPTSTK,BOSCHLTD,25-May-17,21800,PE,0,0,0,1042.65,247.85,0,0,0,0,17-Apr-17
OPTSTK,BOSCHLTD,25-May-17,21850,PE,0,0,0,1065.65,260.85,0,0,0,0,17-Apr-17
OPTSTK,BOSCHLTD,25-May-17,21900,PE,0,0,0,1088.95,274.3,0,0,0,0,17-Apr-17
OPTSTK,BOSCHLTD,25-May-17,21950,PE,0,0,0,1112.55,287.4,0,0,0,0,17-Apr-17
OPTSTK,BOSCHLTD,25-May-17,22000,PE,0,0,0,1136.45,302,0,0,0,0,17-Apr-17
OPTSTK,BOSCHLTD,25-May-17,22050,PE,0,0,0,1160.6,317.1,0,0,0,0,17-Apr-17
OPTSTK,BOSCHLTD,25-May-17,22100,PE,0,0,0,1185.05,332.7,0,0,0,0,17-Apr-17
OPTSTK,BOSCHLTD,25-May-17,22150,PE,0,0,0,1209.8,348.85,0,0,0,0,17-Apr-17
OPTSTK,BOSCHLTD,25-May-17,22200,PE,0,0,0,1234.9,365.5,0,0,0,0,17-Apr-17
OPTSTK,BOSCHLTD,25-May-17,22250,PE,0,0,0,1260.3,382.75,0,0,0,0,17-Apr-17
OPTSTK,BOSCHLTD,25-May-17,22300,PE,0,0,0,1285.95,400.5,0,0,0,0,17-Apr-17
OPTSTK,BOSCHLTD,25-May-17,22350,PE,0,0,0,1311.95,418.8,0,0,0,0,17-Apr-17
OPTSTK,BOSCHLTD,25-May-17,22400,PE,0,0,0,1338.2,437.65,0,0,0,0,17-Apr-17
OPTSTK,BOSCHLTD,25-May-17,22450,PE,0,0,0,1364.75,457.1,0,0,0,0,17-Apr-17
OPTSTK,BOSCHLTD,25-May-17,22500,PE,0,0,0,1391.6,477.1,0,0,0,0,17-Apr-17
OPTSTK,BOSCHLTD,25-May-17,22550,PE,0,0,0,1418.75,497.65,0,0,0,0,17-Apr-17
OPTSTK,BOSCHLTD,25-May-17,22600,PE,0,0,0,1446.2,518.75,0,0,0,0,17-Apr-17
OPTSTK,BOSCHLTD,25-May-17,22650,PE,0,0,0,1473.9,540.45,0,0,0,0,17-Apr-17
OPTSTK,BOSCHLTD,25-May-17,22700,PE,0,0,0,1501.9,562.7,0,0,0,0,17-Apr-17
OPTSTK,BOSCHLTD,25-May-17,22750,PE,0,0,0,1530.2,585.5,0,0,0,0,17-Apr-17
OPTSTK,BOSCHLTD,25-May-17,22800,PE,0,0,0,1558.8,608.9,0,0,0,0,17-Apr-17
OPTSTK,BOSCHLTD,25-May-17,22850,PE,0,0,0,1587.65,632.9,0,0,0,0,17-Apr-17
OPTSTK,BOSCHLTD,25-May-17,22900,PE,0,0,0,1616.8,657.4,0,0,0,0,17-Apr-17
OPTSTK,BOSCHLTD,25-May-17,22950,PE,0,0,0,1646.2,682.45,0,0,0,0,17-Apr-17
OPTSTK,BOSCHLTD,25-May-17,23000,PE,0,0,0,1675.9,708.1,0,0,0,0,17-Apr-17
OPTSTK,BOSCHLTD,25-May-17,23050,PE,0,0,0,1540.55,734.35,0,0,0,0,17-Apr-17
OPTSTK,BOSCHLTD,25-May-17,23100,PE,0,0,0,1290.25,761.15,0,0,0,0,17-Apr-17
OPTSTK,BOSCHLTD,25-May-17,23150,PE,0,0,0,1316.7,788.55,0,0,0,0,17-Apr-17
OPTSTK,BOSCHLTD,25-May-17,23200,PE,0,0,0,1343.5,816.45,0,0,0,0,17-Apr-17
OPTSTK,BOSCHLTD,25-May-17,23250,PE,0,0,0,1370.55,844.95,0,0,0,0,17-Apr-17
OPTSTK,BOSCHLTD,25-May-17,23300,PE,0,0,0,1397.9,873.95,0,0,0,0,17-Apr-17
OPTSTK,BOSCHLTD,25-May-17,23350,PE,0,0,0,1425.55,903.55,0,0,0,0,17-Apr-17
OPTSTK,BOSCHLTD,25-May-17,23400,PE,0,0,0,1453.5,933.65,0,0,0,0,17-Apr-17
OPTSTK,BOSCHLTD,25-May-17,23450,PE,0,0,0,1481.75,964.3,0,0,0,0,17-Apr-17
OPTSTK,BOSCHLTD,25-May-17,23500,PE,0,0,0,1510.3,995.45,0,0,0,0,17-Apr-17
OPTSTK,BOSCHLTD,25-May-17,23550,PE,0,0,0,1539.15,1027.2,0,0,0,0,17-Apr-17
OPTSTK,BOSCHLTD,25-May-17,23600,PE,0,0,0,1568.25,1059.4,0,0,0,0,17-Apr-17
OPTSTK,BOSCHLTD,25-May-17,23650,PE,0,0,0,1597.7,1092.15,0,0,0,0,17-Apr-17
OPTSTK,BOSCHLTD,25-May-17,23700,PE,0,0,0,1627.4,1125.35,0,0,0,0,17-Apr-17
OPTSTK,BOSCHLTD,25-May-17,23750,PE,0,0,0,1657.4,1159.1,0,0,0,0,17-Apr-17
OPTSTK,BOSCHLTD,25-May-17,23800,PE,0,0,0,1606.15,1193.3,0,0,0,0,17-Apr-17
OPTSTK,BOSCHLTD,25-May-17,23850,PE,0,0,0,1520.2,1228,0,0,0,0,17-Apr-17
OPTSTK,BOSCHLTD,29-Jun-17,21600,CE,0,0,0,1836.15,1857.3,0,0,0,0,17-Apr-17
OPTSTK,BOSCHLTD,29-Jun-17,21650,CE,0,0,0,1802.8,1821.8,0,0,0,0,17-Apr-17
OPTSTK,BOSCHLTD,29-Jun-17,21700,CE,0,0,0,1769.8,1785.7,0,0,0,0,17-Apr-17
OPTSTK,BOSCHLTD,29-Jun-17,21750,CE,0,0,0,1737.15,1751,0,0,0,0,17-Apr-17
OPTSTK,BOSCHLTD,29-Jun-17,21800,CE,0,0,0,1704.85,1716.65,0,0,0,0,17-Apr-17
OPTSTK,BOSCHLTD,29-Jun-17,21850,CE,0,0,0,1672.9,1682.65,0,0,0,0,17-Apr-17
OPTSTK,BOSCHLTD,29-Jun-17,21900,CE,0,0,0,1641.3,1649.1,0,0,0,0,17-Apr-17
OPTSTK,BOSCHLTD,29-Jun-17,21950,CE,0,0,0,1610.1,1615.9,0,0,0,0,17-Apr-17
OPTSTK,BOSCHLTD,29-Jun-17,22000,CE,0,0,0,1579.25,1583.05,0,0,0,0,17-Apr-17
OPTSTK,BOSCHLTD,29-Jun-17,22050,CE,0,0,0,1548.75,1550.65,0,0,0,0,17-Apr-17
OPTSTK,BOSCHLTD,29-Jun-17,22100,CE,0,0,0,1518.6,1518.6,0,0,0,0,17-Apr-17
OPTSTK,BOSCHLTD,29-Jun-17,22150,CE,0,0,0,1488.85,1486.95,0,0,0,0,17-Apr-17
OPTSTK,BOSCHLTD,29-Jun-17,22200,CE,0,0,0,1459.45,1455.75,0,0,0,0,17-Apr-17
OPTSTK,BOSCHLTD,29-Jun-17,22250,CE,0,0,0,1430.4,1424.9,0,0,0,0,17-Apr-17
OPTSTK,BOSCHLTD,29-Jun-17,22300,CE,0,0,0,1401.75,1394.45,0,0,0,0,17-Apr-17
OPTSTK,BOSCHLTD,29-Jun-17,22350,CE,0,0,0,1373.45,1364.4,0,0,0,0,17-Apr-17
OPTSTK,BOSCHLTD,29-Jun-17,22400,CE,0,0,0,1345.55,1334.75,0,0,0,0,17-Apr-17
OPTSTK,BOSCHLTD,29-Jun-17,22450,CE,0,0,0,1318,1305.55,0,0,0,0,17-Apr-17
OPTSTK,BOSCHLTD,29-Jun-17,22500,CE,0,0,0,1290.85,1276.7,0,0,0,0,17-Apr-17
OPTSTK,BOSCHLTD,29-Jun-17,22550,CE,0,0,0,1264.05,1248.3,0,0,0,0,17-Apr-17
OPTSTK,BOSCHLTD,29-Jun-17,22600,CE,0,0,0,1237.6,1220.3,0,0,0,0,17-Apr-17
OPTSTK,BOSCHLTD,29-Jun-17,22650,CE,0,0,0,1211.55,1192.7,0,0,0,0,17-Apr-17
OPTSTK,BOSCHLTD,29-Jun-17,22700,CE,0,0,0,1185.85,1165.5,0,0,0,0,17-Apr-17
OPTSTK,BOSCHLTD,29-Jun-17,22750,CE,0,0,0,1160.55,1138.7,0,0,0,0,17-Apr-17
OPTSTK,BOSCHLTD,29-Jun-17,22800,CE,0,0,0,1135.6,1112.35,0,0,0,0,17-Apr-17
OPTSTK,BOSCHLTD,29-Jun-17,22850,CE,0,0,0,1110.95,1086.35,0,0,0,0,17-Apr-17
OPTSTK,BOSCHLTD,29-Jun-17,22900,CE,0,0,0,1086.7,1060.8,0,0,0,0,17-Apr-17
OPTSTK,BOSCHLTD,29-Jun-17,22950,CE,0,0,0,1062.9,1035.65,0,0,0,0,17-Apr-17
OPTSTK,BOSCHLTD,29-Jun-17,23000,CE,0,0,0,1039.4,1010.85,0,0,0,0,17-Apr-17
OPTSTK,BOSCHLTD,29-Jun-17,23050,CE,0,0,0,1016.3,986.5,0,0,0,0,17-Apr-17
OPTSTK,BOSCHLTD,29-Jun-17,23100,CE,0,0,0,993.55,962.6,0,0,0,0,17-Apr-17
OPTSTK,BOSCHLTD,29-Jun-17,23150,CE,0,0,0,971.15,939.05,0,0,0,0,17-Apr-17
OPTSTK,BOSCHLTD,29-Jun-17,23200,CE,0,0,0,949.15,915.95,0,0,0,0,17-Apr-17
OPTSTK,BOSCHLTD,29-Jun-17,23250,CE,0,0,0,927.5,893.2,0,0,0,0,17-Apr-17
OPTSTK,BOSCHLTD,29-Jun-17,23300,CE,0,0,0,906.2,870.9,0,0,0,0,17-Apr-17
OPTSTK,BOSCHLTD,29-Jun-17,23350,CE,0,0,0,885.25,848.95,0,0,0,0,17-Apr-17
OPTSTK,BOSCHLTD,29-Jun-17,23400,CE,0,0,0,864.65,827.45,0,0,0,0,17-Apr-17
OPTSTK,BOSCHLTD,29-Jun-17,23450,CE,0,0,0,844.4,806.3,0,0,0,0,17-Apr-17
OPTSTK,BOSCHLTD,29-Jun-17,23500,CE,0,0,0,824.5,785.55,0,0,0,0,17-Apr-17
OPTSTK,BOSCHLTD,29-Jun-17,23550,CE,0,0,0,804.95,765.2,0,0,0,0,17-Apr-17
OPTSTK,BOSCHLTD,29-Jun-17,23600,CE,0,0,0,785.75,745.25,0,0,0,0,17-Apr-17
OPTSTK,BOSCHLTD,29-Jun-17,23650,CE,0,0,0,788.7,725.65,0,0,0,0,17-Apr-17
OPTSTK,BOSCHLTD,29-Jun-17,23700,CE,0,0,0,769.3,706.45,0,0,0,0,17-Apr-17
OPTSTK,BOSCHLTD,29-Jun-17,23750,CE,0,0,0,750.25,687.65,0,0,0,0,17-Apr-17
OPTSTK,BOSCHLTD,29-Jun-17,23800,CE,0,0,0,744.8,669.2,0,0,0,0,17-Apr-17
OPTSTK,BOSCHLTD,29-Jun-17,23850,CE,0,0,0,725.65,651.15,0,0,0,0,17-Apr-17
OPTSTK,BOSCHLTD,29-Jun-17,21600,PE,0,0,0,480,366.35,0,0,0,0,17-Apr-17
OPTSTK,BOSCHLTD,29-Jun-17,21650,PE,0,0,0,495.8,380.15,0,0,0,0,17-Apr-17
OPTSTK,BOSCHLTD,29-Jun-17,21700,PE,0,0,0,512,393.45,0,0,0,0,17-Apr-17
OPTSTK,BOSCHLTD,29-Jun-17,21750,PE,0,0,0,528.5,408.05,0,0,0,0,17-Apr-17
OPTSTK,BOSCHLTD,29-Jun-17,21800,PE,0,0,0,545.35,423.1,0,0,0,0,17-Apr-17
OPTSTK,BOSCHLTD,29-Jun-17,21850,PE,0,0,0,562.6,438.45,0,0,0,0,17-Apr-17
OPTSTK,BOSCHLTD,29-Jun-17,21900,PE,0,0,0,580.2,454.25,0,0,0,0,17-Apr-17
OPTSTK,BOSCHLTD,29-Jun-17,21950,PE,0,0,0,598.15,470.4,0,0,0,0,17-Apr-17
OPTSTK,BOSCHLTD,29-Jun-17,22000,PE,0,0,0,616.45,486.9,0,0,0,0,17-Apr-17
OPTSTK,BOSCHLTD,29-Jun-17,22050,PE,0,0,0,635.15,503.85,0,0,0,0,17-Apr-17
OPTSTK,BOSCHLTD,29-Jun-17,22100,PE,0,0,0,654.2,521.15,0,0,0,0,17-Apr-17
OPTSTK,BOSCHLTD,29-Jun-17,22150,PE,0,0,0,673.6,538.9,0,0,0,0,17-Apr-17
OPTSTK,BOSCHLTD,29-Jun-17,22200,PE,0,0,0,693.4,557,0,0,0,0,17-Apr-17
OPTSTK,BOSCHLTD,29-Jun-17,22250,PE,0,0,0,713.55,575.5,0,0,0,0,17-Apr-17
OPTSTK,BOSCHLTD,29-Jun-17,22300,PE,0,0,0,734.05,594.4,0,0,0,0,17-Apr-17
OPTSTK,BOSCHLTD,29-Jun-17,22350,PE,0,0,0,754.95,613.75,0,0,0,0,17-Apr-17
OPTSTK,BOSCHLTD,29-Jun-17,22400,PE,0,0,0,776.2,633.45,0,0,0,0,17-Apr-17
OPTSTK,BOSCHLTD,29-Jun-17,22450,PE,0,0,0,797.8,653.55,0,0,0,0,17-Apr-17
OPTSTK,BOSCHLTD,29-Jun-17,22500,PE,0,0,0,819.8,674.1,0,0,0,0,17-Apr-17
OPTSTK,BOSCHLTD,29-Jun-17,22550,PE,0,0,0,842.2,695.05,0,0,0,0,17-Apr-17
OPTSTK,BOSCHLTD,29-Jun-17,22600,PE,0,0,0,864.95,716.4,0,0,0,0,17-Apr-17
OPTSTK,BOSCHLTD,29-Jun-17,22650,PE,0,0,0,888.05,738.15,0,0,0,0,17-Apr-17
OPTSTK,BOSCHLTD,29-Jun-17,22700,PE,0,0,0,911.55,760.3,0,0,0,0,17-Apr-17
OPTSTK,BOSCHLTD,29-Jun-17,22750,PE,0,0,0,935.4,782.85,0,0,0,0,17-Apr-17
OPTSTK,BOSCHLTD,29-Jun-17,22800,PE,0,0,0,959.65,805.85,0,0,0,0,17-Apr-17
OPTSTK,BOSCHLTD,29-Jun-17,22850,PE,0,0,0,984.15,829.25,0,0,0,0,17-Apr-17
OPTSTK,BOSCHLTD,29-Jun-17,22900,PE,0,0,0,1009.1,853.05,0,0,0,0,17-Apr-17
OPTSTK,BOSCHLTD,29-Jun-17,22950,PE,0,0,0,1034.45,877.25,0,0,0,0,17-Apr-17
OPTSTK,BOSCHLTD,29-Jun-17,23000,PE,0,0,0,1060.15,901.75,0,0,0,0,17-Apr-17
OPTSTK,BOSCHLTD,29-Jun-17,23050,PE,0,0,0,1086.2,926.8,0,0,0,0,17-Apr-17
OPTSTK,BOSCHLTD,29-Jun-17,23100,PE,0,0,0,1112.65,952.2,0,0,0,0,17-Apr-17
OPTSTK,BOSCHLTD,29-Jun-17,23150,PE,0,0,0,1139.45,978.05,0,0,0,0,17-Apr-17
OPTSTK,BOSCHLTD,29-Jun-17,23200,PE,0,0,0,1166.6,1004.3,0,0,0,0,17-Apr-17
OPTSTK,BOSCHLTD,29-Jun-17,23250,PE,0,0,0,1194.1,1030.9,0,0,0,0,17-Apr-17
OPTSTK,BOSCHLTD,29-Jun-17,23300,PE,0,0,0,1221.95,1057.95,0,0,0,0,17-Apr-17
OPTSTK,BOSCHLTD,29-Jun-17,23350,PE,0,0,0,1250.2,1085.4,0,0,0,0,17-Apr-17
OPTSTK,BOSCHLTD,29-Jun-17,23400,PE,0,0,0,1278.8,1113.2,0,0,0,0,17-Apr-17
OPTSTK,BOSCHLTD,29-Jun-17,23450,PE,0,0,0,1307.7,1141.45,0,0,0,0,17-Apr-17
OPTSTK,BOSCHLTD,29-Jun-17,23500,PE,0,0,0,1337,1170.05,0,0,0,0,17-Apr-17
OPTSTK,BOSCHLTD,29-Jun-17,23550,PE,0,0,0,1366.6,1199.05,0,0,0,0,17-Apr-17
OPTSTK,BOSCHLTD,29-Jun-17,23600,PE,0,0,0,1396.6,1228.45,0,0,0,0,17-Apr-17
OPTSTK,BOSCHLTD,29-Jun-17,23650,PE,0,0,0,1310.2,1258.2,0,0,0,0,17-Apr-17
OPTSTK,BOSCHLTD,29-Jun-17,23700,PE,0,0,0,1339.95,1288.35,0,0,0,0,17-Apr-17
OPTSTK,BOSCHLTD,29-Jun-17,23750,PE,0,0,0,1370.1,1318.9,0,0,0,0,17-Apr-17
OPTSTK,BOSCHLTD,29-Jun-17,23800,PE,0,0,0,1287.05,1349.8,0,0,0,0,17-Apr-17
OPTSTK,BOSCHLTD,29-Jun-17,23850,PE,0,0,0,1317.1,1381.1,0,0,0,0,17-Apr-17
OPTSTK,BPCL,27-Apr-17,480,CE,0,0,0,239.4,244.6,0,0,0,0,17-Apr-17
OPTSTK,BPCL,27-Apr-17,500,CE,0,0,0,220,224.65,0,0,0,0,17-Apr-17
OPTSTK,BPCL,27-Apr-17,520,CE,0,0,0,200.85,204.7,0,0,0,0,17-Apr-17
OPTSTK,BPCL,27-Apr-17,540,CE,0,0,0,102,184.7,0,0,1200,0,17-Apr-17
OPTSTK,BPCL,27-Apr-17,560,CE,0,0,0,163.65,164.75,0,0,0,0,17-Apr-17
OPTSTK,BPCL,27-Apr-17,580,CE,0,0,0,58.45,144.8,0,0,1200,0,17-Apr-17
OPTSTK,BPCL,27-Apr-17,600,CE,0,0,0,54.45,124.8,0,0,4800,0,17-Apr-17
OPTSTK,BPCL,27-Apr-17,620,CE,0,0,0,93.6,104.9,0,0,19200,0,17-Apr-17
OPTSTK,BPCL,27-Apr-17,640,CE,97.5,97.5,97.5,97.5,97.5,1,8.85,33600,-1200,17-Apr-17
OPTSTK,BPCL,27-Apr-17,660,CE,77.4,77.4,64,64,64,4,34.91,62400,1200,17-Apr-17
OPTSTK,BPCL,27-Apr-17,680,CE,51,51,46,48.35,48.35,3,26.22,158400,-1200,17-Apr-17
OPTSTK,BPCL,27-Apr-17,700,CE,38,41,28.4,30.8,30.8,48,422.54,308400,-10800,17-Apr-17
OPTSTK,BPCL,27-Apr-17,720,CE,26.55,26.55,15.15,17.75,17.75,197,1749.99,206400,-4800,17-Apr-17
OPTSTK,BPCL,27-Apr-17,740,CE,13.95,15.05,7.3,8.95,8.95,676,6092.42,297600,-7200,17-Apr-17
OPTSTK,BPCL,27-Apr-17,760,CE,6.6,7.7,3.35,4.05,4.05,545,5005.5,278400,34800,17-Apr-17
OPTSTK,BPCL,27-Apr-17,780,CE,3.45,3.7,1.5,1.8,1.8,165,1549.5,116400,0,17-Apr-17
OPTSTK,BPCL,27-Apr-17,800,CE,1.85,1.85,0.7,0.85,0.85,134,1288.24,142800,3600,17-Apr-17
OPTSTK,BPCL,27-Apr-17,820,CE,0.85,1.2,0.35,0.9,0.9,22,216.66,34800,-3600,17-Apr-17
OPTSTK,BPCL,27-Apr-17,840,CE,0,0,0,13.95,0.1,0,0,0,0,17-Apr-17
OPTSTK,BPCL,27-Apr-17,860,CE,0,0,0,10.95,0.05,0,0,0,0,17-Apr-17
OPTSTK,BPCL,27-Apr-17,880,CE,0,0,0,8.5,0,0,0,0,0,17-Apr-17
OPTSTK,BPCL,27-Apr-17,480,PE,0,0,0,0.3,0,0,0,0,0,17-Apr-17
OPTSTK,BPCL,27-Apr-17,500,PE,0,0,0,0.6,0,0,0,0,0,17-Apr-17
OPTSTK,BPCL,27-Apr-17,520,PE,0,0,0,1.1,0,0,0,0,0,17-Apr-17
OPTSTK,BPCL,27-Apr-17,540,PE,0,0,0,1.95,0,0,0,0,0,17-Apr-17
OPTSTK,BPCL,27-Apr-17,560,PE,0,0,0,3.25,0,0,0,0,0,17-Apr-17
OPTSTK,BPCL,27-Apr-17,580,PE,0,0,0,0.3,0,0,0,25200,0,17-Apr-17
OPTSTK,BPCL,27-Apr-17,600,PE,0.8,0.8,0.2,0.2,0.2,14,100.87,79200,12000,17-Apr-17
OPTSTK,BPCL,27-Apr-17,620,PE,0.3,0.7,0.3,0.4,0.4,7,52.11,192000,-2400,17-Apr-17
OPTSTK,BPCL,27-Apr-17,640,PE,0.75,0.75,0.4,0.5,0.5,26,199.89,420000,-13200,17-Apr-17
OPTSTK,BPCL,27-Apr-17,660,PE,1.1,1.45,1,1.05,1.05,114,904.47,220800,-8400,17-Apr-17
OPTSTK,BPCL,27-Apr-17,680,PE,2.7,2.9,1.5,1.85,1.85,155,1269.06,248400,-26400,17-Apr-17
OPTSTK,BPCL,27-Apr-17,700,PE,4.15,6.25,3.7,4.35,4.35,500,4231.06,345600,-39600,17-Apr-17
OPTSTK,BPCL,27-Apr-17,720,PE,9.35,13.3,8.15,10.05,10.05,541,4745.02,218400,-43200,17-Apr-17
OPTSTK,BPCL,27-Apr-17,740,PE,17.75,25,16.5,21.15,21.15,108,987.13,63600,-14400,17-Apr-17
OPTSTK,BPCL,27-Apr-17,760,PE,32.1,38,32.1,38,38,2,19.08,9600,-1200,17-Apr-17
OPTSTK,BPCL,27-Apr-17,780,PE,0,0,0,83.45,56.8,0,0,0,0,17-Apr-17
OPTSTK,BPCL,27-Apr-17,800,PE,0,0,0,61.45,75.55,0,0,1200,0,17-Apr-17
OPTSTK,BPCL,27-Apr-17,820,PE,0,0,0,112.95,95.05,0,0,0,0,17-Apr-17
OPTSTK,BPCL,27-Apr-17,840,PE,0,0,0,128.95,114.85,0,0,0,0,17-Apr-17
OPTSTK,BPCL,27-Apr-17,860,PE,0,0,0,145.6,134.8,0,0,0,0,17-Apr-17
OPTSTK,BPCL,27-Apr-17,880,PE,0,0,0,162.85,154.75,0,0,0,0,17-Apr-17
OPTSTK,BPCL,25-May-17,480,CE,0,0,0,245.35,247,0,0,0,0,17-Apr-17
OPTSTK,BPCL,25-May-17,500,CE,0,0,0,225.8,227.15,0,0,0,0,17-Apr-17
OPTSTK,BPCL,25-May-17,520,CE,0,0,0,206.45,207.3,0,0,0,0,17-Apr-17
OPTSTK,BPCL,25-May-17,540,CE,0,0,0,187.3,187.45,0,0,0,0,17-Apr-17
OPTSTK,BPCL,25-May-17,560,CE,0,0,0,168.55,167.75,0,0,0,0,17-Apr-17
OPTSTK,BPCL,25-May-17,580,CE,0,0,0,150.3,148.15,0,0,0,0,17-Apr-17
OPTSTK,BPCL,25-May-17,600,CE,0,0,0,132.75,128.9,0,0,0,0,17-Apr-17
OPTSTK,BPCL,25-May-17,620,CE,0,0,0,116.05,110.15,0,0,0,0,17-Apr-17
OPTSTK,BPCL,25-May-17,640,CE,0,0,0,100.35,92.3,0,0,0,0,17-Apr-17
OPTSTK,BPCL,25-May-17,660,CE,0,0,0,36,75.65,0,0,1200,0,17-Apr-17
OPTSTK,BPCL,25-May-17,680,CE,0,0,0,72.55,60.5,0,0,0,0,17-Apr-17
OPTSTK,BPCL,25-May-17,700,CE,0,0,0,26.1,47.1,0,0,1200,0,17-Apr-17
OPTSTK,BPCL,25-May-17,720,CE,0,0,0,32,35.75,0,0,3600,0,17-Apr-17
OPTSTK,BPCL,25-May-17,740,CE,0,0,0,18.55,26.35,0,0,1200,0,17-Apr-17
OPTSTK,BPCL,25-May-17,760,CE,13.2,16.45,13.2,16.45,16.45,5,46.43,3600,1200,17-Apr-17
OPTSTK,BPCL,25-May-17,780,CE,6.45,6.45,6.45,6.45,6.45,1,9.43,0,-1200,17-Apr-17
OPTSTK,BPCL,25-May-17,800,CE,0,0,0,21,9,0,0,0,0,17-Apr-17
OPTSTK,BPCL,25-May-17,820,CE,0,0,0,16.5,5.95,0,0,0,0,17-Apr-17
OPTSTK,BPCL,25-May-17,840,CE,0,0,0,12.8,3.85,0,0,0,0,17-Apr-17
OPTSTK,BPCL,25-May-17,860,CE,0,0,0,9.85,2.4,0,0,0,0,17-Apr-17
OPTSTK,BPCL,25-May-17,880,CE,0,0,0,7.5,1.5,0,0,0,0,17-Apr-17
OPTSTK,BPCL,25-May-17,480,PE,0,0,0,0.15,0,0,0,0,0,17-Apr-17
OPTSTK,BPCL,25-May-17,500,PE,0,0,0,0.3,0,0,0,0,0,17-Apr-17
OPTSTK,BPCL,25-May-17,520,PE,0,0,0,0.65,0.05,0,0,0,0,17-Apr-17
OPTSTK,BPCL,25-May-17,540,PE,0,0,0,1.2,0.1,0,0,0,0,17-Apr-17
OPTSTK,BPCL,25-May-17,560,PE,0,0,0,2.1,0.2,0,0,0,0,17-Apr-17
OPTSTK,BPCL,25-May-17,580,PE,0,0,0,3.55,0.5,0,0,0,0,17-Apr-17
OPTSTK,BPCL,25-May-17,600,PE,0,0,0,3.55,1.1,0,0,4800,0,17-Apr-17
OPTSTK,BPCL,25-May-17,620,PE,0,0,0,8.65,2.25,0,0,0,0,17-Apr-17
OPTSTK,BPCL,25-May-17,640,PE,0,0,0,9.9,4.25,0,0,1200,0,17-Apr-17
OPTSTK,BPCL,25-May-17,660,PE,0,0,0,6.2,7.45,0,0,1200,0,17-Apr-17
OPTSTK,BPCL,25-May-17,680,PE,6.15,9.1,6.15,9.1,9.1,5,41.29,4800,4800,17-Apr-17
OPTSTK,BPCL,25-May-17,700,PE,0,0,0,11.5,18.65,0,0,8400,0,17-Apr-17
OPTSTK,BPCL,25-May-17,720,PE,0,0,0,17.9,27.15,0,0,3600,0,17-Apr-17
OPTSTK,BPCL,25-May-17,740,PE,0,0,0,51.75,37.65,0,0,0,0,17-Apr-17
OPTSTK,BPCL,25-May-17,760,PE,0,0,0,63.6,50.05,0,0,0,0,17-Apr-17
OPTSTK,BPCL,25-May-17,780,PE,0,0,0,76.65,64.2,0,0,0,0,17-Apr-17
OPTSTK,BPCL,25-May-17,800,PE,0,0,0,90.8,79.85,0,0,0,0,17-Apr-17
OPTSTK,BPCL,25-May-17,820,PE,0,0,0,106,96.65,0,0,0,0,17-Apr-17
OPTSTK,BPCL,25-May-17,840,PE,0,0,0,121.95,114.4,0,0,0,0,17-Apr-17
OPTSTK,BPCL,25-May-17,860,PE,0,0,0,138.7,132.85,0,0,0,0,17-Apr-17
OPTSTK,BPCL,25-May-17,880,PE,0,0,0,156.05,151.8,0,0,0,0,17-Apr-17
OPTSTK,BPCL,29-Jun-17,480,CE,0,0,0,168.8,250.05,0,0,0,0,17-Apr-17
OPTSTK,BPCL,29-Jun-17,500,CE,0,0,0,149.45,230.4,0,0,0,0,17-Apr-17
OPTSTK,BPCL,29-Jun-17,520,CE,0,0,0,130.4,210.85,0,0,0,0,17-Apr-17
OPTSTK,BPCL,29-Jun-17,540,CE,0,0,0,111.95,191.5,0,0,0,0,17-Apr-17
OPTSTK,BPCL,29-Jun-17,560,CE,0,0,0,94.35,172.4,0,0,0,0,17-Apr-17
OPTSTK,BPCL,29-Jun-17,580,CE,0,0,0,77.95,153.8,0,0,0,0,17-Apr-17
OPTSTK,BPCL,29-Jun-17,600,CE,0,0,0,63,135.75,0,0,0,0,17-Apr-17
OPTSTK,BPCL,29-Jun-17,620,CE,0,0,0,49.7,118.5,0,0,0,0,17-Apr-17
OPTSTK,BPCL,29-Jun-17,640,CE,0,0,0,38.35,102.25,0,0,0,0,17-Apr-17
OPTSTK,BPCL,29-Jun-17,660,CE,0,0,0,28.9,87.2,0,0,0,0,17-Apr-17
OPTSTK,BPCL,29-Jun-17,680,CE,0,0,0,21.25,73.35,0,0,0,0,17-Apr-17
OPTSTK,BPCL,29-Jun-17,700,CE,0,0,0,15.25,60.95,0,0,0,0,17-Apr-17
OPTSTK,BPCL,29-Jun-17,720,CE,0,0,0,10.75,50,0,0,0,0,17-Apr-17
OPTSTK,BPCL,29-Jun-17,740,CE,0,0,0,7.35,40.5,0,0,0,0,17-Apr-17
OPTSTK,BPCL,29-Jun-17,760,CE,0,0,0,4.95,32.35,0,0,0,0,17-Apr-17
OPTSTK,BPCL,29-Jun-17,780,CE,0,0,0,3.25,25.55,0,0,0,0,17-Apr-17
OPTSTK,BPCL,29-Jun-17,800,CE,0,0,0,2.1,19.95,0,0,0,0,17-Apr-17
OPTSTK,BPCL,29-Jun-17,820,CE,0,0,0,1.35,15.4,0,0,0,0,17-Apr-17
OPTSTK,BPCL,29-Jun-17,840,CE,0,0,0,0.85,11.75,0,0,0,0,17-Apr-17
OPTSTK,BPCL,29-Jun-17,860,CE,0,0,0,0.5,8.85,0,0,0,0,17-Apr-17
OPTSTK,BPCL,29-Jun-17,880,CE,0,0,0,0.3,6.6,0,0,0,0,17-Apr-17
OPTSTK,BPCL,29-Jun-17,480,PE,0,0,0,0.2,0.1,0,0,0,0,17-Apr-17
OPTSTK,BPCL,29-Jun-17,500,PE,0,0,0,0.55,0.2,0,0,0,0,17-Apr-17
OPTSTK,BPCL,29-Jun-17,520,PE,0,0,0,1.2,0.4,0,0,0,0,17-Apr-17
OPTSTK,BPCL,29-Jun-17,540,PE,0,0,0,2.4,0.75,0,0,0,0,17-Apr-17
OPTSTK,BPCL,29-Jun-17,560,PE,0,0,0,4.45,1.45,0,0,0,0,17-Apr-17
OPTSTK,BPCL,29-Jun-17,580,PE,0,0,0,7.7,2.55,0,0,0,0,17-Apr-17
OPTSTK,BPCL,29-Jun-17,600,PE,0,0,0,12.45,4.25,0,0,0,0,17-Apr-17
OPTSTK,BPCL,29-Jun-17,620,PE,0,0,0,18.85,6.75,0,0,0,0,17-Apr-17
OPTSTK,BPCL,29-Jun-17,640,PE,0,0,0,27.15,10.25,0,0,0,0,17-Apr-17
OPTSTK,BPCL,29-Jun-17,660,PE,0,0,0,37.35,14.9,0,0,0,0,17-Apr-17
OPTSTK,BPCL,29-Jun-17,680,PE,0,0,0,49.4,20.8,0,0,0,0,17-Apr-17
OPTSTK,BPCL,29-Jun-17,700,PE,0,0,0,63.05,28.15,0,0,0,0,17-Apr-17
OPTSTK,BPCL,29-Jun-17,720,PE,0,0,0,78.2,36.95,0,0,0,0,17-Apr-17
OPTSTK,BPCL,29-Jun-17,740,PE,0,0,0,94.5,47.15,0,0,0,0,17-Apr-17
OPTSTK,BPCL,29-Jun-17,760,PE,0,0,0,111.8,58.8,0,0,0,0,17-Apr-17
OPTSTK,BPCL,29-Jun-17,780,PE,0,0,0,129.75,71.75,0,0,0,0,17-Apr-17
OPTSTK,BPCL,29-Jun-17,800,PE,0,0,0,148.25,85.85,0,0,0,0,17-Apr-17
OPTSTK,BPCL,29-Jun-17,820,PE,0,0,0,167.15,101.05,0,0,0,0,17-Apr-17
OPTSTK,BPCL,29-Jun-17,840,PE,0,0,0,186.35,117.15,0,0,0,0,17-Apr-17
OPTSTK,BPCL,29-Jun-17,860,PE,0,0,0,205.7,134,0,0,0,0,17-Apr-17
OPTSTK,BPCL,29-Jun-17,880,PE,0,0,0,225.15,151.5,0,0,0,0,17-Apr-17
OPTSTK,BRITANNIA,27-Apr-17,2300,CE,0,0,0,873,1089.3,0,0,0,0,17-Apr-17
OPTSTK,BRITANNIA,27-Apr-17,2350,CE,0,0,0,824.1,1039.4,0,0,0,0,17-Apr-17
OPTSTK,BRITANNIA,27-Apr-17,2400,CE,0,0,0,775.35,989.5,0,0,0,0,17-Apr-17
OPTSTK,BRITANNIA,27-Apr-17,2450,CE,0,0,0,726.9,939.6,0,0,0,0,17-Apr-17
OPTSTK,BRITANNIA,27-Apr-17,2500,CE,0,0,0,678.75,889.65,0,0,0,0,17-Apr-17
OPTSTK,BRITANNIA,27-Apr-17,2550,CE,0,0,0,631.1,839.75,0,0,0,0,17-Apr-17
OPTSTK,BRITANNIA,27-Apr-17,2600,CE,0,0,0,584.1,789.85,0,0,0,0,17-Apr-17
OPTSTK,BRITANNIA,27-Apr-17,2650,CE,0,0,0,537.95,739.95,0,0,0,0,17-Apr-17
OPTSTK,BRITANNIA,27-Apr-17,2700,CE,0,0,0,492.85,690,0,0,0,0,17-Apr-17
OPTSTK,BRITANNIA,27-Apr-17,2750,CE,0,0,0,449,640.1,0,0,0,0,17-Apr-17
OPTSTK,BRITANNIA,27-Apr-17,2800,CE,0,0,0,406.65,590.2,0,0,0,0,17-Apr-17
OPTSTK,BRITANNIA,27-Apr-17,2850,CE,0,0,0,366.05,540.3,0,0,0,0,17-Apr-17
OPTSTK,BRITANNIA,27-Apr-17,2900,CE,0,0,0,327.4,490.35,0,0,0,0,17-Apr-17
OPTSTK,BRITANNIA,27-Apr-17,2950,CE,0,0,0,290.95,440.45,0,0,0,0,17-Apr-17
OPTSTK,BRITANNIA,27-Apr-17,3000,CE,0,0,0,256.65,390.55,0,0,0,0,17-Apr-17
OPTSTK,BRITANNIA,27-Apr-17,3050,CE,0,0,0,266,340.65,0,0,200,0,17-Apr-17
OPTSTK,BRITANNIA,27-Apr-17,3100,CE,0,0,0,255,290.75,0,0,200,0,17-Apr-17
OPTSTK,BRITANNIA,27-Apr-17,3150,CE,0,0,0,174,241.1,0,0,200,0,17-Apr-17
OPTSTK,BRITANNIA,27-Apr-17,3200,CE,0,0,0,185,192.1,0,0,200,0,17-Apr-17
OPTSTK,BRITANNIA,27-Apr-17,3250,CE,0,0,0,130,144.95,0,0,600,0,17-Apr-17
OPTSTK,BRITANNIA,27-Apr-17,3300,CE,0,0,0,110.15,101.85,0,0,1200,0,17-Apr-17
OPTSTK,BRITANNIA,27-Apr-17,3350,CE,0,0,0,101.6,65.3,0,0,1400,0,17-Apr-17
OPTSTK,BRITANNIA,27-Apr-17,3400,CE,48,48,48,48,48,1,6.89,5400,-200,17-Apr-17
OPTSTK,BRITANNIA,27-Apr-17,3450,CE,0,0,0,39.05,19.15,0,0,3200,0,17-Apr-17
OPTSTK,BRITANNIA,27-Apr-17,3500,CE,21,21,16,16,16,3,21.11,5600,200,17-Apr-17
OPTSTK,BRITANNIA,27-Apr-17,3550,CE,6.85,6.85,6.4,6.85,6.85,3,21.34,2200,-200,17-Apr-17
OPTSTK,BRITANNIA,27-Apr-17,3600,CE,0,0,0,15,1.1,0,0,1200,0,17-Apr-17
OPTSTK,BRITANNIA,27-Apr-17,3650,CE,0,0,0,26.65,0.35,0,0,0,0,17-Apr-17
OPTSTK,BRITANNIA,27-Apr-17,3700,CE,0,0,0,21.35,0.1,0,0,0,0,17-Apr-17
OPTSTK,BRITANNIA,27-Apr-17,3750,CE,0,0,0,17,0.05,0,0,0,0,17-Apr-17
OPTSTK,BRITANNIA,27-Apr-17,3800,CE,0,0,0,13.45,0,0,0,0,0,17-Apr-17
OPTSTK,BRITANNIA,27-Apr-17,3850,CE,0,0,0,10.55,0,0,0,0,0,17-Apr-17
OPTSTK,BRITANNIA,27-Apr-17,3900,CE,0,0,0,8.25,0,0,0,0,0,17-Apr-17
OPTSTK,BRITANNIA,27-Apr-17,3950,CE,0,0,0,6.4,0,0,0,0,0,17-Apr-17
OPTSTK,BRITANNIA,27-Apr-17,2300,PE,0,0,0,0.35,0,0,0,0,0,17-Apr-17
OPTSTK,BRITANNIA,27-Apr-17,2350,PE,0,0,0,0.65,0,0,0,0,0,17-Apr-17
OPTSTK,BRITANNIA,27-Apr-17,2400,PE,0,0,0,1.05,0,0,0,0,0,17-Apr-17
OPTSTK,BRITANNIA,27-Apr-17,2450,PE,0,0,0,1.75,0,0,0,0,0,17-Apr-17
OPTSTK,BRITANNIA,27-Apr-17,2500,PE,0,0,0,2.8,0,0,0,0,0,17-Apr-17
OPTSTK,BRITANNIA,27-Apr-17,2550,PE,0,0,0,4.35,0,0,0,0,0,17-Apr-17
OPTSTK,BRITANNIA,27-Apr-17,2600,PE,0,0,0,6.5,0,0,0,0,0,17-Apr-17
OPTSTK,BRITANNIA,27-Apr-17,2650,PE,0,0,0,9.55,0,0,0,0,0,17-Apr-17
OPTSTK,BRITANNIA,27-Apr-17,2700,PE,0,0,0,13.6,0,0,0,0,0,17-Apr-17
OPTSTK,BRITANNIA,27-Apr-17,2750,PE,0,0,0,18.95,0,0,0,0,0,17-Apr-17
OPTSTK,BRITANNIA,27-Apr-17,2800,PE,0,0,0,25.8,0,0,0,0,0,17-Apr-17
OPTSTK,BRITANNIA,27-Apr-17,2850,PE,0,0,0,34.35,0,0,0,0,0,17-Apr-17
OPTSTK,BRITANNIA,27-Apr-17,2900,PE,0,0,0,44.85,0,0,0,0,0,17-Apr-17
OPTSTK,BRITANNIA,27-Apr-17,2950,PE,0,0,0,57.6,0,0,0,0,0,17-Apr-17
OPTSTK,BRITANNIA,27-Apr-17,3000,PE,0,0,0,72.5,0,0,0,0,0,17-Apr-17
OPTSTK,BRITANNIA,27-Apr-17,3050,PE,0,0,0,89.95,0.05,0,0,0,0,17-Apr-17
OPTSTK,BRITANNIA,27-Apr-17,3100,PE,0,0,0,109.95,0.05,0,0,0,0,17-Apr-17
OPTSTK,BRITANNIA,27-Apr-17,3150,PE,0,0,0,132.5,0.3,0,0,0,0,17-Apr-17
OPTSTK,BRITANNIA,27-Apr-17,3200,PE,0,0,0,9.9,1.2,0,0,400,0,17-Apr-17
OPTSTK,BRITANNIA,27-Apr-17,3250,PE,0,0,0,18.25,4,0,0,400,0,17-Apr-17
OPTSTK,BRITANNIA,27-Apr-17,3300,PE,11.05,11.05,11.05,11.05,11.05,4,26.48,6000,0,17-Apr-17
OPTSTK,BRITANNIA,27-Apr-17,3350,PE,25.95,32,25.95,32,32,10,67.55,3000,200,17-Apr-17
OPTSTK,BRITANNIA,27-Apr-17,3400,PE,53.05,53.05,53.05,53.05,53.05,1,6.9,3000,200,17-Apr-17
OPTSTK,BRITANNIA,27-Apr-17,3450,PE,0,0,0,122,77.85,0,0,200,0,17-Apr-17
OPTSTK,BRITANNIA,27-Apr-17,3500,PE,115.45,115.45,115.45,115.45,115.45,8,57.84,1000,-600,17-Apr-17
OPTSTK,BRITANNIA,27-Apr-17,3550,PE,0,0,0,397.55,161.85,0,0,0,0,17-Apr-17
OPTSTK,BRITANNIA,27-Apr-17,3600,PE,0,0,0,439.05,209.55,0,0,0,0,17-Apr-17
OPTSTK,BRITANNIA,27-Apr-17,3650,PE,0,0,0,481.85,258.7,0,0,0,0,17-Apr-17
OPTSTK,BRITANNIA,27-Apr-17,3700,PE,0,0,0,525.7,308.35,0,0,0,0,17-Apr-17
OPTSTK,BRITANNIA,27-Apr-17,3750,PE,0,0,0,570.55,358.2,0,0,0,0,17-Apr-17
OPTSTK,BRITANNIA,27-Apr-17,3800,PE,0,0,0,616.15,408.1,0,0,0,0,17-Apr-17
OPTSTK,BRITANNIA,27-Apr-17,3850,PE,0,0,0,662.45,458,0,0,0,0,17-Apr-17
OPTSTK,BRITANNIA,27-Apr-17,3900,PE,0,0,0,709.35,507.95,0,0,0,0,17-Apr-17
OPTSTK,BRITANNIA,27-Apr-17,3950,PE,0,0,0,756.65,557.85,0,0,0,0,17-Apr-17
OPTSTK,BRITANNIA,25-May-17,2300,CE,0,0,0,963.15,1100.85,0,0,0,0,17-Apr-17
OPTSTK,BRITANNIA,25-May-17,2350,CE,0,0,0,913.95,1051.15,0,0,0,0,17-Apr-17
OPTSTK,BRITANNIA,25-May-17,2400,CE,0,0,0,864.75,1001.5,0,0,0,0,17-Apr-17
OPTSTK,BRITANNIA,25-May-17,2450,CE,0,0,0,815.65,951.85,0,0,0,0,17-Apr-17
OPTSTK,BRITANNIA,25-May-17,2500,CE,0,0,0,766.6,902.2,0,0,0,0,17-Apr-17
OPTSTK,BRITANNIA,25-May-17,2550,CE,0,0,0,717.7,852.5,0,0,0,0,17-Apr-17
OPTSTK,BRITANNIA,25-May-17,2600,CE,0,0,0,668.95,802.85,0,0,0,0,17-Apr-17
OPTSTK,BRITANNIA,25-May-17,2650,CE,0,0,0,620.6,753.2,0,0,0,0,17-Apr-17
OPTSTK,BRITANNIA,25-May-17,2700,CE,0,0,0,572.65,703.55,0,0,0,0,17-Apr-17
OPTSTK,BRITANNIA,25-May-17,2750,CE,0,0,0,525.35,653.9,0,0,0,0,17-Apr-17
OPTSTK,BRITANNIA,25-May-17,2800,CE,0,0,0,478.95,604.25,0,0,0,0,17-Apr-17
OPTSTK,BRITANNIA,25-May-17,2850,CE,0,0,0,433.65,554.6,0,0,0,0,17-Apr-17
OPTSTK,BRITANNIA,25-May-17,2900,CE,0,0,0,389.8,505.1,0,0,0,0,17-Apr-17
OPTSTK,BRITANNIA,25-May-17,2950,CE,0,0,0,347.6,455.75,0,0,0,0,17-Apr-17
OPTSTK,BRITANNIA,25-May-17,3000,CE,0,0,0,307.45,406.75,0,0,0,0,17-Apr-17
OPTSTK,BRITANNIA,25-May-17,3050,CE,0,0,0,269.65,358.4,0,0,0,0,17-Apr-17
OPTSTK,BRITANNIA,25-May-17,3100,CE,0,0,0,234.15,311.1,0,0,0,0,17-Apr-17
OPTSTK,BRITANNIA,25-May-17,3150,CE,0,0,0,201.55,265.4,0,0,0,0,17-Apr-17
OPTSTK,BRITANNIA,25-May-17,3200,CE,0,0,0,171.8,222.05,0,0,0,0,17-Apr-17
OPTSTK,BRITANNIA,25-May-17,3250,CE,0,0,0,145.05,181.75,0,0,0,0,17-Apr-17
OPTSTK,BRITANNIA,25-May-17,3300,CE,0,0,0,121.2,145.15,0,0,0,0,17-Apr-17
OPTSTK,BRITANNIA,25-May-17,3350,CE,0,0,0,100.3,113,0,0,0,0,17-Apr-17
OPTSTK,BRITANNIA,25-May-17,3400,CE,0,0,0,82.15,85.55,0,0,0,0,17-Apr-17
OPTSTK,BRITANNIA,25-May-17,3450,CE,0,0,0,66.6,62.9,0,0,0,0,17-Apr-17
OPTSTK,BRITANNIA,25-May-17,3500,CE,0,0,0,53.65,44.85,0,0,0,0,17-Apr-17
OPTSTK,BRITANNIA,25-May-17,3550,CE,0,0,0,42.55,31.2,0,0,0,0,17-Apr-17
OPTSTK,BRITANNIA,25-May-17,3600,CE,0,0,0,33.5,20.85,0,0,0,0,17-Apr-17
OPTSTK,BRITANNIA,25-May-17,3650,CE,0,0,0,26.15,13.55,0,0,0,0,17-Apr-17
OPTSTK,BRITANNIA,25-May-17,3700,CE,0,0,0,20.2,8.55,0,0,0,0,17-Apr-17
OPTSTK,BRITANNIA,25-May-17,3750,CE,0,0,0,15.45,5.2,0,0,0,0,17-Apr-17
OPTSTK,BRITANNIA,25-May-17,3800,CE,0,0,0,11.7,3.1,0,0,0,0,17-Apr-17
OPTSTK,BRITANNIA,25-May-17,3850,CE,0,0,0,8.8,1.75,0,0,0,0,17-Apr-17
OPTSTK,BRITANNIA,25-May-17,3900,CE,0,0,0,6.55,1,0,0,0,0,17-Apr-17
OPTSTK,BRITANNIA,25-May-17,3950,CE,0,0,0,4.8,0.55,0,0,0,0,17-Apr-17
OPTSTK,BRITANNIA,25-May-17,2300,PE,0,0,0,0.05,0,0,0,0,0,17-Apr-17
OPTSTK,BRITANNIA,25-May-17,2350,PE,0,0,0,0.05,0,0,0,0,0,17-Apr-17
OPTSTK,BRITANNIA,25-May-17,2400,PE,0,0,0,0.1,0,0,0,0,0,17-Apr-17
OPTSTK,BRITANNIA,25-May-17,2450,PE,0,0,0,0.2,0,0,0,0,0,17-Apr-17
OPTSTK,BRITANNIA,25-May-17,2500,PE,0,0,0,0.35,0,0,0,0,0,17-Apr-17
OPTSTK,BRITANNIA,25-May-17,2550,PE,0,0,0,0.65,0,0,0,0,0,17-Apr-17
OPTSTK,BRITANNIA,25-May-17,2600,PE,0,0,0,1.2,0,0,0,0,0,17-Apr-17
OPTSTK,BRITANNIA,25-May-17,2650,PE,0,0,0,2,0,0,0,0,0,17-Apr-17
OPTSTK,BRITANNIA,25-May-17,2700,PE,0,0,0,3.3,0,0,0,0,0,17-Apr-17
OPTSTK,BRITANNIA,25-May-17,2750,PE,0,0,0,5.2,0.05,0,0,0,0,17-Apr-17
OPTSTK,BRITANNIA,25-May-17,2800,PE,0,0,0,8,0.05,0,0,0,0,17-Apr-17
OPTSTK,BRITANNIA,25-May-17,2850,PE,0,0,0,11.95,0.1,0,0,0,0,17-Apr-17
OPTSTK,BRITANNIA,25-May-17,2900,PE,0,0,0,17.3,0.25,0,0,0,0,17-Apr-17
OPTSTK,BRITANNIA,25-May-17,2950,PE,0,0,0,24.3,0.55,0,0,0,0,17-Apr-17
OPTSTK,BRITANNIA,25-May-17,3000,PE,0,0,0,33.35,1.2,0,0,0,0,17-Apr-17
OPTSTK,BRITANNIA,25-May-17,3050,PE,0,0,0,44.8,2.5,0,0,0,0,17-Apr-17
OPTSTK,BRITANNIA,25-May-17,3100,PE,0,0,0,58.5,4.85,0,0,0,0,17-Apr-17
OPTSTK,BRITANNIA,25-May-17,3150,PE,0,0,0,75.1,8.85,0,0,0,0,17-Apr-17
OPTSTK,BRITANNIA,25-May-17,3200,PE,0,0,0,94.6,15.15,0,0,0,0,17-Apr-17
OPTSTK,BRITANNIA,25-May-17,3250,PE,0,0,0,117.05,24.5,0,0,0,0,17-Apr-17
OPTSTK,BRITANNIA,25-May-17,3300,PE,0,0,0,142.45,37.6,0,0,0,0,17-Apr-17
OPTSTK,BRITANNIA,25-May-17,3350,PE,0,0,0,170.75,55.1,0,0,0,0,17-Apr-17
OPTSTK,BRITANNIA,25-May-17,3400,PE,0,0,0,201.8,77.3,0,0,0,0,17-Apr-17
OPTSTK,BRITANNIA,25-May-17,3450,PE,0,0,0,235.5,104.3,0,0,0,0,17-Apr-17
OPTSTK,BRITANNIA,25-May-17,3500,PE,0,0,0,271.7,135.95,0,0,0,0,17-Apr-17
OPTSTK,BRITANNIA,25-May-17,3550,PE,0,0,0,309.85,171.95,0,0,0,0,17-Apr-17
OPTSTK,BRITANNIA,25-May-17,3600,PE,0,0,0,350.05,211.25,0,0,0,0,17-Apr-17
OPTSTK,BRITANNIA,25-May-17,3650,PE,0,0,0,391.85,253.65,0,0,0,0,17-Apr-17
OPTSTK,BRITANNIA,25-May-17,3700,PE,0,0,0,435.1,298.25,0,0,0,0,17-Apr-17
OPTSTK,BRITANNIA,25-May-17,3750,PE,0,0,0,479.6,344.6,0,0,0,0,17-Apr-17
OPTSTK,BRITANNIA,25-May-17,3800,PE,0,0,0,525.05,392.15,0,0,0,0,17-Apr-17
OPTSTK,BRITANNIA,25-May-17,3850,PE,0,0,0,571.35,440.5,0,0,0,0,17-Apr-17
OPTSTK,BRITANNIA,25-May-17,3900,PE,0,0,0,618.35,489.4,0,0,0,0,17-Apr-17
OPTSTK,BRITANNIA,25-May-17,3950,PE,0,0,0,665.85,538.6,0,0,0,0,17-Apr-17
OPTSTK,BRITANNIA,29-Jun-17,2400,CE,0,0,0,1034.75,1016.3,0,0,0,0,17-Apr-17
OPTSTK,BRITANNIA,29-Jun-17,2450,CE,0,0,0,985.6,966.95,0,0,0,0,17-Apr-17
OPTSTK,BRITANNIA,29-Jun-17,2500,CE,0,0,0,936.45,917.6,0,0,0,0,17-Apr-17
OPTSTK,BRITANNIA,29-Jun-17,2550,CE,0,0,0,887.3,868.25,0,0,0,0,17-Apr-17
OPTSTK,BRITANNIA,29-Jun-17,2600,CE,0,0,0,838.2,818.95,0,0,0,0,17-Apr-17
OPTSTK,BRITANNIA,29-Jun-17,2650,CE,0,0,0,789.15,769.6,0,0,0,0,17-Apr-17
OPTSTK,BRITANNIA,29-Jun-17,2700,CE,0,0,0,740.2,720.35,0,0,0,0,17-Apr-17
OPTSTK,BRITANNIA,29-Jun-17,2750,CE,0,0,0,691.4,671.15,0,0,0,0,17-Apr-17
OPTSTK,BRITANNIA,29-Jun-17,2800,CE,0,0,0,642.9,622.15,0,0,0,0,17-Apr-17
OPTSTK,BRITANNIA,29-Jun-17,2850,CE,0,0,0,594.75,573.35,0,0,0,0,17-Apr-17
OPTSTK,BRITANNIA,29-Jun-17,2900,CE,0,0,0,547.15,524.95,0,0,0,0,17-Apr-17
OPTSTK,BRITANNIA,29-Jun-17,2950,CE,0,0,0,500.3,477.15,0,0,0,0,17-Apr-17
OPTSTK,BRITANNIA,29-Jun-17,3000,CE,0,0,0,454.45,430.25,0,0,0,0,17-Apr-17
OPTSTK,BRITANNIA,29-Jun-17,3050,CE,0,0,0,409.85,384.45,0,0,0,0,17-Apr-17
OPTSTK,BRITANNIA,29-Jun-17,3100,CE,0,0,0,366.8,340.2,0,0,0,0,17-Apr-17
OPTSTK,BRITANNIA,29-Jun-17,3150,CE,0,0,0,325.6,297.9,0,0,0,0,17-Apr-17
OPTSTK,BRITANNIA,29-Jun-17,3200,CE,0,0,0,286.55,257.9,0,0,0,0,17-Apr-17
OPTSTK,BRITANNIA,29-Jun-17,3250,CE,0,0,0,250,220.7,0,0,0,0,17-Apr-17
OPTSTK,BRITANNIA,29-Jun-17,3300,CE,0,0,0,215.85,186.25,0,0,0,0,17-Apr-17
OPTSTK,BRITANNIA,29-Jun-17,3350,CE,0,0,0,184.7,155.2,0,0,0,0,17-Apr-17
OPTSTK,BRITANNIA,29-Jun-17,3400,CE,0,0,0,156.45,127.6,0,0,0,0,17-Apr-17
OPTSTK,BRITANNIA,29-Jun-17,3450,CE,0,0,0,131.2,103.4,0,0,0,0,17-Apr-17
OPTSTK,BRITANNIA,29-Jun-17,3500,CE,0,0,0,108.9,82.65,0,0,0,0,17-Apr-17
OPTSTK,BRITANNIA,29-Jun-17,3550,CE,0,0,0,89.45,65.05,0,0,0,0,17-Apr-17
OPTSTK,BRITANNIA,29-Jun-17,3600,CE,0,0,0,72.7,50.5,0,0,0,0,17-Apr-17
OPTSTK,BRITANNIA,29-Jun-17,3650,CE,0,0,0,58.5,38.65,0,0,0,0,17-Apr-17
OPTSTK,BRITANNIA,29-Jun-17,3700,CE,0,0,0,46.65,29.15,0,0,0,0,17-Apr-17
OPTSTK,BRITANNIA,29-Jun-17,3750,CE,0,0,0,36.75,21.65,0,0,0,0,17-Apr-17
OPTSTK,BRITANNIA,29-Jun-17,3800,CE,0,0,0,28.7,15.85,0,0,0,0,17-Apr-17
OPTSTK,BRITANNIA,29-Jun-17,3850,CE,0,0,0,22.15,11.45,0,0,0,0,17-Apr-17
OPTSTK,BRITANNIA,29-Jun-17,3900,CE,0,0,0,16.95,8.15,0,0,0,0,17-Apr-17
OPTSTK,BRITANNIA,29-Jun-17,3950,CE,0,0,0,12.85,5.75,0,0,0,0,17-Apr-17
OPTSTK,BRITANNIA,29-Jun-17,2400,PE,0,0,0,0.05,0,0,0,0,0,17-Apr-17
OPTSTK,BRITANNIA,29-Jun-17,2450,PE,0,0,0,0.05,0,0,0,0,0,17-Apr-17
OPTSTK,BRITANNIA,29-Jun-17,2500,PE,0,0,0,0.05,0,0,0,0,0,17-Apr-17
OPTSTK,BRITANNIA,29-Jun-17,2550,PE,0,0,0,0.1,0.05,0,0,0,0,17-Apr-17
OPTSTK,BRITANNIA,29-Jun-17,2600,PE,0,0,0,0.15,0.05,0,0,0,0,17-Apr-17
OPTSTK,BRITANNIA,29-Jun-17,2650,PE,0,0,0,0.3,0.1,0,0,0,0,17-Apr-17
OPTSTK,BRITANNIA,29-Jun-17,2700,PE,0,0,0,0.5,0.2,0,0,0,0,17-Apr-17
OPTSTK,BRITANNIA,29-Jun-17,2750,PE,0,0,0,0.9,0.35,0,0,0,0,17-Apr-17
OPTSTK,BRITANNIA,29-Jun-17,2800,PE,0,0,0,1.55,0.65,0,0,0,0,17-Apr-17
OPTSTK,BRITANNIA,29-Jun-17,2850,PE,0,0,0,2.6,1.25,0,0,0,0,17-Apr-17
OPTSTK,BRITANNIA,29-Jun-17,2900,PE,0,0,0,4.2,2.2,0,0,0,0,17-Apr-17
OPTSTK,BRITANNIA,29-Jun-17,2950,PE,0,0,0,6.5,3.75,0,0,0,0,17-Apr-17
OPTSTK,BRITANNIA,29-Jun-17,3000,PE,0,0,0,9.85,6.2,0,0,0,0,17-Apr-17
OPTSTK,BRITANNIA,29-Jun-17,3050,PE,0,0,0,14.4,9.75,0,0,0,0,17-Apr-17
OPTSTK,BRITANNIA,29-Jun-17,3100,PE,0,0,0,20.55,14.9,0,0,0,0,17-Apr-17
OPTSTK,BRITANNIA,29-Jun-17,3150,PE,0,0,0,28.5,21.9,0,0,0,0,17-Apr-17
OPTSTK,BRITANNIA,29-Jun-17,3200,PE,0,0,0,38.6,31.25,0,0,0,0,17-Apr-17
OPTSTK,BRITANNIA,29-Jun-17,3250,PE,0,0,0,51.25,43.4,0,0,0,0,17-Apr-17
OPTSTK,BRITANNIA,29-Jun-17,3300,PE,0,0,0,66.3,58.35,0,0,0,0,17-Apr-17
OPTSTK,BRITANNIA,29-Jun-17,3350,PE,0,0,0,84.3,76.65,0,0,0,0,17-Apr-17
OPTSTK,BRITANNIA,29-Jun-17,3400,PE,0,0,0,105.25,98.4,0,0,0,0,17-Apr-17
OPTSTK,BRITANNIA,29-Jun-17,3450,PE,0,0,0,129.15,123.55,0,0,0,0,17-Apr-17
OPTSTK,BRITANNIA,29-Jun-17,3500,PE,0,0,0,156.05,152.1,0,0,0,0,17-Apr-17
OPTSTK,BRITANNIA,29-Jun-17,3550,PE,0,0,0,185.75,183.9,0,0,0,0,17-Apr-17
OPTSTK,BRITANNIA,29-Jun-17,3600,PE,0,0,0,218.2,218.7,0,0,0,0,17-Apr-17
OPTSTK,BRITANNIA,29-Jun-17,3650,PE,0,0,0,253.15,256.2,0,0,0,0,17-Apr-17
OPTSTK,BRITANNIA,29-Jun-17,3700,PE,0,0,0,290.45,296.05,0,0,0,0,17-Apr-17
OPTSTK,BRITANNIA,29-Jun-17,3750,PE,0,0,0,329.75,337.95,0,0,0,0,17-Apr-17
OPTSTK,BRITANNIA,29-Jun-17,3800,PE,0,0,0,370.85,381.5,0,0,0,0,17-Apr-17
OPTSTK,BRITANNIA,29-Jun-17,3850,PE,0,0,0,413.5,426.45,0,0,0,0,17-Apr-17
OPTSTK,BRITANNIA,29-Jun-17,3900,PE,0,0,0,457.5,472.5,0,0,0,0,17-Apr-17
OPTSTK,BRITANNIA,29-Jun-17,3950,PE,0,0,0,502.55,519.4,0,0,0,0,17-Apr-17
OPTSTK,CADILAHC,27-Apr-17,240,CE,0,0,0,121.55,213.4,0,0,0,0,17-Apr-17
OPTSTK,CADILAHC,27-Apr-17,250,CE,0,0,0,111.85,203.4,0,0,0,0,17-Apr-17
OPTSTK,CADILAHC,27-Apr-17,260,CE,0,0,0,102.3,193.4,0,0,0,0,17-Apr-17
OPTSTK,CADILAHC,27-Apr-17,270,CE,0,0,0,92.85,183.45,0,0,0,0,17-Apr-17
OPTSTK,CADILAHC,27-Apr-17,280,CE,0,0,0,83.65,173.45,0,0,0,0,17-Apr-17
OPTSTK,CADILAHC,27-Apr-17,290,CE,0,0,0,74.75,163.45,0,0,0,0,17-Apr-17
OPTSTK,CADILAHC,27-Apr-17,300,CE,0,0,0,66.25,153.5,0,0,0,0,17-Apr-17
OPTSTK,CADILAHC,27-Apr-17,310,CE,0,0,0,58.15,143.5,0,0,0,0,17-Apr-17
OPTSTK,CADILAHC,27-Apr-17,320,CE,0,0,0,50.6,133.55,0,0,0,0,17-Apr-17
OPTSTK,CADILAHC,27-Apr-17,330,CE,0,0,0,43.55,123.55,0,0,0,0,17-Apr-17
OPTSTK,CADILAHC,27-Apr-17,340,CE,0,0,0,37.2,113.55,0,0,0,0,17-Apr-17
OPTSTK,CADILAHC,27-Apr-17,350,CE,0,0,0,31.45,103.6,0,0,0,0,17-Apr-17
OPTSTK,CADILAHC,27-Apr-17,360,CE,0,0,0,26.35,93.6,0,0,0,0,17-Apr-17
OPTSTK,CADILAHC,27-Apr-17,370,CE,0,0,0,21.85,83.6,0,0,0,0,17-Apr-17
OPTSTK,CADILAHC,27-Apr-17,380,CE,0,0,0,17.95,73.65,0,0,0,0,17-Apr-17
OPTSTK,CADILAHC,27-Apr-17,390,CE,0,0,0,14.65,63.7,0,0,0,0,17-Apr-17
OPTSTK,CADILAHC,27-Apr-17,400,CE,0,0,0,11.85,53.8,0,0,0,0,17-Apr-17
OPTSTK,CADILAHC,27-Apr-17,410,CE,0,0,0,45,44.15,0,0,1600,0,17-Apr-17
OPTSTK,CADILAHC,27-Apr-17,420,CE,0,0,0,35,34.9,0,0,6400,0,17-Apr-17
OPTSTK,CADILAHC,27-Apr-17,430,CE,0,0,0,5.95,26.35,0,0,0,0,17-Apr-17
OPTSTK,CADILAHC,27-Apr-17,440,CE,0,0,0,4.7,18.85,0,0,0,0,17-Apr-17
OPTSTK,CADILAHC,27-Apr-17,450,CE,13.5,13.5,13.5,13.5,13.5,1,7.41,76800,0,17-Apr-17
OPTSTK,CADILAHC,27-Apr-17,460,CE,10.25,10.7,8.95,10.35,10.35,21,157.92,144000,3200,17-Apr-17
OPTSTK,CADILAHC,27-Apr-17,470,CE,6.85,6.95,5.85,6.75,6.75,12,91.47,96000,-6400,17-Apr-17
OPTSTK,CADILAHC,27-Apr-17,480,CE,4.8,4.8,3.75,4.55,4.55,8,61.98,62400,4800,17-Apr-17
OPTSTK,CADILAHC,27-Apr-17,490,CE,0,0,0,5,1.3,0,0,43200,0,17-Apr-17
OPTSTK,CADILAHC,27-Apr-17,500,CE,2.5,2.5,1.2,1.8,1.8,13,104.4,110400,4800,17-Apr-17
OPTSTK,CADILAHC,27-Apr-17,510,CE,0,0,0,2.4,0.3,0,0,65600,0,17-Apr-17
OPTSTK,CADILAHC,27-Apr-17,520,CE,0,0,0,1.5,0.15,0,0,17600,0,17-Apr-17
OPTSTK,CADILAHC,27-Apr-17,530,CE,0,0,0,1,0.05,0,0,14400,0,17-Apr-17
OPTSTK,CADILAHC,27-Apr-17,540,CE,0,0,0,0.95,0.05,0,0,0,0,17-Apr-17
OPTSTK,CADILAHC,27-Apr-17,560,CE,0,0,0,32.8,0,0,0,0,0,17-Apr-17
OPTSTK,CADILAHC,27-Apr-17,240,PE,0,0,0,0.15,0,0,0,0,0,17-Apr-17
OPTSTK,CADILAHC,27-Apr-17,250,PE,0,0,0,0.3,0,0,0,0,0,17-Apr-17
OPTSTK,CADILAHC,27-Apr-17,260,PE,0,0,0,0.55,0,0,0,0,0,17-Apr-17
OPTSTK,CADILAHC,27-Apr-17,270,PE,0,0,0,0.95,0,0,0,0,0,17-Apr-17
OPTSTK,CADILAHC,27-Apr-17,280,PE,0,0,0,1.6,0,0,0,0,0,17-Apr-17
OPTSTK,CADILAHC,27-Apr-17,290,PE,0,0,0,2.55,0,0,0,0,0,17-Apr-17
OPTSTK,CADILAHC,27-Apr-17,300,PE,0,0,0,3.85,0,0,0,0,0,17-Apr-17
OPTSTK,CADILAHC,27-Apr-17,310,PE,0,0,0,5.6,0,0,0,0,0,17-Apr-17
OPTSTK,CADILAHC,27-Apr-17,320,PE,0,0,0,7.9,0,0,0,0,0,17-Apr-17
OPTSTK,CADILAHC,27-Apr-17,330,PE,0,0,0,10.7,0,0,0,0,0,17-Apr-17
OPTSTK,CADILAHC,27-Apr-17,340,PE,0,0,0,14.15,0,0,0,0,0,17-Apr-17
OPTSTK,CADILAHC,27-Apr-17,350,PE,0,0,0,0.5,0,0,0,1600,0,17-Apr-17
OPTSTK,CADILAHC,27-Apr-17,360,PE,0,0,0,22.95,0,0,0,0,0,17-Apr-17
OPTSTK,CADILAHC,27-Apr-17,370,PE,0,0,0,28.35,0,0,0,0,0,17-Apr-17
OPTSTK,CADILAHC,27-Apr-17,380,PE,0,0,0,34.3,0.05,0,0,0,0,17-Apr-17
OPTSTK,CADILAHC,27-Apr-17,390,PE,0,0,0,1,0.05,0,0,1600,0,17-Apr-17
OPTSTK,CADILAHC,27-Apr-17,400,PE,0,0,0,1.45,0.2,0,0,40000,0,17-Apr-17
OPTSTK,CADILAHC,27-Apr-17,410,PE,1,1,1,1,1,1,6.57,3200,1600,17-Apr-17
OPTSTK,CADILAHC,27-Apr-17,420,PE,0,0,0,3,1.2,0,0,24000,0,17-Apr-17
OPTSTK,CADILAHC,27-Apr-17,430,PE,0,0,0,5.5,2.65,0,0,8000,0,17-Apr-17
OPTSTK,CADILAHC,27-Apr-17,440,PE,0,0,0,7.5,5.1,0,0,56000,0,17-Apr-17
OPTSTK,CADILAHC,27-Apr-17,450,PE,11.7,11.7,11.7,11.7,11.7,1,7.38,64000,0,17-Apr-17
OPTSTK,CADILAHC,27-Apr-17,460,PE,0,0,0,97.8,14.25,0,0,0,0,17-Apr-17
OPTSTK,CADILAHC,27-Apr-17,470,PE,0,0,0,33.5,20.95,0,0,1600,0,17-Apr-17
OPTSTK,CADILAHC,27-Apr-17,480,PE,0,0,0,116.35,28.8,0,0,0,0,17-Apr-17
OPTSTK,CADILAHC,27-Apr-17,490,PE,0,0,0,125.75,37.5,0,0,0,0,17-Apr-17
OPTSTK,CADILAHC,27-Apr-17,500,PE,0,0,0,135.3,46.8,0,0,0,0,17-Apr-17
OPTSTK,CADILAHC,27-Apr-17,510,PE,0,0,0,144.9,56.45,0,0,0,0,17-Apr-17
OPTSTK,CADILAHC,27-Apr-17,520,PE,0,0,0,154.55,66.25,0,0,0,0,17-Apr-17
OPTSTK,CADILAHC,27-Apr-17,530,PE,0,0,0,146.9,76.2,0,0,0,0,17-Apr-17
OPTSTK,CADILAHC,27-Apr-17,540,PE,0,0,0,156.5,86.15,0,0,0,0,17-Apr-17
OPTSTK,CADILAHC,27-Apr-17,560,PE,0,0,0,156.25,106.1,0,0,0,0,17-Apr-17
OPTSTK,CADILAHC,25-May-17,270,CE,0,0,0,173,184.8,0,0,0,0,17-Apr-17
OPTSTK,CADILAHC,25-May-17,280,CE,0,0,0,164.9,174.85,0,0,0,0,17-Apr-17
OPTSTK,CADILAHC,25-May-17,290,CE,0,0,0,157.05,164.95,0,0,0,0,17-Apr-17
OPTSTK,CADILAHC,25-May-17,300,CE,0,0,0,149.4,155,0,0,0,0,17-Apr-17
OPTSTK,CADILAHC,25-May-17,310,CE,0,0,0,142,145.05,0,0,0,0,17-Apr-17
OPTSTK,CADILAHC,25-May-17,320,CE,0,0,0,134.9,135.15,0,0,0,0,17-Apr-17
OPTSTK,CADILAHC,25-May-17,330,CE,0,0,0,128,125.25,0,0,0,0,17-Apr-17
OPTSTK,CADILAHC,25-May-17,340,CE,0,0,0,121.4,115.35,0,0,0,0,17-Apr-17
OPTSTK,CADILAHC,25-May-17,350,CE,0,0,0,115,105.5,0,0,0,0,17-Apr-17
OPTSTK,CADILAHC,25-May-17,360,CE,0,0,0,108.9,95.75,0,0,0,0,17-Apr-17
OPTSTK,CADILAHC,25-May-17,370,CE,0,0,0,103.05,86.15,0,0,0,0,17-Apr-17
OPTSTK,CADILAHC,25-May-17,380,CE,0,0,0,97.45,76.7,0,0,0,0,17-Apr-17
OPTSTK,CADILAHC,25-May-17,390,CE,0,0,0,92.1,67.6,0,0,0,0,17-Apr-17
OPTSTK,CADILAHC,25-May-17,400,CE,0,0,0,87,58.85,0,0,0,0,17-Apr-17
OPTSTK,CADILAHC,25-May-17,410,CE,0,0,0,82.15,50.55,0,0,0,0,17-Apr-17
OPTSTK,CADILAHC,25-May-17,420,CE,0,0,0,77.5,42.9,0,0,0,0,17-Apr-17
OPTSTK,CADILAHC,25-May-17,430,CE,0,0,0,73.15,35.85,0,0,0,0,17-Apr-17
OPTSTK,CADILAHC,25-May-17,440,CE,0,0,0,68.95,29.5,0,0,0,0,17-Apr-17
OPTSTK,CADILAHC,25-May-17,450,CE,0,0,0,65,23.95,0,0,0,0,17-Apr-17
OPTSTK,CADILAHC,25-May-17,460,CE,0,0,0,61.2,19.1,0,0,0,0,17-Apr-17
OPTSTK,CADILAHC,25-May-17,470,CE,0,0,0,57.65,15.05,0,0,0,0,17-Apr-17
OPTSTK,CADILAHC,25-May-17,480,CE,0,0,0,54.3,11.65,0,0,0,0,17-Apr-17
OPTSTK,CADILAHC,25-May-17,490,CE,0,0,0,51.1,8.9,0,0,0,0,17-Apr-17
OPTSTK,CADILAHC,25-May-17,500,CE,0,0,0,6.9,6.7,0,0,1600,0,17-Apr-17
OPTSTK,CADILAHC,25-May-17,510,CE,0,0,0,45.25,4.95,0,0,0,0,17-Apr-17
OPTSTK,CADILAHC,25-May-17,520,CE,0,0,0,42.55,3.65,0,0,0,0,17-Apr-17
OPTSTK,CADILAHC,25-May-17,530,CE,0,0,0,5.9,2.6,0,0,1600,0,17-Apr-17
OPTSTK,CADILAHC,25-May-17,540,CE,0,0,0,37.65,1.85,0,0,0,0,17-Apr-17
OPTSTK,CADILAHC,25-May-17,560,CE,0,0,0,33.25,0.9,0,0,0,0,17-Apr-17
OPTSTK,CADILAHC,25-May-17,270,PE,0,0,0,8.05,0,0,0,0,0,17-Apr-17
OPTSTK,CADILAHC,25-May-17,280,PE,0,0,0,9.8,0,0,0,0,0,17-Apr-17
OPTSTK,CADILAHC,25-May-17,290,PE,0,0,0,11.8,0,0,0,0,0,17-Apr-17
OPTSTK,CADILAHC,25-May-17,300,PE,0,0,0,14,0,0,0,0,0,17-Apr-17
OPTSTK,CADILAHC,25-May-17,310,PE,0,0,0,16.45,0,0,0,0,0,17-Apr-17
OPTSTK,CADILAHC,25-May-17,320,PE,0,0,0,19.15,0.05,0,0,0,0,17-Apr-17
OPTSTK,CADILAHC,25-May-17,330,PE,0,0,0,22.1,0.05,0,0,0,0,17-Apr-17
OPTSTK,CADILAHC,25-May-17,340,PE,0,0,0,25.35,0.1,0,0,0,0,17-Apr-17
OPTSTK,CADILAHC,25-May-17,350,PE,0,0,0,28.8,0.2,0,0,0,0,17-Apr-17
OPTSTK,CADILAHC,25-May-17,360,PE,0,0,0,32.55,0.4,0,0,0,0,17-Apr-17
OPTSTK,CADILAHC,25-May-17,370,PE,0,0,0,36.55,0.7,0,0,0,0,17-Apr-17
OPTSTK,CADILAHC,25-May-17,380,PE,0,0,0,40.8,1.2,0,0,0,0,17-Apr-17
OPTSTK,CADILAHC,25-May-17,390,PE,0,0,0,45.3,2,0,0,0,0,17-Apr-17
OPTSTK,CADILAHC,25-May-17,400,PE,0,0,0,4.9,3.2,0,0,1600,0,17-Apr-17
OPTSTK,CADILAHC,25-May-17,410,PE,0,0,0,55,4.85,0,0,0,0,17-Apr-17
OPTSTK,CADILAHC,25-May-17,420,PE,0,0,0,60.25,7.1,0,0,0,0,17-Apr-17
OPTSTK,CADILAHC,25-May-17,430,PE,0,0,0,65.7,10,0,0,0,0,17-Apr-17
OPTSTK,CADILAHC,25-May-17,440,PE,0,0,0,71.35,13.6,0,0,0,0,17-Apr-17
OPTSTK,CADILAHC,25-May-17,450,PE,0,0,0,77.2,17.95,0,0,0,0,17-Apr-17
OPTSTK,CADILAHC,25-May-17,460,PE,0,0,0,83.3,23.05,0,0,0,0,17-Apr-17
OPTSTK,CADILAHC,25-May-17,470,PE,0,0,0,89.6,28.9,0,0,0,0,17-Apr-17
OPTSTK,CADILAHC,25-May-17,480,PE,0,0,0,96.05,35.45,0,0,0,0,17-Apr-17
OPTSTK,CADILAHC,25-May-17,490,PE,0,0,0,102.7,42.65,0,0,0,0,17-Apr-17
OPTSTK,CADILAHC,25-May-17,500,PE,0,0,0,109.55,50.35,0,0,0,0,17-Apr-17
OPTSTK,CADILAHC,25-May-17,510,PE,0,0,0,116.5,58.55,0,0,0,0,17-Apr-17
OPTSTK,CADILAHC,25-May-17,520,PE,0,0,0,123.7,67.15,0,0,0,0,17-Apr-17
OPTSTK,CADILAHC,25-May-17,530,PE,0,0,0,131,76.1,0,0,0,0,17-Apr-17
OPTSTK,CADILAHC,25-May-17,540,PE,0,0,0,138.45,85.25,0,0,0,0,17-Apr-17
OPTSTK,CADILAHC,25-May-17,560,PE,0,0,0,153.75,104.2,0,0,0,0,17-Apr-17
OPTSTK,CADILAHC,29-Jun-17,280,CE,0,0,0,175.4,176.6,0,0,0,0,17-Apr-17
OPTSTK,CADILAHC,29-Jun-17,300,CE,0,0,0,156.3,156.9,0,0,0,0,17-Apr-17
OPTSTK,CADILAHC,29-Jun-17,320,CE,0,0,0,137.65,137.35,0,0,0,0,17-Apr-17
OPTSTK,CADILAHC,29-Jun-17,340,CE,0,0,0,119.7,118.1,0,0,0,0,17-Apr-17
OPTSTK,CADILAHC,29-Jun-17,360,CE,0,0,0,102.75,99.45,0,0,0,0,17-Apr-17
OPTSTK,CADILAHC,29-Jun-17,380,CE,0,0,0,87,81.8,0,0,0,0,17-Apr-17
OPTSTK,CADILAHC,29-Jun-17,400,CE,0,0,0,72.7,65.55,0,0,0,0,17-Apr-17
OPTSTK,CADILAHC,29-Jun-17,420,CE,0,0,0,59.9,51.05,0,0,0,0,17-Apr-17
OPTSTK,CADILAHC,29-Jun-17,440,CE,0,0,0,48.7,38.7,0,0,0,0,17-Apr-17
OPTSTK,CADILAHC,29-Jun-17,460,CE,0,0,0,39.15,28.5,0,0,0,0,17-Apr-17
OPTSTK,CADILAHC,29-Jun-17,480,CE,0,0,0,31.05,20.4,0,0,0,0,17-Apr-17
OPTSTK,CADILAHC,29-Jun-17,500,CE,0,0,0,24.4,14.2,0,0,0,0,17-Apr-17
OPTSTK,CADILAHC,29-Jun-17,520,CE,0,0,0,18.95,9.7,0,0,0,0,17-Apr-17
OPTSTK,CADILAHC,29-Jun-17,540,CE,0,0,0,14.6,6.45,0,0,0,0,17-Apr-17
OPTSTK,CADILAHC,29-Jun-17,560,CE,0,0,0,11.15,4.15,0,0,0,0,17-Apr-17
OPTSTK,CADILAHC,29-Jun-17,280,PE,0,0,0,0.4,0.05,0,0,0,0,17-Apr-17
OPTSTK,CADILAHC,29-Jun-17,300,PE,0,0,0,0.95,0.1,0,0,0,0,17-Apr-17
OPTSTK,CADILAHC,29-Jun-17,320,PE,0,0,0,1.95,0.3,0,0,0,0,17-Apr-17
OPTSTK,CADILAHC,29-Jun-17,340,PE,0,0,0,3.7,0.8,0,0,0,0,17-Apr-17
OPTSTK,CADILAHC,29-Jun-17,360,PE,0,0,0,6.4,1.85,0,0,0,0,17-Apr-17
OPTSTK,CADILAHC,29-Jun-17,380,PE,0,0,0,10.35,3.95,0,0,0,0,17-Apr-17
OPTSTK,CADILAHC,29-Jun-17,400,PE,0,0,0,15.7,7.4,0,0,0,0,17-Apr-17
OPTSTK,CADILAHC,29-Jun-17,420,PE,0,0,0,22.55,12.7,0,0,0,0,17-Apr-17
OPTSTK,CADILAHC,29-Jun-17,440,PE,0,0,0,31.05,20.05,0,0,0,0,17-Apr-17
OPTSTK,CADILAHC,29-Jun-17,460,PE,0,0,0,41.15,29.6,0,0,0,0,17-Apr-17
OPTSTK,CADILAHC,29-Jun-17,480,PE,0,0,0,52.75,41.25,0,0,0,0,17-Apr-17
OPTSTK,CADILAHC,29-Jun-17,500,PE,0,0,0,65.75,54.8,0,0,0,0,17-Apr-17
OPTSTK,CADILAHC,29-Jun-17,520,PE,0,0,0,80,70,0,0,0,0,17-Apr-17
OPTSTK,CADILAHC,29-Jun-17,540,PE,0,0,0,95.3,86.5,0,0,0,0,17-Apr-17
OPTSTK,CADILAHC,29-Jun-17,560,PE,0,0,0,111.5,104,0,0,0,0,17-Apr-17
OPTSTK,CAIRN,27-Apr-17,170,CE,0,0,0,113.5,118.55,0,0,0,0,17-Apr-17
OPTSTK,CAIRN,27-Apr-17,180,CE,0,0,0,103.75,108.6,0,0,0,0,17-Apr-17
OPTSTK,CAIRN,27-Apr-17,190,CE,0,0,0,94.1,98.6,0,0,0,0,17-Apr-17
OPTSTK,CAIRN,27-Apr-17,195,CE,0,0,0,100.8,93.6,0,0,0,0,17-Apr-17
OPTSTK,CAIRN,27-Apr-17,200,CE,0,0,0,84.6,88.6,0,0,0,0,17-Apr-17
OPTSTK,CAIRN,27-Apr-17,205,CE,0,0,0,96.05,83.65,0,0,0,0,17-Apr-17
OPTSTK,CAIRN,27-Apr-17,210,CE,0,0,0,75.4,78.65,0,0,0,0,17-Apr-17
OPTSTK,CAIRN,27-Apr-17,215,CE,0,0,0,86.1,73.65,0,0,0,0,17-Apr-17
OPTSTK,CAIRN,27-Apr-17,220,CE,0,0,0,66.5,68.65,0,0,0,0,17-Apr-17
OPTSTK,CAIRN,27-Apr-17,225,CE,0,0,0,76.15,63.65,0,0,0,0,17-Apr-17
OPTSTK,CAIRN,27-Apr-17,230,CE,0,0,0,58,58.65,0,0,0,0,17-Apr-17
OPTSTK,CAIRN,27-Apr-17,235,CE,0,0,0,66.2,53.7,0,0,0,0,17-Apr-17
OPTSTK,CAIRN,27-Apr-17,240,CE,0,0,0,60,48.7,0,0,7000,0,17-Apr-17
OPTSTK,CAIRN,27-Apr-17,245,CE,0,0,0,56.3,43.7,0,0,0,0,17-Apr-17
OPTSTK,CAIRN,27-Apr-17,250,CE,0,0,0,50,38.75,0,0,42000,0,17-Apr-17
OPTSTK,CAIRN,27-Apr-17,255,CE,0,0,0,46.5,33.8,0,0,0,0,17-Apr-17
OPTSTK,CAIRN,27-Apr-17,260,CE,0,0,0,36.1,28.95,0,0,0,0,17-Apr-17
OPTSTK,CAIRN,27-Apr-17,265,CE,0,0,0,37.05,24.2,0,0,0,0,17-Apr-17
OPTSTK,CAIRN,27-Apr-17,270,CE,0,0,0,36.75,19.7,0,0,14000,0,17-Apr-17
OPTSTK,CAIRN,27-Apr-17,275,CE,0,0,0,28.15,15.55,0,0,0,0,17-Apr-17
OPTSTK,CAIRN,27-Apr-17,280,CE,11.5,11.5,11.5,11.5,11.5,1,10.2,24500,3500,17-Apr-17
OPTSTK,CAIRN,27-Apr-17,285,CE,7.8,7.8,7.8,7.8,7.8,1,10.24,3500,3500,17-Apr-17
OPTSTK,CAIRN,27-Apr-17,290,CE,6.1,8.5,5,5.2,5.2,44,456.01,147000,49000,17-Apr-17
OPTSTK,CAIRN,27-Apr-17,295,CE,4.5,4.9,2.95,4,4,16,167.38,38500,38500,17-Apr-17
OPTSTK,CAIRN,27-Apr-17,300,CE,3.1,3.7,1.8,2.05,2.05,175,1854.1,574000,38500,17-Apr-17
OPTSTK,CAIRN,27-Apr-17,305,CE,2,2.3,1.15,1.3,1.3,43,461.73,87500,17500,17-Apr-17
OPTSTK,CAIRN,27-Apr-17,310,CE,1.75,1.75,0.8,0.85,0.85,100,1089.39,581000,-94500,17-Apr-17
OPTSTK,CAIRN,27-Apr-17,315,CE,0.4,0.95,0.4,0.95,0.95,7,77.37,126000,7000,17-Apr-17
OPTSTK,CAIRN,27-Apr-17,320,CE,0.55,0.75,0.45,0.5,0.5,48,538.56,409500,-3500,17-Apr-17
OPTSTK,CAIRN,27-Apr-17,325,CE,0.7,0.7,0.3,0.35,0.35,4,45.55,31500,3500,17-Apr-17
OPTSTK,CAIRN,27-Apr-17,330,CE,0.4,0.4,0.2,0.2,0.2,17,196.5,273000,-14000,17-Apr-17
OPTSTK,CAIRN,27-Apr-17,335,CE,0,0,0,1.45,0.05,0,0,0,0,17-Apr-17
OPTSTK,CAIRN,27-Apr-17,340,CE,0.15,0.2,0.15,0.15,0.15,5,59.52,161000,-10500,17-Apr-17
OPTSTK,CAIRN,27-Apr-17,345,CE,0,0,0,0.9,0.05,0,0,3500,0,17-Apr-17
OPTSTK,CAIRN,27-Apr-17,350,CE,0.1,0.15,0.1,0.15,0.15,6,73.52,66500,-10500,17-Apr-17
OPTSTK,CAIRN,27-Apr-17,355,CE,0,0,0,0.3,0,0,0,0,0,17-Apr-17
OPTSTK,CAIRN,27-Apr-17,360,CE,0,0,0,0.3,0,0,0,17500,0,17-Apr-17
OPTSTK,CAIRN,27-Apr-17,170,PE,0,0,0,0.1,0,0,0,0,0,17-Apr-17
OPTSTK,CAIRN,27-Apr-17,180,PE,0,0,0,0.2,0,0,0,0,0,17-Apr-17
OPTSTK,CAIRN,27-Apr-17,190,PE,0,0,0,0.4,0,0,0,0,0,17-Apr-17
OPTSTK,CAIRN,27-Apr-17,195,PE,0,0,0,0.05,0,0,0,0,0,17-Apr-17
OPTSTK,CAIRN,27-Apr-17,200,PE,0,0,0,0.75,0,0,0,0,0,17-Apr-17
OPTSTK,CAIRN,27-Apr-17,205,PE,0,0,0,0.05,0,0,0,0,0,17-Apr-17
OPTSTK,CAIRN,27-Apr-17,210,PE,0,0,0,1.35,0,0,0,0,0,17-Apr-17
OPTSTK,CAIRN,27-Apr-17,215,PE,0,0,0,0.05,0,0,0,0,0,17-Apr-17
OPTSTK,CAIRN,27-Apr-17,220,PE,0,0,0,2.25,0,0,0,0,0,17-Apr-17
OPTSTK,CAIRN,27-Apr-17,225,PE,0,0,0,0.05,0,0,0,0,0,17-Apr-17
OPTSTK,CAIRN,27-Apr-17,230,PE,0,0,0,3.65,0,0,0,0,0,17-Apr-17
OPTSTK,CAIRN,27-Apr-17,235,PE,0,0,0,0.05,0,0,0,0,0,17-Apr-17
OPTSTK,CAIRN,27-Apr-17,240,PE,0,0,0,5.55,0,0,0,0,0,17-Apr-17
OPTSTK,CAIRN,27-Apr-17,245,PE,0,0,0,0.1,0.05,0,0,0,0,17-Apr-17
OPTSTK,CAIRN,27-Apr-17,250,PE,0,0,0,0.05,0.05,0,0,24500,0,17-Apr-17
OPTSTK,CAIRN,27-Apr-17,255,PE,0,0,0,0.25,0.1,0,0,0,0,17-Apr-17
OPTSTK,CAIRN,27-Apr-17,260,PE,0.5,0.5,0.35,0.5,0.5,6,54.68,38500,-7000,17-Apr-17
OPTSTK,CAIRN,27-Apr-17,265,PE,0.45,0.45,0.45,0.45,0.45,1,9.29,3500,3500,17-Apr-17
OPTSTK,CAIRN,27-Apr-17,270,PE,1,1.45,0.7,1,1,18,170.81,150500,14000,17-Apr-17
OPTSTK,CAIRN,27-Apr-17,275,PE,0,0,0,1.8,1.8,0,0,0,0,17-Apr-17
OPTSTK,CAIRN,27-Apr-17,280,PE,2,2.95,1.8,2.65,2.65,29,286.68,220500,-35000,17-Apr-17
OPTSTK,CAIRN,27-Apr-17,285,PE,4.2,4.2,3.6,3.85,3.85,4,40.45,10500,10500,17-Apr-17
OPTSTK,CAIRN,27-Apr-17,290,PE,5.35,7.1,4.1,6.8,6.8,67,693.53,161000,-38500,17-Apr-17
OPTSTK,CAIRN,27-Apr-17,295,PE,8,8.5,6.7,8.5,8.5,3,31.78,24500,0,17-Apr-17
OPTSTK,CAIRN,27-Apr-17,300,PE,12,14.4,9,12.95,12.95,41,447.53,416500,0,17-Apr-17
OPTSTK,CAIRN,27-Apr-17,305,PE,0,0,0,10.2,17.8,0,0,31500,0,17-Apr-17
OPTSTK,CAIRN,27-Apr-17,310,PE,21.8,22.5,16.55,21.5,21.5,9,104.11,266000,-7000,17-Apr-17
OPTSTK,CAIRN,27-Apr-17,315,PE,0,0,0,18.55,26.7,0,0,0,0,17-Apr-17
OPTSTK,CAIRN,27-Apr-17,320,PE,0,0,0,17,31.5,0,0,3500,0,17-Apr-17
OPTSTK,CAIRN,27-Apr-17,325,PE,0,0,0,26.2,36.35,0,0,0,0,17-Apr-17
OPTSTK,CAIRN,27-Apr-17,330,PE,0,0,0,52.25,41.25,0,0,0,0,17-Apr-17
OPTSTK,CAIRN,27-Apr-17,335,PE,0,0,0,34.8,46.2,0,0,0,0,17-Apr-17
OPTSTK,CAIRN,27-Apr-17,340,PE,0,0,0,60.25,51.2,0,0,0,0,17-Apr-17
OPTSTK,CAIRN,27-Apr-17,345,PE,0,0,0,44,56.15,0,0,0,0,17-Apr-17
OPTSTK,CAIRN,27-Apr-17,350,PE,0,0,0,68.65,61.15,0,0,0,0,17-Apr-17
OPTSTK,CAIRN,27-Apr-17,355,PE,0,0,0,53.55,66.15,0,0,0,0,17-Apr-17
OPTSTK,CAIRN,27-Apr-17,360,PE,0,0,0,77.35,71.15,0,0,0,0,17-Apr-17
OPTSTK,CAIRN,25-May-17,170,CE,0,0,0,118.95,119.4,0,0,0,0,17-Apr-17
OPTSTK,CAIRN,25-May-17,180,CE,0,0,0,109.15,109.5,0,0,0,0,17-Apr-17
OPTSTK,CAIRN,25-May-17,190,CE,0,0,0,99.4,99.55,0,0,0,0,17-Apr-17
OPTSTK,CAIRN,25-May-17,195,CE,0,0,0,101.75,94.6,0,0,0,0,17-Apr-17
OPTSTK,CAIRN,25-May-17,200,CE,0,0,0,89.7,89.6,0,0,0,0,17-Apr-17
OPTSTK,CAIRN,25-May-17,205,CE,0,0,0,97.1,84.65,0,0,0,0,17-Apr-17
OPTSTK,CAIRN,25-May-17,210,CE,0,0,0,80.2,79.7,0,0,0,0,17-Apr-17
OPTSTK,CAIRN,25-May-17,215,CE,0,0,0,87.25,74.75,0,0,0,0,17-Apr-17
OPTSTK,CAIRN,25-May-17,220,CE,0,0,0,70.95,69.8,0,0,0,0,17-Apr-17
OPTSTK,CAIRN,25-May-17,225,CE,0,0,0,77.4,64.9,0,0,0,0,17-Apr-17
OPTSTK,CAIRN,25-May-17,230,CE,0,0,0,62.05,60.05,0,0,0,0,17-Apr-17
OPTSTK,CAIRN,25-May-17,235,CE,0,0,0,67.6,55.2,0,0,0,0,17-Apr-17
OPTSTK,CAIRN,25-May-17,240,CE,0,0,0,53.6,50.45,0,0,0,0,17-Apr-17
OPTSTK,CAIRN,25-May-17,245,CE,0,0,0,58.05,45.8,0,0,0,0,17-Apr-17
OPTSTK,CAIRN,25-May-17,250,CE,0,0,0,45.7,41.25,0,0,0,0,17-Apr-17
OPTSTK,CAIRN,25-May-17,255,CE,0,0,0,48.75,36.9,0,0,0,0,17-Apr-17
OPTSTK,CAIRN,25-May-17,260,CE,0,0,0,38.45,32.7,0,0,0,0,17-Apr-17
OPTSTK,CAIRN,25-May-17,265,CE,0,0,0,40,28.75,0,0,0,0,17-Apr-17
OPTSTK,CAIRN,25-May-17,270,CE,0,0,0,31.95,25.05,0,0,0,0,17-Apr-17
OPTSTK,CAIRN,25-May-17,275,CE,0,0,0,31.95,21.6,0,0,0,0,17-Apr-17
OPTSTK,CAIRN,25-May-17,280,CE,0,0,0,26.15,18.45,0,0,0,0,17-Apr-17
OPTSTK,CAIRN,25-May-17,285,CE,0,0,0,24.8,15.6,0,0,0,0,17-Apr-17
OPTSTK,CAIRN,25-May-17,290,CE,0,0,0,21.15,13.05,0,0,0,0,17-Apr-17
OPTSTK,CAIRN,25-May-17,295,CE,0,0,0,18.65,10.8,0,0,0,0,17-Apr-17
OPTSTK,CAIRN,25-May-17,300,CE,2.45,2.45,2,2,2,2,21.15,7000,7000,17-Apr-17
OPTSTK,CAIRN,25-May-17,305,CE,0,0,0,13.6,7.2,0,0,0,0,17-Apr-17
OPTSTK,CAIRN,25-May-17,310,CE,0.8,0.8,0.8,0.8,0.8,1,10.87,31500,-3500,17-Apr-17
OPTSTK,CAIRN,25-May-17,315,CE,0,0,0,6,4.6,0,0,7000,0,17-Apr-17
OPTSTK,CAIRN,25-May-17,320,CE,0.6,0.6,0.5,0.5,0.5,4,44.87,35000,-3500,17-Apr-17
OPTSTK,CAIRN,25-May-17,325,CE,0,0,0,6.6,2.85,0,0,0,0,17-Apr-17
OPTSTK,CAIRN,25-May-17,330,CE,0,0,0,8.05,2.2,0,0,0,0,17-Apr-17
OPTSTK,CAIRN,25-May-17,335,CE,0,0,0,4.4,1.7,0,0,0,0,17-Apr-17
OPTSTK,CAIRN,25-May-17,340,CE,0.25,0.25,0.25,0.25,0.25,1,11.9,17500,0,17-Apr-17
OPTSTK,CAIRN,25-May-17,345,CE,0,0,0,2.85,0.95,0,0,0,0,17-Apr-17
OPTSTK,CAIRN,25-May-17,350,CE,0,0,0,4.65,0.75,0,0,0,0,17-Apr-17
OPTSTK,CAIRN,25-May-17,355,CE,0,0,0,1.8,0.55,0,0,0,0,17-Apr-17
OPTSTK,CAIRN,25-May-17,360,CE,0,0,0,3.45,0.4,0,0,0,0,17-Apr-17
OPTSTK,CAIRN,25-May-17,170,PE,0,0,0,0.05,0,0,0,0,0,17-Apr-17
OPTSTK,CAIRN,25-May-17,180,PE,0,0,0,0.05,0,0,0,0,0,17-Apr-17
OPTSTK,CAIRN,25-May-17,190,PE,0,0,0,0.15,0,0,0,0,0,17-Apr-17
OPTSTK,CAIRN,25-May-17,195,PE,0,0,0,0.05,0,0,0,0,0,17-Apr-17
OPTSTK,CAIRN,25-May-17,200,PE,0,0,0,0.35,0,0,0,0,0,17-Apr-17
OPTSTK,CAIRN,25-May-17,205,PE,0,0,0,0.05,0.05,0,0,0,0,17-Apr-17
OPTSTK,CAIRN,25-May-17,210,PE,0,0,0,0.65,0.05,0,0,0,0,17-Apr-17
OPTSTK,CAIRN,25-May-17,215,PE,0,0,0,0.05,0.05,0,0,0,0,17-Apr-17
OPTSTK,CAIRN,25-May-17,220,PE,0,0,0,1.25,0.1,0,0,0,0,17-Apr-17
OPTSTK,CAIRN,25-May-17,225,PE,0,0,0,0.1,0.15,0,0,0,0,17-Apr-17
OPTSTK,CAIRN,25-May-17,230,PE,0,0,0,2.2,0.25,0,0,0,0,17-Apr-17
OPTSTK,CAIRN,25-May-17,235,PE,0,0,0,0.2,0.35,0,0,0,0,17-Apr-17
OPTSTK,CAIRN,25-May-17,240,PE,0,0,0,3.55,0.6,0,0,0,0,17-Apr-17
OPTSTK,CAIRN,25-May-17,245,PE,0,0,0,0.55,0.9,0,0,0,0,17-Apr-17
OPTSTK,CAIRN,25-May-17,250,PE,0,0,0,5.5,1.3,0,0,0,0,17-Apr-17
OPTSTK,CAIRN,25-May-17,255,PE,0,0,0,1.15,1.9,0,0,0,0,17-Apr-17
OPTSTK,CAIRN,25-May-17,260,PE,0,0,0,8.15,2.7,0,0,0,0,17-Apr-17
OPTSTK,CAIRN,25-May-17,265,PE,0,0,0,2.3,3.7,0,0,0,0,17-Apr-17
OPTSTK,CAIRN,25-May-17,270,PE,0,0,0,11.45,4.95,0,0,0,0,17-Apr-17
OPTSTK,CAIRN,25-May-17,275,PE,0,0,0,4.15,6.45,0,0,0,0,17-Apr-17
OPTSTK,CAIRN,25-May-17,280,PE,0,0,0,1.85,8.3,0,0,3500,0,17-Apr-17
OPTSTK,CAIRN,25-May-17,285,PE,0,0,0,6.9,10.4,0,0,0,0,17-Apr-17
OPTSTK,CAIRN,25-May-17,290,PE,7.15,7.15,5.4,6.75,6.75,6,62.23,7000,7000,17-Apr-17
OPTSTK,CAIRN,25-May-17,295,PE,0,0,0,10.65,15.6,0,0,0,0,17-Apr-17
OPTSTK,CAIRN,25-May-17,300,PE,12.5,13,12.5,13,13,2,21.89,31500,0,17-Apr-17
OPTSTK,CAIRN,25-May-17,305,PE,0,0,0,15.5,21.9,0,0,0,0,17-Apr-17
OPTSTK,CAIRN,25-May-17,310,PE,0,0,0,32.2,25.45,0,0,0,0,17-Apr-17
OPTSTK,CAIRN,25-May-17,315,PE,0,0,0,21.4,29.25,0,0,0,0,17-Apr-17
OPTSTK,CAIRN,25-May-17,320,PE,0,0,0,39.1,33.25,0,0,0,0,17-Apr-17
OPTSTK,CAIRN,25-May-17,325,PE,0,0,0,28.3,37.4,0,0,0,0,17-Apr-17
OPTSTK,CAIRN,25-May-17,330,PE,0,0,0,46.6,41.75,0,0,0,0,17-Apr-17
OPTSTK,CAIRN,25-May-17,335,PE,0,0,0,35.95,46.2,0,0,0,0,17-Apr-17
OPTSTK,CAIRN,25-May-17,340,PE,0,0,0,54.55,50.75,0,0,0,0,17-Apr-17
OPTSTK,CAIRN,25-May-17,345,PE,0,0,0,44.3,55.4,0,0,0,0,17-Apr-17
OPTSTK,CAIRN,25-May-17,350,PE,0,0,0,62.9,60.1,0,0,0,0,17-Apr-17
OPTSTK,CAIRN,25-May-17,355,PE,0,0,0,53.15,64.9,0,0,0,0,17-Apr-17
OPTSTK,CAIRN,25-May-17,360,PE,0,0,0,71.55,69.75,0,0,0,0,17-Apr-17
OPTSTK,CAIRN,29-Jun-17,200,CE,0,0,0,103.35,90.95,0,0,0,0,17-Apr-17
OPTSTK,CAIRN,29-Jun-17,205,CE,0,0,0,98.45,86.05,0,0,0,0,17-Apr-17
OPTSTK,CAIRN,29-Jun-17,210,CE,0,0,0,93.6,81.2,0,0,0,0,17-Apr-17
OPTSTK,CAIRN,29-Jun-17,215,CE,0,0,0,88.7,76.4,0,0,0,0,17-Apr-17
OPTSTK,CAIRN,29-Jun-17,220,CE,0,0,0,83.9,71.65,0,0,0,0,17-Apr-17
OPTSTK,CAIRN,29-Jun-17,225,CE,0,0,0,79.1,66.95,0,0,0,0,17-Apr-17
OPTSTK,CAIRN,29-Jun-17,230,CE,0,0,0,74.35,62.35,0,0,0,0,17-Apr-17
OPTSTK,CAIRN,29-Jun-17,235,CE,0,0,0,69.65,57.8,0,0,0,0,17-Apr-17
OPTSTK,CAIRN,29-Jun-17,240,CE,0,0,0,65.05,53.4,0,0,0,0,17-Apr-17
OPTSTK,CAIRN,29-Jun-17,245,CE,0,0,0,60.5,49.1,0,0,0,0,17-Apr-17
OPTSTK,CAIRN,29-Jun-17,250,CE,0,0,0,56.1,45,0,0,0,0,17-Apr-17
OPTSTK,CAIRN,29-Jun-17,255,CE,0,0,0,51.8,41.05,0,0,0,0,17-Apr-17
OPTSTK,CAIRN,29-Jun-17,260,CE,0,0,0,47.65,37.25,0,0,0,0,17-Apr-17
OPTSTK,CAIRN,29-Jun-17,265,CE,0,0,0,43.6,33.65,0,0,0,0,17-Apr-17
OPTSTK,CAIRN,29-Jun-17,270,CE,0,0,0,39.8,30.25,0,0,0,0,17-Apr-17
OPTSTK,CAIRN,29-Jun-17,275,CE,0,0,0,36.15,27.1,0,0,0,0,17-Apr-17
OPTSTK,CAIRN,29-Jun-17,280,CE,0,0,0,32.65,24.15,0,0,0,0,17-Apr-17
OPTSTK,CAIRN,29-Jun-17,285,CE,0,0,0,29.4,21.4,0,0,0,0,17-Apr-17
OPTSTK,CAIRN,29-Jun-17,290,CE,0,0,0,26.35,18.9,0,0,0,0,17-Apr-17
OPTSTK,CAIRN,29-Jun-17,295,CE,0,0,0,23.5,16.6,0,0,0,0,17-Apr-17
OPTSTK,CAIRN,29-Jun-17,300,CE,0,0,0,20.9,14.5,0,0,0,0,17-Apr-17
OPTSTK,CAIRN,29-Jun-17,305,CE,0,0,0,18.45,12.65,0,0,0,0,17-Apr-17
OPTSTK,CAIRN,29-Jun-17,310,CE,0,0,0,4.85,10.95,0,0,7000,0,17-Apr-17
OPTSTK,CAIRN,29-Jun-17,315,CE,0,0,0,14.25,9.45,0,0,0,0,17-Apr-17
OPTSTK,CAIRN,29-Jun-17,320,CE,0,0,0,12.45,8.15,0,0,0,0,17-Apr-17
OPTSTK,CAIRN,29-Jun-17,325,CE,0,0,0,10.8,6.95,0,0,0,0,17-Apr-17
OPTSTK,CAIRN,29-Jun-17,330,CE,0,0,0,9.35,5.95,0,0,0,0,17-Apr-17
OPTSTK,CAIRN,29-Jun-17,335,CE,0,0,0,8.1,5.05,0,0,0,0,17-Apr-17
OPTSTK,CAIRN,29-Jun-17,340,CE,0,0,0,6.95,4.25,0,0,0,0,17-Apr-17
OPTSTK,CAIRN,29-Jun-17,345,CE,0,0,0,5.95,3.6,0,0,0,0,17-Apr-17
OPTSTK,CAIRN,29-Jun-17,350,CE,0,0,0,5.05,3,0,0,0,0,17-Apr-17
OPTSTK,CAIRN,29-Jun-17,355,CE,0,0,0,4.3,2.5,0,0,0,0,17-Apr-17
OPTSTK,CAIRN,29-Jun-17,360,CE,0,0,0,3.65,2.1,0,0,0,0,17-Apr-17
OPTSTK,CAIRN,29-Jun-17,200,PE,0,0,0,0.05,0.1,0,0,0,0,17-Apr-17
OPTSTK,CAIRN,29-Jun-17,205,PE,0,0,0,0.1,0.15,0,0,0,0,17-Apr-17
OPTSTK,CAIRN,29-Jun-17,210,PE,0,0,0,0.1,0.25,0,0,0,0,17-Apr-17
OPTSTK,CAIRN,29-Jun-17,215,PE,0,0,0,0.2,0.4,0,0,0,0,17-Apr-17
OPTSTK,CAIRN,29-Jun-17,220,PE,0,0,0,0.25,0.55,0,0,0,0,17-Apr-17
OPTSTK,CAIRN,29-Jun-17,225,PE,0,0,0,0.4,0.8,0,0,0,0,17-Apr-17
OPTSTK,CAIRN,29-Jun-17,230,PE,0,0,0,0.55,1.1,0,0,0,0,17-Apr-17
OPTSTK,CAIRN,29-Jun-17,235,PE,0,0,0,0.8,1.5,0,0,0,0,17-Apr-17
OPTSTK,CAIRN,29-Jun-17,240,PE,0,0,0,1.1,2.05,0,0,0,0,17-Apr-17
OPTSTK,CAIRN,29-Jun-17,245,PE,0,0,0,1.45,2.7,0,0,0,0,17-Apr-17
OPTSTK,CAIRN,29-Jun-17,250,PE,0,0,0,1.95,3.5,0,0,0,0,17-Apr-17
OPTSTK,CAIRN,29-Jun-17,255,PE,0,0,0,2.6,4.5,0,0,0,0,17-Apr-17
OPTSTK,CAIRN,29-Jun-17,260,PE,0,0,0,3.35,5.65,0,0,0,0,17-Apr-17
OPTSTK,CAIRN,29-Jun-17,265,PE,0,0,0,4.25,7,0,0,0,0,17-Apr-17
OPTSTK,CAIRN,29-Jun-17,270,PE,0,0,0,5.35,8.5,0,0,0,0,17-Apr-17
OPTSTK,CAIRN,29-Jun-17,275,PE,0,0,0,6.6,10.3,0,0,0,0,17-Apr-17
OPTSTK,CAIRN,29-Jun-17,280,PE,0,0,0,8.05,12.25,0,0,0,0,17-Apr-17
OPTSTK,CAIRN,29-Jun-17,285,PE,0,0,0,9.7,14.45,0,0,0,0,17-Apr-17
OPTSTK,CAIRN,29-Jun-17,290,PE,6.5,6.5,6.5,6.5,6.5,1,10.37,3500,3500,17-Apr-17
OPTSTK,CAIRN,29-Jun-17,295,PE,0,0,0,13.65,19.55,0,0,0,0,17-Apr-17
OPTSTK,CAIRN,29-Jun-17,300,PE,0,0,0,15.95,22.4,0,0,0,0,17-Apr-17
OPTSTK,CAIRN,29-Jun-17,305,PE,0,0,0,18.45,25.45,0,0,0,0,17-Apr-17
OPTSTK,CAIRN,29-Jun-17,310,PE,0,0,0,21.15,28.7,0,0,0,0,17-Apr-17
OPTSTK,CAIRN,29-Jun-17,315,PE,0,0,0,24.05,32.15,0,0,0,0,17-Apr-17
OPTSTK,CAIRN,29-Jun-17,320,PE,0,0,0,27.15,35.75,0,0,0,0,17-Apr-17
OPTSTK,CAIRN,29-Jun-17,325,PE,0,0,0,30.45,39.5,0,0,0,0,17-Apr-17
OPTSTK,CAIRN,29-Jun-17,330,PE,0,0,0,33.9,43.4,0,0,0,0,17-Apr-17
OPTSTK,CAIRN,29-Jun-17,335,PE,0,0,0,37.55,47.45,0,0,0,0,17-Apr-17
OPTSTK,CAIRN,29-Jun-17,340,PE,0,0,0,41.35,51.6,0,0,0,0,17-Apr-17
OPTSTK,CAIRN,29-Jun-17,345,PE,0,0,0,45.25,55.9,0,0,0,0,17-Apr-17
OPTSTK,CAIRN,29-Jun-17,350,PE,0,0,0,49.3,60.25,0,0,0,0,17-Apr-17
OPTSTK,CAIRN,29-Jun-17,355,PE,0,0,0,53.45,64.7,0,0,0,0,17-Apr-17
OPTSTK,CAIRN,29-Jun-17,360,PE,0,0,0,57.7,69.2,0,0,0,0,17-Apr-17
OPTSTK,CANBK,27-Apr-17,194.55,CE,0,0,0,85.45,116,0,0,0,0,17-Apr-17
OPTSTK,CANBK,27-Apr-17,204.25,CE,0,0,0,76.05,106.35,0,0,0,0,17-Apr-17
OPTSTK,CANBK,27-Apr-17,214,CE,0,0,0,66.9,96.6,0,0,0,0,17-Apr-17
OPTSTK,CANBK,27-Apr-17,215,CE,0,0,0,89.25,95.6,0,0,0,0,17-Apr-17
OPTSTK,CANBK,27-Apr-17,220,CE,0,0,0,75.05,90.6,0,0,0,0,17-Apr-17
OPTSTK,CANBK,27-Apr-17,223.7,CE,0,0,0,58.15,86.9,0,0,0,0,17-Apr-17
OPTSTK,CANBK,27-Apr-17,225,CE,0,0,0,79.3,85.6,0,0,0,0,17-Apr-17
OPTSTK,CANBK,27-Apr-17,230,CE,0,0,0,65.65,80.6,0,0,0,0,17-Apr-17
OPTSTK,CANBK,27-Apr-17,233.45,CE,0,0,0,49.9,77.2,0,0,0,0,17-Apr-17
OPTSTK,CANBK,27-Apr-17,235,CE,0,0,0,69.35,75.65,0,0,0,0,17-Apr-17
OPTSTK,CANBK,27-Apr-17,240,CE,0,0,0,56.6,70.65,0,0,0,0,17-Apr-17
OPTSTK,CANBK,27-Apr-17,243.15,CE,0,0,0,42.25,67.5,0,0,0,0,17-Apr-17
OPTSTK,CANBK,27-Apr-17,245,CE,0,0,0,59.4,65.65,0,0,0,0,17-Apr-17
OPTSTK,CANBK,27-Apr-17,250,CE,0,0,0,37.5,60.65,0,0,6168,0,17-Apr-17
OPTSTK,CANBK,27-Apr-17,252.9,CE,0,0,0,50.65,57.75,0,0,12336,0,17-Apr-17
OPTSTK,CANBK,27-Apr-17,255,CE,0,0,0,49.55,55.65,0,0,0,0,17-Apr-17
OPTSTK,CANBK,27-Apr-17,260,CE,0,0,0,36,50.65,0,0,12336,0,17-Apr-17
OPTSTK,CANBK,27-Apr-17,262.6,CE,0,0,0,29.05,48.1,0,0,0,0,17-Apr-17
OPTSTK,CANBK,27-Apr-17,265,CE,0,0,0,39.9,45.7,0,0,0,0,17-Apr-17
OPTSTK,CANBK,27-Apr-17,270,CE,0,0,0,25.55,40.7,0,0,3084,0,17-Apr-17
OPTSTK,CANBK,27-Apr-17,272.35,CE,0,0,0,23.65,38.35,0,0,0,0,17-Apr-17
OPTSTK,CANBK,27-Apr-17,275,CE,0,0,0,30.7,35.7,0,0,0,0,17-Apr-17
OPTSTK,CANBK,27-Apr-17,280,CE,0,0,0,33.55,30.75,0,0,43176,0,17-Apr-17
OPTSTK,CANBK,27-Apr-17,282.05,CE,0,0,0,18.95,28.75,0,0,0,0,17-Apr-17
OPTSTK,CANBK,27-Apr-17,285,CE,0,0,0,22.35,25.85,0,0,0,0,17-Apr-17
OPTSTK,CANBK,27-Apr-17,290,CE,21.5,21.5,21.5,21.5,21.5,1,9.6,24672,-3084,17-Apr-17
OPTSTK,CANBK,27-Apr-17,291.8,CE,0,0,0,22.1,19.45,0,0,30840,0,17-Apr-17
OPTSTK,CANBK,27-Apr-17,295,CE,0,0,0,20.9,16.65,0,0,3084,0,17-Apr-17
OPTSTK,CANBK,27-Apr-17,300,CE,15.55,15.55,10,13,13,38,365.41,215880,-6168,17-Apr-17
OPTSTK,CANBK,27-Apr-17,301.5,CE,0,0,0,13.25,11.4,0,0,15420,0,17-Apr-17
OPTSTK,CANBK,27-Apr-17,305,CE,8.5,9,8.3,8.8,8.8,5,48.37,46260,3084,17-Apr-17
OPTSTK,CANBK,27-Apr-17,310,CE,9.8,9.8,5.3,6.85,6.85,258,2518.22,570540,74016,17-Apr-17
OPTSTK,CANBK,27-Apr-17,311.25,CE,0,0,0,8.55,5.45,0,0,55512,0,17-Apr-17
OPTSTK,CANBK,27-Apr-17,315,CE,7.05,7.05,3.75,4.85,4.85,126,1242.52,323820,101772,17-Apr-17
OPTSTK,CANBK,27-Apr-17,320,CE,4.85,5.05,2.5,3.25,3.25,365,3640.12,811092,-3084,17-Apr-17
OPTSTK,CANBK,27-Apr-17,321,CE,4.35,4.35,2.85,2.95,2.95,5,50.04,33924,-6168,17-Apr-17
OPTSTK,CANBK,27-Apr-17,325,CE,3.7,3.7,1.65,2.15,2.15,71,716.31,160368,-40092,17-Apr-17
OPTSTK,CANBK,27-Apr-17,330,CE,2.15,2.15,1.15,1.4,1.4,132,1349.06,561288,135696,17-Apr-17
OPTSTK,CANBK,27-Apr-17,330.7,CE,0,0,0,2.35,0.6,0,0,15420,0,17-Apr-17
OPTSTK,CANBK,27-Apr-17,335,CE,0.8,1.05,0.8,0.85,0.85,9,93.23,89436,3084,17-Apr-17
OPTSTK,CANBK,27-Apr-17,340,CE,0.75,0.75,0.5,0.6,0.6,37,388.7,237468,3084,17-Apr-17
OPTSTK,CANBK,27-Apr-17,340.45,CE,0,0,0,1.4,0.15,0,0,15420,0,17-Apr-17
OPTSTK,CANBK,27-Apr-17,345,CE,0.4,0.45,0.4,0.45,0.45,5,53.26,24672,9252,17-Apr-17
OPTSTK,CANBK,27-Apr-17,350,CE,0.4,0.4,0.3,0.3,0.3,9,97.23,129528,-15420,17-Apr-17
OPTSTK,CANBK,27-Apr-17,350.15,CE,0,0,0,0.6,0.05,0,0,46260,0,17-Apr-17
OPTSTK,CANBK,27-Apr-17,355,CE,0.25,0.25,0.25,0.25,0.25,3,32.86,30840,-9252,17-Apr-17
OPTSTK,CANBK,27-Apr-17,359.9,CE,0,0,0,0.55,0,0,0,3084,0,17-Apr-17
OPTSTK,CANBK,27-Apr-17,360,CE,0.2,0.25,0.2,0.25,0.25,9,99.98,58596,0,17-Apr-17
OPTSTK,CANBK,27-Apr-17,365,CE,0,0,0,0.15,0,0,0,0,0,17-Apr-17
OPTSTK,CANBK,27-Apr-17,369.6,CE,0,0,0,0.5,0,0,0,9252,0,17-Apr-17
OPTSTK,CANBK,27-Apr-17,194.55,PE,0,0,0,0.4,0,0,0,0,0,17-Apr-17
OPTSTK,CANBK,27-Apr-17,204.25,PE,0,0,0,0.85,0,0,0,0,0,17-Apr-17
OPTSTK,CANBK,27-Apr-17,214,PE,0,0,0,1.5,0,0,0,0,0,17-Apr-17
OPTSTK,CANBK,27-Apr-17,215,PE,0,0,0,0.05,0,0,0,0,0,17-Apr-17
OPTSTK,CANBK,27-Apr-17,220,PE,0,0,0,0.5,0,0,0,0,0,17-Apr-17
OPTSTK,CANBK,27-Apr-17,223.7,PE,0,0,0,2.6,0,0,0,0,0,17-Apr-17
OPTSTK,CANBK,27-Apr-17,225,PE,0,0,0,0.05,0,0,0,0,0,17-Apr-17
OPTSTK,CANBK,27-Apr-17,230,PE,0,0,0,1,0,0,0,0,0,17-Apr-17
OPTSTK,CANBK,27-Apr-17,233.45,PE,0,0,0,4.2,0,0,0,0,0,17-Apr-17
OPTSTK,CANBK,27-Apr-17,235,PE,0,0,0,0.05,0,0,0,0,0,17-Apr-17
OPTSTK,CANBK,27-Apr-17,240,PE,0,0,0,1.85,0,0,0,0,0,17-Apr-17
OPTSTK,CANBK,27-Apr-17,243.15,PE,0,0,0,6.4,0,0,0,0,0,17-Apr-17
OPTSTK,CANBK,27-Apr-17,245,PE,0,0,0,0.05,0,0,0,0,0,17-Apr-17
OPTSTK,CANBK,27-Apr-17,250,PE,0,0,0,0.5,0,0,0,12336,0,17-Apr-17
OPTSTK,CANBK,27-Apr-17,252.9,PE,0,0,0,9.25,0,0,0,0,0,17-Apr-17
OPTSTK,CANBK,27-Apr-17,255,PE,0,0,0,0.15,0,0,0,0,0,17-Apr-17
OPTSTK,CANBK,27-Apr-17,260,PE,0,0,0,0.45,0,0,0,49344,0,17-Apr-17
OPTSTK,CANBK,27-Apr-17,262.6,PE,0,0,0,0.8,0,0,0,9252,0,17-Apr-17
OPTSTK,CANBK,27-Apr-17,265,PE,0,0,0,0.75,0,0,0,3084,0,17-Apr-17
OPTSTK,CANBK,27-Apr-17,270,PE,0.25,0.25,0.25,0.25,0.25,2,16.66,169620,0,17-Apr-17
OPTSTK,CANBK,27-Apr-17,272.35,PE,0,0,0,0.4,0.05,0,0,33924,0,17-Apr-17
OPTSTK,CANBK,27-Apr-17,275,PE,0,0,0,0.25,0.05,0,0,24672,0,17-Apr-17
OPTSTK,CANBK,27-Apr-17,280,PE,0.5,0.6,0.45,0.45,0.45,18,155.72,342324,3084,17-Apr-17
OPTSTK,CANBK,27-Apr-17,282.05,PE,0,0,0,0.6,0.1,0,0,33924,0,17-Apr-17
OPTSTK,CANBK,27-Apr-17,285,PE,0,0,0,1,0.2,0,0,30840,0,17-Apr-17
OPTSTK,CANBK,27-Apr-17,290,PE,1,1.4,1,1.1,1.1,27,242.47,215880,9252,17-Apr-17
OPTSTK,CANBK,27-Apr-17,291.8,PE,1.35,1.6,1.35,1.6,1.6,8,72.36,61680,-18504,17-Apr-17
OPTSTK,CANBK,27-Apr-17,295,PE,2.05,2.25,1.9,2.05,2.05,18,164.92,46260,18504,17-Apr-17
OPTSTK,CANBK,27-Apr-17,300,PE,2.3,3.95,2.25,3,3,162,1514.35,416340,12336,17-Apr-17
OPTSTK,CANBK,27-Apr-17,301.5,PE,3.7,3.7,3.7,3.7,3.7,1,9.41,30840,3084,17-Apr-17
OPTSTK,CANBK,27-Apr-17,305,PE,4.9,5.5,4.45,4.5,4.5,27,257.95,138780,33924,17-Apr-17
OPTSTK,CANBK,27-Apr-17,310,PE,5.25,8.7,5.25,7,7,132,1290.84,333072,30840,17-Apr-17
OPTSTK,CANBK,27-Apr-17,311.25,PE,6.55,7.5,6.55,7.15,7.15,5,49.05,37008,-3084,17-Apr-17
OPTSTK,CANBK,27-Apr-17,315,PE,9.65,12,9.6,10,10,11,110.29,40092,-12336,17-Apr-17
OPTSTK,CANBK,27-Apr-17,320,PE,12,13.8,12,13.8,13.8,4,41.07,135696,0,17-Apr-17
OPTSTK,CANBK,27-Apr-17,321,PE,0,0,0,28.25,12.3,0,0,3084,0,17-Apr-17
OPTSTK,CANBK,27-Apr-17,325,PE,0,0,0,14.5,15.5,0,0,0,0,17-Apr-17
OPTSTK,CANBK,27-Apr-17,330,PE,0,0,0,16,19.9,0,0,12336,0,17-Apr-17
OPTSTK,CANBK,27-Apr-17,330.7,PE,0,0,0,36.2,20.55,0,0,6168,0,17-Apr-17
OPTSTK,CANBK,27-Apr-17,335,PE,0,0,0,31.8,24.55,0,0,0,0,17-Apr-17
OPTSTK,CANBK,27-Apr-17,340,PE,0,0,0,30.5,29.35,0,0,15420,0,17-Apr-17
OPTSTK,CANBK,27-Apr-17,340.45,PE,0,0,0,66.45,29.8,0,0,0,0,17-Apr-17
OPTSTK,CANBK,27-Apr-17,345,PE,0,0,0,40.9,34.3,0,0,0,0,17-Apr-17
OPTSTK,CANBK,27-Apr-17,350,PE,0,0,0,45.7,39.25,0,0,3084,0,17-Apr-17
OPTSTK,CANBK,27-Apr-17,350.15,PE,0,0,0,75.3,39.4,0,0,0,0,17-Apr-17
OPTSTK,CANBK,27-Apr-17,355,PE,0,0,0,50.45,44.2,0,0,0,0,17-Apr-17
OPTSTK,CANBK,27-Apr-17,359.9,PE,0,0,0,84.35,49.1,0,0,0,0,17-Apr-17
OPTSTK,CANBK,27-Apr-17,360,PE,0,0,0,66.35,49.2,0,0,0,0,17-Apr-17
OPTSTK,CANBK,27-Apr-17,365,PE,0,0,0,60.2,54.2,0,0,0,0,17-Apr-17
OPTSTK,CANBK,27-Apr-17,369.6,PE,0,0,0,93.6,58.8,0,0,0,0,17-Apr-17
OPTSTK,CANBK,25-May-17,200,CE,0,0,0,94.75,111.55,0,0,0,0,17-Apr-17
OPTSTK,CANBK,25-May-17,210,CE,0,0,0,85.05,101.65,0,0,0,0,17-Apr-17
OPTSTK,CANBK,25-May-17,215,CE,0,0,0,90.35,96.65,0,0,0,0,17-Apr-17
OPTSTK,CANBK,25-May-17,220,CE,0,0,0,75.5,91.7,0,0,0,0,17-Apr-17
OPTSTK,CANBK,25-May-17,225,CE,0,0,0,80.5,86.75,0,0,0,0,17-Apr-17
OPTSTK,CANBK,25-May-17,230,CE,0,0,0,66.2,81.75,0,0,0,0,17-Apr-17
OPTSTK,CANBK,25-May-17,235,CE,0,0,0,70.7,76.8,0,0,0,0,17-Apr-17
OPTSTK,CANBK,25-May-17,240,CE,0,0,0,57.25,71.85,0,0,0,0,17-Apr-17
OPTSTK,CANBK,25-May-17,245,CE,0,0,0,61,66.9,0,0,0,0,17-Apr-17
OPTSTK,CANBK,25-May-17,250,CE,0,0,0,48.8,61.95,0,0,0,0,17-Apr-17
OPTSTK,CANBK,25-May-17,255,CE,0,0,0,51.55,57.05,0,0,0,0,17-Apr-17
OPTSTK,CANBK,25-May-17,260,CE,0,0,0,40.95,52.15,0,0,0,0,17-Apr-17
OPTSTK,CANBK,25-May-17,265,CE,0,0,0,42.5,47.35,0,0,0,0,17-Apr-17
OPTSTK,CANBK,25-May-17,270,CE,0,0,0,33.8,42.6,0,0,0,0,17-Apr-17
OPTSTK,CANBK,25-May-17,275,CE,0,0,0,38.85,38,0,0,12336,0,17-Apr-17
OPTSTK,CANBK,25-May-17,280,CE,0,0,0,37.9,33.55,0,0,3084,0,17-Apr-17
OPTSTK,CANBK,25-May-17,285,CE,0,0,0,28.15,29.25,0,0,3084,0,17-Apr-17
OPTSTK,CANBK,25-May-17,290,CE,0,0,0,21.9,25.25,0,0,0,0,17-Apr-17
OPTSTK,CANBK,25-May-17,295,CE,0,0,0,20,21.5,0,0,0,0,17-Apr-17
OPTSTK,CANBK,25-May-17,300,CE,0,0,0,19.75,18.05,0,0,30840,0,17-Apr-17
OPTSTK,CANBK,25-May-17,305,CE,0,0,0,10.5,14.95,0,0,3084,0,17-Apr-17
OPTSTK,CANBK,25-May-17,310,CE,0,0,0,13.3,12.25,0,0,0,0,17-Apr-17
OPTSTK,CANBK,25-May-17,315,CE,0,0,0,10.25,9.85,0,0,0,0,17-Apr-17
OPTSTK,CANBK,25-May-17,320,CE,7.9,7.9,7.6,7.6,7.6,2,20.21,6168,6168,17-Apr-17
OPTSTK,CANBK,25-May-17,325,CE,6.6,6.6,6.6,6.6,6.6,1,10.22,9252,3084,17-Apr-17
OPTSTK,CANBK,25-May-17,330,CE,0,0,0,6.95,4.7,0,0,3084,0,17-Apr-17
OPTSTK,CANBK,25-May-17,335,CE,0,0,0,4.6,3.6,0,0,0,0,17-Apr-17
OPTSTK,CANBK,25-May-17,340,CE,0,0,0,4.5,2.7,0,0,3084,0,17-Apr-17
OPTSTK,CANBK,25-May-17,345,CE,0,0,0,2.95,2,0,0,0,0,17-Apr-17
OPTSTK,CANBK,25-May-17,350,CE,0,0,0,2.9,1.45,0,0,3084,0,17-Apr-17
OPTSTK,CANBK,25-May-17,355,CE,0,0,0,1.8,1.05,0,0,0,0,17-Apr-17
OPTSTK,CANBK,25-May-17,360,CE,0,0,0,2.95,0.75,0,0,0,0,17-Apr-17
OPTSTK,CANBK,25-May-17,365,CE,0,0,0,1.1,0.5,0,0,0,0,17-Apr-17
OPTSTK,CANBK,25-May-17,200,PE,0,0,0,0.1,0,0,0,0,0,17-Apr-17
OPTSTK,CANBK,25-May-17,210,PE,0,0,0,0.25,0,0,0,0,0,17-Apr-17
OPTSTK,CANBK,25-May-17,215,PE,0,0,0,0.05,0,0,0,0,0,17-Apr-17
OPTSTK,CANBK,25-May-17,220,PE,0,0,0,0.55,0,0,0,0,0,17-Apr-17
OPTSTK,CANBK,25-May-17,225,PE,0,0,0,0.05,0,0,0,0,0,17-Apr-17
OPTSTK,CANBK,25-May-17,230,PE,0,0,0,1.1,0,0,0,0,0,17-Apr-17
OPTSTK,CANBK,25-May-17,235,PE,0,0,0,0.15,0,0,0,0,0,17-Apr-17
OPTSTK,CANBK,25-May-17,240,PE,0,0,0,2,0.05,0,0,0,0,17-Apr-17
OPTSTK,CANBK,25-May-17,245,PE,0,0,0,0.35,0.05,0,0,0,0,17-Apr-17
OPTSTK,CANBK,25-May-17,250,PE,0,0,0,3.4,0.05,0,0,0,0,17-Apr-17
OPTSTK,CANBK,25-May-17,255,PE,0,0,0,0.8,0.1,0,0,0,0,17-Apr-17
OPTSTK,CANBK,25-May-17,260,PE,0,0,0,5.35,0.2,0,0,0,0,17-Apr-17
OPTSTK,CANBK,25-May-17,265,PE,0,0,0,1.65,0.35,0,0,0,0,17-Apr-17
OPTSTK,CANBK,25-May-17,270,PE,0,0,0,4,0.6,0,0,6168,0,17-Apr-17
OPTSTK,CANBK,25-May-17,275,PE,0,0,0,3.15,0.95,0,0,0,0,17-Apr-17
OPTSTK,CANBK,25-May-17,280,PE,0,0,0,6.25,1.45,0,0,3084,0,17-Apr-17
OPTSTK,CANBK,25-May-17,285,PE,0,0,0,5.5,2.15,0,0,0,0,17-Apr-17
OPTSTK,CANBK,25-May-17,290,PE,0,0,0,9.5,3.1,0,0,21588,0,17-Apr-17
OPTSTK,CANBK,25-May-17,295,PE,0,0,0,8.85,4.3,0,0,0,0,17-Apr-17
OPTSTK,CANBK,25-May-17,300,PE,0,0,0,11.4,5.85,0,0,27756,0,17-Apr-17
OPTSTK,CANBK,25-May-17,305,PE,0,0,0,12.9,7.7,0,0,6168,0,17-Apr-17
OPTSTK,CANBK,25-May-17,310,PE,0,0,0,12.05,9.95,0,0,15420,0,17-Apr-17
OPTSTK,CANBK,25-May-17,315,PE,16.9,16.9,16.9,16.9,16.9,1,10.23,3084,3084,17-Apr-17
OPTSTK,CANBK,25-May-17,320,PE,19.2,19.4,19.2,19.4,19.4,7,73.24,43176,21588,17-Apr-17
OPTSTK,CANBK,25-May-17,325,PE,0,0,0,22.35,18.7,0,0,15420,0,17-Apr-17
OPTSTK,CANBK,25-May-17,330,PE,0,0,0,40.95,22.3,0,0,0,0,17-Apr-17
OPTSTK,CANBK,25-May-17,335,PE,0,0,0,33.05,26.1,0,0,0,0,17-Apr-17
OPTSTK,CANBK,25-May-17,340,PE,0,0,0,48.8,30.2,0,0,0,0,17-Apr-17
OPTSTK,CANBK,25-May-17,345,PE,0,0,0,41.25,34.45,0,0,0,0,17-Apr-17
OPTSTK,CANBK,25-May-17,350,PE,0,0,0,57.1,38.9,0,0,0,0,17-Apr-17
OPTSTK,CANBK,25-May-17,355,PE,0,0,0,50.05,43.45,0,0,0,0,17-Apr-17
OPTSTK,CANBK,25-May-17,360,PE,0,0,0,65.8,48.1,0,0,0,0,17-Apr-17
OPTSTK,CANBK,25-May-17,365,PE,0,0,0,59.2,52.85,0,0,0,0,17-Apr-17
OPTSTK,CANBK,29-Jun-17,205,CE,0,0,0,101.6,107.85,0,0,0,0,17-Apr-17
OPTSTK,CANBK,29-Jun-17,210,CE,0,0,0,96.7,102.95,0,0,0,0,17-Apr-17
OPTSTK,CANBK,29-Jun-17,215,CE,0,0,0,91.8,98,0,0,0,0,17-Apr-17
OPTSTK,CANBK,29-Jun-17,220,CE,0,0,0,86.95,93.1,0,0,0,0,17-Apr-17
OPTSTK,CANBK,29-Jun-17,225,CE,0,0,0,82.1,88.15,0,0,0,0,17-Apr-17
OPTSTK,CANBK,29-Jun-17,230,CE,0,0,0,77.3,83.25,0,0,0,0,17-Apr-17
OPTSTK,CANBK,29-Jun-17,235,CE,0,0,0,72.55,78.35,0,0,0,0,17-Apr-17
OPTSTK,CANBK,29-Jun-17,240,CE,0,0,0,67.85,73.5,0,0,0,0,17-Apr-17
OPTSTK,CANBK,29-Jun-17,245,CE,0,0,0,63.2,68.65,0,0,0,0,17-Apr-17
OPTSTK,CANBK,29-Jun-17,250,CE,0,0,0,58.7,63.9,0,0,0,0,17-Apr-17
OPTSTK,CANBK,29-Jun-17,255,CE,0,0,0,54.25,59.15,0,0,0,0,17-Apr-17
OPTSTK,CANBK,29-Jun-17,260,CE,0,0,0,49.95,54.55,0,0,0,0,17-Apr-17
OPTSTK,CANBK,29-Jun-17,265,CE,0,0,0,45.8,50,0,0,0,0,17-Apr-17
OPTSTK,CANBK,29-Jun-17,270,CE,0,0,0,41.8,45.6,0,0,0,0,17-Apr-17
OPTSTK,CANBK,29-Jun-17,275,CE,0,0,0,38,41.35,0,0,0,0,17-Apr-17
OPTSTK,CANBK,29-Jun-17,280,CE,0,0,0,34.35,37.3,0,0,0,0,17-Apr-17
OPTSTK,CANBK,29-Jun-17,285,CE,0,0,0,30.9,33.4,0,0,0,0,17-Apr-17
OPTSTK,CANBK,29-Jun-17,290,CE,0,0,0,27.7,29.75,0,0,0,0,17-Apr-17
OPTSTK,CANBK,29-Jun-17,295,CE,0,0,0,24.7,26.3,0,0,0,0,17-Apr-17
OPTSTK,CANBK,29-Jun-17,300,CE,0,0,0,21.9,23.1,0,0,0,0,17-Apr-17
OPTSTK,CANBK,29-Jun-17,305,CE,0,0,0,19.3,20.15,0,0,0,0,17-Apr-17
OPTSTK,CANBK,29-Jun-17,310,CE,0,0,0,17,17.45,0,0,0,0,17-Apr-17
OPTSTK,CANBK,29-Jun-17,315,CE,0,0,0,14.85,15,0,0,0,0,17-Apr-17
OPTSTK,CANBK,29-Jun-17,320,CE,0,0,0,12.9,12.85,0,0,0,0,17-Apr-17
OPTSTK,CANBK,29-Jun-17,325,CE,0,0,0,11.2,10.9,0,0,0,0,17-Apr-17
OPTSTK,CANBK,29-Jun-17,330,CE,0,0,0,9.65,9.2,0,0,0,0,17-Apr-17
OPTSTK,CANBK,29-Jun-17,335,CE,0,0,0,8.3,7.7,0,0,0,0,17-Apr-17
OPTSTK,CANBK,29-Jun-17,340,CE,0,0,0,7.1,6.4,0,0,0,0,17-Apr-17
OPTSTK,CANBK,29-Jun-17,345,CE,0,0,0,6.05,5.3,0,0,0,0,17-Apr-17
OPTSTK,CANBK,29-Jun-17,350,CE,0,0,0,5.1,4.35,0,0,0,0,17-Apr-17
OPTSTK,CANBK,29-Jun-17,355,CE,0,0,0,4.3,3.55,0,0,0,0,17-Apr-17
OPTSTK,CANBK,29-Jun-17,360,CE,0,0,0,3.6,2.85,0,0,0,0,17-Apr-17
OPTSTK,CANBK,29-Jun-17,365,CE,0,0,0,3.05,2.3,0,0,0,0,17-Apr-17
OPTSTK,CANBK,29-Jun-17,205,PE,0,0,0,0.05,0,0,0,0,0,17-Apr-17
OPTSTK,CANBK,29-Jun-17,210,PE,0,0,0,0.05,0,0,0,0,0,17-Apr-17
OPTSTK,CANBK,29-Jun-17,215,PE,0,0,0,0.1,0.05,0,0,0,0,17-Apr-17
OPTSTK,CANBK,29-Jun-17,220,PE,0,0,0,0.15,0.05,0,0,0,0,17-Apr-17
OPTSTK,CANBK,29-Jun-17,225,PE,0,0,0,0.25,0.05,0,0,0,0,17-Apr-17
OPTSTK,CANBK,29-Jun-17,230,PE,0,0,0,0.35,0.1,0,0,0,0,17-Apr-17
OPTSTK,CANBK,29-Jun-17,235,PE,0,0,0,0.5,0.15,0,0,0,0,17-Apr-17
OPTSTK,CANBK,29-Jun-17,240,PE,0,0,0,0.75,0.2,0,0,0,0,17-Apr-17
OPTSTK,CANBK,29-Jun-17,245,PE,0,0,0,1.05,0.3,0,0,0,0,17-Apr-17
OPTSTK,CANBK,29-Jun-17,250,PE,0,0,0,1.4,0.45,0,0,0,0,17-Apr-17
OPTSTK,CANBK,29-Jun-17,255,PE,0,0,0,1.9,0.7,0,0,0,0,17-Apr-17
OPTSTK,CANBK,29-Jun-17,260,PE,0,0,0,2.55,1,0,0,0,0,17-Apr-17
OPTSTK,CANBK,29-Jun-17,265,PE,0,0,0,3.3,1.4,0,0,0,0,17-Apr-17
OPTSTK,CANBK,29-Jun-17,270,PE,0,0,0,4.2,1.95,0,0,0,0,17-Apr-17
OPTSTK,CANBK,29-Jun-17,275,PE,0,0,0,5.3,2.6,0,0,0,0,17-Apr-17
OPTSTK,CANBK,29-Jun-17,280,PE,0,0,0,6.6,3.45,0,0,0,0,17-Apr-17
OPTSTK,CANBK,29-Jun-17,285,PE,0,0,0,8.05,4.5,0,0,0,0,17-Apr-17
OPTSTK,CANBK,29-Jun-17,290,PE,0,0,0,9.75,5.8,0,0,0,0,17-Apr-17
OPTSTK,CANBK,29-Jun-17,295,PE,0,0,0,11.65,7.25,0,0,0,0,17-Apr-17
OPTSTK,CANBK,29-Jun-17,300,PE,0,0,0,13.8,9,0,0,0,0,17-Apr-17
OPTSTK,CANBK,29-Jun-17,305,PE,0,0,0,16.15,11,0,0,0,0,17-Apr-17
OPTSTK,CANBK,29-Jun-17,310,PE,0,0,0,18.7,13.25,0,0,0,0,17-Apr-17
OPTSTK,CANBK,29-Jun-17,315,PE,0,0,0,21.5,15.75,0,0,0,0,17-Apr-17
OPTSTK,CANBK,29-Jun-17,320,PE,0,0,0,24.5,18.5,0,0,0,0,17-Apr-17
OPTSTK,CANBK,29-Jun-17,325,PE,0,0,0,27.7,21.5,0,0,0,0,17-Apr-17
OPTSTK,CANBK,29-Jun-17,330,PE,0,0,0,31.05,24.7,0,0,0,0,17-Apr-17
OPTSTK,CANBK,29-Jun-17,335,PE,0,0,0,34.6,28.15,0,0,0,0,17-Apr-17
OPTSTK,CANBK,29-Jun-17,340,PE,0,0,0,38.35,31.8,0,0,0,0,17-Apr-17
OPTSTK,CANBK,29-Jun-17,345,PE,0,0,0,42.2,35.65,0,0,0,0,17-Apr-17
OPTSTK,CANBK,29-Jun-17,350,PE,0,0,0,46.2,39.6,0,0,0,0,17-Apr-17
OPTSTK,CANBK,29-Jun-17,355,PE,0,0,0,50.3,43.75,0,0,0,0,17-Apr-17
OPTSTK,CANBK,29-Jun-17,360,PE,0,0,0,54.55,48,0,0,0,0,17-Apr-17
OPTSTK,CANBK,29-Jun-17,365,PE,0,0,0,58.85,52.4,0,0,0,0,17-Apr-17
OPTSTK,CAPF,27-Apr-17,580,CE,0,0,0,163.85,200,0,0,0,0,17-Apr-17
OPTSTK,CAPF,27-Apr-17,600,CE,0,0,0,144.1,180,0,0,0,0,17-Apr-17
OPTSTK,CAPF,27-Apr-17,620,CE,0,0,0,124.65,160.05,0,0,0,0,17-Apr-17
OPTSTK,CAPF,27-Apr-17,640,CE,0,0,0,105.7,140.1,0,0,0,0,17-Apr-17
OPTSTK,CAPF,27-Apr-17,660,CE,0,0,0,87.55,120.15,0,0,0,0,17-Apr-17
OPTSTK,CAPF,27-Apr-17,680,CE,0,0,0,70.6,100.3,0,0,0,0,17-Apr-17
OPTSTK,CAPF,27-Apr-17,700,CE,0,0,0,55.3,80.8,0,0,0,0,17-Apr-17
OPTSTK,CAPF,27-Apr-17,720,CE,0,0,0,41.9,62.05,0,0,0,0,17-Apr-17
OPTSTK,CAPF,27-Apr-17,740,CE,0,0,0,69,44.85,0,0,800,0,17-Apr-17
OPTSTK,CAPF,27-Apr-17,760,CE,0,0,0,43,30.15,0,0,4000,0,17-Apr-17
OPTSTK,CAPF,27-Apr-17,780,CE,20.45,23.5,20.45,23.5,23.5,5,32.08,23200,0,17-Apr-17
OPTSTK,CAPF,27-Apr-17,800,CE,15.2,16.15,12.25,13.25,13.25,19,123.73,35200,-2400,17-Apr-17
OPTSTK,CAPF,27-Apr-17,820,CE,6.2,10.3,6.2,8.8,8.8,29,192.38,47200,2400,17-Apr-17
OPTSTK,CAPF,27-Apr-17,840,CE,5.4,6.7,3,5.6,5.6,10,67.59,15200,-1600,17-Apr-17
OPTSTK,CAPF,27-Apr-17,860,CE,2.05,2.1,2.05,2.1,2.1,2,13.79,9600,800,17-Apr-17
OPTSTK,CAPF,27-Apr-17,880,CE,0,0,0,5.5,0.4,0,0,4800,0,17-Apr-17
OPTSTK,CAPF,27-Apr-17,900,CE,0,0,0,2,0.15,0,0,800,0,17-Apr-17
OPTSTK,CAPF,27-Apr-17,920,CE,0,0,0,0.4,0.05,0,0,0,0,17-Apr-17
OPTSTK,CAPF,27-Apr-17,940,CE,0,0,0,0.25,0.05,0,0,0,0,17-Apr-17
OPTSTK,CAPF,27-Apr-17,960,CE,0,0,0,0.1,0,0,0,0,0,17-Apr-17
OPTSTK,CAPF,27-Apr-17,580,PE,0,0,0,0.1,0,0,0,0,0,17-Apr-17
OPTSTK,CAPF,27-Apr-17,600,PE,0,0,0,0.3,0,0,0,0,0,17-Apr-17
OPTSTK,CAPF,27-Apr-17,620,PE,0,0,0,0.75,0,0,0,0,0,17-Apr-17
OPTSTK,CAPF,27-Apr-17,640,PE,0,0,0,1.65,0,0,0,0,0,17-Apr-17
OPTSTK,CAPF,27-Apr-17,660,PE,0,0,0,3.4,0.05,0,0,0,0,17-Apr-17
OPTSTK,CAPF,27-Apr-17,680,PE,0,0,0,6.35,0.15,0,0,0,0,17-Apr-17
OPTSTK,CAPF,27-Apr-17,700,PE,0,0,0,10.95,0.6,0,0,0,0,17-Apr-17
OPTSTK,CAPF,27-Apr-17,720,PE,0,0,0,4,1.85,0,0,6400,0,17-Apr-17
OPTSTK,CAPF,27-Apr-17,740,PE,0,0,0,5.85,4.65,0,0,17600,0,17-Apr-17
OPTSTK,CAPF,27-Apr-17,760,PE,12.5,12.5,12.5,12.5,12.5,1,6.18,53600,0,17-Apr-17
OPTSTK,CAPF,27-Apr-17,780,PE,22,22,22,22,22,1,6.41,12000,0,17-Apr-17
OPTSTK,CAPF,27-Apr-17,800,PE,0,0,0,28.45,30.2,0,0,800,0,17-Apr-17
OPTSTK,CAPF,27-Apr-17,820,PE,0,0,0,81.3,45,0,0,0,0,17-Apr-17
OPTSTK,CAPF,27-Apr-17,840,PE,0,0,0,98.85,62.1,0,0,0,0,17-Apr-17
OPTSTK,CAPF,27-Apr-17,860,PE,0,0,0,117.2,80.6,0,0,0,0,17-Apr-17
OPTSTK,CAPF,27-Apr-17,880,PE,0,0,0,136.1,99.95,0,0,0,0,17-Apr-17
OPTSTK,CAPF,27-Apr-17,900,PE,0,0,0,155.45,119.65,0,0,0,0,17-Apr-17
OPTSTK,CAPF,27-Apr-17,920,PE,0,0,0,175,139.5,0,0,0,0,17-Apr-17
OPTSTK,CAPF,27-Apr-17,940,PE,0,0,0,194.7,159.45,0,0,0,0,17-Apr-17
OPTSTK,CAPF,27-Apr-17,960,PE,0,0,0,214.5,179.4,0,0,0,0,17-Apr-17
OPTSTK,CAPF,25-May-17,580,CE,0,0,0,167.85,203,0,0,0,0,17-Apr-17
OPTSTK,CAPF,25-May-17,600,CE,0,0,0,148.95,183.3,0,0,0,0,17-Apr-17
OPTSTK,CAPF,25-May-17,620,CE,0,0,0,130.7,163.8,0,0,0,0,17-Apr-17
OPTSTK,CAPF,25-May-17,640,CE,0,0,0,113.2,144.6,0,0,0,0,17-Apr-17
OPTSTK,CAPF,25-May-17,660,CE,0,0,0,96.7,125.95,0,0,0,0,17-Apr-17
OPTSTK,CAPF,25-May-17,680,CE,0,0,0,81.45,108,0,0,0,0,17-Apr-17
OPTSTK,CAPF,25-May-17,700,CE,0,0,0,67.55,91.1,0,0,0,0,17-Apr-17
OPTSTK,CAPF,25-May-17,720,CE,0,0,0,55.15,75.45,0,0,0,0,17-Apr-17
OPTSTK,CAPF,25-May-17,740,CE,0,0,0,44.35,61.3,0,0,0,0,17-Apr-17
OPTSTK,CAPF,25-May-17,760,CE,0,0,0,35.1,48.8,0,0,0,0,17-Apr-17
OPTSTK,CAPF,25-May-17,780,CE,0,0,0,27.35,38.1,0,0,0,0,17-Apr-17
OPTSTK,CAPF,25-May-17,800,CE,0,0,0,21,29.1,0,0,0,0,17-Apr-17
OPTSTK,CAPF,25-May-17,820,CE,0,0,0,15.9,21.8,0,0,0,0,17-Apr-17
OPTSTK,CAPF,25-May-17,840,CE,0,0,0,11.85,15.95,0,0,0,0,17-Apr-17
OPTSTK,CAPF,25-May-17,860,CE,0,0,0,8.7,11.5,0,0,0,0,17-Apr-17
OPTSTK,CAPF,25-May-17,880,CE,0,0,0,6.3,8.1,0,0,0,0,17-Apr-17
OPTSTK,CAPF,25-May-17,900,CE,0,0,0,4.5,5.6,0,0,0,0,17-Apr-17
OPTSTK,CAPF,25-May-17,920,CE,0,0,0,0.1,3.8,0,0,800,0,17-Apr-17
OPTSTK,CAPF,25-May-17,940,CE,0,0,0,2.25,2.55,0,0,0,0,17-Apr-17
OPTSTK,CAPF,25-May-17,960,CE,0,0,0,1.55,1.65,0,0,0,0,17-Apr-17
OPTSTK,CAPF,25-May-17,580,PE,0,0,0,1.1,0.15,0,0,0,0,17-Apr-17
OPTSTK,CAPF,25-May-17,600,PE,0,0,0,2,0.3,0,0,0,0,17-Apr-17
OPTSTK,CAPF,25-May-17,620,PE,0,0,0,3.55,0.65,0,0,0,0,17-Apr-17
OPTSTK,CAPF,25-May-17,640,PE,0,0,0,5.85,1.35,0,0,0,0,17-Apr-17
OPTSTK,CAPF,25-May-17,660,PE,0,0,0,9.15,2.55,0,0,0,0,17-Apr-17
OPTSTK,CAPF,25-May-17,680,PE,0,0,0,13.7,4.45,0,0,0,0,17-Apr-17
OPTSTK,CAPF,25-May-17,700,PE,0,0,0,19.55,7.4,0,0,0,0,17-Apr-17
OPTSTK,CAPF,25-May-17,720,PE,0,0,0,26.95,11.65,0,0,0,0,17-Apr-17
OPTSTK,CAPF,25-May-17,740,PE,0,0,0,35.95,17.35,0,0,0,0,17-Apr-17
OPTSTK,CAPF,25-May-17,760,PE,0,0,0,46.5,24.75,0,0,0,0,17-Apr-17
OPTSTK,CAPF,25-May-17,780,PE,0,0,0,58.55,33.85,0,0,0,0,17-Apr-17
OPTSTK,CAPF,25-May-17,800,PE,0,0,0,72,44.75,0,0,0,0,17-Apr-17
OPTSTK,CAPF,25-May-17,820,PE,0,0,0,86.7,57.3,0,0,0,0,17-Apr-17
OPTSTK,CAPF,25-May-17,840,PE,0,0,0,102.45,71.35,0,0,0,0,17-Apr-17
OPTSTK,CAPF,25-May-17,860,PE,0,0,0,119.1,86.75,0,0,0,0,17-Apr-17
OPTSTK,CAPF,25-May-17,880,PE,0,0,0,136.5,103.2,0,0,0,0,17-Apr-17
OPTSTK,CAPF,25-May-17,900,PE,0,0,0,154.5,120.6,0,0,0,0,17-Apr-17
OPTSTK,CAPF,25-May-17,920,PE,0,0,0,173,138.65,0,0,0,0,17-Apr-17
OPTSTK,CAPF,25-May-17,940,PE,0,0,0,191.8,157.25,0,0,0,0,17-Apr-17
OPTSTK,CAPF,25-May-17,960,PE,0,0,0,210.9,176.25,0,0,0,0,17-Apr-17
OPTSTK,CAPF,29-Jun-17,580,CE,0,0,0,173.7,207.6,0,0,0,0,17-Apr-17
OPTSTK,CAPF,29-Jun-17,600,CE,0,0,0,155.9,188.7,0,0,0,0,17-Apr-17
OPTSTK,CAPF,29-Jun-17,620,CE,0,0,0,138.75,170.25,0,0,0,0,17-Apr-17
OPTSTK,CAPF,29-Jun-17,640,CE,0,0,0,122.5,152.35,0,0,0,0,17-Apr-17
OPTSTK,CAPF,29-Jun-17,660,CE,0,0,0,107.25,135.2,0,0,0,0,17-Apr-17
OPTSTK,CAPF,29-Jun-17,680,CE,0,0,0,93.05,118.9,0,0,0,0,17-Apr-17
OPTSTK,CAPF,29-Jun-17,700,CE,0,0,0,80,103.6,0,0,0,0,17-Apr-17
OPTSTK,CAPF,29-Jun-17,720,CE,0,0,0,68.2,89.4,0,0,0,0,17-Apr-17
OPTSTK,CAPF,29-Jun-17,740,CE,0,0,0,57.6,76.4,0,0,0,0,17-Apr-17
OPTSTK,CAPF,29-Jun-17,760,CE,0,0,0,48.25,64.7,0,0,0,0,17-Apr-17
OPTSTK,CAPF,29-Jun-17,780,CE,0,0,0,40.1,54.25,0,0,0,0,17-Apr-17
OPTSTK,CAPF,29-Jun-17,800,CE,0,0,0,33,45.1,0,0,0,0,17-Apr-17
OPTSTK,CAPF,29-Jun-17,820,CE,0,0,0,26.95,37.1,0,0,0,0,17-Apr-17
OPTSTK,CAPF,29-Jun-17,840,CE,0,0,0,21.9,30.25,0,0,0,0,17-Apr-17
OPTSTK,CAPF,29-Jun-17,860,CE,0,0,0,17.65,24.45,0,0,0,0,17-Apr-17
OPTSTK,CAPF,29-Jun-17,880,CE,0,0,0,14.1,19.65,0,0,0,0,17-Apr-17
OPTSTK,CAPF,29-Jun-17,900,CE,0,0,0,11.2,15.6,0,0,0,0,17-Apr-17
OPTSTK,CAPF,29-Jun-17,920,CE,0,0,0,8.8,12.3,0,0,0,0,17-Apr-17
OPTSTK,CAPF,29-Jun-17,940,CE,0,0,0,6.9,9.6,0,0,0,0,17-Apr-17
OPTSTK,CAPF,29-Jun-17,960,CE,0,0,0,5.4,7.45,0,0,0,0,17-Apr-17
OPTSTK,CAPF,29-Jun-17,580,PE,0,0,0,3.3,1.15,0,0,0,0,17-Apr-17
OPTSTK,CAPF,29-Jun-17,600,PE,0,0,0,5.15,2,0,0,0,0,17-Apr-17
OPTSTK,CAPF,29-Jun-17,620,PE,0,0,0,7.7,3.25,0,0,0,0,17-Apr-17
OPTSTK,CAPF,29-Jun-17,640,PE,0,0,0,11.1,5.1,0,0,0,0,17-Apr-17
OPTSTK,CAPF,29-Jun-17,660,PE,0,0,0,15.5,7.7,0,0,0,0,17-Apr-17
OPTSTK,CAPF,29-Jun-17,680,PE,0,0,0,21,11.15,0,0,0,0,17-Apr-17
OPTSTK,CAPF,29-Jun-17,700,PE,0,0,0,27.6,15.6,0,0,0,0,17-Apr-17
OPTSTK,CAPF,29-Jun-17,720,PE,0,0,0,35.45,21.15,0,0,0,0,17-Apr-17
OPTSTK,CAPF,29-Jun-17,740,PE,0,0,0,44.55,27.9,0,0,0,0,17-Apr-17
OPTSTK,CAPF,29-Jun-17,760,PE,0,0,0,54.85,35.95,0,0,0,0,17-Apr-17
OPTSTK,CAPF,29-Jun-17,780,PE,0,0,0,66.35,45.25,0,0,0,0,17-Apr-17
OPTSTK,CAPF,29-Jun-17,800,PE,0,0,0,78.95,55.8,0,0,0,0,17-Apr-17
OPTSTK,CAPF,29-Jun-17,820,PE,0,0,0,92.6,67.55,0,0,0,0,17-Apr-17
OPTSTK,CAPF,29-Jun-17,840,PE,0,0,0,107.2,80.45,0,0,0,0,17-Apr-17
OPTSTK,CAPF,29-Jun-17,860,PE,0,0,0,122.6,94.4,0,0,0,0,17-Apr-17
OPTSTK,CAPF,29-Jun-17,880,PE,0,0,0,138.75,109.3,0,0,0,0,17-Apr-17
OPTSTK,CAPF,29-Jun-17,900,PE,0,0,0,155.5,125,0,0,0,0,17-Apr-17
OPTSTK,CAPF,29-Jun-17,920,PE,0,0,0,172.8,141.45,0,0,0,0,17-Apr-17
OPTSTK,CAPF,29-Jun-17,940,PE,0,0,0,190.55,158.55,0,0,0,0,17-Apr-17
OPTSTK,CAPF,29-Jun-17,960,PE,0,0,0,208.7,176.1,0,0,0,0,17-Apr-17
OPTSTK,CASTROLIND,27-Apr-17,270,CE,0,0,0,134.15,158.95,0,0,0,0,17-Apr-17
OPTSTK,CASTROLIND,27-Apr-17,280,CE,0,0,0,124.35,148.95,0,0,0,0,17-Apr-17
OPTSTK,CASTROLIND,27-Apr-17,290,CE,0,0,0,114.55,138.95,0,0,0,0,17-Apr-17
OPTSTK,CASTROLIND,27-Apr-17,300,CE,0,0,0,104.9,129,0,0,0,0,17-Apr-17
OPTSTK,CASTROLIND,27-Apr-17,310,CE,0,0,0,95.3,119,0,0,0,0,17-Apr-17
OPTSTK,CASTROLIND,27-Apr-17,320,CE,0,0,0,85.9,109.05,0,0,0,0,17-Apr-17
OPTSTK,CASTROLIND,27-Apr-17,330,CE,0,0,0,76.7,99.05,0,0,0,0,17-Apr-17
OPTSTK,CASTROLIND,27-Apr-17,340,CE,0,0,0,67.85,89.05,0,0,0,0,17-Apr-17
OPTSTK,CASTROLIND,27-Apr-17,350,CE,0,0,0,59.4,79.1,0,0,0,0,17-Apr-17
OPTSTK,CASTROLIND,27-Apr-17,360,CE,0,0,0,51.4,69.1,0,0,0,0,17-Apr-17
OPTSTK,CASTROLIND,27-Apr-17,370,CE,0,0,0,44,59.1,0,0,0,0,17-Apr-17
OPTSTK,CASTROLIND,27-Apr-17,380,CE,0,0,0,37.2,49.15,0,0,0,0,17-Apr-17
OPTSTK,CASTROLIND,27-Apr-17,390,CE,0,0,0,31.1,39.15,0,0,0,0,17-Apr-17
OPTSTK,CASTROLIND,27-Apr-17,400,CE,0,0,0,25.65,29.35,0,0,0,0,17-Apr-17
OPTSTK,CASTROLIND,27-Apr-17,410,CE,0,0,0,19,20,0,0,2800,0,17-Apr-17
OPTSTK,CASTROLIND,27-Apr-17,420,CE,14.3,14.3,14.3,14.3,14.3,1,6.08,25200,0,17-Apr-17
OPTSTK,CASTROLIND,27-Apr-17,430,CE,8.3,8.5,7,7,7,29,177.76,81200,9800,17-Apr-17
OPTSTK,CASTROLIND,27-Apr-17,440,CE,4,5,3.5,4,4,21,130.53,152600,7000,17-Apr-17
OPTSTK,CASTROLIND,27-Apr-17,450,CE,1.85,1.85,1.85,1.85,1.85,2,12.65,106400,2800,17-Apr-17
OPTSTK,CASTROLIND,27-Apr-17,460,CE,0,0,0,2.1,0.2,0,0,67200,0,17-Apr-17
OPTSTK,CASTROLIND,27-Apr-17,470,CE,0,0,0,1,0.05,0,0,14000,0,17-Apr-17
OPTSTK,CASTROLIND,27-Apr-17,480,CE,0,0,0,1.15,0.05,0,0,1400,0,17-Apr-17
OPTSTK,CASTROLIND,27-Apr-17,490,CE,0,0,0,2.75,0,0,0,0,0,17-Apr-17
OPTSTK,CASTROLIND,27-Apr-17,500,CE,0,0,0,0.4,0,0,0,4200,0,17-Apr-17
OPTSTK,CASTROLIND,27-Apr-17,510,CE,0,0,0,1.5,0,0,0,0,0,17-Apr-17
OPTSTK,CASTROLIND,27-Apr-17,520,CE,0,0,0,1.1,0,0,0,0,0,17-Apr-17
OPTSTK,CASTROLIND,27-Apr-17,530,CE,0,0,0,0.8,0,0,0,0,0,17-Apr-17
OPTSTK,CASTROLIND,27-Apr-17,540,CE,0,0,0,0.55,0,0,0,0,0,17-Apr-17
OPTSTK,CASTROLIND,27-Apr-17,270,PE,0,0,0,0.05,0,0,0,0,0,17-Apr-17
OPTSTK,CASTROLIND,27-Apr-17,280,PE,0,0,0,0.1,0,0,0,0,0,17-Apr-17
OPTSTK,CASTROLIND,27-Apr-17,290,PE,0,0,0,0.15,0,0,0,0,0,17-Apr-17
OPTSTK,CASTROLIND,27-Apr-17,300,PE,0,0,0,0.3,0,0,0,0,0,17-Apr-17
OPTSTK,CASTROLIND,27-Apr-17,310,PE,0,0,0,0.55,0,0,0,0,0,17-Apr-17
OPTSTK,CASTROLIND,27-Apr-17,320,PE,0,0,0,1,0,0,0,0,0,17-Apr-17
OPTSTK,CASTROLIND,27-Apr-17,330,PE,0,0,0,1.65,0,0,0,0,0,17-Apr-17
OPTSTK,CASTROLIND,27-Apr-17,340,PE,0,0,0,2.6,0,0,0,0,0,17-Apr-17
OPTSTK,CASTROLIND,27-Apr-17,350,PE,0,0,0,4,0,0,0,0,0,17-Apr-17
OPTSTK,CASTROLIND,27-Apr-17,360,PE,0,0,0,5.85,0,0,0,0,0,17-Apr-17
OPTSTK,CASTROLIND,27-Apr-17,370,PE,0,0,0,8.3,0,0,0,0,0,17-Apr-17
OPTSTK,CASTROLIND,27-Apr-17,380,PE,0,0,0,11.3,0,0,0,0,0,17-Apr-17
OPTSTK,CASTROLIND,27-Apr-17,390,PE,0,0,0,15.05,0.05,0,0,0,0,17-Apr-17
OPTSTK,CASTROLIND,27-Apr-17,400,PE,0,0,0,1,0.2,0,0,4200,0,17-Apr-17
OPTSTK,CASTROLIND,27-Apr-17,410,PE,1.65,1.65,1.6,1.6,1.6,2,11.52,12600,-1400,17-Apr-17
OPTSTK,CASTROLIND,27-Apr-17,420,PE,3.5,3.5,2.3,2.8,2.8,3,17.76,36400,-1400,17-Apr-17
OPTSTK,CASTROLIND,27-Apr-17,430,PE,7.55,7.55,6.2,7.2,7.2,4,24.47,40600,0,17-Apr-17
OPTSTK,CASTROLIND,27-Apr-17,440,PE,0,0,0,16.8,13.25,0,0,8400,0,17-Apr-17
OPTSTK,CASTROLIND,27-Apr-17,450,PE,0,0,0,21,21.55,0,0,8400,0,17-Apr-17
OPTSTK,CASTROLIND,27-Apr-17,460,PE,0,0,0,29,30.95,0,0,5600,0,17-Apr-17
OPTSTK,CASTROLIND,27-Apr-17,470,PE,0,0,0,67.5,40.8,0,0,0,0,17-Apr-17
OPTSTK,CASTROLIND,27-Apr-17,480,PE,0,0,0,76.15,50.75,0,0,0,0,17-Apr-17
OPTSTK,CASTROLIND,27-Apr-17,490,PE,0,0,0,85.05,60.7,0,0,0,0,17-Apr-17
OPTSTK,CASTROLIND,27-Apr-17,500,PE,0,0,0,94.15,70.7,0,0,0,0,17-Apr-17
OPTSTK,CASTROLIND,27-Apr-17,510,PE,0,0,0,103.45,80.7,0,0,0,0,17-Apr-17
OPTSTK,CASTROLIND,27-Apr-17,520,PE,0,0,0,112.9,90.65,0,0,0,0,17-Apr-17
OPTSTK,CASTROLIND,27-Apr-17,530,PE,0,0,0,122.45,100.65,0,0,0,0,17-Apr-17
OPTSTK,CASTROLIND,27-Apr-17,540,PE,0,0,0,132.05,110.65,0,0,0,0,17-Apr-17
OPTSTK,CASTROLIND,25-May-17,270,CE,0,0,0,151.35,160.3,0,0,0,0,17-Apr-17
OPTSTK,CASTROLIND,25-May-17,280,CE,0,0,0,141.55,150.35,0,0,0,0,17-Apr-17
OPTSTK,CASTROLIND,25-May-17,290,CE,0,0,0,131.75,140.45,0,0,0,0,17-Apr-17
OPTSTK,CASTROLIND,25-May-17,300,CE,0,0,0,121.95,130.5,0,0,0,0,17-Apr-17
OPTSTK,CASTROLIND,25-May-17,310,CE,0,0,0,112.25,120.55,0,0,0,0,17-Apr-17
OPTSTK,CASTROLIND,25-May-17,320,CE,0,0,0,102.65,110.65,0,0,0,0,17-Apr-17
OPTSTK,CASTROLIND,25-May-17,330,CE,0,0,0,93.15,100.7,0,0,0,0,17-Apr-17
OPTSTK,CASTROLIND,25-May-17,340,CE,0,0,0,83.9,90.75,0,0,0,0,17-Apr-17
OPTSTK,CASTROLIND,25-May-17,350,CE,0,0,0,74.9,80.85,0,0,0,0,17-Apr-17
OPTSTK,CASTROLIND,25-May-17,360,CE,0,0,0,66.25,70.95,0,0,0,0,17-Apr-17
OPTSTK,CASTROLIND,25-May-17,370,CE,0,0,0,58.05,61.15,0,0,0,0,17-Apr-17
OPTSTK,CASTROLIND,25-May-17,380,CE,0,0,0,50.35,51.5,0,0,0,0,17-Apr-17
OPTSTK,CASTROLIND,25-May-17,390,CE,0,0,0,43.2,42.2,0,0,0,0,17-Apr-17
OPTSTK,CASTROLIND,25-May-17,400,CE,0,0,0,36.7,33.45,0,0,0,0,17-Apr-17
OPTSTK,CASTROLIND,25-May-17,410,CE,0,0,0,30.8,25.55,0,0,0,0,17-Apr-17
OPTSTK,CASTROLIND,25-May-17,420,CE,0,0,0,25.6,18.7,0,0,0,0,17-Apr-17
OPTSTK,CASTROLIND,25-May-17,430,CE,0,0,0,21.05,13.05,0,0,0,0,17-Apr-17
OPTSTK,CASTROLIND,25-May-17,440,CE,0,0,0,17.1,8.7,0,0,0,0,17-Apr-17
OPTSTK,CASTROLIND,25-May-17,450,CE,0,0,0,13.75,5.5,0,0,0,0,17-Apr-17
OPTSTK,CASTROLIND,25-May-17,460,CE,0,0,0,10.95,3.3,0,0,0,0,17-Apr-17
OPTSTK,CASTROLIND,25-May-17,470,CE,0,0,0,8.65,1.9,0,0,0,0,17-Apr-17
OPTSTK,CASTROLIND,25-May-17,480,CE,0,0,0,6.75,1.05,0,0,0,0,17-Apr-17
OPTSTK,CASTROLIND,25-May-17,490,CE,0,0,0,5.25,0.55,0,0,0,0,17-Apr-17
OPTSTK,CASTROLIND,25-May-17,500,CE,0,0,0,1.05,0.25,0,0,0,0,17-Apr-17
OPTSTK,CASTROLIND,25-May-17,510,CE,0,0,0,3.05,0.15,0,0,0,0,17-Apr-17
OPTSTK,CASTROLIND,25-May-17,520,CE,0,0,0,2.3,0.05,0,0,0,0,17-Apr-17
OPTSTK,CASTROLIND,25-May-17,530,CE,0,0,0,1.7,0.05,0,0,0,0,17-Apr-17
OPTSTK,CASTROLIND,25-May-17,540,CE,0,0,0,1.3,0.05,0,0,0,0,17-Apr-17
OPTSTK,CASTROLIND,25-May-17,270,PE,0,0,0,0.05,0,0,0,0,0,17-Apr-17
OPTSTK,CASTROLIND,25-May-17,280,PE,0,0,0,0.05,0,0,0,0,0,17-Apr-17
OPTSTK,CASTROLIND,25-May-17,290,PE,0,0,0,0.1,0,0,0,0,0,17-Apr-17
OPTSTK,CASTROLIND,25-May-17,300,PE,0,0,0,0.15,0,0,0,0,0,17-Apr-17
OPTSTK,CASTROLIND,25-May-17,310,PE,0,0,0,0.3,0,0,0,0,0,17-Apr-17
OPTSTK,CASTROLIND,25-May-17,320,PE,0,0,0,0.5,0,0,0,0,0,17-Apr-17
OPTSTK,CASTROLIND,25-May-17,330,PE,0,0,0,0.9,0,0,0,0,0,17-Apr-17
OPTSTK,CASTROLIND,25-May-17,340,PE,0,0,0,1.45,0,0,0,0,0,17-Apr-17
OPTSTK,CASTROLIND,25-May-17,350,PE,0,0,0,2.3,0.05,0,0,0,0,17-Apr-17
OPTSTK,CASTROLIND,25-May-17,360,PE,0,0,0,3.5,0.1,0,0,0,0,17-Apr-17
OPTSTK,CASTROLIND,25-May-17,370,PE,0,0,0,5.15,0.2,0,0,0,0,17-Apr-17
OPTSTK,CASTROLIND,25-May-17,380,PE,0,0,0,7.3,0.5,0,0,0,0,17-Apr-17
OPTSTK,CASTROLIND,25-May-17,390,PE,0,0,0,10,1.1,0,0,0,0,17-Apr-17
OPTSTK,CASTROLIND,25-May-17,400,PE,0,0,0,4.95,2.3,0,0,2800,0,17-Apr-17
OPTSTK,CASTROLIND,25-May-17,410,PE,0,0,0,17.3,4.35,0,0,0,0,17-Apr-17
OPTSTK,CASTROLIND,25-May-17,420,PE,0,0,0,12.5,7.4,0,0,1400,0,17-Apr-17
OPTSTK,CASTROLIND,25-May-17,430,PE,0,0,0,27.2,11.7,0,0,0,0,17-Apr-17
OPTSTK,CASTROLIND,25-May-17,440,PE,0,0,0,33.1,17.25,0,0,0,0,17-Apr-17
OPTSTK,CASTROLIND,25-May-17,450,PE,0,0,0,39.6,24,0,0,0,0,17-Apr-17
OPTSTK,CASTROLIND,25-May-17,460,PE,0,0,0,46.65,31.75,0,0,0,0,17-Apr-17
OPTSTK,CASTROLIND,25-May-17,470,PE,0,0,0,54.2,40.25,0,0,0,0,17-Apr-17
OPTSTK,CASTROLIND,25-May-17,480,PE,0,0,0,62.15,49.35,0,0,0,0,17-Apr-17
OPTSTK,CASTROLIND,25-May-17,490,PE,0,0,0,70.45,58.8,0,0,0,0,17-Apr-17
OPTSTK,CASTROLIND,25-May-17,500,PE,0,0,0,79.05,68.45,0,0,0,0,17-Apr-17
OPTSTK,CASTROLIND,25-May-17,510,PE,0,0,0,87.95,78.25,0,0,0,0,17-Apr-17
OPTSTK,CASTROLIND,25-May-17,520,PE,0,0,0,97.05,88.1,0,0,0,0,17-Apr-17
OPTSTK,CASTROLIND,25-May-17,530,PE,0,0,0,106.3,98,0,0,0,0,17-Apr-17
OPTSTK,CASTROLIND,25-May-17,540,PE,0,0,0,115.7,107.95,0,0,0,0,17-Apr-17
OPTSTK,CASTROLIND,29-Jun-17,270,CE,0,0,0,163.5,161.95,0,0,0,0,17-Apr-17
OPTSTK,CASTROLIND,29-Jun-17,280,CE,0,0,0,153.7,152.1,0,0,0,0,17-Apr-17
OPTSTK,CASTROLIND,29-Jun-17,290,CE,0,0,0,143.85,142.2,0,0,0,0,17-Apr-17
OPTSTK,CASTROLIND,29-Jun-17,300,CE,0,0,0,134,132.35,0,0,0,0,17-Apr-17
OPTSTK,CASTROLIND,29-Jun-17,310,CE,0,0,0,124.2,122.5,0,0,0,0,17-Apr-17
OPTSTK,CASTROLIND,29-Jun-17,320,CE,0,0,0,114.4,112.6,0,0,0,0,17-Apr-17
OPTSTK,CASTROLIND,29-Jun-17,330,CE,0,0,0,104.6,102.75,0,0,0,0,17-Apr-17
OPTSTK,CASTROLIND,29-Jun-17,340,CE,0,0,0,94.9,92.95,0,0,0,0,17-Apr-17
OPTSTK,CASTROLIND,29-Jun-17,350,CE,0,0,0,85.3,83.2,0,0,0,0,17-Apr-17
OPTSTK,CASTROLIND,29-Jun-17,360,CE,0,0,0,75.9,73.6,0,0,0,0,17-Apr-17
OPTSTK,CASTROLIND,29-Jun-17,370,CE,0,0,0,66.7,64.2,0,0,0,0,17-Apr-17
OPTSTK,CASTROLIND,29-Jun-17,380,CE,0,0,0,57.9,55.1,0,0,0,0,17-Apr-17
OPTSTK,CASTROLIND,29-Jun-17,390,CE,0,0,0,49.55,46.5,0,0,0,0,17-Apr-17
OPTSTK,CASTROLIND,29-Jun-17,400,CE,0,0,0,41.8,38.45,0,0,0,0,17-Apr-17
OPTSTK,CASTROLIND,29-Jun-17,410,CE,0,0,0,34.7,31.15,0,0,0,0,17-Apr-17
OPTSTK,CASTROLIND,29-Jun-17,420,CE,0,0,0,28.3,24.7,0,0,0,0,17-Apr-17
OPTSTK,CASTROLIND,29-Jun-17,430,CE,0,0,0,22.75,19.15,0,0,0,0,17-Apr-17
OPTSTK,CASTROLIND,29-Jun-17,440,CE,0,0,0,17.95,14.5,0,0,0,0,17-Apr-17
OPTSTK,CASTROLIND,29-Jun-17,450,CE,0,0,0,13.95,10.7,0,0,0,0,17-Apr-17
OPTSTK,CASTROLIND,29-Jun-17,460,CE,0,0,0,10.6,7.75,0,0,0,0,17-Apr-17
OPTSTK,CASTROLIND,29-Jun-17,470,CE,0,0,0,8,5.45,0,0,0,0,17-Apr-17
OPTSTK,CASTROLIND,29-Jun-17,480,CE,0,0,0,5.9,3.75,0,0,0,0,17-Apr-17
OPTSTK,CASTROLIND,29-Jun-17,490,CE,0,0,0,4.25,2.55,0,0,0,0,17-Apr-17
OPTSTK,CASTROLIND,29-Jun-17,500,CE,0,0,0,3.05,1.7,0,0,0,0,17-Apr-17
OPTSTK,CASTROLIND,29-Jun-17,510,CE,0,0,0,2.15,1.1,0,0,0,0,17-Apr-17
OPTSTK,CASTROLIND,29-Jun-17,520,CE,0,0,0,1.5,0.7,0,0,0,0,17-Apr-17
OPTSTK,CASTROLIND,29-Jun-17,530,CE,0,0,0,1.05,0.45,0,0,0,0,17-Apr-17
OPTSTK,CASTROLIND,29-Jun-17,540,CE,0,0,0,0.7,0.25,0,0,0,0,17-Apr-17
OPTSTK,CASTROLIND,29-Jun-17,270,PE,0,0,0,0.05,0,0,0,0,0,17-Apr-17
OPTSTK,CASTROLIND,29-Jun-17,280,PE,0,0,0,0.05,0,0,0,0,0,17-Apr-17
OPTSTK,CASTROLIND,29-Jun-17,290,PE,0,0,0,0.05,0,0,0,0,0,17-Apr-17
OPTSTK,CASTROLIND,29-Jun-17,300,PE,0,0,0,0.05,0,0,0,0,0,17-Apr-17
OPTSTK,CASTROLIND,29-Jun-17,310,PE,0,0,0,0.05,0,0,0,0,0,17-Apr-17
OPTSTK,CASTROLIND,29-Jun-17,320,PE,0,0,0,0.05,0.05,0,0,0,0,17-Apr-17
OPTSTK,CASTROLIND,29-Jun-17,330,PE,0,0,0,0.15,0.05,0,0,0,0,17-Apr-17
OPTSTK,CASTROLIND,29-Jun-17,340,PE,0,0,0,0.25,0.1,0,0,0,0,17-Apr-17
OPTSTK,CASTROLIND,29-Jun-17,350,PE,0,0,0,0.5,0.25,0,0,0,0,17-Apr-17
OPTSTK,CASTROLIND,29-Jun-17,360,PE,0,0,0,0.9,0.5,0,0,0,0,17-Apr-17
OPTSTK,CASTROLIND,29-Jun-17,370,PE,0,0,0,1.55,0.95,0,0,0,0,17-Apr-17
OPTSTK,CASTROLIND,29-Jun-17,380,PE,0,0,0,2.6,1.75,0,0,0,0,17-Apr-17
OPTSTK,CASTROLIND,29-Jun-17,390,PE,0,0,0,4.1,3,0,0,0,0,17-Apr-17
OPTSTK,CASTROLIND,29-Jun-17,400,PE,0,0,0,6.15,4.85,0,0,0,0,17-Apr-17
OPTSTK,CASTROLIND,29-Jun-17,410,PE,0,0,0,8.85,7.4,0,0,0,0,17-Apr-17
OPTSTK,CASTROLIND,29-Jun-17,420,PE,0,0,0,12.35,10.85,0,0,0,0,17-Apr-17
OPTSTK,CASTROLIND,29-Jun-17,430,PE,0,0,0,16.6,15.15,0,0,0,0,17-Apr-17
OPTSTK,CASTROLIND,29-Jun-17,440,PE,0,0,0,21.65,20.35,0,0,0,0,17-Apr-17
OPTSTK,CASTROLIND,29-Jun-17,450,PE,0,0,0,27.45,26.45,0,0,0,0,17-Apr-17
OPTSTK,CASTROLIND,29-Jun-17,460,PE,0,0,0,34,33.35,0,0,0,0,17-Apr-17
OPTSTK,CASTROLIND,29-Jun-17,470,PE,0,0,0,41.2,40.95,0,0,0,0,17-Apr-17
OPTSTK,CASTROLIND,29-Jun-17,480,PE,0,0,0,48.9,49.1,0,0,0,0,17-Apr-17
OPTSTK,CASTROLIND,29-Jun-17,490,PE,0,0,0,57.15,57.75,0,0,0,0,17-Apr-17
OPTSTK,CASTROLIND,29-Jun-17,500,PE,0,0,0,65.75,66.75,0,0,0,0,17-Apr-17
OPTSTK,CASTROLIND,29-Jun-17,510,PE,0,0,0,74.7,76.05,0,0,0,0,17-Apr-17
OPTSTK,CASTROLIND,29-Jun-17,520,PE,0,0,0,83.85,85.5,0,0,0,0,17-Apr-17
OPTSTK,CASTROLIND,29-Jun-17,530,PE,0,0,0,93.25,95.15,0,0,0,0,17-Apr-17
OPTSTK,CASTROLIND,29-Jun-17,540,PE,0,0,0,102.75,104.85,0,0,0,0,17-Apr-17
OPTSTK,CEATLTD,27-Apr-17,800,CE,0,0,0,399.4,654.9,0,0,0,0,17-Apr-17
OPTSTK,CEATLTD,27-Apr-17,850,CE,0,0,0,360,605,0,0,700,0,17-Apr-17
OPTSTK,CEATLTD,27-Apr-17,900,CE,0,0,0,303.4,555.1,0,0,0,0,17-Apr-17
OPTSTK,CEATLTD,27-Apr-17,950,CE,0,0,0,257.55,505.15,0,0,0,0,17-Apr-17
OPTSTK,CEATLTD,27-Apr-17,1000,CE,0,0,0,214.2,455.25,0,0,0,0,17-Apr-17
OPTSTK,CEATLTD,27-Apr-17,1050,CE,0,0,0,174.25,405.35,0,0,0,0,17-Apr-17
OPTSTK,CEATLTD,27-Apr-17,1100,CE,0,0,0,138.5,355.45,0,0,0,0,17-Apr-17
OPTSTK,CEATLTD,27-Apr-17,1150,CE,0,0,0,107.55,305.5,0,0,0,0,17-Apr-17
OPTSTK,CEATLTD,27-Apr-17,1200,CE,0,0,0,185.4,255.65,0,0,1400,0,17-Apr-17
OPTSTK,CEATLTD,27-Apr-17,1250,CE,0,0,0,94.9,205.95,0,0,5600,0,17-Apr-17
OPTSTK,CEATLTD,27-Apr-17,1300,CE,117.95,140,117.95,140,140,3,29.93,9800,-700,17-Apr-17
OPTSTK,CEATLTD,27-Apr-17,1350,CE,77,77,77,77,77,2,19.97,30100,0,17-Apr-17
OPTSTK,CEATLTD,27-Apr-17,1400,CE,45.95,64,42,62,62,30,306.39,53200,-4900,17-Apr-17
OPTSTK,CEATLTD,27-Apr-17,1450,CE,26,39,21,33.9,33.9,705,7312.44,127400,7000,17-Apr-17
OPTSTK,CEATLTD,27-Apr-17,1500,CE,13.6,19,9.35,16.15,16.15,443,4699.35,107800,13300,17-Apr-17
OPTSTK,CEATLTD,27-Apr-17,1550,CE,4,8.3,4,7.65,7.65,44,479.62,33600,-700,17-Apr-17
OPTSTK,CEATLTD,27-Apr-17,1600,CE,3.6,4.4,2.6,3.5,3.5,20,224.5,23100,5600,17-Apr-17
OPTSTK,CEATLTD,27-Apr-17,1650,CE,0.85,1,0.85,1,1,2,23.11,1400,700,17-Apr-17
OPTSTK,CEATLTD,27-Apr-17,1700,CE,0,0,0,1.75,0.3,0,0,0,0,17-Apr-17
OPTSTK,CEATLTD,27-Apr-17,800,PE,0,0,0,0.4,0,0,0,0,0,17-Apr-17
OPTSTK,CEATLTD,27-Apr-17,850,PE,0,0,0,1.1,0,0,0,0,0,17-Apr-17
OPTSTK,CEATLTD,27-Apr-17,900,PE,0,0,0,2.8,0,0,0,0,0,17-Apr-17
OPTSTK,CEATLTD,27-Apr-17,950,PE,0,0,0,6.1,0,0,0,0,0,17-Apr-17
OPTSTK,CEATLTD,27-Apr-17,1000,PE,0,0,0,11.95,0,0,0,0,0,17-Apr-17
OPTSTK,CEATLTD,27-Apr-17,1050,PE,0,0,0,21.2,0,0,0,0,0,17-Apr-17
OPTSTK,CEATLTD,27-Apr-17,1100,PE,0,0,0,34.6,0,0,0,0,0,17-Apr-17
OPTSTK,CEATLTD,27-Apr-17,1150,PE,0,0,0,52.8,0,0,0,0,0,17-Apr-17
OPTSTK,CEATLTD,27-Apr-17,1200,PE,0,0,0,1.2,0.05,0,0,23100,0,17-Apr-17
OPTSTK,CEATLTD,27-Apr-17,1250,PE,1.5,1.5,1,1,1,4,35.03,14000,-700,17-Apr-17
OPTSTK,CEATLTD,27-Apr-17,1300,PE,2.1,4.65,2.1,2.6,2.6,12,109.44,29400,-700,17-Apr-17
OPTSTK,CEATLTD,27-Apr-17,1350,PE,7.8,12.3,6,6.45,6.45,77,732.01,60200,1400,17-Apr-17
OPTSTK,CEATLTD,27-Apr-17,1400,PE,23.85,28.1,16.25,17,17,146,1451.25,54600,-4200,17-Apr-17
OPTSTK,CEATLTD,27-Apr-17,1450,PE,51,55,34.9,36.35,36.35,32,333.8,26600,9100,17-Apr-17
OPTSTK,CEATLTD,27-Apr-17,1500,PE,0,0,0,104,63.65,0,0,700,0,17-Apr-17
OPTSTK,CEATLTD,27-Apr-17,1550,PE,0,0,0,345.25,102.2,0,0,0,0,17-Apr-17
OPTSTK,CEATLTD,27-Apr-17,1600,PE,0,0,0,392.15,146.8,0,0,0,0,17-Apr-17
OPTSTK,CEATLTD,27-Apr-17,1650,PE,0,0,0,439.8,194.6,0,0,0,0,17-Apr-17
OPTSTK,CEATLTD,27-Apr-17,1700,PE,0,0,0,487.95,243.8,0,0,0,0,17-Apr-17
OPTSTK,CEATLTD,25-May-17,800,CE,0,0,0,369.9,658.9,0,0,0,0,17-Apr-17
OPTSTK,CEATLTD,25-May-17,850,CE,0,0,0,321.95,609.25,0,0,0,0,17-Apr-17
OPTSTK,CEATLTD,25-May-17,900,CE,0,0,0,275.4,559.6,0,0,0,0,17-Apr-17
OPTSTK,CEATLTD,25-May-17,950,CE,0,0,0,231,509.95,0,0,0,0,17-Apr-17
OPTSTK,CEATLTD,25-May-17,1000,CE,0,0,0,189.7,460.3,0,0,0,0,17-Apr-17
OPTSTK,CEATLTD,25-May-17,1050,CE,0,0,0,152.4,410.8,0,0,0,0,17-Apr-17
OPTSTK,CEATLTD,25-May-17,1100,CE,0,0,0,119.55,361.55,0,0,0,0,17-Apr-17
OPTSTK,CEATLTD,25-May-17,1150,CE,0,0,0,91.75,312.95,0,0,0,0,17-Apr-17
OPTSTK,CEATLTD,25-May-17,1200,CE,0,0,0,68.8,265.55,0,0,0,0,17-Apr-17
OPTSTK,CEATLTD,25-May-17,1250,CE,0,0,0,50.5,220.25,0,0,0,0,17-Apr-17
OPTSTK,CEATLTD,25-May-17,1300,CE,0,0,0,39.7,178.05,0,0,700,0,17-Apr-17
OPTSTK,CEATLTD,25-May-17,1350,CE,0,0,0,25.6,139.95,0,0,0,0,17-Apr-17
OPTSTK,CEATLTD,25-May-17,1400,CE,0,0,0,17.7,106.7,0,0,0,0,17-Apr-17
OPTSTK,CEATLTD,25-May-17,1450,CE,0,0,0,12.05,78.9,0,0,0,0,17-Apr-17
OPTSTK,CEATLTD,25-May-17,1500,CE,0,0,0,37.7,56.5,0,0,1400,0,17-Apr-17
OPTSTK,CEATLTD,25-May-17,1550,CE,20,27,20,27,27,2,22.02,700,0,17-Apr-17
OPTSTK,CEATLTD,25-May-17,1600,CE,0,0,0,3.45,26.5,0,0,0,0,17-Apr-17
OPTSTK,CEATLTD,25-May-17,1650,CE,0,0,0,2.25,17.3,0,0,0,0,17-Apr-17
OPTSTK,CEATLTD,25-May-17,1700,CE,0,0,0,1.4,11,0,0,0,0,17-Apr-17
OPTSTK,CEATLTD,25-May-17,800,PE,0,0,0,0.75,0,0,0,0,0,17-Apr-17
OPTSTK,CEATLTD,25-May-17,850,PE,0,0,0,2.05,0,0,0,0,0,17-Apr-17
OPTSTK,CEATLTD,25-May-17,900,PE,0,0,0,4.65,0,0,0,0,0,17-Apr-17
OPTSTK,CEATLTD,25-May-17,950,PE,0,0,0,9.5,0.05,0,0,0,0,17-Apr-17
OPTSTK,CEATLTD,25-May-17,1000,PE,0,0,0,17.45,0.05,0,0,0,0,17-Apr-17
OPTSTK,CEATLTD,25-May-17,1050,PE,0,0,0,29.3,0.2,0,0,0,0,17-Apr-17
OPTSTK,CEATLTD,25-May-17,1100,PE,0,0,0,45.7,0.6,0,0,0,0,17-Apr-17
OPTSTK,CEATLTD,25-May-17,1150,PE,0,0,0,67.1,1.65,0,0,0,0,17-Apr-17
OPTSTK,CEATLTD,25-May-17,1200,PE,0,0,0,93.35,3.95,0,0,0,0,17-Apr-17
OPTSTK,CEATLTD,25-May-17,1250,PE,0,0,0,124.25,8.3,0,0,0,0,17-Apr-17
OPTSTK,CEATLTD,25-May-17,1300,PE,0,0,0,159.35,15.75,0,0,0,0,17-Apr-17
OPTSTK,CEATLTD,25-May-17,1350,PE,0,0,0,197.8,27.35,0,0,0,0,17-Apr-17
OPTSTK,CEATLTD,25-May-17,1400,PE,0,0,0,239.15,43.75,0,0,0,0,17-Apr-17
OPTSTK,CEATLTD,25-May-17,1450,PE,0,0,0,282.7,65.6,0,0,0,0,17-Apr-17
OPTSTK,CEATLTD,25-May-17,1500,PE,0,0,0,327.95,92.9,0,0,0,0,17-Apr-17
OPTSTK,CEATLTD,25-May-17,1550,PE,0,0,0,374.4,125.3,0,0,0,0,17-Apr-17
OPTSTK,CEATLTD,25-May-17,1600,PE,0,0,0,421.75,162.25,0,0,0,0,17-Apr-17
OPTSTK,CEATLTD,25-May-17,1650,PE,0,0,0,469.75,202.7,0,0,0,0,17-Apr-17
OPTSTK,CEATLTD,25-May-17,1700,PE,0,0,0,518.15,246.05,0,0,0,0,17-Apr-17
OPTSTK,CEATLTD,29-Jun-17,800,CE,0,0,0,527.05,663.85,0,0,0,0,17-Apr-17
OPTSTK,CEATLTD,29-Jun-17,850,CE,0,0,0,478.05,614.55,0,0,0,0,17-Apr-17
OPTSTK,CEATLTD,29-Jun-17,900,CE,0,0,0,429.25,565.25,0,0,0,0,17-Apr-17
OPTSTK,CEATLTD,29-Jun-17,950,CE,0,0,0,381,516.15,0,0,0,0,17-Apr-17
OPTSTK,CEATLTD,29-Jun-17,1000,CE,0,0,0,333.75,467.35,0,0,0,0,17-Apr-17
OPTSTK,CEATLTD,29-Jun-17,1050,CE,0,0,0,288,419.1,0,0,0,0,17-Apr-17
OPTSTK,CEATLTD,29-Jun-17,1100,CE,0,0,0,244.55,371.85,0,0,0,0,17-Apr-17
OPTSTK,CEATLTD,29-Jun-17,1150,CE,0,0,0,204.05,326.05,0,0,0,0,17-Apr-17
OPTSTK,CEATLTD,29-Jun-17,1200,CE,0,0,0,167.2,282.25,0,0,0,0,17-Apr-17
OPTSTK,CEATLTD,29-Jun-17,1250,CE,0,0,0,134.4,241,0,0,0,0,17-Apr-17
OPTSTK,CEATLTD,29-Jun-17,1300,CE,0,0,0,106.1,203,0,0,0,0,17-Apr-17
OPTSTK,CEATLTD,29-Jun-17,1350,CE,0,0,0,82.2,168.35,0,0,0,0,17-Apr-17
OPTSTK,CEATLTD,29-Jun-17,1400,CE,0,0,0,62.6,137.7,0,0,0,0,17-Apr-17
OPTSTK,CEATLTD,29-Jun-17,1450,CE,0,0,0,46.8,111,0,0,0,0,17-Apr-17
OPTSTK,CEATLTD,29-Jun-17,1500,CE,0,0,0,34.5,88.2,0,0,0,0,17-Apr-17
OPTSTK,CEATLTD,29-Jun-17,1550,CE,0,0,0,25,69.1,0,0,0,0,17-Apr-17
OPTSTK,CEATLTD,29-Jun-17,1600,CE,0,0,0,17.85,53.45,0,0,0,0,17-Apr-17
OPTSTK,CEATLTD,29-Jun-17,1650,CE,0,0,0,12.55,40.9,0,0,0,0,17-Apr-17
OPTSTK,CEATLTD,29-Jun-17,1700,CE,0,0,0,8.7,30.8,0,0,0,0,17-Apr-17
OPTSTK,CEATLTD,29-Jun-17,800,PE,0,0,0,0.1,0.05,0,0,0,0,17-Apr-17
OPTSTK,CEATLTD,29-Jun-17,850,PE,0,0,0,0.25,0.05,0,0,0,0,17-Apr-17
OPTSTK,CEATLTD,29-Jun-17,900,PE,0,0,0,0.6,0.15,0,0,0,0,17-Apr-17
OPTSTK,CEATLTD,29-Jun-17,950,PE,0,0,0,1.55,0.4,0,0,0,0,17-Apr-17
OPTSTK,CEATLTD,29-Jun-17,1000,PE,0,0,0,3.45,0.95,0,0,0,0,17-Apr-17
OPTSTK,CEATLTD,29-Jun-17,1050,PE,0,0,0,6.9,2.05,0,0,0,0,17-Apr-17
OPTSTK,CEATLTD,29-Jun-17,1100,PE,0,0,0,12.6,4.15,0,0,0,0,17-Apr-17
OPTSTK,CEATLTD,29-Jun-17,1150,PE,0,0,0,21.25,7.7,0,0,0,0,17-Apr-17
OPTSTK,CEATLTD,29-Jun-17,1200,PE,0,0,0,33.6,13.25,0,0,0,0,17-Apr-17
OPTSTK,CEATLTD,29-Jun-17,1250,PE,0,0,0,50,21.4,0,0,0,0,17-Apr-17
OPTSTK,CEATLTD,29-Jun-17,1300,PE,0,0,0,70.85,32.7,0,0,0,0,17-Apr-17
OPTSTK,CEATLTD,29-Jun-17,1350,PE,0,0,0,96.15,47.45,0,0,0,0,17-Apr-17
OPTSTK,CEATLTD,29-Jun-17,1400,PE,0,0,0,125.7,66.1,0,0,0,0,17-Apr-17
OPTSTK,CEATLTD,29-Jun-17,1450,PE,0,0,0,159.1,88.75,0,0,0,0,17-Apr-17
OPTSTK,CEATLTD,29-Jun-17,1500,PE,0,0,0,195.95,115.35,0,0,0,0,17-Apr-17
OPTSTK,CEATLTD,29-Jun-17,1550,PE,0,0,0,235.6,145.6,0,0,0,0,17-Apr-17
OPTSTK,CEATLTD,29-Jun-17,1600,PE,0,0,0,277.65,179.3,0,0,0,0,17-Apr-17
OPTSTK,CEATLTD,29-Jun-17,1650,PE,0,0,0,321.55,216.05,0,0,0,0,17-Apr-17
OPTSTK,CEATLTD,29-Jun-17,1700,PE,0,0,0,366.9,255.35,0,0,0,0,17-Apr-17
OPTSTK,CENTURYTEX,27-Apr-17,500,CE,0,0,0,348.3,625.2,0,0,0,0,17-Apr-17
OPTSTK,CENTURYTEX,27-Apr-17,550,CE,0,0,0,299.55,575.3,0,0,0,0,17-Apr-17
OPTSTK,CENTURYTEX,27-Apr-17,600,CE,0,0,0,251.8,525.35,0,0,0,0,17-Apr-17
OPTSTK,CENTURYTEX,27-Apr-17,650,CE,0,0,0,206,475.45,0,0,0,0,17-Apr-17
OPTSTK,CENTURYTEX,27-Apr-17,680,CE,0,0,0,371.25,445.5,0,0,0,0,17-Apr-17
OPTSTK,CENTURYTEX,27-Apr-17,700,CE,0,0,0,163.55,425.55,0,0,0,0,17-Apr-17
OPTSTK,CENTURYTEX,27-Apr-17,720,CE,0,0,0,331.45,405.55,0,0,0,0,17-Apr-17
OPTSTK,CENTURYTEX,27-Apr-17,740,CE,0,0,0,311.55,385.6,0,0,0,0,17-Apr-17
OPTSTK,CENTURYTEX,27-Apr-17,750,CE,0,0,0,125.75,375.65,0,0,0,0,17-Apr-17
OPTSTK,CENTURYTEX,27-Apr-17,760,CE,0,0,0,291.65,365.65,0,0,0,0,17-Apr-17
OPTSTK,CENTURYTEX,27-Apr-17,780,CE,0,0,0,271.75,345.7,0,0,0,0,17-Apr-17
OPTSTK,CENTURYTEX,27-Apr-17,800,CE,0,0,0,257,325.7,0,0,3300,0,17-Apr-17
OPTSTK,CENTURYTEX,27-Apr-17,820,CE,0,0,0,231.95,305.75,0,0,0,0,17-Apr-17
OPTSTK,CENTURYTEX,27-Apr-17,840,CE,0,0,0,212.15,285.8,0,0,0,0,17-Apr-17
OPTSTK,CENTURYTEX,27-Apr-17,850,CE,0,0,0,209,275.8,0,0,4400,0,17-Apr-17
OPTSTK,CENTURYTEX,27-Apr-17,860,CE,0,0,0,192.35,265.8,0,0,0,0,17-Apr-17
OPTSTK,CENTURYTEX,27-Apr-17,880,CE,0,0,0,172.75,245.85,0,0,0,0,17-Apr-17
OPTSTK,CENTURYTEX,27-Apr-17,900,CE,0,0,0,154.2,225.9,0,0,6600,0,17-Apr-17
OPTSTK,CENTURYTEX,27-Apr-17,920,CE,0,0,0,134.45,205.9,0,0,0,0,17-Apr-17
OPTSTK,CENTURYTEX,27-Apr-17,940,CE,0,0,0,116.1,185.95,0,0,0,0,17-Apr-17
OPTSTK,CENTURYTEX,27-Apr-17,950,CE,0,0,0,120,176,0,0,12100,0,17-Apr-17
OPTSTK,CENTURYTEX,27-Apr-17,960,CE,0,0,0,98.65,166,0,0,0,0,17-Apr-17
OPTSTK,CENTURYTEX,27-Apr-17,980,CE,0,0,0,82.3,146.1,0,0,0,0,17-Apr-17
OPTSTK,CENTURYTEX,27-Apr-17,1000,CE,93,93,93,93,93,1,12.02,26400,0,17-Apr-17
OPTSTK,CENTURYTEX,27-Apr-17,1020,CE,0,0,0,53.95,106.8,0,0,0,0,17-Apr-17
OPTSTK,CENTURYTEX,27-Apr-17,1040,CE,75,95,75,95,95,3,37.23,2200,-1100,17-Apr-17
OPTSTK,CENTURYTEX,27-Apr-17,1050,CE,47.2,91,47,81.5,81.5,18,220.81,69300,-14300,17-Apr-17
OPTSTK,CENTURYTEX,27-Apr-17,1060,CE,45,80,45,80,80,7,85.66,14300,-2200,17-Apr-17
OPTSTK,CENTURYTEX,27-Apr-17,1080,CE,32.9,65,32,59,59,24,297.18,46200,-11000,17-Apr-17
OPTSTK,CENTURYTEX,27-Apr-17,1100,CE,18.35,52.7,17.45,42.9,42.9,1236,15390.81,227700,-147400,17-Apr-17
OPTSTK,CENTURYTEX,27-Apr-17,1120,CE,13.35,39.9,12.5,30.7,30.7,376,4752.13,72600,6600,17-Apr-17
OPTSTK,CENTURYTEX,27-Apr-17,1140,CE,7.25,26.95,7.25,22.15,22.15,98,1253.19,61600,42900,17-Apr-17
OPTSTK,CENTURYTEX,27-Apr-17,1150,CE,4.85,25.55,4.85,17.8,17.8,742,9526.81,199100,40700,17-Apr-17
OPTSTK,CENTURYTEX,27-Apr-17,1160,CE,7,15.45,7,14.8,14.8,14,180.82,14300,9900,17-Apr-17
OPTSTK,CENTURYTEX,27-Apr-17,1180,CE,9.9,9.9,9.9,9.9,9.9,2,26.17,2200,0,17-Apr-17
OPTSTK,CENTURYTEX,27-Apr-17,1200,CE,2.3,11,1.6,6.4,6.4,414,5498.69,115500,36300,17-Apr-17
OPTSTK,CENTURYTEX,27-Apr-17,1220,CE,0,0,0,1.65,1.9,0,0,0,0,17-Apr-17
OPTSTK,CENTURYTEX,27-Apr-17,1240,CE,3.1,3.9,1.4,1.4,1.4,3,41.01,4400,1100,17-Apr-17
OPTSTK,CENTURYTEX,27-Apr-17,1250,CE,0.5,4.9,0.5,2.45,2.45,83,1143.99,27500,4400,17-Apr-17
OPTSTK,CENTURYTEX,27-Apr-17,1260,CE,0,0,0,0.65,0.45,0,0,0,0,17-Apr-17
OPTSTK,CENTURYTEX,27-Apr-17,1280,CE,0,0,0,0.4,0.2,0,0,0,0,17-Apr-17
OPTSTK,CENTURYTEX,27-Apr-17,1300,CE,0,0,0,1.2,0.1,0,0,0,0,17-Apr-17
OPTSTK,CENTURYTEX,27-Apr-17,500,PE,0,0,0,0.15,0,0,0,0,0,17-Apr-17
OPTSTK,CENTURYTEX,27-Apr-17,550,PE,0,0,0,0.6,0,0,0,0,0,17-Apr-17
OPTSTK,CENTURYTEX,27-Apr-17,600,PE,0,0,0,2,0,0,0,0,0,17-Apr-17
OPTSTK,CENTURYTEX,27-Apr-17,650,PE,0,0,0,5.35,0,0,0,0,0,17-Apr-17
OPTSTK,CENTURYTEX,27-Apr-17,680,PE,0,0,0,0.05,0,0,0,0,0,17-Apr-17
OPTSTK,CENTURYTEX,27-Apr-17,700,PE,0,0,0,12.1,0,0,0,0,0,17-Apr-17
OPTSTK,CENTURYTEX,27-Apr-17,720,PE,0,0,0,0.05,0,0,0,0,0,17-Apr-17
OPTSTK,CENTURYTEX,27-Apr-17,740,PE,0,0,0,0.05,0,0,0,0,0,17-Apr-17
OPTSTK,CENTURYTEX,27-Apr-17,750,PE,0,0,0,23.45,0,0,0,0,0,17-Apr-17
OPTSTK,CENTURYTEX,27-Apr-17,760,PE,0,0,0,0.05,0,0,0,0,0,17-Apr-17
OPTSTK,CENTURYTEX,27-Apr-17,780,PE,0,0,0,0.05,0,0,0,0,0,17-Apr-17
OPTSTK,CENTURYTEX,27-Apr-17,800,PE,0,0,0,0.1,0,0,0,1100,0,17-Apr-17
OPTSTK,CENTURYTEX,27-Apr-17,820,PE,0,0,0,0.05,0,0,0,0,0,17-Apr-17
OPTSTK,CENTURYTEX,27-Apr-17,840,PE,0,0,0,0.1,0,0,0,0,0,17-Apr-17
OPTSTK,CENTURYTEX,27-Apr-17,850,PE,0,0,0,0.8,0,0,0,4400,0,17-Apr-17
OPTSTK,CENTURYTEX,27-Apr-17,860,PE,0,0,0,0.25,0,0,0,0,0,17-Apr-17
OPTSTK,CENTURYTEX,27-Apr-17,880,PE,0,0,0,0.55,0,0,0,0,0,17-Apr-17
OPTSTK,CENTURYTEX,27-Apr-17,900,PE,0,0,0,0.5,0,0,0,35200,0,17-Apr-17
OPTSTK,CENTURYTEX,27-Apr-17,920,PE,0,0,0,2.05,0,0,0,0,0,17-Apr-17
OPTSTK,CENTURYTEX,27-Apr-17,940,PE,0,0,0,4.45,0.05,0,0,1100,0,17-Apr-17
OPTSTK,CENTURYTEX,27-Apr-17,950,PE,0.5,1.25,0.15,0.2,0.2,8,83.65,72600,-5500,17-Apr-17
OPTSTK,CENTURYTEX,27-Apr-17,960,PE,0,0,0,6.05,0.05,0,0,0,0,17-Apr-17
OPTSTK,CENTURYTEX,27-Apr-17,980,PE,1.75,1.75,0.2,0.25,0.25,4,43.15,12100,0,17-Apr-17
OPTSTK,CENTURYTEX,27-Apr-17,1000,PE,3,3.75,0.8,1,1,99,1090.76,92400,-23100,17-Apr-17
OPTSTK,CENTURYTEX,27-Apr-17,1020,PE,5,5,1.35,1.45,1.45,10,112.44,15400,-1100,17-Apr-17
OPTSTK,CENTURYTEX,27-Apr-17,1040,PE,7.7,8.1,1.8,2.2,2.2,21,241.13,22000,0,17-Apr-17
OPTSTK,CENTURYTEX,27-Apr-17,1050,PE,12.75,12.75,3.2,3.55,3.55,232,2696.47,93500,-15400,17-Apr-17
OPTSTK,CENTURYTEX,27-Apr-17,1060,PE,13.5,13.5,4.15,4.45,4.45,37,434.53,28600,6600,17-Apr-17
OPTSTK,CENTURYTEX,27-Apr-17,1080,PE,19.6,21.25,7.5,9.3,9.3,78,937.48,46200,11000,17-Apr-17
OPTSTK,CENTURYTEX,27-Apr-17,1100,PE,29,31.5,12.5,13.8,13.8,155,1903.95,72600,26400,17-Apr-17
OPTSTK,CENTURYTEX,27-Apr-17,1120,PE,22.5,24,20.5,21.5,21.5,18,226.13,8800,8800,17-Apr-17
OPTSTK,CENTURYTEX,27-Apr-17,1140,PE,31.7,33.05,30.5,31.5,31.5,8,103.11,4400,4400,17-Apr-17
OPTSTK,CENTURYTEX,27-Apr-17,1150,PE,39.9,40,35.5,35.5,35.5,3,39.21,4400,3300,17-Apr-17
OPTSTK,CENTURYTEX,27-Apr-17,1160,PE,0,0,0,112.45,44.8,0,0,0,0,17-Apr-17
OPTSTK,CENTURYTEX,27-Apr-17,1180,PE,0,0,0,130.3,60.15,0,0,0,0,17-Apr-17
OPTSTK,CENTURYTEX,27-Apr-17,1200,PE,0,0,0,343.65,77.2,0,0,0,0,17-Apr-17
OPTSTK,CENTURYTEX,27-Apr-17,1220,PE,0,0,0,167.75,95.45,0,0,0,0,17-Apr-17
OPTSTK,CENTURYTEX,27-Apr-17,1240,PE,0,0,0,187.05,114.45,0,0,0,0,17-Apr-17
OPTSTK,CENTURYTEX,27-Apr-17,1250,PE,0,0,0,391.5,124.15,0,0,0,0,17-Apr-17
OPTSTK,CENTURYTEX,27-Apr-17,1260,PE,0,0,0,206.55,133.95,0,0,0,0,17-Apr-17
OPTSTK,CENTURYTEX,27-Apr-17,1280,PE,0,0,0,226.2,153.65,0,0,0,0,17-Apr-17
OPTSTK,CENTURYTEX,27-Apr-17,1300,PE,0,0,0,439.9,173.55,0,0,0,0,17-Apr-17
OPTSTK,CENTURYTEX,25-May-17,500,CE,0,0,0,453.85,627.7,0,0,0,0,17-Apr-17
OPTSTK,CENTURYTEX,25-May-17,550,CE,0,0,0,404.7,578.05,0,0,0,0,17-Apr-17
OPTSTK,CENTURYTEX,25-May-17,600,CE,0,0,0,355.6,528.35,0,0,0,0,17-Apr-17
OPTSTK,CENTURYTEX,25-May-17,650,CE,0,0,0,306.9,478.7,0,0,0,0,17-Apr-17
OPTSTK,CENTURYTEX,25-May-17,680,CE,0,0,0,374.8,448.9,0,0,0,0,17-Apr-17
OPTSTK,CENTURYTEX,25-May-17,700,CE,0,0,0,259.2,429.05,0,0,0,0,17-Apr-17
OPTSTK,CENTURYTEX,25-May-17,720,CE,0,0,0,335.2,409.2,0,0,0,0,17-Apr-17
OPTSTK,CENTURYTEX,25-May-17,740,CE,0,0,0,315.45,389.3,0,0,0,0,17-Apr-17
OPTSTK,CENTURYTEX,25-May-17,750,CE,0,0,0,213.4,379.4,0,0,0,0,17-Apr-17
OPTSTK,CENTURYTEX,25-May-17,760,CE,0,0,0,295.7,369.45,0,0,0,0,17-Apr-17
OPTSTK,CENTURYTEX,25-May-17,780,CE,0,0,0,276,349.6,0,0,0,0,17-Apr-17
OPTSTK,CENTURYTEX,25-May-17,800,CE,0,0,0,170.8,329.75,0,0,0,0,17-Apr-17
OPTSTK,CENTURYTEX,25-May-17,820,CE,0,0,0,236.9,309.9,0,0,0,0,17-Apr-17
OPTSTK,CENTURYTEX,25-May-17,840,CE,0,0,0,217.6,290.05,0,0,0,0,17-Apr-17
OPTSTK,CENTURYTEX,25-May-17,850,CE,0,0,0,132.6,280.15,0,0,0,0,17-Apr-17
OPTSTK,CENTURYTEX,25-May-17,860,CE,0,0,0,198.6,270.25,0,0,0,0,17-Apr-17
OPTSTK,CENTURYTEX,25-May-17,880,CE,0,0,0,179.95,250.5,0,0,0,0,17-Apr-17
OPTSTK,CENTURYTEX,25-May-17,900,CE,0,0,0,99.65,230.9,0,0,0,0,17-Apr-17
OPTSTK,CENTURYTEX,25-May-17,920,CE,0,0,0,144.35,211.45,0,0,0,0,17-Apr-17
OPTSTK,CENTURYTEX,25-May-17,940,CE,0,0,0,127.65,192.25,0,0,0,0,17-Apr-17
OPTSTK,CENTURYTEX,25-May-17,950,CE,0,0,0,72.6,182.8,0,0,0,0,17-Apr-17
OPTSTK,CENTURYTEX,25-May-17,960,CE,0,0,0,111.8,173.4,0,0,0,0,17-Apr-17
OPTSTK,CENTURYTEX,25-May-17,980,CE,0,0,0,97.05,155.1,0,0,0,0,17-Apr-17
OPTSTK,CENTURYTEX,25-May-17,1000,CE,0,0,0,51.25,137.4,0,0,0,0,17-Apr-17
OPTSTK,CENTURYTEX,25-May-17,1020,CE,0,0,0,70.9,120.5,0,0,0,0,17-Apr-17
OPTSTK,CENTURYTEX,25-May-17,1040,CE,0,0,0,59.65,104.55,0,0,0,0,17-Apr-17
OPTSTK,CENTURYTEX,25-May-17,1050,CE,0,0,0,35.15,96.95,0,0,0,0,17-Apr-17
OPTSTK,CENTURYTEX,25-May-17,1060,CE,0,0,0,49.7,89.7,0,0,0,0,17-Apr-17
OPTSTK,CENTURYTEX,25-May-17,1080,CE,0,0,0,41,76,0,0,0,0,17-Apr-17
OPTSTK,CENTURYTEX,25-May-17,1100,CE,57.45,64,57.45,60.75,60.75,2,25.53,3300,2200,17-Apr-17
OPTSTK,CENTURYTEX,25-May-17,1120,CE,0,0,0,27,52.65,0,0,0,0,17-Apr-17
OPTSTK,CENTURYTEX,25-May-17,1140,CE,0,0,0,21.6,43,0,0,0,0,17-Apr-17
OPTSTK,CENTURYTEX,25-May-17,1150,CE,0,0,0,26,38.65,0,0,1100,0,17-Apr-17
OPTSTK,CENTURYTEX,25-May-17,1160,CE,31.2,31.2,31.2,31.2,31.2,1,13.1,1100,1100,17-Apr-17
OPTSTK,CENTURYTEX,25-May-17,1180,CE,0,0,0,13.4,27.6,0,0,0,0,17-Apr-17
OPTSTK,CENTURYTEX,25-May-17,1200,CE,0,0,0,9.75,21.65,0,0,0,0,17-Apr-17
OPTSTK,CENTURYTEX,25-May-17,1220,CE,0,0,0,8,16.85,0,0,0,0,17-Apr-17
OPTSTK,CENTURYTEX,25-May-17,1240,CE,0,0,0,6.1,12.9,0,0,0,0,17-Apr-17
OPTSTK,CENTURYTEX,25-May-17,1250,CE,0,0,0,6.05,11.25,0,0,0,0,17-Apr-17
OPTSTK,CENTURYTEX,25-May-17,1260,CE,0,0,0,4.6,9.75,0,0,0,0,17-Apr-17
OPTSTK,CENTURYTEX,25-May-17,1280,CE,0,0,0,3.45,7.3,0,0,0,0,17-Apr-17
OPTSTK,CENTURYTEX,25-May-17,1300,CE,0,0,0,3.7,5.4,0,0,0,0,17-Apr-17
OPTSTK,CENTURYTEX,25-May-17,500,PE,0,0,0,0.05,0,0,0,0,0,17-Apr-17
OPTSTK,CENTURYTEX,25-May-17,550,PE,0,0,0,0.05,0,0,0,0,0,17-Apr-17
OPTSTK,CENTURYTEX,25-May-17,600,PE,0,0,0,0.2,0,0,0,0,0,17-Apr-17
OPTSTK,CENTURYTEX,25-May-17,650,PE,0,0,0,0.7,0,0,0,0,0,17-Apr-17
OPTSTK,CENTURYTEX,25-May-17,680,PE,0,0,0,0.05,0,0,0,0,0,17-Apr-17
OPTSTK,CENTURYTEX,25-May-17,700,PE,0,0,0,2.25,0,0,0,0,0,17-Apr-17
OPTSTK,CENTURYTEX,25-May-17,720,PE,0,0,0,0.05,0,0,0,0,0,17-Apr-17
OPTSTK,CENTURYTEX,25-May-17,740,PE,0,0,0,0.05,0,0,0,0,0,17-Apr-17
OPTSTK,CENTURYTEX,25-May-17,750,PE,0,0,0,5.65,0,0,0,0,0,17-Apr-17
OPTSTK,CENTURYTEX,25-May-17,760,PE,0,0,0,0.1,0,0,0,0,0,17-Apr-17
OPTSTK,CENTURYTEX,25-May-17,780,PE,0,0,0,0.2,0,0,0,0,0,17-Apr-17
OPTSTK,CENTURYTEX,25-May-17,800,PE,0,0,0,12.25,0.05,0,0,0,0,17-Apr-17
OPTSTK,CENTURYTEX,25-May-17,820,PE,0,0,0,0.7,0.05,0,0,0,0,17-Apr-17
OPTSTK,CENTURYTEX,25-May-17,840,PE,0,0,0,1.2,0.1,0,0,0,0,17-Apr-17
OPTSTK,CENTURYTEX,25-May-17,850,PE,0,0,0,23.25,0.1,0,0,0,0,17-Apr-17
OPTSTK,CENTURYTEX,25-May-17,860,PE,0,0,0,2,0.15,0,0,0,0,17-Apr-17
OPTSTK,CENTURYTEX,25-May-17,880,PE,0,0,0,3.15,0.3,0,0,0,0,17-Apr-17
OPTSTK,CENTURYTEX,25-May-17,900,PE,0,0,0,39.5,0.55,0,0,0,0,17-Apr-17
OPTSTK,CENTURYTEX,25-May-17,920,PE,0,0,0,7.15,0.95,0,0,0,0,17-Apr-17
OPTSTK,CENTURYTEX,25-May-17,940,PE,0,0,0,10.2,1.6,0,0,0,0,17-Apr-17
OPTSTK,CENTURYTEX,25-May-17,950,PE,0,0,0,61.7,2.1,0,0,0,0,17-Apr-17
OPTSTK,CENTURYTEX,25-May-17,960,PE,0,0,0,14.2,2.65,0,0,0,0,17-Apr-17
OPTSTK,CENTURYTEX,25-May-17,980,PE,0,0,0,19.2,4.15,0,0,0,0,17-Apr-17
OPTSTK,CENTURYTEX,25-May-17,1000,PE,7.5,7.5,7.5,7.5,7.5,1,11.08,1100,1100,17-Apr-17
OPTSTK,CENTURYTEX,25-May-17,1020,PE,0,0,0,32.65,9.3,0,0,0,0,17-Apr-17
OPTSTK,CENTURYTEX,25-May-17,1040,PE,12.5,12.5,12.5,12.5,12.5,2,23.15,2200,2200,17-Apr-17
OPTSTK,CENTURYTEX,25-May-17,1050,PE,0,0,0,122.7,15.55,0,0,0,0,17-Apr-17
OPTSTK,CENTURYTEX,25-May-17,1060,PE,0,0,0,51.05,18.25,0,0,0,0,17-Apr-17
OPTSTK,CENTURYTEX,25-May-17,1080,PE,0,0,0,62.15,24.4,0,0,0,0,17-Apr-17
OPTSTK,CENTURYTEX,25-May-17,1100,PE,29.65,32.5,29.65,31.1,31.1,2,24.88,2200,1100,17-Apr-17
OPTSTK,CENTURYTEX,25-May-17,1120,PE,0,0,0,87.75,40.8,0,0,0,0,17-Apr-17
OPTSTK,CENTURYTEX,25-May-17,1140,PE,0,0,0,102.15,51,0,0,0,0,17-Apr-17
OPTSTK,CENTURYTEX,25-May-17,1150,PE,0,0,0,92.35,56.6,0,0,2200,0,17-Apr-17
OPTSTK,CENTURYTEX,25-May-17,1160,PE,0,0,0,117.45,62.55,0,0,0,0,17-Apr-17
OPTSTK,CENTURYTEX,25-May-17,1180,PE,0,0,0,133.55,75.3,0,0,0,0,17-Apr-17
OPTSTK,CENTURYTEX,25-May-17,1200,PE,0,0,0,244.9,89.3,0,0,0,0,17-Apr-17
OPTSTK,CENTURYTEX,25-May-17,1220,PE,0,0,0,167.7,104.3,0,0,0,0,17-Apr-17
OPTSTK,CENTURYTEX,25-May-17,1240,PE,0,0,0,185.6,120.25,0,0,0,0,17-Apr-17
OPTSTK,CENTURYTEX,25-May-17,1250,PE,0,0,0,290.45,128.5,0,0,0,0,17-Apr-17
OPTSTK,CENTURYTEX,25-May-17,1260,PE,0,0,0,203.9,136.95,0,0,0,0,17-Apr-17
OPTSTK,CENTURYTEX,25-May-17,1280,PE,0,0,0,222.55,154.4,0,0,0,0,17-Apr-17
OPTSTK,CENTURYTEX,25-May-17,1300,PE,0,0,0,337.3,172.35,0,0,0,0,17-Apr-17
OPTSTK,CENTURYTEX,29-Jun-17,640,CE,0,0,0,418.45,492.6,0,0,0,0,17-Apr-17
OPTSTK,CENTURYTEX,29-Jun-17,660,CE,0,0,0,398.8,472.85,0,0,0,0,17-Apr-17
OPTSTK,CENTURYTEX,29-Jun-17,680,CE,0,0,0,379.15,453.1,0,0,0,0,17-Apr-17
OPTSTK,CENTURYTEX,29-Jun-17,700,CE,0,0,0,359.55,433.35,0,0,0,0,17-Apr-17
OPTSTK,CENTURYTEX,29-Jun-17,720,CE,0,0,0,339.95,413.65,0,0,0,0,17-Apr-17
OPTSTK,CENTURYTEX,29-Jun-17,740,CE,0,0,0,320.45,393.95,0,0,0,0,17-Apr-17
OPTSTK,CENTURYTEX,29-Jun-17,760,CE,0,0,0,301.05,374.25,0,0,0,0,17-Apr-17
OPTSTK,CENTURYTEX,29-Jun-17,780,CE,0,0,0,281.8,354.6,0,0,0,0,17-Apr-17
OPTSTK,CENTURYTEX,29-Jun-17,800,CE,0,0,0,262.75,334.95,0,0,0,0,17-Apr-17
OPTSTK,CENTURYTEX,29-Jun-17,820,CE,0,0,0,243.95,315.45,0,0,0,0,17-Apr-17
OPTSTK,CENTURYTEX,29-Jun-17,840,CE,0,0,0,225.5,296.05,0,0,0,0,17-Apr-17
OPTSTK,CENTURYTEX,29-Jun-17,860,CE,0,0,0,207.45,276.8,0,0,0,0,17-Apr-17
OPTSTK,CENTURYTEX,29-Jun-17,880,CE,0,0,0,189.85,257.8,0,0,0,0,17-Apr-17
OPTSTK,CENTURYTEX,29-Jun-17,900,CE,0,0,0,172.9,239.05,0,0,0,0,17-Apr-17
OPTSTK,CENTURYTEX,29-Jun-17,920,CE,0,0,0,156.6,220.7,0,0,0,0,17-Apr-17
OPTSTK,CENTURYTEX,29-Jun-17,940,CE,0,0,0,141.05,202.75,0,0,0,0,17-Apr-17
OPTSTK,CENTURYTEX,29-Jun-17,960,CE,0,0,0,126.35,185.35,0,0,0,0,17-Apr-17
OPTSTK,CENTURYTEX,29-Jun-17,980,CE,0,0,0,112.45,168.55,0,0,0,0,17-Apr-17
OPTSTK,CENTURYTEX,29-Jun-17,1000,CE,0,0,0,99.55,152.45,0,0,0,0,17-Apr-17
OPTSTK,CENTURYTEX,29-Jun-17,1020,CE,0,0,0,87.65,137.15,0,0,0,0,17-Apr-17
OPTSTK,CENTURYTEX,29-Jun-17,1040,CE,0,0,0,76.7,122.7,0,0,0,0,17-Apr-17
OPTSTK,CENTURYTEX,29-Jun-17,1060,CE,0,0,0,66.7,109.05,0,0,0,0,17-Apr-17
OPTSTK,CENTURYTEX,29-Jun-17,1080,CE,0,0,0,57.7,96.4,0,0,0,0,17-Apr-17
OPTSTK,CENTURYTEX,29-Jun-17,1100,CE,0,0,0,49.6,84.7,0,0,0,0,17-Apr-17
OPTSTK,CENTURYTEX,29-Jun-17,1120,CE,0,0,0,42.4,74,0,0,0,0,17-Apr-17
OPTSTK,CENTURYTEX,29-Jun-17,1140,CE,0,0,0,36.05,64.25,0,0,0,0,17-Apr-17
OPTSTK,CENTURYTEX,29-Jun-17,1160,CE,0,0,0,30.5,55.45,0,0,0,0,17-Apr-17
OPTSTK,CENTURYTEX,29-Jun-17,1180,CE,0,0,0,25.7,47.6,0,0,0,0,17-Apr-17
OPTSTK,CENTURYTEX,29-Jun-17,1200,CE,0,0,0,21.5,40.65,0,0,0,0,17-Apr-17
OPTSTK,CENTURYTEX,29-Jun-17,1220,CE,0,0,0,17.9,34.45,0,0,0,0,17-Apr-17
OPTSTK,CENTURYTEX,29-Jun-17,1240,CE,0,0,0,14.85,29.1,0,0,0,0,17-Apr-17
OPTSTK,CENTURYTEX,29-Jun-17,1260,CE,0,0,0,12.25,24.5,0,0,0,0,17-Apr-17
OPTSTK,CENTURYTEX,29-Jun-17,1280,CE,0,0,0,10.05,20.4,0,0,0,0,17-Apr-17
OPTSTK,CENTURYTEX,29-Jun-17,1300,CE,0,0,0,8.2,16.95,0,0,0,0,17-Apr-17
OPTSTK,CENTURYTEX,29-Jun-17,640,PE,0,0,0,0.05,0,0,0,0,0,17-Apr-17
OPTSTK,CENTURYTEX,29-Jun-17,660,PE,0,0,0,0.05,0,0,0,0,0,17-Apr-17
OPTSTK,CENTURYTEX,29-Jun-17,680,PE,0,0,0,0.1,0.05,0,0,0,0,17-Apr-17
OPTSTK,CENTURYTEX,29-Jun-17,700,PE,0,0,0,0.15,0.05,0,0,0,0,17-Apr-17
OPTSTK,CENTURYTEX,29-Jun-17,720,PE,0,0,0,0.25,0.05,0,0,0,0,17-Apr-17
OPTSTK,CENTURYTEX,29-Jun-17,740,PE,0,0,0,0.4,0.05,0,0,0,0,17-Apr-17
OPTSTK,CENTURYTEX,29-Jun-17,760,PE,0,0,0,0.7,0.1,0,0,0,0,17-Apr-17
OPTSTK,CENTURYTEX,29-Jun-17,780,PE,0,0,0,1.1,0.2,0,0,0,0,17-Apr-17
OPTSTK,CENTURYTEX,29-Jun-17,800,PE,0,0,0,1.7,0.35,0,0,0,0,17-Apr-17
OPTSTK,CENTURYTEX,29-Jun-17,820,PE,0,0,0,2.6,0.55,0,0,0,0,17-Apr-17
OPTSTK,CENTURYTEX,29-Jun-17,840,PE,0,0,0,3.8,0.9,0,0,0,0,17-Apr-17
OPTSTK,CENTURYTEX,29-Jun-17,860,PE,0,0,0,5.4,1.4,0,0,0,0,17-Apr-17
OPTSTK,CENTURYTEX,29-Jun-17,880,PE,0,0,0,7.5,2.15,0,0,0,0,17-Apr-17
OPTSTK,CENTURYTEX,29-Jun-17,900,PE,0,0,0,10.2,3.15,0,0,0,0,17-Apr-17
OPTSTK,CENTURYTEX,29-Jun-17,920,PE,0,0,0,13.6,4.5,0,0,0,0,17-Apr-17
OPTSTK,CENTURYTEX,29-Jun-17,940,PE,0,0,0,17.7,6.35,0,0,0,0,17-Apr-17
OPTSTK,CENTURYTEX,29-Jun-17,960,PE,0,0,0,22.7,8.65,0,0,0,0,17-Apr-17
OPTSTK,CENTURYTEX,29-Jun-17,980,PE,0,0,0,28.45,11.6,0,0,0,0,17-Apr-17
OPTSTK,CENTURYTEX,29-Jun-17,1000,PE,0,0,0,35.25,15.25,0,0,0,0,17-Apr-17
OPTSTK,CENTURYTEX,29-Jun-17,1020,PE,0,0,0,42.95,19.65,0,0,0,0,17-Apr-17
OPTSTK,CENTURYTEX,29-Jun-17,1040,PE,0,0,0,51.7,24.95,0,0,0,0,17-Apr-17
OPTSTK,CENTURYTEX,29-Jun-17,1060,PE,0,0,0,61.35,31.05,0,0,0,0,17-Apr-17
OPTSTK,CENTURYTEX,29-Jun-17,1080,PE,0,0,0,72,38.15,0,0,0,0,17-Apr-17
OPTSTK,CENTURYTEX,29-Jun-17,1100,PE,0,0,0,83.6,46.2,0,0,0,0,17-Apr-17
OPTSTK,CENTURYTEX,29-Jun-17,1120,PE,0,0,0,96.1,55.25,0,0,0,0,17-Apr-17
OPTSTK,CENTURYTEX,29-Jun-17,1140,PE,0,0,0,109.4,65.25,0,0,0,0,17-Apr-17
OPTSTK,CENTURYTEX,29-Jun-17,1160,PE,0,0,0,123.5,76.2,0,0,0,0,17-Apr-17
OPTSTK,CENTURYTEX,29-Jun-17,1180,PE,0,0,0,138.4,88.05,0,0,0,0,17-Apr-17
OPTSTK,CENTURYTEX,29-Jun-17,1200,PE,0,0,0,153.85,100.85,0,0,0,0,17-Apr-17
OPTSTK,CENTURYTEX,29-Jun-17,1220,PE,0,0,0,169.9,114.4,0,0,0,0,17-Apr-17
OPTSTK,CENTURYTEX,29-Jun-17,1240,PE,0,0,0,186.55,128.75,0,0,0,0,17-Apr-17
OPTSTK,CENTURYTEX,29-Jun-17,1260,PE,0,0,0,203.6,143.9,0,0,0,0,17-Apr-17
OPTSTK,CENTURYTEX,29-Jun-17,1280,PE,0,0,0,221.1,159.55,0,0,0,0,17-Apr-17
OPTSTK,CENTURYTEX,29-Jun-17,1300,PE,0,0,0,238.9,175.85,0,0,0,0,17-Apr-17
OPTSTK,CESC,27-Apr-17,460,CE,0,0,0,284.4,381.8,0,0,0,0,17-Apr-17
OPTSTK,CESC,27-Apr-17,480,CE,0,0,0,264.8,361.85,0,0,0,0,17-Apr-17
OPTSTK,CESC,27-Apr-17,500,CE,0,0,0,245.3,341.9,0,0,0,0,17-Apr-17
OPTSTK,CESC,27-Apr-17,520,CE,0,0,0,225.95,321.95,0,0,0,0,17-Apr-17
OPTSTK,CESC,27-Apr-17,540,CE,0,0,0,206.85,301.95,0,0,0,0,17-Apr-17
OPTSTK,CESC,27-Apr-17,560,CE,0,0,0,188.05,282,0,0,0,0,17-Apr-17
OPTSTK,CESC,27-Apr-17,580,CE,0,0,0,169.7,262.05,0,0,0,0,17-Apr-17
OPTSTK,CESC,27-Apr-17,600,CE,0,0,0,152,242.05,0,0,0,0,17-Apr-17
OPTSTK,CESC,27-Apr-17,620,CE,0,0,0,134.95,222.1,0,0,0,0,17-Apr-17
OPTSTK,CESC,27-Apr-17,640,CE,0,0,0,118.85,202.15,0,0,0,0,17-Apr-17
OPTSTK,CESC,27-Apr-17,660,CE,0,0,0,103.75,182.15,0,0,0,0,17-Apr-17
OPTSTK,CESC,27-Apr-17,680,CE,0,0,0,89.7,162.2,0,0,0,0,17-Apr-17
OPTSTK,CESC,27-Apr-17,700,CE,0,0,0,76.9,142.25,0,0,0,0,17-Apr-17
OPTSTK,CESC,27-Apr-17,720,CE,0,0,0,65.3,122.25,0,0,0,0,17-Apr-17
OPTSTK,CESC,27-Apr-17,740,CE,0,0,0,54.95,102.3,0,0,0,0,17-Apr-17
OPTSTK,CESC,27-Apr-17,760,CE,0,0,0,45.85,82.35,0,0,0,0,17-Apr-17
OPTSTK,CESC,27-Apr-17,780,CE,0,0,0,37.95,62.6,0,0,0,0,17-Apr-17
OPTSTK,CESC,27-Apr-17,800,CE,0,0,0,51,43.6,0,0,1100,0,17-Apr-17
OPTSTK,CESC,27-Apr-17,820,CE,0,0,0,32.1,26.75,0,0,2200,0,17-Apr-17
OPTSTK,CESC,27-Apr-17,840,CE,16.5,20.8,13.65,20.25,20.25,23,216.65,74800,-1100,17-Apr-17
OPTSTK,CESC,27-Apr-17,860,CE,7.65,10.9,6.75,10.2,10.2,36,344.05,145200,-6600,17-Apr-17
OPTSTK,CESC,27-Apr-17,880,CE,2.95,5.6,2.95,5.6,5.6,11,106.95,57200,2200,17-Apr-17
OPTSTK,CESC,27-Apr-17,900,CE,2,2.5,1.5,2.35,2.35,14,138.88,31900,-8800,17-Apr-17
OPTSTK,CESC,27-Apr-17,920,CE,0,0,0,1,0.15,0,0,12100,0,17-Apr-17
OPTSTK,CESC,27-Apr-17,940,CE,0,0,0,2.5,0.05,0,0,4400,0,17-Apr-17
OPTSTK,CESC,27-Apr-17,960,CE,0,0,0,4.9,0,0,0,0,0,17-Apr-17
OPTSTK,CESC,27-Apr-17,980,CE,0,0,0,3.75,0,0,0,0,0,17-Apr-17
OPTSTK,CESC,27-Apr-17,1000,CE,0,0,0,2.9,0,0,0,0,0,17-Apr-17
OPTSTK,CESC,27-Apr-17,1020,CE,0,0,0,2.2,0,0,0,0,0,17-Apr-17
OPTSTK,CESC,27-Apr-17,1040,CE,0,0,0,2.25,0,0,0,0,0,17-Apr-17
OPTSTK,CESC,27-Apr-17,460,PE,0,0,0,0.1,0,0,0,0,0,17-Apr-17
OPTSTK,CESC,27-Apr-17,480,PE,0,0,0,0.2,0,0,0,0,0,17-Apr-17
OPTSTK,CESC,27-Apr-17,500,PE,0,0,0,0.35,0,0,0,0,0,17-Apr-17
OPTSTK,CESC,27-Apr-17,520,PE,0,0,0,0.7,0,0,0,0,0,17-Apr-17
OPTSTK,CESC,27-Apr-17,540,PE,0,0,0,1.25,0,0,0,0,0,17-Apr-17
OPTSTK,CESC,27-Apr-17,560,PE,0,0,0,2.1,0,0,0,0,0,17-Apr-17
OPTSTK,CESC,27-Apr-17,580,PE,0,0,0,3.45,0,0,0,0,0,17-Apr-17
OPTSTK,CESC,27-Apr-17,600,PE,0,0,0,5.4,0,0,0,0,0,17-Apr-17
OPTSTK,CESC,27-Apr-17,620,PE,0,0,0,8.05,0,0,0,0,0,17-Apr-17
OPTSTK,CESC,27-Apr-17,640,PE,0,0,0,11.6,0,0,0,0,0,17-Apr-17
OPTSTK,CESC,27-Apr-17,660,PE,0,0,0,16.15,0,0,0,0,0,17-Apr-17
OPTSTK,CESC,27-Apr-17,680,PE,0,0,0,21.8,0,0,0,0,0,17-Apr-17
OPTSTK,CESC,27-Apr-17,700,PE,0,0,0,28.65,0,0,0,0,0,17-Apr-17
OPTSTK,CESC,27-Apr-17,720,PE,0,0,0,36.75,0,0,0,0,0,17-Apr-17
OPTSTK,CESC,27-Apr-17,740,PE,0,0,0,46.05,0,0,0,0,0,17-Apr-17
OPTSTK,CESC,27-Apr-17,760,PE,0,0,0,56.65,0.05,0,0,0,0,17-Apr-17
OPTSTK,CESC,27-Apr-17,780,PE,1.5,1.5,1.5,1.5,1.5,1,8.59,3300,-1100,17-Apr-17
OPTSTK,CESC,27-Apr-17,800,PE,4.5,4.5,4,4,4,2,17.69,71500,1100,17-Apr-17
OPTSTK,CESC,27-Apr-17,820,PE,10.2,10.2,7,7,7,5,45.52,63800,0,17-Apr-17
OPTSTK,CESC,27-Apr-17,840,PE,17.15,17.7,13,13,13,6,56.44,25300,-3300,17-Apr-17
OPTSTK,CESC,27-Apr-17,860,PE,0,0,0,29.5,23.4,0,0,2200,0,17-Apr-17
OPTSTK,CESC,27-Apr-17,880,PE,42,42,40,40,40,2,20.26,6600,-1100,17-Apr-17
OPTSTK,CESC,27-Apr-17,900,PE,0,0,0,158.8,58,0,0,0,0,17-Apr-17
OPTSTK,CESC,27-Apr-17,920,PE,0,0,0,176.25,77.55,0,0,0,0,17-Apr-17
OPTSTK,CESC,27-Apr-17,940,PE,0,0,0,194.15,97.4,0,0,0,0,17-Apr-17
OPTSTK,CESC,27-Apr-17,960,PE,0,0,0,212.4,117.35,0,0,0,0,17-Apr-17
OPTSTK,CESC,27-Apr-17,980,PE,0,0,0,230.95,137.3,0,0,0,0,17-Apr-17
OPTSTK,CESC,27-Apr-17,1000,PE,0,0,0,249.7,157.3,0,0,0,0,17-Apr-17
OPTSTK,CESC,27-Apr-17,1020,PE,0,0,0,268.7,177.25,0,0,0,0,17-Apr-17
OPTSTK,CESC,27-Apr-17,1040,PE,0,0,0,263.5,197.2,0,0,0,0,17-Apr-17
OPTSTK,CESC,25-May-17,580,CE,0,0,0,285.35,264.95,0,0,0,0,17-Apr-17
OPTSTK,CESC,25-May-17,600,CE,0,0,0,265.8,245.05,0,0,0,0,17-Apr-17
OPTSTK,CESC,25-May-17,620,CE,0,0,0,246.35,225.2,0,0,0,0,17-Apr-17
OPTSTK,CESC,25-May-17,640,CE,0,0,0,227.1,205.35,0,0,0,0,17-Apr-17
OPTSTK,CESC,25-May-17,660,CE,0,0,0,208.05,185.5,0,0,0,0,17-Apr-17
OPTSTK,CESC,25-May-17,680,CE,0,0,0,189.4,165.65,0,0,0,0,17-Apr-17
OPTSTK,CESC,25-May-17,700,CE,0,0,0,171.15,145.8,0,0,0,0,17-Apr-17
OPTSTK,CESC,25-May-17,720,CE,0,0,0,153.55,126.15,0,0,0,0,17-Apr-17
OPTSTK,CESC,25-May-17,740,CE,0,0,0,136.65,106.75,0,0,0,0,17-Apr-17
OPTSTK,CESC,25-May-17,760,CE,0,0,0,120.65,87.95,0,0,0,0,17-Apr-17
OPTSTK,CESC,25-May-17,780,CE,0,0,0,105.6,70.2,0,0,0,0,17-Apr-17
OPTSTK,CESC,25-May-17,800,CE,0,0,0,91.55,53.95,0,0,0,0,17-Apr-17
OPTSTK,CESC,25-May-17,820,CE,0,0,0,78.7,39.75,0,0,0,0,17-Apr-17
OPTSTK,CESC,25-May-17,840,CE,0,0,0,67.1,28,0,0,0,0,17-Apr-17
OPTSTK,CESC,25-May-17,860,CE,0,0,0,56.65,18.75,0,0,0,0,17-Apr-17
OPTSTK,CESC,25-May-17,880,CE,13.2,13.2,13.2,13.2,13.2,1,9.82,2200,1100,17-Apr-17
OPTSTK,CESC,25-May-17,900,CE,0,0,0,39.35,7.25,0,0,0,0,17-Apr-17
OPTSTK,CESC,25-May-17,920,CE,0,0,0,32.35,4.15,0,0,0,0,17-Apr-17
OPTSTK,CESC,25-May-17,940,CE,0,0,0,26.4,2.3,0,0,0,0,17-Apr-17
OPTSTK,CESC,25-May-17,960,CE,0,0,0,21.4,1.2,0,0,0,0,17-Apr-17
OPTSTK,CESC,25-May-17,980,CE,0,0,0,17.15,0.6,0,0,0,0,17-Apr-17
OPTSTK,CESC,25-May-17,1000,CE,0,0,0,13.65,0.3,0,0,0,0,17-Apr-17
OPTSTK,CESC,25-May-17,1020,CE,0,0,0,10.8,0.15,0,0,0,0,17-Apr-17
OPTSTK,CESC,25-May-17,1040,CE,0,0,0,8.5,0.05,0,0,0,0,17-Apr-17
OPTSTK,CESC,25-May-17,580,PE,0,0,0,0.15,0,0,0,0,0,17-Apr-17
OPTSTK,CESC,25-May-17,600,PE,0,0,0,0.3,0,0,0,0,0,17-Apr-17
OPTSTK,CESC,25-May-17,620,PE,0,0,0,0.55,0,0,0,0,0,17-Apr-17
OPTSTK,CESC,25-May-17,640,PE,0,0,0,0.95,0,0,0,0,0,17-Apr-17
OPTSTK,CESC,25-May-17,660,PE,0,0,0,1.6,0,0,0,0,0,17-Apr-17
OPTSTK,CESC,25-May-17,680,PE,0,0,0,2.6,0.05,0,0,0,0,17-Apr-17
OPTSTK,CESC,25-May-17,700,PE,0,0,0,4.1,0.1,0,0,0,0,17-Apr-17
OPTSTK,CESC,25-May-17,720,PE,0,0,0,6.15,0.3,0,0,0,0,17-Apr-17
OPTSTK,CESC,25-May-17,740,PE,0,0,0,8.95,0.75,0,0,0,0,17-Apr-17
OPTSTK,CESC,25-May-17,760,PE,0,0,0,12.6,1.85,0,0,0,0,17-Apr-17
OPTSTK,CESC,25-May-17,780,PE,0,0,0,17.25,3.95,0,0,0,0,17-Apr-17
OPTSTK,CESC,25-May-17,800,PE,0,0,0,22.9,7.55,0,0,0,0,17-Apr-17
OPTSTK,CESC,25-May-17,820,PE,0,0,0,29.75,13.25,0,0,0,0,17-Apr-17
OPTSTK,CESC,25-May-17,840,PE,0,0,0,37.8,21.3,0,0,0,0,17-Apr-17
OPTSTK,CESC,25-May-17,860,PE,0,0,0,47.05,31.95,0,0,0,0,17-Apr-17
OPTSTK,CESC,25-May-17,880,PE,0,0,0,57.5,45,0,0,0,0,17-Apr-17
OPTSTK,CESC,25-May-17,900,PE,0,0,0,69.1,60.15,0,0,0,0,17-Apr-17
OPTSTK,CESC,25-May-17,920,PE,0,0,0,81.85,76.95,0,0,0,0,17-Apr-17
OPTSTK,CESC,25-May-17,940,PE,0,0,0,95.55,94.95,0,0,0,0,17-Apr-17
OPTSTK,CESC,25-May-17,960,PE,0,0,0,110.25,113.7,0,0,0,0,17-Apr-17
OPTSTK,CESC,25-May-17,980,PE,0,0,0,125.7,133,0,0,0,0,17-Apr-17
OPTSTK,CESC,25-May-17,1000,PE,0,0,0,141.85,152.55,0,0,0,0,17-Apr-17
OPTSTK,CESC,25-May-17,1020,PE,0,0,0,158.7,172.25,0,0,0,0,17-Apr-17
OPTSTK,CESC,25-May-17,1040,PE,0,0,0,176.05,192.05,0,0,0,0,17-Apr-17
OPTSTK,CESC,29-Jun-17,580,CE,0,0,0,273.3,268.5,0,0,0,0,17-Apr-17
OPTSTK,CESC,29-Jun-17,600,CE,0,0,0,253.7,248.75,0,0,0,0,17-Apr-17
OPTSTK,CESC,29-Jun-17,620,CE,0,0,0,234.1,229.05,0,0,0,0,17-Apr-17
OPTSTK,CESC,29-Jun-17,640,CE,0,0,0,214.65,209.35,0,0,0,0,17-Apr-17
OPTSTK,CESC,29-Jun-17,660,CE,0,0,0,195.3,189.7,0,0,0,0,17-Apr-17
OPTSTK,CESC,29-Jun-17,680,CE,0,0,0,176.25,170.15,0,0,0,0,17-Apr-17
OPTSTK,CESC,29-Jun-17,700,CE,0,0,0,157.6,150.85,0,0,0,0,17-Apr-17
OPTSTK,CESC,29-Jun-17,720,CE,0,0,0,139.5,131.9,0,0,0,0,17-Apr-17
OPTSTK,CESC,29-Jun-17,740,CE,0,0,0,122.15,113.6,0,0,0,0,17-Apr-17
OPTSTK,CESC,29-Jun-17,760,CE,0,0,0,105.65,96.1,0,0,0,0,17-Apr-17
OPTSTK,CESC,29-Jun-17,780,CE,0,0,0,90.3,79.8,0,0,0,0,17-Apr-17
OPTSTK,CESC,29-Jun-17,800,CE,0,0,0,76.15,64.9,0,0,0,0,17-Apr-17
OPTSTK,CESC,29-Jun-17,820,CE,0,0,0,63.35,51.6,0,0,0,0,17-Apr-17
OPTSTK,CESC,29-Jun-17,840,CE,0,0,0,52,40.1,0,0,0,0,17-Apr-17
OPTSTK,CESC,29-Jun-17,860,CE,0,0,0,42.1,30.45,0,0,0,0,17-Apr-17
OPTSTK,CESC,29-Jun-17,880,CE,0,0,0,33.65,22.55,0,0,0,0,17-Apr-17
OPTSTK,CESC,29-Jun-17,900,CE,0,0,0,26.5,16.35,0,0,0,0,17-Apr-17
OPTSTK,CESC,29-Jun-17,920,CE,0,0,0,20.6,11.55,0,0,0,0,17-Apr-17
OPTSTK,CESC,29-Jun-17,940,CE,0,0,0,15.85,8,0,0,0,0,17-Apr-17
OPTSTK,CESC,29-Jun-17,960,CE,0,0,0,12,5.4,0,0,0,0,17-Apr-17
OPTSTK,CESC,29-Jun-17,980,CE,0,0,0,8.95,3.55,0,0,0,0,17-Apr-17
OPTSTK,CESC,29-Jun-17,1000,CE,0,0,0,6.6,2.3,0,0,0,0,17-Apr-17
OPTSTK,CESC,29-Jun-17,1020,CE,0,0,0,4.85,1.45,0,0,0,0,17-Apr-17
OPTSTK,CESC,29-Jun-17,1040,CE,0,0,0,3.5,0.9,0,0,0,0,17-Apr-17
OPTSTK,CESC,29-Jun-17,580,PE,0,0,0,0.05,0,0,0,0,0,17-Apr-17
OPTSTK,CESC,29-Jun-17,600,PE,0,0,0,0.1,0.05,0,0,0,0,17-Apr-17
OPTSTK,CESC,29-Jun-17,620,PE,0,0,0,0.2,0.05,0,0,0,0,17-Apr-17
OPTSTK,CESC,29-Jun-17,640,PE,0,0,0,0.4,0.05,0,0,0,0,17-Apr-17
OPTSTK,CESC,29-Jun-17,660,PE,0,0,0,0.75,0.15,0,0,0,0,17-Apr-17
OPTSTK,CESC,29-Jun-17,680,PE,0,0,0,1.35,0.35,0,0,0,0,17-Apr-17
OPTSTK,CESC,29-Jun-17,700,PE,0,0,0,2.35,0.8,0,0,0,0,17-Apr-17
OPTSTK,CESC,29-Jun-17,720,PE,0,0,0,3.95,1.6,0,0,0,0,17-Apr-17
OPTSTK,CESC,29-Jun-17,740,PE,0,0,0,6.2,3.05,0,0,0,0,17-Apr-17
OPTSTK,CESC,29-Jun-17,760,PE,0,0,0,9.45,5.3,0,0,0,0,17-Apr-17
OPTSTK,CESC,29-Jun-17,780,PE,0,0,0,13.7,8.7,0,0,0,0,17-Apr-17
OPTSTK,CESC,29-Jun-17,800,PE,0,0,0,19.25,13.55,0,0,0,0,17-Apr-17
OPTSTK,CESC,29-Jun-17,820,PE,0,0,0,26.15,20,0,0,0,0,17-Apr-17
OPTSTK,CESC,29-Jun-17,840,PE,0,0,0,34.45,28.25,0,0,0,0,17-Apr-17
OPTSTK,CESC,29-Jun-17,860,PE,0,0,0,44.25,38.35,0,0,0,0,17-Apr-17
OPTSTK,CESC,29-Jun-17,880,PE,0,0,0,55.4,50.2,0,0,0,0,17-Apr-17
OPTSTK,CESC,29-Jun-17,900,PE,0,0,0,67.95,63.7,0,0,0,0,17-Apr-17
OPTSTK,CESC,29-Jun-17,920,PE,0,0,0,81.7,78.7,0,0,0,0,17-Apr-17
OPTSTK,CESC,29-Jun-17,940,PE,0,0,0,96.65,94.85,0,0,0,0,17-Apr-17
OPTSTK,CESC,29-Jun-17,960,PE,0,0,0,112.45,112,0,0,0,0,17-Apr-17
OPTSTK,CESC,29-Jun-17,980,PE,0,0,0,129.1,129.9,0,0,0,0,17-Apr-17
OPTSTK,CESC,29-Jun-17,1000,PE,0,0,0,146.45,148.4,0,0,0,0,17-Apr-17
OPTSTK,CESC,29-Jun-17,1020,PE,0,0,0,164.3,167.3,0,0,0,0,17-Apr-17
OPTSTK,CESC,29-Jun-17,1040,PE,0,0,0,182.65,186.5,0,0,0,0,17-Apr-17
OPTSTK,CGPOWER,27-Apr-17,40,CE,0,0,0,25.35,39.85,0,0,0,0,17-Apr-17
OPTSTK,CGPOWER,27-Apr-17,42.5,CE,0,0,0,22.9,37.35,0,0,0,0,17-Apr-17
OPTSTK,CGPOWER,27-Apr-17,45,CE,0,0,0,20.45,34.85,0,0,0,0,17-Apr-17
OPTSTK,CGPOWER,27-Apr-17,47.5,CE,0,0,0,18.1,32.35,0,0,0,0,17-Apr-17
OPTSTK,CGPOWER,27-Apr-17,50,CE,0,0,0,15.75,29.85,0,0,0,0,17-Apr-17
OPTSTK,CGPOWER,27-Apr-17,52.5,CE,0,0,0,13.55,27.35,0,0,0,0,17-Apr-17
OPTSTK,CGPOWER,27-Apr-17,55,CE,0,0,0,11.45,24.85,0,0,0,0,17-Apr-17
OPTSTK,CGPOWER,27-Apr-17,57.5,CE,0,0,0,9.55,22.35,0,0,0,0,17-Apr-17
OPTSTK,CGPOWER,27-Apr-17,60,CE,0,0,0,7.8,19.85,0,0,0,0,17-Apr-17
OPTSTK,CGPOWER,27-Apr-17,62.5,CE,0,0,0,6.3,17.4,0,0,0,0,17-Apr-17
OPTSTK,CGPOWER,27-Apr-17,65,CE,0,0,0,5,14.9,0,0,0,0,17-Apr-17
OPTSTK,CGPOWER,27-Apr-17,67.5,CE,0,0,0,3.9,12.4,0,0,0,0,17-Apr-17
OPTSTK,CGPOWER,27-Apr-17,70,CE,0,0,0,3,9.9,0,0,0,0,17-Apr-17
OPTSTK,CGPOWER,27-Apr-17,72.5,CE,0,0,0,6.55,7.45,0,0,24000,0,17-Apr-17
OPTSTK,CGPOWER,27-Apr-17,75,CE,0,0,0,5.55,5.1,0,0,192000,0,17-Apr-17
OPTSTK,CGPOWER,27-Apr-17,77.5,CE,0,0,0,3.65,3.1,0,0,120000,0,17-Apr-17
OPTSTK,CGPOWER,27-Apr-17,80,CE,1.8,2,1.6,1.85,1.85,29,284.6,900000,12000,17-Apr-17
OPTSTK,CGPOWER,27-Apr-17,82.5,CE,0.8,1.2,0.8,0.95,0.95,12,120.13,480000,-24000,17-Apr-17
OPTSTK,CGPOWER,27-Apr-17,85,CE,0.45,0.55,0.45,0.5,0.5,5,51.3,360000,24000,17-Apr-17
OPTSTK,CGPOWER,27-Apr-17,87.5,CE,0.3,0.3,0.3,0.3,0.3,1,10.53,72000,0,17-Apr-17
OPTSTK,CGPOWER,27-Apr-17,90,CE,0.15,0.2,0.15,0.2,0.2,14,151.51,372000,108000,17-Apr-17
OPTSTK,CGPOWER,27-Apr-17,92.5,CE,0.1,0.1,0.1,0.1,0.1,1,11.11,24000,12000,17-Apr-17
OPTSTK,CGPOWER,27-Apr-17,95,CE,0,0,0,0.4,0,0,0,0,0,17-Apr-17
OPTSTK,CGPOWER,27-Apr-17,40,PE,0,0,0,0.05,0,0,0,0,0,17-Apr-17
OPTSTK,CGPOWER,27-Apr-17,42.5,PE,0,0,0,0.05,0,0,0,0,0,17-Apr-17
OPTSTK,CGPOWER,27-Apr-17,45,PE,0,0,0,0.1,0,0,0,0,0,17-Apr-17
OPTSTK,CGPOWER,27-Apr-17,47.5,PE,0,0,0,0.15,0,0,0,0,0,17-Apr-17
OPTSTK,CGPOWER,27-Apr-17,50,PE,0,0,0,0.3,0,0,0,0,0,17-Apr-17
OPTSTK,CGPOWER,27-Apr-17,52.5,PE,0,0,0,0.55,0,0,0,0,0,17-Apr-17
OPTSTK,CGPOWER,27-Apr-17,55,PE,0,0,0,0.9,0,0,0,0,0,17-Apr-17
OPTSTK,CGPOWER,27-Apr-17,57.5,PE,0,0,0,1.45,0,0,0,0,0,17-Apr-17
OPTSTK,CGPOWER,27-Apr-17,60,PE,0,0,0,2.2,0,0,0,0,0,17-Apr-17
OPTSTK,CGPOWER,27-Apr-17,62.5,PE,0,0,0,3.1,0,0,0,0,0,17-Apr-17
OPTSTK,CGPOWER,27-Apr-17,65,PE,0,0,0,4.25,0,0,0,0,0,17-Apr-17
OPTSTK,CGPOWER,27-Apr-17,67.5,PE,0,0,0,0.25,0,0,0,24000,0,17-Apr-17
OPTSTK,CGPOWER,27-Apr-17,70,PE,0.05,0.05,0.05,0.05,0.05,2,16.81,84000,-24000,17-Apr-17
OPTSTK,CGPOWER,27-Apr-17,72.5,PE,0.1,0.1,0.1,0.1,0.1,1,8.71,156000,-12000,17-Apr-17
OPTSTK,CGPOWER,27-Apr-17,75,PE,0.3,0.3,0.25,0.25,0.25,4,36.13,312000,24000,17-Apr-17
OPTSTK,CGPOWER,27-Apr-17,77.5,PE,0.7,0.7,0.7,0.7,0.7,4,37.53,216000,12000,17-Apr-17
OPTSTK,CGPOWER,27-Apr-17,80,PE,1.75,1.85,1.55,1.75,1.75,5,49.03,180000,0,17-Apr-17
OPTSTK,CGPOWER,27-Apr-17,82.5,PE,0,0,0,3.55,3.3,0,0,0,0,17-Apr-17
OPTSTK,CGPOWER,27-Apr-17,85,PE,0,0,0,5.2,5.35,0,0,36000,0,17-Apr-17
OPTSTK,CGPOWER,27-Apr-17,87.5,PE,0,0,0,21.75,7.7,0,0,0,0,17-Apr-17
OPTSTK,CGPOWER,27-Apr-17,90,PE,0,0,0,24.1,10.15,0,0,0,0,17-Apr-17
OPTSTK,CGPOWER,27-Apr-17,92.5,PE,0,0,0,24.25,12.6,0,0,0,0,17-Apr-17
OPTSTK,CGPOWER,27-Apr-17,95,PE,0,0,0,24.35,15.1,0,0,0,0,17-Apr-17
OPTSTK,CGPOWER,25-May-17,42.5,CE,0,0,0,25.85,37.55,0,0,0,0,17-Apr-17
OPTSTK,CGPOWER,25-May-17,45,CE,0,0,0,23.4,35.05,0,0,0,0,17-Apr-17
OPTSTK,CGPOWER,25-May-17,47.5,CE,0,0,0,21.05,32.6,0,0,0,0,17-Apr-17
OPTSTK,CGPOWER,25-May-17,50,CE,0,0,0,18.75,30.1,0,0,0,0,17-Apr-17
OPTSTK,CGPOWER,25-May-17,52.5,CE,0,0,0,16.55,27.6,0,0,0,0,17-Apr-17
OPTSTK,CGPOWER,25-May-17,55,CE,0,0,0,14.45,25.15,0,0,0,0,17-Apr-17
OPTSTK,CGPOWER,25-May-17,57.5,CE,0,0,0,12.45,22.65,0,0,0,0,17-Apr-17
OPTSTK,CGPOWER,25-May-17,60,CE,0,0,0,10.65,20.2,0,0,0,0,17-Apr-17
OPTSTK,CGPOWER,25-May-17,62.5,CE,0,0,0,9,17.7,0,0,0,0,17-Apr-17
OPTSTK,CGPOWER,25-May-17,65,CE,0,0,0,7.55,15.25,0,0,0,0,17-Apr-17
OPTSTK,CGPOWER,25-May-17,67.5,CE,0,0,0,6.25,12.85,0,0,0,0,17-Apr-17
OPTSTK,CGPOWER,25-May-17,70,CE,0,0,0,5.1,10.55,0,0,0,0,17-Apr-17
OPTSTK,CGPOWER,25-May-17,72.5,CE,0,0,0,4.15,8.35,0,0,0,0,17-Apr-17
OPTSTK,CGPOWER,25-May-17,75,CE,0,0,0,3.35,6.4,0,0,0,0,17-Apr-17
OPTSTK,CGPOWER,25-May-17,77.5,CE,0,0,0,2.7,4.7,0,0,0,0,17-Apr-17
OPTSTK,CGPOWER,25-May-17,80,CE,0,0,0,4.4,3.35,0,0,48000,0,17-Apr-17
OPTSTK,CGPOWER,25-May-17,82.5,CE,0,0,0,3.5,2.25,0,0,12000,0,17-Apr-17
OPTSTK,CGPOWER,25-May-17,85,CE,0,0,0,2.15,1.45,0,0,60000,0,17-Apr-17
OPTSTK,CGPOWER,25-May-17,87.5,CE,0,0,0,1,0.9,0,0,0,0,17-Apr-17
OPTSTK,CGPOWER,25-May-17,90,CE,0,0,0,0.8,0.55,0,0,0,0,17-Apr-17
OPTSTK,CGPOWER,25-May-17,92.5,CE,0,0,0,0.6,0.3,0,0,0,0,17-Apr-17
OPTSTK,CGPOWER,25-May-17,95,CE,0,0,0,0.6,0.2,0,0,0,0,17-Apr-17
OPTSTK,CGPOWER,25-May-17,42.5,PE,0,0,0,0.05,0,0,0,0,0,17-Apr-17
OPTSTK,CGPOWER,25-May-17,45,PE,0,0,0,0.1,0,0,0,0,0,17-Apr-17
OPTSTK,CGPOWER,25-May-17,47.5,PE,0,0,0,0.2,0,0,0,0,0,17-Apr-17
OPTSTK,CGPOWER,25-May-17,50,PE,0,0,0,0.35,0,0,0,0,0,17-Apr-17
OPTSTK,CGPOWER,25-May-17,52.5,PE,0,0,0,0.6,0,0,0,0,0,17-Apr-17
OPTSTK,CGPOWER,25-May-17,55,PE,0,0,0,1,0,0,0,0,0,17-Apr-17
OPTSTK,CGPOWER,25-May-17,57.5,PE,0,0,0,1.45,0,0,0,0,0,17-Apr-17
OPTSTK,CGPOWER,25-May-17,60,PE,0,0,0,2.1,0,0,0,0,0,17-Apr-17
OPTSTK,CGPOWER,25-May-17,62.5,PE,0,0,0,2.95,0.05,0,0,0,0,17-Apr-17
OPTSTK,CGPOWER,25-May-17,65,PE,0,0,0,3.9,0.05,0,0,0,0,17-Apr-17
OPTSTK,CGPOWER,25-May-17,67.5,PE,0,0,0,5.1,0.15,0,0,0,0,17-Apr-17
OPTSTK,CGPOWER,25-May-17,70,PE,0,0,0,6.4,0.3,0,0,0,0,17-Apr-17
OPTSTK,CGPOWER,25-May-17,72.5,PE,0,0,0,7.95,0.6,0,0,0,0,17-Apr-17
OPTSTK,CGPOWER,25-May-17,75,PE,0,0,0,1.9,1.15,0,0,12000,0,17-Apr-17
OPTSTK,CGPOWER,25-May-17,77.5,PE,0,0,0,2.95,1.95,0,0,12000,0,17-Apr-17
OPTSTK,CGPOWER,25-May-17,80,PE,0,0,0,3.75,3.05,0,0,48000,0,17-Apr-17
OPTSTK,CGPOWER,25-May-17,82.5,PE,0,0,0,15.3,4.45,0,0,0,0,17-Apr-17
OPTSTK,CGPOWER,25-May-17,85,PE,0,0,0,17.4,6.15,0,0,0,0,17-Apr-17
OPTSTK,CGPOWER,25-May-17,87.5,PE,0,0,0,19.55,8.05,0,0,0,0,17-Apr-17
OPTSTK,CGPOWER,25-May-17,90,PE,0,0,0,21.8,10.2,0,0,0,0,17-Apr-17
OPTSTK,CGPOWER,25-May-17,92.5,PE,0,0,0,24.05,12.45,0,0,0,0,17-Apr-17
OPTSTK,CGPOWER,25-May-17,95,PE,0,0,0,24.95,14.8,0,0,0,0,17-Apr-17
OPTSTK,CGPOWER,29-Jun-17,47.5,CE,0,0,0,30.1,32.9,0,0,0,0,17-Apr-17
OPTSTK,CGPOWER,29-Jun-17,50,CE,0,0,0,27.7,30.4,0,0,0,0,17-Apr-17
OPTSTK,CGPOWER,29-Jun-17,52.5,CE,0,0,0,25.25,27.95,0,0,0,0,17-Apr-17
OPTSTK,CGPOWER,29-Jun-17,55,CE,0,0,0,22.85,25.5,0,0,0,0,17-Apr-17
OPTSTK,CGPOWER,29-Jun-17,57.5,CE,0,0,0,20.55,23.05,0,0,0,0,17-Apr-17
OPTSTK,CGPOWER,29-Jun-17,60,CE,0,0,0,18.25,20.6,0,0,0,0,17-Apr-17
OPTSTK,CGPOWER,29-Jun-17,62.5,CE,0,0,0,16.1,18.2,0,0,0,0,17-Apr-17
OPTSTK,CGPOWER,29-Jun-17,65,CE,0,0,0,14.05,15.85,0,0,0,0,17-Apr-17
OPTSTK,CGPOWER,29-Jun-17,67.5,CE,0,0,0,12.1,13.6,0,0,0,0,17-Apr-17
OPTSTK,CGPOWER,29-Jun-17,70,CE,0,0,0,10.35,11.45,0,0,0,0,17-Apr-17
OPTSTK,CGPOWER,29-Jun-17,72.5,CE,0,0,0,8.75,9.5,0,0,0,0,17-Apr-17
OPTSTK,CGPOWER,29-Jun-17,75,CE,0,0,0,7.3,7.7,0,0,0,0,17-Apr-17
OPTSTK,CGPOWER,29-Jun-17,77.5,CE,0,0,0,6.05,6.15,0,0,0,0,17-Apr-17
OPTSTK,CGPOWER,29-Jun-17,80,CE,0,0,0,4.95,4.8,0,0,0,0,17-Apr-17
OPTSTK,CGPOWER,29-Jun-17,82.5,CE,0,0,0,4,3.65,0,0,0,0,17-Apr-17
OPTSTK,CGPOWER,29-Jun-17,85,CE,0,0,0,3.25,2.75,0,0,0,0,17-Apr-17
OPTSTK,CGPOWER,29-Jun-17,87.5,CE,0,0,0,2.6,2,0,0,0,0,17-Apr-17
OPTSTK,CGPOWER,29-Jun-17,90,CE,0,0,0,2.05,1.45,0,0,0,0,17-Apr-17
OPTSTK,CGPOWER,29-Jun-17,92.5,CE,0,0,0,1.6,1.05,0,0,0,0,17-Apr-17
OPTSTK,CGPOWER,29-Jun-17,95,CE,0,0,0,1.25,0.75,0,0,0,0,17-Apr-17
OPTSTK,CGPOWER,29-Jun-17,47.5,PE,0,0,0,0.05,0,0,0,0,0,17-Apr-17
OPTSTK,CGPOWER,29-Jun-17,50,PE,0,0,0,0.05,0,0,0,0,0,17-Apr-17
OPTSTK,CGPOWER,29-Jun-17,52.5,PE,0,0,0,0.1,0,0,0,0,0,17-Apr-17
OPTSTK,CGPOWER,29-Jun-17,55,PE,0,0,0,0.15,0.05,0,0,0,0,17-Apr-17
OPTSTK,CGPOWER,29-Jun-17,57.5,PE,0,0,0,0.3,0.05,0,0,0,0,17-Apr-17
OPTSTK,CGPOWER,29-Jun-17,60,PE,0,0,0,0.5,0.05,0,0,0,0,17-Apr-17
OPTSTK,CGPOWER,29-Jun-17,62.5,PE,0,0,0,0.75,0.15,0,0,0,0,17-Apr-17
OPTSTK,CGPOWER,29-Jun-17,65,PE,0,0,0,1.15,0.25,0,0,0,0,17-Apr-17
OPTSTK,CGPOWER,29-Jun-17,67.5,PE,0,0,0,1.7,0.5,0,0,0,0,17-Apr-17
OPTSTK,CGPOWER,29-Jun-17,70,PE,0,0,0,2.4,0.8,0,0,0,0,17-Apr-17
OPTSTK,CGPOWER,29-Jun-17,72.5,PE,0,0,0,3.25,1.3,0,0,0,0,17-Apr-17
OPTSTK,CGPOWER,29-Jun-17,75,PE,0,0,0,4.25,2,0,0,0,0,17-Apr-17
OPTSTK,CGPOWER,29-Jun-17,77.5,PE,0,0,0,5.45,2.9,0,0,0,0,17-Apr-17
OPTSTK,CGPOWER,29-Jun-17,80,PE,0,0,0,6.85,4,0,0,0,0,17-Apr-17
OPTSTK,CGPOWER,29-Jun-17,82.5,PE,0,0,0,8.35,5.35,0,0,0,0,17-Apr-17
OPTSTK,CGPOWER,29-Jun-17,85,PE,0,0,0,10.05,6.9,0,0,0,0,17-Apr-17
OPTSTK,CGPOWER,29-Jun-17,87.5,PE,0,0,0,11.85,8.65,0,0,0,0,17-Apr-17
OPTSTK,CGPOWER,29-Jun-17,90,PE,0,0,0,13.75,10.55,0,0,0,0,17-Apr-17
OPTSTK,CGPOWER,29-Jun-17,92.5,PE,0,0,0,15.75,12.6,0,0,0,0,17-Apr-17
OPTSTK,CGPOWER,29-Jun-17,95,PE,0,0,0,17.9,14.75,0,0,0,0,17-Apr-17
OPTSTK,CIPLA,27-Apr-17,400,CE,0,0,0,192.25,177.2,0,0,0,0,17-Apr-17
OPTSTK,CIPLA,27-Apr-17,410,CE,0,0,0,190.4,167.25,0,0,0,0,17-Apr-17
OPTSTK,CIPLA,27-Apr-17,420,CE,0,0,0,172.6,157.25,0,0,0,0,17-Apr-17
OPTSTK,CIPLA,27-Apr-17,430,CE,0,0,0,170.5,147.25,0,0,0,0,17-Apr-17
OPTSTK,CIPLA,27-Apr-17,440,CE,0,0,0,153,137.3,0,0,0,0,17-Apr-17
OPTSTK,CIPLA,27-Apr-17,450,CE,0,0,0,150.6,127.3,0,0,0,0,17-Apr-17
OPTSTK,CIPLA,27-Apr-17,460,CE,0,0,0,133.5,117.3,0,0,0,0,17-Apr-17
OPTSTK,CIPLA,27-Apr-17,470,CE,0,0,0,130.7,107.35,0,0,0,0,17-Apr-17
OPTSTK,CIPLA,27-Apr-17,480,CE,0,0,0,114.3,97.35,0,0,0,0,17-Apr-17
OPTSTK,CIPLA,27-Apr-17,490,CE,0,0,0,110.8,87.35,0,0,0,0,17-Apr-17
OPTSTK,CIPLA,27-Apr-17,500,CE,0,0,0,95.7,77.4,0,0,0,0,17-Apr-17
OPTSTK,CIPLA,27-Apr-17,510,CE,0,0,0,90.9,67.4,0,0,0,0,17-Apr-17
OPTSTK,CIPLA,27-Apr-17,520,CE,0,0,0,78.05,57.45,0,0,0,0,17-Apr-17
OPTSTK,CIPLA,27-Apr-17,530,CE,0,0,0,71,47.45,0,0,0,0,17-Apr-17
OPTSTK,CIPLA,27-Apr-17,540,CE,0,0,0,61.8,37.45,0,0,0,0,17-Apr-17
OPTSTK,CIPLA,27-Apr-17,550,CE,0,0,0,51.3,27.55,0,0,0,0,17-Apr-17
OPTSTK,CIPLA,27-Apr-17,560,CE,21.05,21.05,21.05,21.05,21.05,1,5.81,2000,0,17-Apr-17
OPTSTK,CIPLA,27-Apr-17,570,CE,12,15.35,12,13.65,13.65,9,52.54,9000,-1000,17-Apr-17
OPTSTK,CIPLA,27-Apr-17,580,CE,8.95,9.1,7.7,8.2,8.2,57,335.37,77000,4000,17-Apr-17
OPTSTK,CIPLA,27-Apr-17,590,CE,4,5.55,4,4.3,4.3,43,255.76,82000,12000,17-Apr-17
OPTSTK,CIPLA,27-Apr-17,600,CE,3.2,3.2,2.15,2.35,2.35,73,439.86,291000,-1000,17-Apr-17
OPTSTK,CIPLA,27-Apr-17,610,CE,1.65,1.65,1.3,1.4,1.4,5,30.57,65000,-2000,17-Apr-17
OPTSTK,CIPLA,27-Apr-17,620,CE,0.85,0.9,0.6,0.7,0.7,26,161.39,124000,-13000,17-Apr-17
OPTSTK,CIPLA,27-Apr-17,630,CE,0,0,0,2.05,0,0,0,12000,0,17-Apr-17
OPTSTK,CIPLA,27-Apr-17,640,CE,0.2,0.3,0.2,0.25,0.25,3,19.2,50000,0,17-Apr-17
OPTSTK,CIPLA,27-Apr-17,650,CE,0,0,0,0.4,0,0,0,0,0,17-Apr-17
OPTSTK,CIPLA,27-Apr-17,660,CE,0,0,0,1.05,0,0,0,5000,0,17-Apr-17
OPTSTK,CIPLA,27-Apr-17,670,CE,0,0,0,0.1,0,0,0,0,0,17-Apr-17
OPTSTK,CIPLA,27-Apr-17,680,CE,0,0,0,0.05,0,0,0,7000,0,17-Apr-17
OPTSTK,CIPLA,27-Apr-17,690,CE,0,0,0,0.05,0,0,0,0,0,17-Apr-17
OPTSTK,CIPLA,27-Apr-17,700,CE,0,0,0,1.5,0,0,0,2000,0,17-Apr-17
OPTSTK,CIPLA,27-Apr-17,710,CE,0,0,0,0.05,0,0,0,0,0,17-Apr-17
OPTSTK,CIPLA,27-Apr-17,720,CE,0,0,0,1.65,0,0,0,0,0,17-Apr-17
OPTSTK,CIPLA,27-Apr-17,400,PE,0,0,0,0.05,0,0,0,0,0,17-Apr-17
OPTSTK,CIPLA,27-Apr-17,410,PE,0,0,0,0.05,0,0,0,0,0,17-Apr-17
OPTSTK,CIPLA,27-Apr-17,420,PE,0,0,0,0.05,0,0,0,0,0,17-Apr-17
OPTSTK,CIPLA,27-Apr-17,430,PE,0,0,0,0.05,0,0,0,0,0,17-Apr-17
OPTSTK,CIPLA,27-Apr-17,440,PE,0,0,0,0.1,0,0,0,0,0,17-Apr-17
OPTSTK,CIPLA,27-Apr-17,450,PE,0,0,0,0.05,0,0,0,0,0,17-Apr-17
OPTSTK,CIPLA,27-Apr-17,460,PE,0,0,0,0.3,0,0,0,0,0,17-Apr-17
OPTSTK,CIPLA,27-Apr-17,470,PE,0,0,0,0.05,0,0,0,0,0,17-Apr-17
OPTSTK,CIPLA,27-Apr-17,480,PE,0,0,0,0.8,0,0,0,0,0,17-Apr-17
OPTSTK,CIPLA,27-Apr-17,490,PE,0,0,0,0.05,0,0,0,0,0,17-Apr-17
OPTSTK,CIPLA,27-Apr-17,500,PE,0,0,0,1.85,0,0,0,0,0,17-Apr-17
OPTSTK,CIPLA,27-Apr-17,510,PE,0,0,0,0.05,0,0,0,0,0,17-Apr-17
OPTSTK,CIPLA,27-Apr-17,520,PE,0,0,0,0.85,0,0,0,5000,0,17-Apr-17
OPTSTK,CIPLA,27-Apr-17,530,PE,0,0,0,0.05,0,0,0,0,0,17-Apr-17
OPTSTK,CIPLA,27-Apr-17,540,PE,1.3,1.3,0.8,0.8,0.8,2,10.82,43000,0,17-Apr-17
OPTSTK,CIPLA,27-Apr-17,550,PE,2.25,2.25,2.25,2.25,2.25,1,5.52,7000,0,17-Apr-17
OPTSTK,CIPLA,27-Apr-17,560,PE,4,4.25,2.95,3.2,3.2,31,174.67,76000,8000,17-Apr-17
OPTSTK,CIPLA,27-Apr-17,570,PE,7.6,7.6,5.7,5.95,5.95,18,103.81,15000,0,17-Apr-17
OPTSTK,CIPLA,27-Apr-17,580,PE,11.7,12.6,9.55,10.1,10.1,35,206.82,76000,4000,17-Apr-17
OPTSTK,CIPLA,27-Apr-17,590,PE,16.65,16.75,16.65,16.75,16.75,2,12.13,21000,-1000,17-Apr-17
OPTSTK,CIPLA,27-Apr-17,600,PE,0,0,0,25.25,22.75,0,0,76000,0,17-Apr-17
OPTSTK,CIPLA,27-Apr-17,610,PE,0,0,0,22.55,32.5,0,0,3000,0,17-Apr-17
OPTSTK,CIPLA,27-Apr-17,620,PE,41.5,41.5,41.5,41.5,41.5,1,6.61,16000,-1000,17-Apr-17
OPTSTK,CIPLA,27-Apr-17,630,PE,0,0,0,30.5,52.4,0,0,0,0,17-Apr-17
OPTSTK,CIPLA,27-Apr-17,640,PE,61,63.4,61,63.4,63.4,2,14.04,6000,0,17-Apr-17
OPTSTK,CIPLA,27-Apr-17,650,PE,0,0,0,48.85,72.4,0,0,0,0,17-Apr-17
OPTSTK,CIPLA,27-Apr-17,660,PE,0,0,0,70.9,82.35,0,0,0,0,17-Apr-17
OPTSTK,CIPLA,27-Apr-17,670,PE,0,0,0,68.4,92.35,0,0,0,0,17-Apr-17
OPTSTK,CIPLA,27-Apr-17,680,PE,0,0,0,94.5,102.35,0,0,9000,0,17-Apr-17
OPTSTK,CIPLA,27-Apr-17,690,PE,0,0,0,88.25,112.3,0,0,0,0,17-Apr-17
OPTSTK,CIPLA,27-Apr-17,700,PE,0,0,0,105.65,122.3,0,0,0,0,17-Apr-17
OPTSTK,CIPLA,27-Apr-17,710,PE,0,0,0,108.15,132.3,0,0,0,0,17-Apr-17
OPTSTK,CIPLA,27-Apr-17,720,PE,0,0,0,124.15,142.25,0,0,0,0,17-Apr-17
OPTSTK,CIPLA,25-May-17,400,CE,0,0,0,198.7,179.2,0,0,0,0,17-Apr-17
OPTSTK,CIPLA,25-May-17,410,CE,0,0,0,192.55,169.3,0,0,0,0,17-Apr-17
OPTSTK,CIPLA,25-May-17,420,CE,0,0,0,179.05,159.35,0,0,0,0,17-Apr-17
OPTSTK,CIPLA,25-May-17,430,CE,0,0,0,172.75,149.4,0,0,0,0,17-Apr-17
OPTSTK,CIPLA,25-May-17,440,CE,0,0,0,159.4,139.5,0,0,0,0,17-Apr-17
OPTSTK,CIPLA,25-May-17,450,CE,0,0,0,152.95,129.55,0,0,0,0,17-Apr-17
OPTSTK,CIPLA,25-May-17,460,CE,0,0,0,139.95,119.6,0,0,0,0,17-Apr-17
OPTSTK,CIPLA,25-May-17,470,CE,0,0,0,133.15,109.7,0,0,0,0,17-Apr-17
OPTSTK,CIPLA,25-May-17,480,CE,0,0,0,120.75,99.75,0,0,0,0,17-Apr-17
OPTSTK,CIPLA,25-May-17,490,CE,0,0,0,113.35,89.85,0,0,0,0,17-Apr-17
OPTSTK,CIPLA,25-May-17,500,CE,0,0,0,102.1,79.9,0,0,0,0,17-Apr-17
OPTSTK,CIPLA,25-May-17,510,CE,0,0,0,93.6,70,0,0,0,0,17-Apr-17
OPTSTK,CIPLA,25-May-17,520,CE,0,0,0,84.35,60.1,0,0,0,0,17-Apr-17
OPTSTK,CIPLA,25-May-17,530,CE,0,0,0,73.95,50.3,0,0,0,0,17-Apr-17
OPTSTK,CIPLA,25-May-17,540,CE,0,0,0,67.85,40.75,0,0,0,0,17-Apr-17
OPTSTK,CIPLA,25-May-17,550,CE,0,0,0,54.9,31.7,0,0,0,0,17-Apr-17
OPTSTK,CIPLA,25-May-17,560,CE,0,0,0,53.05,23.5,0,0,0,0,17-Apr-17
OPTSTK,CIPLA,25-May-17,570,CE,28.6,28.6,28.6,28.6,28.6,1,5.98,1000,1000,17-Apr-17
OPTSTK,CIPLA,25-May-17,580,CE,20,21.5,20,21,21,4,24.02,12000,4000,17-Apr-17
OPTSTK,CIPLA,25-May-17,590,CE,16,16,16,16,16,1,6.06,1000,1000,17-Apr-17
OPTSTK,CIPLA,25-May-17,600,CE,8.15,10.25,8.15,10.25,10.25,2,12.18,5000,0,17-Apr-17
OPTSTK,CIPLA,25-May-17,610,CE,0,0,0,12.2,1.9,0,0,0,0,17-Apr-17
OPTSTK,CIPLA,25-May-17,620,CE,0,0,0,21.1,0.9,0,0,0,0,17-Apr-17
OPTSTK,CIPLA,25-May-17,630,CE,0,0,0,5.7,0.4,0,0,0,0,17-Apr-17
OPTSTK,CIPLA,25-May-17,640,CE,0,0,0,14.6,0.2,0,0,0,0,17-Apr-17
OPTSTK,CIPLA,25-May-17,650,CE,0,0,0,2.25,0.1,0,0,0,0,17-Apr-17
OPTSTK,CIPLA,25-May-17,660,CE,0,0,0,9.8,0.05,0,0,0,0,17-Apr-17
OPTSTK,CIPLA,25-May-17,670,CE,0,0,0,0.8,0.05,0,0,0,0,17-Apr-17
OPTSTK,CIPLA,25-May-17,680,CE,0,0,0,6.35,0,0,0,0,0,17-Apr-17
OPTSTK,CIPLA,25-May-17,690,CE,0,0,0,0.25,0,0,0,0,0,17-Apr-17
OPTSTK,CIPLA,25-May-17,700,CE,0,0,0,4,0,0,0,0,0,17-Apr-17
OPTSTK,CIPLA,25-May-17,710,CE,0,0,0,0.1,0,0,0,0,0,17-Apr-17
OPTSTK,CIPLA,25-May-17,720,CE,0,0,0,2.5,0,0,0,0,0,17-Apr-17
OPTSTK,CIPLA,25-May-17,400,PE,0,0,0,0.05,0,0,0,0,0,17-Apr-17
OPTSTK,CIPLA,25-May-17,410,PE,0,0,0,0.05,0,0,0,0,0,17-Apr-17
OPTSTK,CIPLA,25-May-17,420,PE,0,0,0,0.05,0,0,0,0,0,17-Apr-17
OPTSTK,CIPLA,25-May-17,430,PE,0,0,0,0.05,0,0,0,0,0,17-Apr-17
OPTSTK,CIPLA,25-May-17,440,PE,0,0,0,0.1,0,0,0,0,0,17-Apr-17
OPTSTK,CIPLA,25-May-17,450,PE,0,0,0,0.05,0,0,0,0,0,17-Apr-17
OPTSTK,CIPLA,25-May-17,460,PE,0,0,0,0.3,0,0,0,0,0,17-Apr-17
OPTSTK,CIPLA,25-May-17,470,PE,0,0,0,0.05,0,0,0,0,0,17-Apr-17
OPTSTK,CIPLA,25-May-17,480,PE,0,0,0,0.8,0,0,0,0,0,17-Apr-17
OPTSTK,CIPLA,25-May-17,490,PE,0,0,0,0.05,0,0,0,0,0,17-Apr-17
OPTSTK,CIPLA,25-May-17,500,PE,0,0,0,1.85,0,0,0,0,0,17-Apr-17
OPTSTK,CIPLA,25-May-17,510,PE,0,0,0,0.05,0.05,0,0,0,0,17-Apr-17
OPTSTK,CIPLA,25-May-17,520,PE,0,0,0,3.75,0.1,0,0,0,0,17-Apr-17
OPTSTK,CIPLA,25-May-17,530,PE,0,0,0,0.2,0.25,0,0,0,0,17-Apr-17
OPTSTK,CIPLA,25-May-17,540,PE,0,0,0,7,0.65,0,0,0,0,17-Apr-17
OPTSTK,CIPLA,25-May-17,550,PE,0,0,0,0.95,1.5,0,0,0,0,17-Apr-17
OPTSTK,CIPLA,25-May-17,560,PE,0,0,0,11.9,3.2,0,0,0,0,17-Apr-17
OPTSTK,CIPLA,25-May-17,570,PE,0,0,0,3.25,6.05,0,0,0,0,17-Apr-17
OPTSTK,CIPLA,25-May-17,580,PE,19,19,19,19,19,1,5.99,2000,1000,17-Apr-17
OPTSTK,CIPLA,25-May-17,590,PE,0,0,0,8.45,16,0,0,0,0,17-Apr-17
OPTSTK,CIPLA,25-May-17,600,PE,0,0,0,27.8,23.1,0,0,0,0,17-Apr-17
OPTSTK,CIPLA,25-May-17,610,PE,0,0,0,17.65,31.3,0,0,0,0,17-Apr-17
OPTSTK,CIPLA,25-May-17,620,PE,0,0,0,39,40.25,0,0,0,0,17-Apr-17
OPTSTK,CIPLA,25-May-17,630,PE,0,0,0,30.9,49.65,0,0,0,0,17-Apr-17
OPTSTK,CIPLA,25-May-17,640,PE,0,0,0,52.15,59.35,0,0,0,0,17-Apr-17
OPTSTK,CIPLA,25-May-17,650,PE,0,0,0,47.3,69.2,0,0,0,0,17-Apr-17
OPTSTK,CIPLA,25-May-17,660,PE,0,0,0,67,79.1,0,0,0,0,17-Apr-17
OPTSTK,CIPLA,25-May-17,670,PE,0,0,0,65.6,89,0,0,0,0,17-Apr-17
OPTSTK,CIPLA,25-May-17,680,PE,0,0,0,83.3,98.95,0,0,0,0,17-Apr-17
OPTSTK,CIPLA,25-May-17,690,PE,0,0,0,84.85,108.85,0,0,0,0,17-Apr-17
OPTSTK,CIPLA,25-May-17,700,PE,0,0,0,100.65,118.8,0,0,0,0,17-Apr-17
OPTSTK,CIPLA,25-May-17,710,PE,0,0,0,104.5,128.75,0,0,0,0,17-Apr-17
OPTSTK,CIPLA,25-May-17,720,PE,0,0,0,118.8,138.65,0,0,0,0,17-Apr-17
OPTSTK,CIPLA,29-Jun-17,400,CE,0,0,0,204.95,181.7,0,0,0,0,17-Apr-17
OPTSTK,CIPLA,29-Jun-17,410,CE,0,0,0,195.15,171.8,0,0,0,0,17-Apr-17
OPTSTK,CIPLA,29-Jun-17,420,CE,0,0,0,185.3,161.95,0,0,0,0,17-Apr-17
OPTSTK,CIPLA,29-Jun-17,430,CE,0,0,0,175.45,152.05,0,0,0,0,17-Apr-17
OPTSTK,CIPLA,29-Jun-17,440,CE,0,0,0,165.65,142.2,0,0,0,0,17-Apr-17
OPTSTK,CIPLA,29-Jun-17,450,CE,0,0,0,155.8,132.35,0,0,0,0,17-Apr-17
OPTSTK,CIPLA,29-Jun-17,460,CE,0,0,0,145.95,122.45,0,0,0,0,17-Apr-17
OPTSTK,CIPLA,29-Jun-17,470,CE,0,0,0,136.15,112.6,0,0,0,0,17-Apr-17
OPTSTK,CIPLA,29-Jun-17,480,CE,0,0,0,126.3,102.75,0,0,0,0,17-Apr-17
OPTSTK,CIPLA,29-Jun-17,490,CE,0,0,0,116.5,92.9,0,0,0,0,17-Apr-17
OPTSTK,CIPLA,29-Jun-17,500,CE,0,0,0,106.7,83.05,0,0,0,0,17-Apr-17
OPTSTK,CIPLA,29-Jun-17,510,CE,0,0,0,96.95,73.3,0,0,0,0,17-Apr-17
OPTSTK,CIPLA,29-Jun-17,520,CE,0,0,0,87.3,63.7,0,0,0,0,17-Apr-17
OPTSTK,CIPLA,29-Jun-17,530,CE,0,0,0,77.8,54.3,0,0,0,0,17-Apr-17
OPTSTK,CIPLA,29-Jun-17,540,CE,0,0,0,68.5,45.3,0,0,0,0,17-Apr-17
OPTSTK,CIPLA,29-Jun-17,550,CE,0,0,0,59.55,36.85,0,0,0,0,17-Apr-17
OPTSTK,CIPLA,29-Jun-17,560,CE,0,0,0,51,29.15,0,0,0,0,17-Apr-17
OPTSTK,CIPLA,29-Jun-17,570,CE,0,0,0,42.95,22.35,0,0,0,0,17-Apr-17
OPTSTK,CIPLA,29-Jun-17,580,CE,0,0,0,35.55,16.55,0,0,0,0,17-Apr-17
OPTSTK,CIPLA,29-Jun-17,590,CE,0,0,0,28.9,11.85,0,0,0,0,17-Apr-17
OPTSTK,CIPLA,29-Jun-17,600,CE,0,0,0,23.05,8.15,0,0,0,0,17-Apr-17
OPTSTK,CIPLA,29-Jun-17,610,CE,0,0,0,18,5.45,0,0,0,0,17-Apr-17
OPTSTK,CIPLA,29-Jun-17,620,CE,0,0,0,13.75,3.5,0,0,0,0,17-Apr-17
OPTSTK,CIPLA,29-Jun-17,630,CE,0,0,0,10.3,2.15,0,0,0,0,17-Apr-17
OPTSTK,CIPLA,29-Jun-17,640,CE,0,0,0,7.6,1.25,0,0,0,0,17-Apr-17
OPTSTK,CIPLA,29-Jun-17,650,CE,0,0,0,5.4,0.75,0,0,0,0,17-Apr-17
OPTSTK,CIPLA,29-Jun-17,660,CE,0,0,0,3.8,0.4,0,0,0,0,17-Apr-17
OPTSTK,CIPLA,29-Jun-17,670,CE,0,0,0,2.65,0.2,0,0,0,0,17-Apr-17
OPTSTK,CIPLA,29-Jun-17,680,CE,0,0,0,1.75,0.1,0,0,0,0,17-Apr-17
OPTSTK,CIPLA,29-Jun-17,690,CE,0,0,0,1.15,0.05,0,0,0,0,17-Apr-17
OPTSTK,CIPLA,29-Jun-17,700,CE,0,0,0,0.75,0.05,0,0,0,0,17-Apr-17
OPTSTK,CIPLA,29-Jun-17,710,CE,0,0,0,0.5,0.05,0,0,0,0,17-Apr-17
OPTSTK,CIPLA,29-Jun-17,720,CE,0,0,0,0.3,0,0,0,0,0,17-Apr-17
OPTSTK,CIPLA,29-Jun-17,400,PE,0,0,0,0.05,0,0,0,0,0,17-Apr-17
OPTSTK,CIPLA,29-Jun-17,410,PE,0,0,0,0.05,0,0,0,0,0,17-Apr-17
OPTSTK,CIPLA,29-Jun-17,420,PE,0,0,0,0.05,0,0,0,0,0,17-Apr-17
OPTSTK,CIPLA,29-Jun-17,430,PE,0,0,0,0.05,0,0,0,0,0,17-Apr-17
OPTSTK,CIPLA,29-Jun-17,440,PE,0,0,0,0.05,0,0,0,0,0,17-Apr-17
OPTSTK,CIPLA,29-Jun-17,450,PE,0,0,0,0.05,0,0,0,0,0,17-Apr-17
OPTSTK,CIPLA,29-Jun-17,460,PE,0,0,0,0.05,0,0,0,0,0,17-Apr-17
OPTSTK,CIPLA,29-Jun-17,470,PE,0,0,0,0.05,0,0,0,0,0,17-Apr-17
OPTSTK,CIPLA,29-Jun-17,480,PE,0,0,0,0.05,0.05,0,0,0,0,17-Apr-17
OPTSTK,CIPLA,29-Jun-17,490,PE,0,0,0,0.05,0.05,0,0,0,0,17-Apr-17
OPTSTK,CIPLA,29-Jun-17,500,PE,0,0,0,0.1,0.1,0,0,0,0,17-Apr-17
OPTSTK,CIPLA,29-Jun-17,510,PE,0,0,0,0.2,0.2,0,0,0,0,17-Apr-17
OPTSTK,CIPLA,29-Jun-17,520,PE,0,0,0,0.4,0.45,0,0,0,0,17-Apr-17
OPTSTK,CIPLA,29-Jun-17,530,PE,0,0,0,0.7,0.95,0,0,0,0,17-Apr-17
OPTSTK,CIPLA,29-Jun-17,540,PE,0,0,0,1.25,1.8,0,0,0,0,17-Apr-17
OPTSTK,CIPLA,29-Jun-17,550,PE,0,0,0,2.1,3.25,0,0,0,0,17-Apr-17
OPTSTK,CIPLA,29-Jun-17,560,PE,0,0,0,3.4,5.45,0,0,0,0,17-Apr-17
OPTSTK,CIPLA,29-Jun-17,570,PE,0,0,0,5.2,8.5,0,0,0,0,17-Apr-17
OPTSTK,CIPLA,29-Jun-17,580,PE,0,0,0,7.65,12.55,0,0,0,0,17-Apr-17
OPTSTK,CIPLA,29-Jun-17,590,PE,0,0,0,10.8,17.75,0,0,0,0,17-Apr-17
OPTSTK,CIPLA,29-Jun-17,600,PE,0,0,0,14.8,23.9,0,0,0,0,17-Apr-17
OPTSTK,CIPLA,29-Jun-17,610,PE,0,0,0,19.55,31.1,0,0,0,0,17-Apr-17
OPTSTK,CIPLA,29-Jun-17,620,PE,0,0,0,25.2,38.95,0,0,0,0,17-Apr-17
OPTSTK,CIPLA,29-Jun-17,630,PE,0,0,0,31.55,47.5,0,0,0,0,17-Apr-17
OPTSTK,CIPLA,29-Jun-17,640,PE,0,0,0,38.65,56.5,0,0,0,0,17-Apr-17
OPTSTK,CIPLA,29-Jun-17,650,PE,0,0,0,46.35,65.85,0,0,0,0,17-Apr-17
OPTSTK,CIPLA,29-Jun-17,660,PE,0,0,0,54.6,75.4,0,0,0,0,17-Apr-17
OPTSTK,CIPLA,29-Jun-17,670,PE,0,0,0,63.25,85.05,0,0,0,0,17-Apr-17
OPTSTK,CIPLA,29-Jun-17,680,PE,0,0,0,72.2,94.85,0,0,0,0,17-Apr-17
OPTSTK,CIPLA,29-Jun-17,690,PE,0,0,0,81.45,104.65,0,0,0,0,17-Apr-17
OPTSTK,CIPLA,29-Jun-17,700,PE,0,0,0,90.85,114.5,0,0,0,0,17-Apr-17
OPTSTK,CIPLA,29-Jun-17,710,PE,0,0,0,100.45,124.35,0,0,0,0,17-Apr-17
OPTSTK,CIPLA,29-Jun-17,720,PE,0,0,0,110.1,134.25,0,0,0,0,17-Apr-17
OPTSTK,COALINDIA,27-Apr-17,230,CE,0,0,0,91.25,56.2,0,0,0,0,17-Apr-17
OPTSTK,COALINDIA,27-Apr-17,235,CE,0,0,0,86.45,51.25,0,0,0,0,17-Apr-17
OPTSTK,COALINDIA,27-Apr-17,240,CE,0,0,0,81.7,46.25,0,0,0,0,17-Apr-17
OPTSTK,COALINDIA,27-Apr-17,245,CE,0,0,0,76.95,41.25,0,0,0,0,17-Apr-17
OPTSTK,COALINDIA,27-Apr-17,250,CE,0,0,0,72.35,36.25,0,0,0,0,17-Apr-17
OPTSTK,COALINDIA,27-Apr-17,255,CE,0,0,0,67.75,31.25,0,0,0,0,17-Apr-17
OPTSTK,COALINDIA,27-Apr-17,260,CE,0,0,0,63.3,26.3,0,0,0,0,17-Apr-17
OPTSTK,COALINDIA,27-Apr-17,265,CE,0,0,0,22.25,21.35,0,0,1700,0,17-Apr-17
OPTSTK,COALINDIA,27-Apr-17,270,CE,0,0,0,20.25,16.5,0,0,6800,0,17-Apr-17
OPTSTK,COALINDIA,27-Apr-17,275,CE,0,0,0,12.1,11.95,0,0,11900,0,17-Apr-17
OPTSTK,COALINDIA,27-Apr-17,280,CE,9.5,9.5,7.75,7.9,7.9,11,53.88,93500,0,17-Apr-17
OPTSTK,COALINDIA,27-Apr-17,285,CE,6.6,6.75,4.5,4.65,4.65,36,177.44,193800,0,17-Apr-17
OPTSTK,COALINDIA,27-Apr-17,290,CE,4.7,5.5,2.6,2.7,2.7,559,2787.47,1378700,260100,17-Apr-17
OPTSTK,COALINDIA,27-Apr-17,295,CE,2.8,2.8,1.45,1.5,1.5,229,1155.42,737800,40800,17-Apr-17
OPTSTK,COALINDIA,27-Apr-17,300,CE,1.4,1.55,0.85,0.9,0.9,359,1837.47,2036600,-1700,17-Apr-17
OPTSTK,COALINDIA,27-Apr-17,305,CE,0.75,0.85,0.5,0.55,0.55,55,285.77,411400,-35700,17-Apr-17
OPTSTK,COALINDIA,27-Apr-17,310,CE,0.45,0.5,0.3,0.4,0.4,124,654.34,654500,-66300,17-Apr-17
OPTSTK,COALINDIA,27-Apr-17,315,CE,0.25,0.3,0.25,0.3,0.3,3,16.07,142800,1700,17-Apr-17
OPTSTK,COALINDIA,27-Apr-17,320,CE,0.25,0.3,0.2,0.25,0.25,25,136.1,487900,-11900,17-Apr-17
OPTSTK,COALINDIA,27-Apr-17,325,CE,0.2,0.2,0.2,0.2,0.2,10,55.28,25500,17000,17-Apr-17
OPTSTK,COALINDIA,27-Apr-17,330,CE,0.1,0.1,0.1,0.1,0.1,1,5.61,105400,-1700,17-Apr-17
OPTSTK,COALINDIA,27-Apr-17,335,CE,0,0,0,2,0,0,0,1700,0,17-Apr-17
OPTSTK,COALINDIA,27-Apr-17,340,CE,0,0,0,0.3,0,0,0,8500,0,17-Apr-17
OPTSTK,COALINDIA,27-Apr-17,345,CE,0,0,0,11.5,0,0,0,0,0,17-Apr-17
OPTSTK,COALINDIA,27-Apr-17,350,CE,0,0,0,0.25,0,0,0,1700,0,17-Apr-17
OPTSTK,COALINDIA,27-Apr-17,355,CE,0,0,0,8.8,0,0,0,0,0,17-Apr-17
OPTSTK,COALINDIA,27-Apr-17,360,CE,0,0,0,7.65,0,0,0,0,0,17-Apr-17
OPTSTK,COALINDIA,27-Apr-17,365,CE,0,0,0,6.65,0,0,0,0,0,17-Apr-17
OPTSTK,COALINDIA,27-Apr-17,370,CE,0,0,0,5.75,0,0,0,0,0,17-Apr-17
OPTSTK,COALINDIA,27-Apr-17,375,CE,0,0,0,4.95,0,0,0,0,0,17-Apr-17
OPTSTK,COALINDIA,27-Apr-17,380,CE,0,0,0,0.05,0,0,0,3400,0,17-Apr-17
OPTSTK,COALINDIA,27-Apr-17,385,CE,0,0,0,3.65,0,0,0,0,0,17-Apr-17
OPTSTK,COALINDIA,27-Apr-17,390,CE,0,0,0,0.1,0,0,0,1700,0,17-Apr-17
OPTSTK,COALINDIA,27-Apr-17,395,CE,0,0,0,0.3,0,0,0,1700,0,17-Apr-17
OPTSTK,COALINDIA,27-Apr-17,400,CE,0,0,0,2.25,0,0,0,0,0,17-Apr-17
OPTSTK,COALINDIA,27-Apr-17,230,PE,0,0,0,0.25,0,0,0,0,0,17-Apr-17
OPTSTK,COALINDIA,27-Apr-17,235,PE,0,0,0,0.4,0,0,0,0,0,17-Apr-17
OPTSTK,COALINDIA,27-Apr-17,240,PE,0,0,0,0.55,0,0,0,0,0,17-Apr-17
OPTSTK,COALINDIA,27-Apr-17,245,PE,0,0,0,0.75,0,0,0,0,0,17-Apr-17
OPTSTK,COALINDIA,27-Apr-17,250,PE,0,0,0,1,0,0,0,0,0,17-Apr-17
OPTSTK,COALINDIA,27-Apr-17,255,PE,0,0,0,1.4,0,0,0,0,0,17-Apr-17
OPTSTK,COALINDIA,27-Apr-17,260,PE,0,0,0,0.2,0.05,0,0,1700,0,17-Apr-17
OPTSTK,COALINDIA,27-Apr-17,265,PE,0,0,0,0.25,0.05,0,0,10200,0,17-Apr-17
OPTSTK,COALINDIA,27-Apr-17,270,PE,0.45,0.45,0.2,0.2,0.2,16,73.51,300900,-8500,17-Apr-17
OPTSTK,COALINDIA,27-Apr-17,275,PE,0.45,0.6,0.45,0.55,0.55,32,149.9,204000,28900,17-Apr-17
OPTSTK,COALINDIA,27-Apr-17,280,PE,0.8,1.5,0.8,1.25,1.25,121,578.37,504900,-18700,17-Apr-17
OPTSTK,COALINDIA,27-Apr-17,285,PE,1.9,3.25,1.9,3.1,3.1,113,552.89,299200,57800,17-Apr-17
OPTSTK,COALINDIA,27-Apr-17,290,PE,3.95,6.15,3.6,5.9,5.9,139,697.06,600100,-91800,17-Apr-17
OPTSTK,COALINDIA,27-Apr-17,295,PE,7.8,9.7,7.45,9.7,9.7,7,36.09,91800,-3400,17-Apr-17
OPTSTK,COALINDIA,27-Apr-17,300,PE,12,13.8,12,13.8,13.8,5,26.63,224400,0,17-Apr-17
OPTSTK,COALINDIA,27-Apr-17,305,PE,0,0,0,14.85,18.85,0,0,11900,0,17-Apr-17
OPTSTK,COALINDIA,27-Apr-17,310,PE,0,0,0,19.85,23.7,0,0,51000,0,17-Apr-17
OPTSTK,COALINDIA,27-Apr-17,315,PE,0,0,0,28.25,28.7,0,0,6800,0,17-Apr-17
OPTSTK,COALINDIA,27-Apr-17,320,PE,0,0,0,28.9,33.65,0,0,11900,0,17-Apr-17
OPTSTK,COALINDIA,27-Apr-17,325,PE,0,0,0,34,38.65,0,0,6800,0,17-Apr-17
OPTSTK,COALINDIA,27-Apr-17,330,PE,0,0,0,36,43.65,0,0,6800,0,17-Apr-17
OPTSTK,COALINDIA,27-Apr-17,335,PE,0,0,0,27.15,48.65,0,0,0,0,17-Apr-17
OPTSTK,COALINDIA,27-Apr-17,340,PE,0,0,0,47.5,53.65,0,0,28900,0,17-Apr-17
OPTSTK,COALINDIA,27-Apr-17,345,PE,0,0,0,33.6,58.6,0,0,0,0,17-Apr-17
OPTSTK,COALINDIA,27-Apr-17,350,PE,0,0,0,56.5,63.6,0,0,5100,0,17-Apr-17
OPTSTK,COALINDIA,27-Apr-17,355,PE,0,0,0,40.75,68.6,0,0,0,0,17-Apr-17
OPTSTK,COALINDIA,27-Apr-17,360,PE,0,0,0,67.8,73.6,0,0,8500,0,17-Apr-17
OPTSTK,COALINDIA,27-Apr-17,365,PE,0,0,0,69.85,78.6,0,0,1700,0,17-Apr-17
OPTSTK,COALINDIA,27-Apr-17,370,PE,0,0,0,52.45,83.6,0,0,0,0,17-Apr-17
OPTSTK,COALINDIA,27-Apr-17,375,PE,0,0,0,56.6,88.55,0,0,0,0,17-Apr-17
OPTSTK,COALINDIA,27-Apr-17,380,PE,0,0,0,60.8,93.55,0,0,0,0,17-Apr-17
OPTSTK,COALINDIA,27-Apr-17,385,PE,0,0,0,65.1,98.55,0,0,0,0,17-Apr-17
OPTSTK,COALINDIA,27-Apr-17,390,PE,0,0,0,69.5,103.55,0,0,0,0,17-Apr-17
OPTSTK,COALINDIA,27-Apr-17,395,PE,0,0,0,73.95,108.55,0,0,0,0,17-Apr-17
OPTSTK,COALINDIA,27-Apr-17,400,PE,0,0,0,78.5,113.5,0,0,0,0,17-Apr-17
OPTSTK,COALINDIA,25-May-17,230,CE,0,0,0,101.35,57.35,0,0,0,0,17-Apr-17
OPTSTK,COALINDIA,25-May-17,235,CE,0,0,0,96.45,52.4,0,0,0,0,17-Apr-17
OPTSTK,COALINDIA,25-May-17,240,CE,0,0,0,91.6,47.45,0,0,0,0,17-Apr-17
OPTSTK,COALINDIA,25-May-17,245,CE,0,0,0,86.75,42.55,0,0,0,0,17-Apr-17
OPTSTK,COALINDIA,25-May-17,250,CE,0,0,0,81.9,37.65,0,0,0,0,17-Apr-17
OPTSTK,COALINDIA,25-May-17,255,CE,0,0,0,77.1,32.85,0,0,0,0,17-Apr-17
OPTSTK,COALINDIA,25-May-17,260,CE,0,0,0,72.35,28.15,0,0,0,0,17-Apr-17
OPTSTK,COALINDIA,25-May-17,265,CE,0,0,0,67.65,23.65,0,0,0,0,17-Apr-17
OPTSTK,COALINDIA,25-May-17,270,CE,0,0,0,63.05,19.45,0,0,0,0,17-Apr-17
OPTSTK,COALINDIA,25-May-17,275,CE,0,0,0,58.55,15.65,0,0,0,0,17-Apr-17
OPTSTK,COALINDIA,25-May-17,280,CE,0,0,0,54.1,12.2,0,0,0,0,17-Apr-17
OPTSTK,COALINDIA,25-May-17,285,CE,0,0,0,12.5,9.25,0,0,0,0,17-Apr-17
OPTSTK,COALINDIA,25-May-17,290,CE,0,0,0,45.7,6.8,0,0,0,0,17-Apr-17
OPTSTK,COALINDIA,25-May-17,295,CE,0,0,0,41.7,4.85,0,0,0,0,17-Apr-17
OPTSTK,COALINDIA,25-May-17,300,CE,3.75,3.8,3.5,3.55,3.55,9,46.45,37400,15300,17-Apr-17
OPTSTK,COALINDIA,25-May-17,305,CE,0,0,0,34.25,2.25,0,0,0,0,17-Apr-17
OPTSTK,COALINDIA,25-May-17,310,CE,0,0,0,30.8,1.45,0,0,0,0,17-Apr-17
OPTSTK,COALINDIA,25-May-17,315,CE,0,0,0,27.6,0.95,0,0,0,0,17-Apr-17
OPTSTK,COALINDIA,25-May-17,320,CE,1.25,1.25,1.25,1.25,1.25,3,16.38,20400,5100,17-Apr-17
OPTSTK,COALINDIA,25-May-17,325,CE,0,0,0,21.8,0.35,0,0,0,0,17-Apr-17
OPTSTK,COALINDIA,25-May-17,330,CE,0,0,0,19.25,0.2,0,0,0,0,17-Apr-17
OPTSTK,COALINDIA,25-May-17,335,CE,0,0,0,16.9,0.1,0,0,0,0,17-Apr-17
OPTSTK,COALINDIA,25-May-17,340,CE,0,0,0,14.75,0.05,0,0,0,0,17-Apr-17
OPTSTK,COALINDIA,25-May-17,345,CE,0,0,0,12.85,0.05,0,0,0,0,17-Apr-17
OPTSTK,COALINDIA,25-May-17,350,CE,0,0,0,11.1,0.05,0,0,0,0,17-Apr-17
OPTSTK,COALINDIA,25-May-17,355,CE,0,0,0,9.55,0.05,0,0,0,0,17-Apr-17
OPTSTK,COALINDIA,25-May-17,360,CE,0,0,0,8.2,0,0,0,0,0,17-Apr-17
OPTSTK,COALINDIA,25-May-17,365,CE,0,0,0,7,0,0,0,0,0,17-Apr-17
OPTSTK,COALINDIA,25-May-17,370,CE,0,0,0,5.95,0,0,0,0,0,17-Apr-17
OPTSTK,COALINDIA,25-May-17,375,CE,0,0,0,5.05,0,0,0,0,0,17-Apr-17
OPTSTK,COALINDIA,25-May-17,380,CE,0,0,0,4.25,0,0,0,0,0,17-Apr-17
OPTSTK,COALINDIA,25-May-17,385,CE,0,0,0,3.55,0,0,0,0,0,17-Apr-17
OPTSTK,COALINDIA,25-May-17,390,CE,0,0,0,3,0,0,0,0,0,17-Apr-17
OPTSTK,COALINDIA,25-May-17,395,CE,0,0,0,2.5,0,0,0,0,0,17-Apr-17
OPTSTK,COALINDIA,25-May-17,400,CE,0,0,0,2.05,0,0,0,0,0,17-Apr-17
OPTSTK,COALINDIA,25-May-17,230,PE,0,0,0,0.05,0,0,0,0,0,17-Apr-17
OPTSTK,COALINDIA,25-May-17,235,PE,0,0,0,0.1,0.05,0,0,0,0,17-Apr-17
OPTSTK,COALINDIA,25-May-17,240,PE,0,0,0,0.1,0.05,0,0,0,0,17-Apr-17
OPTSTK,COALINDIA,25-May-17,245,PE,0,0,0,0.2,0.1,0,0,0,0,17-Apr-17
OPTSTK,COALINDIA,25-May-17,250,PE,0,0,0,0.25,0.15,0,0,0,0,17-Apr-17
OPTSTK,COALINDIA,25-May-17,255,PE,0,0,0,0.4,0.3,0,0,0,0,17-Apr-17
OPTSTK,COALINDIA,25-May-17,260,PE,0,0,0,0.55,0.6,0,0,0,0,17-Apr-17
OPTSTK,COALINDIA,25-May-17,265,PE,0,0,0,0.8,1.1,0,0,0,0,17-Apr-17
OPTSTK,COALINDIA,25-May-17,270,PE,0,0,0,1.5,1.85,0,0,1700,0,17-Apr-17
OPTSTK,COALINDIA,25-May-17,275,PE,0,0,0,1.5,2.95,0,0,0,0,17-Apr-17
OPTSTK,COALINDIA,25-May-17,280,PE,0,0,0,2,4.5,0,0,0,0,17-Apr-17
OPTSTK,COALINDIA,25-May-17,285,PE,0,0,0,2.65,6.55,0,0,0,0,17-Apr-17
OPTSTK,COALINDIA,25-May-17,290,PE,8.5,8.5,8.5,8.5,8.5,1,5.07,32300,1700,17-Apr-17
OPTSTK,COALINDIA,25-May-17,295,PE,0,0,0,4.35,12.1,0,0,0,0,17-Apr-17
OPTSTK,COALINDIA,25-May-17,300,PE,0,0,0,5.45,15.55,0,0,0,0,17-Apr-17
OPTSTK,COALINDIA,25-May-17,305,PE,0,0,0,6.75,19.4,0,0,0,0,17-Apr-17
OPTSTK,COALINDIA,25-May-17,310,PE,0,0,0,8.25,23.6,0,0,0,0,17-Apr-17
OPTSTK,COALINDIA,25-May-17,315,PE,0,0,0,9.95,28,0,0,0,0,17-Apr-17
OPTSTK,COALINDIA,25-May-17,320,PE,0,0,0,11.85,32.6,0,0,0,0,17-Apr-17
OPTSTK,COALINDIA,25-May-17,325,PE,0,0,0,14,37.35,0,0,0,0,17-Apr-17
OPTSTK,COALINDIA,25-May-17,330,PE,0,0,0,16.35,42.2,0,0,0,0,17-Apr-17
OPTSTK,COALINDIA,25-May-17,335,PE,0,0,0,18.95,47.05,0,0,0,0,17-Apr-17
OPTSTK,COALINDIA,25-May-17,340,PE,0,0,0,21.75,52,0,0,0,0,17-Apr-17
OPTSTK,COALINDIA,25-May-17,345,PE,0,0,0,24.75,56.9,0,0,0,0,17-Apr-17
OPTSTK,COALINDIA,25-May-17,350,PE,0,0,0,27.9,61.85,0,0,0,0,17-Apr-17
OPTSTK,COALINDIA,25-May-17,355,PE,0,0,0,31.3,66.85,0,0,0,0,17-Apr-17
OPTSTK,COALINDIA,25-May-17,360,PE,0,0,0,34.85,71.8,0,0,0,0,17-Apr-17
OPTSTK,COALINDIA,25-May-17,365,PE,0,0,0,38.6,76.75,0,0,0,0,17-Apr-17
OPTSTK,COALINDIA,25-May-17,370,PE,0,0,0,42.45,81.75,0,0,0,0,17-Apr-17
OPTSTK,COALINDIA,25-May-17,375,PE,0,0,0,46.45,86.7,0,0,0,0,17-Apr-17
OPTSTK,COALINDIA,25-May-17,380,PE,0,0,0,50.6,91.65,0,0,0,0,17-Apr-17
OPTSTK,COALINDIA,25-May-17,385,PE,0,0,0,54.8,96.6,0,0,0,0,17-Apr-17
OPTSTK,COALINDIA,25-May-17,390,PE,0,0,0,59.15,101.6,0,0,0,0,17-Apr-17
OPTSTK,COALINDIA,25-May-17,395,PE,0,0,0,63.6,106.55,0,0,0,0,17-Apr-17
OPTSTK,COALINDIA,25-May-17,400,PE,0,0,0,68.1,111.5,0,0,0,0,17-Apr-17
OPTSTK,COALINDIA,29-Jun-17,230,CE,0,0,0,63.4,58.85,0,0,0,0,17-Apr-17
OPTSTK,COALINDIA,29-Jun-17,235,CE,0,0,0,58.6,54,0,0,0,0,17-Apr-17
OPTSTK,COALINDIA,29-Jun-17,240,CE,0,0,0,53.8,49.15,0,0,0,0,17-Apr-17
OPTSTK,COALINDIA,29-Jun-17,245,CE,0,0,0,49.05,44.4,0,0,0,0,17-Apr-17
OPTSTK,COALINDIA,29-Jun-17,250,CE,0,0,0,44.45,39.75,0,0,0,0,17-Apr-17
OPTSTK,COALINDIA,29-Jun-17,255,CE,0,0,0,39.95,35.2,0,0,0,0,17-Apr-17
OPTSTK,COALINDIA,29-Jun-17,260,CE,0,0,0,35.6,30.85,0,0,0,0,17-Apr-17
OPTSTK,COALINDIA,29-Jun-17,265,CE,0,0,0,31.45,26.75,0,0,0,0,17-Apr-17
OPTSTK,COALINDIA,29-Jun-17,270,CE,0,0,0,27.5,22.85,0,0,0,0,17-Apr-17
OPTSTK,COALINDIA,29-Jun-17,275,CE,0,0,0,23.85,19.3,0,0,0,0,17-Apr-17
OPTSTK,COALINDIA,29-Jun-17,280,CE,0,0,0,20.45,16.05,0,0,0,0,17-Apr-17
OPTSTK,COALINDIA,29-Jun-17,285,CE,0,0,0,17.35,13.2,0,0,0,0,17-Apr-17
OPTSTK,COALINDIA,29-Jun-17,290,CE,0,0,0,14.55,10.65,0,0,0,0,17-Apr-17
OPTSTK,COALINDIA,29-Jun-17,295,CE,0,0,0,12.1,8.5,0,0,0,0,17-Apr-17
OPTSTK,COALINDIA,29-Jun-17,300,CE,0,0,0,9.95,6.65,0,0,0,0,17-Apr-17
OPTSTK,COALINDIA,29-Jun-17,305,CE,0,0,0,8.05,5.15,0,0,0,0,17-Apr-17
OPTSTK,COALINDIA,29-Jun-17,310,CE,0,0,0,6.5,3.95,0,0,0,0,17-Apr-17
OPTSTK,COALINDIA,29-Jun-17,315,CE,0,0,0,5.15,2.95,0,0,0,0,17-Apr-17
OPTSTK,COALINDIA,29-Jun-17,320,CE,0,0,0,4.05,2.2,0,0,0,0,17-Apr-17
OPTSTK,COALINDIA,29-Jun-17,325,CE,0,0,0,3.15,1.6,0,0,0,0,17-Apr-17
OPTSTK,COALINDIA,29-Jun-17,330,CE,0,0,0,2.45,1.15,0,0,0,0,17-Apr-17
OPTSTK,COALINDIA,29-Jun-17,335,CE,0,0,0,1.85,0.8,0,0,0,0,17-Apr-17
OPTSTK,COALINDIA,29-Jun-17,340,CE,0,0,0,1.4,0.6,0,0,0,0,17-Apr-17
OPTSTK,COALINDIA,29-Jun-17,345,CE,0,0,0,1.05,0.4,0,0,0,0,17-Apr-17
OPTSTK,COALINDIA,29-Jun-17,350,CE,0,0,0,0.8,0.3,0,0,0,0,17-Apr-17
OPTSTK,COALINDIA,29-Jun-17,355,CE,0,0,0,0.6,0.2,0,0,0,0,17-Apr-17
OPTSTK,COALINDIA,29-Jun-17,360,CE,0,0,0,0.4,0.15,0,0,0,0,17-Apr-17
OPTSTK,COALINDIA,29-Jun-17,365,CE,0,0,0,0.3,0.1,0,0,0,0,17-Apr-17
OPTSTK,COALINDIA,29-Jun-17,370,CE,0,0,0,0.25,0.05,0,0,0,0,17-Apr-17
OPTSTK,COALINDIA,29-Jun-17,375,CE,0,0,0,0.15,0.05,0,0,0,0,17-Apr-17
OPTSTK,COALINDIA,29-Jun-17,380,CE,0,0,0,0.1,0.05,0,0,0,0,17-Apr-17
OPTSTK,COALINDIA,29-Jun-17,385,CE,0,0,0,0.1,0.05,0,0,0,0,17-Apr-17
OPTSTK,COALINDIA,29-Jun-17,390,CE,0,0,0,0.05,0.05,0,0,0,0,17-Apr-17
OPTSTK,COALINDIA,29-Jun-17,230,PE,0,0,0,0.1,0.1,0,0,0,0,17-Apr-17
OPTSTK,COALINDIA,29-Jun-17,235,PE,0,0,0,0.2,0.15,0,0,0,0,17-Apr-17
OPTSTK,COALINDIA,29-Jun-17,240,PE,0,0,0,0.35,0.25,0,0,0,0,17-Apr-17
OPTSTK,COALINDIA,29-Jun-17,245,PE,0,0,0,0.55,0.4,0,0,0,0,17-Apr-17
OPTSTK,COALINDIA,29-Jun-17,250,PE,0,0,0,0.8,0.7,0,0,0,0,17-Apr-17
OPTSTK,COALINDIA,29-Jun-17,255,PE,0,0,0,1.25,1.1,0,0,0,0,17-Apr-17
OPTSTK,COALINDIA,29-Jun-17,260,PE,0,0,0,1.8,1.7,0,0,0,0,17-Apr-17
OPTSTK,COALINDIA,29-Jun-17,265,PE,0,0,0,2.6,2.5,0,0,0,0,17-Apr-17
OPTSTK,COALINDIA,29-Jun-17,270,PE,0,0,0,3.55,3.6,0,0,0,0,17-Apr-17
OPTSTK,COALINDIA,29-Jun-17,275,PE,0,0,0,4.8,4.95,0,0,0,0,17-Apr-17
OPTSTK,COALINDIA,29-Jun-17,280,PE,0,0,0,6.35,6.65,0,0,0,0,17-Apr-17
OPTSTK,COALINDIA,29-Jun-17,285,PE,0,0,0,8.15,8.7,0,0,0,0,17-Apr-17
OPTSTK,COALINDIA,29-Jun-17,290,PE,0,0,0,10.3,11.1,0,0,0,0,17-Apr-17
OPTSTK,COALINDIA,29-Jun-17,295,PE,0,0,0,12.75,13.9,0,0,0,0,17-Apr-17
OPTSTK,COALINDIA,29-Jun-17,300,PE,0,0,0,15.5,17,0,0,0,0,17-Apr-17
OPTSTK,COALINDIA,29-Jun-17,305,PE,0,0,0,18.55,20.4,0,0,0,0,17-Apr-17
OPTSTK,COALINDIA,29-Jun-17,310,PE,0,0,0,21.9,24.15,0,0,0,0,17-Apr-17
OPTSTK,COALINDIA,29-Jun-17,315,PE,0,0,0,25.5,28.1,0,0,0,0,17-Apr-17
OPTSTK,COALINDIA,29-Jun-17,320,PE,0,0,0,29.3,32.25,0,0,0,0,17-Apr-17
OPTSTK,COALINDIA,29-Jun-17,325,PE,0,0,0,33.3,36.6,0,0,0,0,17-Apr-17
OPTSTK,COALINDIA,29-Jun-17,330,PE,0,0,0,37.5,41.1,0,0,0,0,17-Apr-17
OPTSTK,COALINDIA,29-Jun-17,335,PE,0,0,0,41.85,45.7,0,0,0,0,17-Apr-17
OPTSTK,COALINDIA,29-Jun-17,340,PE,0,0,0,46.3,50.4,0,0,0,0,17-Apr-17
OPTSTK,COALINDIA,29-Jun-17,345,PE,0,0,0,50.85,55.15,0,0,0,0,17-Apr-17
OPTSTK,COALINDIA,29-Jun-17,350,PE,0,0,0,55.5,59.95,0,0,0,0,17-Apr-17
OPTSTK,COALINDIA,29-Jun-17,355,PE,0,0,0,60.2,64.8,0,0,0,0,17-Apr-17
OPTSTK,COALINDIA,29-Jun-17,360,PE,0,0,0,65,69.7,0,0,0,0,17-Apr-17
OPTSTK,COALINDIA,29-Jun-17,365,PE,0,0,0,69.8,74.6,0,0,0,0,17-Apr-17
OPTSTK,COALINDIA,29-Jun-17,370,PE,0,0,0,74.6,79.5,0,0,0,0,17-Apr-17
OPTSTK,COALINDIA,29-Jun-17,375,PE,0,0,0,79.5,84.4,0,0,0,0,17-Apr-17
OPTSTK,COALINDIA,29-Jun-17,380,PE,0,0,0,84.35,89.35,0,0,0,0,17-Apr-17
OPTSTK,COALINDIA,29-Jun-17,385,PE,0,0,0,89.25,94.25,0,0,0,0,17-Apr-17
OPTSTK,COALINDIA,29-Jun-17,390,PE,0,0,0,94.15,99.2,0,0,0,0,17-Apr-17
OPTSTK,COLPAL,27-Apr-17,680,CE,0,0,0,228.65,323.85,0,0,0,0,17-Apr-17
OPTSTK,COLPAL,27-Apr-17,700,CE,0,0,0,208.95,303.9,0,0,0,0,17-Apr-17
OPTSTK,COLPAL,27-Apr-17,720,CE,0,0,0,189.3,283.9,0,0,0,0,17-Apr-17
OPTSTK,COLPAL,27-Apr-17,740,CE,0,0,0,169.65,263.95,0,0,0,0,17-Apr-17
OPTSTK,COLPAL,27-Apr-17,760,CE,0,0,0,150.05,244,0,0,0,0,17-Apr-17
OPTSTK,COLPAL,27-Apr-17,780,CE,0,0,0,130.55,224.05,0,0,0,0,17-Apr-17
OPTSTK,COLPAL,27-Apr-17,800,CE,0,0,0,111.3,204.05,0,0,0,0,17-Apr-17
OPTSTK,COLPAL,27-Apr-17,820,CE,0,0,0,92.6,184.1,0,0,0,0,17-Apr-17
OPTSTK,COLPAL,27-Apr-17,830,CE,0,0,0,182.25,174.1,0,0,0,0,17-Apr-17
OPTSTK,COLPAL,27-Apr-17,840,CE,0,0,0,74.8,164.15,0,0,0,0,17-Apr-17
OPTSTK,COLPAL,27-Apr-17,850,CE,0,0,0,162.35,154.15,0,0,0,0,17-Apr-17
OPTSTK,COLPAL,27-Apr-17,860,CE,0,0,0,58.4,144.15,0,0,0,0,17-Apr-17
OPTSTK,COLPAL,27-Apr-17,870,CE,0,0,0,142.45,134.2,0,0,0,0,17-Apr-17
OPTSTK,COLPAL,27-Apr-17,880,CE,0,0,0,43.85,124.2,0,0,0,0,17-Apr-17
OPTSTK,COLPAL,27-Apr-17,890,CE,0,0,0,122.6,114.2,0,0,0,0,17-Apr-17
OPTSTK,COLPAL,27-Apr-17,900,CE,0,0,0,31.55,104.25,0,0,0,0,17-Apr-17
OPTSTK,COLPAL,27-Apr-17,910,CE,0,0,0,102.95,94.25,0,0,0,0,17-Apr-17
OPTSTK,COLPAL,27-Apr-17,920,CE,0,0,0,21.7,84.3,0,0,0,0,17-Apr-17
OPTSTK,COLPAL,27-Apr-17,930,CE,0,0,0,83.7,74.3,0,0,0,0,17-Apr-17
OPTSTK,COLPAL,27-Apr-17,940,CE,0,0,0,14.2,64.4,0,0,0,0,17-Apr-17
OPTSTK,COLPAL,27-Apr-17,950,CE,0,0,0,65.3,54.55,0,0,0,0,17-Apr-17
OPTSTK,COLPAL,27-Apr-17,960,CE,0,0,0,8.9,44.95,0,0,0,0,17-Apr-17
OPTSTK,COLPAL,27-Apr-17,970,CE,0,0,0,48.45,35.75,0,0,0,0,17-Apr-17
OPTSTK,COLPAL,27-Apr-17,980,CE,0,0,0,39.9,27.3,0,0,7000,0,17-Apr-17
OPTSTK,COLPAL,27-Apr-17,990,CE,0,0,0,33.9,19.75,0,0,0,0,17-Apr-17
OPTSTK,COLPAL,27-Apr-17,1000,CE,18.45,18.45,13.05,13.05,13.05,8,56.93,9100,3500,17-Apr-17
OPTSTK,COLPAL,27-Apr-17,1010,CE,0,0,0,22.15,8.65,0,0,0,0,17-Apr-17
OPTSTK,COLPAL,27-Apr-17,1020,CE,7.25,8.5,7.25,8.5,8.5,7,50.37,23100,-2100,17-Apr-17
OPTSTK,COLPAL,27-Apr-17,1030,CE,0,0,0,13.4,2.9,0,0,0,0,17-Apr-17
OPTSTK,COLPAL,27-Apr-17,1040,CE,3.25,3.5,3.25,3.5,3.5,2,14.6,4200,1400,17-Apr-17
OPTSTK,COLPAL,27-Apr-17,1050,CE,0,0,0,9.95,0.7,0,0,700,0,17-Apr-17
OPTSTK,COLPAL,27-Apr-17,1060,CE,0,0,0,3.2,0.3,0,0,4200,0,17-Apr-17
OPTSTK,COLPAL,27-Apr-17,1070,CE,0,0,0,9.1,0.15,0,0,700,0,17-Apr-17
OPTSTK,COLPAL,27-Apr-17,1080,CE,0,0,0,3.2,0.05,0,0,1400,0,17-Apr-17
OPTSTK,COLPAL,27-Apr-17,1090,CE,0,0,0,1.85,0.05,0,0,0,0,17-Apr-17
OPTSTK,COLPAL,27-Apr-17,1100,CE,0,0,0,1.85,0,0,0,700,0,17-Apr-17
OPTSTK,COLPAL,27-Apr-17,1110,CE,0,0,0,0.8,0,0,0,0,0,17-Apr-17
OPTSTK,COLPAL,27-Apr-17,1120,CE,0,0,0,0.05,0,0,0,0,0,17-Apr-17
OPTSTK,COLPAL,27-Apr-17,1130,CE,0,0,0,0.35,0,0,0,0,0,17-Apr-17
OPTSTK,COLPAL,27-Apr-17,1140,CE,0,0,0,0.05,0,0,0,0,0,17-Apr-17
OPTSTK,COLPAL,27-Apr-17,1150,CE,0,0,0,0.15,0,0,0,0,0,17-Apr-17
OPTSTK,COLPAL,27-Apr-17,1160,CE,0,0,0,0.05,0,0,0,0,0,17-Apr-17
OPTSTK,COLPAL,27-Apr-17,1170,CE,0,0,0,0.05,0,0,0,0,0,17-Apr-17
OPTSTK,COLPAL,27-Apr-17,1180,CE,0,0,0,0.05,0,0,0,0,0,17-Apr-17
OPTSTK,COLPAL,27-Apr-17,680,PE,0,0,0,0.05,0,0,0,0,0,17-Apr-17
OPTSTK,COLPAL,27-Apr-17,700,PE,0,0,0,0.05,0,0,0,0,0,17-Apr-17
OPTSTK,COLPAL,27-Apr-17,720,PE,0,0,0,0.05,0,0,0,0,0,17-Apr-17
OPTSTK,COLPAL,27-Apr-17,740,PE,0,0,0,0.05,0,0,0,0,0,17-Apr-17
OPTSTK,COLPAL,27-Apr-17,760,PE,0,0,0,0.1,0,0,0,0,0,17-Apr-17
OPTSTK,COLPAL,27-Apr-17,780,PE,0,0,0,0.3,0,0,0,0,0,17-Apr-17
OPTSTK,COLPAL,27-Apr-17,800,PE,0,0,0,0.7,0,0,0,0,0,17-Apr-17
OPTSTK,COLPAL,27-Apr-17,820,PE,0,0,0,1.7,0,0,0,0,0,17-Apr-17
OPTSTK,COLPAL,27-Apr-17,830,PE,0,0,0,0.05,0,0,0,0,0,17-Apr-17
OPTSTK,COLPAL,27-Apr-17,840,PE,0,0,0,3.55,0,0,0,0,0,17-Apr-17
OPTSTK,COLPAL,27-Apr-17,850,PE,0,0,0,0.05,0,0,0,0,0,17-Apr-17
OPTSTK,COLPAL,27-Apr-17,860,PE,0,0,0,6.85,0,0,0,0,0,17-Apr-17
OPTSTK,COLPAL,27-Apr-17,870,PE,0,0,0,0.05,0,0,0,0,0,17-Apr-17
OPTSTK,COLPAL,27-Apr-17,880,PE,0,0,0,1.5,0,0,0,700,0,17-Apr-17
OPTSTK,COLPAL,27-Apr-17,890,PE,0,0,0,0.1,0,0,0,0,0,17-Apr-17
OPTSTK,COLPAL,27-Apr-17,900,PE,0,0,0,19.35,0,0,0,0,0,17-Apr-17
OPTSTK,COLPAL,27-Apr-17,910,PE,0,0,0,0.35,0,0,0,0,0,17-Apr-17
OPTSTK,COLPAL,27-Apr-17,920,PE,0,0,0,29.15,0.05,0,0,0,0,17-Apr-17
OPTSTK,COLPAL,27-Apr-17,930,PE,0,0,0,1,0.05,0,0,0,0,17-Apr-17
OPTSTK,COLPAL,27-Apr-17,940,PE,0,0,0,3,0.1,0,0,2100,0,17-Apr-17
OPTSTK,COLPAL,27-Apr-17,950,PE,0,0,0,4.75,0.25,0,0,2800,0,17-Apr-17
OPTSTK,COLPAL,27-Apr-17,960,PE,0,0,0,5,0.65,0,0,2100,0,17-Apr-17
OPTSTK,COLPAL,27-Apr-17,970,PE,0,0,0,9.5,1.45,0,0,1400,0,17-Apr-17
OPTSTK,COLPAL,27-Apr-17,980,PE,0,0,0,12.5,2.9,0,0,3500,0,17-Apr-17
OPTSTK,COLPAL,27-Apr-17,990,PE,0,0,0,10.85,5.4,0,0,0,0,17-Apr-17
OPTSTK,COLPAL,27-Apr-17,1000,PE,10.15,10.15,10.15,10.15,10.15,1,7.07,4900,-700,17-Apr-17
OPTSTK,COLPAL,27-Apr-17,1010,PE,0,0,0,19,14.25,0,0,0,0,17-Apr-17
OPTSTK,COLPAL,27-Apr-17,1020,PE,18.05,18.05,18.05,18.05,18.05,1,7.26,4200,0,17-Apr-17
OPTSTK,COLPAL,27-Apr-17,1030,PE,0,0,0,30.2,28.45,0,0,0,0,17-Apr-17
OPTSTK,COLPAL,27-Apr-17,1040,PE,0,0,0,126.3,37,0,0,0,0,17-Apr-17
OPTSTK,COLPAL,27-Apr-17,1050,PE,0,0,0,44.2,46.25,0,0,0,0,17-Apr-17
OPTSTK,COLPAL,27-Apr-17,1060,PE,0,0,0,145.55,55.8,0,0,0,0,17-Apr-17
OPTSTK,COLPAL,27-Apr-17,1070,PE,0,0,0,60.5,65.65,0,0,0,0,17-Apr-17
OPTSTK,COLPAL,27-Apr-17,1080,PE,0,0,0,165,75.55,0,0,0,0,17-Apr-17
OPTSTK,COLPAL,27-Apr-17,1090,PE,0,0,0,78.35,85.5,0,0,0,0,17-Apr-17
OPTSTK,COLPAL,27-Apr-17,1100,PE,0,0,0,184.6,95.45,0,0,0,0,17-Apr-17
OPTSTK,COLPAL,27-Apr-17,1110,PE,0,0,0,97.2,105.45,0,0,0,0,17-Apr-17
OPTSTK,COLPAL,27-Apr-17,1120,PE,0,0,0,204.2,115.4,0,0,0,0,17-Apr-17
OPTSTK,COLPAL,27-Apr-17,1130,PE,0,0,0,116.65,125.4,0,0,0,0,17-Apr-17
OPTSTK,COLPAL,27-Apr-17,1140,PE,0,0,0,223.85,135.4,0,0,0,0,17-Apr-17
OPTSTK,COLPAL,27-Apr-17,1150,PE,0,0,0,136.35,145.35,0,0,0,0,17-Apr-17
OPTSTK,COLPAL,27-Apr-17,1160,PE,0,0,0,243.55,155.35,0,0,0,0,17-Apr-17
OPTSTK,COLPAL,27-Apr-17,1170,PE,0,0,0,156.15,165.35,0,0,0,0,17-Apr-17
OPTSTK,COLPAL,27-Apr-17,1180,PE,0,0,0,263.2,175.3,0,0,0,0,17-Apr-17
OPTSTK,COLPAL,25-May-17,680,CE,0,0,0,223.9,327.25,0,0,0,0,17-Apr-17
OPTSTK,COLPAL,25-May-17,700,CE,0,0,0,204.3,307.4,0,0,0,0,17-Apr-17
OPTSTK,COLPAL,25-May-17,720,CE,0,0,0,184.7,287.55,0,0,0,0,17-Apr-17
OPTSTK,COLPAL,25-May-17,740,CE,0,0,0,165.3,267.65,0,0,0,0,17-Apr-17
OPTSTK,COLPAL,25-May-17,760,CE,0,0,0,146.15,247.8,0,0,0,0,17-Apr-17
OPTSTK,COLPAL,25-May-17,780,CE,0,0,0,127.4,227.95,0,0,0,0,17-Apr-17
OPTSTK,COLPAL,25-May-17,800,CE,0,0,0,109.35,208.05,0,0,0,0,17-Apr-17
OPTSTK,COLPAL,25-May-17,820,CE,0,0,0,92.2,188.2,0,0,0,0,17-Apr-17
OPTSTK,COLPAL,25-May-17,830,CE,0,0,0,186.6,178.25,0,0,0,0,17-Apr-17
OPTSTK,COLPAL,25-May-17,840,CE,0,0,0,76.25,168.35,0,0,0,0,17-Apr-17
OPTSTK,COLPAL,25-May-17,850,CE,0,0,0,166.9,158.4,0,0,0,0,17-Apr-17
OPTSTK,COLPAL,25-May-17,860,CE,0,0,0,61.75,148.5,0,0,0,0,17-Apr-17
OPTSTK,COLPAL,25-May-17,870,CE,0,0,0,147.35,138.6,0,0,0,0,17-Apr-17
OPTSTK,COLPAL,25-May-17,880,CE,0,0,0,48.9,128.7,0,0,0,0,17-Apr-17
OPTSTK,COLPAL,25-May-17,890,CE,0,0,0,128,118.85,0,0,0,0,17-Apr-17
OPTSTK,COLPAL,25-May-17,900,CE,0,0,0,37.85,109.05,0,0,0,0,17-Apr-17
OPTSTK,COLPAL,25-May-17,910,CE,0,0,0,109.15,99.4,0,0,0,0,17-Apr-17
OPTSTK,COLPAL,25-May-17,920,CE,0,0,0,28.6,89.85,0,0,0,0,17-Apr-17
OPTSTK,COLPAL,25-May-17,930,CE,0,0,0,91.05,80.5,0,0,0,0,17-Apr-17
OPTSTK,COLPAL,25-May-17,940,CE,0,0,0,21.1,71.4,0,0,0,0,17-Apr-17
OPTSTK,COLPAL,25-May-17,950,CE,0,0,0,74.1,62.65,0,0,0,0,17-Apr-17
OPTSTK,COLPAL,25-May-17,960,CE,0,0,0,15.2,54.3,0,0,0,0,17-Apr-17
OPTSTK,COLPAL,25-May-17,970,CE,0,0,0,58.65,46.5,0,0,0,0,17-Apr-17
OPTSTK,COLPAL,25-May-17,980,CE,0,0,0,10.7,39.25,0,0,0,0,17-Apr-17
OPTSTK,COLPAL,25-May-17,990,CE,0,0,0,44.95,32.65,0,0,0,0,17-Apr-17
OPTSTK,COLPAL,25-May-17,1000,CE,0,0,0,7.35,26.75,0,0,0,0,17-Apr-17
OPTSTK,COLPAL,25-May-17,1010,CE,0,0,0,33.35,21.6,0,0,0,0,17-Apr-17
OPTSTK,COLPAL,25-May-17,1020,CE,0,0,0,4.95,17.1,0,0,0,0,17-Apr-17
OPTSTK,COLPAL,25-May-17,1030,CE,0,0,0,23.9,13.35,0,0,0,0,17-Apr-17
OPTSTK,COLPAL,25-May-17,1040,CE,0,0,0,3.25,10.25,0,0,0,0,17-Apr-17
OPTSTK,COLPAL,25-May-17,1050,CE,0,0,0,16.5,7.7,0,0,0,0,17-Apr-17
OPTSTK,COLPAL,25-May-17,1060,CE,0,0,0,2.1,5.7,0,0,0,0,17-Apr-17
OPTSTK,COLPAL,25-May-17,1070,CE,0,0,0,11.05,4.15,0,0,0,0,17-Apr-17
OPTSTK,COLPAL,25-May-17,1080,CE,0,0,0,1.3,2.95,0,0,0,0,17-Apr-17
OPTSTK,COLPAL,25-May-17,1090,CE,0,0,0,7.05,2.1,0,0,0,0,17-Apr-17
OPTSTK,COLPAL,25-May-17,1100,CE,0,0,0,0.8,1.45,0,0,0,0,17-Apr-17
OPTSTK,COLPAL,25-May-17,1110,CE,0,0,0,4.4,0.95,0,0,0,0,17-Apr-17
OPTSTK,COLPAL,25-May-17,1120,CE,0,0,0,0.5,0.65,0,0,0,0,17-Apr-17
OPTSTK,COLPAL,25-May-17,1130,CE,0,0,0,2.6,0.45,0,0,0,0,17-Apr-17
OPTSTK,COLPAL,25-May-17,1140,CE,0,0,0,0.3,0.3,0,0,0,0,17-Apr-17
OPTSTK,COLPAL,25-May-17,1150,CE,0,0,0,1.5,0.2,0,0,0,0,17-Apr-17
OPTSTK,COLPAL,25-May-17,1160,CE,0,0,0,0.2,0.1,0,0,0,0,17-Apr-17
OPTSTK,COLPAL,25-May-17,1170,CE,0,0,0,0.85,0.1,0,0,0,0,17-Apr-17
OPTSTK,COLPAL,25-May-17,1180,CE,0,0,0,0.1,0.05,0,0,0,0,17-Apr-17
OPTSTK,COLPAL,25-May-17,680,PE,0,0,0,0.05,0,0,0,0,0,17-Apr-17
OPTSTK,COLPAL,25-May-17,700,PE,0,0,0,0.1,0,0,0,0,0,17-Apr-17
OPTSTK,COLPAL,25-May-17,720,PE,0,0,0,0.2,0,0,0,0,0,17-Apr-17
OPTSTK,COLPAL,25-May-17,740,PE,0,0,0,0.5,0,0,0,0,0,17-Apr-17
OPTSTK,COLPAL,25-May-17,760,PE,0,0,0,1,0,0,0,0,0,17-Apr-17
OPTSTK,COLPAL,25-May-17,780,PE,0,0,0,2,0,0,0,0,0,17-Apr-17
OPTSTK,COLPAL,25-May-17,800,PE,0,0,0,3.6,0,0,0,0,0,17-Apr-17
OPTSTK,COLPAL,25-May-17,820,PE,0,0,0,6.15,0,0,0,0,0,17-Apr-17
OPTSTK,COLPAL,25-May-17,830,PE,0,0,0,0.05,0,0,0,0,0,17-Apr-17
OPTSTK,COLPAL,25-May-17,840,PE,0,0,0,9.85,0,0,0,0,0,17-Apr-17
OPTSTK,COLPAL,25-May-17,850,PE,0,0,0,0.15,0.05,0,0,0,0,17-Apr-17
OPTSTK,COLPAL,25-May-17,860,PE,0,0,0,15.05,0.05,0,0,0,0,17-Apr-17
OPTSTK,COLPAL,25-May-17,870,PE,0,0,0,0.35,0.05,0,0,0,0,17-Apr-17
OPTSTK,COLPAL,25-May-17,880,PE,0,0,0,21.9,0.1,0,0,0,0,17-Apr-17
OPTSTK,COLPAL,25-May-17,890,PE,0,0,0,0.85,0.2,0,0,0,0,17-Apr-17
OPTSTK,COLPAL,25-May-17,900,PE,0,0,0,30.5,0.35,0,0,0,0,17-Apr-17
OPTSTK,COLPAL,25-May-17,910,PE,0,0,0,1.8,0.6,0,0,0,0,17-Apr-17
OPTSTK,COLPAL,25-May-17,920,PE,0,0,0,40.95,1,0,0,0,0,17-Apr-17
OPTSTK,COLPAL,25-May-17,930,PE,0,0,0,3.5,1.55,0,0,0,0,17-Apr-17
OPTSTK,COLPAL,25-May-17,940,PE,0,0,0,53.15,2.4,0,0,0,0,17-Apr-17
OPTSTK,COLPAL,25-May-17,950,PE,0,0,0,6.3,3.6,0,0,0,0,17-Apr-17
OPTSTK,COLPAL,25-May-17,960,PE,0,0,0,66.95,5.2,0,0,0,0,17-Apr-17
OPTSTK,COLPAL,25-May-17,970,PE,0,0,0,10.65,7.3,0,0,0,0,17-Apr-17
OPTSTK,COLPAL,25-May-17,980,PE,0,0,0,82.1,10,0,0,0,0,17-Apr-17
OPTSTK,COLPAL,25-May-17,990,PE,0,0,0,16.75,13.35,0,0,0,0,17-Apr-17
OPTSTK,COLPAL,25-May-17,1000,PE,0,0,0,98.45,17.35,0,0,0,0,17-Apr-17
OPTSTK,COLPAL,25-May-17,1010,PE,0,0,0,24.95,22.1,0,0,0,0,17-Apr-17
OPTSTK,COLPAL,25-May-17,1020,PE,0,0,0,115.75,27.6,0,0,0,0,17-Apr-17
OPTSTK,COLPAL,25-May-17,1030,PE,0,0,0,35.3,33.75,0,0,0,0,17-Apr-17
OPTSTK,COLPAL,25-May-17,1040,PE,0,0,0,133.7,40.55,0,0,0,0,17-Apr-17
OPTSTK,COLPAL,25-May-17,1050,PE,0,0,0,47.7,48,0,0,0,0,17-Apr-17
OPTSTK,COLPAL,25-May-17,1060,PE,0,0,0,152.25,55.9,0,0,0,0,17-Apr-17
OPTSTK,COLPAL,25-May-17,1070,PE,0,0,0,62.05,64.3,0,0,0,0,17-Apr-17
OPTSTK,COLPAL,25-May-17,1080,PE,0,0,0,171.15,73.05,0,0,0,0,17-Apr-17
OPTSTK,COLPAL,25-May-17,1090,PE,0,0,0,77.85,82.1,0,0,0,0,17-Apr-17
OPTSTK,COLPAL,25-May-17,1100,PE,0,0,0,190.35,91.35,0,0,0,0,17-Apr-17
OPTSTK,COLPAL,25-May-17,1110,PE,0,0,0,95,100.85,0,0,0,0,17-Apr-17
OPTSTK,COLPAL,25-May-17,1120,PE,0,0,0,209.7,110.45,0,0,0,0,17-Apr-17
OPTSTK,COLPAL,25-May-17,1130,PE,0,0,0,113,120.15,0,0,0,0,17-Apr-17
OPTSTK,COLPAL,25-May-17,1140,PE,0,0,0,229.2,129.95,0,0,0,0,17-Apr-17
OPTSTK,COLPAL,25-May-17,1150,PE,0,0,0,131.7,139.8,0,0,0,0,17-Apr-17
OPTSTK,COLPAL,25-May-17,1160,PE,0,0,0,248.8,149.65,0,0,0,0,17-Apr-17
OPTSTK,COLPAL,25-May-17,1170,PE,0,0,0,150.85,159.55,0,0,0,0,17-Apr-17
OPTSTK,COLPAL,25-May-17,1180,PE,0,0,0,268.4,169.45,0,0,0,0,17-Apr-17
OPTSTK,COLPAL,29-Jun-17,810,CE,0,0,0,211.6,203.15,0,0,0,0,17-Apr-17
OPTSTK,COLPAL,29-Jun-17,820,CE,0,0,0,201.85,193.3,0,0,0,0,17-Apr-17
OPTSTK,COLPAL,29-Jun-17,830,CE,0,0,0,192.1,183.45,0,0,0,0,17-Apr-17
OPTSTK,COLPAL,29-Jun-17,840,CE,0,0,0,182.45,173.65,0,0,0,0,17-Apr-17
OPTSTK,COLPAL,29-Jun-17,850,CE,0,0,0,172.8,163.85,0,0,0,0,17-Apr-17
OPTSTK,COLPAL,29-Jun-17,860,CE,0,0,0,163.25,154.1,0,0,0,0,17-Apr-17
OPTSTK,COLPAL,29-Jun-17,870,CE,0,0,0,153.75,144.45,0,0,0,0,17-Apr-17
OPTSTK,COLPAL,29-Jun-17,880,CE,0,0,0,144.4,134.85,0,0,0,0,17-Apr-17
OPTSTK,COLPAL,29-Jun-17,890,CE,0,0,0,135.15,125.3,0,0,0,0,17-Apr-17
OPTSTK,COLPAL,29-Jun-17,900,CE,0,0,0,126.1,115.95,0,0,0,0,17-Apr-17
OPTSTK,COLPAL,29-Jun-17,910,CE,0,0,0,117.2,106.75,0,0,0,0,17-Apr-17
OPTSTK,COLPAL,29-Jun-17,920,CE,0,0,0,108.5,97.8,0,0,0,0,17-Apr-17
OPTSTK,COLPAL,29-Jun-17,930,CE,0,0,0,100.1,89.05,0,0,0,0,17-Apr-17
OPTSTK,COLPAL,29-Jun-17,940,CE,0,0,0,91.95,80.6,0,0,0,0,17-Apr-17
OPTSTK,COLPAL,29-Jun-17,950,CE,0,0,0,84.1,72.5,0,0,0,0,17-Apr-17
OPTSTK,COLPAL,29-Jun-17,960,CE,0,0,0,76.55,64.8,0,0,0,0,17-Apr-17
OPTSTK,COLPAL,29-Jun-17,970,CE,0,0,0,69.4,57.5,0,0,0,0,17-Apr-17
OPTSTK,COLPAL,29-Jun-17,980,CE,0,0,0,62.6,50.65,0,0,0,0,17-Apr-17
OPTSTK,COLPAL,29-Jun-17,990,CE,0,0,0,56.2,44.3,0,0,0,0,17-Apr-17
OPTSTK,COLPAL,29-Jun-17,1000,CE,0,0,0,50.2,38.45,0,0,0,0,17-Apr-17
OPTSTK,COLPAL,29-Jun-17,1010,CE,0,0,0,44.65,33.1,0,0,0,0,17-Apr-17
OPTSTK,COLPAL,29-Jun-17,1020,CE,0,0,0,39.5,28.3,0,0,0,0,17-Apr-17
OPTSTK,COLPAL,29-Jun-17,1030,CE,0,0,0,34.75,23.95,0,0,0,0,17-Apr-17
OPTSTK,COLPAL,29-Jun-17,1040,CE,0,0,0,30.4,20.15,0,0,0,0,17-Apr-17
OPTSTK,COLPAL,29-Jun-17,1050,CE,0,0,0,26.5,16.8,0,0,0,0,17-Apr-17
OPTSTK,COLPAL,29-Jun-17,1060,CE,0,0,0,22.95,13.85,0,0,0,0,17-Apr-17
OPTSTK,COLPAL,29-Jun-17,1070,CE,0,0,0,19.8,11.4,0,0,0,0,17-Apr-17
OPTSTK,COLPAL,29-Jun-17,1080,CE,0,0,0,16.95,9.25,0,0,0,0,17-Apr-17
OPTSTK,COLPAL,29-Jun-17,1090,CE,0,0,0,14.5,7.45,0,0,0,0,17-Apr-17
OPTSTK,COLPAL,29-Jun-17,1100,CE,0,0,0,12.3,5.95,0,0,0,0,17-Apr-17
OPTSTK,COLPAL,29-Jun-17,1110,CE,0,0,0,10.4,4.75,0,0,0,0,17-Apr-17
OPTSTK,COLPAL,29-Jun-17,1120,CE,0,0,0,8.7,3.7,0,0,0,0,17-Apr-17
OPTSTK,COLPAL,29-Jun-17,1130,CE,0,0,0,7.3,2.9,0,0,0,0,17-Apr-17
OPTSTK,COLPAL,29-Jun-17,1140,CE,0,0,0,6.05,2.25,0,0,0,0,17-Apr-17
OPTSTK,COLPAL,29-Jun-17,1150,CE,0,0,0,5,1.75,0,0,0,0,17-Apr-17
OPTSTK,COLPAL,29-Jun-17,1160,CE,0,0,0,4.15,1.3,0,0,0,0,17-Apr-17
OPTSTK,COLPAL,29-Jun-17,1170,CE,0,0,0,3.4,1,0,0,0,0,17-Apr-17
OPTSTK,COLPAL,29-Jun-17,1180,CE,0,0,0,2.75,0.75,0,0,0,0,17-Apr-17
OPTSTK,COLPAL,29-Jun-17,810,PE,0,0,0,0.15,0.05,0,0,0,0,17-Apr-17
OPTSTK,COLPAL,29-Jun-17,820,PE,0,0,0,0.25,0.05,0,0,0,0,17-Apr-17
OPTSTK,COLPAL,29-Jun-17,830,PE,0,0,0,0.35,0.1,0,0,0,0,17-Apr-17
OPTSTK,COLPAL,29-Jun-17,840,PE,0,0,0,0.5,0.15,0,0,0,0,17-Apr-17
OPTSTK,COLPAL,29-Jun-17,850,PE,0,0,0,0.7,0.25,0,0,0,0,17-Apr-17
OPTSTK,COLPAL,29-Jun-17,860,PE,0,0,0,0.95,0.35,0,0,0,0,17-Apr-17
OPTSTK,COLPAL,29-Jun-17,870,PE,0,0,0,1.3,0.55,0,0,0,0,17-Apr-17
OPTSTK,COLPAL,29-Jun-17,880,PE,0,0,0,1.8,0.8,0,0,0,0,17-Apr-17
OPTSTK,COLPAL,29-Jun-17,890,PE,0,0,0,2.4,1.2,0,0,0,0,17-Apr-17
OPTSTK,COLPAL,29-Jun-17,900,PE,0,0,0,3.15,1.7,0,0,0,0,17-Apr-17
OPTSTK,COLPAL,29-Jun-17,910,PE,0,0,0,4.1,2.35,0,0,0,0,17-Apr-17
OPTSTK,COLPAL,29-Jun-17,920,PE,0,0,0,5.25,3.25,0,0,0,0,17-Apr-17
OPTSTK,COLPAL,29-Jun-17,930,PE,0,0,0,6.65,4.4,0,0,0,0,17-Apr-17
OPTSTK,COLPAL,29-Jun-17,940,PE,0,0,0,8.35,5.85,0,0,0,0,17-Apr-17
OPTSTK,COLPAL,29-Jun-17,950,PE,0,0,0,10.3,7.6,0,0,0,0,17-Apr-17
OPTSTK,COLPAL,29-Jun-17,960,PE,0,0,0,12.65,9.75,0,0,0,0,17-Apr-17
OPTSTK,COLPAL,29-Jun-17,970,PE,0,0,0,15.3,12.3,0,0,0,0,17-Apr-17
OPTSTK,COLPAL,29-Jun-17,980,PE,0,0,0,18.35,15.35,0,0,0,0,17-Apr-17
OPTSTK,COLPAL,29-Jun-17,990,PE,0,0,0,21.75,18.85,0,0,0,0,17-Apr-17
OPTSTK,COLPAL,29-Jun-17,1000,PE,0,0,0,25.6,22.9,0,0,0,0,17-Apr-17
OPTSTK,COLPAL,29-Jun-17,1010,PE,0,0,0,29.9,27.4,0,0,0,0,17-Apr-17
OPTSTK,COLPAL,29-Jun-17,1020,PE,0,0,0,34.55,32.45,0,0,0,0,17-Apr-17
OPTSTK,COLPAL,29-Jun-17,1030,PE,0,0,0,39.65,38,0,0,0,0,17-Apr-17
OPTSTK,COLPAL,29-Jun-17,1040,PE,0,0,0,45.15,44.05,0,0,0,0,17-Apr-17
OPTSTK,COLPAL,29-Jun-17,1050,PE,0,0,0,51.05,50.55,0,0,0,0,17-Apr-17
OPTSTK,COLPAL,29-Jun-17,1060,PE,0,0,0,57.35,57.55,0,0,0,0,17-Apr-17
OPTSTK,COLPAL,29-Jun-17,1070,PE,0,0,0,64.05,64.95,0,0,0,0,17-Apr-17
OPTSTK,COLPAL,29-Jun-17,1080,PE,0,0,0,71.05,72.65,0,0,0,0,17-Apr-17
OPTSTK,COLPAL,29-Jun-17,1090,PE,0,0,0,78.45,80.75,0,0,0,0,17-Apr-17
OPTSTK,COLPAL,29-Jun-17,1100,PE,0,0,0,86.05,89.1,0,0,0,0,17-Apr-17
OPTSTK,COLPAL,29-Jun-17,1110,PE,0,0,0,94,97.75,0,0,0,0,17-Apr-17
OPTSTK,COLPAL,29-Jun-17,1120,PE,0,0,0,102.15,106.6,0,0,0,0,17-Apr-17
OPTSTK,COLPAL,29-Jun-17,1130,PE,0,0,0,110.55,115.65,0,0,0,0,17-Apr-17
OPTSTK,COLPAL,29-Jun-17,1140,PE,0,0,0,119.15,124.85,0,0,0,0,17-Apr-17
OPTSTK,COLPAL,29-Jun-17,1150,PE,0,0,0,127.95,134.2,0,0,0,0,17-Apr-17
OPTSTK,COLPAL,29-Jun-17,1160,PE,0,0,0,136.9,143.7,0,0,0,0,17-Apr-17
OPTSTK,COLPAL,29-Jun-17,1170,PE,0,0,0,146,153.25,0,0,0,0,17-Apr-17
OPTSTK,COLPAL,29-Jun-17,1180,PE,0,0,0,155.2,162.85,0,0,0,0,17-Apr-17
OPTSTK,CONCOR,27-Apr-17,704,CE,0,0,0,328.6,481,0,0,0,0,17-Apr-17
OPTSTK,CONCOR,27-Apr-17,720,CE,0,0,0,309.15,465,0,0,0,0,17-Apr-17
OPTSTK,CONCOR,27-Apr-17,736,CE,0,0,0,289.8,449.05,0,0,0,0,17-Apr-17
OPTSTK,CONCOR,27-Apr-17,752,CE,0,0,0,270.6,433.1,0,0,0,0,17-Apr-17
OPTSTK,CONCOR,27-Apr-17,768,CE,0,0,0,251.65,417.1,0,0,0,0,17-Apr-17
OPTSTK,CONCOR,27-Apr-17,780,CE,0,0,0,235.85,405.15,0,0,0,0,17-Apr-17
OPTSTK,CONCOR,27-Apr-17,784,CE,0,0,0,233,401.15,0,0,0,0,17-Apr-17
OPTSTK,CONCOR,27-Apr-17,800,CE,0,0,0,214.7,385.15,0,0,0,0,17-Apr-17
OPTSTK,CONCOR,27-Apr-17,816,CE,0,0,0,196.8,369.2,0,0,0,0,17-Apr-17
OPTSTK,CONCOR,27-Apr-17,820,CE,0,0,0,196,365.2,0,0,0,0,17-Apr-17
OPTSTK,CONCOR,27-Apr-17,832,CE,0,0,0,179.5,353.2,0,0,0,0,17-Apr-17
OPTSTK,CONCOR,27-Apr-17,840,CE,0,0,0,176.05,345.25,0,0,0,0,17-Apr-17
OPTSTK,CONCOR,27-Apr-17,848,CE,0,0,0,162.75,337.25,0,0,0,0,17-Apr-17
OPTSTK,CONCOR,27-Apr-17,860,CE,0,0,0,156.15,325.25,0,0,0,0,17-Apr-17
OPTSTK,CONCOR,27-Apr-17,864,CE,0,0,0,146.75,321.25,0,0,0,0,17-Apr-17
OPTSTK,CONCOR,27-Apr-17,880,CE,0,0,0,131.5,305.3,0,0,0,0,17-Apr-17
OPTSTK,CONCOR,27-Apr-17,896,CE,0,0,0,117.2,289.35,0,0,0,0,17-Apr-17
OPTSTK,CONCOR,27-Apr-17,900,CE,0,0,0,116.45,285.35,0,0,0,0,17-Apr-17
OPTSTK,CONCOR,27-Apr-17,912,CE,0,0,0,103.7,273.35,0,0,0,0,17-Apr-17
OPTSTK,CONCOR,27-Apr-17,920,CE,0,0,0,96.85,265.35,0,0,0,0,17-Apr-17
OPTSTK,CONCOR,27-Apr-17,928,CE,0,0,0,91.2,257.4,0,0,0,0,17-Apr-17
OPTSTK,CONCOR,27-Apr-17,940,CE,0,0,0,77.8,245.4,0,0,0,0,17-Apr-17
OPTSTK,CONCOR,27-Apr-17,944,CE,0,0,0,79.7,241.4,0,0,0,0,17-Apr-17
OPTSTK,CONCOR,27-Apr-17,960,CE,0,0,0,82,225.45,0,0,2500,0,17-Apr-17
OPTSTK,CONCOR,27-Apr-17,976,CE,0,0,0,90,209.5,0,0,3125,0,17-Apr-17
OPTSTK,CONCOR,27-Apr-17,980,CE,0,0,0,43.55,205.5,0,0,0,0,17-Apr-17
OPTSTK,CONCOR,27-Apr-17,992,CE,0,0,0,44,193.55,0,0,2500,0,17-Apr-17
OPTSTK,CONCOR,27-Apr-17,1000,CE,0,0,0,29.8,185.55,0,0,0,0,17-Apr-17
OPTSTK,CONCOR,27-Apr-17,1008,CE,0,0,0,125,177.6,0,0,3750,0,17-Apr-17
OPTSTK,CONCOR,27-Apr-17,1020,CE,0,0,0,19.05,165.7,0,0,0,0,17-Apr-17
OPTSTK,CONCOR,27-Apr-17,1024,CE,0,0,0,52.2,161.75,0,0,7500,0,17-Apr-17
OPTSTK,CONCOR,27-Apr-17,1040,CE,0,0,0,80,146,0,0,10625,0,17-Apr-17
OPTSTK,CONCOR,27-Apr-17,1056,CE,0,0,0,80,130.45,0,0,7500,0,17-Apr-17
OPTSTK,CONCOR,27-Apr-17,1060,CE,0,0,0,97.8,126.6,0,0,1250,0,17-Apr-17
OPTSTK,CONCOR,27-Apr-17,1072,CE,0,0,0,67,115.15,0,0,4375,0,17-Apr-17
OPTSTK,CONCOR,27-Apr-17,1080,CE,0,0,0,40,107.65,0,0,625,0,17-Apr-17
OPTSTK,CONCOR,27-Apr-17,1088,CE,0,0,0,62,100.3,0,0,1250,0,17-Apr-17
OPTSTK,CONCOR,27-Apr-17,1100,CE,0,0,0,72,89.55,0,0,21250,0,17-Apr-17
OPTSTK,CONCOR,27-Apr-17,1104,CE,0,0,0,56.2,86.05,0,0,3125,0,17-Apr-17
OPTSTK,CONCOR,27-Apr-17,1120,CE,0,0,0,55,72.6,0,0,1875,0,17-Apr-17
OPTSTK,CONCOR,27-Apr-17,1136,CE,0,0,0,41.8,60.2,0,0,1875,0,17-Apr-17
OPTSTK,CONCOR,27-Apr-17,1140,CE,50,50,50,50,50,1,7.43,6875,-625,17-Apr-17
OPTSTK,CONCOR,27-Apr-17,1152,CE,0,0,0,37.15,48.85,0,0,3125,0,17-Apr-17
OPTSTK,CONCOR,27-Apr-17,1160,CE,33,43.8,33,43.8,43.8,4,29.97,7500,-625,17-Apr-17
OPTSTK,CONCOR,27-Apr-17,1168,CE,30,36,30,36,36,2,15.01,625,0,17-Apr-17
OPTSTK,CONCOR,27-Apr-17,1180,CE,27.35,34,21.1,30.95,30.95,11,83.05,4375,625,17-Apr-17
OPTSTK,CONCOR,27-Apr-17,1184,CE,26,26,26,26,26,1,7.56,1250,625,17-Apr-17
OPTSTK,CONCOR,27-Apr-17,1200,CE,20.7,26,15,25.5,25.5,20,152.46,19375,2500,17-Apr-17
OPTSTK,CONCOR,27-Apr-17,1216,CE,0,0,0,3.15,17,0,0,0,0,17-Apr-17
OPTSTK,CONCOR,27-Apr-17,1220,CE,11,17.15,11,17.15,17.15,5,38.56,3750,1875,17-Apr-17
OPTSTK,CONCOR,27-Apr-17,1240,CE,10,11,7.1,7.1,7.1,5,39.03,5000,-1250,17-Apr-17
OPTSTK,CONCOR,27-Apr-17,1260,CE,7,10,6.4,8.05,8.05,28,221.93,86250,-13125,17-Apr-17
OPTSTK,CONCOR,27-Apr-17,1280,CE,0,0,0,7,4,0,0,3125,0,17-Apr-17
OPTSTK,CONCOR,27-Apr-17,1300,CE,0,0,0,5,2.35,0,0,1875,0,17-Apr-17
OPTSTK,CONCOR,27-Apr-17,1320,CE,0,0,0,0.05,1.35,0,0,0,0,17-Apr-17
OPTSTK,CONCOR,27-Apr-17,1340,CE,0,0,0,0.05,0.75,0,0,0,0,17-Apr-17
OPTSTK,CONCOR,27-Apr-17,1360,CE,0,0,0,4.25,0.4,0,0,0,0,17-Apr-17
OPTSTK,CONCOR,27-Apr-17,1380,CE,0,0,0,0.05,0.2,0,0,0,0,17-Apr-17
OPTSTK,CONCOR,27-Apr-17,704,PE,0,0,0,0.35,0,0,0,0,0,17-Apr-17
OPTSTK,CONCOR,27-Apr-17,720,PE,0,0,0,0.55,0,0,0,0,0,17-Apr-17
OPTSTK,CONCOR,27-Apr-17,736,PE,0,0,0,0.9,0,0,0,0,0,17-Apr-17
OPTSTK,CONCOR,27-Apr-17,752,PE,0,0,0,1.4,0,0,0,0,0,17-Apr-17
OPTSTK,CONCOR,27-Apr-17,768,PE,0,0,0,2.1,0,0,0,0,0,17-Apr-17
OPTSTK,CONCOR,27-Apr-17,780,PE,0,0,0,0.05,0,0,0,0,0,17-Apr-17
OPTSTK,CONCOR,27-Apr-17,784,PE,0,0,0,3.1,0,0,0,0,0,17-Apr-17
OPTSTK,CONCOR,27-Apr-17,800,PE,0,0,0,4.45,0,0,0,0,0,17-Apr-17
OPTSTK,CONCOR,27-Apr-17,816,PE,0,0,0,6.25,0,0,0,0,0,17-Apr-17
OPTSTK,CONCOR,27-Apr-17,820,PE,0,0,0,0.05,0,0,0,0,0,17-Apr-17
OPTSTK,CONCOR,27-Apr-17,832,PE,0,0,0,8.6,0,0,0,0,0,17-Apr-17
OPTSTK,CONCOR,27-Apr-17,840,PE,0,0,0,0.05,0,0,0,0,0,17-Apr-17
OPTSTK,CONCOR,27-Apr-17,848,PE,0,0,0,11.55,0,0,0,0,0,17-Apr-17
OPTSTK,CONCOR,27-Apr-17,860,PE,0,0,0,0.05,0,0,0,0,0,17-Apr-17
OPTSTK,CONCOR,27-Apr-17,864,PE,0,0,0,15.2,0,0,0,0,0,17-Apr-17
OPTSTK,CONCOR,27-Apr-17,880,PE,0,0,0,19.65,0,0,0,0,0,17-Apr-17
OPTSTK,CONCOR,27-Apr-17,896,PE,0,0,0,25,0,0,0,0,0,17-Apr-17
OPTSTK,CONCOR,27-Apr-17,900,PE,0,0,0,0.15,0,0,0,0,0,17-Apr-17
OPTSTK,CONCOR,27-Apr-17,912,PE,0,0,0,31.15,0,0,0,0,0,17-Apr-17
OPTSTK,CONCOR,27-Apr-17,920,PE,0,0,0,0.5,0,0,0,0,0,17-Apr-17
OPTSTK,CONCOR,27-Apr-17,928,PE,0,0,0,38.35,0,0,0,0,0,17-Apr-17
OPTSTK,CONCOR,27-Apr-17,940,PE,0,0,0,1.35,0,0,0,0,0,17-Apr-17
OPTSTK,CONCOR,27-Apr-17,944,PE,0.05,0.05,0.05,0.05,0.05,1,5.9,3750,0,17-Apr-17
OPTSTK,CONCOR,27-Apr-17,960,PE,0,0,0,20,0.05,0,0,1875,0,17-Apr-17
OPTSTK,CONCOR,27-Apr-17,976,PE,0,0,0,1.7,0.05,0,0,5000,0,17-Apr-17
OPTSTK,CONCOR,27-Apr-17,980,PE,0,0,0,7,0.05,0,0,0,0,17-Apr-17
OPTSTK,CONCOR,27-Apr-17,992,PE,0,0,0,2.5,0.05,0,0,3750,0,17-Apr-17
OPTSTK,CONCOR,27-Apr-17,1000,PE,0,0,0,13.15,0.1,0,0,0,0,17-Apr-17
OPTSTK,CONCOR,27-Apr-17,1008,PE,0,0,0,2.1,0.1,0,0,2500,0,17-Apr-17
OPTSTK,CONCOR,27-Apr-17,1020,PE,0,0,0,15,0.2,0,0,625,0,17-Apr-17
OPTSTK,CONCOR,27-Apr-17,1024,PE,1.5,1.5,1,1,1,4,25.62,6875,-625,17-Apr-17
OPTSTK,CONCOR,27-Apr-17,1040,PE,1.5,1.5,1.5,1.5,1.5,2,13.01,8125,0,17-Apr-17
OPTSTK,CONCOR,27-Apr-17,1056,PE,0,0,0,7,0.85,0,0,6250,0,17-Apr-17
OPTSTK,CONCOR,27-Apr-17,1060,PE,0,0,0,6.5,1,0,0,3125,0,17-Apr-17
OPTSTK,CONCOR,27-Apr-17,1072,PE,0,0,0,12.6,1.55,0,0,625,0,17-Apr-17
OPTSTK,CONCOR,27-Apr-17,1080,PE,0,0,0,12.1,2.05,0,0,2500,0,17-Apr-17
OPTSTK,CONCOR,27-Apr-17,1088,PE,0,0,0,16,2.65,0,0,625,0,17-Apr-17
OPTSTK,CONCOR,27-Apr-17,1100,PE,5,5.1,5,5.05,5.05,2,13.81,4375,0,17-Apr-17
OPTSTK,CONCOR,27-Apr-17,1104,PE,0,0,0,15.5,4.4,0,0,3125,0,17-Apr-17
OPTSTK,CONCOR,27-Apr-17,1120,PE,12.3,12.3,9,9,9,4,28.24,1875,-625,17-Apr-17
OPTSTK,CONCOR,27-Apr-17,1136,PE,0,0,0,28.75,10.45,0,0,1250,0,17-Apr-17
OPTSTK,CONCOR,27-Apr-17,1140,PE,19.25,21,14.7,15.3,15.3,10,72.33,6875,3125,17-Apr-17
OPTSTK,CONCOR,27-Apr-17,1152,PE,0,0,0,35,15.1,0,0,625,0,17-Apr-17
OPTSTK,CONCOR,27-Apr-17,1160,PE,24,24,24,24,24,1,7.4,1250,0,17-Apr-17
OPTSTK,CONCOR,27-Apr-17,1168,PE,0,0,0,30.5,21.05,0,0,1250,0,17-Apr-17
OPTSTK,CONCOR,27-Apr-17,1180,PE,0,0,0,37,26.4,0,0,1250,0,17-Apr-17
OPTSTK,CONCOR,27-Apr-17,1184,PE,35,35.5,35,35.5,35.5,2,15.24,1250,1250,17-Apr-17
OPTSTK,CONCOR,27-Apr-17,1200,PE,41,41.25,41,41.25,41.25,2,15.51,1875,1250,17-Apr-17
OPTSTK,CONCOR,27-Apr-17,1216,PE,0,0,0,304.4,47.1,0,0,0,0,17-Apr-17
OPTSTK,CONCOR,27-Apr-17,1220,PE,0,0,0,202.5,49.85,0,0,0,0,17-Apr-17
OPTSTK,CONCOR,27-Apr-17,1240,PE,0,0,0,222.4,64.45,0,0,0,0,17-Apr-17
OPTSTK,CONCOR,27-Apr-17,1260,PE,0,0,0,242.35,80.65,0,0,0,0,17-Apr-17
OPTSTK,CONCOR,27-Apr-17,1280,PE,0,0,0,381.1,98.05,0,0,0,0,17-Apr-17
OPTSTK,CONCOR,27-Apr-17,1300,PE,0,0,0,282.2,116.35,0,0,0,0,17-Apr-17
OPTSTK,CONCOR,27-Apr-17,1320,PE,0,0,0,302.1,135.3,0,0,0,0,17-Apr-17
OPTSTK,CONCOR,27-Apr-17,1340,PE,0,0,0,322.05,154.65,0,0,0,0,17-Apr-17
OPTSTK,CONCOR,27-Apr-17,1360,PE,0,0,0,367.65,174.3,0,0,0,0,17-Apr-17
OPTSTK,CONCOR,27-Apr-17,1380,PE,0,0,0,361.9,194.05,0,0,0,0,17-Apr-17
OPTSTK,CONCOR,25-May-17,704,CE,0,0,0,321.65,484.5,0,0,0,0,17-Apr-17
OPTSTK,CONCOR,25-May-17,720,CE,0,0,0,302.6,468.65,0,0,0,0,17-Apr-17
OPTSTK,CONCOR,25-May-17,736,CE,0,0,0,283.75,452.75,0,0,0,0,17-Apr-17
OPTSTK,CONCOR,25-May-17,752,CE,0,0,0,265.2,436.85,0,0,0,0,17-Apr-17
OPTSTK,CONCOR,25-May-17,768,CE,0,0,0,247,420.95,0,0,0,0,17-Apr-17
OPTSTK,CONCOR,25-May-17,780,CE,0,0,0,239.75,409.05,0,0,0,0,17-Apr-17
OPTSTK,CONCOR,25-May-17,784,CE,0,0,0,229.2,405.05,0,0,0,0,17-Apr-17
OPTSTK,CONCOR,25-May-17,800,CE,0,0,0,211.85,389.2,0,0,0,0,17-Apr-17
OPTSTK,CONCOR,25-May-17,816,CE,0,0,0,195.05,373.3,0,0,0,0,17-Apr-17
OPTSTK,CONCOR,25-May-17,820,CE,0,0,0,200.15,369.35,0,0,0,0,17-Apr-17
OPTSTK,CONCOR,25-May-17,832,CE,0,0,0,178.85,357.45,0,0,0,0,17-Apr-17
OPTSTK,CONCOR,25-May-17,840,CE,0,0,0,180.4,349.5,0,0,0,0,17-Apr-17
OPTSTK,CONCOR,25-May-17,848,CE,0,0,0,163.3,341.6,0,0,0,0,17-Apr-17
OPTSTK,CONCOR,25-May-17,860,CE,0,0,0,160.75,329.7,0,0,0,0,17-Apr-17
OPTSTK,CONCOR,25-May-17,864,CE,0,0,0,148.55,325.75,0,0,0,0,17-Apr-17
OPTSTK,CONCOR,25-May-17,880,CE,0,0,0,134.4,309.95,0,0,0,0,17-Apr-17
OPTSTK,CONCOR,25-May-17,896,CE,0,0,0,121.15,294.2,0,0,0,0,17-Apr-17
OPTSTK,CONCOR,25-May-17,900,CE,0,0,0,122.3,290.25,0,0,0,0,17-Apr-17
OPTSTK,CONCOR,25-May-17,912,CE,0,0,0,108.75,278.5,0,0,0,0,17-Apr-17
OPTSTK,CONCOR,25-May-17,920,CE,0,0,0,103.9,270.7,0,0,0,0,17-Apr-17
OPTSTK,CONCOR,25-May-17,928,CE,0,0,0,97.15,262.9,0,0,0,0,17-Apr-17
OPTSTK,CONCOR,25-May-17,940,CE,0,0,0,86.4,251.3,0,0,0,0,17-Apr-17
OPTSTK,CONCOR,25-May-17,944,CE,0,0,0,86.45,247.45,0,0,0,0,17-Apr-17
OPTSTK,CONCOR,25-May-17,960,CE,0,0,0,76.55,232.15,0,0,0,0,17-Apr-17
OPTSTK,CONCOR,25-May-17,976,CE,0,0,0,67.55,217,0,0,0,0,17-Apr-17
OPTSTK,CONCOR,25-May-17,980,CE,0,0,0,55.55,213.25,0,0,0,0,17-Apr-17
OPTSTK,CONCOR,25-May-17,992,CE,0,0,0,59.3,202.15,0,0,0,0,17-Apr-17
OPTSTK,CONCOR,25-May-17,1000,CE,0,0,0,42.75,194.8,0,0,0,0,17-Apr-17
OPTSTK,CONCOR,25-May-17,1008,CE,0,0,0,51.85,187.55,0,0,0,0,17-Apr-17
OPTSTK,CONCOR,25-May-17,1020,CE,0,0,0,31.95,176.85,0,0,0,0,17-Apr-17
OPTSTK,CONCOR,25-May-17,1024,CE,0,0,0,45.15,173.3,0,0,0,0,17-Apr-17
OPTSTK,CONCOR,25-May-17,1040,CE,0,0,0,39.15,159.5,0,0,0,0,17-Apr-17
OPTSTK,CONCOR,25-May-17,1056,CE,0,0,0,33.8,146.1,0,0,0,0,17-Apr-17
OPTSTK,CONCOR,25-May-17,1060,CE,0,0,0,16.25,142.85,0,0,0,0,17-Apr-17
OPTSTK,CONCOR,25-May-17,1072,CE,0,0,0,29.15,133.2,0,0,0,0,17-Apr-17
OPTSTK,CONCOR,25-May-17,1080,CE,0,0,0,11.05,127,0,0,0,0,17-Apr-17
OPTSTK,CONCOR,25-May-17,1088,CE,0,0,0,24.95,120.9,0,0,0,0,17-Apr-17
OPTSTK,CONCOR,25-May-17,1100,CE,0,0,0,7.3,112.1,0,0,0,0,17-Apr-17
OPTSTK,CONCOR,25-May-17,1104,CE,0,0,0,21.35,109.25,0,0,0,0,17-Apr-17
OPTSTK,CONCOR,25-May-17,1120,CE,0,0,0,18.15,98.1,0,0,0,0,17-Apr-17
OPTSTK,CONCOR,25-May-17,1136,CE,0,0,0,15.4,87.75,0,0,0,0,17-Apr-17
OPTSTK,CONCOR,25-May-17,1140,CE,0,0,0,2.85,85.25,0,0,0,0,17-Apr-17
OPTSTK,CONCOR,25-May-17,1152,CE,0,0,0,13,78.05,0,0,0,0,17-Apr-17
OPTSTK,CONCOR,25-May-17,1160,CE,0,0,0,1.75,73.45,0,0,0,0,17-Apr-17
OPTSTK,CONCOR,25-May-17,1168,CE,0,0,0,10.95,69.05,0,0,0,0,17-Apr-17
OPTSTK,CONCOR,25-May-17,1180,CE,0,0,0,1,62.8,0,0,0,0,17-Apr-17
OPTSTK,CONCOR,25-May-17,1184,CE,0,0,0,9.2,60.8,0,0,0,0,17-Apr-17
OPTSTK,CONCOR,25-May-17,1200,CE,0,0,0,7.7,53.25,0,0,0,0,17-Apr-17
OPTSTK,CONCOR,25-May-17,1216,CE,0,0,0,6.4,46.4,0,0,0,0,17-Apr-17
OPTSTK,CONCOR,25-May-17,1220,CE,0,0,0,0.3,44.75,0,0,0,0,17-Apr-17
OPTSTK,CONCOR,25-May-17,1240,CE,0,0,0,0.2,37.35,0,0,0,0,17-Apr-17
OPTSTK,CONCOR,25-May-17,1260,CE,0,0,0,0.1,30.9,0,0,0,0,17-Apr-17
OPTSTK,CONCOR,25-May-17,1280,CE,0,0,0,5.4,25.35,0,0,0,0,17-Apr-17
OPTSTK,CONCOR,25-May-17,1300,CE,0,0,0,0.05,20.7,0,0,0,0,17-Apr-17
OPTSTK,CONCOR,25-May-17,1320,CE,0,0,0,0.05,16.7,0,0,0,0,17-Apr-17
OPTSTK,CONCOR,25-May-17,1340,CE,0,0,0,0.05,13.4,0,0,0,0,17-Apr-17
OPTSTK,CONCOR,25-May-17,1360,CE,0,0,0,0.05,10.65,0,0,0,0,17-Apr-17
OPTSTK,CONCOR,25-May-17,1380,CE,0,0,0,0.05,8.45,0,0,0,0,17-Apr-17
OPTSTK,CONCOR,25-May-17,704,PE,0,0,0,1.35,0,0,0,0,0,17-Apr-17
OPTSTK,CONCOR,25-May-17,720,PE,0,0,0,1.95,0,0,0,0,0,17-Apr-17
OPTSTK,CONCOR,25-May-17,736,PE,0,0,0,2.8,0,0,0,0,0,17-Apr-17
OPTSTK,CONCOR,25-May-17,752,PE,0,0,0,3.95,0,0,0,0,0,17-Apr-17
OPTSTK,CONCOR,25-May-17,768,PE,0,0,0,5.4,0,0,0,0,0,17-Apr-17
OPTSTK,CONCOR,25-May-17,780,PE,0,0,0,0.05,0.05,0,0,0,0,17-Apr-17
OPTSTK,CONCOR,25-May-17,784,PE,0,0,0,7.3,0.05,0,0,0,0,17-Apr-17
OPTSTK,CONCOR,25-May-17,800,PE,0,0,0,9.65,0.05,0,0,0,0,17-Apr-17
OPTSTK,CONCOR,25-May-17,816,PE,0,0,0,12.55,0.05,0,0,0,0,17-Apr-17
OPTSTK,CONCOR,25-May-17,820,PE,0,0,0,0.05,0.05,0,0,0,0,17-Apr-17
OPTSTK,CONCOR,25-May-17,832,PE,0,0,0,16.05,0.05,0,0,0,0,17-Apr-17
OPTSTK,CONCOR,25-May-17,840,PE,0,0,0,0.15,0.1,0,0,0,0,17-Apr-17
OPTSTK,CONCOR,25-May-17,848,PE,0,0,0,20.2,0.1,0,0,0,0,17-Apr-17
OPTSTK,CONCOR,25-May-17,860,PE,0,0,0,0.35,0.15,0,0,0,0,17-Apr-17
OPTSTK,CONCOR,25-May-17,864,PE,0,0,0,25.1,0.15,0,0,0,0,17-Apr-17
OPTSTK,CONCOR,25-May-17,880,PE,0,0,0,30.65,0.25,0,0,0,0,17-Apr-17
OPTSTK,CONCOR,25-May-17,896,PE,0,0,0,37.1,0.4,0,0,0,0,17-Apr-17
OPTSTK,CONCOR,25-May-17,900,PE,0,0,0,1.5,0.45,0,0,0,0,17-Apr-17
OPTSTK,CONCOR,25-May-17,912,PE,0,0,0,44.35,0.6,0,0,0,0,17-Apr-17
OPTSTK,CONCOR,25-May-17,920,PE,0,0,0,2.9,0.75,0,0,0,0,17-Apr-17
OPTSTK,CONCOR,25-May-17,928,PE,0,0,0,52.45,0.9,0,0,0,0,17-Apr-17
OPTSTK,CONCOR,25-May-17,940,PE,0,0,0,5.25,1.2,0,0,0,0,17-Apr-17
OPTSTK,CONCOR,25-May-17,944,PE,0,0,0,61.45,1.35,0,0,0,0,17-Apr-17
OPTSTK,CONCOR,25-May-17,960,PE,0,0,0,71.25,1.9,0,0,0,0,17-Apr-17
OPTSTK,CONCOR,25-May-17,976,PE,0,0,0,81.9,2.7,0,0,0,0,17-Apr-17
OPTSTK,CONCOR,25-May-17,980,PE,0,0,0,14.05,2.9,0,0,0,0,17-Apr-17
OPTSTK,CONCOR,25-May-17,992,PE,0,0,0,93.35,3.7,0,0,0,0,17-Apr-17
OPTSTK,CONCOR,25-May-17,1000,PE,0,0,0,21.05,4.3,0,0,0,0,17-Apr-17
OPTSTK,CONCOR,25-May-17,1008,PE,0,0,0,105.6,5,0,0,0,0,17-Apr-17
OPTSTK,CONCOR,25-May-17,1020,PE,0,0,0,30.05,6.2,0,0,0,0,17-Apr-17
OPTSTK,CONCOR,25-May-17,1024,PE,0,0,0,118.55,6.65,0,0,0,0,17-Apr-17
OPTSTK,CONCOR,25-May-17,1040,PE,0,0,0,132.25,8.7,0,0,0,0,17-Apr-17
OPTSTK,CONCOR,25-May-17,1056,PE,0,0,0,146.6,11.2,0,0,0,0,17-Apr-17
OPTSTK,CONCOR,25-May-17,1060,PE,0,0,0,54,11.95,0,0,0,0,17-Apr-17
OPTSTK,CONCOR,25-May-17,1072,PE,0,0,0,161.65,14.25,0,0,0,0,17-Apr-17
OPTSTK,CONCOR,25-May-17,1080,PE,0,0,0,68.65,15.95,0,0,0,0,17-Apr-17
OPTSTK,CONCOR,25-May-17,1088,PE,0,0,0,177.15,17.8,0,0,0,0,17-Apr-17
OPTSTK,CONCOR,25-May-17,1100,PE,0,0,0,84.7,20.95,0,0,0,0,17-Apr-17
OPTSTK,CONCOR,25-May-17,1104,PE,0,0,0,193.15,22.05,0,0,0,0,17-Apr-17
OPTSTK,CONCOR,25-May-17,1120,PE,0,0,0,209.7,26.8,0,0,0,0,17-Apr-17
OPTSTK,CONCOR,25-May-17,1136,PE,0,0,0,226.6,32.3,0,0,0,0,17-Apr-17
OPTSTK,CONCOR,25-May-17,1140,PE,0,0,0,119.95,33.8,0,0,0,0,17-Apr-17
OPTSTK,CONCOR,25-May-17,1152,PE,0,0,0,243.9,38.5,0,0,0,0,17-Apr-17
OPTSTK,CONCOR,25-May-17,1160,PE,0,0,0,138.6,41.9,0,0,0,0,17-Apr-17
OPTSTK,CONCOR,25-May-17,1168,PE,0,0,0,261.55,45.45,0,0,0,0,17-Apr-17
OPTSTK,CONCOR,25-May-17,1180,PE,0,0,0,157.7,51.1,0,0,0,0,17-Apr-17
OPTSTK,CONCOR,25-May-17,1184,PE,0,0,0,279.45,53.05,0,0,0,0,17-Apr-17
OPTSTK,CONCOR,25-May-17,1200,PE,0,0,0,297.65,61.4,0,0,0,0,17-Apr-17
OPTSTK,CONCOR,25-May-17,1216,PE,0,0,0,316.05,70.45,0,0,0,0,17-Apr-17
OPTSTK,CONCOR,25-May-17,1220,PE,0,0,0,196.7,72.8,0,0,0,0,17-Apr-17
OPTSTK,CONCOR,25-May-17,1240,PE,0,0,0,216.35,85.25,0,0,0,0,17-Apr-17
OPTSTK,CONCOR,25-May-17,1260,PE,0,0,0,236.1,98.65,0,0,0,0,17-Apr-17
OPTSTK,CONCOR,25-May-17,1280,PE,0,0,0,363.05,112.95,0,0,0,0,17-Apr-17
OPTSTK,CONCOR,25-May-17,1300,PE,0,0,0,275.7,128.2,0,0,0,0,17-Apr-17
OPTSTK,CONCOR,25-May-17,1320,PE,0,0,0,295.5,144.05,0,0,0,0,17-Apr-17
OPTSTK,CONCOR,25-May-17,1340,PE,0,0,0,315.3,160.6,0,0,0,0,17-Apr-17
OPTSTK,CONCOR,25-May-17,1360,PE,0,0,0,335.15,177.75,0,0,0,0,17-Apr-17
OPTSTK,CONCOR,25-May-17,1380,PE,0,0,0,354.95,195.35,0,0,0,0,17-Apr-17
OPTSTK,CONCOR,29-Jun-17,704,CE,0,0,0,402.35,488.9,0,0,0,0,17-Apr-17
OPTSTK,CONCOR,29-Jun-17,720,CE,0,0,0,382.7,473.1,0,0,0,0,17-Apr-17
OPTSTK,CONCOR,29-Jun-17,736,CE,0,0,0,363,457.35,0,0,0,0,17-Apr-17
OPTSTK,CONCOR,29-Jun-17,752,CE,0,0,0,343.4,441.6,0,0,0,0,17-Apr-17
OPTSTK,CONCOR,29-Jun-17,768,CE,0,0,0,323.75,425.9,0,0,0,0,17-Apr-17
OPTSTK,CONCOR,29-Jun-17,780,CE,0,0,0,244.65,414.1,0,0,0,0,17-Apr-17
OPTSTK,CONCOR,29-Jun-17,784,CE,0,0,0,304.2,410.2,0,0,0,0,17-Apr-17
OPTSTK,CONCOR,29-Jun-17,800,CE,0,0,0,284.7,394.5,0,0,0,0,17-Apr-17
OPTSTK,CONCOR,29-Jun-17,816,CE,0,0,0,265.3,378.9,0,0,0,0,17-Apr-17
OPTSTK,CONCOR,29-Jun-17,820,CE,0,0,0,205.55,375,0,0,0,0,17-Apr-17
OPTSTK,CONCOR,29-Jun-17,832,CE,0,0,0,246.05,363.35,0,0,0,0,17-Apr-17
OPTSTK,CONCOR,29-Jun-17,840,CE,0,0,0,186.2,355.6,0,0,0,0,17-Apr-17
OPTSTK,CONCOR,29-Jun-17,848,CE,0,0,0,227,347.9,0,0,0,0,17-Apr-17
OPTSTK,CONCOR,29-Jun-17,860,CE,0,0,0,167.15,336.35,0,0,0,0,17-Apr-17
OPTSTK,CONCOR,29-Jun-17,864,CE,0,0,0,208.3,332.55,0,0,0,0,17-Apr-17
OPTSTK,CONCOR,29-Jun-17,880,CE,0,0,0,189.95,317.3,0,0,0,0,17-Apr-17
OPTSTK,CONCOR,29-Jun-17,896,CE,0,0,0,172.1,302.2,0,0,0,0,17-Apr-17
OPTSTK,CONCOR,29-Jun-17,900,CE,0,0,0,130.4,298.45,0,0,0,0,17-Apr-17
OPTSTK,CONCOR,29-Jun-17,912,CE,0,0,0,154.8,287.25,0,0,0,0,17-Apr-17
OPTSTK,CONCOR,29-Jun-17,920,CE,0,0,0,113.1,279.85,0,0,0,0,17-Apr-17
OPTSTK,CONCOR,29-Jun-17,928,CE,0,0,0,138.25,272.5,0,0,0,0,17-Apr-17
OPTSTK,CONCOR,29-Jun-17,940,CE,0,0,0,96.75,261.6,0,0,0,0,17-Apr-17
OPTSTK,CONCOR,29-Jun-17,944,CE,0,0,0,122.5,258,0,0,0,0,17-Apr-17
OPTSTK,CONCOR,29-Jun-17,960,CE,0,0,0,107.7,243.75,0,0,0,0,17-Apr-17
OPTSTK,CONCOR,29-Jun-17,976,CE,0,0,0,93.85,229.8,0,0,0,0,17-Apr-17
OPTSTK,CONCOR,29-Jun-17,980,CE,0,0,0,67.75,226.35,0,0,0,0,17-Apr-17
OPTSTK,CONCOR,29-Jun-17,992,CE,0,0,0,81.1,216.15,0,0,0,0,17-Apr-17
OPTSTK,CONCOR,29-Jun-17,1000,CE,0,0,0,55.35,209.5,0,0,0,0,17-Apr-17
OPTSTK,CONCOR,29-Jun-17,1008,CE,0,0,0,69.45,202.9,0,0,0,0,17-Apr-17
OPTSTK,CONCOR,29-Jun-17,1020,CE,0,0,0,44.5,193.15,0,0,0,0,17-Apr-17
OPTSTK,CONCOR,29-Jun-17,1024,CE,0,0,0,58.95,189.95,0,0,0,0,17-Apr-17
OPTSTK,CONCOR,29-Jun-17,1040,CE,0,0,0,49.6,177.45,0,0,0,0,17-Apr-17
OPTSTK,CONCOR,29-Jun-17,1056,CE,0,0,0,41.35,165.4,0,0,0,0,17-Apr-17
OPTSTK,CONCOR,29-Jun-17,1060,CE,0,0,0,27.3,162.5,0,0,0,0,17-Apr-17
OPTSTK,CONCOR,29-Jun-17,1072,CE,0,0,0,34.15,153.8,0,0,0,0,17-Apr-17
OPTSTK,CONCOR,29-Jun-17,1080,CE,0,0,0,20.85,148.15,0,0,0,0,17-Apr-17
OPTSTK,CONCOR,29-Jun-17,1088,CE,0,0,0,27.95,142.65,0,0,0,0,17-Apr-17
OPTSTK,CONCOR,29-Jun-17,1100,CE,0,0,0,15.7,134.55,0,0,0,0,17-Apr-17
OPTSTK,CONCOR,29-Jun-17,1104,CE,0,0,0,22.75,131.9,0,0,0,0,17-Apr-17
OPTSTK,CONCOR,29-Jun-17,1120,CE,0,0,0,18.25,121.75,0,0,0,0,17-Apr-17
OPTSTK,CONCOR,29-Jun-17,1136,CE,0,0,0,14.55,112.1,0,0,0,0,17-Apr-17
OPTSTK,CONCOR,29-Jun-17,1140,CE,0,0,0,8.4,109.8,0,0,0,0,17-Apr-17
OPTSTK,CONCOR,29-Jun-17,1152,CE,0,0,0,11.5,102.95,0,0,0,0,17-Apr-17
OPTSTK,CONCOR,29-Jun-17,1160,CE,0,0,0,6,98.6,0,0,0,0,17-Apr-17
OPTSTK,CONCOR,29-Jun-17,1168,CE,0,0,0,9,94.35,0,0,0,0,17-Apr-17
OPTSTK,CONCOR,29-Jun-17,1180,CE,0,0,0,4.25,88.25,0,0,0,0,17-Apr-17
OPTSTK,CONCOR,29-Jun-17,1184,CE,0,0,0,7,86.25,0,0,0,0,17-Apr-17
OPTSTK,CONCOR,29-Jun-17,1200,CE,0,0,0,27.65,78.65,0,0,625,0,17-Apr-17
OPTSTK,CONCOR,29-Jun-17,1216,CE,0,0,0,4.1,71.55,0,0,0,0,17-Apr-17
OPTSTK,CONCOR,29-Jun-17,1220,CE,0,0,0,2,69.85,0,0,0,0,17-Apr-17
OPTSTK,CONCOR,29-Jun-17,1240,CE,0,0,0,1.35,61.8,0,0,0,0,17-Apr-17
OPTSTK,CONCOR,29-Jun-17,1260,CE,0,0,0,0.9,54.5,0,0,0,0,17-Apr-17
OPTSTK,CONCOR,29-Jun-17,1280,CE,0,0,0,1.3,47.9,0,0,0,0,17-Apr-17
OPTSTK,CONCOR,29-Jun-17,1300,CE,0,0,0,0.4,41.95,0,0,0,0,17-Apr-17
OPTSTK,CONCOR,29-Jun-17,1320,CE,0,0,0,0.25,36.6,0,0,0,0,17-Apr-17
OPTSTK,CONCOR,29-Jun-17,1340,CE,0,0,0,0.15,31.9,0,0,0,0,17-Apr-17
OPTSTK,CONCOR,29-Jun-17,1360,CE,0,0,0,0.1,27.65,0,0,0,0,17-Apr-17
OPTSTK,CONCOR,29-Jun-17,1380,CE,0,0,0,0.1,23.9,0,0,0,0,17-Apr-17
OPTSTK,CONCOR,29-Jun-17,704,PE,0,0,0,0.05,0.05,0,0,0,0,17-Apr-17
OPTSTK,CONCOR,29-Jun-17,720,PE,0,0,0,0.05,0.05,0,0,0,0,17-Apr-17
OPTSTK,CONCOR,29-Jun-17,736,PE,0,0,0,0.05,0.1,0,0,0,0,17-Apr-17
OPTSTK,CONCOR,29-Jun-17,752,PE,0,0,0,0.1,0.15,0,0,0,0,17-Apr-17
OPTSTK,CONCOR,29-Jun-17,768,PE,0,0,0,0.15,0.2,0,0,0,0,17-Apr-17
OPTSTK,CONCOR,29-Jun-17,780,PE,0,0,0,0.1,0.3,0,0,0,0,17-Apr-17
OPTSTK,CONCOR,29-Jun-17,784,PE,0,0,0,0.25,0.3,0,0,0,0,17-Apr-17
OPTSTK,CONCOR,29-Jun-17,800,PE,0,0,0,0.4,0.45,0,0,0,0,17-Apr-17
OPTSTK,CONCOR,29-Jun-17,816,PE,0,0,0,0.65,0.6,0,0,0,0,17-Apr-17
OPTSTK,CONCOR,29-Jun-17,820,PE,0,0,0,0.4,0.7,0,0,0,0,17-Apr-17
OPTSTK,CONCOR,29-Jun-17,832,PE,0,0,0,1.1,0.85,0,0,0,0,17-Apr-17
OPTSTK,CONCOR,29-Jun-17,840,PE,0,0,0,0.75,1,0,0,0,0,17-Apr-17
OPTSTK,CONCOR,29-Jun-17,848,PE,0,0,0,1.75,1.2,0,0,0,0,17-Apr-17
OPTSTK,CONCOR,29-Jun-17,860,PE,0,0,0,1.4,1.5,0,0,0,0,17-Apr-17
OPTSTK,CONCOR,29-Jun-17,864,PE,0,0,0,2.7,1.6,0,0,0,0,17-Apr-17
OPTSTK,CONCOR,29-Jun-17,880,PE,0,0,0,4,2.15,0,0,0,0,17-Apr-17
OPTSTK,CONCOR,29-Jun-17,896,PE,0,0,0,5.8,2.85,0,0,0,0,17-Apr-17
OPTSTK,CONCOR,29-Jun-17,900,PE,0,0,0,4.05,3.05,0,0,0,0,17-Apr-17
OPTSTK,CONCOR,29-Jun-17,912,PE,0,0,0,8.2,3.7,0,0,0,0,17-Apr-17
OPTSTK,CONCOR,29-Jun-17,920,PE,0,0,0,6.45,4.25,0,0,0,0,17-Apr-17
OPTSTK,CONCOR,29-Jun-17,928,PE,0,0,0,11.3,4.8,0,0,0,0,17-Apr-17
OPTSTK,CONCOR,29-Jun-17,940,PE,0,0,0,9.8,5.75,0,0,0,0,17-Apr-17
OPTSTK,CONCOR,29-Jun-17,944,PE,0,0,0,15.25,6.05,0,0,0,0,17-Apr-17
OPTSTK,CONCOR,29-Jun-17,960,PE,0,0,0,20.1,7.6,0,0,0,0,17-Apr-17
OPTSTK,CONCOR,29-Jun-17,976,PE,0,0,0,25.9,9.45,0,0,0,0,17-Apr-17
OPTSTK,CONCOR,29-Jun-17,980,PE,0,0,0,20.15,9.95,0,0,0,0,17-Apr-17
OPTSTK,CONCOR,29-Jun-17,992,PE,0,0,0,32.85,11.6,0,0,0,0,17-Apr-17
OPTSTK,CONCOR,29-Jun-17,1000,PE,0,0,0,27.45,12.8,0,0,0,0,17-Apr-17
OPTSTK,CONCOR,29-Jun-17,1008,PE,0,0,0,40.85,14.1,0,0,0,0,17-Apr-17
OPTSTK,CONCOR,29-Jun-17,1020,PE,0,0,0,36.3,16.25,0,0,0,0,17-Apr-17
OPTSTK,CONCOR,29-Jun-17,1024,PE,0,0,0,50.05,17,0,0,0,0,17-Apr-17
OPTSTK,CONCOR,29-Jun-17,1040,PE,0,0,0,60.35,20.3,0,0,0,0,17-Apr-17
OPTSTK,CONCOR,29-Jun-17,1056,PE,0,0,0,71.75,24,0,0,0,0,17-Apr-17
OPTSTK,CONCOR,29-Jun-17,1060,PE,0,0,0,58.55,25.05,0,0,0,0,17-Apr-17
OPTSTK,CONCOR,29-Jun-17,1072,PE,0,0,0,84.25,28.2,0,0,0,0,17-Apr-17
OPTSTK,CONCOR,29-Jun-17,1080,PE,0,0,0,71.8,30.45,0,0,0,0,17-Apr-17
OPTSTK,CONCOR,29-Jun-17,1088,PE,0,0,0,97.7,32.85,0,0,0,0,17-Apr-17
OPTSTK,CONCOR,29-Jun-17,1100,PE,0,0,0,86.35,36.6,0,0,0,0,17-Apr-17
OPTSTK,CONCOR,29-Jun-17,1104,PE,0,0,0,112.15,37.9,0,0,0,0,17-Apr-17
OPTSTK,CONCOR,29-Jun-17,1120,PE,0,0,0,127.35,43.55,0,0,0,0,17-Apr-17
OPTSTK,CONCOR,29-Jun-17,1136,PE,0,0,0,143.35,49.7,0,0,0,0,17-Apr-17
OPTSTK,CONCOR,29-Jun-17,1140,PE,0,0,0,118.45,51.3,0,0,0,0,17-Apr-17
OPTSTK,CONCOR,29-Jun-17,1152,PE,0,0,0,159.95,56.35,0,0,0,0,17-Apr-17
OPTSTK,CONCOR,29-Jun-17,1160,PE,0,0,0,135.75,59.85,0,0,0,0,17-Apr-17
OPTSTK,CONCOR,29-Jun-17,1168,PE,0,0,0,177.15,63.5,0,0,0,0,17-Apr-17
OPTSTK,CONCOR,29-Jun-17,1180,PE,0,0,0,153.65,69.25,0,0,0,0,17-Apr-17
OPTSTK,CONCOR,29-Jun-17,1184,PE,0,0,0,194.8,71.2,0,0,0,0,17-Apr-17
OPTSTK,CONCOR,29-Jun-17,1200,PE,0,0,0,212.85,79.4,0,0,0,0,17-Apr-17
OPTSTK,CONCOR,29-Jun-17,1216,PE,0,0,0,231.25,88.1,0,0,0,0,17-Apr-17
OPTSTK,CONCOR,29-Jun-17,1220,PE,0,0,0,190.8,90.35,0,0,0,0,17-Apr-17
OPTSTK,CONCOR,29-Jun-17,1240,PE,0,0,0,209.85,102.05,0,0,0,0,17-Apr-17
OPTSTK,CONCOR,29-Jun-17,1260,PE,0,0,0,229.1,114.5,0,0,0,0,17-Apr-17
OPTSTK,CONCOR,29-Jun-17,1280,PE,0,0,0,307.1,127.6,0,0,0,0,17-Apr-17
OPTSTK,CONCOR,29-Jun-17,1300,PE,0,0,0,268,141.4,0,0,0,0,17-Apr-17
OPTSTK,CONCOR,29-Jun-17,1320,PE,0,0,0,287.55,155.8,0,0,0,0,17-Apr-17
OPTSTK,CONCOR,29-Jun-17,1340,PE,0,0,0,307.15,170.85,0,0,0,0,17-Apr-17
OPTSTK,CONCOR,29-Jun-17,1360,PE,0,0,0,326.8,186.3,0,0,0,0,17-Apr-17
OPTSTK,CONCOR,29-Jun-17,1380,PE,0,0,0,346.5,202.3,0,0,0,0,17-Apr-17
OPTSTK,CUMMINSIND,27-Apr-17,580,CE,0,0,0,267.6,380.25,0,0,0,0,17-Apr-17
OPTSTK,CUMMINSIND,27-Apr-17,600,CE,0,0,0,247.95,360.25,0,0,0,0,17-Apr-17
OPTSTK,CUMMINSIND,27-Apr-17,620,CE,0,0,0,228.4,340.3,0,0,0,0,17-Apr-17
OPTSTK,CUMMINSIND,27-Apr-17,640,CE,0,0,0,208.95,320.35,0,0,0,0,17-Apr-17
OPTSTK,CUMMINSIND,27-Apr-17,660,CE,0,0,0,189.65,300.35,0,0,0,0,17-Apr-17
OPTSTK,CUMMINSIND,27-Apr-17,680,CE,0,0,0,170.7,280.4,0,0,0,0,17-Apr-17
OPTSTK,CUMMINSIND,27-Apr-17,700,CE,0,0,0,152.15,260.45,0,0,0,0,17-Apr-17
OPTSTK,CUMMINSIND,27-Apr-17,720,CE,0,0,0,134.2,240.45,0,0,0,0,17-Apr-17
OPTSTK,CUMMINSIND,27-Apr-17,740,CE,0,0,0,117,220.5,0,0,0,0,17-Apr-17
OPTSTK,CUMMINSIND,27-Apr-17,760,CE,0,0,0,100.8,200.55,0,0,0,0,17-Apr-17
OPTSTK,CUMMINSIND,27-Apr-17,780,CE,0,0,0,85.75,180.6,0,0,0,0,17-Apr-17
OPTSTK,CUMMINSIND,27-Apr-17,800,CE,0,0,0,71.95,160.6,0,0,0,0,17-Apr-17
OPTSTK,CUMMINSIND,27-Apr-17,820,CE,0,0,0,59.55,140.65,0,0,0,0,17-Apr-17
OPTSTK,CUMMINSIND,27-Apr-17,840,CE,0,0,0,48.6,120.7,0,0,0,0,17-Apr-17
OPTSTK,CUMMINSIND,27-Apr-17,860,CE,0,0,0,39.15,100.75,0,0,0,0,17-Apr-17
OPTSTK,CUMMINSIND,27-Apr-17,880,CE,0,0,0,31.05,80.85,0,0,0,0,17-Apr-17
OPTSTK,CUMMINSIND,27-Apr-17,900,CE,0,0,0,55,61.25,0,0,0,0,17-Apr-17
OPTSTK,CUMMINSIND,27-Apr-17,920,CE,0,0,0,71.15,42.75,0,0,0,0,17-Apr-17
OPTSTK,CUMMINSIND,27-Apr-17,940,CE,0,0,0,53.9,26.65,0,0,3000,0,17-Apr-17
OPTSTK,CUMMINSIND,27-Apr-17,960,CE,0,0,0,34.8,14.35,0,0,7800,0,17-Apr-17
OPTSTK,CUMMINSIND,27-Apr-17,980,CE,0,0,0,15,6.55,0,0,2400,0,17-Apr-17
OPTSTK,CUMMINSIND,27-Apr-17,1000,CE,6,6,6,6,6,3,18.1,15000,-1800,17-Apr-17
OPTSTK,CUMMINSIND,27-Apr-17,1020,CE,0,0,0,9,0.8,0,0,1200,0,17-Apr-17
OPTSTK,CUMMINSIND,27-Apr-17,1040,CE,0,0,0,5,0.2,0,0,0,0,17-Apr-17
OPTSTK,CUMMINSIND,27-Apr-17,1060,CE,0,0,0,2.15,0.05,0,0,0,0,17-Apr-17
OPTSTK,CUMMINSIND,27-Apr-17,1080,CE,0,0,0,1.55,0.05,0,0,0,0,17-Apr-17
OPTSTK,CUMMINSIND,27-Apr-17,1100,CE,0,0,0,1.05,0,0,0,0,0,17-Apr-17
OPTSTK,CUMMINSIND,27-Apr-17,1120,CE,0,0,0,0.75,0,0,0,0,0,17-Apr-17
OPTSTK,CUMMINSIND,27-Apr-17,1140,CE,0,0,0,0.5,0,0,0,0,0,17-Apr-17
OPTSTK,CUMMINSIND,27-Apr-17,1160,CE,0,0,0,0.35,0,0,0,0,0,17-Apr-17
OPTSTK,CUMMINSIND,27-Apr-17,580,PE,0,0,0,0.05,0,0,0,0,0,17-Apr-17
OPTSTK,CUMMINSIND,27-Apr-17,600,PE,0,0,0,0.1,0,0,0,0,0,17-Apr-17
OPTSTK,CUMMINSIND,27-Apr-17,620,PE,0,0,0,0.2,0,0,0,0,0,17-Apr-17
OPTSTK,CUMMINSIND,27-Apr-17,640,PE,0,0,0,0.45,0,0,0,0,0,17-Apr-17
OPTSTK,CUMMINSIND,27-Apr-17,660,PE,0,0,0,0.85,0,0,0,0,0,17-Apr-17
OPTSTK,CUMMINSIND,27-Apr-17,680,PE,0,0,0,1.55,0,0,0,0,0,17-Apr-17
OPTSTK,CUMMINSIND,27-Apr-17,700,PE,0,0,0,2.65,0,0,0,0,0,17-Apr-17
OPTSTK,CUMMINSIND,27-Apr-17,720,PE,0,0,0,4.35,0,0,0,0,0,17-Apr-17
OPTSTK,CUMMINSIND,27-Apr-17,740,PE,0,0,0,6.85,0,0,0,0,0,17-Apr-17
OPTSTK,CUMMINSIND,27-Apr-17,760,PE,0,0,0,10.35,0,0,0,0,0,17-Apr-17
OPTSTK,CUMMINSIND,27-Apr-17,780,PE,0,0,0,14.95,0,0,0,0,0,17-Apr-17
OPTSTK,CUMMINSIND,27-Apr-17,800,PE,0,0,0,20.8,0,0,0,0,0,17-Apr-17
OPTSTK,CUMMINSIND,27-Apr-17,820,PE,0,0,0,28.1,0,0,0,0,0,17-Apr-17
OPTSTK,CUMMINSIND,27-Apr-17,840,PE,0,0,0,36.8,0,0,0,0,0,17-Apr-17
OPTSTK,CUMMINSIND,27-Apr-17,860,PE,0,0,0,47,0.05,0,0,0,0,17-Apr-17
OPTSTK,CUMMINSIND,27-Apr-17,880,PE,0,0,0,58.6,0.1,0,0,0,0,17-Apr-17
OPTSTK,CUMMINSIND,27-Apr-17,900,PE,0,0,0,4.5,0.5,0,0,3600,0,17-Apr-17
OPTSTK,CUMMINSIND,27-Apr-17,920,PE,0,0,0,85.7,1.95,0,0,0,0,17-Apr-17
OPTSTK,CUMMINSIND,27-Apr-17,940,PE,0,0,0,5.8,5.8,0,0,10800,0,17-Apr-17
OPTSTK,CUMMINSIND,27-Apr-17,960,PE,0,0,0,10.3,13.5,0,0,7800,0,17-Apr-17
OPTSTK,CUMMINSIND,27-Apr-17,980,PE,0,0,0,133.9,25.6,0,0,0,0,17-Apr-17
OPTSTK,CUMMINSIND,27-Apr-17,1000,PE,0,0,0,151.45,41.55,0,0,0,0,17-Apr-17
OPTSTK,CUMMINSIND,27-Apr-17,1020,PE,0,0,0,169.5,59.8,0,0,0,0,17-Apr-17
OPTSTK,CUMMINSIND,27-Apr-17,1040,PE,0,0,0,188,79.2,0,0,0,0,17-Apr-17
OPTSTK,CUMMINSIND,27-Apr-17,1060,PE,0,0,0,206.75,99,0,0,0,0,17-Apr-17
OPTSTK,CUMMINSIND,27-Apr-17,1080,PE,0,0,0,225.8,118.95,0,0,0,0,17-Apr-17
OPTSTK,CUMMINSIND,27-Apr-17,1100,PE,0,0,0,245,138.9,0,0,0,0,17-Apr-17
OPTSTK,CUMMINSIND,27-Apr-17,1120,PE,0,0,0,264.35,158.85,0,0,0,0,17-Apr-17
OPTSTK,CUMMINSIND,27-Apr-17,1140,PE,0,0,0,283.8,178.85,0,0,0,0,17-Apr-17
OPTSTK,CUMMINSIND,27-Apr-17,1160,PE,0,0,0,303.3,198.8,0,0,0,0,17-Apr-17
OPTSTK,CUMMINSIND,25-May-17,580,CE,0,0,0,311.4,383.15,0,0,0,0,17-Apr-17
OPTSTK,CUMMINSIND,25-May-17,600,CE,0,0,0,291.8,363.25,0,0,0,0,17-Apr-17
OPTSTK,CUMMINSIND,25-May-17,620,CE,0,0,0,272.2,343.4,0,0,0,0,17-Apr-17
OPTSTK,CUMMINSIND,25-May-17,640,CE,0,0,0,252.7,323.55,0,0,0,0,17-Apr-17
OPTSTK,CUMMINSIND,25-May-17,660,CE,0,0,0,233.35,303.65,0,0,0,0,17-Apr-17
OPTSTK,CUMMINSIND,25-May-17,680,CE,0,0,0,214.2,283.8,0,0,0,0,17-Apr-17
OPTSTK,CUMMINSIND,25-May-17,700,CE,0,0,0,195.4,263.95,0,0,0,0,17-Apr-17
OPTSTK,CUMMINSIND,25-May-17,720,CE,0,0,0,176.95,244.1,0,0,0,0,17-Apr-17
OPTSTK,CUMMINSIND,25-May-17,740,CE,0,0,0,159.1,224.2,0,0,0,0,17-Apr-17
OPTSTK,CUMMINSIND,25-May-17,760,CE,0,0,0,141.9,204.35,0,0,0,0,17-Apr-17
OPTSTK,CUMMINSIND,25-May-17,780,CE,0,0,0,125.5,184.5,0,0,0,0,17-Apr-17
OPTSTK,CUMMINSIND,25-May-17,800,CE,0,0,0,110.05,164.7,0,0,0,0,17-Apr-17
OPTSTK,CUMMINSIND,25-May-17,820,CE,0,0,0,95.65,144.95,0,0,0,0,17-Apr-17
OPTSTK,CUMMINSIND,25-May-17,840,CE,0,0,0,82.35,125.45,0,0,0,0,17-Apr-17
OPTSTK,CUMMINSIND,25-May-17,860,CE,0,0,0,70.25,106.4,0,0,0,0,17-Apr-17
OPTSTK,CUMMINSIND,25-May-17,880,CE,0,0,0,59.35,88.05,0,0,0,0,17-Apr-17
OPTSTK,CUMMINSIND,25-May-17,900,CE,0,0,0,49.7,70.8,0,0,0,0,17-Apr-17
OPTSTK,CUMMINSIND,25-May-17,920,CE,0,0,0,41.25,55.2,0,0,0,0,17-Apr-17
OPTSTK,CUMMINSIND,25-May-17,940,CE,0,0,0,33.9,41.45,0,0,0,0,17-Apr-17
OPTSTK,CUMMINSIND,25-May-17,960,CE,0,0,0,27.65,29.95,0,0,0,0,17-Apr-17
OPTSTK,CUMMINSIND,25-May-17,980,CE,0,0,0,22.35,20.8,0,0,0,0,17-Apr-17
OPTSTK,CUMMINSIND,25-May-17,1000,CE,0,0,0,17.9,13.85,0,0,0,0,17-Apr-17
OPTSTK,CUMMINSIND,25-May-17,1020,CE,0,0,0,14.25,8.85,0,0,0,0,17-Apr-17
OPTSTK,CUMMINSIND,25-May-17,1040,CE,0,0,0,11.2,5.4,0,0,0,0,17-Apr-17
OPTSTK,CUMMINSIND,25-May-17,1060,CE,0,0,0,8.8,3.15,0,0,0,0,17-Apr-17
OPTSTK,CUMMINSIND,25-May-17,1080,CE,0,0,0,6.8,1.8,0,0,0,0,17-Apr-17
OPTSTK,CUMMINSIND,25-May-17,1100,CE,0,0,0,5.25,0.95,0,0,0,0,17-Apr-17
OPTSTK,CUMMINSIND,25-May-17,1120,CE,0,0,0,4,0.5,0,0,0,0,17-Apr-17
OPTSTK,CUMMINSIND,25-May-17,1140,CE,0,0,0,3.05,0.25,0,0,0,0,17-Apr-17
OPTSTK,CUMMINSIND,25-May-17,1160,CE,0,0,0,2.3,0.15,0,0,0,0,17-Apr-17
OPTSTK,CUMMINSIND,25-May-17,580,PE,0,0,0,0.05,0,0,0,0,0,17-Apr-17
OPTSTK,CUMMINSIND,25-May-17,600,PE,0,0,0,0.1,0,0,0,0,0,17-Apr-17
OPTSTK,CUMMINSIND,25-May-17,620,PE,0,0,0,0.2,0,0,0,0,0,17-Apr-17
OPTSTK,CUMMINSIND,25-May-17,640,PE,0,0,0,0.4,0,0,0,0,0,17-Apr-17
OPTSTK,CUMMINSIND,25-May-17,660,PE,0,0,0,0.75,0,0,0,0,0,17-Apr-17
OPTSTK,CUMMINSIND,25-May-17,680,PE,0,0,0,1.3,0,0,0,0,0,17-Apr-17
OPTSTK,CUMMINSIND,25-May-17,700,PE,0,0,0,2.15,0,0,0,0,0,17-Apr-17
OPTSTK,CUMMINSIND,25-May-17,720,PE,0,0,0,3.4,0,0,0,0,0,17-Apr-17
OPTSTK,CUMMINSIND,25-May-17,740,PE,0,0,0,5.25,0,0,0,0,0,17-Apr-17
OPTSTK,CUMMINSIND,25-May-17,760,PE,0,0,0,7.7,0.05,0,0,0,0,17-Apr-17
OPTSTK,CUMMINSIND,25-May-17,780,PE,0,0,0,11,0.05,0,0,0,0,17-Apr-17
OPTSTK,CUMMINSIND,25-May-17,800,PE,0,0,0,15.25,0.1,0,0,0,0,17-Apr-17
OPTSTK,CUMMINSIND,25-May-17,820,PE,0,0,0,20.55,0.25,0,0,0,0,17-Apr-17
OPTSTK,CUMMINSIND,25-May-17,840,PE,0,0,0,26.9,0.6,0,0,0,0,17-Apr-17
OPTSTK,CUMMINSIND,25-May-17,860,PE,0,0,0,34.5,1.4,0,0,0,0,17-Apr-17
OPTSTK,CUMMINSIND,25-May-17,880,PE,0,0,0,43.3,2.9,0,0,0,0,17-Apr-17
OPTSTK,CUMMINSIND,25-May-17,900,PE,0,0,0,53.35,5.55,0,0,0,0,17-Apr-17
OPTSTK,CUMMINSIND,25-May-17,920,PE,0,0,0,64.55,9.8,0,0,0,0,17-Apr-17
OPTSTK,CUMMINSIND,25-May-17,940,PE,0,0,0,76.9,15.9,0,0,0,0,17-Apr-17
OPTSTK,CUMMINSIND,25-May-17,960,PE,0,0,0,90.3,24.3,0,0,0,0,17-Apr-17
OPTSTK,CUMMINSIND,25-May-17,980,PE,0,0,0,104.75,35,0,0,0,0,17-Apr-17
OPTSTK,CUMMINSIND,25-May-17,1000,PE,0,0,0,119.95,47.9,0,0,0,0,17-Apr-17
OPTSTK,CUMMINSIND,25-May-17,1020,PE,0,0,0,135.95,62.75,0,0,0,0,17-Apr-17
OPTSTK,CUMMINSIND,25-May-17,1040,PE,0,0,0,152.65,79.2,0,0,0,0,17-Apr-17
OPTSTK,CUMMINSIND,25-May-17,1060,PE,0,0,0,169.9,96.8,0,0,0,0,17-Apr-17
OPTSTK,CUMMINSIND,25-May-17,1080,PE,0,0,0,187.6,115.3,0,0,0,0,17-Apr-17
OPTSTK,CUMMINSIND,25-May-17,1100,PE,0,0,0,205.75,134.35,0,0,0,0,17-Apr-17
OPTSTK,CUMMINSIND,25-May-17,1120,PE,0,0,0,224.2,153.75,0,0,0,0,17-Apr-17
OPTSTK,CUMMINSIND,25-May-17,1140,PE,0,0,0,242.9,173.35,0,0,0,0,17-Apr-17
OPTSTK,CUMMINSIND,25-May-17,1160,PE,0,0,0,261.85,193.1,0,0,0,0,17-Apr-17
OPTSTK,CUMMINSIND,29-Jun-17,580,CE,0,0,0,370,386.7,0,0,0,0,17-Apr-17
OPTSTK,CUMMINSIND,29-Jun-17,600,CE,0,0,0,350.3,366.95,0,0,0,0,17-Apr-17
OPTSTK,CUMMINSIND,29-Jun-17,620,CE,0,0,0,330.65,347.25,0,0,0,0,17-Apr-17
OPTSTK,CUMMINSIND,29-Jun-17,640,CE,0,0,0,311,327.5,0,0,0,0,17-Apr-17
OPTSTK,CUMMINSIND,29-Jun-17,660,CE,0,0,0,291.3,307.75,0,0,0,0,17-Apr-17
OPTSTK,CUMMINSIND,29-Jun-17,680,CE,0,0,0,271.65,288,0,0,0,0,17-Apr-17
OPTSTK,CUMMINSIND,29-Jun-17,700,CE,0,0,0,252.05,268.25,0,0,0,0,17-Apr-17
OPTSTK,CUMMINSIND,29-Jun-17,720,CE,0,0,0,232.5,248.55,0,0,0,0,17-Apr-17
OPTSTK,CUMMINSIND,29-Jun-17,740,CE,0,0,0,213.05,228.85,0,0,0,0,17-Apr-17
OPTSTK,CUMMINSIND,29-Jun-17,760,CE,0,0,0,193.75,209.2,0,0,0,0,17-Apr-17
OPTSTK,CUMMINSIND,29-Jun-17,780,CE,0,0,0,174.75,189.65,0,0,0,0,17-Apr-17
OPTSTK,CUMMINSIND,29-Jun-17,800,CE,0,0,0,156.15,170.3,0,0,0,0,17-Apr-17
OPTSTK,CUMMINSIND,29-Jun-17,820,CE,0,0,0,138.1,151.3,0,0,0,0,17-Apr-17
OPTSTK,CUMMINSIND,29-Jun-17,840,CE,0,0,0,120.8,132.75,0,0,0,0,17-Apr-17
OPTSTK,CUMMINSIND,29-Jun-17,860,CE,0,0,0,104.4,114.85,0,0,0,0,17-Apr-17
OPTSTK,CUMMINSIND,29-Jun-17,880,CE,0,0,0,89.1,97.9,0,0,0,0,17-Apr-17
OPTSTK,CUMMINSIND,29-Jun-17,900,CE,0,0,0,75,82.1,0,0,0,0,17-Apr-17
OPTSTK,CUMMINSIND,29-Jun-17,920,CE,0,0,0,62.3,67.65,0,0,0,0,17-Apr-17
OPTSTK,CUMMINSIND,29-Jun-17,940,CE,0,0,0,51.05,54.7,0,0,0,0,17-Apr-17
OPTSTK,CUMMINSIND,29-Jun-17,960,CE,0,0,0,41.2,43.45,0,0,0,0,17-Apr-17
OPTSTK,CUMMINSIND,29-Jun-17,980,CE,0,0,0,32.8,33.8,0,0,0,0,17-Apr-17
OPTSTK,CUMMINSIND,29-Jun-17,1000,CE,0,0,0,25.7,25.8,0,0,0,0,17-Apr-17
OPTSTK,CUMMINSIND,29-Jun-17,1020,CE,0,0,0,19.9,19.3,0,0,0,0,17-Apr-17
OPTSTK,CUMMINSIND,29-Jun-17,1040,CE,0,0,0,15.2,14.2,0,0,0,0,17-Apr-17
OPTSTK,CUMMINSIND,29-Jun-17,1060,CE,0,0,0,11.4,10.15,0,0,0,0,17-Apr-17
OPTSTK,CUMMINSIND,29-Jun-17,1080,CE,0,0,0,8.5,7.2,0,0,0,0,17-Apr-17
OPTSTK,CUMMINSIND,29-Jun-17,1100,CE,0,0,0,6.2,4.95,0,0,0,0,17-Apr-17
OPTSTK,CUMMINSIND,29-Jun-17,1120,CE,0,0,0,4.5,3.35,0,0,0,0,17-Apr-17
OPTSTK,CUMMINSIND,29-Jun-17,1140,CE,0,0,0,3.2,2.25,0,0,0,0,17-Apr-17
OPTSTK,CUMMINSIND,29-Jun-17,1160,CE,0,0,0,2.25,1.5,0,0,0,0,17-Apr-17
OPTSTK,CUMMINSIND,29-Jun-17,580,PE,0,0,0,0.05,0,0,0,0,0,17-Apr-17
OPTSTK,CUMMINSIND,29-Jun-17,600,PE,0,0,0,0.05,0,0,0,0,0,17-Apr-17
OPTSTK,CUMMINSIND,29-Jun-17,620,PE,0,0,0,0.05,0,0,0,0,0,17-Apr-17
OPTSTK,CUMMINSIND,29-Jun-17,640,PE,0,0,0,0.05,0,0,0,0,0,17-Apr-17
OPTSTK,CUMMINSIND,29-Jun-17,660,PE,0,0,0,0.05,0,0,0,0,0,17-Apr-17
OPTSTK,CUMMINSIND,29-Jun-17,680,PE,0,0,0,0.05,0,0,0,0,0,17-Apr-17
OPTSTK,CUMMINSIND,29-Jun-17,700,PE,0,0,0,0.1,0.05,0,0,0,0,17-Apr-17
OPTSTK,CUMMINSIND,29-Jun-17,720,PE,0,0,0,0.2,0.05,0,0,0,0,17-Apr-17
OPTSTK,CUMMINSIND,29-Jun-17,740,PE,0,0,0,0.45,0.1,0,0,0,0,17-Apr-17
OPTSTK,CUMMINSIND,29-Jun-17,760,PE,0,0,0,0.85,0.2,0,0,0,0,17-Apr-17
OPTSTK,CUMMINSIND,29-Jun-17,780,PE,0,0,0,1.5,0.4,0,0,0,0,17-Apr-17
OPTSTK,CUMMINSIND,29-Jun-17,800,PE,0,0,0,2.55,0.8,0,0,0,0,17-Apr-17
OPTSTK,CUMMINSIND,29-Jun-17,820,PE,0,0,0,4.2,1.5,0,0,0,0,17-Apr-17
OPTSTK,CUMMINSIND,29-Jun-17,840,PE,0,0,0,6.55,2.7,0,0,0,0,17-Apr-17
OPTSTK,CUMMINSIND,29-Jun-17,860,PE,0,0,0,9.8,4.55,0,0,0,0,17-Apr-17
OPTSTK,CUMMINSIND,29-Jun-17,880,PE,0,0,0,14.2,7.35,0,0,0,0,17-Apr-17
OPTSTK,CUMMINSIND,29-Jun-17,900,PE,0,0,0,19.75,11.3,0,0,0,0,17-Apr-17
OPTSTK,CUMMINSIND,29-Jun-17,920,PE,0,0,0,26.75,16.55,0,0,0,0,17-Apr-17
OPTSTK,CUMMINSIND,29-Jun-17,940,PE,0,0,0,35.15,23.4,0,0,0,0,17-Apr-17
OPTSTK,CUMMINSIND,29-Jun-17,960,PE,0,0,0,44.95,31.85,0,0,0,0,17-Apr-17
OPTSTK,CUMMINSIND,29-Jun-17,980,PE,0,0,0,56.2,41.95,0,0,0,0,17-Apr-17
OPTSTK,CUMMINSIND,29-Jun-17,1000,PE,0,0,0,68.8,53.65,0,0,0,0,17-Apr-17
OPTSTK,CUMMINSIND,29-Jun-17,1020,PE,0,0,0,82.65,66.9,0,0,0,0,17-Apr-17
OPTSTK,CUMMINSIND,29-Jun-17,1040,PE,0,0,0,97.65,81.55,0,0,0,0,17-Apr-17
OPTSTK,CUMMINSIND,29-Jun-17,1060,PE,0,0,0,113.55,97.3,0,0,0,0,17-Apr-17
OPTSTK,CUMMINSIND,29-Jun-17,1080,PE,0,0,0,130.25,114.05,0,0,0,0,17-Apr-17
OPTSTK,CUMMINSIND,29-Jun-17,1100,PE,0,0,0,147.65,131.55,0,0,0,0,17-Apr-17
OPTSTK,CUMMINSIND,29-Jun-17,1120,PE,0,0,0,165.6,149.7,0,0,0,0,17-Apr-17
OPTSTK,CUMMINSIND,29-Jun-17,1140,PE,0,0,0,184,168.35,0,0,0,0,17-Apr-17
OPTSTK,CUMMINSIND,29-Jun-17,1160,PE,0,0,0,202.75,187.3,0,0,0,0,17-Apr-17
OPTSTK,DABUR,27-Apr-17,200,CE,0,0,0,84.55,93.25,0,0,0,0,17-Apr-17
OPTSTK,DABUR,27-Apr-17,205,CE,0,0,0,79.65,88.3,0,0,0,0,17-Apr-17
OPTSTK,DABUR,27-Apr-17,210,CE,0,0,0,74.75,83.3,0,0,0,0,17-Apr-17
OPTSTK,DABUR,27-Apr-17,215,CE,0,0,0,69.85,78.3,0,0,0,0,17-Apr-17
OPTSTK,DABUR,27-Apr-17,220,CE,0,0,0,64.95,73.3,0,0,0,0,17-Apr-17
OPTSTK,DABUR,27-Apr-17,225,CE,0,0,0,60.1,68.3,0,0,0,0,17-Apr-17
OPTSTK,DABUR,27-Apr-17,230,CE,0,0,0,55.3,63.3,0,0,0,0,17-Apr-17
OPTSTK,DABUR,27-Apr-17,235,CE,0,0,0,50.55,58.35,0,0,0,0,17-Apr-17
OPTSTK,DABUR,27-Apr-17,240,CE,0,0,0,45.85,53.35,0,0,0,0,17-Apr-17
OPTSTK,DABUR,27-Apr-17,245,CE,0,0,0,41.3,48.35,0,0,0,0,17-Apr-17
OPTSTK,DABUR,27-Apr-17,250,CE,0,0,0,36.9,43.35,0,0,0,0,17-Apr-17
OPTSTK,DABUR,27-Apr-17,255,CE,0,0,0,32.65,38.35,0,0,0,0,17-Apr-17
OPTSTK,DABUR,27-Apr-17,260,CE,0,0,0,24,33.35,0,0,2500,0,17-Apr-17
OPTSTK,DABUR,27-Apr-17,265,CE,0,0,0,24.9,28.4,0,0,0,0,17-Apr-17
OPTSTK,DABUR,27-Apr-17,270,CE,0,0,0,19,23.4,0,0,12500,0,17-Apr-17
OPTSTK,DABUR,27-Apr-17,275,CE,17.5,18,17.5,18,18,3,21.96,22500,-2500,17-Apr-17
OPTSTK,DABUR,27-Apr-17,280,CE,10.8,13,10.8,13,13,6,43.88,137500,-2500,17-Apr-17
OPTSTK,DABUR,27-Apr-17,285,CE,8,9.5,8,9.3,9.3,7,51.44,55000,-10000,17-Apr-17
OPTSTK,DABUR,27-Apr-17,290,CE,3.9,6.85,3.3,6.2,6.2,159,1175.13,275000,-95000,17-Apr-17
OPTSTK,DABUR,27-Apr-17,295,CE,2.05,4.4,2.05,4.1,4.1,42,313.83,67500,17500,17-Apr-17
OPTSTK,DABUR,27-Apr-17,300,CE,1.5,3,1.4,2.75,2.75,160,1210.1,495000,32500,17-Apr-17
OPTSTK,DABUR,27-Apr-17,305,CE,1.7,1.7,1.7,1.7,1.7,1,7.66,7500,2500,17-Apr-17
OPTSTK,DABUR,27-Apr-17,310,CE,0.75,0.9,0.75,0.85,0.85,7,54.4,50000,-2500,17-Apr-17
OPTSTK,DABUR,27-Apr-17,315,CE,0,0,0,3.35,0.05,0,0,0,0,17-Apr-17
OPTSTK,DABUR,27-Apr-17,320,CE,0,0,0,0.3,0.05,0,0,30000,0,17-Apr-17
OPTSTK,DABUR,27-Apr-17,325,CE,0,0,0,1.95,0,0,0,0,0,17-Apr-17
OPTSTK,DABUR,27-Apr-17,330,CE,0,0,0,1.5,0,0,0,0,0,17-Apr-17
OPTSTK,DABUR,27-Apr-17,335,CE,0,0,0,1.1,0,0,0,0,0,17-Apr-17
OPTSTK,DABUR,27-Apr-17,340,CE,0,0,0,0.85,0,0,0,0,0,17-Apr-17
OPTSTK,DABUR,27-Apr-17,345,CE,0,0,0,0.6,0,0,0,0,0,17-Apr-17
OPTSTK,DABUR,27-Apr-17,350,CE,0,0,0,0.45,0,0,0,0,0,17-Apr-17
OPTSTK,DABUR,27-Apr-17,355,CE,0,0,0,0.35,0,0,0,0,0,17-Apr-17
OPTSTK,DABUR,27-Apr-17,360,CE,0,0,0,0.25,0,0,0,0,0,17-Apr-17
OPTSTK,DABUR,27-Apr-17,365,CE,0,0,0,0.15,0,0,0,0,0,17-Apr-17
OPTSTK,DABUR,27-Apr-17,370,CE,0,0,0,0.15,0,0,0,0,0,17-Apr-17
OPTSTK,DABUR,27-Apr-17,200,PE,0,0,0,0.05,0,0,0,0,0,17-Apr-17
OPTSTK,DABUR,27-Apr-17,205,PE,0,0,0,0.05,0,0,0,0,0,17-Apr-17
OPTSTK,DABUR,27-Apr-17,210,PE,0,0,0,0.05,0,0,0,0,0,17-Apr-17
OPTSTK,DABUR,27-Apr-17,215,PE,0,0,0,0.05,0,0,0,0,0,17-Apr-17
OPTSTK,DABUR,27-Apr-17,220,PE,0,0,0,0.1,0,0,0,0,0,17-Apr-17
OPTSTK,DABUR,27-Apr-17,225,PE,0,0,0,0.15,0,0,0,0,0,17-Apr-17
OPTSTK,DABUR,27-Apr-17,230,PE,0,0,0,0.25,0,0,0,0,0,17-Apr-17
OPTSTK,DABUR,27-Apr-17,235,PE,0,0,0,3,0,0,0,0,0,17-Apr-17
OPTSTK,DABUR,27-Apr-17,240,PE,0,0,0,0.65,0,0,0,0,0,17-Apr-17
OPTSTK,DABUR,27-Apr-17,245,PE,0,0,0,1.05,0,0,0,0,0,17-Apr-17
OPTSTK,DABUR,27-Apr-17,250,PE,0,0,0,1.55,0,0,0,0,0,17-Apr-17
OPTSTK,DABUR,27-Apr-17,255,PE,0,0,0,2.25,0,0,0,0,0,17-Apr-17
OPTSTK,DABUR,27-Apr-17,260,PE,0,0,0,0.3,0,0,0,2500,0,17-Apr-17
OPTSTK,DABUR,27-Apr-17,265,PE,0,0,0,1.7,0,0,0,2500,0,17-Apr-17
OPTSTK,DABUR,27-Apr-17,270,PE,0.2,0.2,0.2,0.2,0.2,2,13.51,57500,-5000,17-Apr-17
OPTSTK,DABUR,27-Apr-17,275,PE,0.75,0.75,0.3,0.3,0.3,4,27.54,35000,-5000,17-Apr-17
OPTSTK,DABUR,27-Apr-17,280,PE,2.25,2.25,0.6,0.85,0.85,25,175.7,107500,15000,17-Apr-17
OPTSTK,DABUR,27-Apr-17,285,PE,3.8,3.8,1.45,1.75,1.75,19,136.35,47500,12500,17-Apr-17
OPTSTK,DABUR,27-Apr-17,290,PE,4.65,4.65,3.5,3.7,3.7,10,73.46,27500,10000,17-Apr-17
OPTSTK,DABUR,27-Apr-17,295,PE,6,6,5.95,6,6,4,30.09,10000,10000,17-Apr-17
OPTSTK,DABUR,27-Apr-17,300,PE,0,0,0,12.85,8,0,0,12500,0,17-Apr-17
OPTSTK,DABUR,27-Apr-17,305,PE,0,0,0,24.2,12.15,0,0,0,0,17-Apr-17
OPTSTK,DABUR,27-Apr-17,310,PE,0,0,0,27.95,16.75,0,0,0,0,17-Apr-17
OPTSTK,DABUR,27-Apr-17,315,PE,0,0,0,31.95,21.6,0,0,0,0,17-Apr-17
OPTSTK,DABUR,27-Apr-17,320,PE,0,0,0,36.1,26.55,0,0,0,0,17-Apr-17
OPTSTK,DABUR,27-Apr-17,325,PE,0,0,0,40.4,31.55,0,0,0,0,17-Apr-17
OPTSTK,DABUR,27-Apr-17,330,PE,0,0,0,44.8,36.55,0,0,0,0,17-Apr-17
OPTSTK,DABUR,27-Apr-17,335,PE,0,0,0,49.35,41.55,0,0,0,0,17-Apr-17
OPTSTK,DABUR,27-Apr-17,340,PE,0,0,0,54,46.55,0,0,0,0,17-Apr-17
OPTSTK,DABUR,27-Apr-17,345,PE,0,0,0,58.7,51.5,0,0,0,0,17-Apr-17
OPTSTK,DABUR,27-Apr-17,350,PE,0,0,0,63.45,56.5,0,0,0,0,17-Apr-17
OPTSTK,DABUR,27-Apr-17,355,PE,0,0,0,68.25,61.5,0,0,0,0,17-Apr-17
OPTSTK,DABUR,27-Apr-17,360,PE,0,0,0,73.1,66.5,0,0,0,0,17-Apr-17
OPTSTK,DABUR,27-Apr-17,365,PE,0,0,0,77.95,71.5,0,0,0,0,17-Apr-17
OPTSTK,DABUR,27-Apr-17,370,PE,0,0,0,82.8,76.5,0,0,0,0,17-Apr-17
OPTSTK,DABUR,25-May-17,200,CE,0,0,0,72.75,94.25,0,0,0,0,17-Apr-17
OPTSTK,DABUR,25-May-17,205,CE,0,0,0,67.85,89.3,0,0,0,0,17-Apr-17
OPTSTK,DABUR,25-May-17,210,CE,0,0,0,62.95,84.35,0,0,0,0,17-Apr-17
OPTSTK,DABUR,25-May-17,215,CE,0,0,0,58.15,79.35,0,0,0,0,17-Apr-17
OPTSTK,DABUR,25-May-17,220,CE,0,0,0,53.35,74.4,0,0,0,0,17-Apr-17
OPTSTK,DABUR,25-May-17,225,CE,0,0,0,48.6,69.45,0,0,0,0,17-Apr-17
OPTSTK,DABUR,25-May-17,230,CE,0,0,0,44,64.45,0,0,0,0,17-Apr-17
OPTSTK,DABUR,25-May-17,235,CE,0,0,0,39.5,59.5,0,0,0,0,17-Apr-17
OPTSTK,DABUR,25-May-17,240,CE,0,0,0,35.2,54.55,0,0,0,0,17-Apr-17
OPTSTK,DABUR,25-May-17,245,CE,0,0,0,31.05,49.6,0,0,0,0,17-Apr-17
OPTSTK,DABUR,25-May-17,250,CE,0,0,0,27.15,44.65,0,0,0,0,17-Apr-17
OPTSTK,DABUR,25-May-17,255,CE,0,0,0,23.5,39.7,0,0,0,0,17-Apr-17
OPTSTK,DABUR,25-May-17,260,CE,0,0,0,20.15,34.8,0,0,0,0,17-Apr-17
OPTSTK,DABUR,25-May-17,265,CE,0,0,0,17.1,30.05,0,0,0,0,17-Apr-17
OPTSTK,DABUR,25-May-17,270,CE,0,0,0,14.35,25.4,0,0,0,0,17-Apr-17
OPTSTK,DABUR,25-May-17,275,CE,0,0,0,11.9,21,0,0,0,0,17-Apr-17
OPTSTK,DABUR,25-May-17,280,CE,14,14,14,14,14,1,7.35,2500,2500,17-Apr-17
OPTSTK,DABUR,25-May-17,285,CE,0,0,0,7.95,13.2,0,0,0,0,17-Apr-17
OPTSTK,DABUR,25-May-17,290,CE,8,8,8,8,8,1,7.45,2500,2500,17-Apr-17
OPTSTK,DABUR,25-May-17,295,CE,0,0,0,5.1,7.35,0,0,0,0,17-Apr-17
OPTSTK,DABUR,25-May-17,300,CE,0,0,0,7.15,5.2,0,0,2500,0,17-Apr-17
OPTSTK,DABUR,25-May-17,305,CE,0,0,0,3.15,3.55,0,0,0,0,17-Apr-17
OPTSTK,DABUR,25-May-17,310,CE,0,0,0,2.4,2.35,0,0,0,0,17-Apr-17
OPTSTK,DABUR,25-May-17,315,CE,0,0,0,1.85,1.5,0,0,0,0,17-Apr-17
OPTSTK,DABUR,25-May-17,320,CE,0,0,0,1.4,0.9,0,0,0,0,17-Apr-17
OPTSTK,DABUR,25-May-17,325,CE,0,0,0,1.05,0.55,0,0,0,0,17-Apr-17
OPTSTK,DABUR,25-May-17,330,CE,0,0,0,0.8,0.3,0,0,0,0,17-Apr-17
OPTSTK,DABUR,25-May-17,335,CE,0,0,0,0.6,0.2,0,0,0,0,17-Apr-17
OPTSTK,DABUR,25-May-17,340,CE,0,0,0,0.45,0.1,0,0,0,0,17-Apr-17
OPTSTK,DABUR,25-May-17,345,CE,0,0,0,0.3,0.05,0,0,0,0,17-Apr-17
OPTSTK,DABUR,25-May-17,350,CE,0,0,0,0.25,0.05,0,0,0,0,17-Apr-17
OPTSTK,DABUR,25-May-17,355,CE,0,0,0,0.15,0.05,0,0,0,0,17-Apr-17
OPTSTK,DABUR,25-May-17,360,CE,0,0,0,0.15,0,0,0,0,0,17-Apr-17
OPTSTK,DABUR,25-May-17,365,CE,0,0,0,0.1,0,0,0,0,0,17-Apr-17
OPTSTK,DABUR,25-May-17,370,CE,0,0,0,0.05,0,0,0,0,0,17-Apr-17
OPTSTK,DABUR,25-May-17,200,PE,0,0,0,0.05,0,0,0,0,0,17-Apr-17
OPTSTK,DABUR,25-May-17,205,PE,0,0,0,0.05,0,0,0,0,0,17-Apr-17
OPTSTK,DABUR,25-May-17,210,PE,0,0,0,0.1,0,0,0,0,0,17-Apr-17
OPTSTK,DABUR,25-May-17,215,PE,0,0,0,0.2,0,0,0,0,0,17-Apr-17
OPTSTK,DABUR,25-May-17,220,PE,0,0,0,0.35,0,0,0,0,0,17-Apr-17
OPTSTK,DABUR,25-May-17,225,PE,0,0,0,0.55,0,0,0,0,0,17-Apr-17
OPTSTK,DABUR,25-May-17,230,PE,0,0,0,0.85,0,0,0,0,0,17-Apr-17
OPTSTK,DABUR,25-May-17,235,PE,0,0,0,1.25,0,0,0,0,0,17-Apr-17
OPTSTK,DABUR,25-May-17,240,PE,0,0,0,1.85,0,0,0,0,0,17-Apr-17
OPTSTK,DABUR,25-May-17,245,PE,0,0,0,2.65,0.05,0,0,0,0,17-Apr-17
OPTSTK,DABUR,25-May-17,250,PE,0,0,0,3.65,0.05,0,0,0,0,17-Apr-17
OPTSTK,DABUR,25-May-17,255,PE,0,0,0,4.95,0.1,0,0,0,0,17-Apr-17
OPTSTK,DABUR,25-May-17,260,PE,0,0,0,6.5,0.15,0,0,0,0,17-Apr-17
OPTSTK,DABUR,25-May-17,265,PE,0,0,0,8.35,0.35,0,0,0,0,17-Apr-17
OPTSTK,DABUR,25-May-17,270,PE,0,0,0,10.55,0.7,0,0,0,0,17-Apr-17
OPTSTK,DABUR,25-May-17,275,PE,0,0,0,13.05,1.25,0,0,0,0,17-Apr-17
OPTSTK,DABUR,25-May-17,280,PE,0,0,0,15.85,2.1,0,0,0,0,17-Apr-17
OPTSTK,DABUR,25-May-17,285,PE,0,0,0,18.9,3.4,0,0,0,0,17-Apr-17
OPTSTK,DABUR,25-May-17,290,PE,0,0,0,22.3,5.15,0,0,0,0,17-Apr-17
OPTSTK,DABUR,25-May-17,295,PE,0,0,0,25.9,7.45,0,0,0,0,17-Apr-17
OPTSTK,DABUR,25-May-17,300,PE,0,0,0,29.75,10.25,0,0,0,0,17-Apr-17
OPTSTK,DABUR,25-May-17,305,PE,0,0,0,33.8,13.6,0,0,0,0,17-Apr-17
OPTSTK,DABUR,25-May-17,310,PE,0,0,0,38,17.35,0,0,0,0,17-Apr-17
OPTSTK,DABUR,25-May-17,315,PE,0,0,0,42.35,21.45,0,0,0,0,17-Apr-17
OPTSTK,DABUR,25-May-17,320,PE,0,0,0,46.85,25.85,0,0,0,0,17-Apr-17
OPTSTK,DABUR,25-May-17,325,PE,0,0,0,51.4,30.45,0,0,0,0,17-Apr-17
OPTSTK,DABUR,25-May-17,330,PE,0,0,0,56.05,35.2,0,0,0,0,17-Apr-17
OPTSTK,DABUR,25-May-17,335,PE,0,0,0,60.8,40,0,0,0,0,17-Apr-17
OPTSTK,DABUR,25-May-17,340,PE,0,0,0,65.55,44.9,0,0,0,0,17-Apr-17
OPTSTK,DABUR,25-May-17,345,PE,0,0,0,70.35,49.85,0,0,0,0,17-Apr-17
OPTSTK,DABUR,25-May-17,350,PE,0,0,0,75.2,54.8,0,0,0,0,17-Apr-17
OPTSTK,DABUR,25-May-17,355,PE,0,0,0,80.05,59.75,0,0,0,0,17-Apr-17
OPTSTK,DABUR,25-May-17,360,PE,0,0,0,84.95,64.7,0,0,0,0,17-Apr-17
OPTSTK,DABUR,25-May-17,365,PE,0,0,0,89.8,69.65,0,0,0,0,17-Apr-17
OPTSTK,DABUR,25-May-17,370,PE,0,0,0,94.7,74.65,0,0,0,0,17-Apr-17
OPTSTK,DABUR,29-Jun-17,200,CE,0,0,0,77.45,95.5,0,0,0,0,17-Apr-17
OPTSTK,DABUR,29-Jun-17,205,CE,0,0,0,72.55,90.55,0,0,0,0,17-Apr-17
OPTSTK,DABUR,29-Jun-17,210,CE,0,0,0,67.65,85.65,0,0,0,0,17-Apr-17
OPTSTK,DABUR,29-Jun-17,215,CE,0,0,0,62.75,80.7,0,0,0,0,17-Apr-17
OPTSTK,DABUR,29-Jun-17,220,CE,0,0,0,57.85,75.75,0,0,0,0,17-Apr-17
OPTSTK,DABUR,29-Jun-17,225,CE,0,0,0,52.95,70.85,0,0,0,0,17-Apr-17
OPTSTK,DABUR,29-Jun-17,230,CE,0,0,0,48.1,65.9,0,0,0,0,17-Apr-17
OPTSTK,DABUR,29-Jun-17,235,CE,0,0,0,43.35,61,0,0,0,0,17-Apr-17
OPTSTK,DABUR,29-Jun-17,240,CE,0,0,0,38.65,56.1,0,0,0,0,17-Apr-17
OPTSTK,DABUR,29-Jun-17,245,CE,0,0,0,34.1,51.2,0,0,0,0,17-Apr-17
OPTSTK,DABUR,29-Jun-17,250,CE,0,0,0,29.7,46.35,0,0,0,0,17-Apr-17
OPTSTK,DABUR,29-Jun-17,255,CE,0,0,0,25.55,41.6,0,0,0,0,17-Apr-17
OPTSTK,DABUR,29-Jun-17,260,CE,0,0,0,21.65,36.95,0,0,0,0,17-Apr-17
OPTSTK,DABUR,29-Jun-17,265,CE,0,0,0,18.1,32.45,0,0,0,0,17-Apr-17
OPTSTK,DABUR,29-Jun-17,270,CE,0,0,0,14.85,28.15,0,0,0,0,17-Apr-17
OPTSTK,DABUR,29-Jun-17,275,CE,0,0,0,12,24.1,0,0,0,0,17-Apr-17
OPTSTK,DABUR,29-Jun-17,280,CE,0,0,0,9.55,20.35,0,0,0,0,17-Apr-17
OPTSTK,DABUR,29-Jun-17,285,CE,0,0,0,7.45,16.9,0,0,0,0,17-Apr-17
OPTSTK,DABUR,29-Jun-17,290,CE,0,0,0,5.75,13.8,0,0,0,0,17-Apr-17
OPTSTK,DABUR,29-Jun-17,295,CE,0,0,0,4.35,11.1,0,0,0,0,17-Apr-17
OPTSTK,DABUR,29-Jun-17,300,CE,0,0,0,3.2,8.75,0,0,0,0,17-Apr-17
OPTSTK,DABUR,29-Jun-17,305,CE,0,0,0,2.35,6.8,0,0,0,0,17-Apr-17
OPTSTK,DABUR,29-Jun-17,310,CE,0,0,0,1.7,5.2,0,0,0,0,17-Apr-17
OPTSTK,DABUR,29-Jun-17,315,CE,0,0,0,1.2,3.9,0,0,0,0,17-Apr-17
OPTSTK,DABUR,29-Jun-17,320,CE,0,0,0,0.85,2.9,0,0,0,0,17-Apr-17
OPTSTK,DABUR,29-Jun-17,325,CE,0,0,0,0.55,2.1,0,0,0,0,17-Apr-17
OPTSTK,DABUR,29-Jun-17,330,CE,0,0,0,0.4,1.5,0,0,0,0,17-Apr-17
OPTSTK,DABUR,29-Jun-17,335,CE,0,0,0,0.25,1.05,0,0,0,0,17-Apr-17
OPTSTK,DABUR,29-Jun-17,340,CE,0,0,0,0.2,0.75,0,0,0,0,17-Apr-17
OPTSTK,DABUR,29-Jun-17,345,CE,0,0,0,0.1,0.5,0,0,0,0,17-Apr-17
OPTSTK,DABUR,29-Jun-17,350,CE,0,0,0,0.1,0.35,0,0,0,0,17-Apr-17
OPTSTK,DABUR,29-Jun-17,355,CE,0,0,0,0.05,0.25,0,0,0,0,17-Apr-17
OPTSTK,DABUR,29-Jun-17,360,CE,0,0,0,0.05,0.15,0,0,0,0,17-Apr-17
OPTSTK,DABUR,29-Jun-17,365,CE,0,0,0,0.05,0.1,0,0,0,0,17-Apr-17
OPTSTK,DABUR,29-Jun-17,370,CE,0,0,0,0.05,0.05,0,0,0,0,17-Apr-17
OPTSTK,DABUR,29-Jun-17,200,PE,0,0,0,0.05,0,0,0,0,0,17-Apr-17
OPTSTK,DABUR,29-Jun-17,205,PE,0,0,0,0.05,0,0,0,0,0,17-Apr-17
OPTSTK,DABUR,29-Jun-17,210,PE,0,0,0,0.05,0,0,0,0,0,17-Apr-17
OPTSTK,DABUR,29-Jun-17,215,PE,0,0,0,0.05,0,0,0,0,0,17-Apr-17
OPTSTK,DABUR,29-Jun-17,220,PE,0,0,0,0.05,0,0,0,0,0,17-Apr-17
OPTSTK,DABUR,29-Jun-17,225,PE,0,0,0,0.1,0,0,0,0,0,17-Apr-17
OPTSTK,DABUR,29-Jun-17,230,PE,0,0,0,0.2,0.05,0,0,0,0,17-Apr-17
OPTSTK,DABUR,29-Jun-17,235,PE,0,0,0,0.3,0.05,0,0,0,0,17-Apr-17
OPTSTK,DABUR,29-Jun-17,240,PE,0,0,0,0.55,0.1,0,0,0,0,17-Apr-17
OPTSTK,DABUR,29-Jun-17,245,PE,0,0,0,0.9,0.15,0,0,0,0,17-Apr-17
OPTSTK,DABUR,29-Jun-17,250,PE,0,0,0,1.45,0.25,0,0,0,0,17-Apr-17
OPTSTK,DABUR,29-Jun-17,255,PE,0,0,0,2.2,0.4,0,0,0,0,17-Apr-17
OPTSTK,DABUR,29-Jun-17,260,PE,0,0,0,3.2,0.7,0,0,0,0,17-Apr-17
OPTSTK,DABUR,29-Jun-17,265,PE,0,0,0,4.55,1.15,0,0,0,0,17-Apr-17
OPTSTK,DABUR,29-Jun-17,270,PE,0,0,0,6.25,1.75,0,0,0,0,17-Apr-17
OPTSTK,DABUR,29-Jun-17,275,PE,0,0,0,8.35,2.65,0,0,0,0,17-Apr-17
OPTSTK,DABUR,29-Jun-17,280,PE,0,0,0,10.8,3.8,0,0,0,0,17-Apr-17
OPTSTK,DABUR,29-Jun-17,285,PE,0,0,0,13.6,5.3,0,0,0,0,17-Apr-17
OPTSTK,DABUR,29-Jun-17,290,PE,0,0,0,16.8,7.15,0,0,0,0,17-Apr-17
OPTSTK,DABUR,29-Jun-17,295,PE,0,0,0,20.3,9.4,0,0,0,0,17-Apr-17
OPTSTK,DABUR,29-Jun-17,300,PE,0,0,0,24.1,12,0,0,0,0,17-Apr-17
OPTSTK,DABUR,29-Jun-17,305,PE,0,0,0,28.15,14.95,0,0,0,0,17-Apr-17
OPTSTK,DABUR,29-Jun-17,310,PE,0,0,0,32.4,18.3,0,0,0,0,17-Apr-17
OPTSTK,DABUR,29-Jun-17,315,PE,0,0,0,36.85,21.95,0,0,0,0,17-Apr-17
OPTSTK,DABUR,29-Jun-17,320,PE,0,0,0,41.4,25.85,0,0,0,0,17-Apr-17
OPTSTK,DABUR,29-Jun-17,325,PE,0,0,0,46.05,30,0,0,0,0,17-Apr-17
OPTSTK,DABUR,29-Jun-17,330,PE,0,0,0,50.8,34.35,0,0,0,0,17-Apr-17
OPTSTK,DABUR,29-Jun-17,335,PE,0,0,0,55.6,38.85,0,0,0,0,17-Apr-17
OPTSTK,DABUR,29-Jun-17,340,PE,0,0,0,60.4,43.45,0,0,0,0,17-Apr-17
OPTSTK,DABUR,29-Jun-17,345,PE,0,0,0,65.3,48.15,0,0,0,0,17-Apr-17
OPTSTK,DABUR,29-Jun-17,350,PE,0,0,0,70.15,52.9,0,0,0,0,17-Apr-17
OPTSTK,DABUR,29-Jun-17,355,PE,0,0,0,75.05,57.75,0,0,0,0,17-Apr-17
OPTSTK,DABUR,29-Jun-17,360,PE,0,0,0,79.95,62.6,0,0,0,0,17-Apr-17
OPTSTK,DABUR,29-Jun-17,365,PE,0,0,0,84.85,67.5,0,0,0,0,17-Apr-17
OPTSTK,DABUR,29-Jun-17,370,PE,0,0,0,89.8,72.4,0,0,0,0,17-Apr-17
OPTSTK,DALMIABHA,27-Apr-17,1550,CE,0,0,0,414.25,543.15,0,0,0,0,17-Apr-17
OPTSTK,DALMIABHA,27-Apr-17,1600,CE,0,0,0,364.5,493.25,0,0,0,0,17-Apr-17
OPTSTK,DALMIABHA,27-Apr-17,1650,CE,0,0,0,314.8,443.35,0,0,0,0,17-Apr-17
OPTSTK,DALMIABHA,27-Apr-17,1700,CE,0,0,0,265.15,393.45,0,0,0,0,17-Apr-17
OPTSTK,DALMIABHA,27-Apr-17,1750,CE,0,0,0,215.95,343.55,0,0,0,0,17-Apr-17
OPTSTK,DALMIABHA,27-Apr-17,1800,CE,0,0,0,168.1,293.75,0,0,0,0,17-Apr-17
OPTSTK,DALMIABHA,27-Apr-17,1850,CE,0,0,0,123.25,244.3,0,0,0,0,17-Apr-17
OPTSTK,DALMIABHA,27-Apr-17,1900,CE,0,0,0,83.85,195.8,0,0,0,0,17-Apr-17
OPTSTK,DALMIABHA,27-Apr-17,1950,CE,0,0,0,225,149.65,0,0,300,0,17-Apr-17
OPTSTK,DALMIABHA,27-Apr-17,2000,CE,0,0,0,165,107.75,0,0,1800,0,17-Apr-17
OPTSTK,DALMIABHA,27-Apr-17,2050,CE,0,0,0,135,72.25,0,0,3300,0,17-Apr-17
OPTSTK,DALMIABHA,27-Apr-17,2100,CE,63,63,63,63,63,1,6.48,600,300,17-Apr-17
OPTSTK,DALMIABHA,27-Apr-17,2150,CE,37.7,37.7,26.75,28.4,28.4,3,19.63,1200,300,17-Apr-17
OPTSTK,DALMIABHA,27-Apr-17,2200,CE,20.75,30.5,14.35,25.2,25.2,13,86.58,4800,1500,17-Apr-17
OPTSTK,DALMIABHA,27-Apr-17,2250,CE,0,0,0,31.5,6.1,0,0,3000,0,17-Apr-17
OPTSTK,DALMIABHA,27-Apr-17,2300,CE,5,5,5,5,5,1,6.91,1500,300,17-Apr-17
OPTSTK,DALMIABHA,27-Apr-17,2350,CE,0,0,0,0.05,1,0,0,0,0,17-Apr-17
OPTSTK,DALMIABHA,27-Apr-17,2400,CE,0,0,0,0.05,0.35,0,0,0,0,17-Apr-17
OPTSTK,DALMIABHA,27-Apr-17,2450,CE,0,0,0,0.05,0.15,0,0,0,0,17-Apr-17
OPTSTK,DALMIABHA,27-Apr-17,2500,CE,0,0,0,4.3,0.05,0,0,900,0,17-Apr-17
OPTSTK,DALMIABHA,27-Apr-17,2550,CE,0,0,0,0.05,0.05,0,0,0,0,17-Apr-17
OPTSTK,DALMIABHA,27-Apr-17,2600,CE,0,0,0,0.05,0,0,0,0,0,17-Apr-17
OPTSTK,DALMIABHA,27-Apr-17,1550,PE,0,0,0,0.05,0,0,0,0,0,17-Apr-17
OPTSTK,DALMIABHA,27-Apr-17,1600,PE,0,0,0,0.05,0,0,0,0,0,17-Apr-17
OPTSTK,DALMIABHA,27-Apr-17,1650,PE,0,0,0,0.05,0,0,0,0,0,17-Apr-17
OPTSTK,DALMIABHA,27-Apr-17,1700,PE,0,0,0,0.15,0,0,0,0,0,17-Apr-17
OPTSTK,DALMIABHA,27-Apr-17,1750,PE,0,0,0,0.75,0.05,0,0,0,0,17-Apr-17
OPTSTK,DALMIABHA,27-Apr-17,1800,PE,0,0,0,2.6,0.15,0,0,0,0,17-Apr-17
OPTSTK,DALMIABHA,27-Apr-17,1850,PE,0,0,0,7.55,0.6,0,0,0,0,17-Apr-17
OPTSTK,DALMIABHA,27-Apr-17,1900,PE,0,0,0,17.85,2.05,0,0,0,0,17-Apr-17
OPTSTK,DALMIABHA,27-Apr-17,1950,PE,0,0,0,34.15,5.8,0,0,300,0,17-Apr-17
OPTSTK,DALMIABHA,27-Apr-17,2000,PE,15,24.95,14.7,22.75,22.75,4,24.22,2100,300,17-Apr-17
OPTSTK,DALMIABHA,27-Apr-17,2050,PE,0,0,0,20,28.2,0,0,4200,0,17-Apr-17
OPTSTK,DALMIABHA,27-Apr-17,2100,PE,0,0,0,26,50.55,0,0,2400,0,17-Apr-17
OPTSTK,DALMIABHA,27-Apr-17,2150,PE,0,0,0,55,81.05,0,0,300,0,17-Apr-17
OPTSTK,DALMIABHA,27-Apr-17,2200,PE,0,0,0,76.15,118.75,0,0,300,0,17-Apr-17
OPTSTK,DALMIABHA,27-Apr-17,2250,PE,0,0,0,282.65,161.75,0,0,0,0,17-Apr-17
OPTSTK,DALMIABHA,27-Apr-17,2300,PE,0,0,0,332.15,208.15,0,0,0,0,17-Apr-17
OPTSTK,DALMIABHA,27-Apr-17,2350,PE,0,0,0,381.85,256.5,0,0,0,0,17-Apr-17
OPTSTK,DALMIABHA,27-Apr-17,2400,PE,0,0,0,431.6,305.75,0,0,0,0,17-Apr-17
OPTSTK,DALMIABHA,27-Apr-17,2450,PE,0,0,0,481.3,355.4,0,0,0,0,17-Apr-17
OPTSTK,DALMIABHA,27-Apr-17,2500,PE,0,0,0,531.05,405.25,0,0,0,0,17-Apr-17
OPTSTK,DALMIABHA,27-Apr-17,2550,PE,0,0,0,580.85,455.15,0,0,0,0,17-Apr-17
OPTSTK,DALMIABHA,27-Apr-17,2600,PE,0,0,0,630.6,505.05,0,0,0,0,17-Apr-17
OPTSTK,DALMIABHA,25-May-17,1550,CE,0,0,0,422.4,551.1,0,0,0,0,17-Apr-17
OPTSTK,DALMIABHA,25-May-17,1600,CE,0,0,0,373.05,501.7,0,0,0,0,17-Apr-17
OPTSTK,DALMIABHA,25-May-17,1650,CE,0,0,0,323.95,452.6,0,0,0,0,17-Apr-17
OPTSTK,DALMIABHA,25-May-17,1700,CE,0,0,0,275.45,404.1,0,0,0,0,17-Apr-17
OPTSTK,DALMIABHA,25-May-17,1750,CE,0,0,0,228.35,356.5,0,0,0,0,17-Apr-17
OPTSTK,DALMIABHA,25-May-17,1800,CE,0,0,0,183.55,310.35,0,0,0,0,17-Apr-17
OPTSTK,DALMIABHA,25-May-17,1850,CE,0,0,0,142.4,266.15,0,0,0,0,17-Apr-17
OPTSTK,DALMIABHA,25-May-17,1900,CE,0,0,0,106.05,224.55,0,0,0,0,17-Apr-17
OPTSTK,DALMIABHA,25-May-17,1950,CE,0,0,0,75.6,186.25,0,0,0,0,17-Apr-17
OPTSTK,DALMIABHA,25-May-17,2000,CE,0,0,0,51.4,151.5,0,0,0,0,17-Apr-17
OPTSTK,DALMIABHA,25-May-17,2050,CE,0,0,0,33.3,121,0,0,0,0,17-Apr-17
OPTSTK,DALMIABHA,25-May-17,2100,CE,0,0,0,20.55,94.7,0,0,0,0,17-Apr-17
OPTSTK,DALMIABHA,25-May-17,2150,CE,0,0,0,12.05,72.7,0,0,0,0,17-Apr-17
OPTSTK,DALMIABHA,25-May-17,2200,CE,0,0,0,6.75,54.65,0,0,0,0,17-Apr-17
OPTSTK,DALMIABHA,25-May-17,2250,CE,0,0,0,3.6,40.3,0,0,0,0,17-Apr-17
OPTSTK,DALMIABHA,25-May-17,2300,CE,0,0,0,1.85,29.15,0,0,0,0,17-Apr-17
OPTSTK,DALMIABHA,25-May-17,2350,CE,0,0,0,0.9,20.7,0,0,0,0,17-Apr-17
OPTSTK,DALMIABHA,25-May-17,2400,CE,0,0,0,0.45,14.4,0,0,0,0,17-Apr-17
OPTSTK,DALMIABHA,25-May-17,2450,CE,0,0,0,0.2,9.85,0,0,0,0,17-Apr-17
OPTSTK,DALMIABHA,25-May-17,2500,CE,0,0,0,0.1,6.6,0,0,0,0,17-Apr-17
OPTSTK,DALMIABHA,25-May-17,2550,CE,0,0,0,0.05,4.35,0,0,0,0,17-Apr-17
OPTSTK,DALMIABHA,25-May-17,2600,CE,0,0,0,0.05,2.85,0,0,0,0,17-Apr-17
OPTSTK,DALMIABHA,25-May-17,1550,PE,0,0,0,0.05,0.2,0,0,0,0,17-Apr-17
OPTSTK,DALMIABHA,25-May-17,1600,PE,0,0,0,0.2,0.45,0,0,0,0,17-Apr-17
OPTSTK,DALMIABHA,25-May-17,1650,PE,0,0,0,0.6,1.05,0,0,0,0,17-Apr-17
OPTSTK,DALMIABHA,25-May-17,1700,PE,0,0,0,1.6,2.2,0,0,0,0,17-Apr-17
OPTSTK,DALMIABHA,25-May-17,1750,PE,0,0,0,4,4.25,0,0,0,0,17-Apr-17
OPTSTK,DALMIABHA,25-May-17,1800,PE,0,0,0,8.7,7.75,0,0,0,0,17-Apr-17
OPTSTK,DALMIABHA,25-May-17,1850,PE,0,0,0,17,13.2,0,0,0,0,17-Apr-17
OPTSTK,DALMIABHA,25-May-17,1900,PE,0,0,0,30.15,21.3,0,0,0,0,17-Apr-17
OPTSTK,DALMIABHA,25-May-17,1950,PE,0,0,0,49.2,32.65,0,0,0,0,17-Apr-17
OPTSTK,DALMIABHA,25-May-17,2000,PE,0,0,0,74.5,47.6,0,0,0,0,17-Apr-17
OPTSTK,DALMIABHA,25-May-17,2050,PE,0,0,0,105.9,66.7,0,0,0,0,17-Apr-17
OPTSTK,DALMIABHA,25-May-17,2100,PE,0,0,0,142.6,90.1,0,0,0,0,17-Apr-17
OPTSTK,DALMIABHA,25-May-17,2150,PE,0,0,0,183.6,117.75,0,0,0,0,17-Apr-17
OPTSTK,DALMIABHA,25-May-17,2200,PE,0,0,0,227.8,149.35,0,0,0,0,17-Apr-17
OPTSTK,DALMIABHA,25-May-17,2250,PE,0,0,0,274.15,184.65,0,0,0,0,17-Apr-17
OPTSTK,DALMIABHA,25-May-17,2300,PE,0,0,0,321.85,223.2,0,0,0,0,17-Apr-17
OPTSTK,DALMIABHA,25-May-17,2350,PE,0,0,0,370.4,264.4,0,0,0,0,17-Apr-17
OPTSTK,DALMIABHA,25-May-17,2400,PE,0,0,0,419.45,307.8,0,0,0,0,17-Apr-17
OPTSTK,DALMIABHA,25-May-17,2450,PE,0,0,0,468.7,352.9,0,0,0,0,17-Apr-17
OPTSTK,DALMIABHA,25-May-17,2500,PE,0,0,0,518.1,399.3,0,0,0,0,17-Apr-17
OPTSTK,DALMIABHA,25-May-17,2550,PE,0,0,0,567.55,446.7,0,0,0,0,17-Apr-17
OPTSTK,DALMIABHA,25-May-17,2600,PE,0,0,0,617,494.85,0,0,0,0,17-Apr-17
OPTSTK,DALMIABHA,29-Jun-17,1550,CE,0,0,0,432.5,562.65,0,0,0,0,17-Apr-17
OPTSTK,DALMIABHA,29-Jun-17,1600,CE,0,0,0,383.95,514.9,0,0,0,0,17-Apr-17
OPTSTK,DALMIABHA,29-Jun-17,1650,CE,0,0,0,336.05,468.05,0,0,0,0,17-Apr-17
OPTSTK,DALMIABHA,29-Jun-17,1700,CE,0,0,0,289.35,422.35,0,0,0,0,17-Apr-17
OPTSTK,DALMIABHA,29-Jun-17,1750,CE,0,0,0,244.5,378.15,0,0,0,0,17-Apr-17
OPTSTK,DALMIABHA,29-Jun-17,1800,CE,0,0,0,202.3,335.85,0,0,0,0,17-Apr-17
OPTSTK,DALMIABHA,29-Jun-17,1850,CE,0,0,0,163.55,295.7,0,0,0,0,17-Apr-17
OPTSTK,DALMIABHA,29-Jun-17,1900,CE,0,0,0,128.9,258.15,0,0,0,0,17-Apr-17
OPTSTK,DALMIABHA,29-Jun-17,1950,CE,0,0,0,99,223.15,0,0,0,0,17-Apr-17
OPTSTK,DALMIABHA,29-Jun-17,2000,CE,0,0,0,74,191.2,0,0,0,0,17-Apr-17
OPTSTK,DALMIABHA,29-Jun-17,2050,CE,0,0,0,53.8,162.35,0,0,0,0,17-Apr-17
OPTSTK,DALMIABHA,29-Jun-17,2100,CE,0,0,0,38.05,136.55,0,0,0,0,17-Apr-17
OPTSTK,DALMIABHA,29-Jun-17,2150,CE,0,0,0,26.2,113.8,0,0,0,0,17-Apr-17
OPTSTK,DALMIABHA,29-Jun-17,2200,CE,0,0,0,17.55,94,0,0,0,0,17-Apr-17
OPTSTK,DALMIABHA,29-Jun-17,2250,CE,0,0,0,11.45,76.95,0,0,0,0,17-Apr-17
OPTSTK,DALMIABHA,29-Jun-17,2300,CE,0,0,0,7.25,62.45,0,0,0,0,17-Apr-17
OPTSTK,DALMIABHA,29-Jun-17,2350,CE,0,0,0,4.5,50.4,0,0,0,0,17-Apr-17
OPTSTK,DALMIABHA,29-Jun-17,2400,CE,0,0,0,2.7,40.15,0,0,0,0,17-Apr-17
OPTSTK,DALMIABHA,29-Jun-17,2450,CE,0,0,0,1.6,31.8,0,0,0,0,17-Apr-17
OPTSTK,DALMIABHA,29-Jun-17,2500,CE,0,0,0,0.95,25,0,0,0,0,17-Apr-17
OPTSTK,DALMIABHA,29-Jun-17,2550,CE,0,0,0,0.55,19.5,0,0,0,0,17-Apr-17
OPTSTK,DALMIABHA,29-Jun-17,2600,CE,0,0,0,0.3,15.1,0,0,0,0,17-Apr-17
OPTSTK,DALMIABHA,29-Jun-17,1550,PE,0,0,0,0.4,2.2,0,0,0,0,17-Apr-17
OPTSTK,DALMIABHA,29-Jun-17,1600,PE,0,0,0,1,3.8,0,0,0,0,17-Apr-17
OPTSTK,DALMIABHA,29-Jun-17,1650,PE,0,0,0,2.3,6.25,0,0,0,0,17-Apr-17
OPTSTK,DALMIABHA,29-Jun-17,1700,PE,0,0,0,4.75,9.95,0,0,0,0,17-Apr-17
OPTSTK,DALMIABHA,29-Jun-17,1750,PE,0,0,0,9.1,15.1,0,0,0,0,17-Apr-17
OPTSTK,DALMIABHA,29-Jun-17,1800,PE,0,0,0,16.05,22.15,0,0,0,0,17-Apr-17
OPTSTK,DALMIABHA,29-Jun-17,1850,PE,0,0,0,26.45,31.35,0,0,0,0,17-Apr-17
OPTSTK,DALMIABHA,29-Jun-17,1900,PE,0,0,0,41,43.15,0,0,0,0,17-Apr-17
OPTSTK,DALMIABHA,29-Jun-17,1950,PE,0,0,0,60.3,57.5,0,0,0,0,17-Apr-17
OPTSTK,DALMIABHA,29-Jun-17,2000,PE,0,0,0,84.45,74.95,0,0,0,0,17-Apr-17
OPTSTK,DALMIABHA,29-Jun-17,2050,PE,0,0,0,113.45,95.4,0,0,0,0,17-Apr-17
OPTSTK,DALMIABHA,29-Jun-17,2100,PE,0,0,0,146.85,119,0,0,0,0,17-Apr-17
OPTSTK,DALMIABHA,29-Jun-17,2150,PE,0,0,0,184.2,145.6,0,0,0,0,17-Apr-17
OPTSTK,DALMIABHA,29-Jun-17,2200,PE,0,0,0,224.7,175.15,0,0,0,0,17-Apr-17
OPTSTK,DALMIABHA,29-Jun-17,2250,PE,0,0,0,267.75,207.45,0,0,0,0,17-Apr-17
OPTSTK,DALMIABHA,29-Jun-17,2300,PE,0,0,0,312.8,242.3,0,0,0,0,17-Apr-17
OPTSTK,DALMIABHA,29-Jun-17,2350,PE,0,0,0,359.2,279.6,0,0,0,0,17-Apr-17
OPTSTK,DALMIABHA,29-Jun-17,2400,PE,0,0,0,406.6,318.7,0,0,0,0,17-Apr-17
OPTSTK,DALMIABHA,29-Jun-17,2450,PE,0,0,0,454.65,359.75,0,0,0,0,17-Apr-17
OPTSTK,DALMIABHA,29-Jun-17,2500,PE,0,0,0,503.15,402.25,0,0,0,0,17-Apr-17
OPTSTK,DALMIABHA,29-Jun-17,2550,PE,0,0,0,551.95,446.15,0,0,0,0,17-Apr-17
OPTSTK,DALMIABHA,29-Jun-17,2600,PE,0,0,0,600.9,491.1,0,0,0,0,17-Apr-17
OPTSTK,DCBBANK,27-Apr-17,75,CE,0,0,0,44.75,98.45,0,0,0,0,17-Apr-17
OPTSTK,DCBBANK,27-Apr-17,80,CE,0,0,0,39.85,93.45,0,0,0,0,17-Apr-17
OPTSTK,DCBBANK,27-Apr-17,85,CE,0,0,0,35.1,88.45,0,0,0,0,17-Apr-17
OPTSTK,DCBBANK,27-Apr-17,90,CE,0,0,0,30.45,83.5,0,0,0,0,17-Apr-17
OPTSTK,DCBBANK,27-Apr-17,95,CE,0,0,0,25.95,78.5,0,0,0,0,17-Apr-17
OPTSTK,DCBBANK,27-Apr-17,100,CE,0,0,0,21.8,73.5,0,0,0,0,17-Apr-17
OPTSTK,DCBBANK,27-Apr-17,105,CE,0,0,0,17.95,68.5,0,0,0,0,17-Apr-17
OPTSTK,DCBBANK,27-Apr-17,110,CE,0,0,0,14.55,63.5,0,0,0,0,17-Apr-17
OPTSTK,DCBBANK,27-Apr-17,115,CE,0,0,0,11.55,58.5,0,0,0,0,17-Apr-17
OPTSTK,DCBBANK,27-Apr-17,120,CE,0,0,0,9,53.55,0,0,0,0,17-Apr-17
OPTSTK,DCBBANK,27-Apr-17,125,CE,0,0,0,6.9,48.55,0,0,0,0,17-Apr-17
OPTSTK,DCBBANK,27-Apr-17,130,CE,0,0,0,5.2,43.55,0,0,0,0,17-Apr-17
OPTSTK,DCBBANK,27-Apr-17,135,CE,0,0,0,3.85,38.55,0,0,0,0,17-Apr-17
OPTSTK,DCBBANK,27-Apr-17,140,CE,0,0,0,2.85,33.55,0,0,0,0,17-Apr-17
OPTSTK,DCBBANK,27-Apr-17,145,CE,0,0,0,2.05,28.6,0,0,0,0,17-Apr-17
OPTSTK,DCBBANK,27-Apr-17,150,CE,0,0,0,1.45,23.65,0,0,0,0,17-Apr-17
OPTSTK,DCBBANK,27-Apr-17,155,CE,0,0,0,15.5,18.8,0,0,4500,0,17-Apr-17
OPTSTK,DCBBANK,27-Apr-17,160,CE,0,0,0,11.4,14.25,0,0,4500,0,17-Apr-17
OPTSTK,DCBBANK,27-Apr-17,165,CE,10,10,6.45,8.35,8.35,7,54.38,18000,4500,17-Apr-17
OPTSTK,DCBBANK,27-Apr-17,170,CE,4.9,7.1,3.4,6.2,6.2,336,2645.22,369000,315000,17-Apr-17
OPTSTK,DCBBANK,27-Apr-17,175,CE,3.6,4.4,1.85,3.25,3.25,495,3962.65,454500,319500,17-Apr-17
OPTSTK,DCBBANK,27-Apr-17,180,CE,2.15,2.55,0.95,1.6,1.6,512,4183.92,679500,351000,17-Apr-17
OPTSTK,DCBBANK,27-Apr-17,185,CE,1.1,1.5,0.55,0.9,0.9,299,2500.61,855000,94500,17-Apr-17
OPTSTK,DCBBANK,27-Apr-17,190,CE,0.55,0.85,0.3,0.5,0.5,323,2768.45,810000,-117000,17-Apr-17
OPTSTK,DCBBANK,27-Apr-17,195,CE,0.6,0.6,0.2,0.25,0.25,74,650.31,148500,-18000,17-Apr-17
OPTSTK,DCBBANK,27-Apr-17,200,CE,0.4,0.4,0.15,0.2,0.2,104,936.92,378000,0,17-Apr-17
OPTSTK,DCBBANK,27-Apr-17,205,CE,0.2,0.25,0.1,0.15,0.15,11,101.55,36000,-22500,17-Apr-17
OPTSTK,DCBBANK,27-Apr-17,210,CE,0.1,0.1,0.05,0.1,0.1,6,56.72,22500,-18000,17-Apr-17
OPTSTK,DCBBANK,27-Apr-17,215,CE,0.25,0.25,0.15,0.15,0.15,2,19.36,9000,4500,17-Apr-17
OPTSTK,DCBBANK,27-Apr-17,75,PE,0,0,0,0.05,0,0,0,0,0,17-Apr-17
OPTSTK,DCBBANK,27-Apr-17,80,PE,0,0,0,0.1,0,0,0,0,0,17-Apr-17
OPTSTK,DCBBANK,27-Apr-17,85,PE,0,0,0,0.25,0,0,0,0,0,17-Apr-17
OPTSTK,DCBBANK,27-Apr-17,90,PE,0,0,0,0.5,0,0,0,0,0,17-Apr-17
OPTSTK,DCBBANK,27-Apr-17,95,PE,0,0,0,0.95,0,0,0,0,0,17-Apr-17
OPTSTK,DCBBANK,27-Apr-17,100,PE,0,0,0,1.7,0,0,0,0,0,17-Apr-17
OPTSTK,DCBBANK,27-Apr-17,105,PE,0,0,0,2.8,0,0,0,0,0,17-Apr-17
OPTSTK,DCBBANK,27-Apr-17,110,PE,0,0,0,4.25,0,0,0,0,0,17-Apr-17
OPTSTK,DCBBANK,27-Apr-17,115,PE,0,0,0,6.2,0,0,0,0,0,17-Apr-17
OPTSTK,DCBBANK,27-Apr-17,120,PE,0,0,0,8.6,0,0,0,0,0,17-Apr-17
OPTSTK,DCBBANK,27-Apr-17,125,PE,0,0,0,11.4,0,0,0,0,0,17-Apr-17
OPTSTK,DCBBANK,27-Apr-17,130,PE,0,0,0,14.6,0,0,0,0,0,17-Apr-17
OPTSTK,DCBBANK,27-Apr-17,135,PE,0,0,0,18.2,0,0,0,0,0,17-Apr-17
OPTSTK,DCBBANK,27-Apr-17,140,PE,0,0,0,22.1,0,0,0,0,0,17-Apr-17
OPTSTK,DCBBANK,27-Apr-17,145,PE,0,0,0,0.4,0.05,0,0,4500,0,17-Apr-17
OPTSTK,DCBBANK,27-Apr-17,150,PE,0.3,0.45,0.2,0.25,0.25,12,81.16,54000,22500,17-Apr-17
OPTSTK,DCBBANK,27-Apr-17,155,PE,0.45,0.75,0.3,0.35,0.35,32,223.84,45000,-9000,17-Apr-17
OPTSTK,DCBBANK,27-Apr-17,160,PE,1.05,1.7,0.55,0.65,0.65,327,2368.04,382500,283500,17-Apr-17
OPTSTK,DCBBANK,27-Apr-17,165,PE,2,3.1,1.1,1.25,1.25,259,1945.5,328500,184500,17-Apr-17
OPTSTK,DCBBANK,27-Apr-17,170,PE,4.95,5.2,2.4,2.7,2.7,497,3881.79,598500,364500,17-Apr-17
OPTSTK,DCBBANK,27-Apr-17,175,PE,8.7,8.7,4.2,4.9,4.9,87,708.72,99000,13500,17-Apr-17
OPTSTK,DCBBANK,27-Apr-17,180,PE,11,12,7,8.4,8.4,65,553.19,135000,-67500,17-Apr-17
OPTSTK,DCBBANK,27-Apr-17,185,PE,13,13,13,13,13,3,26.73,13500,0,17-Apr-17
OPTSTK,DCBBANK,27-Apr-17,190,PE,0,0,0,11.2,16.9,0,0,4500,0,17-Apr-17
OPTSTK,DCBBANK,27-Apr-17,195,PE,0,0,0,43.8,21.6,0,0,0,0,17-Apr-17
OPTSTK,DCBBANK,27-Apr-17,200,PE,0,0,0,48.1,26.45,0,0,0,0,17-Apr-17
OPTSTK,DCBBANK,27-Apr-17,205,PE,0,0,0,52.5,31.4,0,0,0,0,17-Apr-17
OPTSTK,DCBBANK,27-Apr-17,210,PE,0,0,0,51.15,36.35,0,0,0,0,17-Apr-17
OPTSTK,DCBBANK,27-Apr-17,215,PE,0,0,0,48.5,41.35,0,0,0,0,17-Apr-17
OPTSTK,DCBBANK,25-May-17,105,CE,0,0,0,50.95,69.05,0,0,0,0,17-Apr-17
OPTSTK,DCBBANK,25-May-17,110,CE,0,0,0,46.55,64.05,0,0,0,0,17-Apr-17
OPTSTK,DCBBANK,25-May-17,115,CE,0,0,0,42.25,59.1,0,0,0,0,17-Apr-17
OPTSTK,DCBBANK,25-May-17,120,CE,0,0,0,38.2,54.15,0,0,0,0,17-Apr-17
OPTSTK,DCBBANK,25-May-17,125,CE,0,0,0,34.35,49.2,0,0,0,0,17-Apr-17
OPTSTK,DCBBANK,25-May-17,130,CE,0,0,0,30.75,44.3,0,0,0,0,17-Apr-17
OPTSTK,DCBBANK,25-May-17,135,CE,0,0,0,27.4,39.45,0,0,0,0,17-Apr-17
OPTSTK,DCBBANK,25-May-17,140,CE,0,0,0,24.25,34.7,0,0,0,0,17-Apr-17
OPTSTK,DCBBANK,25-May-17,145,CE,0,0,0,21.4,30.05,0,0,0,0,17-Apr-17
OPTSTK,DCBBANK,25-May-17,150,CE,0,0,0,18.8,25.7,0,0,0,0,17-Apr-17
OPTSTK,DCBBANK,25-May-17,155,CE,0,0,0,16.4,21.55,0,0,0,0,17-Apr-17
OPTSTK,DCBBANK,25-May-17,160,CE,0,0,0,14.3,17.8,0,0,0,0,17-Apr-17
OPTSTK,DCBBANK,25-May-17,165,CE,0,0,0,12.4,14.4,0,0,0,0,17-Apr-17
OPTSTK,DCBBANK,25-May-17,170,CE,11,11,11,11,11,1,8.14,4500,4500,17-Apr-17
OPTSTK,DCBBANK,25-May-17,175,CE,0,0,0,9.25,8.9,0,0,0,0,17-Apr-17
OPTSTK,DCBBANK,25-May-17,180,CE,4.35,6.4,4.35,5.4,5.4,5,41.66,4500,4500,17-Apr-17
OPTSTK,DCBBANK,25-May-17,185,CE,0,0,0,6.8,5.1,0,0,0,0,17-Apr-17
OPTSTK,DCBBANK,25-May-17,190,CE,0,0,0,5.8,3.8,0,0,0,0,17-Apr-17
OPTSTK,DCBBANK,25-May-17,195,CE,0,0,0,4.95,2.75,0,0,0,0,17-Apr-17
OPTSTK,DCBBANK,25-May-17,200,CE,1.95,1.95,1.5,1.5,1.5,2,18.15,4500,0,17-Apr-17
OPTSTK,DCBBANK,25-May-17,205,CE,0,0,0,3.55,1.35,0,0,0,0,17-Apr-17
OPTSTK,DCBBANK,25-May-17,210,CE,0,0,0,1.5,0.95,0,0,0,0,17-Apr-17
OPTSTK,DCBBANK,25-May-17,215,CE,0,0,0,1.95,0.65,0,0,0,0,17-Apr-17
OPTSTK,DCBBANK,25-May-17,105,PE,0,0,0,1,0,0,0,0,0,17-Apr-17
OPTSTK,DCBBANK,25-May-17,110,PE,0,0,0,1.5,0,0,0,0,0,17-Apr-17
OPTSTK,DCBBANK,25-May-17,115,PE,0,0,0,2.15,0,0,0,0,0,17-Apr-17
OPTSTK,DCBBANK,25-May-17,120,PE,0,0,0,3.05,0.05,0,0,0,0,17-Apr-17
OPTSTK,DCBBANK,25-May-17,125,PE,0,0,0,4.1,0.05,0,0,0,0,17-Apr-17
OPTSTK,DCBBANK,25-May-17,130,PE,0,0,0,5.4,0.1,0,0,0,0,17-Apr-17
OPTSTK,DCBBANK,25-May-17,135,PE,0,0,0,6.95,0.2,0,0,0,0,17-Apr-17
OPTSTK,DCBBANK,25-May-17,140,PE,0,0,0,8.75,0.45,0,0,0,0,17-Apr-17
OPTSTK,DCBBANK,25-May-17,145,PE,0,0,0,10.8,0.8,0,0,0,0,17-Apr-17
OPTSTK,DCBBANK,25-May-17,150,PE,0,0,0,13.15,1.35,0,0,0,0,17-Apr-17
OPTSTK,DCBBANK,25-May-17,155,PE,0,0,0,15.7,2.2,0,0,0,0,17-Apr-17
OPTSTK,DCBBANK,25-May-17,160,PE,0,0,0,18.5,3.4,0,0,0,0,17-Apr-17
OPTSTK,DCBBANK,25-May-17,165,PE,0,0,0,21.5,5,0,0,0,0,17-Apr-17
OPTSTK,DCBBANK,25-May-17,170,PE,0,0,0,24.75,7,0,0,0,0,17-Apr-17
OPTSTK,DCBBANK,25-May-17,175,PE,0,0,0,28.2,9.45,0,0,0,0,17-Apr-17
OPTSTK,DCBBANK,25-May-17,180,PE,0,0,0,31.8,12.3,0,0,0,0,17-Apr-17
OPTSTK,DCBBANK,25-May-17,185,PE,0,0,0,35.6,15.55,0,0,0,0,17-Apr-17
OPTSTK,DCBBANK,25-May-17,190,PE,0,0,0,39.55,19.2,0,0,0,0,17-Apr-17
OPTSTK,DCBBANK,25-May-17,195,PE,0,0,0,43.6,23.1,0,0,0,0,17-Apr-17
OPTSTK,DCBBANK,25-May-17,200,PE,0,0,0,47.75,27.3,0,0,0,0,17-Apr-17
OPTSTK,DCBBANK,25-May-17,205,PE,0,0,0,52.05,31.7,0,0,0,0,17-Apr-17
OPTSTK,DCBBANK,25-May-17,210,PE,0,0,0,51.1,36.25,0,0,0,0,17-Apr-17
OPTSTK,DCBBANK,25-May-17,215,PE,0,0,0,48.7,40.9,0,0,0,0,17-Apr-17
OPTSTK,DCBBANK,29-Jun-17,105,CE,0,0,0,65.1,69.7,0,0,0,0,17-Apr-17
OPTSTK,DCBBANK,29-Jun-17,110,CE,0,0,0,60.2,64.8,0,0,0,0,17-Apr-17
OPTSTK,DCBBANK,29-Jun-17,115,CE,0,0,0,55.35,59.9,0,0,0,0,17-Apr-17
OPTSTK,DCBBANK,29-Jun-17,120,CE,0,0,0,50.5,55.05,0,0,0,0,17-Apr-17
OPTSTK,DCBBANK,29-Jun-17,125,CE,0,0,0,45.75,50.25,0,0,0,0,17-Apr-17
OPTSTK,DCBBANK,29-Jun-17,130,CE,0,0,0,41.1,45.6,0,0,0,0,17-Apr-17
OPTSTK,DCBBANK,29-Jun-17,135,CE,0,0,0,36.6,41,0,0,0,0,17-Apr-17
OPTSTK,DCBBANK,29-Jun-17,140,CE,0,0,0,32.25,36.6,0,0,0,0,17-Apr-17
OPTSTK,DCBBANK,29-Jun-17,145,CE,0,0,0,28.15,32.4,0,0,0,0,17-Apr-17
OPTSTK,DCBBANK,29-Jun-17,150,CE,0,0,0,24.3,28.45,0,0,0,0,17-Apr-17
OPTSTK,DCBBANK,29-Jun-17,155,CE,0,0,0,20.75,24.75,0,0,0,0,17-Apr-17
OPTSTK,DCBBANK,29-Jun-17,160,CE,0,0,0,17.55,21.3,0,0,0,0,17-Apr-17
OPTSTK,DCBBANK,29-Jun-17,165,CE,0,0,0,14.65,18.2,0,0,0,0,17-Apr-17
OPTSTK,DCBBANK,29-Jun-17,170,CE,0,0,0,12.1,15.4,0,0,0,0,17-Apr-17
OPTSTK,DCBBANK,29-Jun-17,175,CE,0,0,0,9.9,12.95,0,0,0,0,17-Apr-17
OPTSTK,DCBBANK,29-Jun-17,180,CE,0,0,0,8,10.75,0,0,0,0,17-Apr-17
OPTSTK,DCBBANK,29-Jun-17,185,CE,0,0,0,6.45,8.9,0,0,0,0,17-Apr-17
OPTSTK,DCBBANK,29-Jun-17,190,CE,0,0,0,5.1,7.3,0,0,0,0,17-Apr-17
OPTSTK,DCBBANK,29-Jun-17,195,CE,0,0,0,4,5.95,0,0,0,0,17-Apr-17
OPTSTK,DCBBANK,29-Jun-17,200,CE,0,0,0,3.15,4.8,0,0,0,0,17-Apr-17
OPTSTK,DCBBANK,29-Jun-17,205,CE,0,0,0,2.45,3.85,0,0,0,0,17-Apr-17
OPTSTK,DCBBANK,29-Jun-17,210,CE,0,0,0,1.85,3.05,0,0,0,0,17-Apr-17
OPTSTK,DCBBANK,29-Jun-17,215,CE,0,0,0,1.4,2.4,0,0,0,0,17-Apr-17
OPTSTK,DCBBANK,29-Jun-17,105,PE,0,0,0,0.05,0.05,0,0,0,0,17-Apr-17
OPTSTK,DCBBANK,29-Jun-17,110,PE,0,0,0,0.05,0.05,0,0,0,0,17-Apr-17
OPTSTK,DCBBANK,29-Jun-17,115,PE,0,0,0,0.1,0.1,0,0,0,0,17-Apr-17
OPTSTK,DCBBANK,29-Jun-17,120,PE,0,0,0,0.2,0.2,0,0,0,0,17-Apr-17
OPTSTK,DCBBANK,29-Jun-17,125,PE,0,0,0,0.35,0.35,0,0,0,0,17-Apr-17
OPTSTK,DCBBANK,29-Jun-17,130,PE,0,0,0,0.6,0.6,0,0,0,0,17-Apr-17
OPTSTK,DCBBANK,29-Jun-17,135,PE,0,0,0,1,0.95,0,0,0,0,17-Apr-17
OPTSTK,DCBBANK,29-Jun-17,140,PE,0,0,0,1.6,1.5,0,0,0,0,17-Apr-17
OPTSTK,DCBBANK,29-Jun-17,145,PE,0,0,0,2.4,2.25,0,0,0,0,17-Apr-17
OPTSTK,DCBBANK,29-Jun-17,150,PE,0,0,0,3.45,3.2,0,0,0,0,17-Apr-17
OPTSTK,DCBBANK,29-Jun-17,155,PE,0,0,0,4.85,4.45,0,0,0,0,17-Apr-17
OPTSTK,DCBBANK,29-Jun-17,160,PE,0,0,0,6.55,5.95,0,0,0,0,17-Apr-17
OPTSTK,DCBBANK,29-Jun-17,165,PE,0,0,0,8.6,7.8,0,0,0,0,17-Apr-17
OPTSTK,DCBBANK,29-Jun-17,170,PE,0,0,0,10.95,9.95,0,0,0,0,17-Apr-17
OPTSTK,DCBBANK,29-Jun-17,175,PE,0,0,0,13.65,12.4,0,0,0,0,17-Apr-17
OPTSTK,DCBBANK,29-Jun-17,180,PE,0,0,0,16.7,15.15,0,0,0,0,17-Apr-17
OPTSTK,DCBBANK,29-Jun-17,185,PE,0,0,0,20.05,18.2,0,0,0,0,17-Apr-17
OPTSTK,DCBBANK,29-Jun-17,190,PE,0,0,0,23.65,21.55,0,0,0,0,17-Apr-17
OPTSTK,DCBBANK,29-Jun-17,195,PE,0,0,0,27.45,25.1,0,0,0,0,17-Apr-17
OPTSTK,DCBBANK,29-Jun-17,200,PE,0,0,0,31.5,28.9,0,0,0,0,17-Apr-17
OPTSTK,DCBBANK,29-Jun-17,205,PE,0,0,0,35.7,32.9,0,0,0,0,17-Apr-17
OPTSTK,DCBBANK,29-Jun-17,210,PE,0,0,0,40.05,37.05,0,0,0,0,17-Apr-17
OPTSTK,DCBBANK,29-Jun-17,215,PE,0,0,0,44.55,41.35,0,0,0,0,17-Apr-17
OPTSTK,DHFL,27-Apr-17,190,CE,0,0,0,98.8,209.55,0,0,0,0,17-Apr-17
OPTSTK,DHFL,27-Apr-17,200,CE,0,0,0,89.4,199.55,0,0,0,0,17-Apr-17
OPTSTK,DHFL,27-Apr-17,210,CE,0,0,0,80.35,189.6,0,0,0,0,17-Apr-17
OPTSTK,DHFL,27-Apr-17,220,CE,0,0,0,71.6,179.6,0,0,0,0,17-Apr-17
OPTSTK,DHFL,27-Apr-17,230,CE,0,0,0,63.25,169.6,0,0,0,0,17-Apr-17
OPTSTK,DHFL,27-Apr-17,240,CE,0,0,0,55.45,159.65,0,0,0,0,17-Apr-17
OPTSTK,DHFL,27-Apr-17,250,CE,0,0,0,48.2,149.65,0,0,0,0,17-Apr-17
OPTSTK,DHFL,27-Apr-17,260,CE,0,0,0,41.5,139.65,0,0,0,0,17-Apr-17
OPTSTK,DHFL,27-Apr-17,270,CE,0,0,0,35.5,129.7,0,0,0,0,17-Apr-17
OPTSTK,DHFL,27-Apr-17,280,CE,0,0,0,30.1,119.7,0,0,0,0,17-Apr-17
OPTSTK,DHFL,27-Apr-17,290,CE,0,0,0,25.3,109.7,0,0,0,0,17-Apr-17
OPTSTK,DHFL,27-Apr-17,300,CE,0,0,0,67,99.75,0,0,12000,0,17-Apr-17
OPTSTK,DHFL,27-Apr-17,310,CE,0,0,0,56.9,89.75,0,0,6000,0,17-Apr-17
OPTSTK,DHFL,27-Apr-17,320,CE,0,0,0,45.1,79.8,0,0,3000,0,17-Apr-17
OPTSTK,DHFL,27-Apr-17,330,CE,0,0,0,56,69.8,0,0,9000,0,17-Apr-17
OPTSTK,DHFL,27-Apr-17,340,CE,0,0,0,49.05,59.8,0,0,18000,0,17-Apr-17
OPTSTK,DHFL,27-Apr-17,350,CE,0,0,0,40.05,49.9,0,0,18000,0,17-Apr-17
OPTSTK,DHFL,27-Apr-17,360,CE,32,42.45,32,41.25,41.25,4,47.59,72000,-3000,17-Apr-17
OPTSTK,DHFL,27-Apr-17,370,CE,23.5,34,20.7,29.15,29.15,137,1627.8,378000,-165000,17-Apr-17
OPTSTK,DHFL,27-Apr-17,380,CE,13.3,24.45,13,22.35,22.35,28,335.38,171000,-33000,17-Apr-17
OPTSTK,DHFL,27-Apr-17,390,CE,9.2,17.35,7.4,13.5,13.5,477,5738.82,651000,102000,17-Apr-17
OPTSTK,DHFL,27-Apr-17,400,CE,4.95,11.15,3.85,9.05,9.05,977,11936.44,612000,-300000,17-Apr-17
OPTSTK,DHFL,27-Apr-17,410,CE,2.25,6.45,1.75,5.3,5.3,569,7076.64,453000,-15000,17-Apr-17
OPTSTK,DHFL,27-Apr-17,420,CE,1,3.4,0.75,2.75,2.75,333,4218.73,486000,63000,17-Apr-17
OPTSTK,DHFL,27-Apr-17,430,CE,0.4,2.6,0.4,1.5,1.5,109,1410.31,261000,105000,17-Apr-17
OPTSTK,DHFL,27-Apr-17,440,CE,0.1,0.8,0.1,0.6,0.6,119,1572.68,291000,153000,17-Apr-17
OPTSTK,DHFL,27-Apr-17,450,CE,0.4,0.4,0.4,0.4,0.4,1,13.51,3000,3000,17-Apr-17
OPTSTK,DHFL,27-Apr-17,460,CE,0,0,0,1.1,0.05,0,0,0,0,17-Apr-17
OPTSTK,DHFL,27-Apr-17,190,PE,0,0,0,0.6,0,0,0,0,0,17-Apr-17
OPTSTK,DHFL,27-Apr-17,200,PE,0,0,0,1.1,0,0,0,0,0,17-Apr-17
OPTSTK,DHFL,27-Apr-17,210,PE,0,0,0,1.85,0,0,0,0,0,17-Apr-17
OPTSTK,DHFL,27-Apr-17,220,PE,0,0,0,2.95,0,0,0,0,0,17-Apr-17
OPTSTK,DHFL,27-Apr-17,230,PE,0,0,0,4.45,0,0,0,0,0,17-Apr-17
OPTSTK,DHFL,27-Apr-17,240,PE,0,0,0,6.45,0,0,0,0,0,17-Apr-17
OPTSTK,DHFL,27-Apr-17,250,PE,0,0,0,9.05,0,0,0,0,0,17-Apr-17
OPTSTK,DHFL,27-Apr-17,260,PE,0,0,0,12.2,0,0,0,0,0,17-Apr-17
OPTSTK,DHFL,27-Apr-17,270,PE,0,0,0,16,0,0,0,0,0,17-Apr-17
OPTSTK,DHFL,27-Apr-17,280,PE,0,0,0,20.45,0,0,0,0,0,17-Apr-17
OPTSTK,DHFL,27-Apr-17,290,PE,0,0,0,25.5,0,0,0,0,0,17-Apr-17
OPTSTK,DHFL,27-Apr-17,300,PE,0,0,0,31.15,0,0,0,0,0,17-Apr-17
OPTSTK,DHFL,27-Apr-17,310,PE,0,0,0,3.15,0,0,0,3000,0,17-Apr-17
OPTSTK,DHFL,27-Apr-17,320,PE,0,0,0,0.35,0,0,0,6000,0,17-Apr-17
OPTSTK,DHFL,27-Apr-17,330,PE,0,0,0,0.3,0,0,0,72000,0,17-Apr-17
OPTSTK,DHFL,27-Apr-17,340,PE,0.25,0.25,0.15,0.2,0.2,16,163.3,105000,-6000,17-Apr-17
OPTSTK,DHFL,27-Apr-17,350,PE,0.35,0.35,0.2,0.2,0.2,10,105.08,180000,-12000,17-Apr-17
OPTSTK,DHFL,27-Apr-17,360,PE,1,1,0.3,0.4,0.4,48,519.26,327000,-27000,17-Apr-17
OPTSTK,DHFL,27-Apr-17,370,PE,2.4,2.8,0.75,1,1,119,1326.15,306000,-3000,17-Apr-17
OPTSTK,DHFL,27-Apr-17,380,PE,4.85,5.65,1.95,2.25,2.25,185,2126.67,366000,-24000,17-Apr-17
OPTSTK,DHFL,27-Apr-17,390,PE,8.75,9.8,3.95,4.75,4.75,162,1924.92,195000,33000,17-Apr-17
OPTSTK,DHFL,27-Apr-17,400,PE,14.5,14.5,7.6,8.7,8.7,152,1865.32,318000,-183000,17-Apr-17
OPTSTK,DHFL,27-Apr-17,410,PE,16.2,16.2,13,13.35,13.35,79,1003.3,189000,-93000,17-Apr-17
OPTSTK,DHFL,27-Apr-17,420,PE,0,0,0,30.7,22.4,0,0,252000,0,17-Apr-17
OPTSTK,DHFL,27-Apr-17,430,PE,0,0,0,41.5,31.05,0,0,222000,0,17-Apr-17
OPTSTK,DHFL,27-Apr-17,440,PE,44.2,44.8,44.2,44.7,44.7,30,436.02,267000,90000,17-Apr-17
OPTSTK,DHFL,27-Apr-17,450,PE,49,49.3,46,47,47,136,2027.66,408000,408000,17-Apr-17
OPTSTK,DHFL,27-Apr-17,460,PE,0,0,0,100,60.05,0,0,0,0,17-Apr-17
OPTSTK,DHFL,25-May-17,230,CE,0,0,0,106,170.75,0,0,0,0,17-Apr-17
OPTSTK,DHFL,25-May-17,240,CE,0,0,0,96.85,160.85,0,0,0,0,17-Apr-17
OPTSTK,DHFL,25-May-17,250,CE,0,0,0,88,150.9,0,0,0,0,17-Apr-17
OPTSTK,DHFL,25-May-17,260,CE,0,0,0,79.5,140.95,0,0,0,0,17-Apr-17
OPTSTK,DHFL,25-May-17,270,CE,0,0,0,71.4,131.05,0,0,0,0,17-Apr-17
OPTSTK,DHFL,25-May-17,280,CE,0,0,0,63.75,121.1,0,0,0,0,17-Apr-17
OPTSTK,DHFL,25-May-17,290,CE,0,0,0,56.6,111.2,0,0,0,0,17-Apr-17
OPTSTK,DHFL,25-May-17,300,CE,0,0,0,49.9,101.3,0,0,0,0,17-Apr-17
OPTSTK,DHFL,25-May-17,310,CE,0,0,0,43.75,91.4,0,0,0,0,17-Apr-17
OPTSTK,DHFL,25-May-17,320,CE,0,0,0,38.15,81.6,0,0,0,0,17-Apr-17
OPTSTK,DHFL,25-May-17,330,CE,0,0,0,33.1,71.95,0,0,0,0,17-Apr-17
OPTSTK,DHFL,25-May-17,340,CE,0,0,0,28.55,62.5,0,0,0,0,17-Apr-17
OPTSTK,DHFL,25-May-17,350,CE,0,0,0,24.5,53.45,0,0,0,0,17-Apr-17
OPTSTK,DHFL,25-May-17,360,CE,0,0,0,20.95,44.85,0,0,0,0,17-Apr-17
OPTSTK,DHFL,25-May-17,370,CE,0,0,0,17.8,36.9,0,0,0,0,17-Apr-17
OPTSTK,DHFL,25-May-17,380,CE,0,0,0,19.5,29.7,0,0,3000,0,17-Apr-17
OPTSTK,DHFL,25-May-17,390,CE,20,20,20,20,20,1,12.3,6000,-3000,17-Apr-17
OPTSTK,DHFL,25-May-17,400,CE,16.8,19.3,16.8,17.15,17.15,15,187.7,63000,39000,17-Apr-17
OPTSTK,DHFL,25-May-17,410,CE,11.25,12.75,11.25,12.45,12.45,9,114.05,18000,15000,17-Apr-17
OPTSTK,DHFL,25-May-17,420,CE,0,0,0,6.4,9.9,0,0,3000,0,17-Apr-17
OPTSTK,DHFL,25-May-17,430,CE,7,7,7,7,7,1,13.11,3000,0,17-Apr-17
OPTSTK,DHFL,25-May-17,440,CE,4.2,5.7,4.2,5.2,5.2,3,40.06,6000,6000,17-Apr-17
OPTSTK,DHFL,25-May-17,450,CE,3.95,3.95,3.95,3.95,3.95,1,13.61,3000,3000,17-Apr-17
OPTSTK,DHFL,25-May-17,460,CE,0,0,0,3.5,2.3,0,0,0,0,17-Apr-17
OPTSTK,DHFL,25-May-17,230,PE,0,0,0,1.25,0,0,0,0,0,17-Apr-17
OPTSTK,DHFL,25-May-17,240,PE,0,0,0,2,0,0,0,0,0,17-Apr-17
OPTSTK,DHFL,25-May-17,250,PE,0,0,0,3,0,0,0,0,0,17-Apr-17
OPTSTK,DHFL,25-May-17,260,PE,0,0,0,4.35,0,0,0,0,0,17-Apr-17
OPTSTK,DHFL,25-May-17,270,PE,0,0,0,6.1,0,0,0,0,0,17-Apr-17
OPTSTK,DHFL,25-May-17,280,PE,0,0,0,8.25,0,0,0,0,0,17-Apr-17
OPTSTK,DHFL,25-May-17,290,PE,0,0,0,10.95,0.05,0,0,0,0,17-Apr-17
OPTSTK,DHFL,25-May-17,300,PE,0,0,0,14.1,0.05,0,0,0,0,17-Apr-17
OPTSTK,DHFL,25-May-17,310,PE,0,0,0,17.8,0.1,0,0,0,0,17-Apr-17
OPTSTK,DHFL,25-May-17,320,PE,0,0,0,22.05,0.25,0,0,0,0,17-Apr-17
OPTSTK,DHFL,25-May-17,330,PE,0,0,0,1,0.5,0,0,6000,0,17-Apr-17
OPTSTK,DHFL,25-May-17,340,PE,0,0,0,32.1,1,0,0,0,0,17-Apr-17
OPTSTK,DHFL,25-May-17,350,PE,0,0,0,37.9,1.85,0,0,0,0,17-Apr-17
OPTSTK,DHFL,25-May-17,360,PE,2.9,2.9,2.9,2.9,2.9,1,10.88,3000,3000,17-Apr-17
OPTSTK,DHFL,25-May-17,370,PE,0,0,0,50.9,5.2,0,0,0,0,17-Apr-17
OPTSTK,DHFL,25-May-17,380,PE,7.5,7.5,7.5,7.5,7.5,1,11.62,3000,3000,17-Apr-17
OPTSTK,DHFL,25-May-17,390,PE,0,0,0,16,11.55,0,0,18000,0,17-Apr-17
OPTSTK,DHFL,25-May-17,400,PE,20.5,20.5,16,16.85,16.85,14,175.42,30000,30000,17-Apr-17
OPTSTK,DHFL,25-May-17,410,PE,26.05,26.05,21,21.75,21.75,8,104.13,0,0,17-Apr-17
OPTSTK,DHFL,25-May-17,420,PE,0,0,0,89.75,27.9,0,0,0,0,17-Apr-17
OPTSTK,DHFL,25-May-17,430,PE,0,0,0,98.35,35,0,0,0,0,17-Apr-17
OPTSTK,DHFL,25-May-17,440,PE,0,0,0,94.95,42.8,0,0,0,0,17-Apr-17
OPTSTK,DHFL,25-May-17,450,PE,0,0,0,98.1,51.2,0,0,0,0,17-Apr-17
OPTSTK,DHFL,25-May-17,460,PE,0,0,0,100.15,60,0,0,0,0,17-Apr-17
OPTSTK,DHFL,29-Jun-17,230,CE,0,0,0,138.05,172.2,0,0,0,0,17-Apr-17
OPTSTK,DHFL,29-Jun-17,240,CE,0,0,0,128.25,162.3,0,0,0,0,17-Apr-17
OPTSTK,DHFL,29-Jun-17,250,CE,0,0,0,118.5,152.45,0,0,0,0,17-Apr-17
OPTSTK,DHFL,29-Jun-17,260,CE,0,0,0,108.8,142.6,0,0,0,0,17-Apr-17
OPTSTK,DHFL,29-Jun-17,270,CE,0,0,0,99.2,132.75,0,0,0,0,17-Apr-17
OPTSTK,DHFL,29-Jun-17,280,CE,0,0,0,89.8,122.95,0,0,0,0,17-Apr-17
OPTSTK,DHFL,29-Jun-17,290,CE,0,0,0,80.65,113.2,0,0,0,0,17-Apr-17
OPTSTK,DHFL,29-Jun-17,300,CE,0,0,0,71.75,103.5,0,0,0,0,17-Apr-17
OPTSTK,DHFL,29-Jun-17,310,CE,0,0,0,63.25,94,0,0,0,0,17-Apr-17
OPTSTK,DHFL,29-Jun-17,320,CE,0,0,0,55.25,84.65,0,0,0,0,17-Apr-17
OPTSTK,DHFL,29-Jun-17,330,CE,0,0,0,47.8,75.6,0,0,0,0,17-Apr-17
OPTSTK,DHFL,29-Jun-17,340,CE,0,0,0,40.9,66.85,0,0,0,0,17-Apr-17
OPTSTK,DHFL,29-Jun-17,350,CE,0,0,0,34.65,58.55,0,0,0,0,17-Apr-17
OPTSTK,DHFL,29-Jun-17,360,CE,0,0,0,29.05,50.8,0,0,0,0,17-Apr-17
OPTSTK,DHFL,29-Jun-17,370,CE,0,0,0,24.1,43.55,0,0,0,0,17-Apr-17
OPTSTK,DHFL,29-Jun-17,380,CE,0,0,0,19.8,36.95,0,0,0,0,17-Apr-17
OPTSTK,DHFL,29-Jun-17,390,CE,0,0,0,16.1,31,0,0,0,0,17-Apr-17
OPTSTK,DHFL,29-Jun-17,400,CE,0,0,0,13,25.75,0,0,0,0,17-Apr-17
OPTSTK,DHFL,29-Jun-17,410,CE,0,0,0,10.4,21.15,0,0,0,0,17-Apr-17
OPTSTK,DHFL,29-Jun-17,420,CE,0,0,0,8.2,17.15,0,0,0,0,17-Apr-17
OPTSTK,DHFL,29-Jun-17,430,CE,0,0,0,6.45,13.8,0,0,0,0,17-Apr-17
OPTSTK,DHFL,29-Jun-17,440,CE,0,0,0,5,10.95,0,0,0,0,17-Apr-17
OPTSTK,DHFL,29-Jun-17,450,CE,0,0,0,3.9,8.65,0,0,0,0,17-Apr-17
OPTSTK,DHFL,29-Jun-17,460,CE,0,0,0,3,6.75,0,0,0,0,17-Apr-17
OPTSTK,DHFL,29-Jun-17,230,PE,0,0,0,0.05,0,0,0,0,0,17-Apr-17
OPTSTK,DHFL,29-Jun-17,240,PE,0,0,0,0.1,0,0,0,0,0,17-Apr-17
OPTSTK,DHFL,29-Jun-17,250,PE,0,0,0,0.15,0.05,0,0,0,0,17-Apr-17
OPTSTK,DHFL,29-Jun-17,260,PE,0,0,0,0.3,0.05,0,0,0,0,17-Apr-17
OPTSTK,DHFL,29-Jun-17,270,PE,0,0,0,0.55,0.05,0,0,0,0,17-Apr-17
OPTSTK,DHFL,29-Jun-17,280,PE,0,0,0,1,0.15,0,0,0,0,17-Apr-17
OPTSTK,DHFL,29-Jun-17,290,PE,0,0,0,1.65,0.25,0,0,0,0,17-Apr-17
OPTSTK,DHFL,29-Jun-17,300,PE,0,0,0,2.6,0.45,0,0,0,0,17-Apr-17
OPTSTK,DHFL,29-Jun-17,310,PE,0,0,0,3.95,0.8,0,0,0,0,17-Apr-17
OPTSTK,DHFL,29-Jun-17,320,PE,0,0,0,5.8,1.3,0,0,0,0,17-Apr-17
OPTSTK,DHFL,29-Jun-17,330,PE,0,0,0,8.15,2.1,0,0,0,0,17-Apr-17
OPTSTK,DHFL,29-Jun-17,340,PE,0,0,0,11.05,3.25,0,0,0,0,17-Apr-17
OPTSTK,DHFL,29-Jun-17,350,PE,0,0,0,14.65,4.85,0,0,0,0,17-Apr-17
OPTSTK,DHFL,29-Jun-17,360,PE,0,0,0,18.9,6.95,0,0,0,0,17-Apr-17
OPTSTK,DHFL,29-Jun-17,370,PE,0,0,0,23.8,9.6,0,0,0,0,17-Apr-17
OPTSTK,DHFL,29-Jun-17,380,PE,0,0,0,29.35,12.85,0,0,0,0,17-Apr-17
OPTSTK,DHFL,29-Jun-17,390,PE,0,0,0,35.5,16.8,0,0,0,0,17-Apr-17
OPTSTK,DHFL,29-Jun-17,400,PE,0,0,0,42.2,21.4,0,0,0,0,17-Apr-17
OPTSTK,DHFL,29-Jun-17,410,PE,0,0,0,49.4,26.65,0,0,0,0,17-Apr-17
OPTSTK,DHFL,29-Jun-17,420,PE,0,0,0,57.1,32.55,0,0,0,0,17-Apr-17
OPTSTK,DHFL,29-Jun-17,430,PE,0,0,0,65.15,39.05,0,0,0,0,17-Apr-17
OPTSTK,DHFL,29-Jun-17,440,PE,0,0,0,73.55,46.1,0,0,0,0,17-Apr-17
OPTSTK,DHFL,29-Jun-17,450,PE,0,0,0,82.25,53.65,0,0,0,0,17-Apr-17
OPTSTK,DHFL,29-Jun-17,460,PE,0,0,0,91.2,61.6,0,0,0,0,17-Apr-17
OPTSTK,DISHTV,27-Apr-17,57.5,CE,0,0,0,30.25,42.85,0,0,0,0,17-Apr-17
OPTSTK,DISHTV,27-Apr-17,60,CE,0,0,0,27.8,40.35,0,0,0,0,17-Apr-17
OPTSTK,DISHTV,27-Apr-17,62.5,CE,0,0,0,25.35,37.9,0,0,0,0,17-Apr-17
OPTSTK,DISHTV,27-Apr-17,65,CE,0,0,0,22.95,35.4,0,0,0,0,17-Apr-17
OPTSTK,DISHTV,27-Apr-17,67.5,CE,0,0,0,20.5,32.9,0,0,0,0,17-Apr-17
OPTSTK,DISHTV,27-Apr-17,70,CE,0,0,0,18.15,30.4,0,0,0,0,17-Apr-17
OPTSTK,DISHTV,27-Apr-17,72.5,CE,0,0,0,15.85,27.9,0,0,0,0,17-Apr-17
OPTSTK,DISHTV,27-Apr-17,75,CE,0,0,0,13.65,25.4,0,0,0,0,17-Apr-17
OPTSTK,DISHTV,27-Apr-17,77.5,CE,0,0,0,11.6,22.9,0,0,0,0,17-Apr-17
OPTSTK,DISHTV,27-Apr-17,80,CE,0,0,0,9.7,20.4,0,0,0,0,17-Apr-17
OPTSTK,DISHTV,27-Apr-17,82.5,CE,0,0,0,7.95,17.9,0,0,0,0,17-Apr-17
OPTSTK,DISHTV,27-Apr-17,85,CE,0,0,0,6.4,15.4,0,0,0,0,17-Apr-17
OPTSTK,DISHTV,27-Apr-17,87.5,CE,0,0,0,16.35,12.95,0,0,14000,0,17-Apr-17
OPTSTK,DISHTV,27-Apr-17,90,CE,0,0,0,12.2,10.5,0,0,14000,0,17-Apr-17
OPTSTK,DISHTV,27-Apr-17,92.5,CE,0,0,0,3.05,8.15,0,0,0,0,17-Apr-17
OPTSTK,DISHTV,27-Apr-17,95,CE,6.2,6.2,6.2,6.2,6.2,2,14.16,98000,0,17-Apr-17
OPTSTK,DISHTV,27-Apr-17,97.5,CE,5.25,5.25,4.2,4.2,4.2,3,21.45,28000,0,17-Apr-17
OPTSTK,DISHTV,27-Apr-17,100,CE,3.1,3.35,2.8,2.95,2.95,32,230.77,1512000,42000,17-Apr-17
OPTSTK,DISHTV,27-Apr-17,102.5,CE,2.2,2.2,1.6,1.7,1.7,35,255.64,560000,-21000,17-Apr-17
OPTSTK,DISHTV,27-Apr-17,105,CE,1.25,1.25,0.8,0.9,0.9,95,705.11,2142000,-35000,17-Apr-17
OPTSTK,DISHTV,27-Apr-17,107.5,CE,0.75,0.75,0.55,0.65,0.65,9,68.14,896000,7000,17-Apr-17
OPTSTK,DISHTV,27-Apr-17,110,CE,0.35,0.4,0.3,0.3,0.3,28,216.27,2352000,-63000,17-Apr-17
OPTSTK,DISHTV,27-Apr-17,112.5,CE,0,0,0,0.3,0.1,0,0,126000,0,17-Apr-17
OPTSTK,DISHTV,27-Apr-17,115,CE,0.2,0.2,0.2,0.2,0.2,2,16.12,812000,0,17-Apr-17
OPTSTK,DISHTV,27-Apr-17,117.5,CE,0.1,0.1,0.1,0.1,0.1,1,8.23,63000,0,17-Apr-17
OPTSTK,DISHTV,27-Apr-17,120,CE,0.1,0.1,0.1,0.1,0.1,1,8.4,672000,7000,17-Apr-17
OPTSTK,DISHTV,27-Apr-17,122.5,CE,0,0,0,0.4,0,0,0,7000,0,17-Apr-17
OPTSTK,DISHTV,27-Apr-17,125,CE,0,0,0,0.05,0,0,0,112000,0,17-Apr-17
OPTSTK,DISHTV,27-Apr-17,127.5,CE,0,0,0,0.4,0,0,0,21000,0,17-Apr-17
OPTSTK,DISHTV,27-Apr-17,130,CE,0,0,0,0.1,0,0,0,42000,0,17-Apr-17
OPTSTK,DISHTV,27-Apr-17,57.5,PE,0,0,0,0.05,0,0,0,0,0,17-Apr-17
OPTSTK,DISHTV,27-Apr-17,60,PE,0,0,0,0.05,0,0,0,0,0,17-Apr-17
OPTSTK,DISHTV,27-Apr-17,62.5,PE,0,0,0,0.05,0,0,0,0,0,17-Apr-17
OPTSTK,DISHTV,27-Apr-17,65,PE,0,0,0,0.05,0,0,0,0,0,17-Apr-17
OPTSTK,DISHTV,27-Apr-17,67.5,PE,0,0,0,0.1,0,0,0,0,0,17-Apr-17
OPTSTK,DISHTV,27-Apr-17,70,PE,0,0,0,0.2,0,0,0,0,0,17-Apr-17
OPTSTK,DISHTV,27-Apr-17,72.5,PE,0,0,0,0.35,0,0,0,0,0,17-Apr-17
OPTSTK,DISHTV,27-Apr-17,75,PE,0,0,0,0.65,0,0,0,0,0,17-Apr-17
OPTSTK,DISHTV,27-Apr-17,77.5,PE,0,0,0,1,0,0,0,0,0,17-Apr-17
OPTSTK,DISHTV,27-Apr-17,80,PE,0.1,0.1,0.1,0.1,0.1,6,33.64,343000,0,17-Apr-17
OPTSTK,DISHTV,27-Apr-17,82.5,PE,0,0,0,0.2,0,0,0,14000,0,17-Apr-17
OPTSTK,DISHTV,27-Apr-17,85,PE,0.2,0.2,0.2,0.2,0.2,1,5.96,217000,0,17-Apr-17
OPTSTK,DISHTV,27-Apr-17,87.5,PE,0.2,0.2,0.2,0.2,0.2,3,18.41,217000,-21000,17-Apr-17
OPTSTK,DISHTV,27-Apr-17,90,PE,0.4,0.4,0.3,0.35,0.35,12,75.86,1022000,-63000,17-Apr-17
OPTSTK,DISHTV,27-Apr-17,92.5,PE,0.55,0.55,0.55,0.55,0.55,2,13.02,168000,7000,17-Apr-17
OPTSTK,DISHTV,27-Apr-17,95,PE,0.8,0.95,0.75,0.85,0.85,56,375.55,1379000,-133000,17-Apr-17
OPTSTK,DISHTV,27-Apr-17,97.5,PE,1.3,1.4,1.25,1.4,1.4,10,69.19,315000,-56000,17-Apr-17
OPTSTK,DISHTV,27-Apr-17,100,PE,2.1,2.4,1.9,2.15,2.15,114,814.87,1631000,-182000,17-Apr-17
OPTSTK,DISHTV,27-Apr-17,102.5,PE,3.15,3.25,3.15,3.25,3.25,3,22.19,161000,0,17-Apr-17
OPTSTK,DISHTV,27-Apr-17,105,PE,5,5.2,4.95,5.2,5.2,4,30.82,238000,-21000,17-Apr-17
OPTSTK,DISHTV,27-Apr-17,107.5,PE,0,0,0,9,7.45,0,0,56000,0,17-Apr-17
OPTSTK,DISHTV,27-Apr-17,110,PE,9.55,9.55,9.35,9.45,9.45,2,16.72,77000,0,17-Apr-17
OPTSTK,DISHTV,27-Apr-17,112.5,PE,0,0,0,24.05,12.15,0,0,0,0,17-Apr-17
OPTSTK,DISHTV,27-Apr-17,115,PE,0,0,0,11.6,14.6,0,0,35000,0,17-Apr-17
OPTSTK,DISHTV,27-Apr-17,117.5,PE,0,0,0,28.9,17.05,0,0,0,0,17-Apr-17
OPTSTK,DISHTV,27-Apr-17,120,PE,0,0,0,31.3,19.55,0,0,0,0,17-Apr-17
OPTSTK,DISHTV,27-Apr-17,122.5,PE,0,0,0,33.75,22.05,0,0,0,0,17-Apr-17
OPTSTK,DISHTV,27-Apr-17,125,PE,0,0,0,34.25,24.55,0,0,0,0,17-Apr-17
OPTSTK,DISHTV,27-Apr-17,127.5,PE,0,0,0,32.75,27.05,0,0,0,0,17-Apr-17
OPTSTK,DISHTV,27-Apr-17,130,PE,0,0,0,34.4,29.55,0,0,0,0,17-Apr-17
OPTSTK,DISHTV,25-May-17,57.5,CE,0,0,0,36.8,43.15,0,0,0,0,17-Apr-17
OPTSTK,DISHTV,25-May-17,60,CE,0,0,0,34.3,40.65,0,0,0,0,17-Apr-17
OPTSTK,DISHTV,25-May-17,62.5,CE,0,0,0,31.85,38.2,0,0,0,0,17-Apr-17
OPTSTK,DISHTV,25-May-17,65,CE,0,0,0,29.45,35.7,0,0,0,0,17-Apr-17
OPTSTK,DISHTV,25-May-17,67.5,CE,0,0,0,27,33.25,0,0,0,0,17-Apr-17
OPTSTK,DISHTV,25-May-17,70,CE,0,0,0,24.6,30.75,0,0,0,0,17-Apr-17
OPTSTK,DISHTV,25-May-17,72.5,CE,0,0,0,22.3,28.25,0,0,0,0,17-Apr-17
OPTSTK,DISHTV,25-May-17,75,CE,0,0,0,20,25.8,0,0,0,0,17-Apr-17
OPTSTK,DISHTV,25-May-17,77.5,CE,0,0,0,17.8,23.35,0,0,0,0,17-Apr-17
OPTSTK,DISHTV,25-May-17,80,CE,0,0,0,15.7,20.9,0,0,0,0,17-Apr-17
OPTSTK,DISHTV,25-May-17,82.5,CE,0,0,0,13.7,18.5,0,0,0,0,17-Apr-17
OPTSTK,DISHTV,25-May-17,85,CE,0,0,0,11.85,16.15,0,0,0,0,17-Apr-17
OPTSTK,DISHTV,25-May-17,87.5,CE,0,0,0,10.15,13.95,0,0,0,0,17-Apr-17
OPTSTK,DISHTV,25-May-17,90,CE,0,0,0,8.6,11.8,0,0,0,0,17-Apr-17
OPTSTK,DISHTV,25-May-17,92.5,CE,0,0,0,7.2,9.85,0,0,0,0,17-Apr-17
OPTSTK,DISHTV,25-May-17,95,CE,0,0,0,6,8.05,0,0,0,0,17-Apr-17
OPTSTK,DISHTV,25-May-17,97.5,CE,0,0,0,4.9,6.5,0,0,0,0,17-Apr-17
OPTSTK,DISHTV,25-May-17,100,CE,0,0,0,4,5.1,0,0,0,0,17-Apr-17
OPTSTK,DISHTV,25-May-17,102.5,CE,0,0,0,3.25,3.95,0,0,0,0,17-Apr-17
OPTSTK,DISHTV,25-May-17,105,CE,0,0,0,2.6,3,0,0,0,0,17-Apr-17
OPTSTK,DISHTV,25-May-17,107.5,CE,0,0,0,2.05,2.25,0,0,0,0,17-Apr-17
OPTSTK,DISHTV,25-May-17,110,CE,0,0,0,2.5,1.65,0,0,7000,0,17-Apr-17
OPTSTK,DISHTV,25-May-17,112.5,CE,0,0,0,1.25,1.15,0,0,0,0,17-Apr-17
OPTSTK,DISHTV,25-May-17,115,CE,0,0,0,1,0.85,0,0,0,0,17-Apr-17
OPTSTK,DISHTV,25-May-17,117.5,CE,0,0,0,0.75,0.6,0,0,0,0,17-Apr-17
OPTSTK,DISHTV,25-May-17,120,CE,0,0,0,0.6,0.4,0,0,0,0,17-Apr-17
OPTSTK,DISHTV,25-May-17,122.5,CE,0,0,0,0.45,0.25,0,0,0,0,17-Apr-17
OPTSTK,DISHTV,25-May-17,125,CE,0,0,0,0.35,0.2,0,0,0,0,17-Apr-17
OPTSTK,DISHTV,25-May-17,127.5,CE,0,0,0,0.25,0.15,0,0,0,0,17-Apr-17
OPTSTK,DISHTV,25-May-17,130,CE,0,0,0,0.3,0.1,0,0,0,0,17-Apr-17
OPTSTK,DISHTV,25-May-17,57.5,PE,0,0,0,0.05,0,0,0,0,0,17-Apr-17
OPTSTK,DISHTV,25-May-17,60,PE,0,0,0,0.05,0,0,0,0,0,17-Apr-17
OPTSTK,DISHTV,25-May-17,62.5,PE,0,0,0,0.05,0,0,0,0,0,17-Apr-17
OPTSTK,DISHTV,25-May-17,65,PE,0,0,0,0.05,0,0,0,0,0,17-Apr-17
OPTSTK,DISHTV,25-May-17,67.5,PE,0,0,0,0.1,0,0,0,0,0,17-Apr-17
OPTSTK,DISHTV,25-May-17,70,PE,0,0,0,0.15,0,0,0,0,0,17-Apr-17
OPTSTK,DISHTV,25-May-17,72.5,PE,0,0,0,0.3,0.05,0,0,0,0,17-Apr-17
OPTSTK,DISHTV,25-May-17,75,PE,0,0,0,0.45,0.05,0,0,0,0,17-Apr-17
OPTSTK,DISHTV,25-May-17,77.5,PE,0,0,0,0.7,0.05,0,0,0,0,17-Apr-17
OPTSTK,DISHTV,25-May-17,80,PE,0,0,0,1.05,0.1,0,0,0,0,17-Apr-17
OPTSTK,DISHTV,25-May-17,82.5,PE,0,0,0,1.55,0.2,0,0,0,0,17-Apr-17
OPTSTK,DISHTV,25-May-17,85,PE,0,0,0,2.15,0.35,0,0,0,0,17-Apr-17
OPTSTK,DISHTV,25-May-17,87.5,PE,0,0,0,2.9,0.6,0,0,0,0,17-Apr-17
OPTSTK,DISHTV,25-May-17,90,PE,1.5,1.5,1.5,1.5,1.5,1,6.4,63000,0,17-Apr-17
OPTSTK,DISHTV,25-May-17,92.5,PE,0,0,0,4.9,1.45,0,0,0,0,17-Apr-17
OPTSTK,DISHTV,25-May-17,95,PE,0,0,0,6.15,2.15,0,0,0,0,17-Apr-17
OPTSTK,DISHTV,25-May-17,97.5,PE,0,0,0,7.55,3.05,0,0,0,0,17-Apr-17
OPTSTK,DISHTV,25-May-17,100,PE,0,0,0,4,4.2,0,0,14000,0,17-Apr-17
OPTSTK,DISHTV,25-May-17,102.5,PE,0,0,0,10.75,5.5,0,0,0,0,17-Apr-17
OPTSTK,DISHTV,25-May-17,105,PE,0,0,0,12.6,7.05,0,0,0,0,17-Apr-17
OPTSTK,DISHTV,25-May-17,107.5,PE,0,0,0,14.5,8.75,0,0,0,0,17-Apr-17
OPTSTK,DISHTV,25-May-17,110,PE,0,0,0,16.55,10.65,0,0,0,0,17-Apr-17
OPTSTK,DISHTV,25-May-17,112.5,PE,0,0,0,18.65,12.65,0,0,0,0,17-Apr-17
OPTSTK,DISHTV,25-May-17,115,PE,0,0,0,20.8,14.8,0,0,0,0,17-Apr-17
OPTSTK,DISHTV,25-May-17,117.5,PE,0,0,0,23.05,17.05,0,0,0,0,17-Apr-17
OPTSTK,DISHTV,25-May-17,120,PE,0,0,0,25.35,19.35,0,0,0,0,17-Apr-17
OPTSTK,DISHTV,25-May-17,122.5,PE,0,0,0,27.65,21.7,0,0,0,0,17-Apr-17
OPTSTK,DISHTV,25-May-17,125,PE,0,0,0,30,24.1,0,0,0,0,17-Apr-17
OPTSTK,DISHTV,25-May-17,127.5,PE,0,0,0,32.4,26.5,0,0,0,0,17-Apr-17
OPTSTK,DISHTV,25-May-17,130,PE,0,0,0,32.8,28.95,0,0,0,0,17-Apr-17
OPTSTK,DISHTV,29-Jun-17,62.5,CE,0,0,0,47.1,38.6,0,0,0,0,17-Apr-17
OPTSTK,DISHTV,29-Jun-17,65,CE,0,0,0,44.65,36.1,0,0,0,0,17-Apr-17
OPTSTK,DISHTV,29-Jun-17,67.5,CE,0,0,0,42.2,33.65,0,0,0,0,17-Apr-17
OPTSTK,DISHTV,29-Jun-17,70,CE,0,0,0,39.75,31.2,0,0,0,0,17-Apr-17
OPTSTK,DISHTV,29-Jun-17,72.5,CE,0,0,0,37.3,28.8,0,0,0,0,17-Apr-17
OPTSTK,DISHTV,29-Jun-17,75,CE,0,0,0,34.85,26.4,0,0,0,0,17-Apr-17
OPTSTK,DISHTV,29-Jun-17,77.5,CE,0,0,0,32.45,24.05,0,0,0,0,17-Apr-17
OPTSTK,DISHTV,29-Jun-17,80,CE,0,0,0,30.05,21.75,0,0,0,0,17-Apr-17
OPTSTK,DISHTV,29-Jun-17,82.5,CE,0,0,0,27.7,19.5,0,0,0,0,17-Apr-17
OPTSTK,DISHTV,29-Jun-17,85,CE,0,0,0,25.4,17.35,0,0,0,0,17-Apr-17
OPTSTK,DISHTV,29-Jun-17,87.5,CE,0,0,0,23.15,15.3,0,0,0,0,17-Apr-17
OPTSTK,DISHTV,29-Jun-17,90,CE,0,0,0,20.95,13.4,0,0,0,0,17-Apr-17
OPTSTK,DISHTV,29-Jun-17,92.5,CE,0,0,0,18.85,11.65,0,0,0,0,17-Apr-17
OPTSTK,DISHTV,29-Jun-17,95,CE,0,0,0,16.9,10,0,0,0,0,17-Apr-17
OPTSTK,DISHTV,29-Jun-17,97.5,CE,0,0,0,15,8.5,0,0,0,0,17-Apr-17
OPTSTK,DISHTV,29-Jun-17,100,CE,0,0,0,13.25,7.2,0,0,0,0,17-Apr-17
OPTSTK,DISHTV,29-Jun-17,102.5,CE,0,0,0,5.55,6,0,0,7000,0,17-Apr-17
OPTSTK,DISHTV,29-Jun-17,105,CE,0,0,0,10.1,5,0,0,0,0,17-Apr-17
OPTSTK,DISHTV,29-Jun-17,107.5,CE,0,0,0,8.7,4.1,0,0,0,0,17-Apr-17
OPTSTK,DISHTV,29-Jun-17,110,CE,0,0,0,7.5,3.35,0,0,0,0,17-Apr-17
OPTSTK,DISHTV,29-Jun-17,112.5,CE,0,0,0,6.4,2.7,0,0,0,0,17-Apr-17
OPTSTK,DISHTV,29-Jun-17,115,CE,0,0,0,5.4,2.15,0,0,0,0,17-Apr-17
OPTSTK,DISHTV,29-Jun-17,117.5,CE,0,0,0,4.55,1.75,0,0,0,0,17-Apr-17
OPTSTK,DISHTV,29-Jun-17,120,CE,0,0,0,3.8,1.35,0,0,0,0,17-Apr-17
OPTSTK,DISHTV,29-Jun-17,122.5,CE,0,0,0,3.2,1.1,0,0,0,0,17-Apr-17
OPTSTK,DISHTV,29-Jun-17,125,CE,0,0,0,2.65,0.85,0,0,0,0,17-Apr-17
OPTSTK,DISHTV,29-Jun-17,127.5,CE,0,0,0,2.15,0.65,0,0,0,0,17-Apr-17
OPTSTK,DISHTV,29-Jun-17,130,CE,0,0,0,1.75,0.5,0,0,0,0,17-Apr-17
OPTSTK,DISHTV,29-Jun-17,62.5,PE,0,0,0,0.05,0,0,0,0,0,17-Apr-17
OPTSTK,DISHTV,29-Jun-17,65,PE,0,0,0,0.05,0.05,0,0,0,0,17-Apr-17
OPTSTK,DISHTV,29-Jun-17,67.5,PE,0,0,0,0.05,0.05,0,0,0,0,17-Apr-17
OPTSTK,DISHTV,29-Jun-17,70,PE,0,0,0,0.05,0.05,0,0,0,0,17-Apr-17
OPTSTK,DISHTV,29-Jun-17,72.5,PE,0,0,0,0.05,0.1,0,0,0,0,17-Apr-17
OPTSTK,DISHTV,29-Jun-17,75,PE,0,0,0,0.1,0.2,0,0,0,0,17-Apr-17
OPTSTK,DISHTV,29-Jun-17,77.5,PE,0,0,0,0.1,0.3,0,0,0,0,17-Apr-17
OPTSTK,DISHTV,29-Jun-17,80,PE,0,0,0,0.2,0.45,0,0,0,0,17-Apr-17
OPTSTK,DISHTV,29-Jun-17,82.5,PE,0,0,0,0.3,0.7,0,0,0,0,17-Apr-17
OPTSTK,DISHTV,29-Jun-17,85,PE,0,0,0,0.45,1,0,0,0,0,17-Apr-17
OPTSTK,DISHTV,29-Jun-17,87.5,PE,0,0,0,0.65,1.45,0,0,0,0,17-Apr-17
OPTSTK,DISHTV,29-Jun-17,90,PE,0,0,0,0.95,2,0,0,0,0,17-Apr-17
OPTSTK,DISHTV,29-Jun-17,92.5,PE,0,0,0,1.3,2.7,0,0,0,0,17-Apr-17
OPTSTK,DISHTV,29-Jun-17,95,PE,0,0,0,1.75,3.5,0,0,0,0,17-Apr-17
OPTSTK,DISHTV,29-Jun-17,97.5,PE,0,0,0,2.35,4.5,0,0,0,0,17-Apr-17
OPTSTK,DISHTV,29-Jun-17,100,PE,0,0,0,3.05,5.65,0,0,0,0,17-Apr-17
OPTSTK,DISHTV,29-Jun-17,102.5,PE,0,0,0,3.85,6.95,0,0,0,0,17-Apr-17
OPTSTK,DISHTV,29-Jun-17,105,PE,0,0,0,4.8,8.4,0,0,0,0,17-Apr-17
OPTSTK,DISHTV,29-Jun-17,107.5,PE,0,0,0,5.9,9.95,0,0,0,0,17-Apr-17
OPTSTK,DISHTV,29-Jun-17,110,PE,0,0,0,7.1,11.65,0,0,0,0,17-Apr-17
OPTSTK,DISHTV,29-Jun-17,112.5,PE,0,0,0,8.5,13.5,0,0,0,0,17-Apr-17
OPTSTK,DISHTV,29-Jun-17,115,PE,0,0,0,9.95,15.45,0,0,0,0,17-Apr-17
OPTSTK,DISHTV,29-Jun-17,117.5,PE,0,0,0,11.55,17.45,0,0,0,0,17-Apr-17
OPTSTK,DISHTV,29-Jun-17,120,PE,0,0,0,13.3,19.55,0,0,0,0,17-Apr-17
OPTSTK,DISHTV,29-Jun-17,122.5,PE,0,0,0,15.1,21.75,0,0,0,0,17-Apr-17
OPTSTK,DISHTV,29-Jun-17,125,PE,0,0,0,17,24,0,0,0,0,17-Apr-17
OPTSTK,DISHTV,29-Jun-17,127.5,PE,0,0,0,19,26.25,0,0,0,0,17-Apr-17
OPTSTK,DISHTV,29-Jun-17,130,PE,0,0,0,21.1,28.6,0,0,0,0,17-Apr-17
OPTSTK,DIVISLAB,27-Apr-17,350,CE,0,0,0,275.1,290.55,0,0,0,0,17-Apr-17
OPTSTK,DIVISLAB,27-Apr-17,400,CE,0,0,0,286.2,240.6,0,0,0,0,17-Apr-17
OPTSTK,DIVISLAB,27-Apr-17,420,CE,0,0,0,268.8,220.65,0,0,0,0,17-Apr-17
OPTSTK,DIVISLAB,27-Apr-17,440,CE,0,0,0,251.95,200.7,0,0,0,0,17-Apr-17
OPTSTK,DIVISLAB,27-Apr-17,450,CE,0,0,0,180.8,190.7,0,0,0,0,17-Apr-17
OPTSTK,DIVISLAB,27-Apr-17,460,CE,0,0,0,235.7,180.75,0,0,0,0,17-Apr-17
OPTSTK,DIVISLAB,27-Apr-17,480,CE,0,0,0,220.05,160.9,0,0,0,0,17-Apr-17
OPTSTK,DIVISLAB,27-Apr-17,500,CE,0,0,0,205.05,141.2,0,0,0,0,17-Apr-17
OPTSTK,DIVISLAB,27-Apr-17,520,CE,0,0,0,190.75,121.8,0,0,0,0,17-Apr-17
OPTSTK,DIVISLAB,27-Apr-17,540,CE,0,0,0,90.95,103.05,0,0,600,0,17-Apr-17
OPTSTK,DIVISLAB,27-Apr-17,550,CE,0,0,0,103.3,93.95,0,0,0,0,17-Apr-17
OPTSTK,DIVISLAB,27-Apr-17,560,CE,0,0,0,90,85.2,0,0,0,0,17-Apr-17
OPTSTK,DIVISLAB,27-Apr-17,580,CE,0,0,0,57,68.65,0,0,600,0,17-Apr-17
OPTSTK,DIVISLAB,27-Apr-17,600,CE,45.95,45.95,44.05,44.05,44.05,3,11.61,15600,-600,17-Apr-17
OPTSTK,DIVISLAB,27-Apr-17,620,CE,31,31,27.5,30,30,3,11.69,32400,600,17-Apr-17
OPTSTK,DIVISLAB,27-Apr-17,640,CE,20.6,23.35,15.4,16.85,16.85,103,406.55,221400,15600,17-Apr-17
OPTSTK,DIVISLAB,27-Apr-17,650,CE,15.65,18,11.5,13.15,13.15,24,95.68,40800,1200,17-Apr-17
OPTSTK,DIVISLAB,27-Apr-17,660,CE,13.45,14.15,9.1,9.65,9.65,275,1107.7,402000,19200,17-Apr-17
OPTSTK,DIVISLAB,27-Apr-17,680,CE,8,8,4.9,5.1,5.1,167,687.61,270600,-4200,17-Apr-17
OPTSTK,DIVISLAB,27-Apr-17,700,CE,5.35,5.35,3.35,3.6,3.6,232,980.08,651000,7800,17-Apr-17
OPTSTK,DIVISLAB,27-Apr-17,720,CE,2.3,2.75,2,2.25,2.25,32,138.67,108600,4800,17-Apr-17
OPTSTK,DIVISLAB,27-Apr-17,740,CE,3.45,3.45,1.15,1.2,1.2,41,182.39,69600,-3000,17-Apr-17
OPTSTK,DIVISLAB,27-Apr-17,750,CE,0,0,0,23.05,3.35,0,0,0,0,17-Apr-17
OPTSTK,DIVISLAB,27-Apr-17,760,CE,1.1,1.1,0.95,0.95,0.95,4,18.26,33000,1800,17-Apr-17
OPTSTK,DIVISLAB,27-Apr-17,780,CE,0.6,0.75,0.6,0.75,0.75,3,14.05,19200,-600,17-Apr-17
OPTSTK,DIVISLAB,27-Apr-17,800,CE,0.7,0.7,0.55,0.7,0.7,40,192.15,161400,-12000,17-Apr-17
OPTSTK,DIVISLAB,27-Apr-17,820,CE,0,0,0,2.35,0.55,0,0,1200,0,17-Apr-17
OPTSTK,DIVISLAB,27-Apr-17,840,CE,0,0,0,1.5,0.3,0,0,1200,0,17-Apr-17
OPTSTK,DIVISLAB,27-Apr-17,850,CE,0,0,0,9.45,0.25,0,0,0,0,17-Apr-17
OPTSTK,DIVISLAB,27-Apr-17,860,CE,0,0,0,15,0.2,0,0,1200,0,17-Apr-17
OPTSTK,DIVISLAB,27-Apr-17,880,CE,0,0,0,41.9,0.1,0,0,0,0,17-Apr-17
OPTSTK,DIVISLAB,27-Apr-17,900,CE,0.15,0.15,0.15,0.15,0.15,1,5.4,5400,-600,17-Apr-17
OPTSTK,DIVISLAB,27-Apr-17,920,CE,0,0,0,34.9,0.05,0,0,0,0,17-Apr-17
OPTSTK,DIVISLAB,27-Apr-17,940,CE,0,0,0,31.8,0.05,0,0,0,0,17-Apr-17
OPTSTK,DIVISLAB,27-Apr-17,950,CE,0,0,0,3.65,0.05,0,0,0,0,17-Apr-17
OPTSTK,DIVISLAB,27-Apr-17,960,CE,0,0,0,29,0.05,0,0,0,0,17-Apr-17
OPTSTK,DIVISLAB,27-Apr-17,980,CE,0,0,0,26.45,0,0,0,0,0,17-Apr-17
OPTSTK,DIVISLAB,27-Apr-17,1000,CE,0,0,0,24.1,0,0,0,0,0,17-Apr-17
OPTSTK,DIVISLAB,27-Apr-17,1020,CE,0,0,0,21.95,0,0,0,0,0,17-Apr-17
OPTSTK,DIVISLAB,27-Apr-17,1040,CE,0,0,0,20,0,0,0,0,0,17-Apr-17
OPTSTK,DIVISLAB,27-Apr-17,1050,CE,0,0,0,1.4,0,0,0,0,0,17-Apr-17
OPTSTK,DIVISLAB,27-Apr-17,1060,CE,0,0,0,18.2,0,0,0,0,0,17-Apr-17
OPTSTK,DIVISLAB,27-Apr-17,1080,CE,0,0,0,16.55,0,0,0,0,0,17-Apr-17
OPTSTK,DIVISLAB,27-Apr-17,350,PE,0,0,0,0.4,0,0,0,0,0,17-Apr-17
OPTSTK,DIVISLAB,27-Apr-17,400,PE,0,0,0,6.3,0,0,0,0,0,17-Apr-17
OPTSTK,DIVISLAB,27-Apr-17,420,PE,0,0,0,8.6,0,0,0,0,0,17-Apr-17
OPTSTK,DIVISLAB,27-Apr-17,440,PE,0,0,0,11.45,0.05,0,0,0,0,17-Apr-17
OPTSTK,DIVISLAB,27-Apr-17,450,PE,0,0,0,5.6,0.05,0,0,0,0,17-Apr-17
OPTSTK,DIVISLAB,27-Apr-17,460,PE,0,0,0,14.85,0.05,0,0,0,0,17-Apr-17
OPTSTK,DIVISLAB,27-Apr-17,480,PE,0,0,0,18.85,0.15,0,0,0,0,17-Apr-17
OPTSTK,DIVISLAB,27-Apr-17,500,PE,0,0,0,0.3,0.4,0,0,6600,0,17-Apr-17
OPTSTK,DIVISLAB,27-Apr-17,520,PE,1,1,1,1,1,1,3.12,4200,0,17-Apr-17
OPTSTK,DIVISLAB,27-Apr-17,540,PE,0.9,0.9,0.9,0.9,0.9,1,3.24,21600,-600,17-Apr-17
OPTSTK,DIVISLAB,27-Apr-17,550,PE,0,0,0,27.6,3.1,0,0,0,0,17-Apr-17
OPTSTK,DIVISLAB,27-Apr-17,560,PE,0,0,0,0.45,4.3,0,0,24000,0,17-Apr-17
OPTSTK,DIVISLAB,27-Apr-17,580,PE,0.75,1.45,0.75,1.3,1.3,8,27.9,52200,-1200,17-Apr-17
OPTSTK,DIVISLAB,27-Apr-17,600,PE,3.15,4,3.15,3.65,3.65,21,76.03,87600,-1200,17-Apr-17
OPTSTK,DIVISLAB,27-Apr-17,620,PE,5.6,8.2,5.2,7.15,7.15,19,71.49,69000,3000,17-Apr-17
OPTSTK,DIVISLAB,27-Apr-17,640,PE,11.45,16.6,10,14.75,14.75,47,184.45,107400,3000,17-Apr-17
OPTSTK,DIVISLAB,27-Apr-17,650,PE,15.7,23.3,15.7,20.25,20.25,13,52.22,33600,3000,17-Apr-17
OPTSTK,DIVISLAB,27-Apr-17,660,PE,22.9,30.8,22.9,29.05,29.05,14,57.81,39000,-3000,17-Apr-17
OPTSTK,DIVISLAB,27-Apr-17,680,PE,0,0,0,31,54,0,0,4200,0,17-Apr-17
OPTSTK,DIVISLAB,27-Apr-17,700,PE,0,0,0,50,69.1,0,0,7800,0,17-Apr-17
OPTSTK,DIVISLAB,27-Apr-17,720,PE,0,0,0,73.35,85.55,0,0,15600,0,17-Apr-17
OPTSTK,DIVISLAB,27-Apr-17,740,PE,0,0,0,89.7,103.1,0,0,4200,0,17-Apr-17
OPTSTK,DIVISLAB,27-Apr-17,750,PE,0,0,0,146.35,112.15,0,0,0,0,17-Apr-17
OPTSTK,DIVISLAB,27-Apr-17,760,PE,0,0,0,128,121.45,0,0,61800,0,17-Apr-17
OPTSTK,DIVISLAB,27-Apr-17,780,PE,0,0,0,126.2,140.35,0,0,600,0,17-Apr-17
OPTSTK,DIVISLAB,27-Apr-17,800,PE,0,0,0,140,159.65,0,0,600,0,17-Apr-17
OPTSTK,DIVISLAB,27-Apr-17,820,PE,0,0,0,188.2,179.25,0,0,0,0,17-Apr-17
OPTSTK,DIVISLAB,27-Apr-17,840,PE,0,0,0,203.15,198.95,0,0,0,0,17-Apr-17
OPTSTK,DIVISLAB,27-Apr-17,850,PE,0,0,0,232.3,208.85,0,0,0,0,17-Apr-17
OPTSTK,DIVISLAB,27-Apr-17,860,PE,0,0,0,218.45,218.8,0,0,0,0,17-Apr-17
OPTSTK,DIVISLAB,27-Apr-17,880,PE,0,0,0,234.15,238.7,0,0,0,0,17-Apr-17
OPTSTK,DIVISLAB,27-Apr-17,900,PE,0,0,0,263.8,258.6,0,0,1200,0,17-Apr-17
OPTSTK,DIVISLAB,27-Apr-17,920,PE,0,0,0,266.5,278.55,0,0,0,0,17-Apr-17
OPTSTK,DIVISLAB,27-Apr-17,940,PE,0,0,0,283.1,298.5,0,0,0,0,17-Apr-17
OPTSTK,DIVISLAB,27-Apr-17,950,PE,0,0,0,326,308.45,0,0,0,0,17-Apr-17
OPTSTK,DIVISLAB,27-Apr-17,960,PE,0,0,0,299.95,318.45,0,0,0,0,17-Apr-17
OPTSTK,DIVISLAB,27-Apr-17,980,PE,0,0,0,317.05,338.4,0,0,0,0,17-Apr-17
OPTSTK,DIVISLAB,27-Apr-17,1000,PE,0,0,0,368.5,358.4,0,0,1200,0,17-Apr-17
OPTSTK,DIVISLAB,27-Apr-17,1020,PE,0,0,0,351.9,378.35,0,0,0,0,17-Apr-17
OPTSTK,DIVISLAB,27-Apr-17,1040,PE,0,0,0,369.6,398.3,0,0,0,0,17-Apr-17
OPTSTK,DIVISLAB,27-Apr-17,1050,PE,0,0,0,423.2,408.3,0,0,0,0,17-Apr-17
OPTSTK,DIVISLAB,27-Apr-17,1060,PE,0,0,0,387.5,418.25,0,0,0,0,17-Apr-17
OPTSTK,DIVISLAB,27-Apr-17,1080,PE,0,0,0,405.55,438.25,0,0,0,0,17-Apr-17
OPTSTK,DIVISLAB,25-May-17,350,CE,0,0,0,279.7,292.4,0,0,0,0,17-Apr-17
OPTSTK,DIVISLAB,25-May-17,400,CE,0,0,0,356.15,243.35,0,0,0,0,17-Apr-17
OPTSTK,DIVISLAB,25-May-17,420,CE,0,0,0,336.75,224.1,0,0,0,0,17-Apr-17
OPTSTK,DIVISLAB,25-May-17,440,CE,0,0,0,317.45,205.25,0,0,0,0,17-Apr-17
OPTSTK,DIVISLAB,25-May-17,450,CE,0,0,0,194.2,195.95,0,0,0,0,17-Apr-17
OPTSTK,DIVISLAB,25-May-17,460,CE,0,0,0,298.35,186.8,0,0,0,0,17-Apr-17
OPTSTK,DIVISLAB,25-May-17,480,CE,0,0,0,279.5,168.95,0,0,0,0,17-Apr-17
OPTSTK,DIVISLAB,25-May-17,500,CE,0,0,0,261,151.85,0,0,0,0,17-Apr-17
OPTSTK,DIVISLAB,25-May-17,520,CE,0,0,0,242.9,135.6,0,0,0,0,17-Apr-17
OPTSTK,DIVISLAB,25-May-17,540,CE,0,0,0,225.3,120.3,0,0,0,0,17-Apr-17
OPTSTK,DIVISLAB,25-May-17,550,CE,0,0,0,126.5,113,0,0,0,0,17-Apr-17
OPTSTK,DIVISLAB,25-May-17,560,CE,0,0,0,208.2,106,0,0,0,0,17-Apr-17
OPTSTK,DIVISLAB,25-May-17,580,CE,0,0,0,191.75,92.75,0,0,0,0,17-Apr-17
OPTSTK,DIVISLAB,25-May-17,600,CE,0,0,0,67.15,80.7,0,0,600,0,17-Apr-17
OPTSTK,DIVISLAB,25-May-17,620,CE,0,0,0,57.5,69.75,0,0,13200,0,17-Apr-17
OPTSTK,DIVISLAB,25-May-17,640,CE,0,0,0,146.7,59.95,0,0,0,0,17-Apr-17
OPTSTK,DIVISLAB,25-May-17,650,CE,0,0,0,78.4,55.45,0,0,0,0,17-Apr-17
OPTSTK,DIVISLAB,25-May-17,660,CE,0,0,0,133.25,51.2,0,0,0,0,17-Apr-17
OPTSTK,DIVISLAB,25-May-17,680,CE,0,0,0,120.6,43.5,0,0,0,0,17-Apr-17
OPTSTK,DIVISLAB,25-May-17,700,CE,14,14,14,14,14,3,12.85,4800,1200,17-Apr-17
OPTSTK,DIVISLAB,25-May-17,720,CE,0,0,0,97.95,30.95,0,0,0,0,17-Apr-17
OPTSTK,DIVISLAB,25-May-17,740,CE,0,0,0,87.85,25.9,0,0,0,0,17-Apr-17
OPTSTK,DIVISLAB,25-May-17,750,CE,0,0,0,46.95,23.7,0,0,0,0,17-Apr-17
OPTSTK,DIVISLAB,25-May-17,760,CE,0,0,0,78.55,21.6,0,0,0,0,17-Apr-17
OPTSTK,DIVISLAB,25-May-17,780,CE,0,0,0,70.1,17.95,0,0,0,0,17-Apr-17
OPTSTK,DIVISLAB,25-May-17,800,CE,0,0,0,62.35,14.8,0,0,0,0,17-Apr-17
OPTSTK,DIVISLAB,25-May-17,820,CE,0,0,0,55.3,12.2,0,0,0,0,17-Apr-17
OPTSTK,DIVISLAB,25-May-17,840,CE,0,0,0,48.95,10,0,0,0,0,17-Apr-17
OPTSTK,DIVISLAB,25-May-17,850,CE,0,0,0,27.45,9.05,0,0,0,0,17-Apr-17
OPTSTK,DIVISLAB,25-May-17,860,CE,0,0,0,43.25,8.2,0,0,0,0,17-Apr-17
OPTSTK,DIVISLAB,25-May-17,880,CE,0,0,0,38.15,6.7,0,0,0,0,17-Apr-17
OPTSTK,DIVISLAB,25-May-17,900,CE,0,0,0,1,5.45,0,0,600,0,17-Apr-17
OPTSTK,DIVISLAB,25-May-17,920,CE,0,0,0,29.45,4.4,0,0,0,0,17-Apr-17
OPTSTK,DIVISLAB,25-May-17,940,CE,0,0,0,25.8,3.55,0,0,0,0,17-Apr-17
OPTSTK,DIVISLAB,25-May-17,950,CE,0,0,0,15.85,3.2,0,0,0,0,17-Apr-17
OPTSTK,DIVISLAB,25-May-17,960,CE,0,0,0,22.55,2.9,0,0,0,0,17-Apr-17
OPTSTK,DIVISLAB,25-May-17,980,CE,0,0,0,19.7,2.3,0,0,0,0,17-Apr-17
OPTSTK,DIVISLAB,25-May-17,1000,CE,0,0,0,17.2,1.85,0,0,0,0,17-Apr-17
OPTSTK,DIVISLAB,25-May-17,1020,CE,0,0,0,14.95,1.5,0,0,0,0,17-Apr-17
OPTSTK,DIVISLAB,25-May-17,1040,CE,0,0,0,13,1.2,0,0,0,0,17-Apr-17
OPTSTK,DIVISLAB,25-May-17,1050,CE,0,0,0,9.05,1.1,0,0,0,0,17-Apr-17
OPTSTK,DIVISLAB,25-May-17,1060,CE,0,0,0,11.3,0.95,0,0,0,0,17-Apr-17
OPTSTK,DIVISLAB,25-May-17,1080,CE,0,0,0,9.8,0.75,0,0,0,0,17-Apr-17
OPTSTK,DIVISLAB,25-May-17,350,PE,0,0,0,3.2,0.15,0,0,0,0,17-Apr-17
OPTSTK,DIVISLAB,25-May-17,400,PE,0,0,0,0.35,0.8,0,0,0,0,17-Apr-17
OPTSTK,DIVISLAB,25-May-17,420,PE,0,0,0,0.6,1.4,0,0,0,0,17-Apr-17
OPTSTK,DIVISLAB,25-May-17,440,PE,0,0,0,1,2.35,0,0,0,0,17-Apr-17
OPTSTK,DIVISLAB,25-May-17,450,PE,0,0,0,16.65,3,0,0,0,0,17-Apr-17
OPTSTK,DIVISLAB,25-May-17,460,PE,0,0,0,1.55,3.8,0,0,0,0,17-Apr-17
OPTSTK,DIVISLAB,25-May-17,480,PE,0,0,0,2.45,5.85,0,0,0,0,17-Apr-17
OPTSTK,DIVISLAB,25-May-17,500,PE,0,0,0,3.6,8.6,0,0,0,0,17-Apr-17
OPTSTK,DIVISLAB,25-May-17,520,PE,0,0,0,5.2,12.2,0,0,0,0,17-Apr-17
OPTSTK,DIVISLAB,25-May-17,540,PE,0,0,0,7.25,16.75,0,0,0,0,17-Apr-17
OPTSTK,DIVISLAB,25-May-17,550,PE,0,0,0,47.95,19.4,0,0,0,0,17-Apr-17
OPTSTK,DIVISLAB,25-May-17,560,PE,0,0,0,9.9,22.3,0,0,0,0,17-Apr-17
OPTSTK,DIVISLAB,25-May-17,580,PE,0,0,0,13.1,28.95,0,0,0,0,17-Apr-17
OPTSTK,DIVISLAB,25-May-17,600,PE,13,13,13,13,13,2,7.35,4200,1200,17-Apr-17
OPTSTK,DIVISLAB,25-May-17,620,PE,0,0,0,19,45.7,0,0,1800,0,17-Apr-17
OPTSTK,DIVISLAB,25-May-17,640,PE,26,34.75,26,34.75,34.75,2,8.04,1800,600,17-Apr-17
OPTSTK,DIVISLAB,25-May-17,650,PE,0,0,0,98.85,61.15,0,0,0,0,17-Apr-17
OPTSTK,DIVISLAB,25-May-17,660,PE,0,0,0,33.35,66.85,0,0,0,0,17-Apr-17
OPTSTK,DIVISLAB,25-May-17,680,PE,0,0,0,40.4,79.05,0,0,0,0,17-Apr-17
OPTSTK,DIVISLAB,25-May-17,700,PE,0,0,0,48.35,92.15,0,0,0,0,17-Apr-17
OPTSTK,DIVISLAB,25-May-17,720,PE,0,0,0,57.1,106.2,0,0,0,0,17-Apr-17
OPTSTK,DIVISLAB,25-May-17,740,PE,0,0,0,66.7,121.05,0,0,0,0,17-Apr-17
OPTSTK,DIVISLAB,25-May-17,750,PE,0,0,0,166.35,128.75,0,0,0,0,17-Apr-17
OPTSTK,DIVISLAB,25-May-17,760,PE,0,0,0,77.1,136.6,0,0,0,0,17-Apr-17
OPTSTK,DIVISLAB,25-May-17,780,PE,0,0,0,88.3,152.75,0,0,0,0,17-Apr-17
OPTSTK,DIVISLAB,25-May-17,800,PE,0,0,0,100.25,169.55,0,0,0,0,17-Apr-17
OPTSTK,DIVISLAB,25-May-17,820,PE,0,0,0,112.9,186.8,0,0,0,0,17-Apr-17
OPTSTK,DIVISLAB,25-May-17,840,PE,0,0,0,126.25,204.45,0,0,0,0,17-Apr-17
OPTSTK,DIVISLAB,25-May-17,850,PE,0,0,0,245.85,213.45,0,0,0,0,17-Apr-17
OPTSTK,DIVISLAB,25-May-17,860,PE,0,0,0,140.2,222.5,0,0,0,0,17-Apr-17
OPTSTK,DIVISLAB,25-May-17,880,PE,0,0,0,154.8,240.85,0,0,0,0,17-Apr-17
OPTSTK,DIVISLAB,25-May-17,900,PE,0,0,0,169.9,259.45,0,0,0,0,17-Apr-17
OPTSTK,DIVISLAB,25-May-17,920,PE,0,0,0,185.5,278.3,0,0,0,0,17-Apr-17
OPTSTK,DIVISLAB,25-May-17,940,PE,0,0,0,201.5,297.35,0,0,0,0,17-Apr-17
OPTSTK,DIVISLAB,25-May-17,950,PE,0,0,0,333.2,306.9,0,0,0,0,17-Apr-17
OPTSTK,DIVISLAB,25-May-17,960,PE,0,0,0,217.95,316.5,0,0,0,0,17-Apr-17
OPTSTK,DIVISLAB,25-May-17,980,PE,0,0,0,234.8,335.8,0,0,0,0,17-Apr-17
OPTSTK,DIVISLAB,25-May-17,1000,PE,0,0,0,251.95,355.2,0,0,0,0,17-Apr-17
OPTSTK,DIVISLAB,25-May-17,1020,PE,0,0,0,269.4,374.7,0,0,0,0,17-Apr-17
OPTSTK,DIVISLAB,25-May-17,1040,PE,0,0,0,287.15,394.3,0,0,0,0,17-Apr-17
OPTSTK,DIVISLAB,25-May-17,1050,PE,0,0,0,425.4,404.1,0,0,0,0,17-Apr-17
OPTSTK,DIVISLAB,25-May-17,1060,PE,0,0,0,305.1,413.9,0,0,0,0,17-Apr-17
OPTSTK,DIVISLAB,25-May-17,1080,PE,0,0,0,323.3,433.6,0,0,0,0,17-Apr-17
OPTSTK,DIVISLAB,29-Jun-17,350,CE,0,0,0,287.55,295.85,0,0,0,0,17-Apr-17
OPTSTK,DIVISLAB,29-Jun-17,400,CE,0,0,0,246.85,249.4,0,0,0,0,17-Apr-17
OPTSTK,DIVISLAB,29-Jun-17,450,CE,0,0,0,210.1,206,0,0,0,0,17-Apr-17
OPTSTK,DIVISLAB,29-Jun-17,500,CE,0,0,0,177.5,166.7,0,0,0,0,17-Apr-17
OPTSTK,DIVISLAB,29-Jun-17,550,CE,0,0,0,149.05,132.4,0,0,0,0,17-Apr-17
OPTSTK,DIVISLAB,29-Jun-17,600,CE,0,0,0,124.6,103.35,0,0,0,0,17-Apr-17
OPTSTK,DIVISLAB,29-Jun-17,650,CE,0,0,0,103.8,79.5,0,0,0,0,17-Apr-17
OPTSTK,DIVISLAB,29-Jun-17,700,CE,0,0,0,86.2,60.35,0,0,0,0,17-Apr-17
OPTSTK,DIVISLAB,29-Jun-17,750,CE,0,0,0,71.45,45.3,0,0,0,0,17-Apr-17
OPTSTK,DIVISLAB,29-Jun-17,800,CE,0,0,0,59.2,33.75,0,0,0,0,17-Apr-17
OPTSTK,DIVISLAB,29-Jun-17,850,CE,0,0,0,49,24.9,0,0,0,0,17-Apr-17
OPTSTK,DIVISLAB,29-Jun-17,900,CE,0,0,0,40.5,18.3,0,0,0,0,17-Apr-17
OPTSTK,DIVISLAB,29-Jun-17,950,CE,0,0,0,33.5,13.35,0,0,0,0,17-Apr-17
OPTSTK,DIVISLAB,29-Jun-17,1000,CE,0,0,0,27.7,9.7,0,0,0,0,17-Apr-17
OPTSTK,DIVISLAB,29-Jun-17,1050,CE,0,0,0,22.95,7.05,0,0,0,0,17-Apr-17
OPTSTK,DIVISLAB,29-Jun-17,350,PE,0,0,0,8.85,1.45,0,0,0,0,17-Apr-17
OPTSTK,DIVISLAB,29-Jun-17,400,PE,0,0,0,17.3,4.35,0,0,0,0,17-Apr-17
OPTSTK,DIVISLAB,29-Jun-17,450,PE,0,0,0,29.75,10.25,0,0,0,0,17-Apr-17
OPTSTK,DIVISLAB,29-Jun-17,500,PE,0,0,0,46.3,20.35,0,0,0,0,17-Apr-17
OPTSTK,DIVISLAB,29-Jun-17,550,PE,0,0,0,67.05,35.4,0,0,0,0,17-Apr-17
OPTSTK,DIVISLAB,29-Jun-17,600,PE,0,0,0,91.75,55.7,0,0,0,0,17-Apr-17
OPTSTK,DIVISLAB,29-Jun-17,650,PE,0,0,0,120.1,81.2,0,0,0,0,17-Apr-17
OPTSTK,DIVISLAB,29-Jun-17,700,PE,0,0,0,151.7,111.4,0,0,0,0,17-Apr-17
OPTSTK,DIVISLAB,29-Jun-17,750,PE,0,0,0,186.15,145.7,0,0,0,0,17-Apr-17
OPTSTK,DIVISLAB,29-Jun-17,800,PE,0,0,0,223.05,183.5,0,0,0,0,17-Apr-17
OPTSTK,DIVISLAB,29-Jun-17,850,PE,0,0,0,262,224.05,0,0,0,0,17-Apr-17
OPTSTK,DIVISLAB,29-Jun-17,900,PE,0,0,0,302.75,266.75,0,0,0,0,17-Apr-17
OPTSTK,DIVISLAB,29-Jun-17,950,PE,0,0,0,344.9,311.2,0,0,0,0,17-Apr-17
OPTSTK,DIVISLAB,29-Jun-17,1000,PE,0,0,0,388.25,356.9,0,0,0,0,17-Apr-17
OPTSTK,DIVISLAB,29-Jun-17,1050,PE,0,0,0,432.65,403.6,0,0,0,0,17-Apr-17
OPTSTK,DLF,27-Apr-17,85,CE,0,0,0,54.15,87.75,0,0,0,0,17-Apr-17
OPTSTK,DLF,27-Apr-17,90,CE,0,0,0,49.5,82.8,0,0,0,0,17-Apr-17
OPTSTK,DLF,27-Apr-17,95,CE,0,0,0,44.95,77.8,0,0,0,0,17-Apr-17
OPTSTK,DLF,27-Apr-17,100,CE,0,0,0,53.3,72.8,0,0,10000,0,17-Apr-17
OPTSTK,DLF,27-Apr-17,105,CE,0,0,0,44.5,67.8,0,0,10000,0,17-Apr-17
OPTSTK,DLF,27-Apr-17,110,CE,0,0,0,32.45,62.8,0,0,0,0,17-Apr-17
OPTSTK,DLF,27-Apr-17,115,CE,0,0,0,35,57.8,0,0,20000,0,17-Apr-17
OPTSTK,DLF,27-Apr-17,120,CE,0,0,0,33.45,52.85,0,0,25000,0,17-Apr-17
OPTSTK,DLF,27-Apr-17,125,CE,0,0,0,28.6,47.85,0,0,65000,0,17-Apr-17
OPTSTK,DLF,27-Apr-17,130,CE,0,0,0,30.95,42.85,0,0,65000,0,17-Apr-17
OPTSTK,DLF,27-Apr-17,135,CE,25.2,35.2,25.2,35.2,35.2,2,16.52,35000,0,17-Apr-17
OPTSTK,DLF,27-Apr-17,140,CE,23.2,33.5,23.2,33.3,33.3,7,58.59,65000,-5000,17-Apr-17
OPTSTK,DLF,27-Apr-17,145,CE,15.7,29,15.7,29,29,40,335,360000,-50000,17-Apr-17
OPTSTK,DLF,27-Apr-17,150,CE,11.3,24,11.2,23.1,23.1,88,743.58,1090000,-65000,17-Apr-17
OPTSTK,DLF,27-Apr-17,155,CE,7.1,19.5,6.15,19.2,19.2,276,2313.64,990000,-250000,17-Apr-17
OPTSTK,DLF,27-Apr-17,160,CE,4.75,15.45,3.45,14.45,14.45,1993,16737.99,2020000,-1975000,17-Apr-17
OPTSTK,DLF,27-Apr-17,165,CE,2.75,11.4,1.9,10.25,10.25,2442,20777.01,1795000,-585000,17-Apr-17
OPTSTK,DLF,27-Apr-17,170,CE,1.45,7.8,1,7.05,7.05,6068,52901.16,3530000,520000,17-Apr-17
OPTSTK,DLF,27-Apr-17,175,CE,0.75,5.25,0.55,4.7,4.7,3540,31528.36,2580000,805000,17-Apr-17
OPTSTK,DLF,27-Apr-17,180,CE,0.4,3.45,0.3,3,3,3326,30272.27,2135000,1470000,17-Apr-17
OPTSTK,DLF,27-Apr-17,185,CE,0.25,2.2,0.25,1.9,1.9,851,7928.41,745000,590000,17-Apr-17
OPTSTK,DLF,27-Apr-17,190,CE,0.2,1.4,0.2,1.2,1.2,748,7140.57,1025000,1005000,17-Apr-17
OPTSTK,DLF,27-Apr-17,195,CE,0.35,0.9,0.35,0.8,0.8,94,919.63,180000,180000,17-Apr-17
OPTSTK,DLF,27-Apr-17,200,CE,0.4,0.75,0.3,0.6,0.6,88,882.3,185000,185000,17-Apr-17
OPTSTK,DLF,27-Apr-17,85,PE,0,0,0,0.35,0,0,0,0,0,17-Apr-17
OPTSTK,DLF,27-Apr-17,90,PE,0,0,0,0.6,0,0,0,0,0,17-Apr-17
OPTSTK,DLF,27-Apr-17,95,PE,0,0,0,1,0,0,0,0,0,17-Apr-17
OPTSTK,DLF,27-Apr-17,100,PE,0,0,0,1.55,0,0,0,0,0,17-Apr-17
OPTSTK,DLF,27-Apr-17,105,PE,0,0,0,2.3,0,0,0,0,0,17-Apr-17
OPTSTK,DLF,27-Apr-17,110,PE,0,0,0,0.1,0,0,0,5000,0,17-Apr-17
OPTSTK,DLF,27-Apr-17,115,PE,0,0,0,4.45,0,0,0,0,0,17-Apr-17
OPTSTK,DLF,27-Apr-17,120,PE,0.05,0.05,0.05,0.05,0.05,2,12,125000,-10000,17-Apr-17
OPTSTK,DLF,27-Apr-17,125,PE,0.05,0.05,0.05,0.05,0.05,3,18.75,205000,-15000,17-Apr-17
OPTSTK,DLF,27-Apr-17,130,PE,0.25,0.3,0.05,0.05,0.05,19,123.6,505000,-10000,17-Apr-17
OPTSTK,DLF,27-Apr-17,135,PE,0.4,0.4,0.1,0.1,0.1,33,223.06,385000,-25000,17-Apr-17
OPTSTK,DLF,27-Apr-17,140,PE,0.5,0.5,0.1,0.15,0.15,203,1423.02,1070000,160000,17-Apr-17
OPTSTK,DLF,27-Apr-17,145,PE,0.7,0.7,0.2,0.2,0.2,313,2274.4,1300000,-115000,17-Apr-17
OPTSTK,DLF,27-Apr-17,150,PE,1.15,1.45,0.35,0.4,0.4,1157,8712.88,2870000,1090000,17-Apr-17
OPTSTK,DLF,27-Apr-17,155,PE,2.05,2.85,0.55,0.65,0.65,1393,10884.36,1960000,865000,17-Apr-17
OPTSTK,DLF,27-Apr-17,160,PE,3.95,5.2,1.05,1.2,1.2,3028,24536.32,3155000,1825000,17-Apr-17
OPTSTK,DLF,27-Apr-17,165,PE,6.55,7.6,1.75,2.1,2.1,1516,12748.08,2170000,1970000,17-Apr-17
OPTSTK,DLF,27-Apr-17,170,PE,11.2,11.2,3.3,3.75,3.75,959,8368.17,1420000,1365000,17-Apr-17
OPTSTK,DLF,27-Apr-17,175,PE,8.5,8.5,5.65,6.15,6.15,135,1224.99,525000,515000,17-Apr-17
OPTSTK,DLF,27-Apr-17,180,PE,20.45,20.45,8.35,9.25,9.25,16,154.45,40000,25000,17-Apr-17
OPTSTK,DLF,27-Apr-17,185,PE,0,0,0,47.7,13.95,0,0,0,0,17-Apr-17
OPTSTK,DLF,27-Apr-17,190,PE,20.95,20.95,20.95,20.95,20.95,1,10.54,5000,5000,17-Apr-17
OPTSTK,DLF,27-Apr-17,195,PE,0,0,0,51.55,22.65,0,0,0,0,17-Apr-17
OPTSTK,DLF,27-Apr-17,200,PE,0,0,0,50.8,27.35,0,0,0,0,17-Apr-17
OPTSTK,DLF,25-May-17,100,CE,0,0,0,50.95,73.3,0,0,0,0,17-Apr-17
OPTSTK,DLF,25-May-17,105,CE,0,0,0,46.4,68.35,0,0,0,0,17-Apr-17
OPTSTK,DLF,25-May-17,110,CE,0,0,0,41.95,63.4,0,0,0,0,17-Apr-17
OPTSTK,DLF,25-May-17,115,CE,0,0,0,37.7,58.45,0,0,0,0,17-Apr-17
OPTSTK,DLF,25-May-17,120,CE,0,0,0,33.7,53.55,0,0,0,0,17-Apr-17
OPTSTK,DLF,25-May-17,125,CE,0,0,0,29.9,48.65,0,0,0,0,17-Apr-17
OPTSTK,DLF,25-May-17,130,CE,0,0,0,26.35,43.9,0,0,0,0,17-Apr-17
OPTSTK,DLF,25-May-17,135,CE,0,0,0,23.05,39.25,0,0,0,0,17-Apr-17
OPTSTK,DLF,25-May-17,140,CE,26.5,28.6,26.5,28.6,28.6,3,25.15,15000,15000,17-Apr-17
OPTSTK,DLF,25-May-17,145,CE,22.35,24.5,22.35,24.5,24.5,4,33.69,20000,20000,17-Apr-17
OPTSTK,DLF,25-May-17,150,CE,19.9,19.9,19.9,19.9,19.9,1,8.49,5000,5000,17-Apr-17
OPTSTK,DLF,25-May-17,155,CE,15.5,16.75,15.5,16.75,16.75,3,25.68,10000,10000,17-Apr-17
OPTSTK,DLF,25-May-17,160,CE,9.5,12.3,9.5,12.3,12.3,7,59.71,20000,5000,17-Apr-17
OPTSTK,DLF,25-May-17,165,CE,8,14.2,8,14.2,14.2,7,61.57,25000,20000,17-Apr-17
OPTSTK,DLF,25-May-17,170,CE,5,11.95,5,11.2,11.2,122,1088.38,140000,130000,17-Apr-17
OPTSTK,DLF,25-May-17,175,CE,5.85,6.9,5.85,6.9,6.9,5,45.37,15000,15000,17-Apr-17
OPTSTK,DLF,25-May-17,180,CE,3.9,6.7,3.9,6.55,6.55,77,715.02,220000,175000,17-Apr-17
OPTSTK,DLF,25-May-17,185,CE,3.15,4.2,3.15,4.2,4.2,4,37.76,10000,10000,17-Apr-17
OPTSTK,DLF,25-May-17,190,CE,2.05,4.1,2.05,4.05,4.05,16,154.75,40000,40000,17-Apr-17
OPTSTK,DLF,25-May-17,195,CE,0,0,0,3.15,4.35,0,0,0,0,17-Apr-17
OPTSTK,DLF,25-May-17,200,CE,0,0,0,2.6,3.4,0,0,0,0,17-Apr-17
OPTSTK,DLF,25-May-17,100,PE,0,0,0,0.55,0,0,0,0,0,17-Apr-17
OPTSTK,DLF,25-May-17,105,PE,0,0,0,0.9,0.05,0,0,0,0,17-Apr-17
OPTSTK,DLF,25-May-17,110,PE,0,0,0,1.4,0.05,0,0,0,0,17-Apr-17
OPTSTK,DLF,25-May-17,115,PE,0,0,0,2.05,0.05,0,0,0,0,17-Apr-17
OPTSTK,DLF,25-May-17,120,PE,0,0,0,2.95,0.1,0,0,0,0,17-Apr-17
OPTSTK,DLF,25-May-17,125,PE,0,0,0,4.1,0.25,0,0,0,0,17-Apr-17
OPTSTK,DLF,25-May-17,130,PE,0,0,0,1.3,0.4,0,0,5000,0,17-Apr-17
OPTSTK,DLF,25-May-17,135,PE,0,0,0,7.1,0.7,0,0,0,0,17-Apr-17
OPTSTK,DLF,25-May-17,140,PE,0,0,0,9.05,1.15,0,0,0,0,17-Apr-17
OPTSTK,DLF,25-May-17,145,PE,0,0,0,11.25,1.85,0,0,0,0,17-Apr-17
OPTSTK,DLF,25-May-17,150,PE,2.15,2.4,1.8,2,2,34,258.57,130000,120000,17-Apr-17
OPTSTK,DLF,25-May-17,155,PE,3.2,3.25,3.05,3.05,3.05,4,31.63,15000,15000,17-Apr-17
OPTSTK,DLF,25-May-17,160,PE,7.45,7.45,4.1,4.2,4.2,187,1546.48,100000,100000,17-Apr-17
OPTSTK,DLF,25-May-17,165,PE,8.5,8.5,5.8,5.95,5.95,189,1620.39,195000,195000,17-Apr-17
OPTSTK,DLF,25-May-17,170,PE,11.4,11.4,7.5,8,8,120,1069.65,435000,435000,17-Apr-17
OPTSTK,DLF,25-May-17,175,PE,11.7,11.7,11.7,11.7,11.7,1,9.33,5000,5000,17-Apr-17
OPTSTK,DLF,25-May-17,180,PE,0,0,0,33.8,14.95,0,0,0,0,17-Apr-17
OPTSTK,DLF,25-May-17,185,PE,0,0,0,37.8,18.15,0,0,0,0,17-Apr-17
OPTSTK,DLF,25-May-17,190,PE,0,0,0,41.95,21.65,0,0,0,0,17-Apr-17
OPTSTK,DLF,25-May-17,195,PE,0,0,0,46.25,25.45,0,0,0,0,17-Apr-17
OPTSTK,DLF,25-May-17,200,PE,0,0,0,50.6,29.45,0,0,0,0,17-Apr-17
OPTSTK,DLF,29-Jun-17,100,CE,0,0,0,51.05,74,0,0,0,0,17-Apr-17
OPTSTK,DLF,29-Jun-17,105,CE,0,0,0,46.25,69.1,0,0,0,0,17-Apr-17
OPTSTK,DLF,29-Jun-17,110,CE,0,0,0,41.55,64.3,0,0,0,0,17-Apr-17
OPTSTK,DLF,29-Jun-17,115,CE,0,0,0,37,59.55,0,0,0,0,17-Apr-17
OPTSTK,DLF,29-Jun-17,120,CE,0,0,0,32.65,54.85,0,0,0,0,17-Apr-17
OPTSTK,DLF,29-Jun-17,125,CE,0,0,0,28.5,50.3,0,0,0,0,17-Apr-17
OPTSTK,DLF,29-Jun-17,130,CE,0,0,0,24.6,45.85,0,0,0,0,17-Apr-17
OPTSTK,DLF,29-Jun-17,135,CE,0,0,0,21.05,41.6,0,0,0,0,17-Apr-17
OPTSTK,DLF,29-Jun-17,140,CE,0,0,0,17.8,37.55,0,0,0,0,17-Apr-17
OPTSTK,DLF,29-Jun-17,145,CE,0,0,0,14.9,33.7,0,0,0,0,17-Apr-17
OPTSTK,DLF,29-Jun-17,150,CE,0,0,0,12.35,30.05,0,0,0,0,17-Apr-17
OPTSTK,DLF,29-Jun-17,155,CE,0,0,0,10.1,26.65,0,0,0,0,17-Apr-17
OPTSTK,DLF,29-Jun-17,160,CE,0,0,0,8.2,23.55,0,0,0,0,17-Apr-17
OPTSTK,DLF,29-Jun-17,165,CE,0,0,0,6.6,20.65,0,0,0,0,17-Apr-17
OPTSTK,DLF,29-Jun-17,170,CE,0,0,0,5.25,18.05,0,0,0,0,17-Apr-17
OPTSTK,DLF,29-Jun-17,175,CE,0,0,0,4.2,15.7,0,0,0,0,17-Apr-17
OPTSTK,DLF,29-Jun-17,180,CE,0,0,0,3.25,13.6,0,0,0,0,17-Apr-17
OPTSTK,DLF,29-Jun-17,185,CE,0,0,0,2.55,11.7,0,0,0,0,17-Apr-17
OPTSTK,DLF,29-Jun-17,190,CE,0,0,0,1.95,10.05,0,0,0,0,17-Apr-17
OPTSTK,DLF,29-Jun-17,195,CE,0,0,0,1.5,8.55,0,0,0,0,17-Apr-17
OPTSTK,DLF,29-Jun-17,200,CE,0,0,0,1.15,7.3,0,0,0,0,17-Apr-17
OPTSTK,DLF,29-Jun-17,100,PE,0,0,0,0.15,0.1,0,0,0,0,17-Apr-17
OPTSTK,DLF,29-Jun-17,105,PE,0,0,0,0.3,0.15,0,0,0,0,17-Apr-17
OPTSTK,DLF,29-Jun-17,110,PE,0,0,0,0.5,0.25,0,0,0,0,17-Apr-17
OPTSTK,DLF,29-Jun-17,115,PE,0,0,0,0.85,0.45,0,0,0,0,17-Apr-17
OPTSTK,DLF,29-Jun-17,120,PE,0,0,0,1.4,0.7,0,0,0,0,17-Apr-17
OPTSTK,DLF,29-Jun-17,125,PE,0,0,0,2.2,1.1,0,0,0,0,17-Apr-17
OPTSTK,DLF,29-Jun-17,130,PE,0,0,0,3.25,1.6,0,0,0,0,17-Apr-17
OPTSTK,DLF,29-Jun-17,135,PE,0,0,0,4.55,2.25,0,0,0,0,17-Apr-17
OPTSTK,DLF,29-Jun-17,140,PE,0,0,0,6.25,3.15,0,0,0,0,17-Apr-17
OPTSTK,DLF,29-Jun-17,145,PE,0,0,0,8.25,4.2,0,0,0,0,17-Apr-17
OPTSTK,DLF,29-Jun-17,150,PE,0,0,0,10.6,5.55,0,0,0,0,17-Apr-17
OPTSTK,DLF,29-Jun-17,155,PE,0,0,0,13.3,7.05,0,0,0,0,17-Apr-17
OPTSTK,DLF,29-Jun-17,160,PE,0,0,0,16.3,8.9,0,0,0,0,17-Apr-17
OPTSTK,DLF,29-Jun-17,165,PE,0,0,0,19.65,10.95,0,0,0,0,17-Apr-17
OPTSTK,DLF,29-Jun-17,170,PE,0,0,0,23.2,13.25,0,0,0,0,17-Apr-17
OPTSTK,DLF,29-Jun-17,175,PE,0,0,0,27.05,15.85,0,0,0,0,17-Apr-17
OPTSTK,DLF,29-Jun-17,180,PE,0,0,0,31.05,18.65,0,0,0,0,17-Apr-17
OPTSTK,DLF,29-Jun-17,185,PE,0,0,0,35.25,21.7,0,0,0,0,17-Apr-17
OPTSTK,DLF,29-Jun-17,190,PE,0,0,0,39.6,25,0,0,0,0,17-Apr-17
OPTSTK,DLF,29-Jun-17,195,PE,0,0,0,44.05,28.45,0,0,0,0,17-Apr-17
OPTSTK,DLF,29-Jun-17,200,PE,0,0,0,48.6,32.1,0,0,0,0,17-Apr-17
OPTSTK,DRREDDY,27-Apr-17,2100,CE,0,0,0,930.8,564.95,0,0,0,0,17-Apr-17
OPTSTK,DRREDDY,27-Apr-17,2150,CE,0,0,0,881.65,515,0,0,0,0,17-Apr-17
OPTSTK,DRREDDY,27-Apr-17,2200,CE,0,0,0,832.5,465.1,0,0,0,0,17-Apr-17
OPTSTK,DRREDDY,27-Apr-17,2250,CE,0,0,0,783.4,415.2,0,0,0,0,17-Apr-17
OPTSTK,DRREDDY,27-Apr-17,2300,CE,0,0,0,734.35,365.3,0,0,0,0,17-Apr-17
OPTSTK,DRREDDY,27-Apr-17,2350,CE,0,0,0,685.45,315.45,0,0,0,0,17-Apr-17
OPTSTK,DRREDDY,27-Apr-17,2400,CE,0,0,0,257.5,265.8,0,0,200,0,17-Apr-17
OPTSTK,DRREDDY,27-Apr-17,2450,CE,0,0,0,588.3,216.85,0,0,0,0,17-Apr-17
OPTSTK,DRREDDY,27-Apr-17,2500,CE,0,0,0,265,169.5,0,0,400,0,17-Apr-17
OPTSTK,DRREDDY,27-Apr-17,2550,CE,165,165,135,135,135,3,16.17,2000,200,17-Apr-17
OPTSTK,DRREDDY,27-Apr-17,2600,CE,125,127.5,86.5,90.15,90.15,53,287.75,13200,-5000,17-Apr-17
OPTSTK,DRREDDY,27-Apr-17,2650,CE,76.85,91,53.35,56.9,56.9,161,876.65,27400,-7000,17-Apr-17
OPTSTK,DRREDDY,27-Apr-17,2700,CE,50.6,66.95,31,34,34,1596,8772.32,194800,-6800,17-Apr-17
OPTSTK,DRREDDY,27-Apr-17,2750,CE,36.5,37.9,16.6,18.4,18.4,763,4240.8,101400,45000,17-Apr-17
OPTSTK,DRREDDY,27-Apr-17,2800,CE,33.7,33.7,10,10.75,10.75,1491,8401.31,197600,46600,17-Apr-17
OPTSTK,DRREDDY,27-Apr-17,2850,CE,15,15,6.35,6.7,6.7,148,846.79,47400,2200,17-Apr-17
OPTSTK,DRREDDY,27-Apr-17,2900,CE,9.85,9.95,3.95,4.55,4.55,664,3860.21,85600,10000,17-Apr-17
OPTSTK,DRREDDY,27-Apr-17,2950,CE,0,0,0,4.15,0.5,0,0,2800,0,17-Apr-17
OPTSTK,DRREDDY,27-Apr-17,3000,CE,4.05,5,2.7,2.95,2.95,279,1676.13,169400,400,17-Apr-17
OPTSTK,DRREDDY,27-Apr-17,3050,CE,0,0,0,2.9,0.05,0,0,1000,0,17-Apr-17
OPTSTK,DRREDDY,27-Apr-17,3100,CE,4.8,4.8,2.1,2.1,2.1,8,49.64,11800,800,17-Apr-17
OPTSTK,DRREDDY,27-Apr-17,3150,CE,0,0,0,81.15,0,0,0,0,0,17-Apr-17
OPTSTK,DRREDDY,27-Apr-17,3200,CE,0,0,0,65.1,0,0,0,0,0,17-Apr-17
OPTSTK,DRREDDY,27-Apr-17,3250,CE,0,0,0,51.8,0,0,0,0,0,17-Apr-17
OPTSTK,DRREDDY,27-Apr-17,3300,CE,0,0,0,40.6,0,0,0,0,0,17-Apr-17
OPTSTK,DRREDDY,27-Apr-17,3350,CE,0,0,0,3,0,0,0,200,0,17-Apr-17
OPTSTK,DRREDDY,27-Apr-17,3400,CE,0,0,0,3.05,0,0,0,200,0,17-Apr-17
OPTSTK,DRREDDY,27-Apr-17,3450,CE,0,0,0,18.4,0,0,0,0,0,17-Apr-17
OPTSTK,DRREDDY,27-Apr-17,3500,CE,0,0,0,13.85,0,0,0,0,0,17-Apr-17
OPTSTK,DRREDDY,27-Apr-17,3550,CE,0,0,0,10.3,0,0,0,0,0,17-Apr-17
OPTSTK,DRREDDY,27-Apr-17,3600,CE,0,0,0,7.6,0,0,0,0,0,17-Apr-17
OPTSTK,DRREDDY,27-Apr-17,3650,CE,0,0,0,5.55,0,0,0,0,0,17-Apr-17
OPTSTK,DRREDDY,27-Apr-17,3700,CE,0,0,0,4,0,0,0,0,0,17-Apr-17
OPTSTK,DRREDDY,27-Apr-17,3750,CE,0,0,0,2.85,0,0,0,0,0,17-Apr-17
OPTSTK,DRREDDY,27-Apr-17,3800,CE,0,0,0,2.05,0,0,0,0,0,17-Apr-17
OPTSTK,DRREDDY,27-Apr-17,3850,CE,0,0,0,1.45,0,0,0,0,0,17-Apr-17
OPTSTK,DRREDDY,27-Apr-17,3900,CE,0,0,0,1,0,0,0,0,0,17-Apr-17
OPTSTK,DRREDDY,27-Apr-17,3950,CE,0,0,0,0.7,0,0,0,0,0,17-Apr-17
OPTSTK,DRREDDY,27-Apr-17,2100,PE,0,0,0,0.05,0,0,0,0,0,17-Apr-17
OPTSTK,DRREDDY,27-Apr-17,2150,PE,0,0,0,0.05,0,0,0,0,0,17-Apr-17
OPTSTK,DRREDDY,27-Apr-17,2200,PE,0,0,0,0.1,0,0,0,0,0,17-Apr-17
OPTSTK,DRREDDY,27-Apr-17,2250,PE,0,0,0,0.15,0,0,0,0,0,17-Apr-17
OPTSTK,DRREDDY,27-Apr-17,2300,PE,0,0,0,4,0.05,0,0,2600,0,17-Apr-17
OPTSTK,DRREDDY,27-Apr-17,2350,PE,0,0,0,0.55,0.1,0,0,0,0,17-Apr-17
OPTSTK,DRREDDY,27-Apr-17,2400,PE,0.5,2,0.5,1.1,1.1,25,120.03,14400,-4000,17-Apr-17
OPTSTK,DRREDDY,27-Apr-17,2450,PE,2.25,2.25,1.7,2.25,2.25,11,53.94,14000,-1600,17-Apr-17
OPTSTK,DRREDDY,27-Apr-17,2500,PE,5,5,3,4.45,4.45,51,255.4,42200,-800,17-Apr-17
OPTSTK,DRREDDY,27-Apr-17,2550,PE,4.2,9.95,4.2,8.75,8.75,43,219.87,25400,400,17-Apr-17
OPTSTK,DRREDDY,27-Apr-17,2600,PE,12.65,20.5,9.75,18.45,18.45,290,1516.03,50400,-2800,17-Apr-17
OPTSTK,DRREDDY,27-Apr-17,2650,PE,41.6,41.6,19.55,34.8,34.8,154,825.01,24800,1000,17-Apr-17
OPTSTK,DRREDDY,27-Apr-17,2700,PE,45,66,37.15,62.95,62.95,172,945.31,35800,600,17-Apr-17
OPTSTK,DRREDDY,27-Apr-17,2750,PE,69,69,69,69,69,1,5.63,7600,200,17-Apr-17
OPTSTK,DRREDDY,27-Apr-17,2800,PE,100,139.6,100,139.6,139.6,8,46.7,30600,-600,17-Apr-17
OPTSTK,DRREDDY,27-Apr-17,2850,PE,0,0,0,207,187.45,0,0,1000,0,17-Apr-17
OPTSTK,DRREDDY,27-Apr-17,2900,PE,196,201.15,196,201.15,201.15,2,12.39,2800,-200,17-Apr-17
OPTSTK,DRREDDY,27-Apr-17,2950,PE,0,0,0,317,284.15,0,0,400,0,17-Apr-17
OPTSTK,DRREDDY,27-Apr-17,3000,PE,285,285,285,285,285,1,6.57,25800,-200,17-Apr-17
OPTSTK,DRREDDY,27-Apr-17,3050,PE,0,0,0,125.4,383.5,0,0,0,0,17-Apr-17
OPTSTK,DRREDDY,27-Apr-17,3100,PE,0,0,0,454,433.4,0,0,200,0,17-Apr-17
OPTSTK,DRREDDY,27-Apr-17,3150,PE,0,0,0,183.1,483.3,0,0,0,0,17-Apr-17
OPTSTK,DRREDDY,27-Apr-17,3200,PE,0,0,0,549,533.2,0,0,3000,0,17-Apr-17
OPTSTK,DRREDDY,27-Apr-17,3250,PE,0,0,0,252.15,583.1,0,0,0,0,17-Apr-17
OPTSTK,DRREDDY,27-Apr-17,3300,PE,0,0,0,648,633,0,0,200,0,17-Apr-17
OPTSTK,DRREDDY,27-Apr-17,3350,PE,0,0,0,680,682.95,0,0,600,0,17-Apr-17
OPTSTK,DRREDDY,27-Apr-17,3400,PE,0,0,0,372.1,732.85,0,0,0,0,17-Apr-17
OPTSTK,DRREDDY,27-Apr-17,3450,PE,0,0,0,415.45,782.75,0,0,0,0,17-Apr-17
OPTSTK,DRREDDY,27-Apr-17,3500,PE,0,0,0,846,832.7,0,0,200,0,17-Apr-17
OPTSTK,DRREDDY,27-Apr-17,3550,PE,0,0,0,505.7,882.6,0,0,0,0,17-Apr-17
OPTSTK,DRREDDY,27-Apr-17,3600,PE,0,0,0,948,932.5,0,0,200,0,17-Apr-17
OPTSTK,DRREDDY,27-Apr-17,3650,PE,0,0,0,599.3,982.4,0,0,0,0,17-Apr-17
OPTSTK,DRREDDY,27-Apr-17,3700,PE,0,0,0,646.95,1032.35,0,0,0,0,17-Apr-17
OPTSTK,DRREDDY,27-Apr-17,3750,PE,0,0,0,695,1082.25,0,0,0,0,17-Apr-17
OPTSTK,DRREDDY,27-Apr-17,3800,PE,0,0,0,1150,1132.15,0,0,400,0,17-Apr-17
OPTSTK,DRREDDY,27-Apr-17,3850,PE,0,0,0,791.9,1182.05,0,0,0,0,17-Apr-17
OPTSTK,DRREDDY,27-Apr-17,3900,PE,0,0,0,840.65,1232,0,0,0,0,17-Apr-17
OPTSTK,DRREDDY,27-Apr-17,3950,PE,0,0,0,889.55,1281.9,0,0,0,0,17-Apr-17
OPTSTK,DRREDDY,25-May-17,2100,CE,0,0,0,820.4,575.6,0,0,0,0,17-Apr-17
OPTSTK,DRREDDY,25-May-17,2150,CE,0,0,0,771.2,526.15,0,0,0,0,17-Apr-17
OPTSTK,DRREDDY,25-May-17,2200,CE,0,0,0,722.05,476.95,0,0,0,0,17-Apr-17
OPTSTK,DRREDDY,25-May-17,2250,CE,0,0,0,672.95,428.2,0,0,0,0,17-Apr-17
OPTSTK,DRREDDY,25-May-17,2300,CE,0,0,0,623.95,380.25,0,0,0,0,17-Apr-17
OPTSTK,DRREDDY,25-May-17,2350,CE,0,0,0,575.15,333.4,0,0,0,0,17-Apr-17
OPTSTK,DRREDDY,25-May-17,2400,CE,0,0,0,526.7,288.25,0,0,0,0,17-Apr-17
OPTSTK,DRREDDY,25-May-17,2450,CE,0,0,0,478.8,245.3,0,0,0,0,17-Apr-17
OPTSTK,DRREDDY,25-May-17,2500,CE,0,0,0,431.65,205.25,0,0,0,0,17-Apr-17
OPTSTK,DRREDDY,25-May-17,2550,CE,0,0,0,385.6,168.55,0,0,0,0,17-Apr-17
OPTSTK,DRREDDY,25-May-17,2600,CE,0,0,0,341.05,135.8,0,0,0,0,17-Apr-17
OPTSTK,DRREDDY,25-May-17,2650,CE,0,0,0,298.4,107.2,0,0,0,0,17-Apr-17
OPTSTK,DRREDDY,25-May-17,2700,CE,0,0,0,258.05,82.85,0,0,0,0,17-Apr-17
OPTSTK,DRREDDY,25-May-17,2750,CE,0,0,0,220.5,62.65,0,0,0,0,17-Apr-17
OPTSTK,DRREDDY,25-May-17,2800,CE,70,78,64.7,64.7,64.7,3,17.22,1400,600,17-Apr-17
OPTSTK,DRREDDY,25-May-17,2850,CE,0,0,0,154.5,33.6,0,0,0,0,17-Apr-17
OPTSTK,DRREDDY,25-May-17,2900,CE,0,0,0,126.7,23.85,0,0,0,0,17-Apr-17
OPTSTK,DRREDDY,25-May-17,2950,CE,0,0,0,102.45,16.55,0,0,0,0,17-Apr-17
OPTSTK,DRREDDY,25-May-17,3000,CE,0,0,0,9.1,11.25,0,0,400,0,17-Apr-17
OPTSTK,DRREDDY,25-May-17,3050,CE,0,0,0,64.1,7.45,0,0,0,0,17-Apr-17
OPTSTK,DRREDDY,25-May-17,3100,CE,0,0,0,49.6,4.85,0,0,0,0,17-Apr-17
OPTSTK,DRREDDY,25-May-17,3150,CE,0,0,0,37.9,3.1,0,0,0,0,17-Apr-17
OPTSTK,DRREDDY,25-May-17,3200,CE,0,0,0,28.5,1.95,0,0,0,0,17-Apr-17
OPTSTK,DRREDDY,25-May-17,3250,CE,0,0,0,21.15,1.2,0,0,0,0,17-Apr-17
OPTSTK,DRREDDY,25-May-17,3300,CE,0,0,0,15.45,0.75,0,0,0,0,17-Apr-17
OPTSTK,DRREDDY,25-May-17,3350,CE,0,0,0,11.15,0.45,0,0,0,0,17-Apr-17
OPTSTK,DRREDDY,25-May-17,3400,CE,0,0,0,7.9,0.25,0,0,0,0,17-Apr-17
OPTSTK,DRREDDY,25-May-17,3450,CE,0,0,0,5.55,0.15,0,0,0,0,17-Apr-17
OPTSTK,DRREDDY,25-May-17,3500,CE,0,0,0,3.85,0.1,0,0,0,0,17-Apr-17
OPTSTK,DRREDDY,25-May-17,3550,CE,0,0,0,2.65,0.05,0,0,0,0,17-Apr-17
OPTSTK,DRREDDY,25-May-17,3600,CE,0,0,0,1.8,0.05,0,0,0,0,17-Apr-17
OPTSTK,DRREDDY,25-May-17,3650,CE,0,0,0,1.2,0.05,0,0,0,0,17-Apr-17
OPTSTK,DRREDDY,25-May-17,3700,CE,0,0,0,0.8,0.05,0,0,0,0,17-Apr-17
OPTSTK,DRREDDY,25-May-17,3750,CE,0,0,0,0.55,0,0,0,0,0,17-Apr-17
OPTSTK,DRREDDY,25-May-17,3800,CE,0,0,0,0.35,0,0,0,0,0,17-Apr-17
OPTSTK,DRREDDY,25-May-17,3850,CE,0,0,0,0.25,0,0,0,0,0,17-Apr-17
OPTSTK,DRREDDY,25-May-17,3900,CE,0,0,0,0.15,0,0,0,0,0,17-Apr-17
OPTSTK,DRREDDY,25-May-17,2100,PE,0,0,0,0.05,0.2,0,0,0,0,17-Apr-17
OPTSTK,DRREDDY,25-May-17,2150,PE,0,0,0,0.05,0.4,0,0,0,0,17-Apr-17
OPTSTK,DRREDDY,25-May-17,2200,PE,0,0,0,0.1,0.85,0,0,0,0,17-Apr-17
OPTSTK,DRREDDY,25-May-17,2250,PE,0,0,0,0.2,1.8,0,0,0,0,17-Apr-17
OPTSTK,DRREDDY,25-May-17,2300,PE,0,0,0,0.45,3.45,0,0,0,0,17-Apr-17
OPTSTK,DRREDDY,25-May-17,2350,PE,0,0,0,0.9,6.3,0,0,0,0,17-Apr-17
OPTSTK,DRREDDY,25-May-17,2400,PE,0,0,0,1.65,10.8,0,0,0,0,17-Apr-17
OPTSTK,DRREDDY,25-May-17,2450,PE,0,0,0,2.95,17.55,0,0,0,0,17-Apr-17
OPTSTK,DRREDDY,25-May-17,2500,PE,0,0,0,5,27.15,0,0,0,0,17-Apr-17
OPTSTK,DRREDDY,25-May-17,2550,PE,0,0,0,8.2,40.1,0,0,0,0,17-Apr-17
OPTSTK,DRREDDY,25-May-17,2600,PE,0,0,0,12.9,57,0,0,0,0,17-Apr-17
OPTSTK,DRREDDY,25-May-17,2650,PE,65,70,65,70,70,5,27.17,1200,1000,17-Apr-17
OPTSTK,DRREDDY,25-May-17,2700,PE,85,95,85,95,95,6,33.47,1200,1200,17-Apr-17
OPTSTK,DRREDDY,25-May-17,2750,PE,0,0,0,39.95,132.85,0,0,0,0,17-Apr-17
OPTSTK,DRREDDY,25-May-17,2800,PE,150,150,140,140,140,3,17.66,600,600,17-Apr-17
OPTSTK,DRREDDY,25-May-17,2850,PE,195,195,195,195,195,1,6.09,200,200,17-Apr-17
OPTSTK,DRREDDY,25-May-17,2900,PE,0,0,0,93.8,243.05,0,0,0,0,17-Apr-17
OPTSTK,DRREDDY,25-May-17,2950,PE,0,0,0,118.75,285.4,0,0,0,0,17-Apr-17
OPTSTK,DRREDDY,25-May-17,3000,PE,0,0,0,147.15,329.75,0,0,0,0,17-Apr-17
OPTSTK,DRREDDY,25-May-17,3050,PE,0,0,0,178.85,375.65,0,0,0,0,17-Apr-17
OPTSTK,DRREDDY,25-May-17,3100,PE,0,0,0,213.55,422.7,0,0,0,0,17-Apr-17
OPTSTK,DRREDDY,25-May-17,3150,PE,0,0,0,251.05,470.6,0,0,0,0,17-Apr-17
OPTSTK,DRREDDY,25-May-17,3200,PE,0,0,0,290.9,519.1,0,0,0,0,17-Apr-17
OPTSTK,DRREDDY,25-May-17,3250,PE,0,0,0,332.75,568.05,0,0,0,0,17-Apr-17
OPTSTK,DRREDDY,25-May-17,3300,PE,0,0,0,376.25,617.25,0,0,0,0,17-Apr-17
OPTSTK,DRREDDY,25-May-17,3350,PE,0,0,0,421.15,666.6,0,0,0,0,17-Apr-17
OPTSTK,DRREDDY,25-May-17,3400,PE,0,0,0,467.15,716.1,0,0,0,0,17-Apr-17
OPTSTK,DRREDDY,25-May-17,3450,PE,0,0,0,514,765.65,0,0,0,0,17-Apr-17
OPTSTK,DRREDDY,25-May-17,3500,PE,0,0,0,561.55,815.25,0,0,0,0,17-Apr-17
OPTSTK,DRREDDY,25-May-17,3550,PE,0,0,0,609.55,864.85,0,0,0,0,17-Apr-17
OPTSTK,DRREDDY,25-May-17,3600,PE,0,0,0,657.9,914.5,0,0,0,0,17-Apr-17
OPTSTK,DRREDDY,25-May-17,3650,PE,0,0,0,706.5,964.15,0,0,0,0,17-Apr-17
OPTSTK,DRREDDY,25-May-17,3700,PE,0,0,0,755.35,1013.8,0,0,0,0,17-Apr-17
OPTSTK,DRREDDY,25-May-17,3750,PE,0,0,0,804.3,1063.5,0,0,0,0,17-Apr-17
OPTSTK,DRREDDY,25-May-17,3800,PE,0,0,0,853.3,1113.15,0,0,0,0,17-Apr-17
OPTSTK,DRREDDY,25-May-17,3850,PE,0,0,0,902.4,1162.8,0,0,0,0,17-Apr-17
OPTSTK,DRREDDY,25-May-17,3900,PE,0,0,0,951.55,1212.45,0,0,0,0,17-Apr-17
OPTSTK,DRREDDY,29-Jun-17,2100,CE,0,0,0,552.2,590.4,0,0,0,0,17-Apr-17
OPTSTK,DRREDDY,29-Jun-17,2150,CE,0,0,0,505.5,542.4,0,0,0,0,17-Apr-17
OPTSTK,DRREDDY,29-Jun-17,2200,CE,0,0,0,459.8,495.2,0,0,0,0,17-Apr-17
OPTSTK,DRREDDY,29-Jun-17,2250,CE,0,0,0,415.45,448.95,0,0,0,0,17-Apr-17
OPTSTK,DRREDDY,29-Jun-17,2300,CE,0,0,0,372.7,404,0,0,0,0,17-Apr-17
OPTSTK,DRREDDY,29-Jun-17,2350,CE,0,0,0,331.85,360.7,0,0,0,0,17-Apr-17
OPTSTK,DRREDDY,29-Jun-17,2400,CE,0,0,0,293.15,319.3,0,0,0,0,17-Apr-17
OPTSTK,DRREDDY,29-Jun-17,2450,CE,0,0,0,256.95,280.15,0,0,0,0,17-Apr-17
OPTSTK,DRREDDY,29-Jun-17,2500,CE,0,0,0,223.2,243.6,0,0,0,0,17-Apr-17
OPTSTK,DRREDDY,29-Jun-17,2550,CE,0,0,0,192.3,209.65,0,0,0,0,17-Apr-17
OPTSTK,DRREDDY,29-Jun-17,2600,CE,0,0,0,164.3,178.8,0,0,0,0,17-Apr-17
OPTSTK,DRREDDY,29-Jun-17,2650,CE,0,0,0,139.15,150.95,0,0,0,0,17-Apr-17
OPTSTK,DRREDDY,29-Jun-17,2700,CE,0,0,0,116.85,126.15,0,0,0,0,17-Apr-17
OPTSTK,DRREDDY,29-Jun-17,2750,CE,0,0,0,97.3,104.4,0,0,0,0,17-Apr-17
OPTSTK,DRREDDY,29-Jun-17,2800,CE,0,0,0,80.3,85.5,0,0,0,0,17-Apr-17
OPTSTK,DRREDDY,29-Jun-17,2850,CE,0,0,0,65.75,69.35,0,0,0,0,17-Apr-17
OPTSTK,DRREDDY,29-Jun-17,2900,CE,0,0,0,53.5,55.8,0,0,0,0,17-Apr-17
OPTSTK,DRREDDY,29-Jun-17,2950,CE,0,0,0,43.05,44.35,0,0,0,0,17-Apr-17
OPTSTK,DRREDDY,29-Jun-17,3000,CE,0,0,0,34.4,34.95,0,0,0,0,17-Apr-17
OPTSTK,DRREDDY,29-Jun-17,3050,CE,0,0,0,27.25,27.3,0,0,0,0,17-Apr-17
OPTSTK,DRREDDY,29-Jun-17,3100,CE,0,0,0,21.45,21.1,0,0,0,0,17-Apr-17
OPTSTK,DRREDDY,29-Jun-17,3150,CE,0,0,0,16.75,16.2,0,0,0,0,17-Apr-17
OPTSTK,DRREDDY,29-Jun-17,3200,CE,0,0,0,13,12.3,0,0,0,0,17-Apr-17
OPTSTK,DRREDDY,29-Jun-17,3250,CE,0,0,0,10,9.25,0,0,0,0,17-Apr-17
OPTSTK,DRREDDY,29-Jun-17,3300,CE,0,0,0,7.65,6.95,0,0,0,0,17-Apr-17
OPTSTK,DRREDDY,29-Jun-17,3350,CE,0,0,0,5.8,5.15,0,0,0,0,17-Apr-17
OPTSTK,DRREDDY,29-Jun-17,3400,CE,0,0,0,4.4,3.8,0,0,0,0,17-Apr-17
OPTSTK,DRREDDY,29-Jun-17,3450,CE,0,0,0,3.3,2.75,0,0,0,0,17-Apr-17
OPTSTK,DRREDDY,29-Jun-17,3500,CE,0,0,0,2.45,2,0,0,0,0,17-Apr-17
OPTSTK,DRREDDY,29-Jun-17,3550,CE,0,0,0,1.85,1.45,0,0,0,0,17-Apr-17
OPTSTK,DRREDDY,29-Jun-17,3600,CE,0,0,0,1.35,1.05,0,0,0,0,17-Apr-17
OPTSTK,DRREDDY,29-Jun-17,2100,PE,0,0,0,4.3,2,0,0,0,0,17-Apr-17
OPTSTK,DRREDDY,29-Jun-17,2150,PE,0,0,0,6.75,3.4,0,0,0,0,17-Apr-17
OPTSTK,DRREDDY,29-Jun-17,2200,PE,0,0,0,10.25,5.55,0,0,0,0,17-Apr-17
OPTSTK,DRREDDY,29-Jun-17,2250,PE,0,0,0,15.1,8.65,0,0,0,0,17-Apr-17
OPTSTK,DRREDDY,29-Jun-17,2300,PE,0,0,0,21.5,13.05,0,0,0,0,17-Apr-17
OPTSTK,DRREDDY,29-Jun-17,2350,PE,0,0,0,29.85,19.1,0,0,0,0,17-Apr-17
OPTSTK,DRREDDY,29-Jun-17,2400,PE,0,0,0,40.3,27.05,0,0,0,0,17-Apr-17
OPTSTK,DRREDDY,29-Jun-17,2450,PE,0,0,0,53.3,37.25,0,0,0,0,17-Apr-17
OPTSTK,DRREDDY,29-Jun-17,2500,PE,0,0,0,68.7,50.05,0,0,0,0,17-Apr-17
OPTSTK,DRREDDY,29-Jun-17,2550,PE,0,0,0,87,65.45,0,0,0,0,17-Apr-17
OPTSTK,DRREDDY,29-Jun-17,2600,PE,0,0,0,108.2,83.95,0,0,0,0,17-Apr-17
OPTSTK,DRREDDY,29-Jun-17,2650,PE,0,0,0,132.2,105.45,0,0,0,0,17-Apr-17
OPTSTK,DRREDDY,29-Jun-17,2700,PE,0,0,0,159.1,130.05,0,0,0,0,17-Apr-17
OPTSTK,DRREDDY,29-Jun-17,2750,PE,0,0,0,188.7,157.6,0,0,0,0,17-Apr-17
OPTSTK,DRREDDY,29-Jun-17,2800,PE,0,0,0,220.85,188.1,0,0,0,0,17-Apr-17
OPTSTK,DRREDDY,29-Jun-17,2850,PE,0,0,0,255.45,221.3,0,0,0,0,17-Apr-17
OPTSTK,DRREDDY,29-Jun-17,2900,PE,0,0,0,292.4,257.1,0,0,0,0,17-Apr-17
OPTSTK,DRREDDY,29-Jun-17,2950,PE,0,0,0,331.1,295,0,0,0,0,17-Apr-17
OPTSTK,DRREDDY,29-Jun-17,3000,PE,0,0,0,371.65,334.95,0,0,0,0,17-Apr-17
OPTSTK,DRREDDY,29-Jun-17,3050,PE,0,0,0,413.7,376.65,0,0,0,0,17-Apr-17
OPTSTK,DRREDDY,29-Jun-17,3100,PE,0,0,0,457.1,419.85,0,0,0,0,17-Apr-17
OPTSTK,DRREDDY,29-Jun-17,3150,PE,0,0,0,501.55,464.25,0,0,0,0,17-Apr-17
OPTSTK,DRREDDY,29-Jun-17,3200,PE,0,0,0,546.95,509.7,0,0,0,0,17-Apr-17
OPTSTK,DRREDDY,29-Jun-17,3250,PE,0,0,0,593.15,556.05,0,0,0,0,17-Apr-17
OPTSTK,DRREDDY,29-Jun-17,3300,PE,0,0,0,640,603.05,0,0,0,0,17-Apr-17
OPTSTK,DRREDDY,29-Jun-17,3350,PE,0,0,0,687.3,650.6,0,0,0,0,17-Apr-17
OPTSTK,DRREDDY,29-Jun-17,3400,PE,0,0,0,735.05,698.6,0,0,0,0,17-Apr-17
OPTSTK,DRREDDY,29-Jun-17,3450,PE,0,0,0,783.15,746.95,0,0,0,0,17-Apr-17
OPTSTK,DRREDDY,29-Jun-17,3500,PE,0,0,0,831.5,795.55,0,0,0,0,17-Apr-17
OPTSTK,DRREDDY,29-Jun-17,3550,PE,0,0,0,880.05,844.35,0,0,0,0,17-Apr-17
OPTSTK,DRREDDY,29-Jun-17,3600,PE,0,0,0,928.75,893.3,0,0,0,0,17-Apr-17
OPTSTK,EICHERMOT,27-Apr-17,22000,CE,0,0,0,3500,4163.75,0,0,175,0,17-Apr-17
OPTSTK,EICHERMOT,27-Apr-17,22050,CE,0,0,0,2110.95,4113.85,0,0,0,0,17-Apr-17
OPTSTK,EICHERMOT,27-Apr-17,22100,CE,0,0,0,2080.6,4063.95,0,0,0,0,17-Apr-17
OPTSTK,EICHERMOT,27-Apr-17,22150,CE,0,0,0,2050.55,4014.05,0,0,0,0,17-Apr-17
OPTSTK,EICHERMOT,27-Apr-17,22200,CE,0,0,0,2020.75,3964.15,0,0,0,0,17-Apr-17
OPTSTK,EICHERMOT,27-Apr-17,22250,CE,0,0,0,1991.25,3914.2,0,0,0,0,17-Apr-17
OPTSTK,EICHERMOT,27-Apr-17,22300,CE,0,0,0,1962.05,3864.3,0,0,0,0,17-Apr-17
OPTSTK,EICHERMOT,27-Apr-17,22350,CE,0,0,0,1933.1,3814.4,0,0,0,0,17-Apr-17
OPTSTK,EICHERMOT,27-Apr-17,22400,CE,0,0,0,1904.4,3764.5,0,0,0,0,17-Apr-17
OPTSTK,EICHERMOT,27-Apr-17,22450,CE,0,0,0,1876.05,3714.6,0,0,0,0,17-Apr-17
OPTSTK,EICHERMOT,27-Apr-17,22500,CE,0,0,0,1847.95,3664.7,0,0,0,0,17-Apr-17
OPTSTK,EICHERMOT,27-Apr-17,22550,CE,0,0,0,1820.1,3614.8,0,0,0,0,17-Apr-17
OPTSTK,EICHERMOT,27-Apr-17,22600,CE,0,0,0,1792.55,3564.85,0,0,0,0,17-Apr-17
OPTSTK,EICHERMOT,27-Apr-17,22650,CE,0,0,0,1765.3,3515,0,0,0,0,17-Apr-17
OPTSTK,EICHERMOT,27-Apr-17,22700,CE,0,0,0,1738.3,3465.1,0,0,0,0,17-Apr-17
OPTSTK,EICHERMOT,27-Apr-17,22750,CE,0,0,0,1711.6,3415.2,0,0,0,0,17-Apr-17
OPTSTK,EICHERMOT,27-Apr-17,22800,CE,0,0,0,1685.2,3365.3,0,0,0,0,17-Apr-17
OPTSTK,EICHERMOT,27-Apr-17,22850,CE,0,0,0,1659.05,3315.4,0,0,0,0,17-Apr-17
OPTSTK,EICHERMOT,27-Apr-17,22900,CE,0,0,0,1633.2,3265.55,0,0,0,0,17-Apr-17
OPTSTK,EICHERMOT,27-Apr-17,22950,CE,0,0,0,1607.6,3215.65,0,0,0,0,17-Apr-17
OPTSTK,EICHERMOT,27-Apr-17,23000,CE,0,0,0,1582.3,3165.8,0,0,0,0,17-Apr-17
OPTSTK,EICHERMOT,27-Apr-17,23050,CE,0,0,0,1557.3,3115.95,0,0,0,0,17-Apr-17
OPTSTK,EICHERMOT,27-Apr-17,23100,CE,0,0,0,1532.55,3066.1,0,0,0,0,17-Apr-17
OPTSTK,EICHERMOT,27-Apr-17,23150,CE,0,0,0,1508,3016.3,0,0,0,0,17-Apr-17
OPTSTK,EICHERMOT,27-Apr-17,23200,CE,0,0,0,1483.8,2966.45,0,0,0,0,17-Apr-17
OPTSTK,EICHERMOT,27-Apr-17,23250,CE,0,0,0,1459.9,2916.65,0,0,0,0,17-Apr-17
OPTSTK,EICHERMOT,27-Apr-17,23300,CE,0,0,0,1436.25,2866.9,0,0,0,0,17-Apr-17
OPTSTK,EICHERMOT,27-Apr-17,23350,CE,0,0,0,1412.9,2817.15,0,0,0,0,17-Apr-17
OPTSTK,EICHERMOT,27-Apr-17,23400,CE,0,0,0,1389.8,2767.4,0,0,0,0,17-Apr-17
OPTSTK,EICHERMOT,27-Apr-17,23450,CE,0,0,0,1366.95,2717.75,0,0,0,0,17-Apr-17
OPTSTK,EICHERMOT,27-Apr-17,23500,CE,0,0,0,1344.45,2668.05,0,0,0,0,17-Apr-17
OPTSTK,EICHERMOT,27-Apr-17,23550,CE,0,0,0,1322.15,2618.45,0,0,0,0,17-Apr-17
OPTSTK,EICHERMOT,27-Apr-17,23600,CE,0,0,0,1300.15,2568.85,0,0,0,0,17-Apr-17
OPTSTK,EICHERMOT,27-Apr-17,23650,CE,0,0,0,1278.4,2519.35,0,0,0,0,17-Apr-17
OPTSTK,EICHERMOT,27-Apr-17,23700,CE,0,0,0,1256.95,2469.9,0,0,0,0,17-Apr-17
OPTSTK,EICHERMOT,27-Apr-17,23750,CE,0,0,0,1235.75,2420.5,0,0,0,0,17-Apr-17
OPTSTK,EICHERMOT,27-Apr-17,23800,CE,0,0,0,1214.85,2371.15,0,0,0,0,17-Apr-17
OPTSTK,EICHERMOT,27-Apr-17,23850,CE,0,0,0,1194.15,2321.9,0,0,0,0,17-Apr-17
OPTSTK,EICHERMOT,27-Apr-17,23900,CE,0,0,0,1173.75,2272.75,0,0,0,0,17-Apr-17
OPTSTK,EICHERMOT,27-Apr-17,23950,CE,0,0,0,1153.6,2223.7,0,0,0,0,17-Apr-17
OPTSTK,EICHERMOT,27-Apr-17,24000,CE,0,0,0,1133.75,2174.75,0,0,0,0,17-Apr-17
OPTSTK,EICHERMOT,27-Apr-17,24050,CE,0,0,0,1353.7,2125.9,0,0,0,0,17-Apr-17
OPTSTK,EICHERMOT,27-Apr-17,24100,CE,0,0,0,1331.7,2077.2,0,0,0,0,17-Apr-17
OPTSTK,EICHERMOT,27-Apr-17,24150,CE,0,0,0,1310,2028.65,0,0,0,0,17-Apr-17
OPTSTK,EICHERMOT,27-Apr-17,24200,CE,0,0,0,1288.55,1980.3,0,0,0,0,17-Apr-17
OPTSTK,EICHERMOT,27-Apr-17,24250,CE,0,0,0,1267.4,1932.1,0,0,0,0,17-Apr-17
OPTSTK,EICHERMOT,27-Apr-17,24300,CE,0,0,0,1246.45,1884.1,0,0,0,0,17-Apr-17
OPTSTK,EICHERMOT,27-Apr-17,24350,CE,0,0,0,1225.8,1836.3,0,0,0,0,17-Apr-17
OPTSTK,EICHERMOT,27-Apr-17,24400,CE,0,0,0,1205.35,1788.75,0,0,0,0,17-Apr-17
OPTSTK,EICHERMOT,27-Apr-17,24450,CE,0,0,0,1185.2,1741.45,0,0,0,0,17-Apr-17
OPTSTK,EICHERMOT,27-Apr-17,24500,CE,0,0,0,1003.5,1694.4,0,0,450,0,17-Apr-17
OPTSTK,EICHERMOT,27-Apr-17,24550,CE,0,0,0,1566.2,1647.65,0,0,0,0,17-Apr-17
OPTSTK,EICHERMOT,27-Apr-17,24600,CE,0,0,0,1544.05,1601.2,0,0,0,0,17-Apr-17
OPTSTK,EICHERMOT,27-Apr-17,24650,CE,0,0,0,1522.15,1555.1,0,0,0,0,17-Apr-17
OPTSTK,EICHERMOT,27-Apr-17,24700,CE,0,0,0,1500.5,1509.35,0,0,0,0,17-Apr-17
OPTSTK,EICHERMOT,27-Apr-17,24750,CE,0,0,0,1479.05,1464,0,0,0,0,17-Apr-17
OPTSTK,EICHERMOT,27-Apr-17,24800,CE,0,0,0,1457.8,1419.05,0,0,0,0,17-Apr-17
OPTSTK,EICHERMOT,27-Apr-17,24850,CE,0,0,0,1436.85,1374.5,0,0,0,0,17-Apr-17
OPTSTK,EICHERMOT,27-Apr-17,24900,CE,0,0,0,1416.1,1330.45,0,0,0,0,17-Apr-17
OPTSTK,EICHERMOT,27-Apr-17,24950,CE,0,0,0,1395.55,1286.85,0,0,0,0,17-Apr-17
OPTSTK,EICHERMOT,27-Apr-17,25000,CE,1320,1320,1320,1320,1320,8,52.64,850,-75,17-Apr-17
OPTSTK,EICHERMOT,27-Apr-17,25050,CE,0,0,0,1355.15,1201.2,0,0,0,0,17-Apr-17
OPTSTK,EICHERMOT,27-Apr-17,25100,CE,0,0,0,1545.3,1159.25,0,0,0,0,17-Apr-17
OPTSTK,EICHERMOT,27-Apr-17,25150,CE,0,0,0,1521.8,1117.85,0,0,0,0,17-Apr-17
OPTSTK,EICHERMOT,27-Apr-17,25200,CE,0,0,0,1498.55,1077.05,0,0,0,0,17-Apr-17
OPTSTK,EICHERMOT,27-Apr-17,25250,CE,0,0,0,1475.55,1036.9,0,0,0,0,17-Apr-17
OPTSTK,EICHERMOT,27-Apr-17,25300,CE,0,0,0,1452.8,997.4,0,0,0,0,17-Apr-17
OPTSTK,EICHERMOT,27-Apr-17,25350,CE,0,0,0,1430.3,958.6,0,0,0,0,17-Apr-17
OPTSTK,EICHERMOT,27-Apr-17,25400,CE,0,0,0,1408.05,920.5,0,0,0,0,17-Apr-17
OPTSTK,EICHERMOT,27-Apr-17,25450,CE,0,0,0,1000,884.1,0,0,100,0,17-Apr-17
OPTSTK,EICHERMOT,27-Apr-17,25500,CE,898.45,913.6,898.45,912.8,912.8,5,33.01,1825,75,17-Apr-17
OPTSTK,EICHERMOT,27-Apr-17,25550,CE,0,0,0,1342.9,810.55,0,0,0,0,17-Apr-17
OPTSTK,EICHERMOT,27-Apr-17,25600,CE,0,0,0,1321.65,775.55,0,0,0,0,17-Apr-17
OPTSTK,EICHERMOT,27-Apr-17,25650,CE,0,0,0,1300.7,741.35,0,0,0,0,17-Apr-17
OPTSTK,EICHERMOT,27-Apr-17,25700,CE,0,0,0,1279.95,707.95,0,0,0,0,17-Apr-17
OPTSTK,EICHERMOT,27-Apr-17,25750,CE,0,0,0,1259.45,675.45,0,0,0,0,17-Apr-17
OPTSTK,EICHERMOT,27-Apr-17,25800,CE,0,0,0,1239.25,643.8,0,0,0,0,17-Apr-17
OPTSTK,EICHERMOT,27-Apr-17,25850,CE,0,0,0,1219.25,613.05,0,0,0,0,17-Apr-17
OPTSTK,EICHERMOT,27-Apr-17,25900,CE,0,0,0,1408.8,583.15,0,0,0,0,17-Apr-17
OPTSTK,EICHERMOT,27-Apr-17,25950,CE,0,0,0,1387,554.15,0,0,0,0,17-Apr-17
OPTSTK,EICHERMOT,27-Apr-17,26000,CE,560,638.8,501,504.5,504.5,36,239.03,2875,-250,17-Apr-17
OPTSTK,EICHERMOT,27-Apr-17,26050,CE,0,0,0,1344.15,498.85,0,0,0,0,17-Apr-17
OPTSTK,EICHERMOT,27-Apr-17,26100,CE,0,0,0,400,472.55,0,0,50,0,17-Apr-17
OPTSTK,EICHERMOT,27-Apr-17,26150,CE,0,0,0,1302.3,447.1,0,0,0,0,17-Apr-17
OPTSTK,EICHERMOT,27-Apr-17,26200,CE,0,0,0,1281.75,422.6,0,0,0,0,17-Apr-17
OPTSTK,EICHERMOT,27-Apr-17,26250,CE,0,0,0,1261.4,399.05,0,0,0,0,17-Apr-17
OPTSTK,EICHERMOT,27-Apr-17,26300,CE,0,0,0,1241.35,376.4,0,0,0,0,17-Apr-17
OPTSTK,EICHERMOT,27-Apr-17,26350,CE,0,0,0,1260.05,354.65,0,0,0,0,17-Apr-17
OPTSTK,EICHERMOT,27-Apr-17,26400,CE,0,0,0,564.35,333.75,0,0,0,0,17-Apr-17
OPTSTK,EICHERMOT,27-Apr-17,26450,CE,0,0,0,546.15,313.75,0,0,0,0,17-Apr-17
OPTSTK,EICHERMOT,27-Apr-17,26500,CE,424.9,424.9,280,320,320,6,40.26,175,100,17-Apr-17
OPTSTK,EICHERMOT,27-Apr-17,26550,CE,0,0,0,511.1,276.35,0,0,0,0,17-Apr-17
OPTSTK,EICHERMOT,27-Apr-17,26600,CE,0,0,0,494.2,258.9,0,0,0,0,17-Apr-17
OPTSTK,EICHERMOT,27-Apr-17,26650,CE,0,0,0,477.75,242.25,0,0,0,0,17-Apr-17
OPTSTK,EICHERMOT,27-Apr-17,26700,CE,0,0,0,363.05,226.45,0,0,0,0,17-Apr-17
OPTSTK,EICHERMOT,27-Apr-17,26750,CE,0,0,0,348.05,211.4,0,0,0,0,17-Apr-17
OPTSTK,EICHERMOT,27-Apr-17,26800,CE,0,0,0,250.15,197.15,0,0,0,0,17-Apr-17
OPTSTK,EICHERMOT,27-Apr-17,26850,CE,0,0,0,217.4,183.6,0,0,0,0,17-Apr-17
OPTSTK,EICHERMOT,27-Apr-17,26900,CE,0,0,0,205.35,171.95,0,0,0,0,17-Apr-17
OPTSTK,EICHERMOT,27-Apr-17,22000,PE,0,0,0,22,0,0,0,100,0,17-Apr-17
OPTSTK,EICHERMOT,27-Apr-17,22050,PE,0,0,0,808,0,0,0,0,0,17-Apr-17
OPTSTK,EICHERMOT,27-Apr-17,22100,PE,0,0,0,826.8,0.05,0,0,0,0,17-Apr-17
OPTSTK,EICHERMOT,27-Apr-17,22150,PE,0,0,0,845.95,0.05,0,0,0,0,17-Apr-17
OPTSTK,EICHERMOT,27-Apr-17,22200,PE,0,0,0,865.35,0.05,0,0,0,0,17-Apr-17
OPTSTK,EICHERMOT,27-Apr-17,22250,PE,0,0,0,885,0.05,0,0,0,0,17-Apr-17
OPTSTK,EICHERMOT,27-Apr-17,22300,PE,0,0,0,904.95,0.05,0,0,0,0,17-Apr-17
OPTSTK,EICHERMOT,27-Apr-17,22350,PE,0,0,0,925.2,0.05,0,0,0,0,17-Apr-17
OPTSTK,EICHERMOT,27-Apr-17,22400,PE,0,0,0,945.7,0.05,0,0,0,0,17-Apr-17
OPTSTK,EICHERMOT,27-Apr-17,22450,PE,0,0,0,966.5,0.05,0,0,0,0,17-Apr-17
OPTSTK,EICHERMOT,27-Apr-17,22500,PE,0,0,0,30,0.05,0,0,150,0,17-Apr-17
OPTSTK,EICHERMOT,27-Apr-17,22550,PE,0,0,0,1008.9,0.05,0,0,0,0,17-Apr-17
OPTSTK,EICHERMOT,27-Apr-17,22600,PE,0,0,0,1030.55,0.1,0,0,0,0,17-Apr-17
OPTSTK,EICHERMOT,27-Apr-17,22650,PE,0,0,0,1052.45,0.1,0,0,0,0,17-Apr-17
OPTSTK,EICHERMOT,27-Apr-17,22700,PE,0,0,0,1074.65,0.1,0,0,0,0,17-Apr-17
OPTSTK,EICHERMOT,27-Apr-17,22750,PE,0,0,0,1097.15,0.15,0,0,0,0,17-Apr-17
OPTSTK,EICHERMOT,27-Apr-17,22800,PE,0,0,0,1119.9,0.15,0,0,0,0,17-Apr-17
OPTSTK,EICHERMOT,27-Apr-17,22850,PE,0,0,0,1142.95,0.2,0,0,0,0,17-Apr-17
OPTSTK,EICHERMOT,27-Apr-17,22900,PE,0,0,0,1166.25,0.2,0,0,0,0,17-Apr-17
OPTSTK,EICHERMOT,27-Apr-17,22950,PE,0,0,0,8.7,0.25,0,0,50,0,17-Apr-17
OPTSTK,EICHERMOT,27-Apr-17,23000,PE,2.45,2.45,2.45,2.45,2.45,1,5.75,125,-25,17-Apr-17
OPTSTK,EICHERMOT,27-Apr-17,23050,PE,0,0,0,1237.9,0.35,0,0,0,0,17-Apr-17
OPTSTK,EICHERMOT,27-Apr-17,23100,PE,0,0,0,1262.35,0.45,0,0,0,0,17-Apr-17
OPTSTK,EICHERMOT,27-Apr-17,23150,PE,0,0,0,1286.95,0.55,0,0,0,0,17-Apr-17
OPTSTK,EICHERMOT,27-Apr-17,23200,PE,0,0,0,1311.95,0.65,0,0,0,0,17-Apr-17
OPTSTK,EICHERMOT,27-Apr-17,23250,PE,0,0,0,1337.2,0.75,0,0,0,0,17-Apr-17
OPTSTK,EICHERMOT,27-Apr-17,23300,PE,0,0,0,1362.75,0.9,0,0,0,0,17-Apr-17
OPTSTK,EICHERMOT,27-Apr-17,23350,PE,0,0,0,1388.55,1.05,0,0,0,0,17-Apr-17
OPTSTK,EICHERMOT,27-Apr-17,23400,PE,0,0,0,1414.65,1.25,0,0,0,0,17-Apr-17
OPTSTK,EICHERMOT,27-Apr-17,23450,PE,0,0,0,1441,1.45,0,0,0,0,17-Apr-17
OPTSTK,EICHERMOT,27-Apr-17,23500,PE,0,0,0,100,1.7,0,0,150,0,17-Apr-17
OPTSTK,EICHERMOT,27-Apr-17,23550,PE,0,0,0,1494.55,2,0,0,0,0,17-Apr-17
OPTSTK,EICHERMOT,27-Apr-17,23600,PE,0,0,0,1521.75,2.35,0,0,0,0,17-Apr-17
OPTSTK,EICHERMOT,27-Apr-17,23650,PE,0,0,0,1549.2,2.7,0,0,0,0,17-Apr-17
OPTSTK,EICHERMOT,27-Apr-17,23700,PE,0,0,0,1576.9,3.15,0,0,0,0,17-Apr-17
OPTSTK,EICHERMOT,27-Apr-17,23750,PE,0,0,0,1604.9,3.7,0,0,0,0,17-Apr-17
OPTSTK,EICHERMOT,27-Apr-17,23800,PE,0,0,0,1633.1,4.25,0,0,0,0,17-Apr-17
OPTSTK,EICHERMOT,27-Apr-17,23850,PE,0,0,0,1661.65,4.9,0,0,0,0,17-Apr-17
OPTSTK,EICHERMOT,27-Apr-17,23900,PE,0,0,0,1690.4,5.7,0,0,0,0,17-Apr-17
OPTSTK,EICHERMOT,27-Apr-17,23950,PE,0,0,0,1719.45,6.55,0,0,0,0,17-Apr-17
OPTSTK,EICHERMOT,27-Apr-17,24000,PE,0,0,0,37,7.5,0,0,1175,0,17-Apr-17
OPTSTK,EICHERMOT,27-Apr-17,24050,PE,0,0,0,1537.95,8.6,0,0,0,0,17-Apr-17
OPTSTK,EICHERMOT,27-Apr-17,24100,PE,0,0,0,1565.2,9.8,0,0,0,0,17-Apr-17
OPTSTK,EICHERMOT,27-Apr-17,24150,PE,0,0,0,1592.7,11.2,0,0,0,0,17-Apr-17
OPTSTK,EICHERMOT,27-Apr-17,24200,PE,0,0,0,1620.45,12.7,0,0,0,0,17-Apr-17
OPTSTK,EICHERMOT,27-Apr-17,24250,PE,0,0,0,1648.45,14.45,0,0,0,0,17-Apr-17
OPTSTK,EICHERMOT,27-Apr-17,24300,PE,0,0,0,1676.75,16.35,0,0,0,0,17-Apr-17
OPTSTK,EICHERMOT,27-Apr-17,24350,PE,0,0,0,1705.25,18.45,0,0,0,0,17-Apr-17
OPTSTK,EICHERMOT,27-Apr-17,24400,PE,0,0,0,1734.05,20.8,0,0,0,0,17-Apr-17
OPTSTK,EICHERMOT,27-Apr-17,24450,PE,0,0,0,1763.1,23.4,0,0,0,0,17-Apr-17
OPTSTK,EICHERMOT,27-Apr-17,24500,PE,0,0,0,60,26.3,0,0,950,0,17-Apr-17
OPTSTK,EICHERMOT,27-Apr-17,24550,PE,0,0,0,1711.55,29.45,0,0,0,0,17-Apr-17
OPTSTK,EICHERMOT,27-Apr-17,24600,PE,0,0,0,1738.65,32.9,0,0,0,0,17-Apr-17
OPTSTK,EICHERMOT,27-Apr-17,24650,PE,0,0,0,1765.95,36.75,0,0,0,0,17-Apr-17
OPTSTK,EICHERMOT,27-Apr-17,24700,PE,0,0,0,1793.55,40.9,0,0,0,0,17-Apr-17
OPTSTK,EICHERMOT,27-Apr-17,24750,PE,0,0,0,577.1,45.45,0,0,25,0,17-Apr-17
OPTSTK,EICHERMOT,27-Apr-17,24800,PE,0,0,0,1849.35,50.4,0,0,0,0,17-Apr-17
OPTSTK,EICHERMOT,27-Apr-17,24850,PE,0,0,0,1877.6,55.8,0,0,0,0,17-Apr-17
OPTSTK,EICHERMOT,27-Apr-17,24900,PE,0,0,0,1906.05,61.65,0,0,0,0,17-Apr-17
OPTSTK,EICHERMOT,27-Apr-17,24950,PE,0,0,0,1934.8,67.95,0,0,0,0,17-Apr-17
OPTSTK,EICHERMOT,27-Apr-17,25000,PE,75,95,62,92.5,92.5,12,75.21,2650,100,17-Apr-17
OPTSTK,EICHERMOT,27-Apr-17,25050,PE,0,0,0,1992.85,82.15,0,0,0,0,17-Apr-17
OPTSTK,EICHERMOT,27-Apr-17,25100,PE,0,0,0,1456.8,90.1,0,0,0,0,17-Apr-17
OPTSTK,EICHERMOT,27-Apr-17,25150,PE,0,0,0,1482.65,98.6,0,0,0,0,17-Apr-17
OPTSTK,EICHERMOT,27-Apr-17,25200,PE,0,0,0,1508.75,107.7,0,0,0,0,17-Apr-17
OPTSTK,EICHERMOT,27-Apr-17,25250,PE,0,0,0,1535.1,117.5,0,0,0,0,17-Apr-17
OPTSTK,EICHERMOT,27-Apr-17,25300,PE,0,0,0,150,127.9,0,0,25,0,17-Apr-17
OPTSTK,EICHERMOT,27-Apr-17,25350,PE,0,0,0,1588.55,139,0,0,0,0,17-Apr-17
OPTSTK,EICHERMOT,27-Apr-17,25400,PE,0,0,0,1615.65,150.85,0,0,0,0,17-Apr-17
OPTSTK,EICHERMOT,27-Apr-17,25450,PE,0,0,0,1643,164.35,0,0,0,0,17-Apr-17
OPTSTK,EICHERMOT,27-Apr-17,25500,PE,148,150,148,150,150,4,25.64,700,-50,17-Apr-17
OPTSTK,EICHERMOT,27-Apr-17,25550,PE,0,0,0,1698.5,190.6,0,0,0,0,17-Apr-17
OPTSTK,EICHERMOT,27-Apr-17,25600,PE,0,0,0,798,205.5,0,0,0,0,17-Apr-17
OPTSTK,EICHERMOT,27-Apr-17,25650,PE,0,0,0,1754.95,221.25,0,0,0,0,17-Apr-17
OPTSTK,EICHERMOT,27-Apr-17,25700,PE,0,0,0,1783.6,237.8,0,0,0,0,17-Apr-17
OPTSTK,EICHERMOT,27-Apr-17,25750,PE,0,0,0,827.3,255.2,0,0,25,0,17-Apr-17
OPTSTK,EICHERMOT,27-Apr-17,25800,PE,0,0,0,1841.55,273.45,0,0,0,0,17-Apr-17
OPTSTK,EICHERMOT,27-Apr-17,25850,PE,0,0,0,1870.9,292.6,0,0,0,0,17-Apr-17
OPTSTK,EICHERMOT,27-Apr-17,25900,PE,0,0,0,1657.95,312.6,0,0,0,0,17-Apr-17
OPTSTK,EICHERMOT,27-Apr-17,25950,PE,0,0,0,1685.5,333.5,0,0,0,0,17-Apr-17
OPTSTK,EICHERMOT,27-Apr-17,26000,PE,316,316,260,260,260,2,13.14,600,0,17-Apr-17
OPTSTK,EICHERMOT,27-Apr-17,26050,PE,0,0,0,1741.35,378.05,0,0,0,0,17-Apr-17
OPTSTK,EICHERMOT,27-Apr-17,26100,PE,0,0,0,1769.65,401.7,0,0,0,0,17-Apr-17
OPTSTK,EICHERMOT,27-Apr-17,26150,PE,0,0,0,1798.2,426.1,0,0,0,0,17-Apr-17
OPTSTK,EICHERMOT,27-Apr-17,26200,PE,0,0,0,1827,451.55,0,0,0,0,17-Apr-17
OPTSTK,EICHERMOT,27-Apr-17,26250,PE,0,0,0,1856,477.9,0,0,0,0,17-Apr-17
OPTSTK,EICHERMOT,27-Apr-17,26300,PE,0,0,0,1885.3,505.15,0,0,0,0,17-Apr-17
OPTSTK,EICHERMOT,27-Apr-17,26350,PE,0,0,0,1947.3,533.3,0,0,0,0,17-Apr-17
OPTSTK,EICHERMOT,27-Apr-17,26400,PE,0,0,0,1174.9,562.35,0,0,0,0,17-Apr-17
OPTSTK,EICHERMOT,27-Apr-17,26450,PE,0,0,0,1206.45,592.25,0,0,0,0,17-Apr-17
OPTSTK,EICHERMOT,27-Apr-17,26500,PE,0,0,0,1238.45,623.05,0,0,0,0,17-Apr-17
OPTSTK,EICHERMOT,27-Apr-17,26550,PE,0,0,0,1270.9,654.65,0,0,0,0,17-Apr-17
OPTSTK,EICHERMOT,27-Apr-17,26600,PE,0,0,0,1303.75,687.1,0,0,0,0,17-Apr-17
OPTSTK,EICHERMOT,27-Apr-17,26650,PE,0,0,0,1337.05,720.4,0,0,0,0,17-Apr-17
OPTSTK,EICHERMOT,27-Apr-17,26700,PE,0,0,0,1194.5,754.5,0,0,0,0,17-Apr-17
OPTSTK,EICHERMOT,27-Apr-17,26750,PE,0,0,0,1229.3,789.4,0,0,0,0,17-Apr-17
OPTSTK,EICHERMOT,27-Apr-17,26800,PE,0,0,0,1159.4,825,0,0,0,0,17-Apr-17
OPTSTK,EICHERMOT,27-Apr-17,26850,PE,0,0,0,1112,861.4,0,0,0,0,17-Apr-17
OPTSTK,EICHERMOT,27-Apr-17,26900,PE,0,0,0,1149.75,899.7,0,0,0,0,17-Apr-17
OPTSTK,EICHERMOT,25-May-17,22550,CE,0,0,0,2071.8,3750.4,0,0,0,0,17-Apr-17
OPTSTK,EICHERMOT,25-May-17,22600,CE,0,0,0,2041.75,3702.4,0,0,0,0,17-Apr-17
OPTSTK,EICHERMOT,25-May-17,22650,CE,0,0,0,2012,3654.55,0,0,0,0,17-Apr-17
OPTSTK,EICHERMOT,25-May-17,22700,CE,0,0,0,2165.6,3606.75,0,0,0,0,17-Apr-17
OPTSTK,EICHERMOT,25-May-17,22750,CE,0,0,0,2135.05,3559.1,0,0,0,0,17-Apr-17
OPTSTK,EICHERMOT,25-May-17,22800,CE,0,0,0,2104.75,3511.55,0,0,0,0,17-Apr-17
OPTSTK,EICHERMOT,25-May-17,22850,CE,0,0,0,2074.75,3464.15,0,0,0,0,17-Apr-17
OPTSTK,EICHERMOT,25-May-17,22900,CE,0,0,0,2045.05,3416.85,0,0,0,0,17-Apr-17
OPTSTK,EICHERMOT,25-May-17,22950,CE,0,0,0,2015.6,3369.7,0,0,0,0,17-Apr-17
OPTSTK,EICHERMOT,25-May-17,23000,CE,0,0,0,1986.4,3322.7,0,0,0,0,17-Apr-17
OPTSTK,EICHERMOT,25-May-17,23050,CE,0,0,0,1957.5,3275.85,0,0,0,0,17-Apr-17
OPTSTK,EICHERMOT,25-May-17,23100,CE,0,0,0,1928.9,3229.15,0,0,0,0,17-Apr-17
OPTSTK,EICHERMOT,25-May-17,23150,CE,0,0,0,2178.45,3182.55,0,0,0,0,17-Apr-17
OPTSTK,EICHERMOT,25-May-17,23200,CE,0,0,0,2148.15,3136.2,0,0,0,0,17-Apr-17
OPTSTK,EICHERMOT,25-May-17,23250,CE,0,0,0,2118.1,3089.95,0,0,0,0,17-Apr-17
OPTSTK,EICHERMOT,25-May-17,23300,CE,0,0,0,2088.35,3043.9,0,0,0,0,17-Apr-17
OPTSTK,EICHERMOT,25-May-17,23350,CE,0,0,0,2237.1,2998.05,0,0,0,0,17-Apr-17
OPTSTK,EICHERMOT,25-May-17,23400,CE,0,0,0,2207,2952.4,0,0,0,0,17-Apr-17
OPTSTK,EICHERMOT,25-May-17,23450,CE,0,0,0,2177.2,2906.95,0,0,0,0,17-Apr-17
OPTSTK,EICHERMOT,25-May-17,23500,CE,0,0,0,2147.6,2861.65,0,0,0,0,17-Apr-17
OPTSTK,EICHERMOT,25-May-17,23550,CE,0,0,0,2118.3,2816.6,0,0,0,0,17-Apr-17
OPTSTK,EICHERMOT,25-May-17,23600,CE,0,0,0,2089.3,2771.75,0,0,0,0,17-Apr-17
OPTSTK,EICHERMOT,25-May-17,23650,CE,0,0,0,2060.5,2727.15,0,0,0,0,17-Apr-17
OPTSTK,EICHERMOT,25-May-17,23700,CE,0,0,0,2032,2682.8,0,0,0,0,17-Apr-17
OPTSTK,EICHERMOT,25-May-17,23750,CE,0,0,0,2003.7,2638.65,0,0,0,0,17-Apr-17
OPTSTK,EICHERMOT,25-May-17,23800,CE,0,0,0,1975.75,2594.75,0,0,0,0,17-Apr-17
OPTSTK,EICHERMOT,25-May-17,23850,CE,0,0,0,1948,2551.1,0,0,0,0,17-Apr-17
OPTSTK,EICHERMOT,25-May-17,23900,CE,0,0,0,2245.85,2507.7,0,0,0,0,17-Apr-17
OPTSTK,EICHERMOT,25-May-17,23950,CE,0,0,0,2215.75,2464.6,0,0,0,0,17-Apr-17
OPTSTK,EICHERMOT,25-May-17,24000,CE,0,0,0,2185.95,2421.75,0,0,0,0,17-Apr-17
OPTSTK,EICHERMOT,25-May-17,24050,CE,0,0,0,2156.35,2379.2,0,0,0,0,17-Apr-17
OPTSTK,EICHERMOT,25-May-17,24100,CE,0,0,0,2127.05,2336.9,0,0,0,0,17-Apr-17
OPTSTK,EICHERMOT,25-May-17,24150,CE,0,0,0,2098,2294.9,0,0,0,0,17-Apr-17
OPTSTK,EICHERMOT,25-May-17,24200,CE,0,0,0,2069.2,2253.25,0,0,0,0,17-Apr-17
OPTSTK,EICHERMOT,25-May-17,24250,CE,0,0,0,2040.65,2211.85,0,0,0,0,17-Apr-17
OPTSTK,EICHERMOT,25-May-17,24300,CE,0,0,0,2012.35,2170.8,0,0,0,0,17-Apr-17
OPTSTK,EICHERMOT,25-May-17,24350,CE,0,0,0,1984.35,2130.1,0,0,0,0,17-Apr-17
OPTSTK,EICHERMOT,25-May-17,24400,CE,0,0,0,1956.6,2089.7,0,0,0,0,17-Apr-17
OPTSTK,EICHERMOT,25-May-17,24450,CE,0,0,0,1929.1,2049.65,0,0,0,0,17-Apr-17
OPTSTK,EICHERMOT,25-May-17,24500,CE,0,0,0,1901.85,2009.9,0,0,0,0,17-Apr-17
OPTSTK,EICHERMOT,25-May-17,24550,CE,0,0,0,1874.9,1970.55,0,0,0,0,17-Apr-17
OPTSTK,EICHERMOT,25-May-17,24600,CE,0,0,0,1848.15,1931.5,0,0,0,0,17-Apr-17
OPTSTK,EICHERMOT,25-May-17,24650,CE,0,0,0,1821.7,1892.85,0,0,0,0,17-Apr-17
OPTSTK,EICHERMOT,25-May-17,24700,CE,0,0,0,1795.5,1854.6,0,0,0,0,17-Apr-17
OPTSTK,EICHERMOT,25-May-17,24750,CE,0,0,0,1769.6,1816.7,0,0,0,0,17-Apr-17
OPTSTK,EICHERMOT,25-May-17,24800,CE,0,0,0,1743.9,1779.15,0,0,0,0,17-Apr-17
OPTSTK,EICHERMOT,25-May-17,24850,CE,0,0,0,1718.5,1743,0,0,0,0,17-Apr-17
OPTSTK,EICHERMOT,25-May-17,24900,CE,0,0,0,1693.35,1706.15,0,0,0,0,17-Apr-17
OPTSTK,EICHERMOT,25-May-17,24950,CE,0,0,0,1668.45,1669.75,0,0,0,0,17-Apr-17
OPTSTK,EICHERMOT,25-May-17,25000,CE,0,0,0,1643.7,1632.65,0,0,0,0,17-Apr-17
OPTSTK,EICHERMOT,25-May-17,25050,CE,0,0,0,1619.3,1597.1,0,0,0,0,17-Apr-17
OPTSTK,EICHERMOT,25-May-17,25100,CE,0,0,0,1595.2,1562,0,0,0,0,17-Apr-17
OPTSTK,EICHERMOT,25-May-17,25150,CE,0,0,0,1571.3,1527.35,0,0,0,0,17-Apr-17
OPTSTK,EICHERMOT,25-May-17,25200,CE,0,0,0,1547.7,1493.05,0,0,0,0,17-Apr-17
OPTSTK,EICHERMOT,25-May-17,25250,CE,0,0,0,1524.35,1459.25,0,0,0,0,17-Apr-17
OPTSTK,EICHERMOT,25-May-17,25300,CE,0,0,0,1501.2,1425.85,0,0,0,0,17-Apr-17
OPTSTK,EICHERMOT,25-May-17,25350,CE,0,0,0,1478.35,1392.85,0,0,0,0,17-Apr-17
OPTSTK,EICHERMOT,25-May-17,25400,CE,0,0,0,1455.75,1360.35,0,0,0,0,17-Apr-17
OPTSTK,EICHERMOT,25-May-17,25450,CE,0,0,0,1433.4,1328.25,0,0,0,0,17-Apr-17
OPTSTK,EICHERMOT,25-May-17,25500,CE,0,0,0,1411.3,1296.6,0,0,0,0,17-Apr-17
OPTSTK,EICHERMOT,25-May-17,25550,CE,0,0,0,1389.45,1265.45,0,0,0,0,17-Apr-17
OPTSTK,EICHERMOT,25-May-17,25600,CE,0,0,0,1367.85,1234.7,0,0,0,0,17-Apr-17
OPTSTK,EICHERMOT,25-May-17,25650,CE,0,0,0,1346.5,1204.4,0,0,0,0,17-Apr-17
OPTSTK,EICHERMOT,25-May-17,25700,CE,0,0,0,1325.4,1174.6,0,0,0,0,17-Apr-17
OPTSTK,EICHERMOT,25-May-17,25750,CE,0,0,0,1304.55,1145.2,0,0,0,0,17-Apr-17
OPTSTK,EICHERMOT,25-May-17,25800,CE,0,0,0,1220.45,1116.3,0,0,0,0,17-Apr-17
OPTSTK,EICHERMOT,25-May-17,25850,CE,0,0,0,1263.55,1087.85,0,0,0,0,17-Apr-17
OPTSTK,EICHERMOT,25-May-17,25900,CE,0,0,0,1243.45,1059.85,0,0,0,0,17-Apr-17
OPTSTK,EICHERMOT,25-May-17,25950,CE,0,0,0,946.75,1032.35,0,0,0,0,17-Apr-17
OPTSTK,EICHERMOT,25-May-17,26000,CE,0,0,0,926.9,1005.3,0,0,0,0,17-Apr-17
OPTSTK,EICHERMOT,25-May-17,26050,CE,0,0,0,907.35,978.7,0,0,0,0,17-Apr-17
OPTSTK,EICHERMOT,25-May-17,26100,CE,0,0,0,888.1,952.55,0,0,0,0,17-Apr-17
OPTSTK,EICHERMOT,25-May-17,26150,CE,0,0,0,1061.65,926.9,0,0,0,0,17-Apr-17
OPTSTK,EICHERMOT,25-May-17,26200,CE,0,0,0,1039.7,901.7,0,0,0,0,17-Apr-17
OPTSTK,EICHERMOT,25-May-17,26250,CE,0,0,0,1018.1,876.85,0,0,0,0,17-Apr-17
OPTSTK,EICHERMOT,25-May-17,26300,CE,0,0,0,996.8,852.55,0,0,0,0,17-Apr-17
OPTSTK,EICHERMOT,25-May-17,26350,CE,0,0,0,975.8,828.75,0,0,0,0,17-Apr-17
OPTSTK,EICHERMOT,25-May-17,26400,CE,0,0,0,955.15,805.4,0,0,0,0,17-Apr-17
OPTSTK,EICHERMOT,25-May-17,26450,CE,0,0,0,934.85,782.5,0,0,0,0,17-Apr-17
OPTSTK,EICHERMOT,25-May-17,26500,CE,0,0,0,914.8,760.05,0,0,0,0,17-Apr-17
OPTSTK,EICHERMOT,25-May-17,26550,CE,0,0,0,895.1,738.05,0,0,0,0,17-Apr-17
OPTSTK,EICHERMOT,25-May-17,26600,CE,0,0,0,875.75,716.5,0,0,0,0,17-Apr-17
OPTSTK,EICHERMOT,25-May-17,26650,CE,0,0,0,856.7,695.4,0,0,0,0,17-Apr-17
OPTSTK,EICHERMOT,25-May-17,26700,CE,0,0,0,742.95,674.75,0,0,0,0,17-Apr-17
OPTSTK,EICHERMOT,25-May-17,26750,CE,0,0,0,724.45,654.55,0,0,0,0,17-Apr-17
OPTSTK,EICHERMOT,25-May-17,26800,CE,0,0,0,615.65,634.8,0,0,0,0,17-Apr-17
OPTSTK,EICHERMOT,25-May-17,26850,CE,0,0,0,582.8,615.5,0,0,0,0,17-Apr-17
OPTSTK,EICHERMOT,25-May-17,26900,CE,0,0,0,565.45,596.6,0,0,0,0,17-Apr-17
OPTSTK,EICHERMOT,25-May-17,22550,PE,0,0,0,834.95,22.85,0,0,0,0,17-Apr-17
OPTSTK,EICHERMOT,25-May-17,22600,PE,0,0,0,854.2,24.55,0,0,0,0,17-Apr-17
OPTSTK,EICHERMOT,25-May-17,22650,PE,0,0,0,873.7,26.35,0,0,0,0,17-Apr-17
OPTSTK,EICHERMOT,25-May-17,22700,PE,0,0,0,812.8,28.2,0,0,0,0,17-Apr-17
OPTSTK,EICHERMOT,25-May-17,22750,PE,0,0,0,831.5,30.25,0,0,0,0,17-Apr-17
OPTSTK,EICHERMOT,25-May-17,22800,PE,0,0,0,850.45,32.35,0,0,0,0,17-Apr-17
OPTSTK,EICHERMOT,25-May-17,22850,PE,0,0,0,869.7,34.6,0,0,0,0,17-Apr-17
OPTSTK,EICHERMOT,25-May-17,22900,PE,0,0,0,889.2,36.95,0,0,0,0,17-Apr-17
OPTSTK,EICHERMOT,25-May-17,22950,PE,0,0,0,909,39.5,0,0,0,0,17-Apr-17
OPTSTK,EICHERMOT,25-May-17,23000,PE,0,0,0,929.05,42.15,0,0,0,0,17-Apr-17
OPTSTK,EICHERMOT,25-May-17,23050,PE,0,0,0,949.4,44.95,0,0,0,0,17-Apr-17
OPTSTK,EICHERMOT,25-May-17,23100,PE,0,0,0,970.05,47.9,0,0,0,0,17-Apr-17
OPTSTK,EICHERMOT,25-May-17,23150,PE,0,0,0,844.35,51,0,0,0,0,17-Apr-17
OPTSTK,EICHERMOT,25-May-17,23200,PE,0,0,0,863.3,54.25,0,0,0,0,17-Apr-17
OPTSTK,EICHERMOT,25-May-17,23250,PE,0,0,0,882.5,57.7,0,0,0,0,17-Apr-17
OPTSTK,EICHERMOT,25-May-17,23300,PE,0,0,0,901.95,61.35,0,0,0,0,17-Apr-17
OPTSTK,EICHERMOT,25-May-17,23350,PE,0,0,0,888.55,65.15,0,0,0,0,17-Apr-17
OPTSTK,EICHERMOT,25-May-17,23400,PE,0,0,0,907.7,69.15,0,0,0,0,17-Apr-17
OPTSTK,EICHERMOT,25-May-17,23450,PE,0,0,0,927.1,73.35,0,0,0,0,17-Apr-17
OPTSTK,EICHERMOT,25-May-17,23500,PE,0,0,0,946.8,77.7,0,0,0,0,17-Apr-17
OPTSTK,EICHERMOT,25-May-17,23550,PE,0,0,0,966.7,82.35,0,0,0,0,17-Apr-17
OPTSTK,EICHERMOT,25-May-17,23600,PE,0,0,0,986.9,87.15,0,0,0,0,17-Apr-17
OPTSTK,EICHERMOT,25-May-17,23650,PE,0,0,0,1007.35,92.2,0,0,0,0,17-Apr-17
OPTSTK,EICHERMOT,25-May-17,23700,PE,0,0,0,1028.05,97.5,0,0,0,0,17-Apr-17
OPTSTK,EICHERMOT,25-May-17,23750,PE,0,0,0,1049,103,0,0,0,0,17-Apr-17
OPTSTK,EICHERMOT,25-May-17,23800,PE,0,0,0,1070.25,108.75,0,0,0,0,17-Apr-17
OPTSTK,EICHERMOT,25-May-17,23850,PE,0,0,0,1091.75,114.8,0,0,0,0,17-Apr-17
OPTSTK,EICHERMOT,25-May-17,23900,PE,0,0,0,893.15,121.05,0,0,0,0,17-Apr-17
OPTSTK,EICHERMOT,25-May-17,23950,PE,0,0,0,912.25,127.6,0,0,0,0,17-Apr-17
OPTSTK,EICHERMOT,25-May-17,24000,PE,0,0,0,931.65,134.45,0,0,0,0,17-Apr-17
OPTSTK,EICHERMOT,25-May-17,24050,PE,0,0,0,951.3,141.55,0,0,0,0,17-Apr-17
OPTSTK,EICHERMOT,25-May-17,24100,PE,0,0,0,971.2,148.9,0,0,0,0,17-Apr-17
OPTSTK,EICHERMOT,25-May-17,24150,PE,0,0,0,991.35,156.6,0,0,0,0,17-Apr-17
OPTSTK,EICHERMOT,25-May-17,24200,PE,0,0,0,1011.75,164.6,0,0,0,0,17-Apr-17
OPTSTK,EICHERMOT,25-May-17,24250,PE,0,0,0,1032.45,172.85,0,0,0,0,17-Apr-17
OPTSTK,EICHERMOT,25-May-17,24300,PE,0,0,0,1053.35,181.5,0,0,0,0,17-Apr-17
OPTSTK,EICHERMOT,25-May-17,24350,PE,0,0,0,1074.55,190.4,0,0,0,0,17-Apr-17
OPTSTK,EICHERMOT,25-May-17,24400,PE,0,0,0,1096,199.7,0,0,0,0,17-Apr-17
OPTSTK,EICHERMOT,25-May-17,24450,PE,0,0,0,1117.75,209.3,0,0,0,0,17-Apr-17
OPTSTK,EICHERMOT,25-May-17,24500,PE,0,0,0,1139.7,219.2,0,0,0,0,17-Apr-17
OPTSTK,EICHERMOT,25-May-17,24550,PE,0,0,0,1161.95,229.5,0,0,0,0,17-Apr-17
OPTSTK,EICHERMOT,25-May-17,24600,PE,0,0,0,1184.45,240.15,0,0,0,0,17-Apr-17
OPTSTK,EICHERMOT,25-May-17,24650,PE,0,0,0,1207.2,251.15,0,0,0,0,17-Apr-17
OPTSTK,EICHERMOT,25-May-17,24700,PE,0,0,0,1230.25,262.55,0,0,0,0,17-Apr-17
OPTSTK,EICHERMOT,25-May-17,24750,PE,0,0,0,1253.5,274.3,0,0,0,0,17-Apr-17
OPTSTK,EICHERMOT,25-May-17,24800,PE,0,0,0,1277.05,286.45,0,0,0,0,17-Apr-17
OPTSTK,EICHERMOT,25-May-17,24850,PE,0,0,0,1300.85,299.95,0,0,0,0,17-Apr-17
OPTSTK,EICHERMOT,25-May-17,24900,PE,0,0,0,1324.9,312.8,0,0,0,0,17-Apr-17
OPTSTK,EICHERMOT,25-May-17,24950,PE,0,0,0,1349.25,326,0,0,0,0,17-Apr-17
OPTSTK,EICHERMOT,25-May-17,25000,PE,0,0,0,1373.7,338.6,0,0,0,0,17-Apr-17
OPTSTK,EICHERMOT,25-May-17,25050,PE,0,0,0,1398.55,352.75,0,0,0,0,17-Apr-17
OPTSTK,EICHERMOT,25-May-17,25100,PE,0,0,0,1423.6,367.3,0,0,0,0,17-Apr-17
OPTSTK,EICHERMOT,25-May-17,25150,PE,0,0,0,1448.95,382.25,0,0,0,0,17-Apr-17
OPTSTK,EICHERMOT,25-May-17,25200,PE,0,0,0,1474.55,397.65,0,0,0,0,17-Apr-17
OPTSTK,EICHERMOT,25-May-17,25250,PE,0,0,0,1500.4,413.5,0,0,0,0,17-Apr-17
OPTSTK,EICHERMOT,25-May-17,25300,PE,0,0,0,1526.55,429.75,0,0,0,0,17-Apr-17
OPTSTK,EICHERMOT,25-May-17,25350,PE,0,0,0,1552.9,446.45,0,0,0,0,17-Apr-17
OPTSTK,EICHERMOT,25-May-17,25400,PE,0,0,0,1579.5,463.6,0,0,0,0,17-Apr-17
OPTSTK,EICHERMOT,25-May-17,25450,PE,0,0,0,1606.35,481.15,0,0,0,0,17-Apr-17
OPTSTK,EICHERMOT,25-May-17,25500,PE,0,0,0,1633.5,499.2,0,0,0,0,17-Apr-17
OPTSTK,EICHERMOT,25-May-17,25550,PE,0,0,0,1660.85,517.65,0,0,0,0,17-Apr-17
OPTSTK,EICHERMOT,25-May-17,25600,PE,0,0,0,1688.45,536.6,0,0,0,0,17-Apr-17
OPTSTK,EICHERMOT,25-May-17,25650,PE,0,0,0,1716.35,555.95,0,0,0,0,17-Apr-17
OPTSTK,EICHERMOT,25-May-17,25700,PE,0,0,0,1744.45,575.8,0,0,0,0,17-Apr-17
OPTSTK,EICHERMOT,25-May-17,25750,PE,0,0,0,1772.8,596.1,0,0,0,0,17-Apr-17
OPTSTK,EICHERMOT,25-May-17,25800,PE,0,0,0,1801.4,616.85,0,0,0,0,17-Apr-17
OPTSTK,EICHERMOT,25-May-17,25850,PE,0,0,0,1830.25,638.05,0,0,0,0,17-Apr-17
OPTSTK,EICHERMOT,25-May-17,25900,PE,0,0,0,1859.35,659.75,0,0,0,0,17-Apr-17
OPTSTK,EICHERMOT,25-May-17,25950,PE,0,0,0,1492.8,681.9,0,0,0,0,17-Apr-17
OPTSTK,EICHERMOT,25-May-17,26000,PE,0,0,0,1522.4,704.5,0,0,0,0,17-Apr-17
OPTSTK,EICHERMOT,25-May-17,26050,PE,0,0,0,1552.25,727.55,0,0,0,0,17-Apr-17
OPTSTK,EICHERMOT,25-May-17,26100,PE,0,0,0,1582.45,751.1,0,0,0,0,17-Apr-17
OPTSTK,EICHERMOT,25-May-17,26150,PE,0,0,0,1286.85,775.1,0,0,0,0,17-Apr-17
OPTSTK,EICHERMOT,25-May-17,26200,PE,0,0,0,1314.4,799.55,0,0,0,0,17-Apr-17
OPTSTK,EICHERMOT,25-May-17,26250,PE,0,0,0,1342.3,824.35,0,0,0,0,17-Apr-17
OPTSTK,EICHERMOT,25-May-17,26300,PE,0,0,0,1370.45,849.75,0,0,0,0,17-Apr-17
OPTSTK,EICHERMOT,25-May-17,26350,PE,0,0,0,1399,875.6,0,0,0,0,17-Apr-17
OPTSTK,EICHERMOT,25-May-17,26400,PE,0,0,0,1427.85,901.9,0,0,0,0,17-Apr-17
OPTSTK,EICHERMOT,25-May-17,26450,PE,0,0,0,1457,928.65,0,0,0,0,17-Apr-17
OPTSTK,EICHERMOT,25-May-17,26500,PE,0,0,0,1486.45,955.85,0,0,0,0,17-Apr-17
OPTSTK,EICHERMOT,25-May-17,26550,PE,0,0,0,1516.25,983.55,0,0,0,0,17-Apr-17
OPTSTK,EICHERMOT,25-May-17,26600,PE,0,0,0,1546.35,1011.65,0,0,0,0,17-Apr-17
OPTSTK,EICHERMOT,25-May-17,26650,PE,0,0,0,1576.8,1040.25,0,0,0,0,17-Apr-17
OPTSTK,EICHERMOT,25-May-17,26700,PE,0,0,0,1440.3,1069.25,0,0,0,0,17-Apr-17
OPTSTK,EICHERMOT,25-May-17,26750,PE,0,0,0,1471.35,1098.7,0,0,0,0,17-Apr-17
OPTSTK,EICHERMOT,25-May-17,26800,PE,0,0,0,1390.5,1128.6,0,0,0,0,17-Apr-17
OPTSTK,EICHERMOT,25-May-17,26850,PE,0,0,0,1343.1,1158.95,0,0,0,0,17-Apr-17
OPTSTK,EICHERMOT,25-May-17,26900,PE,0,0,0,1375.35,1189.7,0,0,0,0,17-Apr-17
OPTSTK,EICHERMOT,29-Jun-17,24650,CE,0,0,0,2260.75,2254.5,0,0,0,0,17-Apr-17
OPTSTK,EICHERMOT,29-Jun-17,24700,CE,0,0,0,2230.2,2219.25,0,0,0,0,17-Apr-17
OPTSTK,EICHERMOT,29-Jun-17,24750,CE,0,0,0,2199.85,2183.25,0,0,0,0,17-Apr-17
OPTSTK,EICHERMOT,29-Jun-17,24800,CE,0,0,0,2169.8,2148.65,0,0,0,0,17-Apr-17
OPTSTK,EICHERMOT,29-Jun-17,24850,CE,0,0,0,2139.95,2114.4,0,0,0,0,17-Apr-17
OPTSTK,EICHERMOT,29-Jun-17,24900,CE,0,0,0,2110.45,2080.4,0,0,0,0,17-Apr-17
OPTSTK,EICHERMOT,29-Jun-17,24950,CE,0,0,0,2081.15,2046.75,0,0,0,0,17-Apr-17
OPTSTK,EICHERMOT,29-Jun-17,25000,CE,0,0,0,2052.15,2013.4,0,0,0,0,17-Apr-17
OPTSTK,EICHERMOT,29-Jun-17,25050,CE,0,0,0,2023.4,1980.35,0,0,0,0,17-Apr-17
OPTSTK,EICHERMOT,29-Jun-17,25100,CE,0,0,0,1994.9,1947.65,0,0,0,0,17-Apr-17
OPTSTK,EICHERMOT,29-Jun-17,25150,CE,0,0,0,1966.65,1915.25,0,0,0,0,17-Apr-17
OPTSTK,EICHERMOT,29-Jun-17,25200,CE,0,0,0,1938.7,1883.15,0,0,0,0,17-Apr-17
OPTSTK,EICHERMOT,29-Jun-17,25250,CE,0,0,0,1911,1851.4,0,0,0,0,17-Apr-17
OPTSTK,EICHERMOT,29-Jun-17,25300,CE,0,0,0,1883.55,1819.95,0,0,0,0,17-Apr-17
OPTSTK,EICHERMOT,29-Jun-17,25350,CE,0,0,0,1856.4,1788.85,0,0,0,0,17-Apr-17
OPTSTK,EICHERMOT,29-Jun-17,25400,CE,0,0,0,1829.5,1758.05,0,0,0,0,17-Apr-17
OPTSTK,EICHERMOT,29-Jun-17,25450,CE,0,0,0,1802.85,1727.6,0,0,0,0,17-Apr-17
OPTSTK,EICHERMOT,29-Jun-17,25500,CE,0,0,0,1776.5,1697.45,0,0,0,0,17-Apr-17
OPTSTK,EICHERMOT,29-Jun-17,25550,CE,0,0,0,1750.35,1667.65,0,0,0,0,17-Apr-17
OPTSTK,EICHERMOT,29-Jun-17,25600,CE,0,0,0,1724.5,1638.15,0,0,0,0,17-Apr-17
OPTSTK,EICHERMOT,29-Jun-17,25650,CE,0,0,0,1698.95,1609,0,0,0,0,17-Apr-17
OPTSTK,EICHERMOT,29-Jun-17,25700,CE,0,0,0,1673.6,1580.2,0,0,0,0,17-Apr-17
OPTSTK,EICHERMOT,29-Jun-17,25750,CE,0,0,0,1648.55,1551.7,0,0,0,0,17-Apr-17
OPTSTK,EICHERMOT,29-Jun-17,25800,CE,0,0,0,1623.75,1523.55,0,0,0,0,17-Apr-17
OPTSTK,EICHERMOT,29-Jun-17,25850,CE,0,0,0,1599.1,1495.75,0,0,0,0,17-Apr-17
OPTSTK,EICHERMOT,29-Jun-17,25900,CE,0,0,0,1574.85,1468.25,0,0,0,0,17-Apr-17
OPTSTK,EICHERMOT,29-Jun-17,25950,CE,0,0,0,1550.85,1441.1,0,0,0,0,17-Apr-17
OPTSTK,EICHERMOT,29-Jun-17,26000,CE,0,0,0,1527.1,1414.3,0,0,0,0,17-Apr-17
OPTSTK,EICHERMOT,29-Jun-17,26050,CE,0,0,0,1503.6,1387.8,0,0,0,0,17-Apr-17
OPTSTK,EICHERMOT,29-Jun-17,26100,CE,0,0,0,1480.35,1361.65,0,0,0,0,17-Apr-17
OPTSTK,EICHERMOT,29-Jun-17,26150,CE,0,0,0,1457.35,1335.8,0,0,0,0,17-Apr-17
OPTSTK,EICHERMOT,29-Jun-17,26200,CE,0,0,0,1434.65,1310.3,0,0,0,0,17-Apr-17
OPTSTK,EICHERMOT,29-Jun-17,26250,CE,0,0,0,1412.2,1285.15,0,0,0,0,17-Apr-17
OPTSTK,EICHERMOT,29-Jun-17,26300,CE,0,0,0,1390,1260.2,0,0,0,0,17-Apr-17
OPTSTK,EICHERMOT,29-Jun-17,26350,CE,0,0,0,1368.05,1235.7,0,0,0,0,17-Apr-17
OPTSTK,EICHERMOT,29-Jun-17,26400,CE,0,0,0,1346.35,1211.55,0,0,0,0,17-Apr-17
OPTSTK,EICHERMOT,29-Jun-17,26450,CE,0,0,0,1324.9,1187.7,0,0,0,0,17-Apr-17
OPTSTK,EICHERMOT,29-Jun-17,26500,CE,0,0,0,1303.7,1164.2,0,0,0,0,17-Apr-17
OPTSTK,EICHERMOT,29-Jun-17,26550,CE,0,0,0,1282.75,1141,0,0,0,0,17-Apr-17
OPTSTK,EICHERMOT,29-Jun-17,26600,CE,0,0,0,1262.05,1118.15,0,0,0,0,17-Apr-17
OPTSTK,EICHERMOT,29-Jun-17,26650,CE,0,0,0,1241.6,1095.6,0,0,0,0,17-Apr-17
OPTSTK,EICHERMOT,29-Jun-17,26700,CE,0,0,0,1121.25,1073.4,0,0,0,0,17-Apr-17
OPTSTK,EICHERMOT,29-Jun-17,26750,CE,0,0,0,1101.1,1051.5,0,0,0,0,17-Apr-17
OPTSTK,EICHERMOT,29-Jun-17,26800,CE,0,0,0,979.25,1029.95,0,0,0,0,17-Apr-17
OPTSTK,EICHERMOT,29-Jun-17,26850,CE,0,0,0,944.7,1008.7,0,0,0,0,17-Apr-17
OPTSTK,EICHERMOT,29-Jun-17,26900,CE,0,0,0,925.15,987.8,0,0,0,0,17-Apr-17
OPTSTK,EICHERMOT,29-Jun-17,24650,PE,0,0,0,845.7,460.7,0,0,0,0,17-Apr-17
OPTSTK,EICHERMOT,29-Jun-17,24700,PE,0,0,0,864.3,474.75,0,0,0,0,17-Apr-17
OPTSTK,EICHERMOT,29-Jun-17,24750,PE,0,0,0,883.15,488.15,0,0,0,0,17-Apr-17
OPTSTK,EICHERMOT,29-Jun-17,24800,PE,0,0,0,902.25,502.9,0,0,0,0,17-Apr-17
OPTSTK,EICHERMOT,29-Jun-17,24850,PE,0,0,0,921.6,517.95,0,0,0,0,17-Apr-17
OPTSTK,EICHERMOT,29-Jun-17,24900,PE,0,0,0,941.25,533.35,0,0,0,0,17-Apr-17
OPTSTK,EICHERMOT,29-Jun-17,24950,PE,0,0,0,961.15,549.05,0,0,0,0,17-Apr-17
OPTSTK,EICHERMOT,29-Jun-17,25000,PE,0,0,0,981.3,565.05,0,0,0,0,17-Apr-17
OPTSTK,EICHERMOT,29-Jun-17,25050,PE,0,0,0,1001.7,581.35,0,0,0,0,17-Apr-17
OPTSTK,EICHERMOT,29-Jun-17,25100,PE,0,0,0,1022.4,598,0,0,0,0,17-Apr-17
OPTSTK,EICHERMOT,29-Jun-17,25150,PE,0,0,0,1043.35,614.95,0,0,0,0,17-Apr-17
OPTSTK,EICHERMOT,29-Jun-17,25200,PE,0,0,0,1064.55,632.2,0,0,0,0,17-Apr-17
OPTSTK,EICHERMOT,29-Jun-17,25250,PE,0,0,0,1086.05,649.8,0,0,0,0,17-Apr-17
OPTSTK,EICHERMOT,29-Jun-17,25300,PE,0,0,0,1107.8,667.7,0,0,0,0,17-Apr-17
OPTSTK,EICHERMOT,29-Jun-17,25350,PE,0,0,0,1129.8,685.95,0,0,0,0,17-Apr-17
OPTSTK,EICHERMOT,29-Jun-17,25400,PE,0,0,0,1152.05,704.55,0,0,0,0,17-Apr-17
OPTSTK,EICHERMOT,29-Jun-17,25450,PE,0,0,0,1174.6,723.4,0,0,0,0,17-Apr-17
OPTSTK,EICHERMOT,29-Jun-17,25500,PE,0,0,0,1197.4,742.65,0,0,0,0,17-Apr-17
OPTSTK,EICHERMOT,29-Jun-17,25550,PE,0,0,0,1220.45,762.2,0,0,0,0,17-Apr-17
OPTSTK,EICHERMOT,29-Jun-17,25600,PE,0,0,0,1243.8,782.05,0,0,0,0,17-Apr-17
OPTSTK,EICHERMOT,29-Jun-17,25650,PE,0,0,0,1267.35,802.25,0,0,0,0,17-Apr-17
OPTSTK,EICHERMOT,29-Jun-17,25700,PE,0,0,0,1291.25,822.8,0,0,0,0,17-Apr-17
OPTSTK,EICHERMOT,29-Jun-17,25750,PE,0,0,0,1315.35,843.7,0,0,0,0,17-Apr-17
OPTSTK,EICHERMOT,29-Jun-17,25800,PE,0,0,0,1339.7,864.9,0,0,0,0,17-Apr-17
OPTSTK,EICHERMOT,29-Jun-17,25850,PE,0,0,0,1364.25,886.4,0,0,0,0,17-Apr-17
OPTSTK,EICHERMOT,29-Jun-17,25900,PE,0,0,0,1389.15,908.3,0,0,0,0,17-Apr-17
OPTSTK,EICHERMOT,29-Jun-17,25950,PE,0,0,0,1414.3,930.5,0,0,0,0,17-Apr-17
OPTSTK,EICHERMOT,29-Jun-17,26000,PE,0,0,0,1439.75,953,0,0,0,0,17-Apr-17
OPTSTK,EICHERMOT,29-Jun-17,26050,PE,0,0,0,1465.45,975.9,0,0,0,0,17-Apr-17
OPTSTK,EICHERMOT,29-Jun-17,26100,PE,0,0,0,1491.35,999.1,0,0,0,0,17-Apr-17
OPTSTK,EICHERMOT,29-Jun-17,26150,PE,0,0,0,1517.55,1022.6,0,0,0,0,17-Apr-17
OPTSTK,EICHERMOT,29-Jun-17,26200,PE,0,0,0,1544,1046.45,0,0,0,0,17-Apr-17
OPTSTK,EICHERMOT,29-Jun-17,26250,PE,0,0,0,1570.75,1070.65,0,0,0,0,17-Apr-17
OPTSTK,EICHERMOT,29-Jun-17,26300,PE,0,0,0,1597.7,1095.1,0,0,0,0,17-Apr-17
OPTSTK,EICHERMOT,29-Jun-17,26350,PE,0,0,0,1624.9,1119.95,0,0,0,0,17-Apr-17
OPTSTK,EICHERMOT,29-Jun-17,26400,PE,0,0,0,1652.4,1145.1,0,0,0,0,17-Apr-17
OPTSTK,EICHERMOT,29-Jun-17,26450,PE,0,0,0,1680.1,1170.65,0,0,0,0,17-Apr-17
OPTSTK,EICHERMOT,29-Jun-17,26500,PE,0,0,0,1708.1,1196.45,0,0,0,0,17-Apr-17
OPTSTK,EICHERMOT,29-Jun-17,26550,PE,0,0,0,1736.35,1222.65,0,0,0,0,17-Apr-17
OPTSTK,EICHERMOT,29-Jun-17,26600,PE,0,0,0,1764.8,1249.15,0,0,0,0,17-Apr-17
OPTSTK,EICHERMOT,29-Jun-17,26650,PE,0,0,0,1793.55,1275.95,0,0,0,0,17-Apr-17
OPTSTK,EICHERMOT,29-Jun-17,26700,PE,0,0,0,1653.65,1303.1,0,0,0,0,17-Apr-17
OPTSTK,EICHERMOT,29-Jun-17,26750,PE,0,0,0,1682.75,1330.55,0,0,0,0,17-Apr-17
OPTSTK,EICHERMOT,29-Jun-17,26800,PE,0,0,0,1589.2,1358.35,0,0,0,0,17-Apr-17
OPTSTK,EICHERMOT,29-Jun-17,26850,PE,0,0,0,1539.75,1386.45,0,0,0,0,17-Apr-17
OPTSTK,EICHERMOT,29-Jun-17,26900,PE,0,0,0,1569.45,1414.9,0,0,0,0,17-Apr-17
OPTSTK,ENGINERSIN,27-Apr-17,110,CE,0,0,0,44.85,51.25,0,0,0,0,17-Apr-17
OPTSTK,ENGINERSIN,27-Apr-17,115,CE,0,0,0,40.5,46.25,0,0,0,0,17-Apr-17
OPTSTK,ENGINERSIN,27-Apr-17,120,CE,0,0,0,36.3,41.3,0,0,0,0,17-Apr-17
OPTSTK,ENGINERSIN,27-Apr-17,125,CE,0,0,0,32.35,36.3,0,0,0,0,17-Apr-17
OPTSTK,ENGINERSIN,27-Apr-17,130,CE,0,0,0,28.65,31.3,0,0,0,0,17-Apr-17
OPTSTK,ENGINERSIN,27-Apr-17,135,CE,0,0,0,25.15,26.3,0,0,0,0,17-Apr-17
OPTSTK,ENGINERSIN,27-Apr-17,140,CE,0,0,0,10.25,21.35,0,0,28000,0,17-Apr-17
OPTSTK,ENGINERSIN,27-Apr-17,145,CE,13.1,13.1,13.1,13.1,13.1,1,11.06,112000,0,17-Apr-17
OPTSTK,ENGINERSIN,27-Apr-17,150,CE,7.5,12.25,7.5,11.4,11.4,25,279.27,434000,-112000,17-Apr-17
OPTSTK,ENGINERSIN,27-Apr-17,155,CE,5.8,8.4,4.3,7.3,7.3,170,1919.63,945000,-14000,17-Apr-17
OPTSTK,ENGINERSIN,27-Apr-17,160,CE,3.45,5.1,2.3,4.25,4.25,781,8951.58,1764000,-602000,17-Apr-17
OPTSTK,ENGINERSIN,27-Apr-17,165,CE,1.8,2.95,1.2,2.35,2.35,477,5583.56,1204000,140000,17-Apr-17
OPTSTK,ENGINERSIN,27-Apr-17,170,CE,1,1.55,0.7,1.15,1.15,252,3019.7,1162000,126000,17-Apr-17
OPTSTK,ENGINERSIN,27-Apr-17,175,CE,0.55,0.85,0.45,0.6,0.6,104,1278.83,441000,98000,17-Apr-17
OPTSTK,ENGINERSIN,27-Apr-17,180,CE,2,2,0.25,0.35,0.35,70,883.94,231000,112000,17-Apr-17
OPTSTK,ENGINERSIN,27-Apr-17,185,CE,0,0,0,5.1,0.05,0,0,0,0,17-Apr-17
OPTSTK,ENGINERSIN,27-Apr-17,190,CE,0,0,0,4.25,0,0,0,0,0,17-Apr-17
OPTSTK,ENGINERSIN,27-Apr-17,195,CE,0,0,0,3.5,0,0,0,0,0,17-Apr-17
OPTSTK,ENGINERSIN,27-Apr-17,200,CE,0,0,0,2.9,0,0,0,0,0,17-Apr-17
OPTSTK,ENGINERSIN,27-Apr-17,110,PE,0,0,0,1.05,0,0,0,0,0,17-Apr-17
OPTSTK,ENGINERSIN,27-Apr-17,115,PE,0,0,0,0.1,0,0,0,49000,0,17-Apr-17
OPTSTK,ENGINERSIN,27-Apr-17,120,PE,0,0,0,2.35,0,0,0,0,0,17-Apr-17
OPTSTK,ENGINERSIN,27-Apr-17,125,PE,0,0,0,3.3,0,0,0,0,0,17-Apr-17
OPTSTK,ENGINERSIN,27-Apr-17,130,PE,0.05,0.1,0.05,0.1,0.1,4,36.41,49000,-28000,17-Apr-17
OPTSTK,ENGINERSIN,27-Apr-17,135,PE,0,0,0,0.1,0,0,0,196000,0,17-Apr-17
OPTSTK,ENGINERSIN,27-Apr-17,140,PE,0.2,0.2,0.1,0.1,0.1,5,49.04,693000,-21000,17-Apr-17
OPTSTK,ENGINERSIN,27-Apr-17,145,PE,0.5,0.5,0.15,0.2,0.2,50,508.33,826000,-70000,17-Apr-17
OPTSTK,ENGINERSIN,27-Apr-17,150,PE,0.75,1.25,0.3,0.35,0.35,122,1285.41,924000,0,17-Apr-17
OPTSTK,ENGINERSIN,27-Apr-17,155,PE,2.4,2.95,0.85,0.95,0.95,152,1664.65,637000,70000,17-Apr-17
OPTSTK,ENGINERSIN,27-Apr-17,160,PE,5.6,5.6,2.55,2.7,2.7,88,1005.36,469000,238000,17-Apr-17
OPTSTK,ENGINERSIN,27-Apr-17,165,PE,5.9,6.5,5.05,5.8,5.8,12,143.5,56000,56000,17-Apr-17
OPTSTK,ENGINERSIN,27-Apr-17,170,PE,8.5,8.5,8.5,8.5,8.5,1,12.49,7000,7000,17-Apr-17
OPTSTK,ENGINERSIN,27-Apr-17,175,PE,0,0,0,27.4,13.95,0,0,0,0,17-Apr-17
OPTSTK,ENGINERSIN,27-Apr-17,180,PE,0,0,0,31.15,18.75,0,0,0,0,17-Apr-17
OPTSTK,ENGINERSIN,27-Apr-17,185,PE,0,0,0,35.05,23.65,0,0,0,0,17-Apr-17
OPTSTK,ENGINERSIN,27-Apr-17,190,PE,0,0,0,39.1,28.65,0,0,0,0,17-Apr-17
OPTSTK,ENGINERSIN,27-Apr-17,195,PE,0,0,0,43.3,33.65,0,0,0,0,17-Apr-17
OPTSTK,ENGINERSIN,27-Apr-17,200,PE,0,0,0,47.6,38.6,0,0,0,0,17-Apr-17
OPTSTK,ENGINERSIN,25-May-17,110,CE,0,0,0,40.2,51.8,0,0,0,0,17-Apr-17
OPTSTK,ENGINERSIN,25-May-17,115,CE,0,0,0,35.8,46.85,0,0,0,0,17-Apr-17
OPTSTK,ENGINERSIN,25-May-17,120,CE,0,0,0,31.65,41.9,0,0,0,0,17-Apr-17
OPTSTK,ENGINERSIN,25-May-17,125,CE,0,0,0,27.7,36.95,0,0,0,0,17-Apr-17
OPTSTK,ENGINERSIN,25-May-17,130,CE,0,0,0,24.1,32.05,0,0,0,0,17-Apr-17
OPTSTK,ENGINERSIN,25-May-17,135,CE,0,0,0,20.7,27.25,0,0,0,0,17-Apr-17
OPTSTK,ENGINERSIN,25-May-17,140,CE,0,0,0,17.7,22.6,0,0,0,0,17-Apr-17
OPTSTK,ENGINERSIN,25-May-17,145,CE,0,0,0,15,18.25,0,0,0,0,17-Apr-17
OPTSTK,ENGINERSIN,25-May-17,150,CE,0,0,0,12.6,14.3,0,0,0,0,17-Apr-17
OPTSTK,ENGINERSIN,25-May-17,155,CE,0,0,0,10.5,10.8,0,0,0,0,17-Apr-17
OPTSTK,ENGINERSIN,25-May-17,160,CE,0,0,0,5.75,7.9,0,0,14000,0,17-Apr-17
OPTSTK,ENGINERSIN,25-May-17,165,CE,4,4.5,3.55,4.5,4.5,13,153.6,42000,-63000,17-Apr-17
OPTSTK,ENGINERSIN,25-May-17,170,CE,3.8,4.3,3.8,4,4,6,73.1,77000,28000,17-Apr-17
OPTSTK,ENGINERSIN,25-May-17,175,CE,0,0,0,4.7,2.45,0,0,0,0,17-Apr-17
OPTSTK,ENGINERSIN,25-May-17,180,CE,0,0,0,3.8,1.55,0,0,0,0,17-Apr-17
OPTSTK,ENGINERSIN,25-May-17,185,CE,0,0,0,3.05,0.95,0,0,0,0,17-Apr-17
OPTSTK,ENGINERSIN,25-May-17,190,CE,0,0,0,2.45,0.55,0,0,0,0,17-Apr-17
OPTSTK,ENGINERSIN,25-May-17,195,CE,0,0,0,1.95,0.35,0,0,0,0,17-Apr-17
OPTSTK,ENGINERSIN,25-May-17,200,CE,0,0,0,1.55,0.2,0,0,0,0,17-Apr-17
OPTSTK,ENGINERSIN,25-May-17,110,PE,0,0,0,0.9,0,0,0,0,0,17-Apr-17
OPTSTK,ENGINERSIN,25-May-17,115,PE,0,0,0,1.45,0,0,0,0,0,17-Apr-17
OPTSTK,ENGINERSIN,25-May-17,120,PE,0,0,0,2.2,0.05,0,0,0,0,17-Apr-17
OPTSTK,ENGINERSIN,25-May-17,125,PE,0,0,0,3.2,0.05,0,0,0,0,17-Apr-17
OPTSTK,ENGINERSIN,25-May-17,130,PE,0,0,0,4.5,0.1,0,0,0,0,17-Apr-17
OPTSTK,ENGINERSIN,25-May-17,135,PE,0,0,0,6.05,0.3,0,0,0,0,17-Apr-17
OPTSTK,ENGINERSIN,25-May-17,140,PE,0,0,0,7.95,0.6,0,0,0,0,17-Apr-17
OPTSTK,ENGINERSIN,25-May-17,145,PE,1.2,1.2,1.2,1.2,1.2,1,10.23,7000,7000,17-Apr-17
OPTSTK,ENGINERSIN,25-May-17,150,PE,2,2,2,2,2,2,21.28,42000,7000,17-Apr-17
OPTSTK,ENGINERSIN,25-May-17,155,PE,0,0,0,15.5,3.7,0,0,0,0,17-Apr-17
OPTSTK,ENGINERSIN,25-May-17,160,PE,0,0,0,18.6,5.75,0,0,0,0,17-Apr-17
OPTSTK,ENGINERSIN,25-May-17,165,PE,0,0,0,22,8.4,0,0,0,0,17-Apr-17
OPTSTK,ENGINERSIN,25-May-17,170,PE,0,0,0,12.55,11.55,0,0,7000,0,17-Apr-17
OPTSTK,ENGINERSIN,25-May-17,175,PE,0,0,0,29.45,15.25,0,0,0,0,17-Apr-17
OPTSTK,ENGINERSIN,25-May-17,180,PE,0,0,0,33.45,19.3,0,0,0,0,17-Apr-17
OPTSTK,ENGINERSIN,25-May-17,185,PE,0,0,0,37.6,23.65,0,0,0,0,17-Apr-17
OPTSTK,ENGINERSIN,25-May-17,190,PE,0,0,0,41.9,28.25,0,0,0,0,17-Apr-17
OPTSTK,ENGINERSIN,25-May-17,195,PE,0,0,0,46.35,32.95,0,0,0,0,17-Apr-17
OPTSTK,ENGINERSIN,25-May-17,200,PE,0,0,0,50.85,37.8,0,0,0,0,17-Apr-17
OPTSTK,ENGINERSIN,29-Jun-17,110,CE,0,0,0,35.85,52.5,0,0,0,0,17-Apr-17
OPTSTK,ENGINERSIN,29-Jun-17,115,CE,0,0,0,31.2,47.6,0,0,0,0,17-Apr-17
OPTSTK,ENGINERSIN,29-Jun-17,120,CE,0,0,0,26.7,42.75,0,0,0,0,17-Apr-17
OPTSTK,ENGINERSIN,29-Jun-17,125,CE,0,0,0,22.5,37.95,0,0,0,0,17-Apr-17
OPTSTK,ENGINERSIN,29-Jun-17,130,CE,0,0,0,18.6,33.3,0,0,0,0,17-Apr-17
OPTSTK,ENGINERSIN,29-Jun-17,135,CE,0,0,0,15.1,28.8,0,0,0,0,17-Apr-17
OPTSTK,ENGINERSIN,29-Jun-17,140,CE,0,0,0,12.05,24.55,0,0,0,0,17-Apr-17
OPTSTK,ENGINERSIN,29-Jun-17,145,CE,0,0,0,9.4,20.6,0,0,0,0,17-Apr-17
OPTSTK,ENGINERSIN,29-Jun-17,150,CE,0,0,0,7.2,17,0,0,0,0,17-Apr-17
OPTSTK,ENGINERSIN,29-Jun-17,155,CE,0,0,0,5.45,13.8,0,0,0,0,17-Apr-17
OPTSTK,ENGINERSIN,29-Jun-17,160,CE,0,0,0,4,11,0,0,0,0,17-Apr-17
OPTSTK,ENGINERSIN,29-Jun-17,165,CE,0,0,0,2.9,8.6,0,0,0,0,17-Apr-17
OPTSTK,ENGINERSIN,29-Jun-17,170,CE,0,0,0,2.1,6.65,0,0,0,0,17-Apr-17
OPTSTK,ENGINERSIN,29-Jun-17,175,CE,0,0,0,1.5,5.05,0,0,0,0,17-Apr-17
OPTSTK,ENGINERSIN,29-Jun-17,180,CE,0,0,0,1.05,3.75,0,0,0,0,17-Apr-17
OPTSTK,ENGINERSIN,29-Jun-17,185,CE,0,0,0,0.7,2.75,0,0,0,0,17-Apr-17
OPTSTK,ENGINERSIN,29-Jun-17,190,CE,0,0,0,0.5,2,0,0,0,0,17-Apr-17
OPTSTK,ENGINERSIN,29-Jun-17,195,CE,0,0,0,0.35,1.45,0,0,0,0,17-Apr-17
OPTSTK,ENGINERSIN,29-Jun-17,200,CE,0,0,0,0.2,1,0,0,0,0,17-Apr-17
OPTSTK,ENGINERSIN,29-Jun-17,110,PE,0,0,0,0.25,0.05,0,0,0,0,17-Apr-17
OPTSTK,ENGINERSIN,29-Jun-17,115,PE,0,0,0,0.55,0.1,0,0,0,0,17-Apr-17
OPTSTK,ENGINERSIN,29-Jun-17,120,PE,0,0,0,1,0.15,0,0,0,0,17-Apr-17
OPTSTK,ENGINERSIN,29-Jun-17,125,PE,0,0,0,1.7,0.3,0,0,0,0,17-Apr-17
OPTSTK,ENGINERSIN,29-Jun-17,130,PE,0,0,0,2.7,0.6,0,0,0,0,17-Apr-17
OPTSTK,ENGINERSIN,29-Jun-17,135,PE,0,0,0,4.15,1,0,0,0,0,17-Apr-17
OPTSTK,ENGINERSIN,29-Jun-17,140,PE,0,0,0,6,1.7,0,0,0,0,17-Apr-17
OPTSTK,ENGINERSIN,29-Jun-17,145,PE,0,0,0,8.25,2.7,0,0,0,0,17-Apr-17
OPTSTK,ENGINERSIN,29-Jun-17,150,PE,0,0,0,11,4,0,0,0,0,17-Apr-17
OPTSTK,ENGINERSIN,29-Jun-17,155,PE,0,0,0,14.1,5.75,0,0,0,0,17-Apr-17
OPTSTK,ENGINERSIN,29-Jun-17,160,PE,0,0,0,17.65,7.9,0,0,0,0,17-Apr-17
OPTSTK,ENGINERSIN,29-Jun-17,165,PE,0,0,0,21.45,10.45,0,0,0,0,17-Apr-17
OPTSTK,ENGINERSIN,29-Jun-17,170,PE,0,0,0,25.55,13.4,0,0,0,0,17-Apr-17
OPTSTK,ENGINERSIN,29-Jun-17,175,PE,0,0,0,29.85,16.7,0,0,0,0,17-Apr-17
OPTSTK,ENGINERSIN,29-Jun-17,180,PE,0,0,0,34.3,20.4,0,0,0,0,17-Apr-17
OPTSTK,ENGINERSIN,29-Jun-17,185,PE,0,0,0,38.9,24.3,0,0,0,0,17-Apr-17
OPTSTK,ENGINERSIN,29-Jun-17,190,PE,0,0,0,43.6,28.5,0,0,0,0,17-Apr-17
OPTSTK,ENGINERSIN,29-Jun-17,195,PE,0,0,0,48.35,32.85,0,0,0,0,17-Apr-17
OPTSTK,ENGINERSIN,29-Jun-17,200,PE,0,0,0,53.15,37.4,0,0,0,0,17-Apr-17
OPTSTK,EQUITAS,27-Apr-17,125,CE,0,0,0,39.95,40.5,0,0,0,0,17-Apr-17
OPTSTK,EQUITAS,27-Apr-17,130,CE,0,0,0,35,35.5,0,0,0,0,17-Apr-17
OPTSTK,EQUITAS,27-Apr-17,135,CE,0,0,0,30.05,30.5,0,0,0,0,17-Apr-17
OPTSTK,EQUITAS,27-Apr-17,140,CE,0,0,0,25.2,25.5,0,0,0,0,17-Apr-17
OPTSTK,EQUITAS,27-Apr-17,145,CE,0,0,0,20.5,20.55,0,0,0,0,17-Apr-17
OPTSTK,EQUITAS,27-Apr-17,150,CE,0,0,0,16.1,15.6,0,0,0,0,17-Apr-17
OPTSTK,EQUITAS,27-Apr-17,155,CE,0,0,0,12.1,10.9,0,0,0,0,17-Apr-17
OPTSTK,EQUITAS,27-Apr-17,160,CE,10,10,7.5,7.75,7.75,6,32.33,44800,0,17-Apr-17
OPTSTK,EQUITAS,27-Apr-17,165,CE,5.1,6.45,4.45,4.55,4.55,22,120.02,163200,0,17-Apr-17
OPTSTK,EQUITAS,27-Apr-17,170,CE,2.75,3.95,2.55,2.7,2.7,177,980.96,582400,70400,17-Apr-17
OPTSTK,EQUITAS,27-Apr-17,175,CE,2.05,2.3,1.45,1.55,1.55,86,486.65,566400,6400,17-Apr-17
OPTSTK,EQUITAS,27-Apr-17,180,CE,1.05,1.7,0.9,1,1,27,156.46,672000,32000,17-Apr-17
OPTSTK,EQUITAS,27-Apr-17,185,CE,0.75,0.75,0.55,0.6,0.6,6,35.64,57600,-6400,17-Apr-17
OPTSTK,EQUITAS,27-Apr-17,190,CE,0.35,0.35,0.35,0.35,0.35,1,6.09,172800,0,17-Apr-17
OPTSTK,EQUITAS,27-Apr-17,195,CE,0,0,0,0.5,0,0,0,12800,0,17-Apr-17
OPTSTK,EQUITAS,27-Apr-17,200,CE,0.25,0.25,0.2,0.2,0.2,4,25.62,211200,-6400,17-Apr-17
OPTSTK,EQUITAS,27-Apr-17,205,CE,0,0,0,0.05,0,0,0,0,0,17-Apr-17
OPTSTK,EQUITAS,27-Apr-17,125,PE,0,0,0,0.05,0,0,0,0,0,17-Apr-17
OPTSTK,EQUITAS,27-Apr-17,130,PE,0,0,0,0.05,0,0,0,0,0,17-Apr-17
OPTSTK,EQUITAS,27-Apr-17,135,PE,0,0,0,0.1,0,0,0,0,0,17-Apr-17
OPTSTK,EQUITAS,27-Apr-17,140,PE,0,0,0,0.2,0,0,0,3200,0,17-Apr-17
OPTSTK,EQUITAS,27-Apr-17,145,PE,0,0,0,0.45,0.05,0,0,6400,0,17-Apr-17
OPTSTK,EQUITAS,27-Apr-17,150,PE,0.3,0.5,0.25,0.45,0.45,11,52.92,80000,3200,17-Apr-17
OPTSTK,EQUITAS,27-Apr-17,155,PE,0.8,0.95,0.5,0.95,0.95,9,44.83,102400,12800,17-Apr-17
OPTSTK,EQUITAS,27-Apr-17,160,PE,1.8,2.2,1.2,2.1,2.1,20,103.43,275200,-6400,17-Apr-17
OPTSTK,EQUITAS,27-Apr-17,165,PE,3.35,3.6,2.5,3.6,3.6,8,43,92800,-16000,17-Apr-17
OPTSTK,EQUITAS,27-Apr-17,170,PE,5.5,6.65,5.5,6.65,6.65,3,16.88,137600,0,17-Apr-17
OPTSTK,EQUITAS,27-Apr-17,175,PE,0,0,0,12,10.05,0,0,12800,0,17-Apr-17
OPTSTK,EQUITAS,27-Apr-17,180,PE,15.5,15.5,14,14,14,2,12.46,12800,0,17-Apr-17
OPTSTK,EQUITAS,27-Apr-17,185,PE,0,0,0,20.55,19.5,0,0,0,0,17-Apr-17
OPTSTK,EQUITAS,27-Apr-17,190,PE,0,0,0,25.15,24.45,0,0,0,0,17-Apr-17
OPTSTK,EQUITAS,27-Apr-17,195,PE,0,0,0,29.95,29.45,0,0,0,0,17-Apr-17
OPTSTK,EQUITAS,27-Apr-17,200,PE,0,0,0,34.8,34.4,0,0,0,0,17-Apr-17
OPTSTK,EQUITAS,27-Apr-17,205,PE,0,0,0,39.75,39.4,0,0,0,0,17-Apr-17
OPTSTK,EQUITAS,25-May-17,125,CE,0,0,0,40.65,41.1,0,0,0,0,17-Apr-17
OPTSTK,EQUITAS,25-May-17,130,CE,0,0,0,35.85,36.15,0,0,0,0,17-Apr-17
OPTSTK,EQUITAS,25-May-17,135,CE,0,0,0,31.1,31.25,0,0,0,0,17-Apr-17
OPTSTK,EQUITAS,25-May-17,140,CE,0,0,0,26.55,26.45,0,0,0,0,17-Apr-17
OPTSTK,EQUITAS,25-May-17,145,CE,0,0,0,22.2,21.8,0,0,0,0,17-Apr-17
OPTSTK,EQUITAS,25-May-17,150,CE,0,0,0,18.2,17.4,0,0,0,0,17-Apr-17
OPTSTK,EQUITAS,25-May-17,155,CE,0,0,0,14.6,13.45,0,0,0,0,17-Apr-17
OPTSTK,EQUITAS,25-May-17,160,CE,0,0,0,11.45,10,0,0,0,0,17-Apr-17
OPTSTK,EQUITAS,25-May-17,165,CE,0,0,0,8,7.1,0,0,3200,0,17-Apr-17
OPTSTK,EQUITAS,25-May-17,170,CE,0,0,0,6.55,4.85,0,0,0,0,17-Apr-17
OPTSTK,EQUITAS,25-May-17,175,CE,6,6,6,6,6,4,23.16,12800,12800,17-Apr-17
OPTSTK,EQUITAS,25-May-17,180,CE,0,0,0,3.45,2,0,0,0,0,17-Apr-17
OPTSTK,EQUITAS,25-May-17,185,CE,0,0,0,2.4,1.2,0,0,0,0,17-Apr-17
OPTSTK,EQUITAS,25-May-17,190,CE,0,0,0,1.65,0.7,0,0,0,0,17-Apr-17
OPTSTK,EQUITAS,25-May-17,195,CE,0,0,0,1.1,0.4,0,0,0,0,17-Apr-17
OPTSTK,EQUITAS,25-May-17,200,CE,0,0,0,0.75,0.2,0,0,0,0,17-Apr-17
OPTSTK,EQUITAS,25-May-17,205,CE,0,0,0,0.5,0.1,0,0,0,0,17-Apr-17
OPTSTK,EQUITAS,25-May-17,125,PE,0,0,0,0.1,0.05,0,0,0,0,17-Apr-17
OPTSTK,EQUITAS,25-May-17,130,PE,0,0,0,0.2,0.05,0,0,0,0,17-Apr-17
OPTSTK,EQUITAS,25-May-17,135,PE,0,0,0,0.4,0.1,0,0,0,0,17-Apr-17
OPTSTK,EQUITAS,25-May-17,140,PE,0,0,0,0.8,0.25,0,0,0,0,17-Apr-17
OPTSTK,EQUITAS,25-May-17,145,PE,0,0,0,1.45,0.55,0,0,0,0,17-Apr-17
OPTSTK,EQUITAS,25-May-17,150,PE,0,0,0,2.4,1.15,0,0,0,0,17-Apr-17
OPTSTK,EQUITAS,25-May-17,155,PE,0,0,0,3.75,2.15,0,0,0,0,17-Apr-17
OPTSTK,EQUITAS,25-May-17,160,PE,4.5,5,4.5,5,5,2,10.54,6400,6400,17-Apr-17
OPTSTK,EQUITAS,25-May-17,165,PE,0,0,0,5.5,5.75,0,0,3200,0,17-Apr-17
OPTSTK,EQUITAS,25-May-17,170,PE,0,0,0,10.55,8.45,0,0,0,0,17-Apr-17
OPTSTK,EQUITAS,25-May-17,175,PE,0,0,0,13.7,11.75,0,0,0,0,17-Apr-17
OPTSTK,EQUITAS,25-May-17,180,PE,0,0,0,17.3,15.55,0,0,0,0,17-Apr-17
OPTSTK,EQUITAS,25-May-17,185,PE,0,0,0,21.2,19.7,0,0,0,0,17-Apr-17
OPTSTK,EQUITAS,25-May-17,190,PE,0,0,0,25.4,24.2,0,0,0,0,17-Apr-17
OPTSTK,EQUITAS,25-May-17,195,PE,0,0,0,29.8,28.85,0,0,0,0,17-Apr-17
OPTSTK,EQUITAS,25-May-17,200,PE,0,0,0,34.4,33.6,0,0,0,0,17-Apr-17
OPTSTK,EQUITAS,25-May-17,205,PE,0,0,0,39.1,38.5,0,0,0,0,17-Apr-17
OPTSTK,EQUITAS,29-Jun-17,125,CE,0,0,0,41.7,42,0,0,0,0,17-Apr-17
OPTSTK,EQUITAS,29-Jun-17,130,CE,0,0,0,37.05,37.2,0,0,0,0,17-Apr-17
OPTSTK,EQUITAS,29-Jun-17,135,CE,0,0,0,32.6,32.5,0,0,0,0,17-Apr-17
OPTSTK,EQUITAS,29-Jun-17,140,CE,0,0,0,28.3,27.95,0,0,0,0,17-Apr-17
OPTSTK,EQUITAS,29-Jun-17,145,CE,0,0,0,24.3,23.65,0,0,0,0,17-Apr-17
OPTSTK,EQUITAS,29-Jun-17,150,CE,0,0,0,20.6,19.7,0,0,0,0,17-Apr-17
OPTSTK,EQUITAS,29-Jun-17,155,CE,0,0,0,17.2,16.05,0,0,0,0,17-Apr-17
OPTSTK,EQUITAS,29-Jun-17,160,CE,0,0,0,14.2,12.85,0,0,0,0,17-Apr-17
OPTSTK,EQUITAS,29-Jun-17,165,CE,0,0,0,11.55,10.1,0,0,0,0,17-Apr-17
OPTSTK,EQUITAS,29-Jun-17,170,CE,0,0,0,9.3,7.75,0,0,0,0,17-Apr-17
OPTSTK,EQUITAS,29-Jun-17,175,CE,0,0,0,7.35,5.85,0,0,0,0,17-Apr-17
OPTSTK,EQUITAS,29-Jun-17,180,CE,0,0,0,5.75,4.35,0,0,0,0,17-Apr-17
OPTSTK,EQUITAS,29-Jun-17,185,CE,0,0,0,4.5,3.15,0,0,0,0,17-Apr-17
OPTSTK,EQUITAS,29-Jun-17,190,CE,0,0,0,3.45,2.25,0,0,0,0,17-Apr-17
OPTSTK,EQUITAS,29-Jun-17,195,CE,0,0,0,2.6,1.6,0,0,0,0,17-Apr-17
OPTSTK,EQUITAS,29-Jun-17,200,CE,0,0,0,1.95,1.1,0,0,0,0,17-Apr-17
OPTSTK,EQUITAS,29-Jun-17,205,CE,0,0,0,1.45,0.75,0,0,0,0,17-Apr-17
OPTSTK,EQUITAS,29-Jun-17,125,PE,0,0,0,0.35,0.1,0,0,0,0,17-Apr-17
OPTSTK,EQUITAS,29-Jun-17,130,PE,0,0,0,0.6,0.25,0,0,0,0,17-Apr-17
OPTSTK,EQUITAS,29-Jun-17,135,PE,0,0,0,1.05,0.5,0,0,0,0,17-Apr-17
OPTSTK,EQUITAS,29-Jun-17,140,PE,0,0,0,1.7,0.9,0,0,0,0,17-Apr-17
OPTSTK,EQUITAS,29-Jun-17,145,PE,0,0,0,2.6,1.55,0,0,0,0,17-Apr-17
OPTSTK,EQUITAS,29-Jun-17,150,PE,0,0,0,3.8,2.5,0,0,0,0,17-Apr-17
OPTSTK,EQUITAS,29-Jun-17,155,PE,0,0,0,5.35,3.8,0,0,0,0,17-Apr-17
OPTSTK,EQUITAS,29-Jun-17,160,PE,0,0,0,7.25,5.55,0,0,0,0,17-Apr-17
OPTSTK,EQUITAS,29-Jun-17,165,PE,0,0,0,9.55,7.7,0,0,0,0,17-Apr-17
OPTSTK,EQUITAS,29-Jun-17,170,PE,0,0,0,12.2,10.3,0,0,0,0,17-Apr-17
OPTSTK,EQUITAS,29-Jun-17,175,PE,0,0,0,15.2,13.35,0,0,0,0,17-Apr-17
OPTSTK,EQUITAS,29-Jun-17,180,PE,0,0,0,18.5,16.75,0,0,0,0,17-Apr-17
OPTSTK,EQUITAS,29-Jun-17,185,PE,0,0,0,22.15,20.5,0,0,0,0,17-Apr-17
OPTSTK,EQUITAS,29-Jun-17,190,PE,0,0,0,26,24.55,0,0,0,0,17-Apr-17
OPTSTK,EQUITAS,29-Jun-17,195,PE,0,0,0,30.1,28.8,0,0,0,0,17-Apr-17
OPTSTK,EQUITAS,29-Jun-17,200,PE,0,0,0,34.35,33.25,0,0,0,0,17-Apr-17
OPTSTK,EQUITAS,29-Jun-17,205,PE,0,0,0,38.75,37.85,0,0,0,0,17-Apr-17
OPTSTK,ESCORTS,27-Apr-17,400,CE,0,0,0,137.2,151.7,0,0,0,0,17-Apr-17
OPTSTK,ESCORTS,27-Apr-17,420,CE,0,0,0,117.4,131.75,0,0,0,0,17-Apr-17
OPTSTK,ESCORTS,27-Apr-17,440,CE,0,0,0,97.9,111.8,0,0,0,0,17-Apr-17
OPTSTK,ESCORTS,27-Apr-17,460,CE,0,0,0,79.05,91.85,0,0,0,0,17-Apr-17
OPTSTK,ESCORTS,27-Apr-17,480,CE,0,0,0,61.35,71.95,0,0,0,0,17-Apr-17
OPTSTK,ESCORTS,27-Apr-17,500,CE,0,0,0,45.55,52.45,0,0,0,0,17-Apr-17
OPTSTK,ESCORTS,27-Apr-17,520,CE,0,0,0,34.45,34.35,0,0,2200,0,17-Apr-17
OPTSTK,ESCORTS,27-Apr-17,540,CE,20,29.45,20,22.95,22.95,26,161.4,37400,7700,17-Apr-17
OPTSTK,ESCORTS,27-Apr-17,560,CE,9.25,18,9.25,12.85,12.85,240,1517.14,160600,-5500,17-Apr-17
OPTSTK,ESCORTS,27-Apr-17,580,CE,4.75,10.1,4.3,7.2,7.2,166,1074.35,82500,15400,17-Apr-17
OPTSTK,ESCORTS,27-Apr-17,600,CE,2.85,5.7,2.85,4.1,4.1,104,691.56,123200,49500,17-Apr-17
OPTSTK,ESCORTS,27-Apr-17,620,CE,3,3,1.8,1.8,1.8,12,82.14,24200,4400,17-Apr-17
OPTSTK,ESCORTS,27-Apr-17,640,CE,0,0,0,1,0.1,0,0,12100,0,17-Apr-17
OPTSTK,ESCORTS,27-Apr-17,660,CE,0,0,0,0.7,0.05,0,0,3300,0,17-Apr-17
OPTSTK,ESCORTS,27-Apr-17,680,CE,0,0,0,0.3,0,0,0,0,0,17-Apr-17
OPTSTK,ESCORTS,27-Apr-17,400,PE,0,0,0,0.05,0,0,0,0,0,17-Apr-17
OPTSTK,ESCORTS,27-Apr-17,420,PE,0,0,0,0.2,0,0,0,0,0,17-Apr-17
OPTSTK,ESCORTS,27-Apr-17,440,PE,0,0,0,0.6,0,0,0,0,0,17-Apr-17
OPTSTK,ESCORTS,27-Apr-17,460,PE,0,0,0,1.6,0.05,0,0,0,0,17-Apr-17
OPTSTK,ESCORTS,27-Apr-17,480,PE,0,0,0,1,0.1,0,0,3300,0,17-Apr-17
OPTSTK,ESCORTS,27-Apr-17,500,PE,1.2,1.4,0.95,1.4,1.4,7,38.58,24200,-4400,17-Apr-17
OPTSTK,ESCORTS,27-Apr-17,520,PE,3,5.1,3,5.1,5.1,9,51.89,31900,0,17-Apr-17
OPTSTK,ESCORTS,27-Apr-17,540,PE,9.5,11.35,7.15,10.05,10.05,16,96.66,25300,3300,17-Apr-17
OPTSTK,ESCORTS,27-Apr-17,560,PE,14.95,14.95,14.95,14.95,14.95,1,6.32,4400,1100,17-Apr-17
OPTSTK,ESCORTS,27-Apr-17,580,PE,0,0,0,50.1,31.6,0,0,0,0,17-Apr-17
OPTSTK,ESCORTS,27-Apr-17,600,PE,0,0,0,66.5,49.1,0,0,0,0,17-Apr-17
OPTSTK,ESCORTS,27-Apr-17,620,PE,0,0,0,84.25,68.2,0,0,0,0,17-Apr-17
OPTSTK,ESCORTS,27-Apr-17,640,PE,0,0,0,102.95,87.95,0,0,0,0,17-Apr-17
OPTSTK,ESCORTS,27-Apr-17,660,PE,0,0,0,122.2,107.9,0,0,0,0,17-Apr-17
OPTSTK,ESCORTS,27-Apr-17,680,PE,0,0,0,141.8,127.85,0,0,0,0,17-Apr-17
OPTSTK,ESCORTS,25-May-17,400,CE,0,0,0,139.8,153.75,0,0,0,0,17-Apr-17
OPTSTK,ESCORTS,25-May-17,420,CE,0,0,0,120.75,133.95,0,0,0,0,17-Apr-17
OPTSTK,ESCORTS,25-May-17,440,CE,0,0,0,102.4,114.4,0,0,0,0,17-Apr-17
OPTSTK,ESCORTS,25-May-17,460,CE,0,0,0,85.05,95.25,0,0,0,0,17-Apr-17
OPTSTK,ESCORTS,25-May-17,480,CE,0,0,0,69.1,77,0,0,0,0,17-Apr-17
OPTSTK,ESCORTS,25-May-17,500,CE,0,0,0,54.8,60.1,0,0,0,0,17-Apr-17
OPTSTK,ESCORTS,25-May-17,520,CE,0,0,0,42.45,45.15,0,0,0,0,17-Apr-17
OPTSTK,ESCORTS,25-May-17,540,CE,0,0,0,32.1,32.5,0,0,0,0,17-Apr-17
OPTSTK,ESCORTS,25-May-17,560,CE,0,0,0,24.35,22.4,0,0,2200,0,17-Apr-17
OPTSTK,ESCORTS,25-May-17,580,CE,0,0,0,16,14.8,0,0,1100,0,17-Apr-17
OPTSTK,ESCORTS,25-May-17,600,CE,0,0,0,12.05,9.35,0,0,0,0,17-Apr-17
OPTSTK,ESCORTS,25-May-17,620,CE,0,0,0,8.3,5.65,0,0,0,0,17-Apr-17
OPTSTK,ESCORTS,25-May-17,640,CE,0,0,0,5.6,3.3,0,0,0,0,17-Apr-17
OPTSTK,ESCORTS,25-May-17,660,CE,0,0,0,3.7,1.85,0,0,0,0,17-Apr-17
OPTSTK,ESCORTS,25-May-17,680,CE,0,0,0,2.4,1,0,0,0,0,17-Apr-17
OPTSTK,ESCORTS,25-May-17,400,PE,0,0,0,0.55,0.05,0,0,0,0,17-Apr-17
OPTSTK,ESCORTS,25-May-17,420,PE,0,0,0,1.3,0.15,0,0,0,0,17-Apr-17
OPTSTK,ESCORTS,25-May-17,440,PE,0,0,0,2.75,0.45,0,0,0,0,17-Apr-17
OPTSTK,ESCORTS,25-May-17,460,PE,0,0,0,5.2,1.15,0,0,0,0,17-Apr-17
OPTSTK,ESCORTS,25-May-17,480,PE,0,0,0,9.05,2.75,0,0,0,0,17-Apr-17
OPTSTK,ESCORTS,25-May-17,500,PE,0,0,0,14.6,5.75,0,0,0,0,17-Apr-17
OPTSTK,ESCORTS,25-May-17,520,PE,0,0,0,11.05,10.65,0,0,1100,0,17-Apr-17
OPTSTK,ESCORTS,25-May-17,540,PE,0,0,0,31.45,17.85,0,0,0,0,17-Apr-17
OPTSTK,ESCORTS,25-May-17,560,PE,0,0,0,42.8,27.65,0,0,0,0,17-Apr-17
OPTSTK,ESCORTS,25-May-17,580,PE,0,0,0,56,39.9,0,0,0,0,17-Apr-17
OPTSTK,ESCORTS,25-May-17,600,PE,0,0,0,70.8,54.3,0,0,0,0,17-Apr-17
OPTSTK,ESCORTS,25-May-17,620,PE,0,0,0,86.85,70.5,0,0,0,0,17-Apr-17
OPTSTK,ESCORTS,25-May-17,640,PE,0,0,0,103.95,88,0,0,0,0,17-Apr-17
OPTSTK,ESCORTS,25-May-17,660,PE,0,0,0,121.85,106.4,0,0,0,0,17-Apr-17
OPTSTK,ESCORTS,25-May-17,680,PE,0,0,0,140.35,125.4,0,0,0,0,17-Apr-17
OPTSTK,ESCORTS,29-Jun-17,400,CE,0,0,0,143.7,156.6,0,0,0,0,17-Apr-17
OPTSTK,ESCORTS,29-Jun-17,420,CE,0,0,0,125.65,137.45,0,0,0,0,17-Apr-17
OPTSTK,ESCORTS,29-Jun-17,440,CE,0,0,0,108.45,118.85,0,0,0,0,17-Apr-17
OPTSTK,ESCORTS,29-Jun-17,460,CE,0,0,0,92.4,101.05,0,0,0,0,17-Apr-17
OPTSTK,ESCORTS,29-Jun-17,480,CE,0,0,0,77.65,84.35,0,0,0,0,17-Apr-17
OPTSTK,ESCORTS,29-Jun-17,500,CE,0,0,0,64.3,69.1,0,0,0,0,17-Apr-17
OPTSTK,ESCORTS,29-Jun-17,520,CE,0,0,0,52.55,55.4,0,0,0,0,17-Apr-17
OPTSTK,ESCORTS,29-Jun-17,540,CE,0,0,0,42.4,43.55,0,0,0,0,17-Apr-17
OPTSTK,ESCORTS,29-Jun-17,560,CE,0,0,0,33.75,33.55,0,0,0,0,17-Apr-17
OPTSTK,ESCORTS,29-Jun-17,580,CE,0,0,0,26.5,25.35,0,0,0,0,17-Apr-17
OPTSTK,ESCORTS,29-Jun-17,600,CE,0,0,0,20.6,18.75,0,0,0,0,17-Apr-17
OPTSTK,ESCORTS,29-Jun-17,620,CE,0,0,0,15.85,13.65,0,0,0,0,17-Apr-17
OPTSTK,ESCORTS,29-Jun-17,640,CE,0,0,0,12,9.75,0,0,0,0,17-Apr-17
OPTSTK,ESCORTS,29-Jun-17,660,CE,0,0,0,9.05,6.85,0,0,0,0,17-Apr-17
OPTSTK,ESCORTS,29-Jun-17,680,CE,0,0,0,6.75,4.75,0,0,0,0,17-Apr-17
OPTSTK,ESCORTS,29-Jun-17,400,PE,0,0,0,1.95,0.45,0,0,0,0,17-Apr-17
OPTSTK,ESCORTS,29-Jun-17,420,PE,0,0,0,3.55,1.05,0,0,0,0,17-Apr-17
OPTSTK,ESCORTS,29-Jun-17,440,PE,0,0,0,6.05,2.15,0,0,0,0,17-Apr-17
OPTSTK,ESCORTS,29-Jun-17,460,PE,0,0,0,9.65,4.1,0,0,0,0,17-Apr-17
OPTSTK,ESCORTS,29-Jun-17,480,PE,0,0,0,14.6,7.15,0,0,0,0,17-Apr-17
OPTSTK,ESCORTS,29-Jun-17,500,PE,0,0,0,20.95,11.6,0,0,0,0,17-Apr-17
OPTSTK,ESCORTS,29-Jun-17,520,PE,0,0,0,28.85,17.7,0,0,0,0,17-Apr-17
OPTSTK,ESCORTS,29-Jun-17,540,PE,0,0,0,38.35,25.6,0,0,0,0,17-Apr-17
OPTSTK,ESCORTS,29-Jun-17,560,PE,0,0,0,49.35,35.35,0,0,0,0,17-Apr-17
OPTSTK,ESCORTS,29-Jun-17,580,PE,0,0,0,61.8,46.85,0,0,0,0,17-Apr-17
OPTSTK,ESCORTS,29-Jun-17,600,PE,0,0,0,75.55,60,0,0,0,0,17-Apr-17
OPTSTK,ESCORTS,29-Jun-17,620,PE,0,0,0,90.45,74.65,0,0,0,0,17-Apr-17
OPTSTK,ESCORTS,29-Jun-17,640,PE,0,0,0,106.3,90.5,0,0,0,0,17-Apr-17
OPTSTK,ESCORTS,29-Jun-17,660,PE,0,0,0,123,107.3,0,0,0,0,17-Apr-17
OPTSTK,ESCORTS,29-Jun-17,680,PE,0,0,0,140.35,124.95,0,0,0,0,17-Apr-17
OPTSTK,EXIDEIND,27-Apr-17,125,CE,0,0,0,72.1,106,0,0,0,0,17-Apr-17
OPTSTK,EXIDEIND,27-Apr-17,130,CE,0,0,0,67.15,101,0,0,0,0,17-Apr-17
OPTSTK,EXIDEIND,27-Apr-17,135,CE,0,0,0,62.25,96,0,0,0,0,17-Apr-17
OPTSTK,EXIDEIND,27-Apr-17,140,CE,0,0,0,57.4,91,0,0,0,0,17-Apr-17
OPTSTK,EXIDEIND,27-Apr-17,145,CE,0,0,0,52.55,86,0,0,0,0,17-Apr-17
OPTSTK,EXIDEIND,27-Apr-17,150,CE,0,0,0,47.75,81.05,0,0,0,0,17-Apr-17
OPTSTK,EXIDEIND,27-Apr-17,155,CE,0,0,0,43.05,76.05,0,0,0,0,17-Apr-17
OPTSTK,EXIDEIND,27-Apr-17,160,CE,0,0,0,38.5,71.05,0,0,0,0,17-Apr-17
OPTSTK,EXIDEIND,27-Apr-17,165,CE,0,0,0,54.65,66.05,0,0,4000,0,17-Apr-17
OPTSTK,EXIDEIND,27-Apr-17,170,CE,0,0,0,29.9,61.05,0,0,0,0,17-Apr-17
OPTSTK,EXIDEIND,27-Apr-17,175,CE,0,0,0,25.9,56.05,0,0,0,0,17-Apr-17
OPTSTK,EXIDEIND,27-Apr-17,180,CE,0,0,0,22.25,51.1,0,0,0,0,17-Apr-17
OPTSTK,EXIDEIND,27-Apr-17,185,CE,0,0,0,18.85,46.1,0,0,0,0,17-Apr-17
OPTSTK,EXIDEIND,27-Apr-17,190,CE,0,0,0,15.8,41.1,0,0,0,0,17-Apr-17
OPTSTK,EXIDEIND,27-Apr-17,195,CE,0,0,0,13.1,36.1,0,0,0,0,17-Apr-17
OPTSTK,EXIDEIND,27-Apr-17,200,CE,0,0,0,18.6,31.1,0,0,4000,0,17-Apr-17
OPTSTK,EXIDEIND,27-Apr-17,205,CE,0,0,0,14.5,26.15,0,0,4000,0,17-Apr-17
OPTSTK,EXIDEIND,27-Apr-17,210,CE,0,0,0,21,21.2,0,0,12000,0,17-Apr-17
OPTSTK,EXIDEIND,27-Apr-17,215,CE,0,0,0,9.15,16.4,0,0,16000,0,17-Apr-17
OPTSTK,EXIDEIND,27-Apr-17,220,CE,13.2,13.4,13.2,13.3,13.3,2,18.66,92000,0,17-Apr-17
OPTSTK,EXIDEIND,27-Apr-17,225,CE,5.25,9.2,5.05,9.2,9.2,11,101.68,84000,-16000,17-Apr-17
OPTSTK,EXIDEIND,27-Apr-17,230,CE,3.5,7.25,3,6.45,6.45,342,3224.21,592000,272000,17-Apr-17
OPTSTK,EXIDEIND,27-Apr-17,235,CE,2.15,4.85,1.7,4.15,4.15,103,982.22,216000,8000,17-Apr-17
OPTSTK,EXIDEIND,27-Apr-17,240,CE,1.3,3.2,0.8,2.55,2.55,110,1065.2,372000,-40000,17-Apr-17
OPTSTK,EXIDEIND,27-Apr-17,245,CE,0.4,2,0.35,1.5,1.5,29,285.47,148000,16000,17-Apr-17
OPTSTK,EXIDEIND,27-Apr-17,250,CE,0.25,0.95,0.15,0.75,0.75,24,240.38,244000,16000,17-Apr-17
OPTSTK,EXIDEIND,27-Apr-17,255,CE,0.05,0.45,0.05,0.35,0.35,6,61.25,44000,4000,17-Apr-17
OPTSTK,EXIDEIND,27-Apr-17,260,CE,0,0,0,0.45,0.05,0,0,0,0,17-Apr-17
OPTSTK,EXIDEIND,27-Apr-17,265,CE,0,0,0,0.35,0,0,0,0,0,17-Apr-17
OPTSTK,EXIDEIND,27-Apr-17,270,CE,0,0,0,0.55,0,0,0,0,0,17-Apr-17
OPTSTK,EXIDEIND,27-Apr-17,275,CE,0,0,0,0.4,0,0,0,0,0,17-Apr-17
OPTSTK,EXIDEIND,27-Apr-17,280,CE,0,0,0,1.1,0,0,0,0,0,17-Apr-17
OPTSTK,EXIDEIND,27-Apr-17,125,PE,0,0,0,0.05,0,0,0,0,0,17-Apr-17
OPTSTK,EXIDEIND,27-Apr-17,130,PE,0,0,0,0.05,0,0,0,0,0,17-Apr-17
OPTSTK,EXIDEIND,27-Apr-17,135,PE,0,0,0,0.05,0,0,0,0,0,17-Apr-17
OPTSTK,EXIDEIND,27-Apr-17,140,PE,0,0,0,0.1,0,0,0,0,0,17-Apr-17
OPTSTK,EXIDEIND,27-Apr-17,145,PE,0,0,0,0.15,0,0,0,0,0,17-Apr-17
OPTSTK,EXIDEIND,27-Apr-17,150,PE,0,0,0,0.3,0,0,0,0,0,17-Apr-17
OPTSTK,EXIDEIND,27-Apr-17,155,PE,0,0,0,0.55,0,0,0,0,0,17-Apr-17
OPTSTK,EXIDEIND,27-Apr-17,160,PE,0,0,0,0.85,0,0,0,0,0,17-Apr-17
OPTSTK,EXIDEIND,27-Apr-17,165,PE,0,0,0,1.4,0,0,0,0,0,17-Apr-17
OPTSTK,EXIDEIND,27-Apr-17,170,PE,0,0,0,2.1,0,0,0,0,0,17-Apr-17
OPTSTK,EXIDEIND,27-Apr-17,175,PE,0,0,0,3.05,0,0,0,0,0,17-Apr-17
OPTSTK,EXIDEIND,27-Apr-17,180,PE,0,0,0,4.25,0,0,0,0,0,17-Apr-17
OPTSTK,EXIDEIND,27-Apr-17,185,PE,0,0,0,5.8,0,0,0,0,0,17-Apr-17
OPTSTK,EXIDEIND,27-Apr-17,190,PE,0,0,0,7.7,0,0,0,0,0,17-Apr-17
OPTSTK,EXIDEIND,27-Apr-17,195,PE,0,0,0,9.9,0,0,0,0,0,17-Apr-17
OPTSTK,EXIDEIND,27-Apr-17,200,PE,0,0,0,0.3,0,0,0,36000,0,17-Apr-17
OPTSTK,EXIDEIND,27-Apr-17,205,PE,0,0,0,0.5,0.05,0,0,20000,0,17-Apr-17
OPTSTK,EXIDEIND,27-Apr-17,210,PE,0.35,0.35,0.25,0.25,0.25,2,16.82,96000,-4000,17-Apr-17
OPTSTK,EXIDEIND,27-Apr-17,215,PE,1,1,0.55,0.55,0.55,16,138.09,88000,0,17-Apr-17
OPTSTK,EXIDEIND,27-Apr-17,220,PE,1.55,1.55,1.2,1.3,1.3,15,132.83,132000,-4000,17-Apr-17
OPTSTK,EXIDEIND,27-Apr-17,225,PE,4,4,2.35,2.6,2.6,17,155.11,104000,16000,17-Apr-17
OPTSTK,EXIDEIND,27-Apr-17,230,PE,5.95,5.95,4.25,4.35,4.35,23,216.03,84000,4000,17-Apr-17
OPTSTK,EXIDEIND,27-Apr-17,235,PE,0,0,0,6.95,6.4,0,0,16000,0,17-Apr-17
OPTSTK,EXIDEIND,27-Apr-17,240,PE,10.15,10.15,10.15,10.15,10.15,1,10,12000,0,17-Apr-17
OPTSTK,EXIDEIND,27-Apr-17,245,PE,0,0,0,47.1,14.35,0,0,0,0,17-Apr-17
OPTSTK,EXIDEIND,27-Apr-17,250,PE,0,0,0,51.75,19,0,0,0,0,17-Apr-17
OPTSTK,EXIDEIND,27-Apr-17,255,PE,0,0,0,56.45,23.9,0,0,0,0,17-Apr-17
OPTSTK,EXIDEIND,27-Apr-17,260,PE,0,0,0,61.2,28.85,0,0,0,0,17-Apr-17
OPTSTK,EXIDEIND,27-Apr-17,265,PE,0,0,0,66,33.8,0,0,0,0,17-Apr-17
OPTSTK,EXIDEIND,27-Apr-17,270,PE,0,0,0,63.7,38.8,0,0,0,0,17-Apr-17
OPTSTK,EXIDEIND,27-Apr-17,275,PE,0,0,0,68.5,43.8,0,0,0,0,17-Apr-17
OPTSTK,EXIDEIND,27-Apr-17,280,PE,0,0,0,67.15,48.8,0,0,0,0,17-Apr-17
OPTSTK,EXIDEIND,25-May-17,145,CE,0,0,0,69.9,86.75,0,0,0,0,17-Apr-17
OPTSTK,EXIDEIND,25-May-17,150,CE,0,0,0,65,81.8,0,0,0,0,17-Apr-17
OPTSTK,EXIDEIND,25-May-17,155,CE,0,0,0,60.15,76.8,0,0,0,0,17-Apr-17
OPTSTK,EXIDEIND,25-May-17,160,CE,0,0,0,55.35,71.85,0,0,0,0,17-Apr-17
OPTSTK,EXIDEIND,25-May-17,165,CE,0,0,0,50.6,66.9,0,0,0,0,17-Apr-17
OPTSTK,EXIDEIND,25-May-17,170,CE,0,0,0,45.95,61.9,0,0,0,0,17-Apr-17
OPTSTK,EXIDEIND,25-May-17,175,CE,0,0,0,41.4,56.95,0,0,0,0,17-Apr-17
OPTSTK,EXIDEIND,25-May-17,180,CE,0,0,0,37.05,52,0,0,0,0,17-Apr-17
OPTSTK,EXIDEIND,25-May-17,185,CE,0,0,0,32.9,47.05,0,0,0,0,17-Apr-17
OPTSTK,EXIDEIND,25-May-17,190,CE,0,0,0,28.95,42.1,0,0,0,0,17-Apr-17
OPTSTK,EXIDEIND,25-May-17,195,CE,0,0,0,25.25,37.25,0,0,0,0,17-Apr-17
OPTSTK,EXIDEIND,25-May-17,200,CE,0,0,0,21.8,32.45,0,0,0,0,17-Apr-17
OPTSTK,EXIDEIND,25-May-17,205,CE,0,0,0,18.65,27.8,0,0,0,0,17-Apr-17
OPTSTK,EXIDEIND,25-May-17,210,CE,0,0,0,15.85,23.4,0,0,0,0,17-Apr-17
OPTSTK,EXIDEIND,25-May-17,215,CE,0,0,0,13.35,19.25,0,0,0,0,17-Apr-17
OPTSTK,EXIDEIND,25-May-17,220,CE,0,0,0,11.1,15.5,0,0,0,0,17-Apr-17
OPTSTK,EXIDEIND,25-May-17,225,CE,0,0,0,9.2,12.15,0,0,0,0,17-Apr-17
OPTSTK,EXIDEIND,25-May-17,230,CE,0,0,0,11.2,9.3,0,0,4000,0,17-Apr-17
OPTSTK,EXIDEIND,25-May-17,235,CE,0,0,0,6.1,6.9,0,0,0,0,17-Apr-17
OPTSTK,EXIDEIND,25-May-17,240,CE,0,0,0,4.95,5,0,0,0,0,17-Apr-17
OPTSTK,EXIDEIND,25-May-17,245,CE,0,0,0,3.95,3.5,0,0,0,0,17-Apr-17
OPTSTK,EXIDEIND,25-May-17,250,CE,0,0,0,3.1,2.4,0,0,0,0,17-Apr-17
OPTSTK,EXIDEIND,25-May-17,255,CE,0,0,0,2.45,1.6,0,0,0,0,17-Apr-17
OPTSTK,EXIDEIND,25-May-17,260,CE,0,0,0,1.9,1.05,0,0,0,0,17-Apr-17
OPTSTK,EXIDEIND,25-May-17,265,CE,0,0,0,1.5,0.65,0,0,0,0,17-Apr-17
OPTSTK,EXIDEIND,25-May-17,270,CE,0,0,0,1.15,0.4,0,0,0,0,17-Apr-17
OPTSTK,EXIDEIND,25-May-17,275,CE,0,0,0,0.9,0.25,0,0,0,0,17-Apr-17
OPTSTK,EXIDEIND,25-May-17,280,CE,0,0,0,0.7,0.15,0,0,0,0,17-Apr-17
OPTSTK,EXIDEIND,25-May-17,145,PE,0,0,0,0.05,0,0,0,0,0,17-Apr-17
OPTSTK,EXIDEIND,25-May-17,150,PE,0,0,0,0.1,0,0,0,0,0,17-Apr-17
OPTSTK,EXIDEIND,25-May-17,155,PE,0,0,0,0.15,0,0,0,0,0,17-Apr-17
OPTSTK,EXIDEIND,25-May-17,160,PE,0,0,0,0.25,0,0,0,0,0,17-Apr-17
OPTSTK,EXIDEIND,25-May-17,165,PE,0,0,0,0.45,0,0,0,0,0,17-Apr-17
OPTSTK,EXIDEIND,25-May-17,170,PE,0,0,0,0.75,0,0,0,0,0,17-Apr-17
OPTSTK,EXIDEIND,25-May-17,175,PE,0,0,0,1.15,0,0,0,0,0,17-Apr-17
OPTSTK,EXIDEIND,25-May-17,180,PE,0,0,0,1.7,0.05,0,0,0,0,17-Apr-17
OPTSTK,EXIDEIND,25-May-17,185,PE,0,0,0,2.45,0.05,0,0,0,0,17-Apr-17
OPTSTK,EXIDEIND,25-May-17,190,PE,0,0,0,3.4,0.1,0,0,0,0,17-Apr-17
OPTSTK,EXIDEIND,25-May-17,195,PE,0,0,0,4.65,0.2,0,0,0,0,17-Apr-17
OPTSTK,EXIDEIND,25-May-17,200,PE,0,0,0,6.1,0.35,0,0,0,0,17-Apr-17
OPTSTK,EXIDEIND,25-May-17,205,PE,0,0,0,7.9,0.7,0,0,0,0,17-Apr-17
OPTSTK,EXIDEIND,25-May-17,210,PE,0,0,0,10,1.25,0,0,0,0,17-Apr-17
OPTSTK,EXIDEIND,25-May-17,215,PE,0,0,0,4.1,2.05,0,0,4000,0,17-Apr-17
OPTSTK,EXIDEIND,25-May-17,220,PE,0,0,0,15.1,3.25,0,0,0,0,17-Apr-17
OPTSTK,EXIDEIND,25-May-17,225,PE,0,0,0,18.1,4.9,0,0,0,0,17-Apr-17
OPTSTK,EXIDEIND,25-May-17,230,PE,0,0,0,21.35,7,0,0,0,0,17-Apr-17
OPTSTK,EXIDEIND,25-May-17,235,PE,0,0,0,24.85,9.55,0,0,0,0,17-Apr-17
OPTSTK,EXIDEIND,25-May-17,240,PE,0,0,0,28.6,12.65,0,0,0,0,17-Apr-17
OPTSTK,EXIDEIND,25-May-17,245,PE,0,0,0,32.55,16.1,0,0,0,0,17-Apr-17
OPTSTK,EXIDEIND,25-May-17,250,PE,0,0,0,36.65,20,0,0,0,0,17-Apr-17
OPTSTK,EXIDEIND,25-May-17,255,PE,0,0,0,40.9,24.15,0,0,0,0,17-Apr-17
OPTSTK,EXIDEIND,25-May-17,260,PE,0,0,0,45.3,28.55,0,0,0,0,17-Apr-17
OPTSTK,EXIDEIND,25-May-17,265,PE,0,0,0,49.8,33.15,0,0,0,0,17-Apr-17
OPTSTK,EXIDEIND,25-May-17,270,PE,0,0,0,54.35,37.85,0,0,0,0,17-Apr-17
OPTSTK,EXIDEIND,25-May-17,275,PE,0,0,0,59,42.65,0,0,0,0,17-Apr-17
OPTSTK,EXIDEIND,25-May-17,280,PE,0,0,0,63.75,47.5,0,0,0,0,17-Apr-17
OPTSTK,EXIDEIND,29-Jun-17,145,CE,0,0,0,77.95,87.65,0,0,0,0,17-Apr-17
OPTSTK,EXIDEIND,29-Jun-17,150,CE,0,0,0,73.05,82.7,0,0,0,0,17-Apr-17
OPTSTK,EXIDEIND,29-Jun-17,155,CE,0,0,0,68.15,77.75,0,0,0,0,17-Apr-17
OPTSTK,EXIDEIND,29-Jun-17,160,CE,0,0,0,63.2,72.85,0,0,0,0,17-Apr-17
OPTSTK,EXIDEIND,29-Jun-17,165,CE,0,0,0,58.35,67.9,0,0,0,0,17-Apr-17
OPTSTK,EXIDEIND,29-Jun-17,170,CE,0,0,0,53.45,63,0,0,0,0,17-Apr-17
OPTSTK,EXIDEIND,29-Jun-17,175,CE,0,0,0,48.6,58.1,0,0,0,0,17-Apr-17
OPTSTK,EXIDEIND,29-Jun-17,180,CE,0,0,0,43.85,53.25,0,0,0,0,17-Apr-17
OPTSTK,EXIDEIND,29-Jun-17,185,CE,0,0,0,39.15,48.45,0,0,0,0,17-Apr-17
OPTSTK,EXIDEIND,29-Jun-17,190,CE,0,0,0,34.6,43.7,0,0,0,0,17-Apr-17
OPTSTK,EXIDEIND,29-Jun-17,195,CE,0,0,0,30.25,39.05,0,0,0,0,17-Apr-17
OPTSTK,EXIDEIND,29-Jun-17,200,CE,0,0,0,26.1,34.6,0,0,0,0,17-Apr-17
OPTSTK,EXIDEIND,29-Jun-17,205,CE,0,0,0,22.25,30.3,0,0,0,0,17-Apr-17
OPTSTK,EXIDEIND,29-Jun-17,210,CE,0,0,0,18.7,26.25,0,0,0,0,17-Apr-17
OPTSTK,EXIDEIND,29-Jun-17,215,CE,0,0,0,15.45,22.5,0,0,0,0,17-Apr-17
OPTSTK,EXIDEIND,29-Jun-17,220,CE,0,0,0,12.65,19.05,0,0,0,0,17-Apr-17
OPTSTK,EXIDEIND,29-Jun-17,225,CE,0,0,0,10.15,15.9,0,0,0,0,17-Apr-17
OPTSTK,EXIDEIND,29-Jun-17,230,CE,0,0,0,8.05,13.1,0,0,0,0,17-Apr-17
OPTSTK,EXIDEIND,29-Jun-17,235,CE,0,0,0,6.3,10.7,0,0,0,0,17-Apr-17
OPTSTK,EXIDEIND,29-Jun-17,240,CE,0,0,0,4.85,8.6,0,0,0,0,17-Apr-17
OPTSTK,EXIDEIND,29-Jun-17,245,CE,0,0,0,3.7,6.8,0,0,0,0,17-Apr-17
OPTSTK,EXIDEIND,29-Jun-17,250,CE,0,0,0,2.75,5.35,0,0,0,0,17-Apr-17
OPTSTK,EXIDEIND,29-Jun-17,255,CE,0,0,0,2.05,4.15,0,0,0,0,17-Apr-17
OPTSTK,EXIDEIND,29-Jun-17,260,CE,0,0,0,1.5,3.15,0,0,0,0,17-Apr-17
OPTSTK,EXIDEIND,29-Jun-17,265,CE,0,0,0,1.05,2.4,0,0,0,0,17-Apr-17
OPTSTK,EXIDEIND,29-Jun-17,270,CE,0,0,0,0.75,1.8,0,0,0,0,17-Apr-17
OPTSTK,EXIDEIND,29-Jun-17,275,CE,0,0,0,0.55,1.3,0,0,0,0,17-Apr-17
OPTSTK,EXIDEIND,29-Jun-17,280,CE,0,0,0,0.4,0.95,0,0,0,0,17-Apr-17
OPTSTK,EXIDEIND,29-Jun-17,145,PE,0,0,0,0.05,0,0,0,0,0,17-Apr-17
OPTSTK,EXIDEIND,29-Jun-17,150,PE,0,0,0,0.05,0,0,0,0,0,17-Apr-17
OPTSTK,EXIDEIND,29-Jun-17,155,PE,0,0,0,0.05,0,0,0,0,0,17-Apr-17
OPTSTK,EXIDEIND,29-Jun-17,160,PE,0,0,0,0.05,0.05,0,0,0,0,17-Apr-17
OPTSTK,EXIDEIND,29-Jun-17,165,PE,0,0,0,0.05,0.05,0,0,0,0,17-Apr-17
OPTSTK,EXIDEIND,29-Jun-17,170,PE,0,0,0,0.1,0.05,0,0,0,0,17-Apr-17
OPTSTK,EXIDEIND,29-Jun-17,175,PE,0,0,0,0.2,0.1,0,0,0,0,17-Apr-17
OPTSTK,EXIDEIND,29-Jun-17,180,PE,0,0,0,0.3,0.15,0,0,0,0,17-Apr-17
OPTSTK,EXIDEIND,29-Jun-17,185,PE,0,0,0,0.55,0.3,0,0,0,0,17-Apr-17
OPTSTK,EXIDEIND,29-Jun-17,190,PE,0,0,0,0.95,0.5,0,0,0,0,17-Apr-17
OPTSTK,EXIDEIND,29-Jun-17,195,PE,0,0,0,1.5,0.8,0,0,0,0,17-Apr-17
OPTSTK,EXIDEIND,29-Jun-17,200,PE,0,0,0,2.25,1.25,0,0,0,0,17-Apr-17
OPTSTK,EXIDEIND,29-Jun-17,205,PE,0,0,0,3.3,1.9,0,0,0,0,17-Apr-17
OPTSTK,EXIDEIND,29-Jun-17,210,PE,0,0,0,4.65,2.8,0,0,0,0,17-Apr-17
OPTSTK,EXIDEIND,29-Jun-17,215,PE,0,0,0,6.35,4,0,0,0,0,17-Apr-17
OPTSTK,EXIDEIND,29-Jun-17,220,PE,0,0,0,8.45,5.45,0,0,0,0,17-Apr-17
OPTSTK,EXIDEIND,29-Jun-17,225,PE,0,0,0,10.9,7.25,0,0,0,0,17-Apr-17
OPTSTK,EXIDEIND,29-Jun-17,230,PE,0,0,0,13.7,9.4,0,0,0,0,17-Apr-17
OPTSTK,EXIDEIND,29-Jun-17,235,PE,0,0,0,16.85,11.9,0,0,0,0,17-Apr-17
OPTSTK,EXIDEIND,29-Jun-17,240,PE,0,0,0,20.35,14.75,0,0,0,0,17-Apr-17
OPTSTK,EXIDEIND,29-Jun-17,245,PE,0,0,0,24.1,17.9,0,0,0,0,17-Apr-17
OPTSTK,EXIDEIND,29-Jun-17,250,PE,0,0,0,28.1,21.35,0,0,0,0,17-Apr-17
OPTSTK,EXIDEIND,29-Jun-17,255,PE,0,0,0,32.3,25.1,0,0,0,0,17-Apr-17
OPTSTK,EXIDEIND,29-Jun-17,260,PE,0,0,0,36.65,29.05,0,0,0,0,17-Apr-17
OPTSTK,EXIDEIND,29-Jun-17,265,PE,0,0,0,41.15,33.2,0,0,0,0,17-Apr-17
OPTSTK,EXIDEIND,29-Jun-17,270,PE,0,0,0,45.75,37.55,0,0,0,0,17-Apr-17
OPTSTK,EXIDEIND,29-Jun-17,275,PE,0,0,0,50.45,42,0,0,0,0,17-Apr-17
OPTSTK,EXIDEIND,29-Jun-17,280,PE,0,0,0,55.2,46.6,0,0,0,0,17-Apr-17
OPTSTK,FEDERALBNK,27-Apr-17,50,CE,0,0,0,29.65,42.65,0,0,0,0,17-Apr-17
OPTSTK,FEDERALBNK,27-Apr-17,52.5,CE,0,0,0,27.2,40.15,0,0,0,0,17-Apr-17
OPTSTK,FEDERALBNK,27-Apr-17,55,CE,0,0,0,24.75,37.65,0,0,0,0,17-Apr-17
OPTSTK,FEDERALBNK,27-Apr-17,57.5,CE,0,0,0,22.35,35.15,0,0,0,0,17-Apr-17
OPTSTK,FEDERALBNK,27-Apr-17,60,CE,0,0,0,20,32.65,0,0,0,0,17-Apr-17
OPTSTK,FEDERALBNK,27-Apr-17,62.5,CE,0,0,0,17.65,30.2,0,0,0,0,17-Apr-17
OPTSTK,FEDERALBNK,27-Apr-17,65,CE,0,0,0,15.45,27.7,0,0,0,0,17-Apr-17
OPTSTK,FEDERALBNK,27-Apr-17,67.5,CE,0,0,0,13.35,25.2,0,0,0,0,17-Apr-17
OPTSTK,FEDERALBNK,27-Apr-17,70,CE,0,0,0,18.5,22.7,0,0,22000,0,17-Apr-17
OPTSTK,FEDERALBNK,27-Apr-17,72.5,CE,0,0,0,9.55,20.2,0,0,0,0,17-Apr-17
OPTSTK,FEDERALBNK,27-Apr-17,75,CE,0,0,0,7.9,17.7,0,0,0,0,17-Apr-17
OPTSTK,FEDERALBNK,27-Apr-17,77.5,CE,0,0,0,6.5,15.2,0,0,0,0,17-Apr-17
OPTSTK,FEDERALBNK,27-Apr-17,80,CE,0,0,0,9.85,12.7,0,0,22000,0,17-Apr-17
OPTSTK,FEDERALBNK,27-Apr-17,82.5,CE,0,0,0,4.15,10.2,0,0,0,0,17-Apr-17
OPTSTK,FEDERALBNK,27-Apr-17,85,CE,7.3,7.3,7.3,7.3,7.3,1,10.15,77000,0,17-Apr-17
OPTSTK,FEDERALBNK,27-Apr-17,87.5,CE,0,0,0,5.5,5.45,0,0,99000,0,17-Apr-17
OPTSTK,FEDERALBNK,27-Apr-17,90,CE,3.65,4.35,3.2,4.05,4.05,64,660.07,1441000,99000,17-Apr-17
OPTSTK,FEDERALBNK,27-Apr-17,92.5,CE,1.85,2.65,1.8,2.55,2.55,27,281.63,891000,-11000,17-Apr-17
OPTSTK,FEDERALBNK,27-Apr-17,95,CE,1.35,1.75,1.05,1.5,1.5,130,1378.93,2970000,-110000,17-Apr-17
OPTSTK,FEDERALBNK,27-Apr-17,97.5,CE,0.6,0.95,0.6,0.9,0.9,16,172.95,484000,-44000,17-Apr-17
OPTSTK,FEDERALBNK,27-Apr-17,100,CE,0.45,0.55,0.35,0.45,0.45,75,828.78,1870000,-242000,17-Apr-17
OPTSTK,FEDERALBNK,27-Apr-17,102.5,CE,0.2,0.3,0.2,0.3,0.3,16,180.86,286000,22000,17-Apr-17
OPTSTK,FEDERALBNK,27-Apr-17,105,CE,0.15,0.2,0.15,0.2,0.2,6,69.41,561000,11000,17-Apr-17
OPTSTK,FEDERALBNK,27-Apr-17,107.5,CE,0,0,0,0.15,0,0,0,77000,0,17-Apr-17
OPTSTK,FEDERALBNK,27-Apr-17,110,CE,0.25,0.25,0.1,0.1,0.1,4,48.46,55000,33000,17-Apr-17
OPTSTK,FEDERALBNK,27-Apr-17,50,PE,0,0,0,0.05,0,0,0,0,0,17-Apr-17
OPTSTK,FEDERALBNK,27-Apr-17,52.5,PE,0,0,0,0.05,0,0,0,0,0,17-Apr-17
OPTSTK,FEDERALBNK,27-Apr-17,55,PE,0,0,0,0.05,0,0,0,0,0,17-Apr-17
OPTSTK,FEDERALBNK,27-Apr-17,57.5,PE,0,0,0,0.1,0,0,0,0,0,17-Apr-17
OPTSTK,FEDERALBNK,27-Apr-17,60,PE,0,0,0,0.2,0,0,0,0,0,17-Apr-17
OPTSTK,FEDERALBNK,27-Apr-17,62.5,PE,0,0,0,0.35,0,0,0,0,0,17-Apr-17
OPTSTK,FEDERALBNK,27-Apr-17,65,PE,0,0,0,0.6,0,0,0,0,0,17-Apr-17
OPTSTK,FEDERALBNK,27-Apr-17,67.5,PE,0,0,0,1.9,0,0,0,0,0,17-Apr-17
OPTSTK,FEDERALBNK,27-Apr-17,70,PE,0,0,0,0.3,0,0,0,11000,0,17-Apr-17
OPTSTK,FEDERALBNK,27-Apr-17,72.5,PE,0,0,0,0.2,0,0,0,44000,0,17-Apr-17
OPTSTK,FEDERALBNK,27-Apr-17,75,PE,0,0,0,0.15,0,0,0,0,0,17-Apr-17
OPTSTK,FEDERALBNK,27-Apr-17,77.5,PE,0,0,0,0.1,0,0,0,22000,0,17-Apr-17
OPTSTK,FEDERALBNK,27-Apr-17,80,PE,0.1,0.1,0.1,0.1,0.1,2,17.62,583000,11000,17-Apr-17
OPTSTK,FEDERALBNK,27-Apr-17,82.5,PE,0.15,0.2,0.15,0.2,0.2,23,209.11,187000,-198000,17-Apr-17
OPTSTK,FEDERALBNK,27-Apr-17,85,PE,0.25,0.35,0.2,0.2,0.2,28,262.65,660000,-121000,17-Apr-17
OPTSTK,FEDERALBNK,27-Apr-17,87.5,PE,0.7,0.7,0.55,0.55,0.55,7,67.83,594000,-22000,17-Apr-17
OPTSTK,FEDERALBNK,27-Apr-17,90,PE,1.2,1.45,1.05,1.1,1.1,55,551.93,1639000,-165000,17-Apr-17
OPTSTK,FEDERALBNK,27-Apr-17,92.5,PE,2.6,2.6,2.1,2.1,2.1,18,187.82,341000,-22000,17-Apr-17
OPTSTK,FEDERALBNK,27-Apr-17,95,PE,3.65,3.85,3.65,3.85,3.85,4,43.43,286000,22000,17-Apr-17
OPTSTK,FEDERALBNK,27-Apr-17,97.5,PE,0,0,0,17.95,5.15,0,0,0,0,17-Apr-17
OPTSTK,FEDERALBNK,27-Apr-17,100,PE,0,0,0,8,7.4,0,0,66000,0,17-Apr-17
OPTSTK,FEDERALBNK,27-Apr-17,102.5,PE,0,0,0,22.45,9.8,0,0,0,0,17-Apr-17
OPTSTK,FEDERALBNK,27-Apr-17,105,PE,0,0,0,24.8,12.3,0,0,0,0,17-Apr-17
OPTSTK,FEDERALBNK,27-Apr-17,107.5,PE,0,0,0,27.15,14.8,0,0,0,0,17-Apr-17
OPTSTK,FEDERALBNK,27-Apr-17,110,PE,0,0,0,29.55,17.3,0,0,0,0,17-Apr-17
OPTSTK,FEDERALBNK,25-May-17,55,CE,0,0,0,30,37.95,0,0,0,0,17-Apr-17
OPTSTK,FEDERALBNK,25-May-17,57.5,CE,0,0,0,27.55,35.45,0,0,0,0,17-Apr-17
OPTSTK,FEDERALBNK,25-May-17,60,CE,0,0,0,25.15,32.95,0,0,0,0,17-Apr-17
OPTSTK,FEDERALBNK,25-May-17,62.5,CE,0,0,0,22.8,30.5,0,0,0,0,17-Apr-17
OPTSTK,FEDERALBNK,25-May-17,65,CE,0,0,0,20.45,28,0,0,0,0,17-Apr-17
OPTSTK,FEDERALBNK,25-May-17,67.5,CE,0,0,0,18.2,25.55,0,0,0,0,17-Apr-17
OPTSTK,FEDERALBNK,25-May-17,70,CE,0,0,0,16.05,23.05,0,0,0,0,17-Apr-17
OPTSTK,FEDERALBNK,25-May-17,72.5,CE,0,0,0,14,20.55,0,0,0,0,17-Apr-17
OPTSTK,FEDERALBNK,25-May-17,75,CE,0,0,0,12.1,18.1,0,0,0,0,17-Apr-17
OPTSTK,FEDERALBNK,25-May-17,77.5,CE,0,0,0,10.35,15.65,0,0,0,0,17-Apr-17
OPTSTK,FEDERALBNK,25-May-17,80,CE,0,0,0,8.75,13.25,0,0,0,0,17-Apr-17
OPTSTK,FEDERALBNK,25-May-17,82.5,CE,0,0,0,7.3,11,0,0,0,0,17-Apr-17
OPTSTK,FEDERALBNK,25-May-17,85,CE,0,0,0,6.05,8.85,0,0,0,0,17-Apr-17
OPTSTK,FEDERALBNK,25-May-17,87.5,CE,0,0,0,4.8,6.9,0,0,22000,0,17-Apr-17
OPTSTK,FEDERALBNK,25-May-17,90,CE,0,0,0,5.9,5.2,0,0,77000,0,17-Apr-17
OPTSTK,FEDERALBNK,25-May-17,92.5,CE,0,0,0,3.25,3.75,0,0,0,0,17-Apr-17
OPTSTK,FEDERALBNK,25-May-17,95,CE,0,0,0,3.85,2.65,0,0,209000,0,17-Apr-17
OPTSTK,FEDERALBNK,25-May-17,97.5,CE,0,0,0,2.05,1.75,0,0,0,0,17-Apr-17
OPTSTK,FEDERALBNK,25-May-17,100,CE,0,0,0,2,1.15,0,0,110000,0,17-Apr-17
OPTSTK,FEDERALBNK,25-May-17,102.5,CE,0,0,0,1.25,0.7,0,0,0,0,17-Apr-17
OPTSTK,FEDERALBNK,25-May-17,105,CE,1,1,1,1,1,1,11.66,22000,11000,17-Apr-17
OPTSTK,FEDERALBNK,25-May-17,107.5,CE,0,0,0,0.75,0.25,0,0,0,0,17-Apr-17
OPTSTK,FEDERALBNK,25-May-17,110,CE,0,0,0,0.55,0.15,0,0,0,0,17-Apr-17
OPTSTK,FEDERALBNK,25-May-17,55,PE,0,0,0,0.05,0,0,0,0,0,17-Apr-17
OPTSTK,FEDERALBNK,25-May-17,57.5,PE,0,0,0,0.05,0,0,0,0,0,17-Apr-17
OPTSTK,FEDERALBNK,25-May-17,60,PE,0,0,0,0.1,0,0,0,0,0,17-Apr-17
OPTSTK,FEDERALBNK,25-May-17,62.5,PE,0,0,0,0.2,0,0,0,0,0,17-Apr-17
OPTSTK,FEDERALBNK,25-May-17,65,PE,0,0,0,0.35,0,0,0,0,0,17-Apr-17
OPTSTK,FEDERALBNK,25-May-17,67.5,PE,0,0,0,0.55,0,0,0,0,0,17-Apr-17
OPTSTK,FEDERALBNK,25-May-17,70,PE,0,0,0,0.85,0,0,0,0,0,17-Apr-17
OPTSTK,FEDERALBNK,25-May-17,72.5,PE,0,0,0,1.25,0.05,0,0,0,0,17-Apr-17
OPTSTK,FEDERALBNK,25-May-17,75,PE,0,0,0,1.8,0.05,0,0,0,0,17-Apr-17
OPTSTK,FEDERALBNK,25-May-17,77.5,PE,0,0,0,2.5,0.1,0,0,0,0,17-Apr-17
OPTSTK,FEDERALBNK,25-May-17,80,PE,0,0,0,0.75,0.2,0,0,11000,0,17-Apr-17
OPTSTK,FEDERALBNK,25-May-17,82.5,PE,0,0,0,1.35,0.35,0,0,55000,0,17-Apr-17
OPTSTK,FEDERALBNK,25-May-17,85,PE,0,0,0,1.95,0.7,0,0,33000,0,17-Apr-17
OPTSTK,FEDERALBNK,25-May-17,87.5,PE,0,0,0,2.85,1.25,0,0,33000,0,17-Apr-17
OPTSTK,FEDERALBNK,25-May-17,90,PE,3,3,3,3,3,1,10.23,55000,0,17-Apr-17
OPTSTK,FEDERALBNK,25-May-17,92.5,PE,0,0,0,4,3.1,0,0,22000,0,17-Apr-17
OPTSTK,FEDERALBNK,25-May-17,95,PE,0,0,0,12,4.45,0,0,0,0,17-Apr-17
OPTSTK,FEDERALBNK,25-May-17,97.5,PE,0,0,0,13.9,6.05,0,0,0,0,17-Apr-17
OPTSTK,FEDERALBNK,25-May-17,100,PE,0,0,0,15.95,7.95,0,0,0,0,17-Apr-17
OPTSTK,FEDERALBNK,25-May-17,102.5,PE,0,0,0,18.05,10,0,0,0,0,17-Apr-17
OPTSTK,FEDERALBNK,25-May-17,105,PE,0,0,0,20.2,12.2,0,0,0,0,17-Apr-17
OPTSTK,FEDERALBNK,25-May-17,107.5,PE,0,0,0,22.45,14.5,0,0,0,0,17-Apr-17
OPTSTK,FEDERALBNK,25-May-17,110,PE,0,0,0,24.75,16.85,0,0,0,0,17-Apr-17
OPTSTK,FEDERALBNK,29-Jun-17,55,CE,0,0,0,36.7,38.3,0,0,0,0,17-Apr-17
OPTSTK,FEDERALBNK,29-Jun-17,57.5,CE,0,0,0,34.2,35.8,0,0,0,0,17-Apr-17
OPTSTK,FEDERALBNK,29-Jun-17,60,CE,0,0,0,31.75,33.35,0,0,0,0,17-Apr-17
OPTSTK,FEDERALBNK,29-Jun-17,62.5,CE,0,0,0,29.3,30.9,0,0,0,0,17-Apr-17
OPTSTK,FEDERALBNK,29-Jun-17,65,CE,0,0,0,26.9,28.4,0,0,0,0,17-Apr-17
OPTSTK,FEDERALBNK,29-Jun-17,67.5,CE,0,0,0,24.45,25.95,0,0,0,0,17-Apr-17
OPTSTK,FEDERALBNK,29-Jun-17,70,CE,0,0,0,22.1,23.5,0,0,0,0,17-Apr-17
OPTSTK,FEDERALBNK,29-Jun-17,72.5,CE,0,0,0,19.75,21.1,0,0,0,0,17-Apr-17
OPTSTK,FEDERALBNK,29-Jun-17,75,CE,0,0,0,17.5,18.7,0,0,0,0,17-Apr-17
OPTSTK,FEDERALBNK,29-Jun-17,77.5,CE,0,0,0,15.3,16.4,0,0,0,0,17-Apr-17
OPTSTK,FEDERALBNK,29-Jun-17,80,CE,0,0,0,13.25,14.15,0,0,0,0,17-Apr-17
OPTSTK,FEDERALBNK,29-Jun-17,82.5,CE,0,0,0,11.35,12.05,0,0,0,0,17-Apr-17
OPTSTK,FEDERALBNK,29-Jun-17,85,CE,0,0,0,9.6,10.1,0,0,0,0,17-Apr-17
OPTSTK,FEDERALBNK,29-Jun-17,87.5,CE,0,0,0,8,8.3,0,0,0,0,17-Apr-17
OPTSTK,FEDERALBNK,29-Jun-17,90,CE,0,0,0,6.6,6.75,0,0,0,0,17-Apr-17
OPTSTK,FEDERALBNK,29-Jun-17,92.5,CE,0,0,0,5.4,5.35,0,0,0,0,17-Apr-17
OPTSTK,FEDERALBNK,29-Jun-17,95,CE,0,0,0,4.3,4.2,0,0,0,0,17-Apr-17
OPTSTK,FEDERALBNK,29-Jun-17,97.5,CE,0,0,0,3.45,3.2,0,0,0,0,17-Apr-17
OPTSTK,FEDERALBNK,29-Jun-17,100,CE,0,0,0,2.7,2.4,0,0,0,0,17-Apr-17
OPTSTK,FEDERALBNK,29-Jun-17,102.5,CE,0,0,0,2.1,1.8,0,0,0,0,17-Apr-17
OPTSTK,FEDERALBNK,29-Jun-17,105,CE,0,0,0,1.6,1.3,0,0,0,0,17-Apr-17
OPTSTK,FEDERALBNK,29-Jun-17,107.5,CE,0,0,0,1.25,0.95,0,0,0,0,17-Apr-17
OPTSTK,FEDERALBNK,29-Jun-17,110,CE,0,0,0,0.95,0.65,0,0,0,0,17-Apr-17
OPTSTK,FEDERALBNK,29-Jun-17,55,PE,0,0,0,0.05,0,0,0,0,0,17-Apr-17
OPTSTK,FEDERALBNK,29-Jun-17,57.5,PE,0,0,0,0.05,0,0,0,0,0,17-Apr-17
OPTSTK,FEDERALBNK,29-Jun-17,60,PE,0,0,0,0.05,0,0,0,0,0,17-Apr-17
OPTSTK,FEDERALBNK,29-Jun-17,62.5,PE,0,0,0,0.05,0,0,0,0,0,17-Apr-17
OPTSTK,FEDERALBNK,29-Jun-17,65,PE,0,0,0,0.05,0.05,0,0,0,0,17-Apr-17
OPTSTK,FEDERALBNK,29-Jun-17,67.5,PE,0,0,0,0.1,0.05,0,0,0,0,17-Apr-17
OPTSTK,FEDERALBNK,29-Jun-17,70,PE,0,0,0,0.2,0.05,0,0,0,0,17-Apr-17
OPTSTK,FEDERALBNK,29-Jun-17,72.5,PE,0,0,0,0.3,0.1,0,0,0,0,17-Apr-17
OPTSTK,FEDERALBNK,29-Jun-17,75,PE,0,0,0,0.5,0.2,0,0,0,0,17-Apr-17
OPTSTK,FEDERALBNK,29-Jun-17,77.5,PE,0,0,0,0.8,0.35,0,0,0,0,17-Apr-17
OPTSTK,FEDERALBNK,29-Jun-17,80,PE,0,0,0,1.2,0.6,0,0,0,0,17-Apr-17
OPTSTK,FEDERALBNK,29-Jun-17,82.5,PE,0,0,0,1.75,0.95,0,0,0,0,17-Apr-17
OPTSTK,FEDERALBNK,29-Jun-17,85,PE,0,0,0,2.45,1.45,0,0,0,0,17-Apr-17
OPTSTK,FEDERALBNK,29-Jun-17,87.5,PE,0,0,0,3.3,2.15,0,0,0,0,17-Apr-17
OPTSTK,FEDERALBNK,29-Jun-17,90,PE,0,0,0,4.35,3.05,0,0,0,0,17-Apr-17
OPTSTK,FEDERALBNK,29-Jun-17,92.5,PE,0,0,0,5.6,4.1,0,0,0,0,17-Apr-17
OPTSTK,FEDERALBNK,29-Jun-17,95,PE,0,0,0,7,5.4,0,0,0,0,17-Apr-17
OPTSTK,FEDERALBNK,29-Jun-17,97.5,PE,0,0,0,8.6,6.9,0,0,0,0,17-Apr-17
OPTSTK,FEDERALBNK,29-Jun-17,100,PE,0,0,0,10.3,8.6,0,0,0,0,17-Apr-17
OPTSTK,FEDERALBNK,29-Jun-17,102.5,PE,0,0,0,12.15,10.45,0,0,0,0,17-Apr-17
OPTSTK,FEDERALBNK,29-Jun-17,105,PE,0,0,0,14.15,12.4,0,0,0,0,17-Apr-17
OPTSTK,FEDERALBNK,29-Jun-17,107.5,PE,0,0,0,16.2,14.5,0,0,0,0,17-Apr-17
OPTSTK,FEDERALBNK,29-Jun-17,110,PE,0,0,0,18.35,16.7,0,0,0,0,17-Apr-17
OPTSTK,GAIL,27-Apr-17,225,CE,0,0,0,180.85,169.9,0,0,0,0,17-Apr-17
OPTSTK,GAIL,27-Apr-17,230,CE,0,0,0,151.25,164.9,0,0,0,0,17-Apr-17
OPTSTK,GAIL,27-Apr-17,232.5,CE,0,0,0,171.05,162.4,0,0,0,0,17-Apr-17
OPTSTK,GAIL,27-Apr-17,240,CE,0,0,0,161.25,154.95,0,0,0,0,17-Apr-17
OPTSTK,GAIL,27-Apr-17,247.5,CE,0,0,0,151.5,147.45,0,0,0,0,17-Apr-17
OPTSTK,GAIL,27-Apr-17,250,CE,0,0,0,131.45,144.95,0,0,0,0,17-Apr-17
OPTSTK,GAIL,27-Apr-17,255,CE,0,0,0,141.8,139.95,0,0,0,0,17-Apr-17
OPTSTK,GAIL,27-Apr-17,260,CE,0,0,0,121.55,134.95,0,0,0,0,17-Apr-17
OPTSTK,GAIL,27-Apr-17,262.5,CE,0,0,0,132.15,132.5,0,0,0,0,17-Apr-17
OPTSTK,GAIL,27-Apr-17,270,CE,0,0,0,122.6,125,0,0,0,0,17-Apr-17
OPTSTK,GAIL,27-Apr-17,277.5,CE,0,0,0,113.2,117.5,0,0,0,0,17-Apr-17
OPTSTK,GAIL,27-Apr-17,280,CE,0,0,0,101.75,115,0,0,0,0,17-Apr-17
OPTSTK,GAIL,27-Apr-17,285,CE,0,0,0,104,110,0,0,0,0,17-Apr-17
OPTSTK,GAIL,27-Apr-17,290,CE,0,0,0,91.9,105,0,0,0,0,17-Apr-17
OPTSTK,GAIL,27-Apr-17,292.5,CE,0,0,0,95,102.55,0,0,0,0,17-Apr-17
OPTSTK,GAIL,27-Apr-17,300,CE,0,0,0,75,95.05,0,0,2000,0,17-Apr-17
OPTSTK,GAIL,27-Apr-17,307.5,CE,0,0,0,77.9,87.55,0,0,0,0,17-Apr-17
OPTSTK,GAIL,27-Apr-17,310,CE,0,0,0,72.55,85.05,0,0,0,0,17-Apr-17
OPTSTK,GAIL,27-Apr-17,315,CE,0,0,0,69.9,80.05,0,0,0,0,17-Apr-17
OPTSTK,GAIL,27-Apr-17,320,CE,0,0,0,63.2,75.1,0,0,0,0,17-Apr-17
OPTSTK,GAIL,27-Apr-17,322.5,CE,0,0,0,62.3,72.6,0,0,0,0,17-Apr-17
OPTSTK,GAIL,27-Apr-17,330,CE,0,0,0,55.2,65.1,0,0,0,0,17-Apr-17
OPTSTK,GAIL,27-Apr-17,337.5,CE,0,0,0,48.5,57.6,0,0,0,0,17-Apr-17
OPTSTK,GAIL,27-Apr-17,340,CE,0,0,0,45.7,55.1,0,0,0,0,17-Apr-17
OPTSTK,GAIL,27-Apr-17,345,CE,0,0,0,42.4,50.15,0,0,0,0,17-Apr-17
OPTSTK,GAIL,27-Apr-17,350,CE,0,0,0,25.25,45.15,0,0,8000,0,17-Apr-17
OPTSTK,GAIL,27-Apr-17,352.5,CE,0,0,0,25.55,42.7,0,0,4000,0,17-Apr-17
OPTSTK,GAIL,27-Apr-17,360,CE,0,0,0,23,35.3,0,0,8000,0,17-Apr-17
OPTSTK,GAIL,27-Apr-17,367.5,CE,0,0,0,14.85,28.15,0,0,2000,0,17-Apr-17
OPTSTK,GAIL,27-Apr-17,370,CE,24,27,24,26.5,26.5,4,31.64,12000,0,17-Apr-17
OPTSTK,GAIL,27-Apr-17,375,CE,15,21.25,15,21.25,21.25,2,15.72,14000,2000,17-Apr-17
OPTSTK,GAIL,27-Apr-17,380,CE,7.5,17.9,7.5,17.55,17.55,50,391.72,84000,-20000,17-Apr-17
OPTSTK,GAIL,27-Apr-17,382.5,CE,7.4,12.65,6.5,12.65,12.65,18,141.36,38000,-8000,17-Apr-17
OPTSTK,GAIL,27-Apr-17,390,CE,4,11,4,9.85,9.85,590,4691.6,176000,-168000,17-Apr-17
OPTSTK,GAIL,27-Apr-17,397.5,CE,3.1,7,3.1,6.45,6.45,34,273.81,36000,10000,17-Apr-17
OPTSTK,GAIL,27-Apr-17,400,CE,2.2,5.75,2.2,5.3,5.3,495,4001.83,294000,48000,17-Apr-17
OPTSTK,GAIL,27-Apr-17,405,CE,2.6,4.2,2.4,3.9,3.9,14,114.29,24000,16000,17-Apr-17
OPTSTK,GAIL,27-Apr-17,410,CE,1.2,3.5,1.2,2.55,2.55,62,511.03,94000,36000,17-Apr-17
OPTSTK,GAIL,27-Apr-17,412.5,CE,0,0,0,9.45,1.95,0,0,0,0,17-Apr-17
OPTSTK,GAIL,27-Apr-17,420,CE,0.75,1.3,0.75,1.2,1.2,22,185.26,36000,24000,17-Apr-17
OPTSTK,GAIL,27-Apr-17,427.5,CE,0,0,0,6.3,0.4,0,0,0,0,17-Apr-17
OPTSTK,GAIL,27-Apr-17,430,CE,0.75,0.75,0.75,0.75,0.75,2,17.23,6000,4000,17-Apr-17
OPTSTK,GAIL,27-Apr-17,435,CE,0,0,0,5.15,0.2,0,0,0,0,17-Apr-17
OPTSTK,GAIL,27-Apr-17,440,CE,0,0,0,2.75,0.1,0,0,0,0,17-Apr-17
OPTSTK,GAIL,27-Apr-17,442.5,CE,0,0,0,4.15,0.1,0,0,0,0,17-Apr-17
OPTSTK,GAIL,27-Apr-17,450,CE,0,0,0,3.35,0.05,0,0,0,0,17-Apr-17
OPTSTK,GAIL,27-Apr-17,457.5,CE,0,0,0,2.7,0.05,0,0,0,0,17-Apr-17
OPTSTK,GAIL,27-Apr-17,460,CE,0,0,0,1.25,0,0,0,0,0,17-Apr-17
OPTSTK,GAIL,27-Apr-17,470,CE,0,0,0,0.8,0,0,0,0,0,17-Apr-17
OPTSTK,GAIL,27-Apr-17,225,PE,0,0,0,0.05,0,0,0,0,0,17-Apr-17
OPTSTK,GAIL,27-Apr-17,230,PE,0,0,0,0.05,0,0,0,0,0,17-Apr-17
OPTSTK,GAIL,27-Apr-17,232.5,PE,0,0,0,0.05,0,0,0,0,0,17-Apr-17
OPTSTK,GAIL,27-Apr-17,240,PE,0,0,0,0.1,0,0,0,0,0,17-Apr-17
OPTSTK,GAIL,27-Apr-17,247.5,PE,0,0,0,0.2,0,0,0,0,0,17-Apr-17
OPTSTK,GAIL,27-Apr-17,250,PE,0,0,0,0.05,0,0,0,0,0,17-Apr-17
OPTSTK,GAIL,27-Apr-17,255,PE,0,0,0,0.3,0,0,0,0,0,17-Apr-17
OPTSTK,GAIL,27-Apr-17,260,PE,0,0,0,0.05,0,0,0,0,0,17-Apr-17
OPTSTK,GAIL,27-Apr-17,262.5,PE,0,0,0,0.5,0,0,0,0,0,17-Apr-17
OPTSTK,GAIL,27-Apr-17,270,PE,0,0,0,0.8,0,0,0,0,0,17-Apr-17
OPTSTK,GAIL,27-Apr-17,277.5,PE,0,0,0,1.2,0,0,0,0,0,17-Apr-17
OPTSTK,GAIL,27-Apr-17,280,PE,0,0,0,0.05,0,0,0,0,0,17-Apr-17
OPTSTK,GAIL,27-Apr-17,285,PE,0,0,0,1.85,0,0,0,0,0,17-Apr-17
OPTSTK,GAIL,27-Apr-17,290,PE,0,0,0,0.15,0,0,0,0,0,17-Apr-17
OPTSTK,GAIL,27-Apr-17,292.5,PE,0,0,0,2.7,0,0,0,0,0,17-Apr-17
OPTSTK,GAIL,27-Apr-17,300,PE,0,0,0,3.8,0,0,0,0,0,17-Apr-17
OPTSTK,GAIL,27-Apr-17,307.5,PE,0,0,0,5.25,0,0,0,0,0,17-Apr-17
OPTSTK,GAIL,27-Apr-17,310,PE,0,0,0,0.6,0,0,0,0,0,17-Apr-17
OPTSTK,GAIL,27-Apr-17,315,PE,0,0,0,7.1,0,0,0,0,0,17-Apr-17
OPTSTK,GAIL,27-Apr-17,320,PE,0,0,0,1.15,0,0,0,0,0,17-Apr-17
OPTSTK,GAIL,27-Apr-17,322.5,PE,0,0,0,9.35,0,0,0,0,0,17-Apr-17
OPTSTK,GAIL,27-Apr-17,330,PE,0,0,0,12.05,0,0,0,0,0,17-Apr-17
OPTSTK,GAIL,27-Apr-17,337.5,PE,0,0,0,15.25,0,0,0,0,0,17-Apr-17
OPTSTK,GAIL,27-Apr-17,340,PE,0,0,0,3.5,0,0,0,0,0,17-Apr-17
OPTSTK,GAIL,27-Apr-17,345,PE,0,0,0,18.95,0.05,0,0,0,0,17-Apr-17
OPTSTK,GAIL,27-Apr-17,350,PE,0.7,0.7,0.7,0.7,0.7,1,7.01,6000,2000,17-Apr-17
OPTSTK,GAIL,27-Apr-17,352.5,PE,0,0,0,0.9,0.05,0,0,6000,0,17-Apr-17
OPTSTK,GAIL,27-Apr-17,360,PE,0.85,0.85,0.85,0.85,0.85,1,7.21,82000,-2000,17-Apr-17
OPTSTK,GAIL,27-Apr-17,367.5,PE,0.5,0.5,0.5,0.5,0.5,1,7.36,8000,-2000,17-Apr-17
OPTSTK,GAIL,27-Apr-17,370,PE,1.85,1.85,0.5,0.6,0.6,33,244.75,64000,2000,17-Apr-17
OPTSTK,GAIL,27-Apr-17,375,PE,2.9,2.9,0.85,0.95,0.95,26,195.74,46000,2000,17-Apr-17
OPTSTK,GAIL,27-Apr-17,380,PE,5.4,5.4,1.5,1.65,1.65,114,872.6,194000,36000,17-Apr-17
OPTSTK,GAIL,27-Apr-17,382.5,PE,4.2,4.2,1.75,2.2,2.2,20,154.14,112000,4000,17-Apr-17
OPTSTK,GAIL,27-Apr-17,390,PE,12,12,4.05,4.4,4.4,98,775.72,112000,92000,17-Apr-17
OPTSTK,GAIL,27-Apr-17,397.5,PE,0,0,0,59.15,8.75,0,0,0,0,17-Apr-17
OPTSTK,GAIL,27-Apr-17,400,PE,10.05,10.05,9.5,9.5,9.5,3,24.58,6000,6000,17-Apr-17
OPTSTK,GAIL,27-Apr-17,405,PE,14.1,14.1,14.1,14.1,14.1,1,8.38,2000,0,17-Apr-17
OPTSTK,GAIL,27-Apr-17,410,PE,0,0,0,35.15,17.2,0,0,0,0,17-Apr-17
OPTSTK,GAIL,27-Apr-17,412.5,PE,0,0,0,74.5,19.2,0,0,0,0,17-Apr-17
OPTSTK,GAIL,27-Apr-17,420,PE,0,0,0,82.65,25.7,0,0,0,0,17-Apr-17
OPTSTK,GAIL,27-Apr-17,427.5,PE,0,0,0,91.05,32.7,0,0,0,0,17-Apr-17
OPTSTK,GAIL,27-Apr-17,430,PE,0,0,0,51.05,35.05,0,0,0,0,17-Apr-17
OPTSTK,GAIL,27-Apr-17,435,PE,0,0,0,99.7,39.9,0,0,0,0,17-Apr-17
OPTSTK,GAIL,27-Apr-17,440,PE,0,0,0,59.7,44.85,0,0,0,0,17-Apr-17
OPTSTK,GAIL,27-Apr-17,442.5,PE,0,0,0,108.55,47.3,0,0,0,0,17-Apr-17
OPTSTK,GAIL,27-Apr-17,450,PE,0,0,0,117.6,54.75,0,0,0,0,17-Apr-17
OPTSTK,GAIL,27-Apr-17,457.5,PE,0,0,0,126.75,62.25,0,0,0,0,17-Apr-17
OPTSTK,GAIL,27-Apr-17,460,PE,0,0,0,78,64.7,0,0,0,0,17-Apr-17
OPTSTK,GAIL,27-Apr-17,470,PE,0,0,0,87.5,74.7,0,0,0,0,17-Apr-17
OPTSTK,GAIL,25-May-17,255,CE,0,0,0,182.95,141.25,0,0,0,0,17-Apr-17
OPTSTK,GAIL,25-May-17,260,CE,0,0,0,122.85,136.25,0,0,0,0,17-Apr-17
OPTSTK,GAIL,25-May-17,262.5,CE,0,0,0,173.15,133.8,0,0,0,0,17-Apr-17
OPTSTK,GAIL,25-May-17,270,CE,0,0,0,163.35,126.35,0,0,0,0,17-Apr-17
OPTSTK,GAIL,25-May-17,277.5,CE,0,0,0,153.6,118.9,0,0,0,0,17-Apr-17
OPTSTK,GAIL,25-May-17,280,CE,0,0,0,103.35,116.4,0,0,0,0,17-Apr-17
OPTSTK,GAIL,25-May-17,285,CE,0,0,0,143.9,111.45,0,0,0,0,17-Apr-17
OPTSTK,GAIL,25-May-17,290,CE,0,0,0,93.75,106.5,0,0,0,0,17-Apr-17
OPTSTK,GAIL,25-May-17,292.5,CE,0,0,0,134.3,104,0,0,0,0,17-Apr-17
OPTSTK,GAIL,25-May-17,300,CE,0,0,0,124.8,96.55,0,0,0,0,17-Apr-17
OPTSTK,GAIL,25-May-17,307.5,CE,0,0,0,115.45,89.1,0,0,0,0,17-Apr-17
OPTSTK,GAIL,25-May-17,310,CE,0,0,0,75.1,86.65,0,0,0,0,17-Apr-17
OPTSTK,GAIL,25-May-17,315,CE,0,0,0,106.25,81.7,0,0,0,0,17-Apr-17
OPTSTK,GAIL,25-May-17,320,CE,0,0,0,66.25,76.8,0,0,0,0,17-Apr-17
OPTSTK,GAIL,25-May-17,322.5,CE,0,0,0,97.35,74.35,0,0,0,0,17-Apr-17
OPTSTK,GAIL,25-May-17,330,CE,0,0,0,88.65,67.05,0,0,0,0,17-Apr-17
OPTSTK,GAIL,25-May-17,337.5,CE,0,0,0,80.3,59.85,0,0,0,0,17-Apr-17
OPTSTK,GAIL,25-May-17,340,CE,0,0,0,49.85,57.45,0,0,0,0,17-Apr-17
OPTSTK,GAIL,25-May-17,345,CE,0,0,0,72.35,52.8,0,0,0,0,17-Apr-17
OPTSTK,GAIL,25-May-17,350,CE,0,0,0,42.5,48.25,0,0,0,0,17-Apr-17
OPTSTK,GAIL,25-May-17,352.5,CE,0,0,0,64.75,46,0,0,0,0,17-Apr-17
OPTSTK,GAIL,25-May-17,360,CE,0,0,0,57.65,39.55,0,0,0,0,17-Apr-17
OPTSTK,GAIL,25-May-17,367.5,CE,0,0,0,50.95,33.45,0,0,0,0,17-Apr-17
OPTSTK,GAIL,25-May-17,370,CE,0,0,0,29.8,31.55,0,0,0,0,17-Apr-17
OPTSTK,GAIL,25-May-17,375,CE,0,0,0,44.75,27.85,0,0,0,0,17-Apr-17
OPTSTK,GAIL,25-May-17,380,CE,0,0,0,24.45,24.4,0,0,0,0,17-Apr-17
OPTSTK,GAIL,25-May-17,382.5,CE,0,0,0,39.1,22.8,0,0,0,0,17-Apr-17
OPTSTK,GAIL,25-May-17,390,CE,0,0,0,33.95,18.3,0,0,0,0,17-Apr-17
OPTSTK,GAIL,25-May-17,397.5,CE,0,0,0,29.25,14.45,0,0,0,0,17-Apr-17
OPTSTK,GAIL,25-May-17,400,CE,11.5,12.25,9.05,12.25,12.25,3,24.65,4000,4000,17-Apr-17
OPTSTK,GAIL,25-May-17,405,CE,0,0,0,25.1,11.2,0,0,0,0,17-Apr-17
OPTSTK,GAIL,25-May-17,410,CE,0,0,0,6.5,9.35,0,0,12000,0,17-Apr-17
OPTSTK,GAIL,25-May-17,412.5,CE,0,0,0,5.95,8.5,0,0,12000,0,17-Apr-17
OPTSTK,GAIL,25-May-17,420,CE,0,0,0,18.1,6.35,0,0,0,0,17-Apr-17
OPTSTK,GAIL,25-May-17,427.5,CE,0,0,0,15.25,4.65,0,0,0,0,17-Apr-17
OPTSTK,GAIL,25-May-17,430,CE,0,0,0,7.65,4.15,0,0,0,0,17-Apr-17
OPTSTK,GAIL,25-May-17,435,CE,0,0,0,12.8,3.35,0,0,0,0,17-Apr-17
OPTSTK,GAIL,25-May-17,440,CE,0,0,0,5.85,2.65,0,0,0,0,17-Apr-17
OPTSTK,GAIL,25-May-17,442.5,CE,0,0,0,10.65,2.35,0,0,0,0,17-Apr-17
OPTSTK,GAIL,25-May-17,450,CE,0,0,0,8.8,1.65,0,0,0,0,17-Apr-17
OPTSTK,GAIL,25-May-17,457.5,CE,0,0,0,7.25,1.1,0,0,0,0,17-Apr-17
OPTSTK,GAIL,25-May-17,460,CE,0,0,0,3.35,0.95,0,0,0,0,17-Apr-17
OPTSTK,GAIL,25-May-17,470,CE,0,0,0,2.5,0.55,0,0,0,0,17-Apr-17
OPTSTK,GAIL,25-May-17,255,PE,0,0,0,0.05,0,0,0,0,0,17-Apr-17
OPTSTK,GAIL,25-May-17,260,PE,0,0,0,0.1,0,0,0,0,0,17-Apr-17
OPTSTK,GAIL,25-May-17,262.5,PE,0,0,0,0.1,0,0,0,0,0,17-Apr-17
OPTSTK,GAIL,25-May-17,270,PE,0,0,0,0.15,0,0,0,0,0,17-Apr-17
OPTSTK,GAIL,25-May-17,277.5,PE,0,0,0,0.25,0,0,0,0,0,17-Apr-17
OPTSTK,GAIL,25-May-17,280,PE,0,0,0,0.3,0,0,0,0,0,17-Apr-17
OPTSTK,GAIL,25-May-17,285,PE,0,0,0,0.4,0,0,0,0,0,17-Apr-17
OPTSTK,GAIL,25-May-17,290,PE,0,0,0,0.55,0,0,0,0,0,17-Apr-17
OPTSTK,GAIL,25-May-17,292.5,PE,0,0,0,0.65,0,0,0,0,0,17-Apr-17
OPTSTK,GAIL,25-May-17,300,PE,0,0,0,0.95,0.05,0,0,0,0,17-Apr-17
OPTSTK,GAIL,25-May-17,307.5,PE,0,0,0,1.45,0.05,0,0,0,0,17-Apr-17
OPTSTK,GAIL,25-May-17,310,PE,0,0,0,1.65,0.05,0,0,0,0,17-Apr-17
OPTSTK,GAIL,25-May-17,315,PE,0,0,0,2.15,0.1,0,0,0,0,17-Apr-17
OPTSTK,GAIL,25-May-17,320,PE,0,0,0,2.65,0.15,0,0,0,0,17-Apr-17
OPTSTK,GAIL,25-May-17,322.5,PE,0,0,0,3.05,0.15,0,0,0,0,17-Apr-17
OPTSTK,GAIL,25-May-17,330,PE,0,0,0,4.2,0.3,0,0,0,0,17-Apr-17
OPTSTK,GAIL,25-May-17,337.5,PE,0,0,0,5.7,0.55,0,0,0,0,17-Apr-17
OPTSTK,GAIL,25-May-17,340,PE,0,0,0,6,0.7,0,0,0,0,17-Apr-17
OPTSTK,GAIL,25-May-17,345,PE,0,0,0,7.55,1,0,0,0,0,17-Apr-17
OPTSTK,GAIL,25-May-17,350,PE,0,0,0,8.5,1.4,0,0,0,0,17-Apr-17
OPTSTK,GAIL,25-May-17,352.5,PE,0,0,0,9.85,1.65,0,0,0,0,17-Apr-17
OPTSTK,GAIL,25-May-17,360,PE,0,0,0,12.55,2.6,0,0,0,0,17-Apr-17
OPTSTK,GAIL,25-May-17,367.5,PE,0,0,0,15.7,4,0,0,0,0,17-Apr-17
OPTSTK,GAIL,25-May-17,370,PE,0,0,0,15.5,4.55,0,0,0,0,17-Apr-17
OPTSTK,GAIL,25-May-17,375,PE,0,0,0,19.35,5.85,0,0,0,0,17-Apr-17
OPTSTK,GAIL,25-May-17,380,PE,6,6,6,6,6,2,15.44,6000,4000,17-Apr-17
OPTSTK,GAIL,25-May-17,382.5,PE,0,0,0,23.55,8.2,0,0,0,0,17-Apr-17
OPTSTK,GAIL,25-May-17,390,PE,0,0,0,28.2,11.2,0,0,0,0,17-Apr-17
OPTSTK,GAIL,25-May-17,397.5,PE,0,0,0,33.4,14.75,0,0,0,0,17-Apr-17
OPTSTK,GAIL,25-May-17,400,PE,0,0,0,31.25,16.1,0,0,0,0,17-Apr-17
OPTSTK,GAIL,25-May-17,405,PE,0,0,0,39.05,18.95,0,0,0,0,17-Apr-17
OPTSTK,GAIL,25-May-17,410,PE,0,0,0,37.8,22.05,0,0,0,0,17-Apr-17
OPTSTK,GAIL,25-May-17,412.5,PE,0,0,0,45.2,23.7,0,0,0,0,17-Apr-17
OPTSTK,GAIL,25-May-17,420,PE,0,0,0,51.75,29,0,0,0,0,17-Apr-17
OPTSTK,GAIL,25-May-17,427.5,PE,0,0,0,58.75,34.75,0,0,0,0,17-Apr-17
OPTSTK,GAIL,25-May-17,430,PE,0,0,0,52.55,36.75,0,0,0,0,17-Apr-17
OPTSTK,GAIL,25-May-17,435,PE,0,0,0,66.15,40.9,0,0,0,0,17-Apr-17
OPTSTK,GAIL,25-May-17,440,PE,0,0,0,60.65,45.2,0,0,0,0,17-Apr-17
OPTSTK,GAIL,25-May-17,442.5,PE,0,0,0,73.85,47.35,0,0,0,0,17-Apr-17
OPTSTK,GAIL,25-May-17,450,PE,0,0,0,81.85,54.1,0,0,0,0,17-Apr-17
OPTSTK,GAIL,25-May-17,457.5,PE,0,0,0,90.15,61,0,0,0,0,17-Apr-17
OPTSTK,GAIL,25-May-17,460,PE,0,0,0,77.85,63.35,0,0,0,0,17-Apr-17
OPTSTK,GAIL,25-May-17,470,PE,0,0,0,86.85,72.9,0,0,0,0,17-Apr-17
OPTSTK,GAIL,29-Jun-17,260,CE,0,0,0,123.3,137.9,0,0,0,0,17-Apr-17
OPTSTK,GAIL,29-Jun-17,270,CE,0,0,0,113.5,128,0,0,0,0,17-Apr-17
OPTSTK,GAIL,29-Jun-17,280,CE,0,0,0,103.75,118.15,0,0,0,0,17-Apr-17
OPTSTK,GAIL,29-Jun-17,290,CE,0,0,0,94,108.35,0,0,0,0,17-Apr-17
OPTSTK,GAIL,29-Jun-17,300,CE,0,0,0,84.4,98.6,0,0,0,0,17-Apr-17
OPTSTK,GAIL,29-Jun-17,310,CE,0,0,0,74.95,88.95,0,0,0,0,17-Apr-17
OPTSTK,GAIL,29-Jun-17,320,CE,0,0,0,65.8,79.45,0,0,0,0,17-Apr-17
OPTSTK,GAIL,29-Jun-17,330,CE,0,0,0,57,70.15,0,0,0,0,17-Apr-17
OPTSTK,GAIL,29-Jun-17,340,CE,0,0,0,48.65,61.25,0,0,0,0,17-Apr-17
OPTSTK,GAIL,29-Jun-17,350,CE,0,0,0,40.95,52.75,0,0,0,0,17-Apr-17
OPTSTK,GAIL,29-Jun-17,360,CE,0,0,0,33.9,44.8,0,0,0,0,17-Apr-17
OPTSTK,GAIL,29-Jun-17,370,CE,0,0,0,27.6,37.55,0,0,0,0,17-Apr-17
OPTSTK,GAIL,29-Jun-17,380,CE,0,0,0,22.1,30.95,0,0,0,0,17-Apr-17
OPTSTK,GAIL,29-Jun-17,390,CE,0,0,0,17.4,25.1,0,0,0,0,17-Apr-17
OPTSTK,GAIL,29-Jun-17,400,CE,0,0,0,13.5,20.05,0,0,0,0,17-Apr-17
OPTSTK,GAIL,29-Jun-17,410,CE,0,0,0,10.3,15.8,0,0,0,0,17-Apr-17
OPTSTK,GAIL,29-Jun-17,420,CE,0,0,0,7.75,12.25,0,0,0,0,17-Apr-17
OPTSTK,GAIL,29-Jun-17,430,CE,0,0,0,5.7,9.35,0,0,0,0,17-Apr-17
OPTSTK,GAIL,29-Jun-17,440,CE,0,0,0,4.15,7,0,0,0,0,17-Apr-17
OPTSTK,GAIL,29-Jun-17,450,CE,0,0,0,2.95,5.2,0,0,0,0,17-Apr-17
OPTSTK,GAIL,29-Jun-17,460,CE,0,0,0,2.1,3.8,0,0,0,0,17-Apr-17
OPTSTK,GAIL,29-Jun-17,470,CE,0,0,0,1.45,2.75,0,0,0,0,17-Apr-17
OPTSTK,GAIL,29-Jun-17,260,PE,0,0,0,0.05,0,0,0,0,0,17-Apr-17
OPTSTK,GAIL,29-Jun-17,270,PE,0,0,0,0.05,0.05,0,0,0,0,17-Apr-17
OPTSTK,GAIL,29-Jun-17,280,PE,0,0,0,0.1,0.05,0,0,0,0,17-Apr-17
OPTSTK,GAIL,29-Jun-17,290,PE,0,0,0,0.2,0.1,0,0,0,0,17-Apr-17
OPTSTK,GAIL,29-Jun-17,300,PE,0,0,0,0.45,0.2,0,0,0,0,17-Apr-17
OPTSTK,GAIL,29-Jun-17,310,PE,0,0,0,0.85,0.4,0,0,0,0,17-Apr-17
OPTSTK,GAIL,29-Jun-17,320,PE,0,0,0,1.5,0.8,0,0,0,0,17-Apr-17
OPTSTK,GAIL,29-Jun-17,330,PE,0,0,0,2.55,1.4,0,0,0,0,17-Apr-17
OPTSTK,GAIL,29-Jun-17,340,PE,0,0,0,4.05,2.35,0,0,0,0,17-Apr-17
OPTSTK,GAIL,29-Jun-17,350,PE,0,0,0,6.15,3.75,0,0,0,0,17-Apr-17
OPTSTK,GAIL,29-Jun-17,360,PE,0,0,0,8.95,5.65,0,0,0,0,17-Apr-17
OPTSTK,GAIL,29-Jun-17,370,PE,0,0,0,12.5,8.25,0,0,0,0,17-Apr-17
OPTSTK,GAIL,29-Jun-17,380,PE,0,0,0,16.85,11.5,0,0,0,0,17-Apr-17
OPTSTK,GAIL,29-Jun-17,390,PE,0,0,0,22,15.6,0,0,0,0,17-Apr-17
OPTSTK,GAIL,29-Jun-17,400,PE,0,0,0,27.9,20.4,0,0,0,0,17-Apr-17
OPTSTK,GAIL,29-Jun-17,410,PE,0,0,0,34.5,26,0,0,0,0,17-Apr-17
OPTSTK,GAIL,29-Jun-17,420,PE,0,0,0,41.8,32.3,0,0,0,0,17-Apr-17
OPTSTK,GAIL,29-Jun-17,430,PE,0,0,0,49.6,39.25,0,0,0,0,17-Apr-17
OPTSTK,GAIL,29-Jun-17,440,PE,0,0,0,57.9,46.85,0,0,0,0,17-Apr-17
OPTSTK,GAIL,29-Jun-17,450,PE,0,0,0,66.55,54.9,0,0,0,0,17-Apr-17
OPTSTK,GAIL,29-Jun-17,460,PE,0,0,0,75.5,63.35,0,0,0,0,17-Apr-17
OPTSTK,GAIL,29-Jun-17,470,PE,0,0,0,84.7,72.15,0,0,0,0,17-Apr-17
OPTSTK,GLENMARK,27-Apr-17,540,CE,0,0,0,343.1,350.05,0,0,0,0,17-Apr-17
OPTSTK,GLENMARK,27-Apr-17,560,CE,0,0,0,323.4,330.1,0,0,0,0,17-Apr-17
OPTSTK,GLENMARK,27-Apr-17,580,CE,0,0,0,303.75,310.15,0,0,0,0,17-Apr-17
OPTSTK,GLENMARK,27-Apr-17,600,CE,0,0,0,284.05,290.15,0,0,0,0,17-Apr-17
OPTSTK,GLENMARK,27-Apr-17,620,CE,0,0,0,264.4,270.2,0,0,0,0,17-Apr-17
OPTSTK,GLENMARK,27-Apr-17,640,CE,0,0,0,244.75,250.25,0,0,0,0,17-Apr-17
OPTSTK,GLENMARK,27-Apr-17,660,CE,0,0,0,225.1,230.25,0,0,0,0,17-Apr-17
OPTSTK,GLENMARK,27-Apr-17,680,CE,0,0,0,205.5,210.3,0,0,0,0,17-Apr-17
OPTSTK,GLENMARK,27-Apr-17,700,CE,0,0,0,186,190.35,0,0,0,0,17-Apr-17
OPTSTK,GLENMARK,27-Apr-17,720,CE,0,0,0,166.65,170.35,0,0,0,0,17-Apr-17
OPTSTK,GLENMARK,27-Apr-17,740,CE,0,0,0,147.6,150.4,0,0,0,0,17-Apr-17
OPTSTK,GLENMARK,27-Apr-17,760,CE,0,0,0,129,130.45,0,0,0,0,17-Apr-17
OPTSTK,GLENMARK,27-Apr-17,780,CE,0,0,0,111.1,110.5,0,0,0,0,17-Apr-17
OPTSTK,GLENMARK,27-Apr-17,800,CE,0,0,0,94.1,90.5,0,0,0,0,17-Apr-17
OPTSTK,GLENMARK,27-Apr-17,820,CE,0,0,0,78.3,70.6,0,0,0,0,17-Apr-17
OPTSTK,GLENMARK,27-Apr-17,840,CE,0,0,0,41.9,51.1,0,0,700,0,17-Apr-17
OPTSTK,GLENMARK,27-Apr-17,860,CE,35,35,35,35,35,1,6.26,7000,-700,17-Apr-17
OPTSTK,GLENMARK,27-Apr-17,880,CE,27,27,23.8,23.8,23.8,2,12.67,17500,700,17-Apr-17
OPTSTK,GLENMARK,27-Apr-17,900,CE,12,15,12,13.05,13.05,46,294.13,72100,3500,17-Apr-17
OPTSTK,GLENMARK,27-Apr-17,920,CE,8.05,8.05,5.5,5.9,5.9,19,123.25,25200,-700,17-Apr-17
OPTSTK,GLENMARK,27-Apr-17,940,CE,3,3.25,2.05,3.25,3.25,3,19.79,11900,0,17-Apr-17
OPTSTK,GLENMARK,27-Apr-17,960,CE,0,0,0,2.25,0.15,0,0,7700,0,17-Apr-17
OPTSTK,GLENMARK,27-Apr-17,980,CE,0,0,0,1.75,0.05,0,0,1400,0,17-Apr-17
OPTSTK,GLENMARK,27-Apr-17,1000,CE,0,0,0,5.95,0,0,0,0,0,17-Apr-17
OPTSTK,GLENMARK,27-Apr-17,1020,CE,0,0,0,4.05,0,0,0,0,0,17-Apr-17
OPTSTK,GLENMARK,27-Apr-17,1040,CE,0,0,0,2.7,0,0,0,0,0,17-Apr-17
OPTSTK,GLENMARK,27-Apr-17,1060,CE,0,0,0,1.75,0,0,0,0,0,17-Apr-17
OPTSTK,GLENMARK,27-Apr-17,1080,CE,0,0,0,1.1,0,0,0,0,0,17-Apr-17
OPTSTK,GLENMARK,27-Apr-17,1100,CE,0,0,0,0.7,0,0,0,0,0,17-Apr-17
OPTSTK,GLENMARK,27-Apr-17,1120,CE,0,0,0,0.45,0,0,0,0,0,17-Apr-17
OPTSTK,GLENMARK,27-Apr-17,1140,CE,0,0,0,0.3,0,0,0,0,0,17-Apr-17
OPTSTK,GLENMARK,27-Apr-17,540,PE,0,0,0,0.05,0,0,0,0,0,17-Apr-17
OPTSTK,GLENMARK,27-Apr-17,560,PE,0,0,0,0.05,0,0,0,0,0,17-Apr-17
OPTSTK,GLENMARK,27-Apr-17,580,PE,0,0,0,0.05,0,0,0,0,0,17-Apr-17
OPTSTK,GLENMARK,27-Apr-17,600,PE,0,0,0,0.05,0,0,0,0,0,17-Apr-17
OPTSTK,GLENMARK,27-Apr-17,620,PE,0,0,0,0.05,0,0,0,0,0,17-Apr-17
OPTSTK,GLENMARK,27-Apr-17,640,PE,0,0,0,0.05,0,0,0,0,0,17-Apr-17
OPTSTK,GLENMARK,27-Apr-17,660,PE,0,0,0,0.05,0,0,0,0,0,17-Apr-17
OPTSTK,GLENMARK,27-Apr-17,680,PE,0,0,0,0.15,0,0,0,0,0,17-Apr-17
OPTSTK,GLENMARK,27-Apr-17,700,PE,0,0,0,0.3,0,0,0,0,0,17-Apr-17
OPTSTK,GLENMARK,27-Apr-17,720,PE,0,0,0,0.6,0,0,0,0,0,17-Apr-17
OPTSTK,GLENMARK,27-Apr-17,740,PE,0,0,0,1.25,0,0,0,0,0,17-Apr-17
OPTSTK,GLENMARK,27-Apr-17,760,PE,0,0,0,2.3,0,0,0,0,0,17-Apr-17
OPTSTK,GLENMARK,27-Apr-17,780,PE,0,0,0,4.1,0,0,0,0,0,17-Apr-17
OPTSTK,GLENMARK,27-Apr-17,800,PE,0,0,0,3,0.05,0,0,700,0,17-Apr-17
OPTSTK,GLENMARK,27-Apr-17,820,PE,0,0,0,10,0.1,0,0,1400,0,17-Apr-17
OPTSTK,GLENMARK,27-Apr-17,840,PE,2.4,2.4,2.4,2.4,2.4,1,5.89,15400,700,17-Apr-17
OPTSTK,GLENMARK,27-Apr-17,860,PE,7,7,4,4.1,4.1,10,60.6,19600,-4200,17-Apr-17
OPTSTK,GLENMARK,27-Apr-17,880,PE,8,10,8,10,10,2,12.44,8400,0,17-Apr-17
OPTSTK,GLENMARK,27-Apr-17,900,PE,23,23,17,17,17,2,12.88,11900,-700,17-Apr-17
OPTSTK,GLENMARK,27-Apr-17,920,PE,0,0,0,36.6,32.05,0,0,700,0,17-Apr-17
OPTSTK,GLENMARK,27-Apr-17,940,PE,0,0,0,65,50,0,0,700,0,17-Apr-17
OPTSTK,GLENMARK,27-Apr-17,960,PE,0,0,0,108.75,69.4,0,0,2100,0,17-Apr-17
OPTSTK,GLENMARK,27-Apr-17,980,PE,0,0,0,98.35,89.25,0,0,0,0,17-Apr-17
OPTSTK,GLENMARK,27-Apr-17,1000,PE,0,0,0,115.35,109.2,0,0,0,0,17-Apr-17
OPTSTK,GLENMARK,27-Apr-17,1020,PE,0,0,0,133.1,129.15,0,0,0,0,17-Apr-17
OPTSTK,GLENMARK,27-Apr-17,1040,PE,0,0,0,151.4,149.1,0,0,0,0,17-Apr-17
OPTSTK,GLENMARK,27-Apr-17,1060,PE,0,0,0,170.15,169.05,0,0,0,0,17-Apr-17
OPTSTK,GLENMARK,27-Apr-17,1080,PE,0,0,0,189.2,189.05,0,0,0,0,17-Apr-17
OPTSTK,GLENMARK,27-Apr-17,1100,PE,0,0,0,208.45,209,0,0,0,0,17-Apr-17
OPTSTK,GLENMARK,27-Apr-17,1120,PE,0,0,0,227.85,228.95,0,0,0,0,17-Apr-17
OPTSTK,GLENMARK,27-Apr-17,1140,PE,0,0,0,247.35,248.95,0,0,0,0,17-Apr-17
OPTSTK,GLENMARK,25-May-17,580,CE,0,0,0,362.55,313.05,0,0,0,0,17-Apr-17
OPTSTK,GLENMARK,25-May-17,600,CE,0,0,0,342.9,293.15,0,0,0,0,17-Apr-17
OPTSTK,GLENMARK,25-May-17,620,CE,0,0,0,323.2,273.3,0,0,0,0,17-Apr-17
OPTSTK,GLENMARK,25-May-17,640,CE,0,0,0,303.55,253.45,0,0,0,0,17-Apr-17
OPTSTK,GLENMARK,25-May-17,660,CE,0,0,0,283.85,233.55,0,0,0,0,17-Apr-17
OPTSTK,GLENMARK,25-May-17,680,CE,0,0,0,264.25,213.7,0,0,0,0,17-Apr-17
OPTSTK,GLENMARK,25-May-17,700,CE,0,0,0,244.65,193.85,0,0,0,0,17-Apr-17
OPTSTK,GLENMARK,25-May-17,720,CE,0,0,0,225.2,174,0,0,0,0,17-Apr-17
OPTSTK,GLENMARK,25-May-17,740,CE,0,0,0,205.9,154.15,0,0,0,0,17-Apr-17
OPTSTK,GLENMARK,25-May-17,760,CE,0,0,0,186.85,134.35,0,0,0,0,17-Apr-17
OPTSTK,GLENMARK,25-May-17,780,CE,0,0,0,168.2,114.75,0,0,0,0,17-Apr-17
OPTSTK,GLENMARK,25-May-17,800,CE,0,0,0,150.05,95.5,0,0,0,0,17-Apr-17
OPTSTK,GLENMARK,25-May-17,820,CE,0,0,0,132.55,77.05,0,0,0,0,17-Apr-17
OPTSTK,GLENMARK,25-May-17,840,CE,0,0,0,115.9,59.85,0,0,0,0,17-Apr-17
OPTSTK,GLENMARK,25-May-17,860,CE,0,0,0,100.2,44.45,0,0,0,0,17-Apr-17
OPTSTK,GLENMARK,25-May-17,880,CE,0,0,0,85.7,31.45,0,0,0,0,17-Apr-17
OPTSTK,GLENMARK,25-May-17,900,CE,0,0,0,72.35,21.1,0,0,0,0,17-Apr-17
OPTSTK,GLENMARK,25-May-17,920,CE,0,0,0,60.4,13.35,0,0,0,0,17-Apr-17
OPTSTK,GLENMARK,25-May-17,940,CE,0,0,0,49.8,8,0,0,0,0,17-Apr-17
OPTSTK,GLENMARK,25-May-17,960,CE,0,0,0,40.55,4.5,0,0,0,0,17-Apr-17
OPTSTK,GLENMARK,25-May-17,980,CE,0,0,0,32.6,2.4,0,0,0,0,17-Apr-17
OPTSTK,GLENMARK,25-May-17,1000,CE,0,0,0,25.9,1.2,0,0,0,0,17-Apr-17
OPTSTK,GLENMARK,25-May-17,1020,CE,0,0,0,20.3,0.6,0,0,0,0,17-Apr-17
OPTSTK,GLENMARK,25-May-17,1040,CE,0,0,0,15.8,0.25,0,0,0,0,17-Apr-17
OPTSTK,GLENMARK,25-May-17,1060,CE,0,0,0,12.1,0.1,0,0,0,0,17-Apr-17
OPTSTK,GLENMARK,25-May-17,1080,CE,0,0,0,9.15,0.05,0,0,0,0,17-Apr-17
OPTSTK,GLENMARK,25-May-17,1100,CE,0,0,0,6.85,0.05,0,0,0,0,17-Apr-17
OPTSTK,GLENMARK,25-May-17,1120,CE,0,0,0,5.1,0.05,0,0,0,0,17-Apr-17
OPTSTK,GLENMARK,25-May-17,1140,CE,0,0,0,3.75,0,0,0,0,0,17-Apr-17
OPTSTK,GLENMARK,25-May-17,580,PE,0,0,0,0.05,0,0,0,0,0,17-Apr-17
OPTSTK,GLENMARK,25-May-17,600,PE,0,0,0,0.05,0,0,0,0,0,17-Apr-17
OPTSTK,GLENMARK,25-May-17,620,PE,0,0,0,0.05,0,0,0,0,0,17-Apr-17
OPTSTK,GLENMARK,25-May-17,640,PE,0,0,0,0.05,0,0,0,0,0,17-Apr-17
OPTSTK,GLENMARK,25-May-17,660,PE,0,0,0,0.05,0,0,0,0,0,17-Apr-17
OPTSTK,GLENMARK,25-May-17,680,PE,0,0,0,0.1,0,0,0,0,0,17-Apr-17
OPTSTK,GLENMARK,25-May-17,700,PE,0,0,0,0.25,0,0,0,0,0,17-Apr-17
OPTSTK,GLENMARK,25-May-17,720,PE,0,0,0,0.45,0.05,0,0,0,0,17-Apr-17
OPTSTK,GLENMARK,25-May-17,740,PE,0,0,0,0.85,0.05,0,0,0,0,17-Apr-17
OPTSTK,GLENMARK,25-May-17,760,PE,0,0,0,1.5,0.15,0,0,0,0,17-Apr-17
OPTSTK,GLENMARK,25-May-17,780,PE,0,0,0,2.5,0.4,0,0,0,0,17-Apr-17
OPTSTK,GLENMARK,25-May-17,800,PE,0,0,0,4.05,1,0,0,0,0,17-Apr-17
OPTSTK,GLENMARK,25-May-17,820,PE,0,0,0,6.25,2.4,0,0,0,0,17-Apr-17
OPTSTK,GLENMARK,25-May-17,840,PE,0,0,0,9.25,5.1,0,0,0,0,17-Apr-17
OPTSTK,GLENMARK,25-May-17,860,PE,0,0,0,13.3,9.55,0,0,0,0,17-Apr-17
OPTSTK,GLENMARK,25-May-17,880,PE,0,0,0,18.45,16.45,0,0,0,0,17-Apr-17
OPTSTK,GLENMARK,25-May-17,900,PE,0,0,0,24.8,25.95,0,0,0,0,17-Apr-17
OPTSTK,GLENMARK,25-May-17,920,PE,0,0,0,32.5,38.05,0,0,0,0,17-Apr-17
OPTSTK,GLENMARK,25-May-17,940,PE,0,0,0,41.6,52.55,0,0,0,0,17-Apr-17
OPTSTK,GLENMARK,25-May-17,960,PE,0,0,0,52.05,68.95,0,0,0,0,17-Apr-17
OPTSTK,GLENMARK,25-May-17,980,PE,0,0,0,63.8,86.7,0,0,0,0,17-Apr-17
OPTSTK,GLENMARK,25-May-17,1000,PE,0,0,0,76.75,105.35,0,0,0,0,17-Apr-17
OPTSTK,GLENMARK,25-May-17,1020,PE,0,0,0,90.85,124.6,0,0,0,0,17-Apr-17
OPTSTK,GLENMARK,25-May-17,1040,PE,0,0,0,106,144.15,0,0,0,0,17-Apr-17
OPTSTK,GLENMARK,25-May-17,1060,PE,0,0,0,122,163.85,0,0,0,0,17-Apr-17
OPTSTK,GLENMARK,25-May-17,1080,PE,0,0,0,138.75,183.7,0,0,0,0,17-Apr-17
OPTSTK,GLENMARK,25-May-17,1100,PE,0,0,0,156.15,203.5,0,0,0,0,17-Apr-17
OPTSTK,GLENMARK,25-May-17,1120,PE,0,0,0,174.05,223.35,0,0,0,0,17-Apr-17
OPTSTK,GLENMARK,25-May-17,1140,PE,0,0,0,192.4,243.25,0,0,0,0,17-Apr-17
OPTSTK,GLENMARK,29-Jun-17,580,CE,0,0,0,291.8,316.6,0,0,0,0,17-Apr-17
OPTSTK,GLENMARK,29-Jun-17,600,CE,0,0,0,272.1,296.85,0,0,0,0,17-Apr-17
OPTSTK,GLENMARK,29-Jun-17,620,CE,0,0,0,252.45,277.15,0,0,0,0,17-Apr-17
OPTSTK,GLENMARK,29-Jun-17,640,CE,0,0,0,232.8,257.4,0,0,0,0,17-Apr-17
OPTSTK,GLENMARK,29-Jun-17,660,CE,0,0,0,213.15,237.65,0,0,0,0,17-Apr-17
OPTSTK,GLENMARK,29-Jun-17,680,CE,0,0,0,193.6,217.9,0,0,0,0,17-Apr-17
OPTSTK,GLENMARK,29-Jun-17,700,CE,0,0,0,174.15,198.2,0,0,0,0,17-Apr-17
OPTSTK,GLENMARK,29-Jun-17,720,CE,0,0,0,154.9,178.6,0,0,0,0,17-Apr-17
OPTSTK,GLENMARK,29-Jun-17,740,CE,0,0,0,136,159.1,0,0,0,0,17-Apr-17
OPTSTK,GLENMARK,29-Jun-17,760,CE,0,0,0,117.7,139.85,0,0,0,0,17-Apr-17
OPTSTK,GLENMARK,29-Jun-17,780,CE,0,0,0,100.2,121.05,0,0,0,0,17-Apr-17
OPTSTK,GLENMARK,29-Jun-17,800,CE,0,0,0,83.8,102.95,0,0,0,0,17-Apr-17
OPTSTK,GLENMARK,29-Jun-17,820,CE,0,0,0,68.75,85.85,0,0,0,0,17-Apr-17
OPTSTK,GLENMARK,29-Jun-17,840,CE,0,0,0,55.2,70,0,0,0,0,17-Apr-17
OPTSTK,GLENMARK,29-Jun-17,860,CE,0,0,0,43.4,55.75,0,0,0,0,17-Apr-17
OPTSTK,GLENMARK,29-Jun-17,880,CE,0,0,0,33.35,43.3,0,0,0,0,17-Apr-17
OPTSTK,GLENMARK,29-Jun-17,900,CE,0,0,0,25.05,32.75,0,0,0,0,17-Apr-17
OPTSTK,GLENMARK,29-Jun-17,920,CE,0,0,0,18.4,24.1,0,0,0,0,17-Apr-17
OPTSTK,GLENMARK,29-Jun-17,940,CE,0,0,0,13.3,17.25,0,0,0,0,17-Apr-17
OPTSTK,GLENMARK,29-Jun-17,960,CE,0,0,0,9.3,12.05,0,0,0,0,17-Apr-17
OPTSTK,GLENMARK,29-Jun-17,980,CE,0,0,0,6.4,8.15,0,0,0,0,17-Apr-17
OPTSTK,GLENMARK,29-Jun-17,1000,CE,0,0,0,4.3,5.4,0,0,0,0,17-Apr-17
OPTSTK,GLENMARK,29-Jun-17,1020,CE,0,0,0,2.85,3.45,0,0,0,0,17-Apr-17
OPTSTK,GLENMARK,29-Jun-17,1040,CE,0,0,0,1.85,2.2,0,0,0,0,17-Apr-17
OPTSTK,GLENMARK,29-Jun-17,1060,CE,0,0,0,1.15,1.35,0,0,0,0,17-Apr-17
OPTSTK,GLENMARK,29-Jun-17,1080,CE,0,0,0,0.75,0.8,0,0,0,0,17-Apr-17
OPTSTK,GLENMARK,29-Jun-17,1100,CE,0,0,0,0.45,0.45,0,0,0,0,17-Apr-17
OPTSTK,GLENMARK,29-Jun-17,1120,CE,0,0,0,0.3,0.3,0,0,0,0,17-Apr-17
OPTSTK,GLENMARK,29-Jun-17,1140,CE,0,0,0,0.15,0.15,0,0,0,0,17-Apr-17
OPTSTK,GLENMARK,29-Jun-17,580,PE,0,0,0,0.05,0,0,0,0,0,17-Apr-17
OPTSTK,GLENMARK,29-Jun-17,600,PE,0,0,0,0.05,0,0,0,0,0,17-Apr-17
OPTSTK,GLENMARK,29-Jun-17,620,PE,0,0,0,0.05,0,0,0,0,0,17-Apr-17
OPTSTK,GLENMARK,29-Jun-17,640,PE,0,0,0,0.05,0,0,0,0,0,17-Apr-17
OPTSTK,GLENMARK,29-Jun-17,660,PE,0,0,0,0.1,0.05,0,0,0,0,17-Apr-17
OPTSTK,GLENMARK,29-Jun-17,680,PE,0,0,0,0.15,0.05,0,0,0,0,17-Apr-17
OPTSTK,GLENMARK,29-Jun-17,700,PE,0,0,0,0.4,0.1,0,0,0,0,17-Apr-17
OPTSTK,GLENMARK,29-Jun-17,720,PE,0,0,0,0.8,0.2,0,0,0,0,17-Apr-17
OPTSTK,GLENMARK,29-Jun-17,740,PE,0,0,0,1.6,0.45,0,0,0,0,17-Apr-17
OPTSTK,GLENMARK,29-Jun-17,760,PE,0,0,0,2.95,0.95,0,0,0,0,17-Apr-17
OPTSTK,GLENMARK,29-Jun-17,780,PE,0,0,0,5.15,1.9,0,0,0,0,17-Apr-17
OPTSTK,GLENMARK,29-Jun-17,800,PE,0,0,0,8.4,3.5,0,0,0,0,17-Apr-17
OPTSTK,GLENMARK,29-Jun-17,820,PE,0,0,0,13,6.15,0,0,0,0,17-Apr-17
OPTSTK,GLENMARK,29-Jun-17,840,PE,0,0,0,19.15,10.05,0,0,0,0,17-Apr-17
OPTSTK,GLENMARK,29-Jun-17,860,PE,0,0,0,27,15.55,0,0,0,0,17-Apr-17
OPTSTK,GLENMARK,29-Jun-17,880,PE,0,0,0,36.65,22.8,0,0,0,0,17-Apr-17
OPTSTK,GLENMARK,29-Jun-17,900,PE,0,0,0,48.05,32,0,0,0,0,17-Apr-17
OPTSTK,GLENMARK,29-Jun-17,920,PE,0,0,0,61.05,43.1,0,0,0,0,17-Apr-17
OPTSTK,GLENMARK,29-Jun-17,940,PE,0,0,0,75.55,56,0,0,0,0,17-Apr-17
OPTSTK,GLENMARK,29-Jun-17,960,PE,0,0,0,91.3,70.55,0,0,0,0,17-Apr-17
OPTSTK,GLENMARK,29-Jun-17,980,PE,0,0,0,108.05,86.4,0,0,0,0,17-Apr-17
OPTSTK,GLENMARK,29-Jun-17,1000,PE,0,0,0,125.6,103.4,0,0,0,0,17-Apr-17
OPTSTK,GLENMARK,29-Jun-17,1020,PE,0,0,0,143.8,121.2,0,0,0,0,17-Apr-17
OPTSTK,GLENMARK,29-Jun-17,1040,PE,0,0,0,162.5,139.65,0,0,0,0,17-Apr-17
OPTSTK,GLENMARK,29-Jun-17,1060,PE,0,0,0,181.5,158.55,0,0,0,0,17-Apr-17
OPTSTK,GLENMARK,29-Jun-17,1080,PE,0,0,0,200.7,177.75,0,0,0,0,17-Apr-17
OPTSTK,GLENMARK,29-Jun-17,1100,PE,0,0,0,220.1,197.15,0,0,0,0,17-Apr-17
OPTSTK,GLENMARK,29-Jun-17,1120,PE,0,0,0,239.6,216.7,0,0,0,0,17-Apr-17
OPTSTK,GLENMARK,29-Jun-17,1140,PE,0,0,0,259.15,236.35,0,0,0,0,17-Apr-17
OPTSTK,GMRINFRA,27-Apr-17,2.5,CE,0,0,0,10.3,13.6,0,0,0,0,17-Apr-17
OPTSTK,GMRINFRA,27-Apr-17,5,CE,0,0,0,7.85,11.15,0,0,0,0,17-Apr-17
OPTSTK,GMRINFRA,27-Apr-17,7.5,CE,0,0,0,5.4,8.65,0,0,0,0,17-Apr-17
OPTSTK,GMRINFRA,27-Apr-17,10,CE,0,0,0,6.45,6.15,0,0,540000,0,17-Apr-17
OPTSTK,GMRINFRA,27-Apr-17,12.5,CE,0,0,0,4.2,3.65,0,0,675000,0,17-Apr-17
OPTSTK,GMRINFRA,27-Apr-17,15,CE,0.9,1.5,0.9,1.35,1.35,69,501.32,4095000,225000,17-Apr-17
OPTSTK,GMRINFRA,27-Apr-17,17.5,CE,0.1,0.3,0.05,0.2,0.2,336,2673.9,13905000,495000,17-Apr-17
OPTSTK,GMRINFRA,27-Apr-17,20,CE,0.05,0.1,0.05,0.05,0.05,46,415.05,5085000,1215000,17-Apr-17
OPTSTK,GMRINFRA,27-Apr-17,22.5,CE,0,0,0,0.05,0,0,0,990000,0,17-Apr-17
OPTSTK,GMRINFRA,27-Apr-17,25,CE,0,0,0,0.05,0,0,0,45000,0,17-Apr-17
OPTSTK,GMRINFRA,27-Apr-17,27.5,CE,0,0,0,0.05,0,0,0,0,0,17-Apr-17
OPTSTK,GMRINFRA,27-Apr-17,30,CE,0,0,0,0.05,0,0,0,0,0,17-Apr-17
OPTSTK,GMRINFRA,27-Apr-17,32.5,CE,0,0,0,0.05,0,0,0,0,0,17-Apr-17
OPTSTK,GMRINFRA,27-Apr-17,35,CE,0,0,0,0.05,0,0,0,0,0,17-Apr-17
OPTSTK,GMRINFRA,27-Apr-17,2.5,PE,0,0,0,0.05,0,0,0,0,0,17-Apr-17
OPTSTK,GMRINFRA,27-Apr-17,5,PE,0,0,0,0.05,0,0,0,0,0,17-Apr-17
OPTSTK,GMRINFRA,27-Apr-17,7.5,PE,0,0,0,0.05,0,0,0,0,0,17-Apr-17
OPTSTK,GMRINFRA,27-Apr-17,10,PE,0,0,0,0.05,0,0,0,0,0,17-Apr-17
OPTSTK,GMRINFRA,27-Apr-17,12.5,PE,0,0,0,0.05,0,0,0,1215000,0,17-Apr-17
OPTSTK,GMRINFRA,27-Apr-17,15,PE,0.3,0.35,0.15,0.15,0.15,52,355.88,6030000,315000,17-Apr-17
OPTSTK,GMRINFRA,27-Apr-17,17.5,PE,1.7,1.7,1.55,1.55,1.55,2,17.21,1800000,-45000,17-Apr-17
OPTSTK,GMRINFRA,27-Apr-17,20,PE,0,0,0,4,3.9,0,0,675000,0,17-Apr-17
OPTSTK,GMRINFRA,27-Apr-17,22.5,PE,0,0,0,9.4,6.4,0,0,0,0,17-Apr-17
OPTSTK,GMRINFRA,27-Apr-17,25,PE,0,0,0,11.85,8.9,0,0,0,0,17-Apr-17
OPTSTK,GMRINFRA,27-Apr-17,27.5,PE,0,0,0,14.3,11.35,0,0,0,0,17-Apr-17
OPTSTK,GMRINFRA,27-Apr-17,30,PE,0,0,0,16.8,13.85,0,0,0,0,17-Apr-17
OPTSTK,GMRINFRA,27-Apr-17,32.5,PE,0,0,0,19.25,16.35,0,0,0,0,17-Apr-17
OPTSTK,GMRINFRA,27-Apr-17,35,PE,0,0,0,21.7,18.85,0,0,0,0,17-Apr-17
OPTSTK,GMRINFRA,25-May-17,2.5,CE,0,0,0,12.45,13.65,0,0,0,0,17-Apr-17
OPTSTK,GMRINFRA,25-May-17,5,CE,0,0,0,10,11.15,0,0,0,0,17-Apr-17
OPTSTK,GMRINFRA,25-May-17,7.5,CE,0,0,0,7.55,8.65,0,0,0,0,17-Apr-17
OPTSTK,GMRINFRA,25-May-17,10,CE,0,0,0,5.15,6.2,0,0,0,0,17-Apr-17
OPTSTK,GMRINFRA,25-May-17,12.5,CE,0,0,0,3.1,3.7,0,0,0,0,17-Apr-17
OPTSTK,GMRINFRA,25-May-17,15,CE,0,0,0,1.65,1.55,0,0,0,0,17-Apr-17
OPTSTK,GMRINFRA,25-May-17,17.5,CE,0.5,0.6,0.5,0.6,0.6,5,40.61,630000,90000,17-Apr-17
OPTSTK,GMRINFRA,25-May-17,20,CE,0.2,0.25,0.2,0.25,0.25,7,63.65,495000,315000,17-Apr-17
OPTSTK,GMRINFRA,25-May-17,22.5,CE,0,0,0,0.15,0,0,0,0,0,17-Apr-17
OPTSTK,GMRINFRA,25-May-17,25,CE,0,0,0,0.1,0,0,0,0,0,17-Apr-17
OPTSTK,GMRINFRA,25-May-17,27.5,CE,0,0,0,0.05,0,0,0,0,0,17-Apr-17
OPTSTK,GMRINFRA,25-May-17,30,CE,0,0,0,0.05,0,0,0,0,0,17-Apr-17
OPTSTK,GMRINFRA,25-May-17,32.5,CE,0,0,0,0.05,0,0,0,0,0,17-Apr-17
OPTSTK,GMRINFRA,25-May-17,35,CE,0,0,0,0.05,0,0,0,0,0,17-Apr-17
OPTSTK,GMRINFRA,25-May-17,2.5,PE,0,0,0,0.05,0,0,0,0,0,17-Apr-17
OPTSTK,GMRINFRA,25-May-17,5,PE,0,0,0,0.05,0,0,0,0,0,17-Apr-17
OPTSTK,GMRINFRA,25-May-17,7.5,PE,0,0,0,0.05,0,0,0,0,0,17-Apr-17
OPTSTK,GMRINFRA,25-May-17,10,PE,0,0,0,0.1,0,0,0,0,0,17-Apr-17
OPTSTK,GMRINFRA,25-May-17,12.5,PE,0,0,0,0.5,0.05,0,0,0,0,17-Apr-17
OPTSTK,GMRINFRA,25-May-17,15,PE,0.65,0.65,0.6,0.6,0.6,2,14.06,630000,0,17-Apr-17
OPTSTK,GMRINFRA,25-May-17,17.5,PE,0,0,0,3.15,1.65,0,0,0,0,17-Apr-17
OPTSTK,GMRINFRA,25-May-17,20,PE,0,0,0,5.15,3.85,0,0,0,0,17-Apr-17
OPTSTK,GMRINFRA,25-May-17,22.5,PE,0,0,0,7.4,6.25,0,0,0,0,17-Apr-17
OPTSTK,GMRINFRA,25-May-17,25,PE,0,0,0,9.8,8.75,0,0,0,0,17-Apr-17
OPTSTK,GMRINFRA,25-May-17,27.5,PE,0,0,0,12.2,11.25,0,0,0,0,17-Apr-17
OPTSTK,GMRINFRA,25-May-17,30,PE,0,0,0,14.65,13.7,0,0,0,0,17-Apr-17
OPTSTK,GMRINFRA,25-May-17,32.5,PE,0,0,0,17.1,16.2,0,0,0,0,17-Apr-17
OPTSTK,GMRINFRA,25-May-17,35,PE,0,0,0,19.55,18.7,0,0,0,0,17-Apr-17
OPTSTK,GMRINFRA,29-Jun-17,2.5,CE,0,0,0,13.9,13.65,0,0,0,0,17-Apr-17
OPTSTK,GMRINFRA,29-Jun-17,5,CE,0,0,0,11.45,11.2,0,0,0,0,17-Apr-17
OPTSTK,GMRINFRA,29-Jun-17,7.5,CE,0,0,0,9,8.7,0,0,0,0,17-Apr-17
OPTSTK,GMRINFRA,29-Jun-17,10,CE,0,0,0,6.55,6.25,0,0,0,0,17-Apr-17
OPTSTK,GMRINFRA,29-Jun-17,12.5,CE,0,0,0,4.2,3.85,0,0,0,0,17-Apr-17
OPTSTK,GMRINFRA,29-Jun-17,15,CE,0,0,0,2.25,1.85,0,0,0,0,17-Apr-17
OPTSTK,GMRINFRA,29-Jun-17,17.5,CE,0,0,0,1,0.7,0,0,0,0,17-Apr-17
OPTSTK,GMRINFRA,29-Jun-17,20,CE,0,0,0,0.4,0.2,0,0,0,0,17-Apr-17
OPTSTK,GMRINFRA,29-Jun-17,22.5,CE,0,0,0,0.15,0.05,0,0,0,0,17-Apr-17
OPTSTK,GMRINFRA,29-Jun-17,25,CE,0,0,0,0.05,0.05,0,0,0,0,17-Apr-17
OPTSTK,GMRINFRA,29-Jun-17,27.5,CE,0,0,0,0.05,0,0,0,0,0,17-Apr-17
OPTSTK,GMRINFRA,29-Jun-17,30,CE,0,0,0,0.05,0,0,0,0,0,17-Apr-17
OPTSTK,GMRINFRA,29-Jun-17,32.5,CE,0,0,0,0.05,0,0,0,0,0,17-Apr-17
OPTSTK,GMRINFRA,29-Jun-17,35,CE,0,0,0,0.05,0,0,0,0,0,17-Apr-17
OPTSTK,GMRINFRA,29-Jun-17,2.5,PE,0,0,0,0.05,0,0,0,0,0,17-Apr-17
OPTSTK,GMRINFRA,29-Jun-17,5,PE,0,0,0,0.05,0,0,0,0,0,17-Apr-17
OPTSTK,GMRINFRA,29-Jun-17,7.5,PE,0,0,0,0.05,0,0,0,0,0,17-Apr-17
OPTSTK,GMRINFRA,29-Jun-17,10,PE,0,0,0,0.05,0,0,0,0,0,17-Apr-17
OPTSTK,GMRINFRA,29-Jun-17,12.5,PE,0,0,0,0.15,0.1,0,0,0,0,17-Apr-17
OPTSTK,GMRINFRA,29-Jun-17,15,PE,0,0,0,0.65,0.55,0,0,0,0,17-Apr-17
OPTSTK,GMRINFRA,29-Jun-17,17.5,PE,0,0,0,1.85,1.85,0,0,0,0,17-Apr-17
OPTSTK,GMRINFRA,29-Jun-17,20,PE,0,0,0,3.7,3.85,0,0,0,0,17-Apr-17
OPTSTK,GMRINFRA,29-Jun-17,22.5,PE,0,0,0,5.9,6.15,0,0,0,0,17-Apr-17
OPTSTK,GMRINFRA,29-Jun-17,25,PE,0,0,0,8.3,8.6,0,0,0,0,17-Apr-17
OPTSTK,GMRINFRA,29-Jun-17,27.5,PE,0,0,0,10.75,11.05,0,0,0,0,17-Apr-17
OPTSTK,GMRINFRA,29-Jun-17,30,PE,0,0,0,13.2,13.55,0,0,0,0,17-Apr-17
OPTSTK,GMRINFRA,29-Jun-17,32.5,PE,0,0,0,15.65,16,0,0,0,0,17-Apr-17
OPTSTK,GMRINFRA,29-Jun-17,35,PE,0,0,0,18.1,18.45,0,0,0,0,17-Apr-17
OPTSTK,GODREJCP,27-Apr-17,1000,CE,0,0,0,557.45,675.85,0,0,0,0,17-Apr-17
OPTSTK,GODREJCP,27-Apr-17,1050,CE,0,0,0,508.25,625.95,0,0,0,0,17-Apr-17
OPTSTK,GODREJCP,27-Apr-17,1100,CE,0,0,0,459.1,576.05,0,0,0,0,17-Apr-17
OPTSTK,GODREJCP,27-Apr-17,1150,CE,0,0,0,410,526.1,0,0,0,0,17-Apr-17
OPTSTK,GODREJCP,27-Apr-17,1200,CE,0,0,0,361.05,476.2,0,0,0,0,17-Apr-17
OPTSTK,GODREJCP,27-Apr-17,1250,CE,0,0,0,312.55,426.3,0,0,0,0,17-Apr-17
OPTSTK,GODREJCP,27-Apr-17,1280,CE,0,0,0,388.3,396.35,0,0,0,0,17-Apr-17
OPTSTK,GODREJCP,27-Apr-17,1300,CE,0,0,0,264.95,376.4,0,0,0,0,17-Apr-17
OPTSTK,GODREJCP,27-Apr-17,1320,CE,0,0,0,348.55,356.4,0,0,0,0,17-Apr-17
OPTSTK,GODREJCP,27-Apr-17,1340,CE,0,0,0,328.65,336.45,0,0,0,0,17-Apr-17
OPTSTK,GODREJCP,27-Apr-17,1350,CE,0,0,0,219.15,326.45,0,0,0,0,17-Apr-17
OPTSTK,GODREJCP,27-Apr-17,1360,CE,0,0,0,308.75,316.5,0,0,0,0,17-Apr-17
OPTSTK,GODREJCP,27-Apr-17,1380,CE,0,0,0,288.9,296.5,0,0,0,0,17-Apr-17
OPTSTK,GODREJCP,27-Apr-17,1400,CE,0,0,0,176.15,276.55,0,0,0,0,17-Apr-17
OPTSTK,GODREJCP,27-Apr-17,1420,CE,0,0,0,249.4,256.6,0,0,0,0,17-Apr-17
OPTSTK,GODREJCP,27-Apr-17,1440,CE,0,0,0,229.8,236.65,0,0,0,0,17-Apr-17
OPTSTK,GODREJCP,27-Apr-17,1450,CE,0,0,0,137.15,226.65,0,0,0,0,17-Apr-17
OPTSTK,GODREJCP,27-Apr-17,1460,CE,0,0,0,210.35,216.65,0,0,0,0,17-Apr-17
OPTSTK,GODREJCP,27-Apr-17,1480,CE,0,0,0,191.2,196.7,0,0,0,0,17-Apr-17
OPTSTK,GODREJCP,27-Apr-17,1500,CE,0,0,0,103,176.75,0,0,0,0,17-Apr-17
OPTSTK,GODREJCP,27-Apr-17,1520,CE,0,0,0,154.15,156.8,0,0,0,0,17-Apr-17
OPTSTK,GODREJCP,27-Apr-17,1540,CE,0,0,0,136.5,136.9,0,0,0,0,17-Apr-17
OPTSTK,GODREJCP,27-Apr-17,1550,CE,0,0,0,74.6,127,0,0,0,0,17-Apr-17
OPTSTK,GODREJCP,27-Apr-17,1560,CE,0,0,0,119.6,117.15,0,0,0,0,17-Apr-17
OPTSTK,GODREJCP,27-Apr-17,1580,CE,0,0,0,103.65,97.7,0,0,0,0,17-Apr-17
OPTSTK,GODREJCP,27-Apr-17,1600,CE,0,0,0,52,78.95,0,0,0,0,17-Apr-17
OPTSTK,GODREJCP,27-Apr-17,1620,CE,0,0,0,75.1,61.3,0,0,0,0,17-Apr-17
OPTSTK,GODREJCP,27-Apr-17,1640,CE,0,0,0,62.7,45.5,0,0,0,0,17-Apr-17
OPTSTK,GODREJCP,27-Apr-17,1650,CE,0,0,0,34.9,38.3,0,0,0,0,17-Apr-17
OPTSTK,GODREJCP,27-Apr-17,1660,CE,0,0,0,51.65,31.85,0,0,0,0,17-Apr-17
OPTSTK,GODREJCP,27-Apr-17,1680,CE,0,0,0,42,21,0,0,0,0,17-Apr-17
OPTSTK,GODREJCP,27-Apr-17,1700,CE,30.05,30.05,20.9,24.85,24.85,9,62.02,3600,-800,17-Apr-17
OPTSTK,GODREJCP,27-Apr-17,1720,CE,0,0,0,30.75,7.45,0,0,400,0,17-Apr-17
OPTSTK,GODREJCP,27-Apr-17,1740,CE,0,0,0,20.65,4,0,0,0,0,17-Apr-17
OPTSTK,GODREJCP,27-Apr-17,1750,CE,0,0,0,12,2.85,0,0,6400,0,17-Apr-17
OPTSTK,GODREJCP,27-Apr-17,1760,CE,0,0,0,8.7,1.95,0,0,400,0,17-Apr-17
OPTSTK,GODREJCP,27-Apr-17,1780,CE,0,0,0,12,0.9,0,0,0,0,17-Apr-17
OPTSTK,GODREJCP,27-Apr-17,1800,CE,0,0,0,14.6,0.4,0,0,1200,0,17-Apr-17
OPTSTK,GODREJCP,27-Apr-17,1820,CE,0,0,0,6.55,0.15,0,0,0,0,17-Apr-17
OPTSTK,GODREJCP,27-Apr-17,1840,CE,0,0,0,4.75,0.05,0,0,0,0,17-Apr-17
OPTSTK,GODREJCP,27-Apr-17,1850,CE,0,0,0,4.9,0.05,0,0,0,0,17-Apr-17
OPTSTK,GODREJCP,27-Apr-17,1860,CE,0,0,0,3.35,0.05,0,0,0,0,17-Apr-17
OPTSTK,GODREJCP,27-Apr-17,1880,CE,0,0,0,2.35,0.05,0,0,0,0,17-Apr-17
OPTSTK,GODREJCP,27-Apr-17,1900,CE,0,0,0,4,0,0,0,400,0,17-Apr-17
OPTSTK,GODREJCP,27-Apr-17,1920,CE,0,0,0,1.15,0,0,0,0,0,17-Apr-17
OPTSTK,GODREJCP,27-Apr-17,1940,CE,0,0,0,0.75,0,0,0,0,0,17-Apr-17
OPTSTK,GODREJCP,27-Apr-17,1950,CE,0,0,0,1.5,0,0,0,0,0,17-Apr-17
OPTSTK,GODREJCP,27-Apr-17,1960,CE,0,0,0,0.5,0,0,0,0,0,17-Apr-17
OPTSTK,GODREJCP,27-Apr-17,1980,CE,0,0,0,0.35,0,0,0,0,0,17-Apr-17
OPTSTK,GODREJCP,27-Apr-17,2000,CE,0,0,0,0.8,0,0,0,0,0,17-Apr-17
OPTSTK,GODREJCP,27-Apr-17,1000,PE,0,0,0,0.05,0,0,0,0,0,17-Apr-17
OPTSTK,GODREJCP,27-Apr-17,1050,PE,0,0,0,0.05,0,0,0,0,0,17-Apr-17
OPTSTK,GODREJCP,27-Apr-17,1100,PE,0,0,0,0.05,0,0,0,0,0,17-Apr-17
OPTSTK,GODREJCP,27-Apr-17,1150,PE,0,0,0,0.1,0,0,0,0,0,17-Apr-17
OPTSTK,GODREJCP,27-Apr-17,1200,PE,0,0,0,0.35,0,0,0,0,0,17-Apr-17
OPTSTK,GODREJCP,27-Apr-17,1250,PE,0,0,0,1,0,0,0,0,0,17-Apr-17
OPTSTK,GODREJCP,27-Apr-17,1280,PE,0,0,0,0.05,0,0,0,0,0,17-Apr-17
OPTSTK,GODREJCP,27-Apr-17,1300,PE,0,0,0,2.65,0,0,0,0,0,17-Apr-17
OPTSTK,GODREJCP,27-Apr-17,1320,PE,0,0,0,0.05,0,0,0,0,0,17-Apr-17
OPTSTK,GODREJCP,27-Apr-17,1340,PE,0,0,0,0.05,0,0,0,0,0,17-Apr-17
OPTSTK,GODREJCP,27-Apr-17,1350,PE,0,0,0,6,0,0,0,0,0,17-Apr-17
OPTSTK,GODREJCP,27-Apr-17,1360,PE,0,0,0,0.05,0,0,0,0,0,17-Apr-17
OPTSTK,GODREJCP,27-Apr-17,1380,PE,0,0,0,0.15,0,0,0,0,0,17-Apr-17
OPTSTK,GODREJCP,27-Apr-17,1400,PE,0,0,0,12.15,0,0,0,0,0,17-Apr-17
OPTSTK,GODREJCP,27-Apr-17,1420,PE,0,0,0,0.4,0,0,0,0,0,17-Apr-17
OPTSTK,GODREJCP,27-Apr-17,1440,PE,0,0,0,0.7,0,0,0,0,0,17-Apr-17
OPTSTK,GODREJCP,27-Apr-17,1450,PE,0,0,0,22.35,0,0,0,0,0,17-Apr-17
OPTSTK,GODREJCP,27-Apr-17,1460,PE,0,0,0,1.2,0,0,0,0,0,17-Apr-17
OPTSTK,GODREJCP,27-Apr-17,1480,PE,0,0,0,1.95,0,0,0,0,0,17-Apr-17
OPTSTK,GODREJCP,27-Apr-17,1500,PE,0,0,0,37.4,0.05,0,0,0,0,17-Apr-17
OPTSTK,GODREJCP,27-Apr-17,1520,PE,0,0,0,4.65,0.05,0,0,0,0,17-Apr-17
OPTSTK,GODREJCP,27-Apr-17,1540,PE,0,0,0,6.9,0.1,0,0,0,0,17-Apr-17
OPTSTK,GODREJCP,27-Apr-17,1550,PE,0,0,0,58.15,0.2,0,0,0,0,17-Apr-17
OPTSTK,GODREJCP,27-Apr-17,1560,PE,0,0,0,9.95,0.35,0,0,0,0,17-Apr-17
OPTSTK,GODREJCP,27-Apr-17,1580,PE,0,0,0,13.9,0.85,0,0,0,0,17-Apr-17
OPTSTK,GODREJCP,27-Apr-17,1600,PE,0,0,0,11.1,2.05,0,0,400,0,17-Apr-17
OPTSTK,GODREJCP,27-Apr-17,1620,PE,0,0,0,25.1,4.4,0,0,0,0,17-Apr-17
OPTSTK,GODREJCP,27-Apr-17,1640,PE,0,0,0,32.65,8.55,0,0,0,0,17-Apr-17
OPTSTK,GODREJCP,27-Apr-17,1650,PE,19.1,20,19.1,20,20,3,20.03,2400,1200,17-Apr-17
OPTSTK,GODREJCP,27-Apr-17,1660,PE,0,0,0,41.5,14.9,0,0,0,0,17-Apr-17
OPTSTK,GODREJCP,27-Apr-17,1680,PE,0,0,0,19.75,24,0,0,800,0,17-Apr-17
OPTSTK,GODREJCP,27-Apr-17,1700,PE,0,0,0,40.4,35.9,0,0,1200,0,17-Apr-17
OPTSTK,GODREJCP,27-Apr-17,1720,PE,0,0,0,76.05,50.35,0,0,0,0,17-Apr-17
OPTSTK,GODREJCP,27-Apr-17,1740,PE,0,0,0,90.05,66.85,0,0,0,0,17-Apr-17
OPTSTK,GODREJCP,27-Apr-17,1750,PE,0,0,0,62.95,75.7,0,0,400,0,17-Apr-17
OPTSTK,GODREJCP,27-Apr-17,1760,PE,0,0,0,105.2,84.8,0,0,0,0,17-Apr-17
OPTSTK,GODREJCP,27-Apr-17,1780,PE,0,0,0,121.2,103.7,0,0,0,0,17-Apr-17
OPTSTK,GODREJCP,27-Apr-17,1800,PE,0,0,0,237.9,123.15,0,0,0,0,17-Apr-17
OPTSTK,GODREJCP,27-Apr-17,1820,PE,0,0,0,155.55,142.9,0,0,0,0,17-Apr-17
OPTSTK,GODREJCP,27-Apr-17,1840,PE,0,0,0,173.65,162.75,0,0,0,0,17-Apr-17
OPTSTK,GODREJCP,27-Apr-17,1850,PE,0,0,0,283.5,172.75,0,0,0,0,17-Apr-17
OPTSTK,GODREJCP,27-Apr-17,1860,PE,0,0,0,192.2,182.7,0,0,0,0,17-Apr-17
OPTSTK,GODREJCP,27-Apr-17,1880,PE,0,0,0,211.1,202.65,0,0,0,0,17-Apr-17
OPTSTK,GODREJCP,27-Apr-17,1900,PE,0,0,0,330.55,222.6,0,0,0,0,17-Apr-17
OPTSTK,GODREJCP,27-Apr-17,1920,PE,0,0,0,249.65,242.6,0,0,0,0,17-Apr-17
OPTSTK,GODREJCP,27-Apr-17,1940,PE,0,0,0,269.2,262.55,0,0,0,0,17-Apr-17
OPTSTK,GODREJCP,27-Apr-17,1950,PE,0,0,0,378.5,272.55,0,0,0,0,17-Apr-17
OPTSTK,GODREJCP,27-Apr-17,1960,PE,0,0,0,288.85,282.5,0,0,0,0,17-Apr-17
OPTSTK,GODREJCP,27-Apr-17,1980,PE,0,0,0,308.55,302.45,0,0,0,0,17-Apr-17
OPTSTK,GODREJCP,27-Apr-17,2000,PE,0,0,0,426.95,322.45,0,0,0,0,17-Apr-17
OPTSTK,GODREJCP,25-May-17,1050,CE,0,0,0,633.85,631.2,0,0,0,0,17-Apr-17
OPTSTK,GODREJCP,25-May-17,1100,CE,0,0,0,584.7,581.55,0,0,0,0,17-Apr-17
OPTSTK,GODREJCP,25-May-17,1150,CE,0,0,0,535.7,531.9,0,0,0,0,17-Apr-17
OPTSTK,GODREJCP,25-May-17,1200,CE,0,0,0,486.95,482.2,0,0,0,0,17-Apr-17
OPTSTK,GODREJCP,25-May-17,1250,CE,0,0,0,438.65,432.55,0,0,0,0,17-Apr-17
OPTSTK,GODREJCP,25-May-17,1280,CE,0,0,0,395.15,402.75,0,0,0,0,17-Apr-17
OPTSTK,GODREJCP,25-May-17,1300,CE,0,0,0,391.2,382.9,0,0,0,0,17-Apr-17
OPTSTK,GODREJCP,25-May-17,1320,CE,0,0,0,355.8,363,0,0,0,0,17-Apr-17
OPTSTK,GODREJCP,25-May-17,1340,CE,0,0,0,336.2,343.15,0,0,0,0,17-Apr-17
OPTSTK,GODREJCP,25-May-17,1350,CE,0,0,0,344.95,333.25,0,0,0,0,17-Apr-17
OPTSTK,GODREJCP,25-May-17,1360,CE,0,0,0,316.7,323.3,0,0,0,0,17-Apr-17
OPTSTK,GODREJCP,25-May-17,1380,CE,0,0,0,297.4,303.45,0,0,0,0,17-Apr-17
OPTSTK,GODREJCP,25-May-17,1400,CE,0,0,0,300.45,283.65,0,0,0,0,17-Apr-17
OPTSTK,GODREJCP,25-May-17,1420,CE,0,0,0,259.3,263.85,0,0,0,0,17-Apr-17
OPTSTK,GODREJCP,25-May-17,1440,CE,0,0,0,240.65,244.1,0,0,0,0,17-Apr-17
OPTSTK,GODREJCP,25-May-17,1450,CE,0,0,0,258.25,234.3,0,0,0,0,17-Apr-17
OPTSTK,GODREJCP,25-May-17,1460,CE,0,0,0,222.4,224.5,0,0,0,0,17-Apr-17
OPTSTK,GODREJCP,25-May-17,1480,CE,0,0,0,204.55,205,0,0,0,0,17-Apr-17
OPTSTK,GODREJCP,25-May-17,1500,CE,0,0,0,218.85,185.8,0,0,0,0,17-Apr-17
OPTSTK,GODREJCP,25-May-17,1520,CE,0,0,0,170.5,166.95,0,0,0,0,17-Apr-17
OPTSTK,GODREJCP,25-May-17,1540,CE,0,0,0,154.4,148.55,0,0,0,0,17-Apr-17
OPTSTK,GODREJCP,25-May-17,1550,CE,0,0,0,182.8,139.6,0,0,0,0,17-Apr-17
OPTSTK,GODREJCP,25-May-17,1560,CE,0,0,0,139.05,130.8,0,0,0,0,17-Apr-17
OPTSTK,GODREJCP,25-May-17,1580,CE,0,0,0,124.5,113.85,0,0,0,0,17-Apr-17
OPTSTK,GODREJCP,25-May-17,1600,CE,0,0,0,150.3,97.9,0,0,0,0,17-Apr-17
OPTSTK,GODREJCP,25-May-17,1620,CE,0,0,0,98,83.05,0,0,0,0,17-Apr-17
OPTSTK,GODREJCP,25-May-17,1640,CE,0,0,0,86.2,69.45,0,0,0,0,17-Apr-17
OPTSTK,GODREJCP,25-May-17,1650,CE,0,0,0,121.8,63.2,0,0,0,0,17-Apr-17
OPTSTK,GODREJCP,25-May-17,1660,CE,0,0,0,75.3,57.25,0,0,0,0,17-Apr-17
OPTSTK,GODREJCP,25-May-17,1680,CE,0,0,0,65.35,46.45,0,0,0,0,17-Apr-17
OPTSTK,GODREJCP,25-May-17,1700,CE,0,0,0,97.2,37.1,0,0,0,0,17-Apr-17
OPTSTK,GODREJCP,25-May-17,1720,CE,0,0,0,48.3,29.15,0,0,0,0,17-Apr-17
OPTSTK,GODREJCP,25-May-17,1740,CE,0,0,0,41.1,22.55,0,0,0,0,17-Apr-17
OPTSTK,GODREJCP,25-May-17,1750,CE,0,0,0,76.4,19.7,0,0,0,0,17-Apr-17
OPTSTK,GODREJCP,25-May-17,1760,CE,0,0,0,34.75,17.2,0,0,0,0,17-Apr-17
OPTSTK,GODREJCP,25-May-17,1780,CE,0,0,0,29.2,12.8,0,0,0,0,17-Apr-17
OPTSTK,GODREJCP,25-May-17,1800,CE,0,0,0,59.2,9.4,0,0,0,0,17-Apr-17
OPTSTK,GODREJCP,25-May-17,1820,CE,0,0,0,20.25,6.8,0,0,0,0,17-Apr-17
OPTSTK,GODREJCP,25-May-17,1840,CE,0,0,0,16.7,4.85,0,0,0,0,17-Apr-17
OPTSTK,GODREJCP,25-May-17,1850,CE,0,0,0,45.2,4.05,0,0,0,0,17-Apr-17
OPTSTK,GODREJCP,25-May-17,1860,CE,0,0,0,13.65,3.4,0,0,0,0,17-Apr-17
OPTSTK,GODREJCP,25-May-17,1880,CE,0,0,0,11.15,2.3,0,0,0,0,17-Apr-17
OPTSTK,GODREJCP,25-May-17,1900,CE,0,0,0,34.05,1.55,0,0,0,0,17-Apr-17
OPTSTK,GODREJCP,25-May-17,1920,CE,0,0,0,7.25,1.05,0,0,0,0,17-Apr-17
OPTSTK,GODREJCP,25-May-17,1940,CE,0,0,0,5.8,0.7,0,0,0,0,17-Apr-17
OPTSTK,GODREJCP,25-May-17,1950,CE,0,0,0,25.35,0.55,0,0,0,0,17-Apr-17
OPTSTK,GODREJCP,25-May-17,1960,CE,0,0,0,4.6,0.45,0,0,0,0,17-Apr-17
OPTSTK,GODREJCP,25-May-17,1980,CE,0,0,0,3.65,0.3,0,0,0,0,17-Apr-17
OPTSTK,GODREJCP,25-May-17,2000,CE,0,0,0,18.6,0.2,0,0,0,0,17-Apr-17
OPTSTK,GODREJCP,25-May-17,1050,PE,0,0,0,0.05,0,0,0,0,0,17-Apr-17
OPTSTK,GODREJCP,25-May-17,1100,PE,0,0,0,0.15,0,0,0,0,0,17-Apr-17
OPTSTK,GODREJCP,25-May-17,1150,PE,0,0,0,0.35,0,0,0,0,0,17-Apr-17
OPTSTK,GODREJCP,25-May-17,1200,PE,0,0,0,0.8,0,0,0,0,0,17-Apr-17
OPTSTK,GODREJCP,25-May-17,1250,PE,0,0,0,1.75,0,0,0,0,0,17-Apr-17
OPTSTK,GODREJCP,25-May-17,1280,PE,0,0,0,0.15,0,0,0,0,0,17-Apr-17
OPTSTK,GODREJCP,25-May-17,1300,PE,0,0,0,3.5,0,0,0,0,0,17-Apr-17
OPTSTK,GODREJCP,25-May-17,1320,PE,0,0,0,0.4,0,0,0,0,0,17-Apr-17
OPTSTK,GODREJCP,25-May-17,1340,PE,0,0,0,0.6,0.05,0,0,0,0,17-Apr-17
OPTSTK,GODREJCP,25-May-17,1350,PE,0,0,0,6.5,0.05,0,0,0,0,17-Apr-17
OPTSTK,GODREJCP,25-May-17,1360,PE,0,0,0,0.9,0.05,0,0,0,0,17-Apr-17
OPTSTK,GODREJCP,25-May-17,1380,PE,0,0,0,1.4,0.05,0,0,0,0,17-Apr-17
OPTSTK,GODREJCP,25-May-17,1400,PE,0,0,0,11.2,0.1,0,0,0,0,17-Apr-17
OPTSTK,GODREJCP,25-May-17,1420,PE,0,0,0,2.9,0.15,0,0,0,0,17-Apr-17
OPTSTK,GODREJCP,25-May-17,1440,PE,0,0,0,4.05,0.3,0,0,0,0,17-Apr-17
OPTSTK,GODREJCP,25-May-17,1450,PE,0,0,0,18.2,0.4,0,0,0,0,17-Apr-17
OPTSTK,GODREJCP,25-May-17,1460,PE,0,0,0,5.6,0.55,0,0,0,0,17-Apr-17
OPTSTK,GODREJCP,25-May-17,1480,PE,0,0,0,7.55,0.95,0,0,0,0,17-Apr-17
OPTSTK,GODREJCP,25-May-17,1500,PE,0,0,0,28,1.6,0,0,0,0,17-Apr-17
OPTSTK,GODREJCP,25-May-17,1520,PE,0,0,0,13.05,2.6,0,0,0,0,17-Apr-17
OPTSTK,GODREJCP,25-May-17,1540,PE,0,0,0,16.75,4.05,0,0,0,0,17-Apr-17
OPTSTK,GODREJCP,25-May-17,1550,PE,0,0,0,41.15,5.05,0,0,0,0,17-Apr-17
OPTSTK,GODREJCP,25-May-17,1560,PE,0,0,0,21.2,6.2,0,0,0,0,17-Apr-17
OPTSTK,GODREJCP,25-May-17,1580,PE,0,0,0,26.45,9.1,0,0,0,0,17-Apr-17
OPTSTK,GODREJCP,25-May-17,1600,PE,0,0,0,57.9,13,0,0,0,0,17-Apr-17
OPTSTK,GODREJCP,25-May-17,1620,PE,0,0,0,39.6,18,0,0,0,0,17-Apr-17
OPTSTK,GODREJCP,25-May-17,1640,PE,0,0,0,47.55,24.3,0,0,0,0,17-Apr-17
OPTSTK,GODREJCP,25-May-17,1650,PE,0,0,0,78.6,27.95,0,0,0,0,17-Apr-17
OPTSTK,GODREJCP,25-May-17,1660,PE,0,0,0,56.45,31.95,0,0,0,0,17-Apr-17
OPTSTK,GODREJCP,25-May-17,1680,PE,0,0,0,66.3,41.05,0,0,0,0,17-Apr-17
OPTSTK,GODREJCP,25-May-17,1700,PE,0,0,0,103.2,51.55,0,0,0,0,17-Apr-17
OPTSTK,GODREJCP,25-May-17,1720,PE,0,0,0,88.8,63.45,0,0,0,0,17-Apr-17
OPTSTK,GODREJCP,25-May-17,1740,PE,0,0,0,101.45,76.7,0,0,0,0,17-Apr-17
OPTSTK,GODREJCP,25-May-17,1750,PE,0,0,0,131.65,83.8,0,0,0,0,17-Apr-17
OPTSTK,GODREJCP,25-May-17,1760,PE,0,0,0,114.9,91.25,0,0,0,0,17-Apr-17
OPTSTK,GODREJCP,25-May-17,1780,PE,0,0,0,129.1,106.7,0,0,0,0,17-Apr-17
OPTSTK,GODREJCP,25-May-17,1800,PE,0,0,0,163.65,123.2,0,0,0,0,17-Apr-17
OPTSTK,GODREJCP,25-May-17,1820,PE,0,0,0,159.75,140.45,0,0,0,0,17-Apr-17
OPTSTK,GODREJCP,25-May-17,1840,PE,0,0,0,176,158.3,0,0,0,0,17-Apr-17
OPTSTK,GODREJCP,25-May-17,1850,PE,0,0,0,198.85,167.45,0,0,0,0,17-Apr-17
OPTSTK,GODREJCP,25-May-17,1860,PE,0,0,0,192.8,176.75,0,0,0,0,17-Apr-17
OPTSTK,GODREJCP,25-May-17,1880,PE,0,0,0,210.05,195.55,0,0,0,0,17-Apr-17
OPTSTK,GODREJCP,25-May-17,1900,PE,0,0,0,236.95,214.65,0,0,0,0,17-Apr-17
OPTSTK,GODREJCP,25-May-17,1920,PE,0,0,0,245.75,234,0,0,0,0,17-Apr-17
OPTSTK,GODREJCP,25-May-17,1940,PE,0,0,0,264.1,253.5,0,0,0,0,17-Apr-17
OPTSTK,GODREJCP,25-May-17,1950,PE,0,0,0,277.45,263.3,0,0,0,0,17-Apr-17
OPTSTK,GODREJCP,25-May-17,1960,PE,0,0,0,282.7,273.15,0,0,0,0,17-Apr-17
OPTSTK,GODREJCP,25-May-17,1980,PE,0,0,0,301.5,292.85,0,0,0,0,17-Apr-17
OPTSTK,GODREJCP,25-May-17,2000,PE,0,0,0,319.9,312.6,0,0,0,0,17-Apr-17
OPTSTK,GODREJCP,29-Jun-17,1260,CE,0,0,0,423.4,430.4,0,0,0,0,17-Apr-17
OPTSTK,GODREJCP,29-Jun-17,1280,CE,0,0,0,404,410.7,0,0,0,0,17-Apr-17
OPTSTK,GODREJCP,29-Jun-17,1300,CE,0,0,0,384.7,391,0,0,0,0,17-Apr-17
OPTSTK,GODREJCP,29-Jun-17,1320,CE,0,0,0,365.55,371.3,0,0,0,0,17-Apr-17
OPTSTK,GODREJCP,29-Jun-17,1340,CE,0,0,0,346.55,351.65,0,0,0,0,17-Apr-17
OPTSTK,GODREJCP,29-Jun-17,1360,CE,0,0,0,327.75,332,0,0,0,0,17-Apr-17
OPTSTK,GODREJCP,29-Jun-17,1380,CE,0,0,0,309.15,312.5,0,0,0,0,17-Apr-17
OPTSTK,GODREJCP,29-Jun-17,1400,CE,0,0,0,290.85,293.05,0,0,0,0,17-Apr-17
OPTSTK,GODREJCP,29-Jun-17,1420,CE,0,0,0,272.9,273.8,0,0,0,0,17-Apr-17
OPTSTK,GODREJCP,29-Jun-17,1440,CE,0,0,0,255.25,254.7,0,0,0,0,17-Apr-17
OPTSTK,GODREJCP,29-Jun-17,1460,CE,0,0,0,238.1,235.9,0,0,0,0,17-Apr-17
OPTSTK,GODREJCP,29-Jun-17,1480,CE,0,0,0,221.35,217.4,0,0,0,0,17-Apr-17
OPTSTK,GODREJCP,29-Jun-17,1500,CE,0,0,0,205.15,199.3,0,0,0,0,17-Apr-17
OPTSTK,GODREJCP,29-Jun-17,1520,CE,0,0,0,189.5,181.75,0,0,0,0,17-Apr-17
OPTSTK,GODREJCP,29-Jun-17,1540,CE,0,0,0,174.45,164.7,0,0,0,0,17-Apr-17
OPTSTK,GODREJCP,29-Jun-17,1560,CE,0,0,0,160.1,148.4,0,0,0,0,17-Apr-17
OPTSTK,GODREJCP,29-Jun-17,1580,CE,0,0,0,146.3,132.8,0,0,0,0,17-Apr-17
OPTSTK,GODREJCP,29-Jun-17,1600,CE,0,0,0,133.25,118.1,0,0,0,0,17-Apr-17
OPTSTK,GODREJCP,29-Jun-17,1620,CE,0,0,0,120.95,104.2,0,0,0,0,17-Apr-17
OPTSTK,GODREJCP,29-Jun-17,1640,CE,0,0,0,109.4,91.3,0,0,0,0,17-Apr-17
OPTSTK,GODREJCP,29-Jun-17,1660,CE,0,0,0,98.6,79.45,0,0,0,0,17-Apr-17
OPTSTK,GODREJCP,29-Jun-17,1680,CE,0,0,0,88.5,68.6,0,0,0,0,17-Apr-17
OPTSTK,GODREJCP,29-Jun-17,1700,CE,0,0,0,79.2,58.75,0,0,0,0,17-Apr-17
OPTSTK,GODREJCP,29-Jun-17,1720,CE,0,0,0,70.6,49.95,0,0,0,0,17-Apr-17
OPTSTK,GODREJCP,29-Jun-17,1740,CE,0,0,0,62.7,42.15,0,0,0,0,17-Apr-17
OPTSTK,GODREJCP,29-Jun-17,1760,CE,0,0,0,55.45,35.25,0,0,0,0,17-Apr-17
OPTSTK,GODREJCP,29-Jun-17,1780,CE,0,0,0,48.9,29.25,0,0,0,0,17-Apr-17
OPTSTK,GODREJCP,29-Jun-17,1800,CE,0,0,0,42.95,24.2,0,0,0,0,17-Apr-17
OPTSTK,GODREJCP,29-Jun-17,1820,CE,0,0,0,37.6,19.75,0,0,0,0,17-Apr-17
OPTSTK,GODREJCP,29-Jun-17,1840,CE,0,0,0,32.9,16,0,0,0,0,17-Apr-17
OPTSTK,GODREJCP,29-Jun-17,1860,CE,0,0,0,28.55,12.9,0,0,0,0,17-Apr-17
OPTSTK,GODREJCP,29-Jun-17,1880,CE,0,0,0,24.75,10.3,0,0,0,0,17-Apr-17
OPTSTK,GODREJCP,29-Jun-17,1900,CE,0,0,0,21.35,8.15,0,0,0,0,17-Apr-17
OPTSTK,GODREJCP,29-Jun-17,1920,CE,0,0,0,18.4,6.4,0,0,0,0,17-Apr-17
OPTSTK,GODREJCP,29-Jun-17,1940,CE,0,0,0,15.75,5,0,0,0,0,17-Apr-17
OPTSTK,GODREJCP,29-Jun-17,1960,CE,0,0,0,13.5,3.9,0,0,0,0,17-Apr-17
OPTSTK,GODREJCP,29-Jun-17,1980,CE,0,0,0,11.5,3,0,0,0,0,17-Apr-17
OPTSTK,GODREJCP,29-Jun-17,2000,CE,0,0,0,9.75,2.3,0,0,0,0,17-Apr-17
OPTSTK,GODREJCP,29-Jun-17,1260,PE,0,0,0,0.65,0.05,0,0,0,0,17-Apr-17
OPTSTK,GODREJCP,29-Jun-17,1280,PE,0,0,0,0.95,0.05,0,0,0,0,17-Apr-17
OPTSTK,GODREJCP,29-Jun-17,1300,PE,0,0,0,1.3,0.1,0,0,0,0,17-Apr-17
OPTSTK,GODREJCP,29-Jun-17,1320,PE,0,0,0,1.8,0.15,0,0,0,0,17-Apr-17
OPTSTK,GODREJCP,29-Jun-17,1340,PE,0,0,0,2.5,0.2,0,0,0,0,17-Apr-17
OPTSTK,GODREJCP,29-Jun-17,1360,PE,0,0,0,3.35,0.35,0,0,0,0,17-Apr-17
OPTSTK,GODREJCP,29-Jun-17,1380,PE,0,0,0,4.45,0.55,0,0,0,0,17-Apr-17
OPTSTK,GODREJCP,29-Jun-17,1400,PE,0,0,0,5.8,0.9,0,0,0,0,17-Apr-17
OPTSTK,GODREJCP,29-Jun-17,1420,PE,0,0,0,7.5,1.35,0,0,0,0,17-Apr-17
OPTSTK,GODREJCP,29-Jun-17,1440,PE,0,0,0,9.55,2,0,0,0,0,17-Apr-17
OPTSTK,GODREJCP,29-Jun-17,1460,PE,0,0,0,12.05,2.95,0,0,0,0,17-Apr-17
OPTSTK,GODREJCP,29-Jun-17,1480,PE,0,0,0,15,4.2,0,0,0,0,17-Apr-17
OPTSTK,GODREJCP,29-Jun-17,1500,PE,0,0,0,18.45,5.85,0,0,0,0,17-Apr-17
OPTSTK,GODREJCP,29-Jun-17,1520,PE,0,0,0,22.5,8,0,0,0,0,17-Apr-17
OPTSTK,GODREJCP,29-Jun-17,1540,PE,0,0,0,27.1,10.75,0,0,0,0,17-Apr-17
OPTSTK,GODREJCP,29-Jun-17,1560,PE,0,0,0,32.4,14.15,0,0,0,0,17-Apr-17
OPTSTK,GODREJCP,29-Jun-17,1580,PE,0,0,0,38.3,18.3,0,0,0,0,17-Apr-17
OPTSTK,GODREJCP,29-Jun-17,1600,PE,0,0,0,44.95,23.35,0,0,0,0,17-Apr-17
OPTSTK,GODREJCP,29-Jun-17,1620,PE,0,0,0,52.3,29.15,0,0,0,0,17-Apr-17
OPTSTK,GODREJCP,29-Jun-17,1640,PE,0,0,0,60.4,36,0,0,0,0,17-Apr-17
OPTSTK,GODREJCP,29-Jun-17,1660,PE,0,0,0,69.25,43.9,0,0,0,0,17-Apr-17
OPTSTK,GODREJCP,29-Jun-17,1680,PE,0,0,0,78.85,52.8,0,0,0,0,17-Apr-17
OPTSTK,GODREJCP,29-Jun-17,1700,PE,0,0,0,89.2,62.7,0,0,0,0,17-Apr-17
OPTSTK,GODREJCP,29-Jun-17,1720,PE,0,0,0,100.25,73.65,0,0,0,0,17-Apr-17
OPTSTK,GODREJCP,29-Jun-17,1740,PE,0,0,0,112.05,85.55,0,0,0,0,17-Apr-17
OPTSTK,GODREJCP,29-Jun-17,1760,PE,0,0,0,124.5,98.4,0,0,0,0,17-Apr-17
OPTSTK,GODREJCP,29-Jun-17,1780,PE,0,0,0,137.6,112.2,0,0,0,0,17-Apr-17
OPTSTK,GODREJCP,29-Jun-17,1800,PE,0,0,0,151.3,126.85,0,0,0,0,17-Apr-17
OPTSTK,GODREJCP,29-Jun-17,1820,PE,0,0,0,165.65,142.15,0,0,0,0,17-Apr-17
OPTSTK,GODREJCP,29-Jun-17,1840,PE,0,0,0,180.6,158.15,0,0,0,0,17-Apr-17
OPTSTK,GODREJCP,29-Jun-17,1860,PE,0,0,0,195.9,174.75,0,0,0,0,17-Apr-17
OPTSTK,GODREJCP,29-Jun-17,1880,PE,0,0,0,211.8,191.9,0,0,0,0,17-Apr-17
OPTSTK,GODREJCP,29-Jun-17,1900,PE,0,0,0,228.1,209.5,0,0,0,0,17-Apr-17
OPTSTK,GODREJCP,29-Jun-17,1920,PE,0,0,0,244.75,227.5,0,0,0,0,17-Apr-17
OPTSTK,GODREJCP,29-Jun-17,1940,PE,0,0,0,261.85,245.85,0,0,0,0,17-Apr-17
OPTSTK,GODREJCP,29-Jun-17,1960,PE,0,0,0,279.2,264.45,0,0,0,0,17-Apr-17
OPTSTK,GODREJCP,29-Jun-17,1980,PE,0,0,0,296.9,283.3,0,0,0,0,17-Apr-17
OPTSTK,GODREJCP,29-Jun-17,2000,PE,0,0,0,314.85,302.35,0,0,0,0,17-Apr-17
OPTSTK,GODREJIND,27-Apr-17,280,CE,0,0,0,152.15,250,0,0,0,0,17-Apr-17
OPTSTK,GODREJIND,27-Apr-17,290,CE,0,0,0,142.35,240,0,0,0,0,17-Apr-17
OPTSTK,GODREJIND,27-Apr-17,300,CE,0,0,0,132.5,230.05,0,0,0,0,17-Apr-17
OPTSTK,GODREJIND,27-Apr-17,310,CE,0,0,0,122.7,220.05,0,0,0,0,17-Apr-17
OPTSTK,GODREJIND,27-Apr-17,320,CE,0,0,0,112.85,210.1,0,0,0,0,17-Apr-17
OPTSTK,GODREJIND,27-Apr-17,330,CE,0,0,0,103.1,200.1,0,0,0,0,17-Apr-17
OPTSTK,GODREJIND,27-Apr-17,340,CE,0,0,0,93.4,190.1,0,0,0,0,17-Apr-17
OPTSTK,GODREJIND,27-Apr-17,350,CE,0,0,0,83.8,180.15,0,0,0,0,17-Apr-17
OPTSTK,GODREJIND,27-Apr-17,360,CE,0,0,0,74.4,170.15,0,0,0,0,17-Apr-17
OPTSTK,GODREJIND,27-Apr-17,370,CE,0,0,0,65.3,160.15,0,0,0,0,17-Apr-17
OPTSTK,GODREJIND,27-Apr-17,380,CE,0,0,0,56.5,150.2,0,0,0,0,17-Apr-17
OPTSTK,GODREJIND,27-Apr-17,390,CE,0,0,0,48.25,140.2,0,0,0,0,17-Apr-17
OPTSTK,GODREJIND,27-Apr-17,400,CE,0,0,0,40.55,130.2,0,0,0,0,17-Apr-17
OPTSTK,GODREJIND,27-Apr-17,410,CE,0,0,0,33.55,120.25,0,0,0,0,17-Apr-17
OPTSTK,GODREJIND,27-Apr-17,420,CE,0,0,0,27.3,110.25,0,0,0,0,17-Apr-17
OPTSTK,GODREJIND,27-Apr-17,430,CE,0,0,0,21.85,100.25,0,0,0,0,17-Apr-17
OPTSTK,GODREJIND,27-Apr-17,440,CE,0,0,0,17.15,90.3,0,0,0,0,17-Apr-17
OPTSTK,GODREJIND,27-Apr-17,450,CE,0,0,0,57.95,80.3,0,0,1500,0,17-Apr-17
OPTSTK,GODREJIND,27-Apr-17,460,CE,0,0,0,10.05,70.35,0,0,0,0,17-Apr-17
OPTSTK,GODREJIND,27-Apr-17,470,CE,0,0,0,7.55,60.45,0,0,0,0,17-Apr-17
OPTSTK,GODREJIND,27-Apr-17,480,CE,0,0,0,5.5,50.65,0,0,0,0,17-Apr-17
OPTSTK,GODREJIND,27-Apr-17,490,CE,0,0,0,4,41.15,0,0,0,0,17-Apr-17
OPTSTK,GODREJIND,27-Apr-17,500,CE,0,0,0,30.75,32.2,0,0,1500,0,17-Apr-17
OPTSTK,GODREJIND,27-Apr-17,510,CE,26.05,26.05,22,22,22,2,16.02,15000,1500,17-Apr-17
OPTSTK,GODREJIND,27-Apr-17,520,CE,13.1,13.1,13.1,13.1,13.1,1,7.99,30000,0,17-Apr-17
OPTSTK,GODREJIND,27-Apr-17,530,CE,10.1,11.5,8,11.5,11.5,12,97.12,93000,3000,17-Apr-17
OPTSTK,GODREJIND,27-Apr-17,540,CE,6.7,9.9,5.5,7.5,7.5,19,155.94,54000,6000,17-Apr-17
OPTSTK,GODREJIND,27-Apr-17,550,CE,4.4,4.4,4.4,4.4,4.4,1,8.31,43500,1500,17-Apr-17
OPTSTK,GODREJIND,27-Apr-17,560,CE,2.3,2.6,2.3,2.6,2.6,2,16.87,33000,1500,17-Apr-17
OPTSTK,GODREJIND,27-Apr-17,570,CE,1.5,1.5,1.2,1.2,1.2,2,17.14,19500,3000,17-Apr-17
OPTSTK,GODREJIND,27-Apr-17,580,CE,1,1,1,1,1,1,8.71,33000,1500,17-Apr-17
OPTSTK,GODREJIND,27-Apr-17,590,CE,0,0,0,2.25,0.25,0,0,4500,0,17-Apr-17
OPTSTK,GODREJIND,27-Apr-17,600,CE,0,0,0,2.2,0.1,0,0,10500,0,17-Apr-17
OPTSTK,GODREJIND,27-Apr-17,610,CE,0,0,0,0.05,0.05,0,0,0,0,17-Apr-17
OPTSTK,GODREJIND,27-Apr-17,620,CE,0,0,0,0.05,0.05,0,0,0,0,17-Apr-17
OPTSTK,GODREJIND,27-Apr-17,630,CE,0,0,0,10.8,0,0,0,0,0,17-Apr-17
OPTSTK,GODREJIND,27-Apr-17,640,CE,0,0,0,9.6,0,0,0,0,0,17-Apr-17
OPTSTK,GODREJIND,27-Apr-17,280,PE,0,0,0,0.05,0,0,0,0,0,17-Apr-17
OPTSTK,GODREJIND,27-Apr-17,290,PE,0,0,0,0.05,0,0,0,0,0,17-Apr-17
OPTSTK,GODREJIND,27-Apr-17,300,PE,0,0,0,0.05,0,0,0,0,0,17-Apr-17
OPTSTK,GODREJIND,27-Apr-17,310,PE,0,0,0,0.05,0,0,0,0,0,17-Apr-17
OPTSTK,GODREJIND,27-Apr-17,320,PE,0,0,0,0.05,0,0,0,0,0,17-Apr-17
OPTSTK,GODREJIND,27-Apr-17,330,PE,0,0,0,0.15,0,0,0,0,0,17-Apr-17
OPTSTK,GODREJIND,27-Apr-17,340,PE,0,0,0,0.25,0,0,0,0,0,17-Apr-17
OPTSTK,GODREJIND,27-Apr-17,350,PE,0,0,0,0.5,0,0,0,0,0,17-Apr-17
OPTSTK,GODREJIND,27-Apr-17,360,PE,0,0,0,0.95,0,0,0,0,0,17-Apr-17
OPTSTK,GODREJIND,27-Apr-17,370,PE,0,0,0,1.65,0,0,0,0,0,17-Apr-17
OPTSTK,GODREJIND,27-Apr-17,380,PE,0,0,0,2.75,0,0,0,0,0,17-Apr-17
OPTSTK,GODREJIND,27-Apr-17,390,PE,0,0,0,4.3,0,0,0,0,0,17-Apr-17
OPTSTK,GODREJIND,27-Apr-17,400,PE,0,0,0,6.45,0,0,0,0,0,17-Apr-17
OPTSTK,GODREJIND,27-Apr-17,410,PE,0,0,0,9.25,0,0,0,0,0,17-Apr-17
OPTSTK,GODREJIND,27-Apr-17,420,PE,0,0,0,12.85,0,0,0,0,0,17-Apr-17
OPTSTK,GODREJIND,27-Apr-17,430,PE,0,0,0,17.2,0,0,0,0,0,17-Apr-17
OPTSTK,GODREJIND,27-Apr-17,440,PE,0,0,0,22.4,0,0,0,0,0,17-Apr-17
OPTSTK,GODREJIND,27-Apr-17,450,PE,0,0,0,28.3,0.05,0,0,0,0,17-Apr-17
OPTSTK,GODREJIND,27-Apr-17,460,PE,0,0,0,34.95,0.05,0,0,0,0,17-Apr-17
OPTSTK,GODREJIND,27-Apr-17,470,PE,0,0,0,42.25,0.1,0,0,0,0,17-Apr-17
OPTSTK,GODREJIND,27-Apr-17,480,PE,0,0,0,2,0.3,0,0,4500,0,17-Apr-17
OPTSTK,GODREJIND,27-Apr-17,490,PE,0,0,0,1.8,0.8,0,0,13500,0,17-Apr-17
OPTSTK,GODREJIND,27-Apr-17,500,PE,0,0,0,2.45,1.8,0,0,33000,0,17-Apr-17
OPTSTK,GODREJIND,27-Apr-17,510,PE,3.9,3.9,3,3,3,3,23.1,13500,0,17-Apr-17
OPTSTK,GODREJIND,27-Apr-17,520,PE,9.5,9.5,4.5,4.5,4.5,6,47.28,46500,6000,17-Apr-17
OPTSTK,GODREJIND,27-Apr-17,530,PE,13.35,14.8,10.45,10.45,10.45,7,57.05,16500,0,17-Apr-17
OPTSTK,GODREJIND,27-Apr-17,540,PE,0,0,0,12.2,16.7,0,0,16500,0,17-Apr-17
OPTSTK,GODREJIND,27-Apr-17,550,PE,0,0,0,19.6,23.75,0,0,3000,0,17-Apr-17
OPTSTK,GODREJIND,27-Apr-17,560,PE,0,0,0,26.7,31.8,0,0,1500,0,17-Apr-17
OPTSTK,GODREJIND,27-Apr-17,570,PE,0,0,0,133.3,40.7,0,0,0,0,17-Apr-17
OPTSTK,GODREJIND,27-Apr-17,580,PE,0,0,0,143.05,50.05,0,0,0,0,17-Apr-17
OPTSTK,GODREJIND,27-Apr-17,590,PE,0,0,0,152.85,59.75,0,0,0,0,17-Apr-17
OPTSTK,GODREJIND,27-Apr-17,600,PE,0,0,0,162.65,69.55,0,0,0,0,17-Apr-17
OPTSTK,GODREJIND,27-Apr-17,610,PE,0,0,0,172.5,79.5,0,0,0,0,17-Apr-17
OPTSTK,GODREJIND,27-Apr-17,620,PE,0,0,0,175.35,89.45,0,0,0,0,17-Apr-17
OPTSTK,GODREJIND,27-Apr-17,630,PE,0,0,0,149.85,99.45,0,0,0,0,17-Apr-17
OPTSTK,GODREJIND,27-Apr-17,640,PE,0,0,0,158.55,109.4,0,0,0,0,17-Apr-17
OPTSTK,GODREJIND,25-May-17,320,CE,0,0,0,190.35,211.7,0,0,0,0,17-Apr-17
OPTSTK,GODREJIND,25-May-17,330,CE,0,0,0,180.75,201.75,0,0,0,0,17-Apr-17
OPTSTK,GODREJIND,25-May-17,340,CE,0,0,0,171.2,191.8,0,0,0,0,17-Apr-17
OPTSTK,GODREJIND,25-May-17,350,CE,0,0,0,161.75,181.9,0,0,0,0,17-Apr-17
OPTSTK,GODREJIND,25-May-17,360,CE,0,0,0,152.5,171.95,0,0,0,0,17-Apr-17
OPTSTK,GODREJIND,25-May-17,370,CE,0,0,0,143.35,162,0,0,0,0,17-Apr-17
OPTSTK,GODREJIND,25-May-17,380,CE,0,0,0,134.4,152.1,0,0,0,0,17-Apr-17
OPTSTK,GODREJIND,25-May-17,390,CE,0,0,0,125.65,142.15,0,0,0,0,17-Apr-17
OPTSTK,GODREJIND,25-May-17,400,CE,0,0,0,117.15,132.25,0,0,0,0,17-Apr-17
OPTSTK,GODREJIND,25-May-17,410,CE,0,0,0,108.95,122.35,0,0,0,0,17-Apr-17
OPTSTK,GODREJIND,25-May-17,420,CE,0,0,0,101,112.5,0,0,0,0,17-Apr-17
OPTSTK,GODREJIND,25-May-17,430,CE,0,0,0,93.35,102.75,0,0,0,0,17-Apr-17
OPTSTK,GODREJIND,25-May-17,440,CE,0,0,0,86.05,93.1,0,0,0,0,17-Apr-17
OPTSTK,GODREJIND,25-May-17,450,CE,0,0,0,79.05,83.6,0,0,0,0,17-Apr-17
OPTSTK,GODREJIND,25-May-17,460,CE,0,0,0,72.45,74.35,0,0,0,0,17-Apr-17
OPTSTK,GODREJIND,25-May-17,470,CE,0,0,0,66.2,65.4,0,0,0,0,17-Apr-17
OPTSTK,GODREJIND,25-May-17,480,CE,0,0,0,60.3,56.9,0,0,0,0,17-Apr-17
OPTSTK,GODREJIND,25-May-17,490,CE,0,0,0,54.8,48.9,0,0,0,0,17-Apr-17
OPTSTK,GODREJIND,25-May-17,500,CE,0,0,0,49.65,41.5,0,0,0,0,17-Apr-17
OPTSTK,GODREJIND,25-May-17,510,CE,0,0,0,44.9,34.7,0,0,0,0,17-Apr-17
OPTSTK,GODREJIND,25-May-17,520,CE,0,0,0,40.45,28.6,0,0,0,0,17-Apr-17
OPTSTK,GODREJIND,25-May-17,530,CE,0,0,0,36.4,23.25,0,0,0,0,17-Apr-17
OPTSTK,GODREJIND,25-May-17,540,CE,0,0,0,32.65,18.6,0,0,0,0,17-Apr-17
OPTSTK,GODREJIND,25-May-17,550,CE,0,0,0,29.2,14.7,0,0,0,0,17-Apr-17
OPTSTK,GODREJIND,25-May-17,560,CE,0,0,0,26.05,11.45,0,0,0,0,17-Apr-17
OPTSTK,GODREJIND,25-May-17,570,CE,0,0,0,23.2,8.8,0,0,0,0,17-Apr-17
OPTSTK,GODREJIND,25-May-17,580,CE,0,0,0,20.65,6.6,0,0,0,0,17-Apr-17
OPTSTK,GODREJIND,25-May-17,590,CE,0,0,0,18.3,4.95,0,0,0,0,17-Apr-17
OPTSTK,GODREJIND,25-May-17,600,CE,0,0,0,16.25,3.6,0,0,0,0,17-Apr-17
OPTSTK,GODREJIND,25-May-17,610,CE,0,0,0,14.3,2.6,0,0,0,0,17-Apr-17
OPTSTK,GODREJIND,25-May-17,620,CE,0,0,0,12.65,1.9,0,0,0,0,17-Apr-17
OPTSTK,GODREJIND,25-May-17,630,CE,0,0,0,11.1,1.35,0,0,0,0,17-Apr-17
OPTSTK,GODREJIND,25-May-17,640,CE,0,0,0,9.75,0.95,0,0,0,0,17-Apr-17
OPTSTK,GODREJIND,25-May-17,320,PE,0,0,0,0.45,0,0,0,0,0,17-Apr-17
OPTSTK,GODREJIND,25-May-17,330,PE,0,0,0,0.7,0,0,0,0,0,17-Apr-17
OPTSTK,GODREJIND,25-May-17,340,PE,0,0,0,1,0,0,0,0,0,17-Apr-17
OPTSTK,GODREJIND,25-May-17,350,PE,0,0,0,1.45,0,0,0,0,0,17-Apr-17
OPTSTK,GODREJIND,25-May-17,360,PE,0,0,0,2,0,0,0,0,0,17-Apr-17
OPTSTK,GODREJIND,25-May-17,370,PE,0,0,0,2.7,0,0,0,0,0,17-Apr-17
OPTSTK,GODREJIND,25-May-17,380,PE,0,0,0,3.6,0.05,0,0,0,0,17-Apr-17
OPTSTK,GODREJIND,25-May-17,390,PE,0,0,0,4.7,0.05,0,0,0,0,17-Apr-17
OPTSTK,GODREJIND,25-May-17,400,PE,0,0,0,6.05,0.05,0,0,0,0,17-Apr-17
OPTSTK,GODREJIND,25-May-17,410,PE,0,0,0,7.65,0.1,0,0,0,0,17-Apr-17
OPTSTK,GODREJIND,25-May-17,420,PE,0,0,0,9.55,0.2,0,0,0,0,17-Apr-17
OPTSTK,GODREJIND,25-May-17,430,PE,0,0,0,11.75,0.35,0,0,0,0,17-Apr-17
OPTSTK,GODREJIND,25-May-17,440,PE,0,0,0,14.3,0.6,0,0,0,0,17-Apr-17
OPTSTK,GODREJIND,25-May-17,450,PE,0,0,0,17.15,1.05,0,0,0,0,17-Apr-17
OPTSTK,GODREJIND,25-May-17,460,PE,0,0,0,20.35,1.75,0,0,0,0,17-Apr-17
OPTSTK,GODREJIND,25-May-17,470,PE,0,0,0,23.95,2.75,0,0,0,0,17-Apr-17
OPTSTK,GODREJIND,25-May-17,480,PE,0,0,0,27.95,4.15,0,0,0,0,17-Apr-17
OPTSTK,GODREJIND,25-May-17,490,PE,0,0,0,32.25,6.1,0,0,0,0,17-Apr-17
OPTSTK,GODREJIND,25-May-17,500,PE,0,0,0,36.95,8.6,0,0,0,0,17-Apr-17
OPTSTK,GODREJIND,25-May-17,510,PE,0,0,0,42.05,11.75,0,0,0,0,17-Apr-17
OPTSTK,GODREJIND,25-May-17,520,PE,0,0,0,47.45,15.6,0,0,0,0,17-Apr-17
OPTSTK,GODREJIND,25-May-17,530,PE,0,0,0,53.2,20.2,0,0,0,0,17-Apr-17
OPTSTK,GODREJIND,25-May-17,540,PE,0,0,0,59.3,25.5,0,0,0,0,17-Apr-17
OPTSTK,GODREJIND,25-May-17,550,PE,0,0,0,65.7,31.5,0,0,0,0,17-Apr-17
OPTSTK,GODREJIND,25-May-17,560,PE,0,0,0,72.4,38.15,0,0,0,0,17-Apr-17
OPTSTK,GODREJIND,25-May-17,570,PE,0,0,0,79.4,45.45,0,0,0,0,17-Apr-17
OPTSTK,GODREJIND,25-May-17,580,PE,0,0,0,86.7,53.2,0,0,0,0,17-Apr-17
OPTSTK,GODREJIND,25-May-17,590,PE,0,0,0,94.2,61.45,0,0,0,0,17-Apr-17
OPTSTK,GODREJIND,25-May-17,600,PE,0,0,0,101.95,70.05,0,0,0,0,17-Apr-17
OPTSTK,GODREJIND,25-May-17,610,PE,0,0,0,109.9,79,0,0,0,0,17-Apr-17
OPTSTK,GODREJIND,25-May-17,620,PE,0,0,0,118.05,88.2,0,0,0,0,17-Apr-17
OPTSTK,GODREJIND,25-May-17,630,PE,0,0,0,126.4,97.6,0,0,0,0,17-Apr-17
OPTSTK,GODREJIND,25-May-17,640,PE,0,0,0,134.9,107.1,0,0,0,0,17-Apr-17
OPTSTK,GODREJIND,29-Jun-17,320,CE,0,0,0,187.8,213.65,0,0,0,0,17-Apr-17
OPTSTK,GODREJIND,29-Jun-17,330,CE,0,0,0,177.95,203.8,0,0,0,0,17-Apr-17
OPTSTK,GODREJIND,29-Jun-17,340,CE,0,0,0,168.2,193.9,0,0,0,0,17-Apr-17
OPTSTK,GODREJIND,29-Jun-17,350,CE,0,0,0,158.45,184.05,0,0,0,0,17-Apr-17
OPTSTK,GODREJIND,29-Jun-17,360,CE,0,0,0,148.75,174.2,0,0,0,0,17-Apr-17
OPTSTK,GODREJIND,29-Jun-17,370,CE,0,0,0,139.1,164.4,0,0,0,0,17-Apr-17
OPTSTK,GODREJIND,29-Jun-17,380,CE,0,0,0,129.6,154.6,0,0,0,0,17-Apr-17
OPTSTK,GODREJIND,29-Jun-17,390,CE,0,0,0,120.2,144.85,0,0,0,0,17-Apr-17
OPTSTK,GODREJIND,29-Jun-17,400,CE,0,0,0,110.95,135.15,0,0,0,0,17-Apr-17
OPTSTK,GODREJIND,29-Jun-17,410,CE,0,0,0,101.95,125.6,0,0,0,0,17-Apr-17
OPTSTK,GODREJIND,29-Jun-17,420,CE,0,0,0,93.2,116.1,0,0,0,0,17-Apr-17
OPTSTK,GODREJIND,29-Jun-17,430,CE,0,0,0,84.75,106.85,0,0,0,0,17-Apr-17
OPTSTK,GODREJIND,29-Jun-17,440,CE,0,0,0,76.65,97.75,0,0,0,0,17-Apr-17
OPTSTK,GODREJIND,29-Jun-17,450,CE,0,0,0,68.95,88.95,0,0,0,0,17-Apr-17
OPTSTK,GODREJIND,29-Jun-17,460,CE,0,0,0,61.65,80.5,0,0,0,0,17-Apr-17
OPTSTK,GODREJIND,29-Jun-17,470,CE,0,0,0,54.8,72.35,0,0,0,0,17-Apr-17
OPTSTK,GODREJIND,29-Jun-17,480,CE,0,0,0,48.45,64.6,0,0,0,0,17-Apr-17
OPTSTK,GODREJIND,29-Jun-17,490,CE,0,0,0,42.55,57.35,0,0,0,0,17-Apr-17
OPTSTK,GODREJIND,29-Jun-17,500,CE,0,0,0,37.15,50.55,0,0,0,0,17-Apr-17
OPTSTK,GODREJIND,29-Jun-17,510,CE,0,0,0,32.3,44.25,0,0,0,0,17-Apr-17
OPTSTK,GODREJIND,29-Jun-17,520,CE,0,0,0,27.85,38.45,0,0,0,0,17-Apr-17
OPTSTK,GODREJIND,29-Jun-17,530,CE,0,0,0,23.95,33.2,0,0,0,0,17-Apr-17
OPTSTK,GODREJIND,29-Jun-17,540,CE,0,0,0,20.4,28.5,0,0,0,0,17-Apr-17
OPTSTK,GODREJIND,29-Jun-17,550,CE,0,0,0,17.35,24.25,0,0,0,0,17-Apr-17
OPTSTK,GODREJIND,29-Jun-17,560,CE,0,0,0,14.65,20.5,0,0,0,0,17-Apr-17
OPTSTK,GODREJIND,29-Jun-17,570,CE,0,0,0,12.35,17.25,0,0,0,0,17-Apr-17
OPTSTK,GODREJIND,29-Jun-17,580,CE,0,0,0,10.3,14.4,0,0,0,0,17-Apr-17
OPTSTK,GODREJIND,29-Jun-17,590,CE,0,0,0,8.55,12,0,0,0,0,17-Apr-17
OPTSTK,GODREJIND,29-Jun-17,600,CE,0,0,0,7.1,9.85,0,0,0,0,17-Apr-17
OPTSTK,GODREJIND,29-Jun-17,610,CE,0,0,0,5.85,8.1,0,0,0,0,17-Apr-17
OPTSTK,GODREJIND,29-Jun-17,620,CE,0,0,0,4.8,6.6,0,0,0,0,17-Apr-17
OPTSTK,GODREJIND,29-Jun-17,630,CE,0,0,0,3.9,5.35,0,0,0,0,17-Apr-17
OPTSTK,GODREJIND,29-Jun-17,640,CE,0,0,0,3.2,4.3,0,0,0,0,17-Apr-17
OPTSTK,GODREJIND,29-Jun-17,320,PE,0,0,0,0.05,0,0,0,0,0,17-Apr-17
OPTSTK,GODREJIND,29-Jun-17,330,PE,0,0,0,0.1,0,0,0,0,0,17-Apr-17
OPTSTK,GODREJIND,29-Jun-17,340,PE,0,0,0,0.15,0.05,0,0,0,0,17-Apr-17
OPTSTK,GODREJIND,29-Jun-17,350,PE,0,0,0,0.2,0.05,0,0,0,0,17-Apr-17
OPTSTK,GODREJIND,29-Jun-17,360,PE,0,0,0,0.35,0.05,0,0,0,0,17-Apr-17
OPTSTK,GODREJIND,29-Jun-17,370,PE,0,0,0,0.55,0.1,0,0,0,0,17-Apr-17
OPTSTK,GODREJIND,29-Jun-17,380,PE,0,0,0,0.85,0.2,0,0,0,0,17-Apr-17
OPTSTK,GODREJIND,29-Jun-17,390,PE,0,0,0,1.3,0.3,0,0,0,0,17-Apr-17
OPTSTK,GODREJIND,29-Jun-17,400,PE,0,0,0,1.9,0.5,0,0,0,0,17-Apr-17
OPTSTK,GODREJIND,29-Jun-17,410,PE,0,0,0,2.75,0.8,0,0,0,0,17-Apr-17
OPTSTK,GODREJIND,29-Jun-17,420,PE,0,0,0,3.85,1.2,0,0,0,0,17-Apr-17
OPTSTK,GODREJIND,29-Jun-17,430,PE,0,0,0,5.25,1.8,0,0,0,0,17-Apr-17
OPTSTK,GODREJIND,29-Jun-17,440,PE,0,0,0,6.95,2.6,0,0,0,0,17-Apr-17
OPTSTK,GODREJIND,29-Jun-17,450,PE,0,0,0,9.1,3.65,0,0,0,0,17-Apr-17
OPTSTK,GODREJIND,29-Jun-17,460,PE,0,0,0,11.65,5.05,0,0,0,0,17-Apr-17
OPTSTK,GODREJIND,29-Jun-17,470,PE,0,0,0,14.6,6.75,0,0,0,0,17-Apr-17
OPTSTK,GODREJIND,29-Jun-17,480,PE,0,0,0,18.05,8.9,0,0,0,0,17-Apr-17
OPTSTK,GODREJIND,29-Jun-17,490,PE,0,0,0,22,11.5,0,0,0,0,17-Apr-17
OPTSTK,GODREJIND,29-Jun-17,500,PE,0,0,0,26.5,14.55,0,0,0,0,17-Apr-17
OPTSTK,GODREJIND,29-Jun-17,510,PE,0,0,0,31.4,18.15,0,0,0,0,17-Apr-17
OPTSTK,GODREJIND,29-Jun-17,520,PE,0,0,0,36.85,22.25,0,0,0,0,17-Apr-17
OPTSTK,GODREJIND,29-Jun-17,530,PE,0,0,0,42.75,26.85,0,0,0,0,17-Apr-17
OPTSTK,GODREJIND,29-Jun-17,540,PE,0,0,0,49.05,32,0,0,0,0,17-Apr-17
OPTSTK,GODREJIND,29-Jun-17,550,PE,0,0,0,55.8,37.65,0,0,0,0,17-Apr-17
OPTSTK,GODREJIND,29-Jun-17,560,PE,0,0,0,62.95,43.8,0,0,0,0,17-Apr-17
OPTSTK,GODREJIND,29-Jun-17,570,PE,0,0,0,70.5,50.4,0,0,0,0,17-Apr-17
OPTSTK,GODREJIND,29-Jun-17,580,PE,0,0,0,78.3,57.4,0,0,0,0,17-Apr-17
OPTSTK,GODREJIND,29-Jun-17,590,PE,0,0,0,86.4,64.85,0,0,0,0,17-Apr-17
OPTSTK,GODREJIND,29-Jun-17,600,PE,0,0,0,94.75,72.6,0,0,0,0,17-Apr-17
OPTSTK,GODREJIND,29-Jun-17,610,PE,0,0,0,103.35,80.7,0,0,0,0,17-Apr-17
OPTSTK,GODREJIND,29-Jun-17,620,PE,0,0,0,112.1,89.1,0,0,0,0,17-Apr-17
OPTSTK,GODREJIND,29-Jun-17,630,PE,0,0,0,121.1,97.7,0,0,0,0,17-Apr-17
OPTSTK,GODREJIND,29-Jun-17,640,PE,0,0,0,130.2,106.55,0,0,0,0,17-Apr-17
OPTSTK,GRANULES,27-Apr-17,75,CE,0,0,0,42.05,63.05,0,0,0,0,17-Apr-17
OPTSTK,GRANULES,27-Apr-17,80,CE,0,0,0,37.5,58.05,0,0,0,0,17-Apr-17
OPTSTK,GRANULES,27-Apr-17,85,CE,0,0,0,33.1,53.05,0,0,0,0,17-Apr-17
OPTSTK,GRANULES,27-Apr-17,90,CE,0,0,0,29,48.1,0,0,0,0,17-Apr-17
OPTSTK,GRANULES,27-Apr-17,95,CE,0,0,0,25.15,43.1,0,0,0,0,17-Apr-17
OPTSTK,GRANULES,27-Apr-17,100,CE,0,0,0,21.6,38.1,0,0,0,0,17-Apr-17
OPTSTK,GRANULES,27-Apr-17,105,CE,0,0,0,18.4,33.1,0,0,0,0,17-Apr-17
OPTSTK,GRANULES,27-Apr-17,110,CE,0,0,0,15.55,28.1,0,0,0,0,17-Apr-17
OPTSTK,GRANULES,27-Apr-17,115,CE,0,0,0,13.05,23.1,0,0,0,0,17-Apr-17
OPTSTK,GRANULES,27-Apr-17,120,CE,0,0,0,10.85,18.15,0,0,0,0,17-Apr-17
OPTSTK,GRANULES,27-Apr-17,125,CE,0,0,0,9,13.2,0,0,0,0,17-Apr-17
OPTSTK,GRANULES,27-Apr-17,130,CE,0,0,0,9.95,8.45,0,0,0,0,17-Apr-17
OPTSTK,GRANULES,27-Apr-17,135,CE,6,6,5.1,5.1,5.1,2,14.05,15000,-10000,17-Apr-17
OPTSTK,GRANULES,27-Apr-17,140,CE,2.5,2.75,2.5,2.5,2.5,5,35.64,135000,15000,17-Apr-17
OPTSTK,GRANULES,27-Apr-17,145,CE,0,0,0,1.15,0.6,0,0,100000,0,17-Apr-17
OPTSTK,GRANULES,27-Apr-17,150,CE,0,0,0,0.65,0.15,0,0,195000,0,17-Apr-17
OPTSTK,GRANULES,27-Apr-17,155,CE,0,0,0,0.45,0.05,0,0,45000,0,17-Apr-17
OPTSTK,GRANULES,27-Apr-17,160,CE,0,0,0,0.15,0,0,0,60000,0,17-Apr-17
OPTSTK,GRANULES,27-Apr-17,165,CE,0,0,0,1.5,0,0,0,0,0,17-Apr-17
OPTSTK,GRANULES,27-Apr-17,170,CE,0,0,0,0.2,0,0,0,5000,0,17-Apr-17
OPTSTK,GRANULES,27-Apr-17,75,PE,0,0,0,0.45,0,0,0,0,0,17-Apr-17
OPTSTK,GRANULES,27-Apr-17,80,PE,0,0,0,0.8,0,0,0,0,0,17-Apr-17
OPTSTK,GRANULES,27-Apr-17,85,PE,0,0,0,1.35,0,0,0,0,0,17-Apr-17
OPTSTK,GRANULES,27-Apr-17,90,PE,0,0,0,2.15,0,0,0,0,0,17-Apr-17
OPTSTK,GRANULES,27-Apr-17,95,PE,0,0,0,3.25,0,0,0,0,0,17-Apr-17
OPTSTK,GRANULES,27-Apr-17,100,PE,0,0,0,4.65,0,0,0,0,0,17-Apr-17
OPTSTK,GRANULES,27-Apr-17,105,PE,0,0,0,6.35,0,0,0,0,0,17-Apr-17
OPTSTK,GRANULES,27-Apr-17,110,PE,0,0,0,8.4,0,0,0,0,0,17-Apr-17
OPTSTK,GRANULES,27-Apr-17,115,PE,0,0,0,0.85,0,0,0,10000,0,17-Apr-17
OPTSTK,GRANULES,27-Apr-17,120,PE,0,0,0,0.45,0,0,0,110000,0,17-Apr-17
OPTSTK,GRANULES,27-Apr-17,125,PE,0,0,0,16.55,0.05,0,0,0,0,17-Apr-17
OPTSTK,GRANULES,27-Apr-17,130,PE,0,0,0,0.6,0.35,0,0,65000,0,17-Apr-17
OPTSTK,GRANULES,27-Apr-17,135,PE,1.7,1.7,1.45,1.55,1.55,5,34.14,50000,0,17-Apr-17
OPTSTK,GRANULES,27-Apr-17,140,PE,0,0,0,3.6,3.7,0,0,125000,0,17-Apr-17
OPTSTK,GRANULES,27-Apr-17,145,PE,0,0,0,31.2,7.45,0,0,0,0,17-Apr-17
OPTSTK,GRANULES,27-Apr-17,150,PE,0,0,0,35.35,12,0,0,0,0,17-Apr-17
OPTSTK,GRANULES,27-Apr-17,155,PE,0,0,0,39.65,16.85,0,0,0,0,17-Apr-17
OPTSTK,GRANULES,27-Apr-17,160,PE,0,0,0,44.05,21.85,0,0,0,0,17-Apr-17
OPTSTK,GRANULES,27-Apr-17,165,PE,0,0,0,48.55,26.85,0,0,0,0,17-Apr-17
OPTSTK,GRANULES,27-Apr-17,170,PE,0,0,0,44.15,31.8,0,0,0,0,17-Apr-17
OPTSTK,GRANULES,25-May-17,80,CE,0,0,0,50.2,58.45,0,0,0,0,17-Apr-17
OPTSTK,GRANULES,25-May-17,85,CE,0,0,0,45.6,53.5,0,0,0,0,17-Apr-17
OPTSTK,GRANULES,25-May-17,90,CE,0,0,0,41.1,48.55,0,0,0,0,17-Apr-17
OPTSTK,GRANULES,25-May-17,95,CE,0,0,0,36.75,43.55,0,0,0,0,17-Apr-17
OPTSTK,GRANULES,25-May-17,100,CE,0,0,0,32.7,38.6,0,0,0,0,17-Apr-17
OPTSTK,GRANULES,25-May-17,105,CE,0,0,0,28.85,33.65,0,0,0,0,17-Apr-17
OPTSTK,GRANULES,25-May-17,110,CE,0,0,0,25.25,28.7,0,0,0,0,17-Apr-17
OPTSTK,GRANULES,25-May-17,115,CE,0,0,0,22,23.8,0,0,0,0,17-Apr-17
OPTSTK,GRANULES,25-May-17,120,CE,0,0,0,19,19.05,0,0,0,0,17-Apr-17
OPTSTK,GRANULES,25-May-17,125,CE,0,0,0,16.35,14.6,0,0,0,0,17-Apr-17
OPTSTK,GRANULES,25-May-17,130,CE,0,0,0,13.95,10.6,0,0,0,0,17-Apr-17
OPTSTK,GRANULES,25-May-17,135,CE,0,0,0,11.85,7.25,0,0,0,0,17-Apr-17
OPTSTK,GRANULES,25-May-17,140,CE,0,0,0,8.1,4.65,0,0,5000,0,17-Apr-17
OPTSTK,GRANULES,25-May-17,145,CE,0,0,0,8.45,2.8,0,0,0,0,17-Apr-17
OPTSTK,GRANULES,25-May-17,150,CE,0,0,0,7.05,1.6,0,0,0,0,17-Apr-17
OPTSTK,GRANULES,25-May-17,155,CE,0,0,0,5.9,0.85,0,0,0,0,17-Apr-17
OPTSTK,GRANULES,25-May-17,160,CE,0,0,0,4.9,0.4,0,0,0,0,17-Apr-17
OPTSTK,GRANULES,25-May-17,165,CE,0,0,0,4.05,0.2,0,0,0,0,17-Apr-17
OPTSTK,GRANULES,25-May-17,170,CE,0,0,0,3.35,0.1,0,0,0,0,17-Apr-17
OPTSTK,GRANULES,25-May-17,80,PE,0,0,0,0.35,0,0,0,0,0,17-Apr-17
OPTSTK,GRANULES,25-May-17,85,PE,0,0,0,0.65,0,0,0,0,0,17-Apr-17
OPTSTK,GRANULES,25-May-17,90,PE,0,0,0,1.05,0,0,0,0,0,17-Apr-17
OPTSTK,GRANULES,25-May-17,95,PE,0,0,0,1.7,0,0,0,0,0,17-Apr-17
OPTSTK,GRANULES,25-May-17,100,PE,0,0,0,2.5,0,0,0,0,0,17-Apr-17
OPTSTK,GRANULES,25-May-17,105,PE,0,0,0,3.6,0,0,0,0,0,17-Apr-17
OPTSTK,GRANULES,25-May-17,110,PE,0,0,0,4.95,0.05,0,0,0,0,17-Apr-17
OPTSTK,GRANULES,25-May-17,115,PE,0,0,0,6.6,0.1,0,0,0,0,17-Apr-17
OPTSTK,GRANULES,25-May-17,120,PE,0,0,0,8.55,0.35,0,0,0,0,17-Apr-17
OPTSTK,GRANULES,25-May-17,125,PE,0,0,0,10.8,0.85,0,0,0,0,17-Apr-17
OPTSTK,GRANULES,25-May-17,130,PE,0,0,0,13.3,1.8,0,0,0,0,17-Apr-17
OPTSTK,GRANULES,25-May-17,135,PE,0,0,0,16.15,3.45,0,0,0,0,17-Apr-17
OPTSTK,GRANULES,25-May-17,140,PE,0,0,0,19.25,5.8,0,0,0,0,17-Apr-17
OPTSTK,GRANULES,25-May-17,145,PE,0,0,0,22.55,8.9,0,0,0,0,17-Apr-17
OPTSTK,GRANULES,25-May-17,150,PE,0,0,0,26.1,12.65,0,0,0,0,17-Apr-17
OPTSTK,GRANULES,25-May-17,155,PE,0,0,0,29.85,16.9,0,0,0,0,17-Apr-17
OPTSTK,GRANULES,25-May-17,160,PE,0,0,0,33.8,21.45,0,0,0,0,17-Apr-17
OPTSTK,GRANULES,25-May-17,165,PE,0,0,0,37.9,26.2,0,0,0,0,17-Apr-17
OPTSTK,GRANULES,25-May-17,170,PE,0,0,0,42.1,31.05,0,0,0,0,17-Apr-17
OPTSTK,GRANULES,29-Jun-17,80,CE,0,0,0,60.45,58.95,0,0,0,0,17-Apr-17
OPTSTK,GRANULES,29-Jun-17,85,CE,0,0,0,55.55,54,0,0,0,0,17-Apr-17
OPTSTK,GRANULES,29-Jun-17,90,CE,0,0,0,50.65,49.1,0,0,0,0,17-Apr-17
OPTSTK,GRANULES,29-Jun-17,95,CE,0,0,0,45.8,44.15,0,0,0,0,17-Apr-17
OPTSTK,GRANULES,29-Jun-17,100,CE,0,0,0,40.95,39.25,0,0,0,0,17-Apr-17
OPTSTK,GRANULES,29-Jun-17,105,CE,0,0,0,36.25,34.35,0,0,0,0,17-Apr-17
OPTSTK,GRANULES,29-Jun-17,110,CE,0,0,0,31.7,29.55,0,0,0,0,17-Apr-17
OPTSTK,GRANULES,29-Jun-17,115,CE,0,0,0,27.35,24.9,0,0,0,0,17-Apr-17
OPTSTK,GRANULES,29-Jun-17,120,CE,0,0,0,23.3,20.45,0,0,0,0,17-Apr-17
OPTSTK,GRANULES,29-Jun-17,125,CE,0,0,0,19.55,16.4,0,0,0,0,17-Apr-17
OPTSTK,GRANULES,29-Jun-17,130,CE,0,0,0,16.15,12.75,0,0,0,0,17-Apr-17
OPTSTK,GRANULES,29-Jun-17,135,CE,0,0,0,13.15,9.65,0,0,0,0,17-Apr-17
OPTSTK,GRANULES,29-Jun-17,140,CE,0,0,0,10.55,7.05,0,0,0,0,17-Apr-17
OPTSTK,GRANULES,29-Jun-17,145,CE,0,0,0,8.35,5,0,0,0,0,17-Apr-17
OPTSTK,GRANULES,29-Jun-17,150,CE,0,0,0,6.5,3.45,0,0,0,0,17-Apr-17
OPTSTK,GRANULES,29-Jun-17,155,CE,0,0,0,5.05,2.3,0,0,0,0,17-Apr-17
OPTSTK,GRANULES,29-Jun-17,160,CE,0,0,0,3.85,1.5,0,0,0,0,17-Apr-17
OPTSTK,GRANULES,29-Jun-17,165,CE,0,0,0,2.9,0.95,0,0,0,0,17-Apr-17
OPTSTK,GRANULES,29-Jun-17,170,CE,0,0,0,2.15,0.6,0,0,0,0,17-Apr-17
OPTSTK,GRANULES,29-Jun-17,80,PE,0,0,0,0.05,0,0,0,0,0,17-Apr-17
OPTSTK,GRANULES,29-Jun-17,85,PE,0,0,0,0.05,0,0,0,0,0,17-Apr-17
OPTSTK,GRANULES,29-Jun-17,90,PE,0,0,0,0.05,0,0,0,0,0,17-Apr-17
OPTSTK,GRANULES,29-Jun-17,95,PE,0,0,0,0.1,0.05,0,0,0,0,17-Apr-17
OPTSTK,GRANULES,29-Jun-17,100,PE,0,0,0,0.2,0.05,0,0,0,0,17-Apr-17
OPTSTK,GRANULES,29-Jun-17,105,PE,0,0,0,0.45,0.1,0,0,0,0,17-Apr-17
OPTSTK,GRANULES,29-Jun-17,110,PE,0,0,0,0.8,0.25,0,0,0,0,17-Apr-17
OPTSTK,GRANULES,29-Jun-17,115,PE,0,0,0,1.4,0.5,0,0,0,0,17-Apr-17
OPTSTK,GRANULES,29-Jun-17,120,PE,0,0,0,2.2,1,0,0,0,0,17-Apr-17
OPTSTK,GRANULES,29-Jun-17,125,PE,0,0,0,3.4,1.9,0,0,0,0,17-Apr-17
OPTSTK,GRANULES,29-Jun-17,130,PE,0,0,0,4.9,3.2,0,0,0,0,17-Apr-17
OPTSTK,GRANULES,29-Jun-17,135,PE,0,0,0,6.85,5,0,0,0,0,17-Apr-17
OPTSTK,GRANULES,29-Jun-17,140,PE,0,0,0,9.15,7.35,0,0,0,0,17-Apr-17
OPTSTK,GRANULES,29-Jun-17,145,PE,0,0,0,11.85,10.25,0,0,0,0,17-Apr-17
OPTSTK,GRANULES,29-Jun-17,150,PE,0,0,0,14.95,13.6,0,0,0,0,17-Apr-17
OPTSTK,GRANULES,29-Jun-17,155,PE,0,0,0,18.35,17.4,0,0,0,0,17-Apr-17
OPTSTK,GRANULES,29-Jun-17,160,PE,0,0,0,22.1,21.55,0,0,0,0,17-Apr-17
OPTSTK,GRANULES,29-Jun-17,165,PE,0,0,0,26.05,25.95,0,0,0,0,17-Apr-17
OPTSTK,GRANULES,29-Jun-17,170,PE,0,0,0,30.25,30.5,0,0,0,0,17-Apr-17
OPTSTK,GRASIM,27-Apr-17,660,CE,0,0,0,279.45,413.3,0,0,0,0,17-Apr-17
OPTSTK,GRASIM,27-Apr-17,680,CE,0,0,0,260.1,393.35,0,0,0,0,17-Apr-17
OPTSTK,GRASIM,27-Apr-17,700,CE,0,0,0,241,373.4,0,0,0,0,17-Apr-17
OPTSTK,GRASIM,27-Apr-17,720,CE,0,0,0,222.15,353.4,0,0,0,0,17-Apr-17
OPTSTK,GRASIM,27-Apr-17,740,CE,0,0,0,203.65,333.45,0,0,0,0,17-Apr-17
OPTSTK,GRASIM,27-Apr-17,760,CE,0,0,0,185.6,313.5,0,0,0,0,17-Apr-17
OPTSTK,GRASIM,27-Apr-17,780,CE,0,0,0,168.15,293.55,0,0,0,0,17-Apr-17
OPTSTK,GRASIM,27-Apr-17,800,CE,0,0,0,151.35,273.55,0,0,0,0,17-Apr-17
OPTSTK,GRASIM,27-Apr-17,820,CE,0,0,0,135.35,253.6,0,0,0,0,17-Apr-17
OPTSTK,GRASIM,27-Apr-17,840,CE,0,0,0,120.25,233.65,0,0,0,0,17-Apr-17
OPTSTK,GRASIM,27-Apr-17,860,CE,0,0,0,106,213.65,0,0,0,0,17-Apr-17
OPTSTK,GRASIM,27-Apr-17,880,CE,0,0,0,92.8,193.7,0,0,0,0,17-Apr-17
OPTSTK,GRASIM,27-Apr-17,900,CE,0,0,0,80.7,173.75,0,0,0,0,17-Apr-17
OPTSTK,GRASIM,27-Apr-17,920,CE,0,0,0,69.65,153.8,0,0,0,0,17-Apr-17
OPTSTK,GRASIM,27-Apr-17,940,CE,0,0,0,59.7,133.9,0,0,0,0,17-Apr-17
OPTSTK,GRASIM,27-Apr-17,960,CE,0,0,0,50.85,114.2,0,0,0,0,17-Apr-17
OPTSTK,GRASIM,27-Apr-17,980,CE,0,0,0,90.55,94.85,0,0,3000,0,17-Apr-17
OPTSTK,GRASIM,27-Apr-17,1000,CE,0,0,0,90,76.3,0,0,14250,0,17-Apr-17
OPTSTK,GRASIM,27-Apr-17,1020,CE,0,0,0,54,58.95,0,0,2250,0,17-Apr-17
OPTSTK,GRASIM,27-Apr-17,1040,CE,0,0,0,54.7,43.5,0,0,6000,0,17-Apr-17
OPTSTK,GRASIM,27-Apr-17,1060,CE,25,32.75,22,31.85,31.85,73,595.73,40500,4500,17-Apr-17
OPTSTK,GRASIM,27-Apr-17,1080,CE,15.5,22,13.95,20.7,20.7,105,865.5,57750,-4500,17-Apr-17
OPTSTK,GRASIM,27-Apr-17,1100,CE,11,14.5,8.95,13.55,13.55,167,1392.42,159000,-9000,17-Apr-17
OPTSTK,GRASIM,27-Apr-17,1120,CE,6.1,11.3,6,8.15,8.15,68,575.22,45750,10500,17-Apr-17
OPTSTK,GRASIM,27-Apr-17,1140,CE,3,4.95,3,4.1,4.1,15,128.72,27750,-750,17-Apr-17
OPTSTK,GRASIM,27-Apr-17,1160,CE,2.5,2.5,2.5,2.5,2.5,2,17.43,15750,-750,17-Apr-17
OPTSTK,GRASIM,27-Apr-17,1180,CE,0,0,0,3,1,0,0,2250,0,17-Apr-17
OPTSTK,GRASIM,27-Apr-17,1200,CE,0,0,0,1.7,0.45,0,0,35250,0,17-Apr-17
OPTSTK,GRASIM,27-Apr-17,1220,CE,0,0,0,0.75,0.2,0,0,1500,0,17-Apr-17
OPTSTK,GRASIM,27-Apr-17,1240,CE,0,0,0,2.8,0.1,0,0,0,0,17-Apr-17
OPTSTK,GRASIM,27-Apr-17,1260,CE,0,0,0,2.2,0.05,0,0,0,0,17-Apr-17
OPTSTK,GRASIM,27-Apr-17,1280,CE,0,0,0,1.7,0.05,0,0,0,0,17-Apr-17
OPTSTK,GRASIM,27-Apr-17,1300,CE,0,0,0,1,0,0,0,0,0,17-Apr-17
OPTSTK,GRASIM,27-Apr-17,660,PE,0,0,0,0.5,0,0,0,0,0,17-Apr-17
OPTSTK,GRASIM,27-Apr-17,680,PE,0,0,0,0.85,0,0,0,0,0,17-Apr-17
OPTSTK,GRASIM,27-Apr-17,700,PE,0,0,0,1.4,0,0,0,0,0,17-Apr-17
OPTSTK,GRASIM,27-Apr-17,720,PE,0,0,0,2.2,0,0,0,0,0,17-Apr-17
OPTSTK,GRASIM,27-Apr-17,740,PE,0,0,0,3.4,0,0,0,0,0,17-Apr-17
OPTSTK,GRASIM,27-Apr-17,760,PE,0,0,0,5.05,0,0,0,0,0,17-Apr-17
OPTSTK,GRASIM,27-Apr-17,780,PE,0,0,0,7.25,0,0,0,0,0,17-Apr-17
OPTSTK,GRASIM,27-Apr-17,800,PE,0,0,0,10.15,0,0,0,0,0,17-Apr-17
OPTSTK,GRASIM,27-Apr-17,820,PE,0,0,0,13.8,0,0,0,0,0,17-Apr-17
OPTSTK,GRASIM,27-Apr-17,840,PE,0,0,0,18.35,0,0,0,0,0,17-Apr-17
OPTSTK,GRASIM,27-Apr-17,860,PE,0,0,0,23.8,0,0,0,0,0,17-Apr-17
OPTSTK,GRASIM,27-Apr-17,880,PE,0,0,0,30.25,0,0,0,0,0,17-Apr-17
OPTSTK,GRASIM,27-Apr-17,900,PE,0,0,0,37.8,0.05,0,0,0,0,17-Apr-17
OPTSTK,GRASIM,27-Apr-17,920,PE,0,0,0,1.25,0.05,0,0,8250,0,17-Apr-17
OPTSTK,GRASIM,27-Apr-17,940,PE,0,0,0,0.55,0.15,0,0,14250,0,17-Apr-17
OPTSTK,GRASIM,27-Apr-17,960,PE,0,0,0,1.45,0.4,0,0,28500,0,17-Apr-17
OPTSTK,GRASIM,27-Apr-17,980,PE,1.6,1.6,1.6,1.6,1.6,1,7.36,5250,0,17-Apr-17
OPTSTK,GRASIM,27-Apr-17,1000,PE,3.15,3.15,1.85,1.85,1.85,9,67.64,36000,-750,17-Apr-17
OPTSTK,GRASIM,27-Apr-17,1020,PE,6,6.1,3.1,3.3,3.3,17,130.65,32250,0,17-Apr-17
OPTSTK,GRASIM,27-Apr-17,1040,PE,11.7,12.1,6.75,7.6,7.6,28,220.33,39000,6000,17-Apr-17
OPTSTK,GRASIM,27-Apr-17,1060,PE,19,22,12.45,13.6,13.6,49,395.79,54750,-6000,17-Apr-17
OPTSTK,GRASIM,27-Apr-17,1080,PE,29.1,29.1,24.65,24.8,24.8,5,41.5,18750,750,17-Apr-17
OPTSTK,GRASIM,27-Apr-17,1100,PE,0,0,0,45,38.45,0,0,17250,0,17-Apr-17
OPTSTK,GRASIM,27-Apr-17,1120,PE,0,0,0,58,53.2,0,0,1500,0,17-Apr-17
OPTSTK,GRASIM,27-Apr-17,1140,PE,0,0,0,202.1,69.85,0,0,0,0,17-Apr-17
OPTSTK,GRASIM,27-Apr-17,1160,PE,0,0,0,95.5,87.9,0,0,750,0,17-Apr-17
OPTSTK,GRASIM,27-Apr-17,1180,PE,0,0,0,238.2,106.8,0,0,0,0,17-Apr-17
OPTSTK,GRASIM,27-Apr-17,1200,PE,0,0,0,256.7,126.2,0,0,0,0,17-Apr-17
OPTSTK,GRASIM,27-Apr-17,1220,PE,0,0,0,154.95,145.9,0,0,1500,0,17-Apr-17
OPTSTK,GRASIM,27-Apr-17,1240,PE,0,0,0,294.35,165.8,0,0,0,0,17-Apr-17
OPTSTK,GRASIM,27-Apr-17,1260,PE,0,0,0,313.4,185.7,0,0,0,0,17-Apr-17
OPTSTK,GRASIM,27-Apr-17,1280,PE,0,0,0,332.6,205.65,0,0,0,0,17-Apr-17
OPTSTK,GRASIM,27-Apr-17,1300,PE,0,0,0,349.1,225.6,0,0,0,0,17-Apr-17
OPTSTK,GRASIM,25-May-17,660,CE,0,0,0,375.65,416.6,0,0,0,0,17-Apr-17
OPTSTK,GRASIM,25-May-17,680,CE,0,0,0,356.15,396.75,0,0,0,0,17-Apr-17
OPTSTK,GRASIM,25-May-17,700,CE,0,0,0,336.85,376.9,0,0,0,0,17-Apr-17
OPTSTK,GRASIM,25-May-17,720,CE,0,0,0,317.65,357.05,0,0,0,0,17-Apr-17
OPTSTK,GRASIM,25-May-17,740,CE,0,0,0,298.65,337.15,0,0,0,0,17-Apr-17
OPTSTK,GRASIM,25-May-17,760,CE,0,0,0,279.9,317.3,0,0,0,0,17-Apr-17
OPTSTK,GRASIM,25-May-17,780,CE,0,0,0,261.45,297.45,0,0,0,0,17-Apr-17
OPTSTK,GRASIM,25-May-17,800,CE,0,0,0,243.4,277.6,0,0,0,0,17-Apr-17
OPTSTK,GRASIM,25-May-17,820,CE,0,0,0,225.8,257.85,0,0,0,0,17-Apr-17
OPTSTK,GRASIM,25-May-17,840,CE,0,0,0,208.65,238.1,0,0,0,0,17-Apr-17
OPTSTK,GRASIM,25-May-17,860,CE,0,0,0,192.1,218.5,0,0,0,0,17-Apr-17
OPTSTK,GRASIM,25-May-17,880,CE,0,0,0,176.2,199.1,0,0,0,0,17-Apr-17
OPTSTK,GRASIM,25-May-17,900,CE,0,0,0,161,179.95,0,0,0,0,17-Apr-17
OPTSTK,GRASIM,25-May-17,920,CE,0,0,0,146.5,161.2,0,0,0,0,17-Apr-17
OPTSTK,GRASIM,25-May-17,940,CE,0,0,0,132.75,143.05,0,0,0,0,17-Apr-17
OPTSTK,GRASIM,25-May-17,960,CE,0,0,0,119.85,125.6,0,0,0,0,17-Apr-17
OPTSTK,GRASIM,25-May-17,980,CE,0,0,0,107.8,109.05,0,0,0,0,17-Apr-17
OPTSTK,GRASIM,25-May-17,1000,CE,0,0,0,96.55,93.5,0,0,0,0,17-Apr-17
OPTSTK,GRASIM,25-May-17,1020,CE,0,0,0,86.15,79.2,0,0,0,0,17-Apr-17
OPTSTK,GRASIM,25-May-17,1040,CE,0,0,0,76.6,66.2,0,0,0,0,17-Apr-17
OPTSTK,GRASIM,25-May-17,1060,CE,0,0,0,67.8,54.6,0,0,0,0,17-Apr-17
OPTSTK,GRASIM,25-May-17,1080,CE,0,0,0,59.85,44.4,0,0,0,0,17-Apr-17
OPTSTK,GRASIM,25-May-17,1100,CE,0,0,0,52.6,35.65,0,0,0,0,17-Apr-17
OPTSTK,GRASIM,25-May-17,1120,CE,0,0,0,46.1,28.2,0,0,0,0,17-Apr-17
OPTSTK,GRASIM,25-May-17,1140,CE,0,0,0,40.25,22,0,0,0,0,17-Apr-17
OPTSTK,GRASIM,25-May-17,1160,CE,0,0,0,35.05,16.95,0,0,0,0,17-Apr-17
OPTSTK,GRASIM,25-May-17,1180,CE,0,0,0,30.45,12.85,0,0,0,0,17-Apr-17
OPTSTK,GRASIM,25-May-17,1200,CE,0,0,0,26.3,9.6,0,0,0,0,17-Apr-17
OPTSTK,GRASIM,25-May-17,1220,CE,0,0,0,22.65,7.1,0,0,0,0,17-Apr-17
OPTSTK,GRASIM,25-May-17,1240,CE,0,0,0,19.5,5.2,0,0,0,0,17-Apr-17
OPTSTK,GRASIM,25-May-17,1260,CE,0,0,0,16.7,3.75,0,0,0,0,17-Apr-17
OPTSTK,GRASIM,25-May-17,1280,CE,0,0,0,14.3,2.65,0,0,0,0,17-Apr-17
OPTSTK,GRASIM,25-May-17,1300,CE,0,0,0,12.15,1.85,0,0,0,0,17-Apr-17
OPTSTK,GRASIM,25-May-17,660,PE,0,0,0,0.4,0,0,0,0,0,17-Apr-17
OPTSTK,GRASIM,25-May-17,680,PE,0,0,0,0.6,0,0,0,0,0,17-Apr-17
OPTSTK,GRASIM,25-May-17,700,PE,0,0,0,0.95,0,0,0,0,0,17-Apr-17
OPTSTK,GRASIM,25-May-17,720,PE,0,0,0,1.45,0,0,0,0,0,17-Apr-17
OPTSTK,GRASIM,25-May-17,740,PE,0,0,0,2.15,0,0,0,0,0,17-Apr-17
OPTSTK,GRASIM,25-May-17,760,PE,0,0,0,3.05,0.05,0,0,0,0,17-Apr-17
OPTSTK,GRASIM,25-May-17,780,PE,0,0,0,4.3,0.05,0,0,0,0,17-Apr-17
OPTSTK,GRASIM,25-May-17,800,PE,0,0,0,5.95,0.1,0,0,0,0,17-Apr-17
OPTSTK,GRASIM,25-May-17,820,PE,0,0,0,8,0.15,0,0,0,0,17-Apr-17
OPTSTK,GRASIM,25-May-17,840,PE,0,0,0,10.6,0.3,0,0,0,0,17-Apr-17
OPTSTK,GRASIM,25-May-17,860,PE,0,0,0,13.75,0.55,0,0,0,0,17-Apr-17
OPTSTK,GRASIM,25-May-17,880,PE,0,0,0,17.5,1,0,0,0,0,17-Apr-17
OPTSTK,GRASIM,25-May-17,900,PE,0,0,0,21.95,1.7,0,0,0,0,17-Apr-17
OPTSTK,GRASIM,25-May-17,920,PE,0,0,0,27.2,2.85,0,0,0,0,17-Apr-17
OPTSTK,GRASIM,25-May-17,940,PE,0,0,0,33.1,4.55,0,0,0,0,17-Apr-17
OPTSTK,GRASIM,25-May-17,960,PE,0,0,0,39.9,6.95,0,0,0,0,17-Apr-17
OPTSTK,GRASIM,25-May-17,980,PE,0,0,0,47.5,10.25,0,0,0,0,17-Apr-17
OPTSTK,GRASIM,25-May-17,1000,PE,0,0,0,55.95,14.65,0,0,0,0,17-Apr-17
OPTSTK,GRASIM,25-May-17,1020,PE,0,0,0,65.25,20.15,0,0,0,0,17-Apr-17
OPTSTK,GRASIM,25-May-17,1040,PE,0,0,0,75.35,27.05,0,0,0,0,17-Apr-17
OPTSTK,GRASIM,25-May-17,1060,PE,0,0,0,86.3,35.3,0,0,0,0,17-Apr-17
OPTSTK,GRASIM,25-May-17,1080,PE,0,0,0,98,45,0,0,0,0,17-Apr-17
OPTSTK,GRASIM,25-May-17,1100,PE,0,0,0,110.45,56.05,0,0,0,0,17-Apr-17
OPTSTK,GRASIM,25-May-17,1120,PE,0,0,0,123.6,68.5,0,0,0,0,17-Apr-17
OPTSTK,GRASIM,25-May-17,1140,PE,0,0,0,137.45,82.15,0,0,0,0,17-Apr-17
OPTSTK,GRASIM,25-May-17,1160,PE,0,0,0,151.95,97,0,0,0,0,17-Apr-17
OPTSTK,GRASIM,25-May-17,1180,PE,0,0,0,167,112.75,0,0,0,0,17-Apr-17
OPTSTK,GRASIM,25-May-17,1200,PE,0,0,0,182.55,129.4,0,0,0,0,17-Apr-17
OPTSTK,GRASIM,25-May-17,1220,PE,0,0,0,198.6,146.75,0,0,0,0,17-Apr-17
OPTSTK,GRASIM,25-May-17,1240,PE,0,0,0,215.15,164.7,0,0,0,0,17-Apr-17
OPTSTK,GRASIM,25-May-17,1260,PE,0,0,0,232.05,183.1,0,0,0,0,17-Apr-17
OPTSTK,GRASIM,25-May-17,1280,PE,0,0,0,249.3,201.9,0,0,0,0,17-Apr-17
OPTSTK,GRASIM,25-May-17,1300,PE,0,0,0,266.85,220.95,0,0,0,0,17-Apr-17
OPTSTK,GRASIM,29-Jun-17,660,CE,0,0,0,419.2,420.7,0,0,0,0,17-Apr-17
OPTSTK,GRASIM,29-Jun-17,680,CE,0,0,0,399.55,400.95,0,0,0,0,17-Apr-17
OPTSTK,GRASIM,29-Jun-17,700,CE,0,0,0,379.95,381.25,0,0,0,0,17-Apr-17
OPTSTK,GRASIM,29-Jun-17,720,CE,0,0,0,360.4,361.55,0,0,0,0,17-Apr-17
OPTSTK,GRASIM,29-Jun-17,740,CE,0,0,0,340.9,341.9,0,0,0,0,17-Apr-17
OPTSTK,GRASIM,29-Jun-17,760,CE,0,0,0,321.5,322.3,0,0,0,0,17-Apr-17
OPTSTK,GRASIM,29-Jun-17,780,CE,0,0,0,302.25,302.75,0,0,0,0,17-Apr-17
OPTSTK,GRASIM,29-Jun-17,800,CE,0,0,0,283.2,283.35,0,0,0,0,17-Apr-17
OPTSTK,GRASIM,29-Jun-17,820,CE,0,0,0,264.35,264.1,0,0,0,0,17-Apr-17
OPTSTK,GRASIM,29-Jun-17,840,CE,0,0,0,245.85,245.1,0,0,0,0,17-Apr-17
OPTSTK,GRASIM,29-Jun-17,860,CE,0,0,0,227.7,226.4,0,0,0,0,17-Apr-17
OPTSTK,GRASIM,29-Jun-17,880,CE,0,0,0,210,208.1,0,0,0,0,17-Apr-17
OPTSTK,GRASIM,29-Jun-17,900,CE,0,0,0,192.8,190.25,0,0,0,0,17-Apr-17
OPTSTK,GRASIM,29-Jun-17,920,CE,0,0,0,176.2,173,0,0,0,0,17-Apr-17
OPTSTK,GRASIM,29-Jun-17,940,CE,0,0,0,160.3,156.4,0,0,0,0,17-Apr-17
OPTSTK,GRASIM,29-Jun-17,960,CE,0,0,0,145.15,140.55,0,0,0,0,17-Apr-17
OPTSTK,GRASIM,29-Jun-17,980,CE,0,0,0,130.8,125.55,0,0,0,0,17-Apr-17
OPTSTK,GRASIM,29-Jun-17,1000,CE,0,0,0,117.2,111.4,0,0,0,0,17-Apr-17
OPTSTK,GRASIM,29-Jun-17,1020,CE,0,0,0,104.6,98.25,0,0,0,0,17-Apr-17
OPTSTK,GRASIM,29-Jun-17,1040,CE,0,0,0,92.85,86.1,0,0,0,0,17-Apr-17
OPTSTK,GRASIM,29-Jun-17,1060,CE,0,0,0,82,74.95,0,0,0,0,17-Apr-17
OPTSTK,GRASIM,29-Jun-17,1080,CE,0,0,0,72.1,64.8,0,0,0,0,17-Apr-17
OPTSTK,GRASIM,29-Jun-17,1100,CE,0,0,0,63.05,55.7,0,0,0,0,17-Apr-17
OPTSTK,GRASIM,29-Jun-17,1120,CE,0,0,0,54.9,47.55,0,0,0,0,17-Apr-17
OPTSTK,GRASIM,29-Jun-17,1140,CE,0,0,0,47.55,40.35,0,0,0,0,17-Apr-17
OPTSTK,GRASIM,29-Jun-17,1160,CE,0,0,0,41,34.05,0,0,0,0,17-Apr-17
OPTSTK,GRASIM,29-Jun-17,1180,CE,0,0,0,35.2,28.55,0,0,0,0,17-Apr-17
OPTSTK,GRASIM,29-Jun-17,1200,CE,0,0,0,30.15,23.85,0,0,0,0,17-Apr-17
OPTSTK,GRASIM,29-Jun-17,1220,CE,0,0,0,25.65,19.7,0,0,0,0,17-Apr-17
OPTSTK,GRASIM,29-Jun-17,1240,CE,0,0,0,21.75,16.25,0,0,0,0,17-Apr-17
OPTSTK,GRASIM,29-Jun-17,1260,CE,0,0,0,18.35,13.3,0,0,0,0,17-Apr-17
OPTSTK,GRASIM,29-Jun-17,1280,CE,0,0,0,15.4,10.85,0,0,0,0,17-Apr-17
OPTSTK,GRASIM,29-Jun-17,1300,CE,0,0,0,12.9,8.8,0,0,0,0,17-Apr-17
OPTSTK,GRASIM,29-Jun-17,660,PE,0,0,0,0.05,0.05,0,0,0,0,17-Apr-17
OPTSTK,GRASIM,29-Jun-17,680,PE,0,0,0,0.1,0.05,0,0,0,0,17-Apr-17
OPTSTK,GRASIM,29-Jun-17,700,PE,0,0,0,0.15,0.05,0,0,0,0,17-Apr-17
OPTSTK,GRASIM,29-Jun-17,720,PE,0,0,0,0.3,0.1,0,0,0,0,17-Apr-17
OPTSTK,GRASIM,29-Jun-17,740,PE,0,0,0,0.45,0.2,0,0,0,0,17-Apr-17
OPTSTK,GRASIM,29-Jun-17,760,PE,0,0,0,0.75,0.3,0,0,0,0,17-Apr-17
OPTSTK,GRASIM,29-Jun-17,780,PE,0,0,0,1.15,0.5,0,0,0,0,17-Apr-17
OPTSTK,GRASIM,29-Jun-17,800,PE,0,0,0,1.75,0.85,0,0,0,0,17-Apr-17
OPTSTK,GRASIM,29-Jun-17,820,PE,0,0,0,2.6,1.35,0,0,0,0,17-Apr-17
OPTSTK,GRASIM,29-Jun-17,840,PE,0,0,0,3.75,2.1,0,0,0,0,17-Apr-17
OPTSTK,GRASIM,29-Jun-17,860,PE,0,0,0,5.25,3.15,0,0,0,0,17-Apr-17
OPTSTK,GRASIM,29-Jun-17,880,PE,0,0,0,7.2,4.6,0,0,0,0,17-Apr-17
OPTSTK,GRASIM,29-Jun-17,900,PE,0,0,0,9.7,6.5,0,0,0,0,17-Apr-17
OPTSTK,GRASIM,29-Jun-17,920,PE,0,0,0,12.8,8.95,0,0,0,0,17-Apr-17
OPTSTK,GRASIM,29-Jun-17,940,PE,0,0,0,16.55,12.1,0,0,0,0,17-Apr-17
OPTSTK,GRASIM,29-Jun-17,960,PE,0,0,0,21.05,16,0,0,0,0,17-Apr-17
OPTSTK,GRASIM,29-Jun-17,980,PE,0,0,0,26.4,20.75,0,0,0,0,17-Apr-17
OPTSTK,GRASIM,29-Jun-17,1000,PE,0,0,0,32.5,26.3,0,0,0,0,17-Apr-17
OPTSTK,GRASIM,29-Jun-17,1020,PE,0,0,0,39.5,32.9,0,0,0,0,17-Apr-17
OPTSTK,GRASIM,29-Jun-17,1040,PE,0,0,0,47.45,40.5,0,0,0,0,17-Apr-17
OPTSTK,GRASIM,29-Jun-17,1060,PE,0,0,0,56.3,49.1,0,0,0,0,17-Apr-17
OPTSTK,GRASIM,29-Jun-17,1080,PE,0,0,0,66,58.7,0,0,0,0,17-Apr-17
OPTSTK,GRASIM,29-Jun-17,1100,PE,0,0,0,76.65,69.35,0,0,0,0,17-Apr-17
OPTSTK,GRASIM,29-Jun-17,1120,PE,0,0,0,88.15,80.95,0,0,0,0,17-Apr-17
OPTSTK,GRASIM,29-Jun-17,1140,PE,0,0,0,100.5,93.5,0,0,0,0,17-Apr-17
OPTSTK,GRASIM,29-Jun-17,1160,PE,0,0,0,113.65,106.9,0,0,0,0,17-Apr-17
OPTSTK,GRASIM,29-Jun-17,1180,PE,0,0,0,127.5,121.15,0,0,0,0,17-Apr-17
OPTSTK,GRASIM,29-Jun-17,1200,PE,0,0,0,142.1,136.2,0,0,0,0,17-Apr-17
OPTSTK,GRASIM,29-Jun-17,1220,PE,0,0,0,157.3,151.8,0,0,0,0,17-Apr-17
OPTSTK,GRASIM,29-Jun-17,1240,PE,0,0,0,173.05,168.1,0,0,0,0,17-Apr-17
OPTSTK,GRASIM,29-Jun-17,1260,PE,0,0,0,189.3,184.9,0,0,0,0,17-Apr-17
OPTSTK,GRASIM,29-Jun-17,1280,PE,0,0,0,206.05,202.15,0,0,0,0,17-Apr-17
OPTSTK,GRASIM,29-Jun-17,1300,PE,0,0,0,223.25,219.85,0,0,0,0,17-Apr-17
OPTSTK,HAVELLS,27-Apr-17,280,CE,0,0,0,149,207.95,0,0,0,0,17-Apr-17
OPTSTK,HAVELLS,27-Apr-17,290,CE,0,0,0,139.45,197.95,0,0,0,0,17-Apr-17
OPTSTK,HAVELLS,27-Apr-17,300,CE,0,0,0,130.1,188,0,0,0,0,17-Apr-17
OPTSTK,HAVELLS,27-Apr-17,310,CE,0,0,0,120.85,178,0,0,0,0,17-Apr-17
OPTSTK,HAVELLS,27-Apr-17,320,CE,0,0,0,111.85,168.05,0,0,0,0,17-Apr-17
OPTSTK,HAVELLS,27-Apr-17,330,CE,0,0,0,103.05,158.05,0,0,0,0,17-Apr-17
OPTSTK,HAVELLS,27-Apr-17,340,CE,0,0,0,94.6,148.05,0,0,0,0,17-Apr-17
OPTSTK,HAVELLS,27-Apr-17,350,CE,0,0,0,86.45,138.1,0,0,0,0,17-Apr-17
OPTSTK,HAVELLS,27-Apr-17,360,CE,0,0,0,107.5,128.1,0,0,2000,0,17-Apr-17
OPTSTK,HAVELLS,27-Apr-17,370,CE,0,0,0,71.25,118.1,0,0,0,0,17-Apr-17
OPTSTK,HAVELLS,27-Apr-17,380,CE,0,0,0,88,108.15,0,0,6000,0,17-Apr-17
OPTSTK,HAVELLS,27-Apr-17,390,CE,0,0,0,77,98.15,0,0,2000,0,17-Apr-17
OPTSTK,HAVELLS,27-Apr-17,400,CE,0,0,0,66.15,88.15,0,0,14000,0,17-Apr-17
OPTSTK,HAVELLS,27-Apr-17,410,CE,0,0,0,45.9,78.2,0,0,0,0,17-Apr-17
OPTSTK,HAVELLS,27-Apr-17,420,CE,0,0,0,33.4,68.2,0,0,2000,0,17-Apr-17
OPTSTK,HAVELLS,27-Apr-17,430,CE,0,0,0,41,58.2,0,0,2000,0,17-Apr-17
OPTSTK,HAVELLS,27-Apr-17,440,CE,0,0,0,40,48.3,0,0,8000,0,17-Apr-17
OPTSTK,HAVELLS,27-Apr-17,450,CE,0,0,0,36.05,38.45,0,0,12000,0,17-Apr-17
OPTSTK,HAVELLS,27-Apr-17,460,CE,0,0,0,30,28.95,0,0,20000,0,17-Apr-17
OPTSTK,HAVELLS,27-Apr-17,470,CE,18.35,18.35,17.6,17.6,17.6,4,39.05,74000,0,17-Apr-17
OPTSTK,HAVELLS,27-Apr-17,480,CE,12.25,14.5,12.1,13.7,13.7,22,216.91,76000,-4000,17-Apr-17
OPTSTK,HAVELLS,27-Apr-17,490,CE,8.5,9.25,7.15,8.8,8.8,50,498.12,120000,6000,17-Apr-17
OPTSTK,HAVELLS,27-Apr-17,500,CE,4.4,5.1,4.1,4.9,4.9,47,474.33,226000,6000,17-Apr-17
OPTSTK,HAVELLS,27-Apr-17,510,CE,2.6,2.6,2.2,2.2,2.2,2,20.49,52000,-2000,17-Apr-17
OPTSTK,HAVELLS,27-Apr-17,520,CE,1.35,1.6,1.1,1.45,1.45,4,41.71,28000,2000,17-Apr-17
OPTSTK,HAVELLS,27-Apr-17,530,CE,0,0,0,0.85,0.2,0,0,24000,0,17-Apr-17
OPTSTK,HAVELLS,27-Apr-17,540,CE,0,0,0,0.25,0.1,0,0,4000,0,17-Apr-17
OPTSTK,HAVELLS,27-Apr-17,550,CE,0,0,0,6.15,0.05,0,0,0,0,17-Apr-17
OPTSTK,HAVELLS,27-Apr-17,560,CE,0,0,0,5.2,0,0,0,0,0,17-Apr-17
OPTSTK,HAVELLS,27-Apr-17,570,CE,0,0,0,2.75,0,0,0,0,0,17-Apr-17
OPTSTK,HAVELLS,27-Apr-17,580,CE,0,0,0,2.45,0,0,0,0,0,17-Apr-17
OPTSTK,HAVELLS,27-Apr-17,280,PE,0,0,0,0.55,0,0,0,0,0,17-Apr-17
OPTSTK,HAVELLS,27-Apr-17,290,PE,0,0,0,0.85,0,0,0,0,0,17-Apr-17
OPTSTK,HAVELLS,27-Apr-17,300,PE,0,0,0,1.3,0,0,0,0,0,17-Apr-17
OPTSTK,HAVELLS,27-Apr-17,310,PE,0,0,0,1.9,0,0,0,0,0,17-Apr-17
OPTSTK,HAVELLS,27-Apr-17,320,PE,0,0,0,2.75,0,0,0,0,0,17-Apr-17
OPTSTK,HAVELLS,27-Apr-17,330,PE,0,0,0,3.8,0,0,0,0,0,17-Apr-17
OPTSTK,HAVELLS,27-Apr-17,340,PE,0,0,0,5.15,0,0,0,0,0,17-Apr-17
OPTSTK,HAVELLS,27-Apr-17,350,PE,0,0,0,6.85,0,0,0,0,0,17-Apr-17
OPTSTK,HAVELLS,27-Apr-17,360,PE,0,0,0,8.85,0,0,0,0,0,17-Apr-17
OPTSTK,HAVELLS,27-Apr-17,370,PE,0,0,0,11.3,0,0,0,0,0,17-Apr-17
OPTSTK,HAVELLS,27-Apr-17,380,PE,0,0,0,14.15,0,0,0,0,0,17-Apr-17
OPTSTK,HAVELLS,27-Apr-17,390,PE,0,0,0,17.4,0,0,0,0,0,17-Apr-17
OPTSTK,HAVELLS,27-Apr-17,400,PE,0,0,0,0.2,0,0,0,18000,0,17-Apr-17
OPTSTK,HAVELLS,27-Apr-17,410,PE,0,0,0,2.8,0,0,0,8000,0,17-Apr-17
OPTSTK,HAVELLS,27-Apr-17,420,PE,0,0,0,2.95,0,0,0,4000,0,17-Apr-17
OPTSTK,HAVELLS,27-Apr-17,430,PE,0,0,0,1,0.05,0,0,6000,0,17-Apr-17
OPTSTK,HAVELLS,27-Apr-17,440,PE,0.35,0.35,0.35,0.35,0.35,2,17.61,28000,0,17-Apr-17
OPTSTK,HAVELLS,27-Apr-17,450,PE,0.55,0.55,0.55,0.55,0.55,8,72.08,60000,-6000,17-Apr-17
OPTSTK,HAVELLS,27-Apr-17,460,PE,1.1,1.1,0.95,1.05,1.05,2,18.44,52000,-2000,17-Apr-17
OPTSTK,HAVELLS,27-Apr-17,470,PE,3.5,3.9,2.1,2.2,2.2,21,198.71,80000,-4000,17-Apr-17
OPTSTK,HAVELLS,27-Apr-17,480,PE,7.7,7.7,4.15,4.75,4.75,53,515.44,62000,22000,17-Apr-17
OPTSTK,HAVELLS,27-Apr-17,490,PE,10.95,10.95,9.5,9.5,9.5,3,30.02,18000,4000,17-Apr-17
OPTSTK,HAVELLS,27-Apr-17,500,PE,0,0,0,17,15.35,0,0,4000,0,17-Apr-17
OPTSTK,HAVELLS,27-Apr-17,510,PE,0,0,0,89.4,23.3,0,0,0,0,17-Apr-17
OPTSTK,HAVELLS,27-Apr-17,520,PE,0,0,0,97.55,32.25,0,0,0,0,17-Apr-17
OPTSTK,HAVELLS,27-Apr-17,530,PE,0,0,0,105.95,41.85,0,0,0,0,17-Apr-17
OPTSTK,HAVELLS,27-Apr-17,540,PE,0,0,0,114.5,51.7,0,0,0,0,17-Apr-17
OPTSTK,HAVELLS,27-Apr-17,550,PE,0,0,0,123.25,61.65,0,0,0,0,17-Apr-17
OPTSTK,HAVELLS,27-Apr-17,560,PE,0,0,0,132.15,71.6,0,0,0,0,17-Apr-17
OPTSTK,HAVELLS,27-Apr-17,570,PE,0,0,0,137.05,81.6,0,0,0,0,17-Apr-17
OPTSTK,HAVELLS,27-Apr-17,580,PE,0,0,0,139.15,91.55,0,0,0,0,17-Apr-17
OPTSTK,HAVELLS,25-May-17,280,CE,0,0,0,133.85,209.35,0,0,0,0,17-Apr-17
OPTSTK,HAVELLS,25-May-17,290,CE,0,0,0,124.15,199.45,0,0,0,0,17-Apr-17
OPTSTK,HAVELLS,25-May-17,300,CE,0,0,0,114.6,189.5,0,0,0,0,17-Apr-17
OPTSTK,HAVELLS,25-May-17,310,CE,0,0,0,105.2,179.55,0,0,0,0,17-Apr-17
OPTSTK,HAVELLS,25-May-17,320,CE,0,0,0,96,169.65,0,0,0,0,17-Apr-17
OPTSTK,HAVELLS,25-May-17,330,CE,0,0,0,87.05,159.7,0,0,0,0,17-Apr-17
OPTSTK,HAVELLS,25-May-17,340,CE,0,0,0,78.4,149.75,0,0,0,0,17-Apr-17
OPTSTK,HAVELLS,25-May-17,350,CE,0,0,0,70.15,139.85,0,0,0,0,17-Apr-17
OPTSTK,HAVELLS,25-May-17,360,CE,0,0,0,62.3,129.9,0,0,0,0,17-Apr-17
OPTSTK,HAVELLS,25-May-17,370,CE,0,0,0,54.95,119.95,0,0,0,0,17-Apr-17
OPTSTK,HAVELLS,25-May-17,380,CE,0,0,0,48.05,110.05,0,0,0,0,17-Apr-17
OPTSTK,HAVELLS,25-May-17,390,CE,0,0,0,41.75,100.1,0,0,0,0,17-Apr-17
OPTSTK,HAVELLS,25-May-17,400,CE,0,0,0,36.05,90.25,0,0,0,0,17-Apr-17
OPTSTK,HAVELLS,25-May-17,410,CE,0,0,0,30.85,80.4,0,0,0,0,17-Apr-17
OPTSTK,HAVELLS,25-May-17,420,CE,0,0,0,26.2,70.7,0,0,0,0,17-Apr-17
OPTSTK,HAVELLS,25-May-17,430,CE,0,0,0,22.15,61.2,0,0,0,0,17-Apr-17
OPTSTK,HAVELLS,25-May-17,440,CE,0,0,0,18.55,52,0,0,0,0,17-Apr-17
OPTSTK,HAVELLS,25-May-17,450,CE,0,0,0,15.45,43.3,0,0,0,0,17-Apr-17
OPTSTK,HAVELLS,25-May-17,460,CE,0,0,0,12.8,35.2,0,0,0,0,17-Apr-17
OPTSTK,HAVELLS,25-May-17,470,CE,0,0,0,10.55,27.95,0,0,0,0,17-Apr-17
OPTSTK,HAVELLS,25-May-17,480,CE,24,24,24,24,24,1,10.08,0,-2000,17-Apr-17
OPTSTK,HAVELLS,25-May-17,490,CE,0,0,0,7,16.2,0,0,0,0,17-Apr-17
OPTSTK,HAVELLS,25-May-17,500,CE,0,0,0,5.65,11.8,0,0,0,0,17-Apr-17
OPTSTK,HAVELLS,25-May-17,510,CE,0,0,0,4.55,8.35,0,0,0,0,17-Apr-17
OPTSTK,HAVELLS,25-May-17,520,CE,0,0,0,3.65,5.75,0,0,0,0,17-Apr-17
OPTSTK,HAVELLS,25-May-17,530,CE,0,0,0,2.9,3.8,0,0,0,0,17-Apr-17
OPTSTK,HAVELLS,25-May-17,540,CE,0,0,0,2.3,2.45,0,0,0,0,17-Apr-17
OPTSTK,HAVELLS,25-May-17,550,CE,0,0,0,1.8,1.55,0,0,0,0,17-Apr-17
OPTSTK,HAVELLS,25-May-17,560,CE,0,0,0,1.45,0.95,0,0,0,0,17-Apr-17
OPTSTK,HAVELLS,25-May-17,570,CE,0,0,0,0.45,0.55,0,0,0,0,17-Apr-17
OPTSTK,HAVELLS,25-May-17,580,CE,0,0,0,0.3,0.35,0,0,0,0,17-Apr-17
OPTSTK,HAVELLS,25-May-17,280,PE,0,0,0,0.25,0,0,0,0,0,17-Apr-17
OPTSTK,HAVELLS,25-May-17,290,PE,0,0,0,0.4,0,0,0,0,0,17-Apr-17
OPTSTK,HAVELLS,25-May-17,300,PE,0,0,0,0.7,0,0,0,0,0,17-Apr-17
OPTSTK,HAVELLS,25-May-17,310,PE,0,0,0,1.15,0,0,0,0,0,17-Apr-17
OPTSTK,HAVELLS,25-May-17,320,PE,0,0,0,1.75,0,0,0,0,0,17-Apr-17
OPTSTK,HAVELLS,25-May-17,330,PE,0,0,0,2.65,0,0,0,0,0,17-Apr-17
OPTSTK,HAVELLS,25-May-17,340,PE,0,0,0,3.85,0,0,0,0,0,17-Apr-17
OPTSTK,HAVELLS,25-May-17,350,PE,0,0,0,5.45,0,0,0,0,0,17-Apr-17
OPTSTK,HAVELLS,25-May-17,360,PE,0,0,0,7.45,0,0,0,0,0,17-Apr-17
OPTSTK,HAVELLS,25-May-17,370,PE,0,0,0,9.95,0,0,0,0,0,17-Apr-17
OPTSTK,HAVELLS,25-May-17,380,PE,0,0,0,12.9,0.05,0,0,0,0,17-Apr-17
OPTSTK,HAVELLS,25-May-17,390,PE,0,0,0,16.45,0.05,0,0,0,0,17-Apr-17
OPTSTK,HAVELLS,25-May-17,400,PE,0,0,0,20.55,0.1,0,0,0,0,17-Apr-17
OPTSTK,HAVELLS,25-May-17,410,PE,0,0,0,25.2,0.2,0,0,0,0,17-Apr-17
OPTSTK,HAVELLS,25-May-17,420,PE,0,0,0,30.45,0.4,0,0,0,0,17-Apr-17
OPTSTK,HAVELLS,25-May-17,430,PE,0,0,0,36.2,0.85,0,0,0,0,17-Apr-17
OPTSTK,HAVELLS,25-May-17,440,PE,4.35,4.35,4.35,4.35,4.35,1,8.88,2000,2000,17-Apr-17
OPTSTK,HAVELLS,25-May-17,450,PE,0,0,0,4,2.8,0,0,2000,0,17-Apr-17
OPTSTK,HAVELLS,25-May-17,460,PE,0,0,0,56.4,4.65,0,0,0,0,17-Apr-17
OPTSTK,HAVELLS,25-May-17,470,PE,0,0,0,63.95,7.3,0,0,0,0,17-Apr-17
OPTSTK,HAVELLS,25-May-17,480,PE,0,0,0,12.85,10.9,0,0,4000,0,17-Apr-17
OPTSTK,HAVELLS,25-May-17,490,PE,0,0,0,80.1,15.45,0,0,0,0,17-Apr-17
OPTSTK,HAVELLS,25-May-17,500,PE,0,0,0,88.6,21,0,0,0,0,17-Apr-17
OPTSTK,HAVELLS,25-May-17,510,PE,0,0,0,97.35,27.45,0,0,0,0,17-Apr-17
OPTSTK,HAVELLS,25-May-17,520,PE,0,0,0,106.25,34.8,0,0,0,0,17-Apr-17
OPTSTK,HAVELLS,25-May-17,530,PE,0,0,0,115.4,42.8,0,0,0,0,17-Apr-17
OPTSTK,HAVELLS,25-May-17,540,PE,0,0,0,124.6,51.4,0,0,0,0,17-Apr-17
OPTSTK,HAVELLS,25-May-17,550,PE,0,0,0,134,60.4,0,0,0,0,17-Apr-17
OPTSTK,HAVELLS,25-May-17,560,PE,0,0,0,132.2,69.75,0,0,0,0,17-Apr-17
OPTSTK,HAVELLS,25-May-17,570,PE,0,0,0,130.9,79.3,0,0,0,0,17-Apr-17
OPTSTK,HAVELLS,25-May-17,580,PE,0,0,0,137,88.95,0,0,0,0,17-Apr-17
OPTSTK,HAVELLS,29-Jun-17,290,CE,0,0,0,185.8,201.2,0,0,0,0,17-Apr-17
OPTSTK,HAVELLS,29-Jun-17,300,CE,0,0,0,175.95,191.35,0,0,0,0,17-Apr-17
OPTSTK,HAVELLS,29-Jun-17,310,CE,0,0,0,166.15,181.45,0,0,0,0,17-Apr-17
OPTSTK,HAVELLS,29-Jun-17,320,CE,0,0,0,156.3,171.6,0,0,0,0,17-Apr-17
OPTSTK,HAVELLS,29-Jun-17,330,CE,0,0,0,146.5,161.75,0,0,0,0,17-Apr-17
OPTSTK,HAVELLS,29-Jun-17,340,CE,0,0,0,136.75,151.85,0,0,0,0,17-Apr-17
OPTSTK,HAVELLS,29-Jun-17,350,CE,0,0,0,127,142,0,0,0,0,17-Apr-17
OPTSTK,HAVELLS,29-Jun-17,360,CE,0,0,0,117.35,132.15,0,0,0,0,17-Apr-17
OPTSTK,HAVELLS,29-Jun-17,370,CE,0,0,0,107.8,122.35,0,0,0,0,17-Apr-17
OPTSTK,HAVELLS,29-Jun-17,380,CE,0,0,0,98.4,112.55,0,0,0,0,17-Apr-17
OPTSTK,HAVELLS,29-Jun-17,390,CE,0,0,0,89.2,102.85,0,0,0,0,17-Apr-17
OPTSTK,HAVELLS,29-Jun-17,400,CE,0,0,0,80.3,93.25,0,0,0,0,17-Apr-17
OPTSTK,HAVELLS,29-Jun-17,410,CE,0,0,0,71.7,83.8,0,0,0,0,17-Apr-17
OPTSTK,HAVELLS,29-Jun-17,420,CE,0,0,0,63.5,74.6,0,0,0,0,17-Apr-17
OPTSTK,HAVELLS,29-Jun-17,430,CE,0,0,0,55.75,65.75,0,0,0,0,17-Apr-17
OPTSTK,HAVELLS,29-Jun-17,440,CE,0,0,0,48.55,57.3,0,0,0,0,17-Apr-17
OPTSTK,HAVELLS,29-Jun-17,450,CE,0,0,0,41.85,49.3,0,0,0,0,17-Apr-17
OPTSTK,HAVELLS,29-Jun-17,460,CE,0,0,0,35.8,41.95,0,0,0,0,17-Apr-17
OPTSTK,HAVELLS,29-Jun-17,470,CE,0,0,0,30.3,35.15,0,0,0,0,17-Apr-17
OPTSTK,HAVELLS,29-Jun-17,480,CE,0,0,0,25.4,29.1,0,0,0,0,17-Apr-17
OPTSTK,HAVELLS,29-Jun-17,490,CE,0,0,0,21.1,23.75,0,0,0,0,17-Apr-17
OPTSTK,HAVELLS,29-Jun-17,500,CE,0,0,0,17.4,19.15,0,0,0,0,17-Apr-17
OPTSTK,HAVELLS,29-Jun-17,510,CE,0,0,0,14.2,15.2,0,0,0,0,17-Apr-17
OPTSTK,HAVELLS,29-Jun-17,520,CE,0,0,0,11.5,11.9,0,0,0,0,17-Apr-17
OPTSTK,HAVELLS,29-Jun-17,530,CE,0,0,0,9.2,9.2,0,0,0,0,17-Apr-17
OPTSTK,HAVELLS,29-Jun-17,540,CE,0,0,0,7.35,7,0,0,0,0,17-Apr-17
OPTSTK,HAVELLS,29-Jun-17,550,CE,0,0,0,5.8,5.25,0,0,0,0,17-Apr-17
OPTSTK,HAVELLS,29-Jun-17,560,CE,0,0,0,4.55,3.9,0,0,0,0,17-Apr-17
OPTSTK,HAVELLS,29-Jun-17,570,CE,0,0,0,3.5,2.85,0,0,0,0,17-Apr-17
OPTSTK,HAVELLS,29-Jun-17,580,CE,0,0,0,2.7,2.1,0,0,0,0,17-Apr-17
OPTSTK,HAVELLS,29-Jun-17,290,PE,0,0,0,0.05,0,0,0,0,0,17-Apr-17
OPTSTK,HAVELLS,29-Jun-17,300,PE,0,0,0,0.05,0,0,0,0,0,17-Apr-17
OPTSTK,HAVELLS,29-Jun-17,310,PE,0,0,0,0.05,0,0,0,0,0,17-Apr-17
OPTSTK,HAVELLS,29-Jun-17,320,PE,0,0,0,0.05,0,0,0,0,0,17-Apr-17
OPTSTK,HAVELLS,29-Jun-17,330,PE,0,0,0,0.1,0,0,0,0,0,17-Apr-17
OPTSTK,HAVELLS,29-Jun-17,340,PE,0,0,0,0.15,0.05,0,0,0,0,17-Apr-17
OPTSTK,HAVELLS,29-Jun-17,350,PE,0,0,0,0.25,0.05,0,0,0,0,17-Apr-17
OPTSTK,HAVELLS,29-Jun-17,360,PE,0,0,0,0.4,0.05,0,0,0,0,17-Apr-17
OPTSTK,HAVELLS,29-Jun-17,370,PE,0,0,0,0.7,0.1,0,0,0,0,17-Apr-17
OPTSTK,HAVELLS,29-Jun-17,380,PE,0,0,0,1.15,0.2,0,0,0,0,17-Apr-17
OPTSTK,HAVELLS,29-Jun-17,390,PE,0,0,0,1.8,0.35,0,0,0,0,17-Apr-17
OPTSTK,HAVELLS,29-Jun-17,400,PE,0,0,0,2.7,0.6,0,0,0,0,17-Apr-17
OPTSTK,HAVELLS,29-Jun-17,410,PE,0,0,0,3.95,1.05,0,0,0,0,17-Apr-17
OPTSTK,HAVELLS,29-Jun-17,420,PE,0,0,0,5.6,1.75,0,0,0,0,17-Apr-17
OPTSTK,HAVELLS,29-Jun-17,430,PE,0,0,0,7.7,2.75,0,0,0,0,17-Apr-17
OPTSTK,HAVELLS,29-Jun-17,440,PE,0,0,0,10.3,4.15,0,0,0,0,17-Apr-17
OPTSTK,HAVELLS,29-Jun-17,450,PE,0,0,0,13.45,6.05,0,0,0,0,17-Apr-17
OPTSTK,HAVELLS,29-Jun-17,460,PE,0,0,0,17.2,8.55,0,0,0,0,17-Apr-17
OPTSTK,HAVELLS,29-Jun-17,470,PE,0,0,0,21.55,11.65,0,0,0,0,17-Apr-17
OPTSTK,HAVELLS,29-Jun-17,480,PE,0,0,0,26.5,15.45,0,0,0,0,17-Apr-17
OPTSTK,HAVELLS,29-Jun-17,490,PE,0,0,0,32.05,20,0,0,0,0,17-Apr-17
OPTSTK,HAVELLS,29-Jun-17,500,PE,0,0,0,38.15,25.25,0,0,0,0,17-Apr-17
OPTSTK,HAVELLS,29-Jun-17,510,PE,0,0,0,44.8,31.15,0,0,0,0,17-Apr-17
OPTSTK,HAVELLS,29-Jun-17,520,PE,0,0,0,51.95,37.75,0,0,0,0,17-Apr-17
OPTSTK,HAVELLS,29-Jun-17,530,PE,0,0,0,59.5,44.9,0,0,0,0,17-Apr-17
OPTSTK,HAVELLS,29-Jun-17,540,PE,0,0,0,67.45,52.6,0,0,0,0,17-Apr-17
OPTSTK,HAVELLS,29-Jun-17,550,PE,0,0,0,75.7,60.7,0,0,0,0,17-Apr-17
OPTSTK,HAVELLS,29-Jun-17,560,PE,0,0,0,84.3,69.25,0,0,0,0,17-Apr-17
OPTSTK,HAVELLS,29-Jun-17,570,PE,0,0,0,93.1,78.05,0,0,0,0,17-Apr-17
OPTSTK,HAVELLS,29-Jun-17,580,PE,0,0,0,102.15,87.15,0,0,0,0,17-Apr-17
OPTSTK,HCLTECH,27-Apr-17,600,CE,0,0,0,251.35,211.85,0,0,0,0,17-Apr-17
OPTSTK,HCLTECH,27-Apr-17,620,CE,0,0,0,231.85,191.9,0,0,0,0,17-Apr-17
OPTSTK,HCLTECH,27-Apr-17,640,CE,0,0,0,212.6,171.95,0,0,0,0,17-Apr-17
OPTSTK,HCLTECH,27-Apr-17,660,CE,0,0,0,193.55,151.95,0,0,0,0,17-Apr-17
OPTSTK,HCLTECH,27-Apr-17,680,CE,0,0,0,174.9,132,0,0,0,0,17-Apr-17
OPTSTK,HCLTECH,27-Apr-17,700,CE,0,0,0,156.7,112.05,0,0,0,0,17-Apr-17
OPTSTK,HCLTECH,27-Apr-17,720,CE,0,0,0,139.2,92.1,0,0,0,0,17-Apr-17
OPTSTK,HCLTECH,27-Apr-17,740,CE,0,0,0,122.45,72.2,0,0,0,0,17-Apr-17
OPTSTK,HCLTECH,27-Apr-17,760,CE,58,58,58,58,58,1,5.72,700,0,17-Apr-17
OPTSTK,HCLTECH,27-Apr-17,780,CE,0,0,0,90,34.65,0,0,1400,0,17-Apr-17
OPTSTK,HCLTECH,27-Apr-17,800,CE,21,21.9,19.1,20.2,20.2,12,68.9,11200,4900,17-Apr-17
OPTSTK,HCLTECH,27-Apr-17,820,CE,9.35,13.45,9,10.05,10.05,207,1204.05,125300,27300,17-Apr-17
OPTSTK,HCLTECH,27-Apr-17,840,CE,2.2,6.35,2.2,4.6,4.6,166,981.92,190400,13300,17-Apr-17
OPTSTK,HCLTECH,27-Apr-17,860,CE,2.25,3.2,2.25,2.45,2.45,148,893.66,301000,-7000,17-Apr-17
OPTSTK,HCLTECH,27-Apr-17,880,CE,1.85,2.15,1.7,1.85,1.85,105,648.2,339500,-2800,17-Apr-17
OPTSTK,HCLTECH,27-Apr-17,900,CE,1.65,1.65,1.25,1.4,1.4,29,182.99,189700,-700,17-Apr-17
OPTSTK,HCLTECH,27-Apr-17,920,CE,0.1,0.85,0.1,0.85,0.85,3,19.33,51100,-2100,17-Apr-17
OPTSTK,HCLTECH,27-Apr-17,940,CE,0,0,0,0.85,0,0,0,26600,0,17-Apr-17
OPTSTK,HCLTECH,27-Apr-17,960,CE,0,0,0,0.45,0,0,0,4200,0,17-Apr-17
OPTSTK,HCLTECH,27-Apr-17,980,CE,0,0,0,0.2,0,0,0,2800,0,17-Apr-17
OPTSTK,HCLTECH,27-Apr-17,1000,CE,0,0,0,3.65,0,0,0,700,0,17-Apr-17
OPTSTK,HCLTECH,27-Apr-17,1020,CE,0,0,0,6.85,0,0,0,0,0,17-Apr-17
OPTSTK,HCLTECH,27-Apr-17,1040,CE,0,0,0,5.2,0,0,0,0,0,17-Apr-17
OPTSTK,HCLTECH,27-Apr-17,1060,CE,0,0,0,3.9,0,0,0,0,0,17-Apr-17
OPTSTK,HCLTECH,27-Apr-17,600,PE,0,0,0,0.25,0,0,0,0,0,17-Apr-17
OPTSTK,HCLTECH,27-Apr-17,620,PE,0,0,0,0.45,0,0,0,0,0,17-Apr-17
OPTSTK,HCLTECH,27-Apr-17,640,PE,0,0,0,0.85,0,0,0,0,0,17-Apr-17
OPTSTK,HCLTECH,27-Apr-17,660,PE,0,0,0,1.45,0,0,0,0,0,17-Apr-17
OPTSTK,HCLTECH,27-Apr-17,680,PE,0,0,0,2.45,0,0,0,0,0,17-Apr-17
OPTSTK,HCLTECH,27-Apr-17,700,PE,0,0,0,3.95,0,0,0,0,0,17-Apr-17
OPTSTK,HCLTECH,27-Apr-17,720,PE,0,0,0,6.1,0.05,0,0,0,0,17-Apr-17
OPTSTK,HCLTECH,27-Apr-17,740,PE,0,0,0,9.05,0.1,0,0,0,0,17-Apr-17
OPTSTK,HCLTECH,27-Apr-17,760,PE,1.8,1.9,1.2,1.4,1.4,18,95.96,21700,4900,17-Apr-17
OPTSTK,HCLTECH,27-Apr-17,780,PE,4.2,4.45,3.05,3.45,3.45,38,208.49,53200,7000,17-Apr-17
OPTSTK,HCLTECH,27-Apr-17,800,PE,10.25,10.25,6.25,8.05,8.05,136,769.31,147000,-11900,17-Apr-17
OPTSTK,HCLTECH,27-Apr-17,820,PE,13,20.1,13,17,17,67,392.37,160300,1400,17-Apr-17
OPTSTK,HCLTECH,27-Apr-17,840,PE,35,35,31.95,31.95,31.95,3,18.33,341600,-700,17-Apr-17
OPTSTK,HCLTECH,27-Apr-17,860,PE,51.2,51.8,49.65,49.65,49.65,3,19.12,79100,-700,17-Apr-17
OPTSTK,HCLTECH,27-Apr-17,880,PE,0,0,0,60.05,67.95,0,0,18200,0,17-Apr-17
OPTSTK,HCLTECH,27-Apr-17,900,PE,0,0,0,54.3,87.7,0,0,2100,0,17-Apr-17
OPTSTK,HCLTECH,27-Apr-17,920,PE,0,0,0,87.8,107.65,0,0,0,0,17-Apr-17
OPTSTK,HCLTECH,27-Apr-17,940,PE,0,0,0,72,127.6,0,0,5600,0,17-Apr-17
OPTSTK,HCLTECH,27-Apr-17,960,PE,0,0,0,118,147.55,0,0,0,0,17-Apr-17
OPTSTK,HCLTECH,27-Apr-17,980,PE,0,0,0,134.35,167.5,0,0,0,0,17-Apr-17
OPTSTK,HCLTECH,27-Apr-17,1000,PE,0,0,0,151.3,187.5,0,0,0,0,17-Apr-17
OPTSTK,HCLTECH,27-Apr-17,1020,PE,0,0,0,168.85,207.45,0,0,0,0,17-Apr-17
OPTSTK,HCLTECH,27-Apr-17,1040,PE,0,0,0,186.85,227.4,0,0,0,0,17-Apr-17
OPTSTK,HCLTECH,27-Apr-17,1060,PE,0,0,0,205.25,247.35,0,0,0,0,17-Apr-17
OPTSTK,HCLTECH,25-May-17,600,CE,0,0,0,252.35,214.85,0,0,0,0,17-Apr-17
OPTSTK,HCLTECH,25-May-17,620,CE,0,0,0,232.7,195,0,0,0,0,17-Apr-17
OPTSTK,HCLTECH,25-May-17,640,CE,0,0,0,213.15,175.15,0,0,0,0,17-Apr-17
OPTSTK,HCLTECH,25-May-17,660,CE,0,0,0,193.75,155.3,0,0,0,0,17-Apr-17
OPTSTK,HCLTECH,25-May-17,680,CE,0,0,0,174.6,135.55,0,0,0,0,17-Apr-17
OPTSTK,HCLTECH,25-May-17,700,CE,0,0,0,155.8,116,0,0,0,0,17-Apr-17
OPTSTK,HCLTECH,25-May-17,720,CE,0,0,0,137.5,96.9,0,0,0,0,17-Apr-17
OPTSTK,HCLTECH,25-May-17,740,CE,0,0,0,119.95,78.6,0,0,0,0,17-Apr-17
OPTSTK,HCLTECH,25-May-17,760,CE,0,0,0,103.3,61.6,0,0,0,0,17-Apr-17
OPTSTK,HCLTECH,25-May-17,780,CE,0,0,0,87.75,46.4,0,0,0,0,17-Apr-17
OPTSTK,HCLTECH,25-May-17,800,CE,29.9,36.6,29.9,36.6,36.6,2,11.66,1400,1400,17-Apr-17
OPTSTK,HCLTECH,25-May-17,820,CE,23,23,20,20,20,2,11.78,7000,1400,17-Apr-17
OPTSTK,HCLTECH,25-May-17,840,CE,15,15,14,14,14,4,23.92,7700,700,17-Apr-17
OPTSTK,HCLTECH,25-May-17,860,CE,0,0,0,39.4,9.45,0,0,0,0,17-Apr-17
OPTSTK,HCLTECH,25-May-17,880,CE,0,0,0,31.05,5.6,0,0,0,0,17-Apr-17
OPTSTK,HCLTECH,25-May-17,900,CE,0,0,0,12.05,3.15,0,0,15400,0,17-Apr-17
OPTSTK,HCLTECH,25-May-17,920,CE,0,0,0,18.45,1.7,0,0,0,0,17-Apr-17
OPTSTK,HCLTECH,25-May-17,940,CE,0,0,0,13.9,0.85,0,0,0,0,17-Apr-17
OPTSTK,HCLTECH,25-May-17,960,CE,0,0,0,10.3,0.45,0,0,0,0,17-Apr-17
OPTSTK,HCLTECH,25-May-17,980,CE,0,0,0,7.55,0.2,0,0,0,0,17-Apr-17
OPTSTK,HCLTECH,25-May-17,1000,CE,0,0,0,5.45,0.1,0,0,0,0,17-Apr-17
OPTSTK,HCLTECH,25-May-17,1020,CE,0,0,0,3.9,0.05,0,0,0,0,17-Apr-17
OPTSTK,HCLTECH,25-May-17,1040,CE,0,0,0,2.75,0.05,0,0,0,0,17-Apr-17
OPTSTK,HCLTECH,25-May-17,1060,CE,0,0,0,1.9,0.05,0,0,0,0,17-Apr-17
OPTSTK,HCLTECH,25-May-17,600,PE,0,0,0,0.05,0,0,0,0,0,17-Apr-17
OPTSTK,HCLTECH,25-May-17,620,PE,0,0,0,0.15,0,0,0,0,0,17-Apr-17
OPTSTK,HCLTECH,25-May-17,640,PE,0,0,0,0.3,0.05,0,0,0,0,17-Apr-17
OPTSTK,HCLTECH,25-May-17,660,PE,0,0,0,0.55,0.05,0,0,0,0,17-Apr-17
OPTSTK,HCLTECH,25-May-17,680,PE,0,0,0,1.1,0.2,0,0,0,0,17-Apr-17
OPTSTK,HCLTECH,25-May-17,700,PE,0,0,0,1.95,0.5,0,0,0,0,17-Apr-17
OPTSTK,HCLTECH,25-May-17,720,PE,0,0,0,3.35,1.25,0,0,0,0,17-Apr-17
OPTSTK,HCLTECH,25-May-17,740,PE,0,0,0,5.5,2.8,0,0,0,0,17-Apr-17
OPTSTK,HCLTECH,25-May-17,760,PE,0,0,0,8.5,5.65,0,0,0,0,17-Apr-17
OPTSTK,HCLTECH,25-May-17,780,PE,0,0,0,12.65,10.35,0,0,0,0,17-Apr-17
OPTSTK,HCLTECH,25-May-17,800,PE,19,19,16.05,18,18,9,51.5,37800,6300,17-Apr-17
OPTSTK,HCLTECH,25-May-17,820,PE,0,0,0,25,26.7,0,0,31500,0,17-Apr-17
OPTSTK,HCLTECH,25-May-17,840,PE,0,0,0,30.5,38.6,0,0,2100,0,17-Apr-17
OPTSTK,HCLTECH,25-May-17,860,PE,0,0,0,43.1,52.85,0,0,0,0,17-Apr-17
OPTSTK,HCLTECH,25-May-17,880,PE,0,0,0,54.4,68.85,0,0,0,0,17-Apr-17
OPTSTK,HCLTECH,25-May-17,900,PE,0,0,0,67.15,86.3,0,0,0,0,17-Apr-17
OPTSTK,HCLTECH,25-May-17,920,PE,0,0,0,81.15,104.7,0,0,0,0,17-Apr-17
OPTSTK,HCLTECH,25-May-17,940,PE,0,0,0,96.3,123.75,0,0,0,0,17-Apr-17
OPTSTK,HCLTECH,25-May-17,960,PE,0,0,0,112.4,143.15,0,0,0,0,17-Apr-17
OPTSTK,HCLTECH,25-May-17,980,PE,0,0,0,129.35,162.8,0,0,0,0,17-Apr-17
OPTSTK,HCLTECH,25-May-17,1000,PE,0,0,0,146.9,182.55,0,0,0,0,17-Apr-17
OPTSTK,HCLTECH,25-May-17,1020,PE,0,0,0,165.05,202.4,0,0,0,0,17-Apr-17
OPTSTK,HCLTECH,25-May-17,1040,PE,0,0,0,183.55,222.2,0,0,0,0,17-Apr-17
OPTSTK,HCLTECH,25-May-17,1060,PE,0,0,0,202.45,242.1,0,0,0,0,17-Apr-17
OPTSTK,HCLTECH,29-Jun-17,600,CE,0,0,0,285.75,218.6,0,0,0,0,17-Apr-17
OPTSTK,HCLTECH,29-Jun-17,620,CE,0,0,0,266.1,198.9,0,0,0,0,17-Apr-17
OPTSTK,HCLTECH,29-Jun-17,640,CE,0,0,0,246.45,179.3,0,0,0,0,17-Apr-17
OPTSTK,HCLTECH,29-Jun-17,660,CE,0,0,0,226.85,159.9,0,0,0,0,17-Apr-17
OPTSTK,HCLTECH,29-Jun-17,680,CE,0,0,0,207.3,140.8,0,0,0,0,17-Apr-17
OPTSTK,HCLTECH,29-Jun-17,700,CE,0,0,0,187.9,122.15,0,0,0,0,17-Apr-17
OPTSTK,HCLTECH,29-Jun-17,720,CE,0,0,0,168.75,104.25,0,0,0,0,17-Apr-17
OPTSTK,HCLTECH,29-Jun-17,740,CE,0,0,0,149.95,87.4,0,0,0,0,17-Apr-17
OPTSTK,HCLTECH,29-Jun-17,760,CE,0,0,0,131.7,71.8,0,0,0,0,17-Apr-17
OPTSTK,HCLTECH,29-Jun-17,780,CE,0,0,0,114.15,57.75,0,0,0,0,17-Apr-17
OPTSTK,HCLTECH,29-Jun-17,800,CE,0,0,0,97.6,45.45,0,0,0,0,17-Apr-17
OPTSTK,HCLTECH,29-Jun-17,820,CE,0,0,0,82.2,34.95,0,0,0,0,17-Apr-17
OPTSTK,HCLTECH,29-Jun-17,840,CE,0,0,0,68.1,26.3,0,0,0,0,17-Apr-17
OPTSTK,HCLTECH,29-Jun-17,860,CE,0,0,0,55.5,19.3,0,0,0,0,17-Apr-17
OPTSTK,HCLTECH,29-Jun-17,880,CE,0,0,0,44.5,13.9,0,0,0,0,17-Apr-17
OPTSTK,HCLTECH,29-Jun-17,900,CE,0,0,0,35.05,9.7,0,0,0,0,17-Apr-17
OPTSTK,HCLTECH,29-Jun-17,920,CE,0,0,0,27.15,6.65,0,0,0,0,17-Apr-17
OPTSTK,HCLTECH,29-Jun-17,940,CE,0,0,0,20.65,4.5,0,0,0,0,17-Apr-17
OPTSTK,HCLTECH,29-Jun-17,960,CE,0,0,0,15.5,2.95,0,0,0,0,17-Apr-17
OPTSTK,HCLTECH,29-Jun-17,980,CE,0,0,0,11.4,1.9,0,0,0,0,17-Apr-17
OPTSTK,HCLTECH,29-Jun-17,1000,CE,0,0,0,8.25,1.2,0,0,0,0,17-Apr-17
OPTSTK,HCLTECH,29-Jun-17,1020,CE,0,0,0,5.9,0.75,0,0,0,0,17-Apr-17
OPTSTK,HCLTECH,29-Jun-17,1040,CE,0,0,0,4.15,0.45,0,0,0,0,17-Apr-17
OPTSTK,HCLTECH,29-Jun-17,1060,CE,0,0,0,2.85,0.3,0,0,0,0,17-Apr-17
OPTSTK,HCLTECH,29-Jun-17,600,PE,0,0,0,0.05,0.05,0,0,0,0,17-Apr-17
OPTSTK,HCLTECH,29-Jun-17,620,PE,0,0,0,0.05,0.1,0,0,0,0,17-Apr-17
OPTSTK,HCLTECH,29-Jun-17,640,PE,0,0,0,0.05,0.25,0,0,0,0,17-Apr-17
OPTSTK,HCLTECH,29-Jun-17,660,PE,0,0,0,0.1,0.55,0,0,0,0,17-Apr-17
OPTSTK,HCLTECH,29-Jun-17,680,PE,0,0,0,0.25,1.2,0,0,0,0,17-Apr-17
OPTSTK,HCLTECH,29-Jun-17,700,PE,0,0,0,0.55,2.3,0,0,0,0,17-Apr-17
OPTSTK,HCLTECH,29-Jun-17,720,PE,0,0,0,1.05,4.15,0,0,0,0,17-Apr-17
OPTSTK,HCLTECH,29-Jun-17,740,PE,0,0,0,1.9,7.05,0,0,0,0,17-Apr-17
OPTSTK,HCLTECH,29-Jun-17,760,PE,0,0,0,3.3,11.2,0,0,0,0,17-Apr-17
OPTSTK,HCLTECH,29-Jun-17,780,PE,0,0,0,5.45,16.9,0,0,0,0,17-Apr-17
OPTSTK,HCLTECH,29-Jun-17,800,PE,0,0,0,8.55,24.35,0,0,0,0,17-Apr-17
OPTSTK,HCLTECH,29-Jun-17,820,PE,0,0,0,12.8,33.6,0,0,0,0,17-Apr-17
OPTSTK,HCLTECH,29-Jun-17,840,PE,0,0,0,18.4,44.65,0,0,0,0,17-Apr-17
OPTSTK,HCLTECH,29-Jun-17,860,PE,0,0,0,25.5,57.4,0,0,0,0,17-Apr-17
OPTSTK,HCLTECH,29-Jun-17,880,PE,0,0,0,34.15,71.7,0,0,0,0,17-Apr-17
OPTSTK,HCLTECH,29-Jun-17,900,PE,0,0,0,44.4,87.3,0,0,0,0,17-Apr-17
OPTSTK,HCLTECH,29-Jun-17,920,PE,0,0,0,56.15,104,0,0,0,0,17-Apr-17
OPTSTK,HCLTECH,29-Jun-17,940,PE,0,0,0,69.3,121.55,0,0,0,0,17-Apr-17
OPTSTK,HCLTECH,29-Jun-17,960,PE,0,0,0,83.85,139.75,0,0,0,0,17-Apr-17
OPTSTK,HCLTECH,29-Jun-17,980,PE,0,0,0,99.4,158.45,0,0,0,0,17-Apr-17
OPTSTK,HCLTECH,29-Jun-17,1000,PE,0,0,0,115.9,177.5,0,0,0,0,17-Apr-17
OPTSTK,HCLTECH,29-Jun-17,1020,PE,0,0,0,133.2,196.75,0,0,0,0,17-Apr-17
OPTSTK,HCLTECH,29-Jun-17,1040,PE,0,0,0,151.15,216.25,0,0,0,0,17-Apr-17
OPTSTK,HCLTECH,29-Jun-17,1060,PE,0,0,0,169.55,235.8,0,0,0,0,17-Apr-17
OPTSTK,HDFC,27-Apr-17,1000,CE,0,0,0,355.45,481.3,0,0,0,0,17-Apr-17
OPTSTK,HDFC,27-Apr-17,1020,CE,0,0,0,336.45,461.35,0,0,0,0,17-Apr-17
OPTSTK,HDFC,27-Apr-17,1040,CE,0,0,0,317.65,441.4,0,0,0,0,17-Apr-17
OPTSTK,HDFC,27-Apr-17,1060,CE,0,0,0,299.1,421.4,0,0,0,0,17-Apr-17
OPTSTK,HDFC,27-Apr-17,1080,CE,0,0,0,280.85,401.45,0,0,0,0,17-Apr-17
OPTSTK,HDFC,27-Apr-17,1100,CE,0,0,0,262.95,381.5,0,0,0,0,17-Apr-17
OPTSTK,HDFC,27-Apr-17,1120,CE,0,0,0,245.45,361.5,0,0,0,0,17-Apr-17
OPTSTK,HDFC,27-Apr-17,1140,CE,0,0,0,228.4,341.55,0,0,0,0,17-Apr-17
OPTSTK,HDFC,27-Apr-17,1160,CE,0,0,0,211.9,321.6,0,0,0,0,17-Apr-17
OPTSTK,HDFC,27-Apr-17,1180,CE,0,0,0,195.9,301.6,0,0,0,0,17-Apr-17
OPTSTK,HDFC,27-Apr-17,1200,CE,0,0,0,180.5,281.65,0,0,0,0,17-Apr-17
OPTSTK,HDFC,27-Apr-17,1220,CE,0,0,0,165.85,261.7,0,0,0,0,17-Apr-17
OPTSTK,HDFC,27-Apr-17,1240,CE,0,0,0,151.75,241.75,0,0,0,0,17-Apr-17
OPTSTK,HDFC,27-Apr-17,1260,CE,0,0,0,260,221.75,0,0,1000,0,17-Apr-17
OPTSTK,HDFC,27-Apr-17,1280,CE,0,0,0,125.75,201.8,0,0,0,0,17-Apr-17
OPTSTK,HDFC,27-Apr-17,1300,CE,0,0,0,220.5,181.85,0,0,5000,0,17-Apr-17
OPTSTK,HDFC,27-Apr-17,1320,CE,0,0,0,178,161.9,0,0,500,0,17-Apr-17
OPTSTK,HDFC,27-Apr-17,1340,CE,0,0,0,187.85,141.95,0,0,7000,0,17-Apr-17
OPTSTK,HDFC,27-Apr-17,1360,CE,0,0,0,169.55,122.15,0,0,4000,0,17-Apr-17
OPTSTK,HDFC,27-Apr-17,1380,CE,0,0,0,139,102.6,0,0,500,0,17-Apr-17
OPTSTK,HDFC,27-Apr-17,1400,CE,0,0,0,79.45,83.6,0,0,10500,0,17-Apr-17
OPTSTK,HDFC,27-Apr-17,1420,CE,0,0,0,64,65.65,0,0,3500,0,17-Apr-17
OPTSTK,HDFC,27-Apr-17,1440,CE,54,59.75,54,59.75,59.75,12,89.87,12000,-5500,17-Apr-17
OPTSTK,HDFC,27-Apr-17,1460,CE,35.55,41.3,31.25,32.55,32.55,42,313.96,45500,-3000,17-Apr-17
OPTSTK,HDFC,27-Apr-17,1480,CE,22.1,28.25,19,19.9,19.9,471,3540.8,129500,-9000,17-Apr-17
OPTSTK,HDFC,27-Apr-17,1500,CE,12.5,17.1,10.7,11.5,11.5,1096,8297.34,457500,5500,17-Apr-17
OPTSTK,HDFC,27-Apr-17,1520,CE,7.6,9.9,6.1,6.35,6.35,386,2948.83,277000,-500,17-Apr-17
OPTSTK,HDFC,27-Apr-17,1540,CE,4.7,5.7,3.5,3.7,3.7,243,1876.95,265000,35500,17-Apr-17
OPTSTK,HDFC,27-Apr-17,1560,CE,2.9,3.25,1.95,2,2,111,867.32,165000,16500,17-Apr-17
OPTSTK,HDFC,27-Apr-17,1580,CE,1.8,1.9,1.25,1.25,1.25,33,260.98,277000,2000,17-Apr-17
OPTSTK,HDFC,27-Apr-17,1600,CE,1.1,1.45,0.8,0.8,0.8,78,624.48,173000,10500,17-Apr-17
OPTSTK,HDFC,27-Apr-17,1620,CE,0,0,0,0.55,0.2,0,0,4000,0,17-Apr-17
OPTSTK,HDFC,27-Apr-17,1640,CE,0,0,0,0.5,0.1,0,0,11500,0,17-Apr-17
OPTSTK,HDFC,27-Apr-17,1660,CE,0,0,0,1.65,0.05,0,0,500,0,17-Apr-17
OPTSTK,HDFC,27-Apr-17,1680,CE,0,0,0,0.6,0.05,0,0,3000,0,17-Apr-17
OPTSTK,HDFC,27-Apr-17,1700,CE,0,0,0,7.95,0,0,0,0,0,17-Apr-17
OPTSTK,HDFC,27-Apr-17,1720,CE,0,0,0,6.75,0,0,0,0,0,17-Apr-17
OPTSTK,HDFC,27-Apr-17,1740,CE,0,0,0,5.7,0,0,0,0,0,17-Apr-17
OPTSTK,HDFC,27-Apr-17,1000,PE,0,0,0,1.65,0,0,0,0,0,17-Apr-17
OPTSTK,HDFC,27-Apr-17,1020,PE,0,0,0,2.3,0,0,0,0,0,17-Apr-17
OPTSTK,HDFC,27-Apr-17,1040,PE,0,0,0,3.2,0,0,0,0,0,17-Apr-17
OPTSTK,HDFC,27-Apr-17,1060,PE,0,0,0,4.3,0,0,0,0,0,17-Apr-17
OPTSTK,HDFC,27-Apr-17,1080,PE,0,0,0,5.75,0,0,0,0,0,17-Apr-17
OPTSTK,HDFC,27-Apr-17,1100,PE,0,0,0,7.5,0,0,0,0,0,17-Apr-17
OPTSTK,HDFC,27-Apr-17,1120,PE,0,0,0,9.7,0,0,0,0,0,17-Apr-17
OPTSTK,HDFC,27-Apr-17,1140,PE,0,0,0,12.3,0,0,0,0,0,17-Apr-17
OPTSTK,HDFC,27-Apr-17,1160,PE,0,0,0,15.45,0,0,0,0,0,17-Apr-17
OPTSTK,HDFC,27-Apr-17,1180,PE,0,0,0,19.15,0,0,0,0,0,17-Apr-17
OPTSTK,HDFC,27-Apr-17,1200,PE,0,0,0,23.4,0,0,0,0,0,17-Apr-17
OPTSTK,HDFC,27-Apr-17,1220,PE,0,0,0,28.4,0,0,0,0,0,17-Apr-17
OPTSTK,HDFC,27-Apr-17,1240,PE,0,0,0,34,0,0,0,0,0,17-Apr-17
OPTSTK,HDFC,27-Apr-17,1260,PE,0,0,0,40.25,0,0,0,0,0,17-Apr-17
OPTSTK,HDFC,27-Apr-17,1280,PE,0,0,0,0.5,0,0,0,1500,0,17-Apr-17
OPTSTK,HDFC,27-Apr-17,1300,PE,0.4,0.4,0.4,0.4,0.4,4,26,12500,0,17-Apr-17
OPTSTK,HDFC,27-Apr-17,1320,PE,0,0,0,0.1,0.05,0,0,2000,0,17-Apr-17
OPTSTK,HDFC,27-Apr-17,1340,PE,0,0,0,1,0.1,0,0,4500,0,17-Apr-17
OPTSTK,HDFC,27-Apr-17,1360,PE,0.5,0.5,0.5,0.5,0.5,1,6.8,9500,0,17-Apr-17
OPTSTK,HDFC,27-Apr-17,1380,PE,0,0,0,1,0.65,0,0,2000,0,17-Apr-17
OPTSTK,HDFC,27-Apr-17,1400,PE,1.55,1.65,1.1,1.5,1.5,11,77.07,52000,-500,17-Apr-17
OPTSTK,HDFC,27-Apr-17,1420,PE,2.1,2.45,2,2.3,2.3,17,120.89,36500,-1000,17-Apr-17
OPTSTK,HDFC,27-Apr-17,1440,PE,5,5,3.1,4.4,4.4,104,750.92,93000,-5500,17-Apr-17
OPTSTK,HDFC,27-Apr-17,1460,PE,8.2,9.5,5.95,8.1,8.1,156,1144.84,140000,4500,17-Apr-17
OPTSTK,HDFC,27-Apr-17,1480,PE,14.6,17.35,11.35,15.3,15.3,251,1874.99,69500,-8000,17-Apr-17
OPTSTK,HDFC,27-Apr-17,1500,PE,21.5,27,19.2,26.1,26.1,23,175.1,178500,1000,17-Apr-17
OPTSTK,HDFC,27-Apr-17,1520,PE,38.3,41.35,38.3,41.35,41.35,4,31.19,50000,0,17-Apr-17
OPTSTK,HDFC,27-Apr-17,1540,PE,56,60,56,60,60,2,15.98,11000,0,17-Apr-17
OPTSTK,HDFC,27-Apr-17,1560,PE,0,0,0,42,80.15,0,0,1000,0,17-Apr-17
OPTSTK,HDFC,27-Apr-17,1580,PE,0,0,0,236.7,98.85,0,0,0,0,17-Apr-17
OPTSTK,HDFC,27-Apr-17,1600,PE,0,0,0,79,118.15,0,0,1000,0,17-Apr-17
OPTSTK,HDFC,27-Apr-17,1620,PE,0,0,0,270.9,137.85,0,0,0,0,17-Apr-17
OPTSTK,HDFC,27-Apr-17,1640,PE,0,0,0,288.45,157.7,0,0,0,0,17-Apr-17
OPTSTK,HDFC,27-Apr-17,1660,PE,0,0,0,306.25,177.6,0,0,0,0,17-Apr-17
OPTSTK,HDFC,27-Apr-17,1680,PE,0,0,0,324.35,197.55,0,0,0,0,17-Apr-17
OPTSTK,HDFC,27-Apr-17,1700,PE,0,0,0,342.65,217.5,0,0,0,0,17-Apr-17
OPTSTK,HDFC,27-Apr-17,1720,PE,0,0,0,361.1,237.5,0,0,0,0,17-Apr-17
OPTSTK,HDFC,27-Apr-17,1740,PE,0,0,0,379.75,257.45,0,0,0,0,17-Apr-17
OPTSTK,HDFC,25-May-17,1000,CE,0,0,0,401.45,486.3,0,0,0,0,17-Apr-17
OPTSTK,HDFC,25-May-17,1020,CE,0,0,0,381.8,466.45,0,0,0,0,17-Apr-17
OPTSTK,HDFC,25-May-17,1040,CE,0,0,0,362.2,446.6,0,0,0,0,17-Apr-17
OPTSTK,HDFC,25-May-17,1060,CE,0,0,0,342.65,426.7,0,0,0,0,17-Apr-17
OPTSTK,HDFC,25-May-17,1080,CE,0,0,0,323.15,406.85,0,0,0,0,17-Apr-17
OPTSTK,HDFC,25-May-17,1100,CE,0,0,0,303.75,387,0,0,0,0,17-Apr-17
OPTSTK,HDFC,25-May-17,1120,CE,0,0,0,284.5,367.1,0,0,0,0,17-Apr-17
OPTSTK,HDFC,25-May-17,1140,CE,0,0,0,265.4,347.25,0,0,0,0,17-Apr-17
OPTSTK,HDFC,25-May-17,1160,CE,0,0,0,246.55,327.4,0,0,0,0,17-Apr-17
OPTSTK,HDFC,25-May-17,1180,CE,0,0,0,228.05,307.55,0,0,0,0,17-Apr-17
OPTSTK,HDFC,25-May-17,1200,CE,0,0,0,209.9,287.7,0,0,0,0,17-Apr-17
OPTSTK,HDFC,25-May-17,1220,CE,0,0,0,192.25,267.9,0,0,0,0,17-Apr-17
OPTSTK,HDFC,25-May-17,1240,CE,0,0,0,175.1,248.15,0,0,0,0,17-Apr-17
OPTSTK,HDFC,25-May-17,1260,CE,0,0,0,158.6,228.5,0,0,0,0,17-Apr-17
OPTSTK,HDFC,25-May-17,1280,CE,0,0,0,142.85,208.95,0,0,0,0,17-Apr-17
OPTSTK,HDFC,25-May-17,1300,CE,0,0,0,127.9,189.7,0,0,0,0,17-Apr-17
OPTSTK,HDFC,25-May-17,1320,CE,0,0,0,113.75,170.7,0,0,0,0,17-Apr-17
OPTSTK,HDFC,25-May-17,1340,CE,0,0,0,100.55,152.2,0,0,0,0,17-Apr-17
OPTSTK,HDFC,25-May-17,1360,CE,0,0,0,88.3,134.3,0,0,0,0,17-Apr-17
OPTSTK,HDFC,25-May-17,1380,CE,0,0,0,77,117.2,0,0,0,0,17-Apr-17
OPTSTK,HDFC,25-May-17,1400,CE,0,0,0,66.75,101,0,0,0,0,17-Apr-17
OPTSTK,HDFC,25-May-17,1420,CE,0,0,0,57.45,85.95,0,0,0,0,17-Apr-17
OPTSTK,HDFC,25-May-17,1440,CE,0,0,0,49.15,72.05,0,0,0,0,17-Apr-17
OPTSTK,HDFC,25-May-17,1460,CE,0,0,0,56,59.6,0,0,1000,0,17-Apr-17
OPTSTK,HDFC,25-May-17,1480,CE,45,46,45,46,46,5,38.14,10000,2000,17-Apr-17
OPTSTK,HDFC,25-May-17,1500,CE,37.15,39,33.5,33.5,33.5,16,122.87,46000,-4000,17-Apr-17
OPTSTK,HDFC,25-May-17,1520,CE,24,24,24,24,24,1,7.72,3000,500,17-Apr-17
OPTSTK,HDFC,25-May-17,1540,CE,0,0,0,18,23.85,0,0,1500,0,17-Apr-17
OPTSTK,HDFC,25-May-17,1560,CE,0,0,0,16.75,18.25,0,0,0,0,17-Apr-17
OPTSTK,HDFC,25-May-17,1580,CE,0,0,0,20,13.75,0,0,2500,0,17-Apr-17
OPTSTK,HDFC,25-May-17,1600,CE,7,7.85,6.85,7,7,198,1590.91,93000,89500,17-Apr-17
OPTSTK,HDFC,25-May-17,1620,CE,0,0,0,12,7.4,0,0,500,0,17-Apr-17
OPTSTK,HDFC,25-May-17,1640,CE,0,0,0,10.4,5.3,0,0,500,0,17-Apr-17
OPTSTK,HDFC,25-May-17,1660,CE,0,0,0,5.7,3.75,0,0,0,0,17-Apr-17
OPTSTK,HDFC,25-May-17,1680,CE,0,0,0,4.55,2.6,0,0,0,0,17-Apr-17
OPTSTK,HDFC,25-May-17,1700,CE,0,0,0,3.6,1.75,0,0,0,0,17-Apr-17
OPTSTK,HDFC,25-May-17,1720,CE,0,0,0,2.8,1.2,0,0,0,0,17-Apr-17
OPTSTK,HDFC,25-May-17,1740,CE,0,0,0,2.2,0.8,0,0,0,0,17-Apr-17
OPTSTK,HDFC,25-May-17,1000,PE,0,0,0,0.05,0,0,0,0,0,17-Apr-17
OPTSTK,HDFC,25-May-17,1020,PE,0,0,0,0.1,0,0,0,0,0,17-Apr-17
OPTSTK,HDFC,25-May-17,1040,PE,0,0,0,0.2,0,0,0,0,0,17-Apr-17
OPTSTK,HDFC,25-May-17,1060,PE,0,0,0,0.3,0,0,0,0,0,17-Apr-17
OPTSTK,HDFC,25-May-17,1080,PE,0,0,0,0.5,0,0,0,0,0,17-Apr-17
OPTSTK,HDFC,25-May-17,1100,PE,0,0,0,0.8,0,0,0,0,0,17-Apr-17
OPTSTK,HDFC,25-May-17,1120,PE,0,0,0,1.2,0,0,0,0,0,17-Apr-17
OPTSTK,HDFC,25-May-17,1140,PE,0,0,0,1.8,0,0,0,0,0,17-Apr-17
OPTSTK,HDFC,25-May-17,1160,PE,0,0,0,2.65,0.05,0,0,0,0,17-Apr-17
OPTSTK,HDFC,25-May-17,1180,PE,0,0,0,3.85,0.05,0,0,0,0,17-Apr-17
OPTSTK,HDFC,25-May-17,1200,PE,0,0,0,5.4,0.05,0,0,0,0,17-Apr-17
OPTSTK,HDFC,25-May-17,1220,PE,0,0,0,7.4,0.15,0,0,0,0,17-Apr-17
OPTSTK,HDFC,25-May-17,1240,PE,0,0,0,9.95,0.25,0,0,0,0,17-Apr-17
OPTSTK,HDFC,25-May-17,1260,PE,0,0,0,13.15,0.45,0,0,0,0,17-Apr-17
OPTSTK,HDFC,25-May-17,1280,PE,0,0,0,17.05,0.8,0,0,0,0,17-Apr-17
OPTSTK,HDFC,25-May-17,1300,PE,0,0,0,21.8,1.35,0,0,0,0,17-Apr-17
OPTSTK,HDFC,25-May-17,1320,PE,0,0,0,27.3,2.25,0,0,0,0,17-Apr-17
OPTSTK,HDFC,25-May-17,1340,PE,0,0,0,33.8,3.6,0,0,0,0,17-Apr-17
OPTSTK,HDFC,25-May-17,1360,PE,0,0,0,41.25,5.6,0,0,0,0,17-Apr-17
OPTSTK,HDFC,25-May-17,1380,PE,0,0,0,49.65,8.3,0,0,0,0,17-Apr-17
OPTSTK,HDFC,25-May-17,1400,PE,9.5,10,9.5,10,10,12,84.57,7500,6000,17-Apr-17
OPTSTK,HDFC,25-May-17,1420,PE,0,0,0,15,16.85,0,0,500,0,17-Apr-17
OPTSTK,HDFC,25-May-17,1440,PE,18,18,17,18,18,4,29.15,12000,2000,17-Apr-17
OPTSTK,HDFC,25-May-17,1460,PE,0,0,0,26.55,30.2,0,0,1500,0,17-Apr-17
OPTSTK,HDFC,25-May-17,1480,PE,30,35.45,30,32.75,32.75,2,15.12,500,500,17-Apr-17
OPTSTK,HDFC,25-May-17,1500,PE,0,0,0,52,49.25,0,0,32000,0,17-Apr-17
OPTSTK,HDFC,25-May-17,1520,PE,0,0,0,135.1,60.95,0,0,0,0,17-Apr-17
OPTSTK,HDFC,25-May-17,1540,PE,0,0,0,80,73.95,0,0,0,0,17-Apr-17
OPTSTK,HDFC,25-May-17,1560,PE,0,0,0,166.55,88.15,0,0,0,0,17-Apr-17
OPTSTK,HDFC,25-May-17,1580,PE,0,0,0,183.15,103.55,0,0,0,0,17-Apr-17
OPTSTK,HDFC,25-May-17,1600,PE,0,0,0,200.3,119.8,0,0,0,0,17-Apr-17
OPTSTK,HDFC,25-May-17,1620,PE,0,0,0,217.85,136.9,0,0,0,0,17-Apr-17
OPTSTK,HDFC,25-May-17,1640,PE,0,0,0,235.75,154.7,0,0,0,0,17-Apr-17
OPTSTK,HDFC,25-May-17,1660,PE,0,0,0,254,173,0,0,0,0,17-Apr-17
OPTSTK,HDFC,25-May-17,1680,PE,0,0,0,272.5,191.7,0,0,0,0,17-Apr-17
OPTSTK,HDFC,25-May-17,1700,PE,0,0,0,291.2,210.75,0,0,0,0,17-Apr-17
OPTSTK,HDFC,25-May-17,1720,PE,0,0,0,310.1,230.05,0,0,0,0,17-Apr-17
OPTSTK,HDFC,25-May-17,1740,PE,0,0,0,329.2,249.5,0,0,0,0,17-Apr-17
OPTSTK,HDFC,29-Jun-17,1120,CE,0,0,0,418.55,374.1,0,0,0,0,17-Apr-17
OPTSTK,HDFC,29-Jun-17,1140,CE,0,0,0,398.95,354.45,0,0,0,0,17-Apr-17
OPTSTK,HDFC,29-Jun-17,1160,CE,0,0,0,379.4,334.85,0,0,0,0,17-Apr-17
OPTSTK,HDFC,29-Jun-17,1180,CE,0,0,0,359.9,315.25,0,0,0,0,17-Apr-17
OPTSTK,HDFC,29-Jun-17,1200,CE,0,0,0,340.5,295.8,0,0,0,0,17-Apr-17
OPTSTK,HDFC,29-Jun-17,1220,CE,0,0,0,321.2,276.5,0,0,0,0,17-Apr-17
OPTSTK,HDFC,29-Jun-17,1240,CE,0,0,0,302.05,257.35,0,0,0,0,17-Apr-17
OPTSTK,HDFC,29-Jun-17,1260,CE,0,0,0,283.05,238.45,0,0,0,0,17-Apr-17
OPTSTK,HDFC,29-Jun-17,1280,CE,0,0,0,264.35,219.9,0,0,0,0,17-Apr-17
OPTSTK,HDFC,29-Jun-17,1300,CE,0,0,0,245.95,201.75,0,0,0,0,17-Apr-17
OPTSTK,HDFC,29-Jun-17,1320,CE,0,0,0,227.9,184.05,0,0,0,0,17-Apr-17
OPTSTK,HDFC,29-Jun-17,1340,CE,0,0,0,210.3,166.95,0,0,0,0,17-Apr-17
OPTSTK,HDFC,29-Jun-17,1360,CE,0,0,0,193.2,150.5,0,0,0,0,17-Apr-17
OPTSTK,HDFC,29-Jun-17,1380,CE,0,0,0,176.65,134.8,0,0,0,0,17-Apr-17
OPTSTK,HDFC,29-Jun-17,1400,CE,0,0,0,160.75,120,0,0,0,0,17-Apr-17
OPTSTK,HDFC,29-Jun-17,1420,CE,0,0,0,145.6,105.95,0,0,0,0,17-Apr-17
OPTSTK,HDFC,29-Jun-17,1440,CE,0,0,0,131.2,93,0,0,0,0,17-Apr-17
OPTSTK,HDFC,29-Jun-17,1460,CE,0,0,0,117.5,81,0,0,0,0,17-Apr-17
OPTSTK,HDFC,29-Jun-17,1480,CE,0,0,0,104.75,70.05,0,0,0,0,17-Apr-17
OPTSTK,HDFC,29-Jun-17,1500,CE,0,0,0,50,60.1,0,0,500,0,17-Apr-17
OPTSTK,HDFC,29-Jun-17,1520,CE,0,0,0,81.9,51.2,0,0,0,0,17-Apr-17
OPTSTK,HDFC,29-Jun-17,1540,CE,0,0,0,71.85,43.3,0,0,0,0,17-Apr-17
OPTSTK,HDFC,29-Jun-17,1560,CE,0,0,0,62.65,36.3,0,0,0,0,17-Apr-17
OPTSTK,HDFC,29-Jun-17,1580,CE,0,0,0,54.35,30.25,0,0,0,0,17-Apr-17
OPTSTK,HDFC,29-Jun-17,1600,CE,0,0,0,46.85,25.05,0,0,0,0,17-Apr-17
OPTSTK,HDFC,29-Jun-17,1620,CE,0,0,0,40.2,20.55,0,0,0,0,17-Apr-17
OPTSTK,HDFC,29-Jun-17,1640,CE,0,0,0,34.3,16.75,0,0,0,0,17-Apr-17
OPTSTK,HDFC,29-Jun-17,1660,CE,0,0,0,29.15,13.55,0,0,0,0,17-Apr-17
OPTSTK,HDFC,29-Jun-17,1680,CE,0,0,0,24.6,10.85,0,0,0,0,17-Apr-17
OPTSTK,HDFC,29-Jun-17,1700,CE,0,0,0,20.65,8.65,0,0,0,0,17-Apr-17
OPTSTK,HDFC,29-Jun-17,1720,CE,0,0,0,17.25,6.85,0,0,0,0,17-Apr-17
OPTSTK,HDFC,29-Jun-17,1740,CE,0,0,0,14.3,5.4,0,0,0,0,17-Apr-17
OPTSTK,HDFC,29-Jun-17,1120,PE,0,0,0,0.15,0.1,0,0,0,0,17-Apr-17
OPTSTK,HDFC,29-Jun-17,1140,PE,0,0,0,0.2,0.2,0,0,0,0,17-Apr-17
OPTSTK,HDFC,29-Jun-17,1160,PE,0,0,0,0.3,0.3,0,0,0,0,17-Apr-17
OPTSTK,HDFC,29-Jun-17,1180,PE,0,0,0,0.5,0.5,0,0,0,0,17-Apr-17
OPTSTK,HDFC,29-Jun-17,1200,PE,0,0,0,0.75,0.75,0,0,0,0,17-Apr-17
OPTSTK,HDFC,29-Jun-17,1220,PE,0,0,0,1.1,1.2,0,0,0,0,17-Apr-17
OPTSTK,HDFC,29-Jun-17,1240,PE,0,0,0,1.65,1.8,0,0,0,0,17-Apr-17
OPTSTK,HDFC,29-Jun-17,1260,PE,0,0,0,2.35,2.65,0,0,0,0,17-Apr-17
OPTSTK,HDFC,29-Jun-17,1280,PE,0,0,0,3.3,3.8,0,0,0,0,17-Apr-17
OPTSTK,HDFC,29-Jun-17,1300,PE,0,0,0,4.55,5.4,0,0,0,0,17-Apr-17
OPTSTK,HDFC,29-Jun-17,1320,PE,0,0,0,6.2,7.45,0,0,0,0,17-Apr-17
OPTSTK,HDFC,29-Jun-17,1340,PE,0,0,0,8.25,10.1,0,0,0,0,17-Apr-17
OPTSTK,HDFC,29-Jun-17,1360,PE,0,0,0,10.8,13.4,0,0,0,0,17-Apr-17
OPTSTK,HDFC,29-Jun-17,1380,PE,0,0,0,13.95,17.45,0,0,0,0,17-Apr-17
OPTSTK,HDFC,29-Jun-17,1400,PE,18,18,18,18,18,1,7.09,1000,500,17-Apr-17
OPTSTK,HDFC,29-Jun-17,1420,PE,0,0,0,22.2,28.05,0,0,0,0,17-Apr-17
OPTSTK,HDFC,29-Jun-17,1440,PE,0,0,0,27.5,34.85,0,0,0,0,17-Apr-17
OPTSTK,HDFC,29-Jun-17,1460,PE,0,0,0,33.5,42.6,0,0,0,0,17-Apr-17
OPTSTK,HDFC,29-Jun-17,1480,PE,0,0,0,40.4,51.35,0,0,0,0,17-Apr-17
OPTSTK,HDFC,29-Jun-17,1500,PE,0,0,0,48.2,61.2,0,0,0,0,17-Apr-17
OPTSTK,HDFC,29-Jun-17,1520,PE,0,0,0,56.9,72,0,0,0,0,17-Apr-17
OPTSTK,HDFC,29-Jun-17,1540,PE,0,0,0,66.5,83.85,0,0,0,0,17-Apr-17
OPTSTK,HDFC,29-Jun-17,1560,PE,0,0,0,77,96.6,0,0,0,0,17-Apr-17
OPTSTK,HDFC,29-Jun-17,1580,PE,0,0,0,88.35,110.3,0,0,0,0,17-Apr-17
OPTSTK,HDFC,29-Jun-17,1600,PE,0,0,0,100.55,124.85,0,0,0,0,17-Apr-17
OPTSTK,HDFC,29-Jun-17,1620,PE,0,0,0,113.55,140.05,0,0,0,0,17-Apr-17
OPTSTK,HDFC,29-Jun-17,1640,PE,0,0,0,127.3,156,0,0,0,0,17-Apr-17
OPTSTK,HDFC,29-Jun-17,1660,PE,0,0,0,141.85,172.55,0,0,0,0,17-Apr-17
OPTSTK,HDFC,29-Jun-17,1680,PE,0,0,0,156.9,189.6,0,0,0,0,17-Apr-17
OPTSTK,HDFC,29-Jun-17,1700,PE,0,0,0,172.65,207.15,0,0,0,0,17-Apr-17
OPTSTK,HDFC,29-Jun-17,1720,PE,0,0,0,188.9,225.1,0,0,0,0,17-Apr-17
OPTSTK,HDFC,29-Jun-17,1740,PE,0,0,0,205.65,243.35,0,0,0,0,17-Apr-17
OPTSTK,HDFCBANK,27-Apr-17,960,CE,0,0,0,346.4,478.5,0,0,0,0,17-Apr-17
OPTSTK,HDFCBANK,27-Apr-17,980,CE,0,0,0,326.75,458.55,0,0,0,0,17-Apr-17
OPTSTK,HDFCBANK,27-Apr-17,1000,CE,0,0,0,307.1,438.55,0,0,0,0,17-Apr-17
OPTSTK,HDFCBANK,27-Apr-17,1020,CE,0,0,0,287.5,418.6,0,0,0,0,17-Apr-17
OPTSTK,HDFCBANK,27-Apr-17,1040,CE,0,0,0,267.9,398.65,0,0,0,0,17-Apr-17
OPTSTK,HDFCBANK,27-Apr-17,1060,CE,0,0,0,248.45,378.65,0,0,0,0,17-Apr-17
OPTSTK,HDFCBANK,27-Apr-17,1080,CE,0,0,0,229.1,358.7,0,0,0,0,17-Apr-17
OPTSTK,HDFCBANK,27-Apr-17,1100,CE,0,0,0,209.95,338.75,0,0,0,0,17-Apr-17
OPTSTK,HDFCBANK,27-Apr-17,1120,CE,0,0,0,191.05,318.75,0,0,0,0,17-Apr-17
OPTSTK,HDFCBANK,27-Apr-17,1140,CE,0,0,0,172.6,298.8,0,0,0,0,17-Apr-17
OPTSTK,HDFCBANK,27-Apr-17,1160,CE,0,0,0,265.5,278.85,0,0,1000,0,17-Apr-17
OPTSTK,HDFCBANK,27-Apr-17,1180,CE,0,0,0,137.3,258.85,0,0,0,0,17-Apr-17
OPTSTK,HDFCBANK,27-Apr-17,1200,CE,0,0,0,224.55,238.9,0,0,500,0,17-Apr-17
OPTSTK,HDFCBANK,27-Apr-17,1220,CE,0,0,0,105.15,218.95,0,0,0,0,17-Apr-17
OPTSTK,HDFCBANK,27-Apr-17,1240,CE,0,0,0,185,199,0,0,500,0,17-Apr-17
OPTSTK,HDFCBANK,27-Apr-17,1260,CE,0,0,0,164,179,0,0,2500,0,17-Apr-17
OPTSTK,HDFCBANK,27-Apr-17,1280,CE,0,0,0,64.95,159.05,0,0,0,0,17-Apr-17
OPTSTK,HDFCBANK,27-Apr-17,1300,CE,136,136,135,135,135,2,14.35,14000,-1000,17-Apr-17
OPTSTK,HDFCBANK,27-Apr-17,1320,CE,0,0,0,107.95,119.1,0,0,500,0,17-Apr-17
OPTSTK,HDFCBANK,27-Apr-17,1340,CE,0,0,0,96,99.2,0,0,2500,0,17-Apr-17
OPTSTK,HDFCBANK,27-Apr-17,1360,CE,0,0,0,84.9,79.35,0,0,8500,0,17-Apr-17
OPTSTK,HDFCBANK,27-Apr-17,1380,CE,0,0,0,62.9,60,0,0,3000,0,17-Apr-17
OPTSTK,HDFCBANK,27-Apr-17,1400,CE,42,42,39,42,42,9,64.87,18500,-2500,17-Apr-17
OPTSTK,HDFCBANK,27-Apr-17,1420,CE,27.5,33.45,24.45,29.2,29.2,13,94.09,76500,0,17-Apr-17
OPTSTK,HDFCBANK,27-Apr-17,1440,CE,18.55,19.8,14.3,17.45,17.45,538,3918.95,351500,-6500,17-Apr-17
OPTSTK,HDFCBANK,27-Apr-17,1460,CE,11.9,12,8.3,10.55,10.55,377,2771.02,344500,21500,17-Apr-17
OPTSTK,HDFCBANK,27-Apr-17,1480,CE,6.05,6.75,4.6,5.4,5.4,166,1233.08,206000,-11000,17-Apr-17
OPTSTK,HDFCBANK,27-Apr-17,1500,CE,4.05,4.1,2.65,3.25,3.25,298,2240.06,353000,24000,17-Apr-17
OPTSTK,HDFCBANK,27-Apr-17,1520,CE,1.85,2.1,1.85,1.9,1.9,9,68.48,66500,-3500,17-Apr-17
OPTSTK,HDFCBANK,27-Apr-17,1540,CE,0.85,1.1,0.85,1.1,1.1,3,23.11,25000,-1000,17-Apr-17
OPTSTK,HDFCBANK,27-Apr-17,1560,CE,0,0,0,1.5,0.05,0,0,6500,0,17-Apr-17
OPTSTK,HDFCBANK,27-Apr-17,1580,CE,0,0,0,1.2,0,0,0,0,0,17-Apr-17
OPTSTK,HDFCBANK,27-Apr-17,1600,CE,0,0,0,0.7,0,0,0,5500,0,17-Apr-17
OPTSTK,HDFCBANK,27-Apr-17,1620,CE,0,0,0,0.6,0,0,0,0,0,17-Apr-17
OPTSTK,HDFCBANK,27-Apr-17,1640,CE,0,0,0,0.4,0,0,0,0,0,17-Apr-17
OPTSTK,HDFCBANK,27-Apr-17,1660,CE,0,0,0,0.3,0,0,0,0,0,17-Apr-17
OPTSTK,HDFCBANK,27-Apr-17,960,PE,0,0,0,0.05,0,0,0,0,0,17-Apr-17
OPTSTK,HDFCBANK,27-Apr-17,980,PE,0,0,0,0.05,0,0,0,0,0,17-Apr-17
OPTSTK,HDFCBANK,27-Apr-17,1000,PE,0,0,0,0.1,0,0,0,0,0,17-Apr-17
OPTSTK,HDFCBANK,27-Apr-17,1020,PE,0,0,0,0.15,0,0,0,0,0,17-Apr-17
OPTSTK,HDFCBANK,27-Apr-17,1040,PE,0,0,0,0.25,0,0,0,0,0,17-Apr-17
OPTSTK,HDFCBANK,27-Apr-17,1060,PE,0,0,0,0.45,0,0,0,0,0,17-Apr-17
OPTSTK,HDFCBANK,27-Apr-17,1080,PE,0,0,0,0.75,0,0,0,0,0,17-Apr-17
OPTSTK,HDFCBANK,27-Apr-17,1100,PE,0,0,0,1.3,0,0,0,0,0,17-Apr-17
OPTSTK,HDFCBANK,27-Apr-17,1120,PE,0,0,0,2.1,0,0,0,0,0,17-Apr-17
OPTSTK,HDFCBANK,27-Apr-17,1140,PE,0,0,0,3.3,0,0,0,0,0,17-Apr-17
OPTSTK,HDFCBANK,27-Apr-17,1160,PE,0,0,0,5,0,0,0,0,0,17-Apr-17
OPTSTK,HDFCBANK,27-Apr-17,1180,PE,0,0,0,7.35,0,0,0,0,0,17-Apr-17
OPTSTK,HDFCBANK,27-Apr-17,1200,PE,0,0,0,10.45,0,0,0,0,0,17-Apr-17
OPTSTK,HDFCBANK,27-Apr-17,1220,PE,0,0,0,14.5,0,0,0,0,0,17-Apr-17
OPTSTK,HDFCBANK,27-Apr-17,1240,PE,0,0,0,19.6,0,0,0,0,0,17-Apr-17
OPTSTK,HDFCBANK,27-Apr-17,1260,PE,0,0,0,0.15,0,0,0,2500,0,17-Apr-17
OPTSTK,HDFCBANK,27-Apr-17,1280,PE,0,0,0,33.35,0,0,0,0,0,17-Apr-17
OPTSTK,HDFCBANK,27-Apr-17,1300,PE,1,1.35,1,1.3,1.3,5,32.52,20500,1000,17-Apr-17
OPTSTK,HDFCBANK,27-Apr-17,1320,PE,0,0,0,0.35,0,0,0,500,0,17-Apr-17
OPTSTK,HDFCBANK,27-Apr-17,1340,PE,0.85,0.85,0.85,0.85,0.85,1,6.7,7000,0,17-Apr-17
OPTSTK,HDFCBANK,27-Apr-17,1360,PE,0,0,0,1.2,0.2,0,0,41500,0,17-Apr-17
OPTSTK,HDFCBANK,27-Apr-17,1380,PE,2.2,2.45,1.55,1.95,1.95,37,255.68,47000,3500,17-Apr-17
OPTSTK,HDFCBANK,27-Apr-17,1400,PE,3.65,5.2,3.2,3.85,3.85,199,1397.44,169000,6500,17-Apr-17
OPTSTK,HDFCBANK,27-Apr-17,1420,PE,8.8,10.8,7.35,8.7,8.7,239,1708.03,162000,12000,17-Apr-17
OPTSTK,HDFCBANK,27-Apr-17,1440,PE,16,20.2,14.2,15.4,15.4,186,1355.28,276000,32000,17-Apr-17
OPTSTK,HDFCBANK,27-Apr-17,1460,PE,30.6,30.6,30.6,30.6,30.6,1,7.45,11000,0,17-Apr-17
OPTSTK,HDFCBANK,27-Apr-17,1480,PE,0,0,0,49,43.25,0,0,2500,0,17-Apr-17
OPTSTK,HDFCBANK,27-Apr-17,1500,PE,0,0,0,72.05,61.45,0,0,8500,0,17-Apr-17
OPTSTK,HDFCBANK,27-Apr-17,1520,PE,0,0,0,207.65,80.8,0,0,0,0,17-Apr-17
OPTSTK,HDFCBANK,27-Apr-17,1540,PE,0,0,0,226.45,100.6,0,0,0,0,17-Apr-17
OPTSTK,HDFCBANK,27-Apr-17,1560,PE,0,0,0,245.45,120.5,0,0,0,0,17-Apr-17
OPTSTK,HDFCBANK,27-Apr-17,1580,PE,0,0,0,264.65,140.45,0,0,0,0,17-Apr-17
OPTSTK,HDFCBANK,27-Apr-17,1600,PE,0,0,0,283.95,160.45,0,0,0,0,17-Apr-17
OPTSTK,HDFCBANK,27-Apr-17,1620,PE,0,0,0,303.4,180.4,0,0,0,0,17-Apr-17
OPTSTK,HDFCBANK,27-Apr-17,1640,PE,0,0,0,322.85,200.35,0,0,0,0,17-Apr-17
OPTSTK,HDFCBANK,27-Apr-17,1660,PE,0,0,0,342.4,220.35,0,0,0,0,17-Apr-17
OPTSTK,HDFCBANK,25-May-17,1000,CE,0,0,0,410.05,443.55,0,0,0,0,17-Apr-17
OPTSTK,HDFCBANK,25-May-17,1020,CE,0,0,0,390.4,423.7,0,0,0,0,17-Apr-17
OPTSTK,HDFCBANK,25-May-17,1040,CE,0,0,0,370.75,403.85,0,0,0,0,17-Apr-17
OPTSTK,HDFCBANK,25-May-17,1060,CE,0,0,0,351.15,383.95,0,0,0,0,17-Apr-17
OPTSTK,HDFCBANK,25-May-17,1080,CE,0,0,0,331.6,364.1,0,0,0,0,17-Apr-17
OPTSTK,HDFCBANK,25-May-17,1100,CE,0,0,0,312.15,344.25,0,0,0,0,17-Apr-17
OPTSTK,HDFCBANK,25-May-17,1120,CE,0,0,0,292.8,324.35,0,0,0,0,17-Apr-17
OPTSTK,HDFCBANK,25-May-17,1140,CE,0,0,0,273.6,304.5,0,0,0,0,17-Apr-17
OPTSTK,HDFCBANK,25-May-17,1160,CE,0,0,0,254.6,284.65,0,0,0,0,17-Apr-17
OPTSTK,HDFCBANK,25-May-17,1180,CE,0,0,0,235.85,264.8,0,0,0,0,17-Apr-17
OPTSTK,HDFCBANK,25-May-17,1200,CE,0,0,0,217.5,244.9,0,0,0,0,17-Apr-17
OPTSTK,HDFCBANK,25-May-17,1220,CE,0,0,0,199.55,225.05,0,0,0,0,17-Apr-17
OPTSTK,HDFCBANK,25-May-17,1240,CE,0,0,0,182.1,205.2,0,0,0,0,17-Apr-17
OPTSTK,HDFCBANK,25-May-17,1260,CE,0,0,0,165.25,185.4,0,0,0,0,17-Apr-17
OPTSTK,HDFCBANK,25-May-17,1280,CE,0,0,0,149.05,165.6,0,0,0,0,17-Apr-17
OPTSTK,HDFCBANK,25-May-17,1300,CE,0,0,0,133.65,146,0,0,0,0,17-Apr-17
OPTSTK,HDFCBANK,25-May-17,1320,CE,0,0,0,119.1,126.65,0,0,0,0,17-Apr-17
OPTSTK,HDFCBANK,25-May-17,1340,CE,0,0,0,105.35,107.75,0,0,0,0,17-Apr-17
OPTSTK,HDFCBANK,25-May-17,1360,CE,0,0,0,92.65,89.65,0,0,0,0,17-Apr-17
OPTSTK,HDFCBANK,25-May-17,1380,CE,0,0,0,72,72.65,0,0,500,0,17-Apr-17
OPTSTK,HDFCBANK,25-May-17,1400,CE,0,0,0,70.2,57.2,0,0,0,0,17-Apr-17
OPTSTK,HDFCBANK,25-May-17,1420,CE,0,0,0,43.15,43.5,0,0,1000,0,17-Apr-17
OPTSTK,HDFCBANK,25-May-17,1440,CE,0,0,0,31,31.95,0,0,1000,0,17-Apr-17
OPTSTK,HDFCBANK,25-May-17,1460,CE,17,17,17,17,17,1,7.38,5500,0,17-Apr-17
OPTSTK,HDFCBANK,25-May-17,1480,CE,0,0,0,37.05,15.35,0,0,0,0,17-Apr-17
OPTSTK,HDFCBANK,25-May-17,1500,CE,0,0,0,9,10,0,0,1000,0,17-Apr-17
OPTSTK,HDFCBANK,25-May-17,1520,CE,0,0,0,9.95,6.25,0,0,1000,0,17-Apr-17
OPTSTK,HDFCBANK,25-May-17,1540,CE,0,0,0,21.35,3.75,0,0,0,0,17-Apr-17
OPTSTK,HDFCBANK,25-May-17,1560,CE,0,0,0,17.55,2.15,0,0,0,0,17-Apr-17
OPTSTK,HDFCBANK,25-May-17,1580,CE,0,0,0,14.3,1.2,0,0,0,0,17-Apr-17
OPTSTK,HDFCBANK,25-May-17,1600,CE,0,0,0,11.6,0.65,0,0,0,0,17-Apr-17
OPTSTK,HDFCBANK,25-May-17,1620,CE,0,0,0,9.35,0.35,0,0,0,0,17-Apr-17
OPTSTK,HDFCBANK,25-May-17,1640,CE,0,0,0,7.45,0.15,0,0,0,0,17-Apr-17
OPTSTK,HDFCBANK,25-May-17,1660,CE,0,0,0,5.95,0.1,0,0,0,0,17-Apr-17
OPTSTK,HDFCBANK,25-May-17,1000,PE,0,0,0,0.05,0,0,0,0,0,17-Apr-17
OPTSTK,HDFCBANK,25-May-17,1020,PE,0,0,0,0.1,0,0,0,0,0,17-Apr-17
OPTSTK,HDFCBANK,25-May-17,1040,PE,0,0,0,0.15,0,0,0,0,0,17-Apr-17
OPTSTK,HDFCBANK,25-May-17,1060,PE,0,0,0,0.2,0,0,0,0,0,17-Apr-17
OPTSTK,HDFCBANK,25-May-17,1080,PE,0,0,0,0.35,0,0,0,0,0,17-Apr-17
OPTSTK,HDFCBANK,25-May-17,1100,PE,0,0,0,0.6,0,0,0,0,0,17-Apr-17
OPTSTK,HDFCBANK,25-May-17,1120,PE,0,0,0,0.9,0,0,0,0,0,17-Apr-17
OPTSTK,HDFCBANK,25-May-17,1140,PE,0,0,0,1.4,0,0,0,0,0,17-Apr-17
OPTSTK,HDFCBANK,25-May-17,1160,PE,0,0,0,2.1,0,0,0,0,0,17-Apr-17
OPTSTK,HDFCBANK,25-May-17,1180,PE,0,0,0,3.05,0,0,0,0,0,17-Apr-17
OPTSTK,HDFCBANK,25-May-17,1200,PE,0,0,0,4.35,0,0,0,0,0,17-Apr-17
OPTSTK,HDFCBANK,25-May-17,1220,PE,0,0,0,6.1,0.05,0,0,0,0,17-Apr-17
OPTSTK,HDFCBANK,25-May-17,1240,PE,0,0,0,8.35,0.05,0,0,0,0,17-Apr-17
OPTSTK,HDFCBANK,25-May-17,1260,PE,0,0,0,11.15,0.1,0,0,0,0,17-Apr-17
OPTSTK,HDFCBANK,25-May-17,1280,PE,0,0,0,14.7,0.2,0,0,0,0,17-Apr-17
OPTSTK,HDFCBANK,25-May-17,1300,PE,0,0,0,18.95,0.4,0,0,0,0,17-Apr-17
OPTSTK,HDFCBANK,25-May-17,1320,PE,0,0,0,24.1,0.9,0,0,0,0,17-Apr-17
OPTSTK,HDFCBANK,25-May-17,1340,PE,0,0,0,30.05,1.9,0,0,0,0,17-Apr-17
OPTSTK,HDFCBANK,25-May-17,1360,PE,0,0,0,37,3.65,0,0,0,0,17-Apr-17
OPTSTK,HDFCBANK,25-May-17,1380,PE,0,0,0,44.95,6.55,0,0,0,0,17-Apr-17
OPTSTK,HDFCBANK,25-May-17,1400,PE,0,0,0,19,10.95,0,0,500,0,17-Apr-17
OPTSTK,HDFCBANK,25-May-17,1420,PE,20,20.5,19,19,19,8,57.6,4000,4000,17-Apr-17
OPTSTK,HDFCBANK,25-May-17,1440,PE,0,0,0,36.4,25.45,0,0,1000,0,17-Apr-17
OPTSTK,HDFCBANK,25-May-17,1460,PE,0,0,0,43.45,35.95,0,0,37500,0,17-Apr-17
OPTSTK,HDFCBANK,25-May-17,1480,PE,0,0,0,99.5,48.55,0,0,0,0,17-Apr-17
OPTSTK,HDFCBANK,25-May-17,1500,PE,0,0,0,113.2,63.1,0,0,0,0,17-Apr-17
OPTSTK,HDFCBANK,25-May-17,1520,PE,0,0,0,127.75,79.2,0,0,0,0,17-Apr-17
OPTSTK,HDFCBANK,25-May-17,1540,PE,0,0,0,142.9,96.55,0,0,0,0,17-Apr-17
OPTSTK,HDFCBANK,25-May-17,1560,PE,0,0,0,158.75,114.85,0,0,0,0,17-Apr-17
OPTSTK,HDFCBANK,25-May-17,1580,PE,0,0,0,175.2,133.75,0,0,0,0,17-Apr-17
OPTSTK,HDFCBANK,25-May-17,1600,PE,0,0,0,192.2,153.05,0,0,0,0,17-Apr-17
OPTSTK,HDFCBANK,25-May-17,1620,PE,0,0,0,209.6,172.6,0,0,0,0,17-Apr-17
OPTSTK,HDFCBANK,25-May-17,1640,PE,0,0,0,227.45,192.3,0,0,0,0,17-Apr-17
OPTSTK,HDFCBANK,25-May-17,1660,PE,0,0,0,245.6,212.1,0,0,0,0,17-Apr-17
OPTSTK,HDFCBANK,29-Jun-17,1060,CE,0,0,0,423.7,390.5,0,0,0,0,17-Apr-17
OPTSTK,HDFCBANK,29-Jun-17,1080,CE,0,0,0,404.05,370.75,0,0,0,0,17-Apr-17
OPTSTK,HDFCBANK,29-Jun-17,1100,CE,0,0,0,384.4,351.05,0,0,0,0,17-Apr-17
OPTSTK,HDFCBANK,29-Jun-17,1120,CE,0,0,0,364.75,331.3,0,0,0,0,17-Apr-17
OPTSTK,HDFCBANK,29-Jun-17,1140,CE,0,0,0,345.1,311.55,0,0,0,0,17-Apr-17
OPTSTK,HDFCBANK,29-Jun-17,1160,CE,0,0,0,325.5,291.8,0,0,0,0,17-Apr-17
OPTSTK,HDFCBANK,29-Jun-17,1180,CE,0,0,0,305.95,272.1,0,0,0,0,17-Apr-17
OPTSTK,HDFCBANK,29-Jun-17,1200,CE,0,0,0,286.45,252.4,0,0,0,0,17-Apr-17
OPTSTK,HDFCBANK,29-Jun-17,1220,CE,0,0,0,267.05,232.75,0,0,0,0,17-Apr-17
OPTSTK,HDFCBANK,29-Jun-17,1240,CE,0,0,0,247.85,213.15,0,0,0,0,17-Apr-17
OPTSTK,HDFCBANK,29-Jun-17,1260,CE,0,0,0,228.85,193.7,0,0,0,0,17-Apr-17
OPTSTK,HDFCBANK,29-Jun-17,1280,CE,0,0,0,210.1,174.5,0,0,0,0,17-Apr-17
OPTSTK,HDFCBANK,29-Jun-17,1300,CE,0,0,0,191.75,155.65,0,0,0,0,17-Apr-17
OPTSTK,HDFCBANK,29-Jun-17,1320,CE,0,0,0,173.9,137.25,0,0,0,0,17-Apr-17
OPTSTK,HDFCBANK,29-Jun-17,1340,CE,0,0,0,156.6,119.55,0,0,0,0,17-Apr-17
OPTSTK,HDFCBANK,29-Jun-17,1360,CE,0,0,0,140,102.7,0,0,0,0,17-Apr-17
OPTSTK,HDFCBANK,29-Jun-17,1380,CE,0,0,0,124.2,86.9,0,0,0,0,17-Apr-17
OPTSTK,HDFCBANK,29-Jun-17,1400,CE,0,0,0,109.35,72.4,0,0,0,0,17-Apr-17
OPTSTK,HDFCBANK,29-Jun-17,1420,CE,0,0,0,95.35,59.25,0,0,0,0,17-Apr-17
OPTSTK,HDFCBANK,29-Jun-17,1440,CE,0,0,0,82.45,47.65,0,0,0,0,17-Apr-17
OPTSTK,HDFCBANK,29-Jun-17,1460,CE,0,0,0,70.7,37.6,0,0,0,0,17-Apr-17
OPTSTK,HDFCBANK,29-Jun-17,1480,CE,0,0,0,60.05,29.15,0,0,0,0,17-Apr-17
OPTSTK,HDFCBANK,29-Jun-17,1500,CE,0,0,0,50.5,22.1,0,0,0,0,17-Apr-17
OPTSTK,HDFCBANK,29-Jun-17,1520,CE,0,0,0,42.1,16.45,0,0,0,0,17-Apr-17
OPTSTK,HDFCBANK,29-Jun-17,1540,CE,0,0,0,34.8,12.05,0,0,0,0,17-Apr-17
OPTSTK,HDFCBANK,29-Jun-17,1560,CE,0,0,0,28.45,8.6,0,0,0,0,17-Apr-17
OPTSTK,HDFCBANK,29-Jun-17,1580,CE,0,0,0,23.1,6.05,0,0,0,0,17-Apr-17
OPTSTK,HDFCBANK,29-Jun-17,1600,CE,0,0,0,18.5,4.15,0,0,0,0,17-Apr-17
OPTSTK,HDFCBANK,29-Jun-17,1620,CE,0,0,0,14.75,2.8,0,0,0,0,17-Apr-17
OPTSTK,HDFCBANK,29-Jun-17,1640,CE,0,0,0,11.6,1.85,0,0,0,0,17-Apr-17
OPTSTK,HDFCBANK,29-Jun-17,1660,CE,0,0,0,9.05,1.2,0,0,0,0,17-Apr-17
OPTSTK,HDFCBANK,29-Jun-17,1060,PE,0,0,0,0.05,0,0,0,0,0,17-Apr-17
OPTSTK,HDFCBANK,29-Jun-17,1080,PE,0,0,0,0.05,0,0,0,0,0,17-Apr-17
OPTSTK,HDFCBANK,29-Jun-17,1100,PE,0,0,0,0.05,0,0,0,0,0,17-Apr-17
OPTSTK,HDFCBANK,29-Jun-17,1120,PE,0,0,0,0.05,0,0,0,0,0,17-Apr-17
OPTSTK,HDFCBANK,29-Jun-17,1140,PE,0,0,0,0.1,0,0,0,0,0,17-Apr-17
OPTSTK,HDFCBANK,29-Jun-17,1160,PE,0,0,0,0.15,0.05,0,0,0,0,17-Apr-17
OPTSTK,HDFCBANK,29-Jun-17,1180,PE,0,0,0,0.25,0.05,0,0,0,0,17-Apr-17
OPTSTK,HDFCBANK,29-Jun-17,1200,PE,0,0,0,0.45,0.1,0,0,0,0,17-Apr-17
OPTSTK,HDFCBANK,29-Jun-17,1220,PE,0,0,0,0.75,0.2,0,0,0,0,17-Apr-17
OPTSTK,HDFCBANK,29-Jun-17,1240,PE,0,0,0,1.2,0.35,0,0,0,0,17-Apr-17
OPTSTK,HDFCBANK,29-Jun-17,1260,PE,0,0,0,1.85,0.65,0,0,0,0,17-Apr-17
OPTSTK,HDFCBANK,29-Jun-17,1280,PE,0,0,0,2.8,1.2,0,0,0,0,17-Apr-17
OPTSTK,HDFCBANK,29-Jun-17,1300,PE,0,0,0,4.1,2.05,0,0,0,0,17-Apr-17
OPTSTK,HDFCBANK,29-Jun-17,1320,PE,0,0,0,5.9,3.4,0,0,0,0,17-Apr-17
OPTSTK,HDFCBANK,29-Jun-17,1340,PE,0,0,0,8.3,5.45,0,0,0,0,17-Apr-17
OPTSTK,HDFCBANK,29-Jun-17,1360,PE,0,0,0,11.35,8.35,0,0,0,0,17-Apr-17
OPTSTK,HDFCBANK,29-Jun-17,1380,PE,0,0,0,15.25,12.3,0,0,0,0,17-Apr-17
OPTSTK,HDFCBANK,29-Jun-17,1400,PE,0,0,0,20.05,17.5,0,0,0,0,17-Apr-17
OPTSTK,HDFCBANK,29-Jun-17,1420,PE,0,0,0,25.7,24.1,0,0,0,0,17-Apr-17
OPTSTK,HDFCBANK,29-Jun-17,1440,PE,0,0,0,32.5,32.25,0,0,0,0,17-Apr-17
OPTSTK,HDFCBANK,29-Jun-17,1460,PE,0,0,0,40.4,41.95,0,0,0,0,17-Apr-17
OPTSTK,HDFCBANK,29-Jun-17,1480,PE,0,0,0,49.45,53.2,0,0,0,0,17-Apr-17
OPTSTK,HDFCBANK,29-Jun-17,1500,PE,0,0,0,59.6,65.95,0,0,0,0,17-Apr-17
OPTSTK,HDFCBANK,29-Jun-17,1520,PE,0,0,0,70.85,80.05,0,0,0,0,17-Apr-17
OPTSTK,HDFCBANK,29-Jun-17,1540,PE,0,0,0,83.2,95.35,0,0,0,0,17-Apr-17
OPTSTK,HDFCBANK,29-Jun-17,1560,PE,0,0,0,96.5,111.65,0,0,0,0,17-Apr-17
OPTSTK,HDFCBANK,29-Jun-17,1580,PE,0,0,0,110.85,128.85,0,0,0,0,17-Apr-17
OPTSTK,HDFCBANK,29-Jun-17,1600,PE,0,0,0,125.95,146.7,0,0,0,0,17-Apr-17
OPTSTK,HDFCBANK,29-Jun-17,1620,PE,0,0,0,141.8,165.05,0,0,0,0,17-Apr-17
OPTSTK,HDFCBANK,29-Jun-17,1640,PE,0,0,0,158.35,183.85,0,0,0,0,17-Apr-17
OPTSTK,HDFCBANK,29-Jun-17,1660,PE,0,0,0,175.5,202.95,0,0,0,0,17-Apr-17
OPTSTK,HDIL,27-Apr-17,37.5,CE,0,0,0,26.45,55.75,0,0,0,0,17-Apr-17
OPTSTK,HDIL,27-Apr-17,40,CE,0,0,0,24,53.25,0,0,0,0,17-Apr-17
OPTSTK,HDIL,27-Apr-17,42.5,CE,0,0,0,21.65,50.75,0,0,0,0,17-Apr-17
OPTSTK,HDIL,27-Apr-17,45,CE,0,0,0,19.35,48.25,0,0,0,0,17-Apr-17
OPTSTK,HDIL,27-Apr-17,47.5,CE,0,0,0,17.15,45.75,0,0,0,0,17-Apr-17
OPTSTK,HDIL,27-Apr-17,50,CE,0,0,0,15.05,43.25,0,0,0,0,17-Apr-17
OPTSTK,HDIL,27-Apr-17,52.5,CE,0,0,0,13.05,40.75,0,0,0,0,17-Apr-17
OPTSTK,HDIL,27-Apr-17,55,CE,0,0,0,11.25,38.25,0,0,0,0,17-Apr-17
OPTSTK,HDIL,27-Apr-17,57.5,CE,0,0,0,9.55,35.75,0,0,0,0,17-Apr-17
OPTSTK,HDIL,27-Apr-17,60,CE,0,0,0,8.1,33.25,0,0,0,0,17-Apr-17
OPTSTK,HDIL,27-Apr-17,62.5,CE,0,0,0,6.75,30.8,0,0,0,0,17-Apr-17
OPTSTK,HDIL,27-Apr-17,65,CE,0,0,0,14.25,28.3,0,0,8000,0,17-Apr-17
OPTSTK,HDIL,27-Apr-17,67.5,CE,0,0,0,4.6,25.8,0,0,0,0,17-Apr-17
OPTSTK,HDIL,27-Apr-17,70,CE,0,0,0,16,23.3,0,0,8000,0,17-Apr-17
OPTSTK,HDIL,27-Apr-17,72.5,CE,0,0,0,3.05,20.8,0,0,0,0,17-Apr-17
OPTSTK,HDIL,27-Apr-17,75,CE,15.15,18.5,15.15,18.5,18.5,6,44.11,80000,-24000,17-Apr-17
OPTSTK,HDIL,27-Apr-17,77.5,CE,12.7,14.6,12.7,14.3,14.3,6,43.85,48000,-32000,17-Apr-17
OPTSTK,HDIL,27-Apr-17,80,CE,8,14.2,8,13.95,13.95,57,417.37,528000,-96000,17-Apr-17
OPTSTK,HDIL,27-Apr-17,82.5,CE,5.8,12.3,5.8,11.65,11.65,19,139.91,192000,-72000,17-Apr-17
OPTSTK,HDIL,27-Apr-17,85,CE,3.7,10.35,3.7,9.4,9.4,640,4701.48,1192000,-1152000,17-Apr-17
OPTSTK,HDIL,27-Apr-17,87.5,CE,2.8,8.55,2.65,7.3,7.3,426,3133.3,400000,-464000,17-Apr-17
OPTSTK,HDIL,27-Apr-17,90,CE,1.8,6.7,1.65,5.7,5.7,2612,19582.15,2712000,-808000,17-Apr-17
OPTSTK,HDIL,27-Apr-17,92.5,CE,1.35,5.2,1.25,4.3,4.3,739,5686.27,688000,376000,17-Apr-17
OPTSTK,HDIL,27-Apr-17,95,CE,0.9,4.15,0.8,3.3,3.3,3575,27947.73,2504000,1168000,17-Apr-17
OPTSTK,HDIL,27-Apr-17,97.5,CE,0.55,3.15,0.55,2.45,2.45,447,3562.22,744000,296000,17-Apr-17
OPTSTK,HDIL,27-Apr-17,100,CE,0.35,2.5,0.3,1.9,1.9,3294,26769.72,3032000,2488000,17-Apr-17
OPTSTK,HDIL,27-Apr-17,102.5,CE,0.95,1.8,0.95,1.45,1.45,179,1487.3,320000,320000,17-Apr-17
OPTSTK,HDIL,27-Apr-17,105,CE,0.6,1.4,0.6,1.1,1.1,527,4472.36,904000,904000,17-Apr-17
OPTSTK,HDIL,27-Apr-17,107.5,CE,0.6,1.05,0.5,0.85,0.85,98,848.95,496000,496000,17-Apr-17
OPTSTK,HDIL,27-Apr-17,37.5,PE,0,0,0,0.05,0,0,0,0,0,17-Apr-17
OPTSTK,HDIL,27-Apr-17,40,PE,0,0,0,0.1,0,0,0,0,0,17-Apr-17
OPTSTK,HDIL,27-Apr-17,42.5,PE,0,0,0,0.2,0,0,0,0,0,17-Apr-17
OPTSTK,HDIL,27-Apr-17,45,PE,0,0,0,0.35,0,0,0,0,0,17-Apr-17
OPTSTK,HDIL,27-Apr-17,47.5,PE,0,0,0,0.6,0,0,0,0,0,17-Apr-17
OPTSTK,HDIL,27-Apr-17,50,PE,0,0,0,0.95,0,0,0,0,0,17-Apr-17
OPTSTK,HDIL,27-Apr-17,52.5,PE,0.05,0.05,0.05,0.05,0.05,37,155.54,296000,296000,17-Apr-17
OPTSTK,HDIL,27-Apr-17,55,PE,0,0,0,2.1,0,0,0,0,0,17-Apr-17
OPTSTK,HDIL,27-Apr-17,57.5,PE,0.05,0.05,0.05,0.05,0.05,37,170.34,296000,296000,17-Apr-17
OPTSTK,HDIL,27-Apr-17,60,PE,0.05,0.05,0.05,0.05,0.05,1,4.8,16000,8000,17-Apr-17
OPTSTK,HDIL,27-Apr-17,62.5,PE,0.05,0.05,0.05,0.05,0.05,2,10,48000,0,17-Apr-17
OPTSTK,HDIL,27-Apr-17,65,PE,0.05,0.05,0.05,0.05,0.05,3,15.61,144000,0,17-Apr-17
OPTSTK,HDIL,27-Apr-17,67.5,PE,0,0,0,0.1,0,0,0,32000,0,17-Apr-17
OPTSTK,HDIL,27-Apr-17,70,PE,0.1,0.15,0.05,0.1,0.1,27,151.42,448000,24000,17-Apr-17
OPTSTK,HDIL,27-Apr-17,72.5,PE,0.1,0.1,0.1,0.1,0.1,10,58.08,144000,-32000,17-Apr-17
OPTSTK,HDIL,27-Apr-17,75,PE,0.25,0.35,0.15,0.15,0.15,90,541.68,784000,0,17-Apr-17
OPTSTK,HDIL,27-Apr-17,77.5,PE,0.55,0.55,0.2,0.2,0.2,49,304.94,168000,-96000,17-Apr-17
OPTSTK,HDIL,27-Apr-17,80,PE,0.9,0.95,0.3,0.35,0.35,255,1641.57,1160000,256000,17-Apr-17
OPTSTK,HDIL,27-Apr-17,82.5,PE,1.4,1.45,0.5,0.6,0.6,150,1000.48,576000,120000,17-Apr-17
OPTSTK,HDIL,27-Apr-17,85,PE,2.25,2.5,0.8,0.9,0.9,585,4036.96,1112000,424000,17-Apr-17
OPTSTK,HDIL,27-Apr-17,87.5,PE,3.3,3.65,1.35,1.45,1.45,228,1632.12,344000,288000,17-Apr-17
OPTSTK,HDIL,27-Apr-17,90,PE,4.9,4.9,2.05,2.2,2.2,507,3756.35,1136000,1056000,17-Apr-17
OPTSTK,HDIL,27-Apr-17,92.5,PE,5.3,5.3,3.1,3.35,3.35,113,868.84,232000,232000,17-Apr-17
OPTSTK,HDIL,27-Apr-17,95,PE,5.25,6.05,4.2,4.7,4.7,54,431.71,160000,152000,17-Apr-17
OPTSTK,HDIL,27-Apr-17,97.5,PE,7.05,7.05,7.05,7.05,7.05,1,8.36,8000,8000,17-Apr-17
OPTSTK,HDIL,27-Apr-17,100,PE,8.2,8.2,8.2,8.2,8.2,1,8.65,8000,8000,17-Apr-17
OPTSTK,HDIL,27-Apr-17,102.5,PE,0,0,0,25.6,9.85,0,0,0,0,17-Apr-17
OPTSTK,HDIL,27-Apr-17,105,PE,0,0,0,22.65,12.05,0,0,0,0,17-Apr-17
OPTSTK,HDIL,27-Apr-17,107.5,PE,0,0,0,25.05,14.4,0,0,0,0,17-Apr-17
OPTSTK,HDIL,25-May-17,42.5,CE,0,0,0,26.6,50.95,0,0,0,0,17-Apr-17
OPTSTK,HDIL,25-May-17,45,CE,0,0,0,24.25,48.45,0,0,0,0,17-Apr-17
OPTSTK,HDIL,25-May-17,47.5,CE,0,0,0,22,46,0,0,0,0,17-Apr-17
OPTSTK,HDIL,25-May-17,50,CE,0,0,0,19.85,43.5,0,0,0,0,17-Apr-17
OPTSTK,HDIL,25-May-17,52.5,CE,0,0,0,17.75,41.05,0,0,0,0,17-Apr-17
OPTSTK,HDIL,25-May-17,55,CE,0,0,0,15.8,38.55,0,0,0,0,17-Apr-17
OPTSTK,HDIL,25-May-17,57.5,CE,0,0,0,13.95,36.05,0,0,0,0,17-Apr-17
OPTSTK,HDIL,25-May-17,60,CE,0,0,0,12.25,33.6,0,0,0,0,17-Apr-17
OPTSTK,HDIL,25-May-17,62.5,CE,0,0,0,10.7,31.15,0,0,0,0,17-Apr-17
OPTSTK,HDIL,25-May-17,65,CE,0,0,0,9.25,28.7,0,0,0,0,17-Apr-17
OPTSTK,HDIL,25-May-17,67.5,CE,0,0,0,8,26.3,0,0,0,0,17-Apr-17
OPTSTK,HDIL,25-May-17,70,CE,0,0,0,6.85,23.9,0,0,0,0,17-Apr-17
OPTSTK,HDIL,25-May-17,72.5,CE,0,0,0,5.85,21.6,0,0,0,0,17-Apr-17
OPTSTK,HDIL,25-May-17,75,CE,0,0,0,4.95,19.35,0,0,0,0,17-Apr-17
OPTSTK,HDIL,25-May-17,77.5,CE,0,0,0,8.5,17.2,0,0,8000,0,17-Apr-17
OPTSTK,HDIL,25-May-17,80,CE,0,0,0,7.1,15.15,0,0,8000,0,17-Apr-17
OPTSTK,HDIL,25-May-17,82.5,CE,0,0,0,3,13.25,0,0,0,0,17-Apr-17
OPTSTK,HDIL,25-May-17,85,CE,0,0,0,3.7,11.45,0,0,16000,0,17-Apr-17
OPTSTK,HDIL,25-May-17,87.5,CE,5.75,5.75,5.75,5.75,5.75,3,22.38,24000,24000,17-Apr-17
OPTSTK,HDIL,25-May-17,90,CE,4.7,4.8,4.7,4.8,4.8,3,22.74,24000,16000,17-Apr-17
OPTSTK,HDIL,25-May-17,92.5,CE,5.15,7.35,5.05,7.1,7.1,26,204.62,136000,120000,17-Apr-17
OPTSTK,HDIL,25-May-17,95,CE,2.9,6.8,2.9,6,6,12,96.24,24000,24000,17-Apr-17
OPTSTK,HDIL,25-May-17,97.5,CE,0,0,0,0.8,4.9,0,0,0,0,17-Apr-17
OPTSTK,HDIL,25-May-17,100,CE,3.5,4.8,3.5,4.5,4.5,34,283.47,216000,216000,17-Apr-17
OPTSTK,HDIL,25-May-17,102.5,CE,1.35,1.35,1.35,1.35,1.35,1,8.3,8000,8000,17-Apr-17
OPTSTK,HDIL,25-May-17,105,CE,0,0,0,0.75,2.65,0,0,0,0,17-Apr-17
OPTSTK,HDIL,25-May-17,107.5,CE,0,0,0,0.6,2.15,0,0,0,0,17-Apr-17
OPTSTK,HDIL,25-May-17,42.5,PE,0,0,0,0.2,0,0,0,0,0,17-Apr-17
OPTSTK,HDIL,25-May-17,45,PE,0,0,0,0.3,0,0,0,0,0,17-Apr-17
OPTSTK,HDIL,25-May-17,47.5,PE,0,0,0,0.5,0,0,0,0,0,17-Apr-17
OPTSTK,HDIL,25-May-17,50,PE,0,0,0,0.8,0,0,0,0,0,17-Apr-17
OPTSTK,HDIL,25-May-17,52.5,PE,0,0,0,1.15,0,0,0,0,0,17-Apr-17
OPTSTK,HDIL,25-May-17,55,PE,0,0,0,1.65,0,0,0,0,0,17-Apr-17
OPTSTK,HDIL,25-May-17,57.5,PE,0,0,0,2.3,0.05,0,0,0,0,17-Apr-17
OPTSTK,HDIL,25-May-17,60,PE,0,0,0,3.05,0.05,0,0,0,0,17-Apr-17
OPTSTK,HDIL,25-May-17,62.5,PE,0,0,0,3.95,0.05,0,0,0,0,17-Apr-17
OPTSTK,HDIL,25-May-17,65,PE,0,0,0,5,0.1,0,0,0,0,17-Apr-17
OPTSTK,HDIL,25-May-17,67.5,PE,0,0,0,6.2,0.15,0,0,0,0,17-Apr-17
OPTSTK,HDIL,25-May-17,70,PE,0,0,0,7.5,0.3,0,0,0,0,17-Apr-17
OPTSTK,HDIL,25-May-17,72.5,PE,0,0,0,8.95,0.45,0,0,0,0,17-Apr-17
OPTSTK,HDIL,25-May-17,75,PE,0,0,0,10.55,0.7,0,0,0,0,17-Apr-17
OPTSTK,HDIL,25-May-17,77.5,PE,0,0,0,12.25,1,0,0,0,0,17-Apr-17
OPTSTK,HDIL,25-May-17,80,PE,0,0,0,2.7,1.45,0,0,8000,0,17-Apr-17
OPTSTK,HDIL,25-May-17,82.5,PE,2.05,2.05,2.05,2.05,2.05,1,6.76,8000,8000,17-Apr-17
OPTSTK,HDIL,25-May-17,85,PE,2.7,2.7,2.7,2.7,2.7,2,14.03,16000,16000,17-Apr-17
OPTSTK,HDIL,25-May-17,87.5,PE,0,0,0,19.95,3.6,0,0,0,0,17-Apr-17
OPTSTK,HDIL,25-May-17,90,PE,0,0,0,22.05,4.6,0,0,0,0,17-Apr-17
OPTSTK,HDIL,25-May-17,92.5,PE,0,0,0,24.25,5.75,0,0,0,0,17-Apr-17
OPTSTK,HDIL,25-May-17,95,PE,0,0,0,25.8,7.1,0,0,0,0,17-Apr-17
OPTSTK,HDIL,25-May-17,97.5,PE,0,0,0,25.7,8.55,0,0,0,0,17-Apr-17
OPTSTK,HDIL,25-May-17,100,PE,0,0,0,24.2,10.2,0,0,0,0,17-Apr-17
OPTSTK,HDIL,25-May-17,102.5,PE,0,0,0,25.55,11.95,0,0,0,0,17-Apr-17
OPTSTK,HDIL,25-May-17,105,PE,0,0,0,22.7,13.8,0,0,0,0,17-Apr-17
OPTSTK,HDIL,25-May-17,107.5,PE,0,0,0,25,15.75,0,0,0,0,17-Apr-17
OPTSTK,HDIL,29-Jun-17,52.5,CE,0,0,0,30.5,41.4,0,0,0,0,17-Apr-17
OPTSTK,HDIL,29-Jun-17,55,CE,0,0,0,28.15,38.95,0,0,0,0,17-Apr-17
OPTSTK,HDIL,29-Jun-17,57.5,CE,0,0,0,25.8,36.55,0,0,0,0,17-Apr-17
OPTSTK,HDIL,29-Jun-17,60,CE,0,0,0,23.55,34.15,0,0,0,0,17-Apr-17
OPTSTK,HDIL,29-Jun-17,62.5,CE,0,0,0,21.35,31.8,0,0,0,0,17-Apr-17
OPTSTK,HDIL,29-Jun-17,65,CE,0,0,0,19.25,29.5,0,0,0,0,17-Apr-17
OPTSTK,HDIL,29-Jun-17,67.5,CE,0,0,0,17.25,27.25,0,0,0,0,17-Apr-17
OPTSTK,HDIL,29-Jun-17,70,CE,0,0,0,15.4,25.05,0,0,0,0,17-Apr-17
OPTSTK,HDIL,29-Jun-17,72.5,CE,0,0,0,13.65,22.95,0,0,0,0,17-Apr-17
OPTSTK,HDIL,29-Jun-17,75,CE,0,0,0,12,20.95,0,0,0,0,17-Apr-17
OPTSTK,HDIL,29-Jun-17,77.5,CE,0,0,0,10.5,19,0,0,0,0,17-Apr-17
OPTSTK,HDIL,29-Jun-17,80,CE,0,0,0,9.15,17.2,0,0,0,0,17-Apr-17
OPTSTK,HDIL,29-Jun-17,82.5,CE,0,0,0,7.9,15.45,0,0,0,0,17-Apr-17
OPTSTK,HDIL,29-Jun-17,85,CE,0,0,0,6.8,13.85,0,0,0,0,17-Apr-17
OPTSTK,HDIL,29-Jun-17,87.5,CE,0,0,0,5.85,12.4,0,0,0,0,17-Apr-17
OPTSTK,HDIL,29-Jun-17,90,CE,0,0,0,5,11,0,0,0,0,17-Apr-17
OPTSTK,HDIL,29-Jun-17,92.5,CE,0,0,0,4.25,9.75,0,0,0,0,17-Apr-17
OPTSTK,HDIL,29-Jun-17,95,CE,0,0,0,3.6,8.6,0,0,0,0,17-Apr-17
OPTSTK,HDIL,29-Jun-17,97.5,CE,0,0,0,3,7.6,0,0,0,0,17-Apr-17
OPTSTK,HDIL,29-Jun-17,100,CE,0,0,0,2.55,6.65,0,0,0,0,17-Apr-17
OPTSTK,HDIL,29-Jun-17,102.5,CE,0,0,0,2.1,5.8,0,0,0,0,17-Apr-17
OPTSTK,HDIL,29-Jun-17,105,CE,0,0,0,1.75,5.05,0,0,0,0,17-Apr-17
OPTSTK,HDIL,29-Jun-17,107.5,CE,0,0,0,1.45,4.4,0,0,0,0,17-Apr-17
OPTSTK,HDIL,29-Jun-17,52.5,PE,0,0,0,0.15,0.05,0,0,0,0,17-Apr-17
OPTSTK,HDIL,29-Jun-17,55,PE,0,0,0,0.25,0.1,0,0,0,0,17-Apr-17
OPTSTK,HDIL,29-Jun-17,57.5,PE,0,0,0,0.35,0.15,0,0,0,0,17-Apr-17
OPTSTK,HDIL,29-Jun-17,60,PE,0,0,0,0.55,0.2,0,0,0,0,17-Apr-17
OPTSTK,HDIL,29-Jun-17,62.5,PE,0,0,0,0.85,0.35,0,0,0,0,17-Apr-17
OPTSTK,HDIL,29-Jun-17,65,PE,0,0,0,1.2,0.5,0,0,0,0,17-Apr-17
OPTSTK,HDIL,29-Jun-17,67.5,PE,0,0,0,1.65,0.7,0,0,0,0,17-Apr-17
OPTSTK,HDIL,29-Jun-17,70,PE,0,0,0,2.25,1,0,0,0,0,17-Apr-17
OPTSTK,HDIL,29-Jun-17,72.5,PE,0,0,0,2.95,1.35,0,0,0,0,17-Apr-17
OPTSTK,HDIL,29-Jun-17,75,PE,0,0,0,3.75,1.8,0,0,0,0,17-Apr-17
OPTSTK,HDIL,29-Jun-17,77.5,PE,0,0,0,4.7,2.35,0,0,0,0,17-Apr-17
OPTSTK,HDIL,29-Jun-17,80,PE,0,0,0,5.8,3,0,0,0,0,17-Apr-17
OPTSTK,HDIL,29-Jun-17,82.5,PE,0,0,0,7.05,3.75,0,0,0,0,17-Apr-17
OPTSTK,HDIL,29-Jun-17,85,PE,0,0,0,8.4,4.6,0,0,0,0,17-Apr-17
OPTSTK,HDIL,29-Jun-17,87.5,PE,0,0,0,9.9,5.6,0,0,0,0,17-Apr-17
OPTSTK,HDIL,29-Jun-17,90,PE,0,0,0,11.5,6.7,0,0,0,0,17-Apr-17
OPTSTK,HDIL,29-Jun-17,92.5,PE,0,0,0,13.2,7.9,0,0,0,0,17-Apr-17
OPTSTK,HDIL,29-Jun-17,95,PE,0,0,0,15,9.25,0,0,0,0,17-Apr-17
OPTSTK,HDIL,29-Jun-17,97.5,PE,0,0,0,16.9,10.7,0,0,0,0,17-Apr-17
OPTSTK,HDIL,29-Jun-17,100,PE,0,0,0,18.9,12.2,0,0,0,0,17-Apr-17
OPTSTK,HDIL,29-Jun-17,102.5,PE,0,0,0,20.9,13.85,0,0,0,0,17-Apr-17
OPTSTK,HDIL,29-Jun-17,105,PE,0,0,0,23.05,15.55,0,0,0,0,17-Apr-17
OPTSTK,HDIL,29-Jun-17,107.5,PE,0,0,0,25.2,17.35,0,0,0,0,17-Apr-17
OPTSTK,HEROMOTOCO,27-Apr-17,2400,CE,0,0,0,888.9,844.35,0,0,0,0,17-Apr-17
OPTSTK,HEROMOTOCO,27-Apr-17,2450,CE,0,0,0,840.7,794.45,0,0,0,0,17-Apr-17
OPTSTK,HEROMOTOCO,27-Apr-17,2500,CE,0,0,0,792.9,744.5,0,0,0,0,17-Apr-17
OPTSTK,HEROMOTOCO,27-Apr-17,2550,CE,0,0,0,745.6,694.6,0,0,0,0,17-Apr-17
OPTSTK,HEROMOTOCO,27-Apr-17,2600,CE,0,0,0,698.95,644.7,0,0,0,0,17-Apr-17
OPTSTK,HEROMOTOCO,27-Apr-17,2650,CE,0,0,0,653.05,594.8,0,0,0,0,17-Apr-17
OPTSTK,HEROMOTOCO,27-Apr-17,2700,CE,0,0,0,608.05,544.85,0,0,0,0,17-Apr-17
OPTSTK,HEROMOTOCO,27-Apr-17,2750,CE,0,0,0,564.1,494.95,0,0,0,0,17-Apr-17
OPTSTK,HEROMOTOCO,27-Apr-17,2800,CE,0,0,0,521.35,445.05,0,0,0,0,17-Apr-17
OPTSTK,HEROMOTOCO,27-Apr-17,2850,CE,0,0,0,480,395.15,0,0,0,0,17-Apr-17
OPTSTK,HEROMOTOCO,27-Apr-17,2900,CE,0,0,0,440.15,345.2,0,0,0,0,17-Apr-17
OPTSTK,HEROMOTOCO,27-Apr-17,2950,CE,0,0,0,401.95,295.3,0,0,0,0,17-Apr-17
OPTSTK,HEROMOTOCO,27-Apr-17,3000,CE,0,0,0,235,245.5,0,0,1200,0,17-Apr-17
OPTSTK,HEROMOTOCO,27-Apr-17,3050,CE,191.6,200,184.6,190,190,10,64.81,0,0,17-Apr-17
OPTSTK,HEROMOTOCO,27-Apr-17,3100,CE,144,150,136.55,138.25,138.25,14,90.81,600,0,17-Apr-17
OPTSTK,HEROMOTOCO,27-Apr-17,3150,CE,0,0,0,106.3,103.75,0,0,1600,0,17-Apr-17
OPTSTK,HEROMOTOCO,27-Apr-17,3200,CE,66,75,66,70.25,70.25,4,26.16,14800,-400,17-Apr-17
OPTSTK,HEROMOTOCO,27-Apr-17,3250,CE,39.95,49.55,39.95,46.05,46.05,59,388.83,48800,0,17-Apr-17
OPTSTK,HEROMOTOCO,27-Apr-17,3300,CE,22.85,31,22.85,27.9,27.9,266,1769.86,108200,5000,17-Apr-17
OPTSTK,HEROMOTOCO,27-Apr-17,3350,CE,16.65,17.35,13.7,16.55,16.55,53,356.76,30600,-200,17-Apr-17
OPTSTK,HEROMOTOCO,27-Apr-17,3400,CE,10.3,10.3,7.8,8.7,8.7,90,613.55,39200,-3600,17-Apr-17
OPTSTK,HEROMOTOCO,27-Apr-17,3450,CE,0,0,0,5,0.8,0,0,3800,0,17-Apr-17
OPTSTK,HEROMOTOCO,27-Apr-17,3500,CE,2.75,2.85,2.05,2.8,2.8,17,119.08,13000,0,17-Apr-17
OPTSTK,HEROMOTOCO,27-Apr-17,3550,CE,0,0,0,5.8,0.05,0,0,1800,0,17-Apr-17
OPTSTK,HEROMOTOCO,27-Apr-17,3600,CE,0,0,0,1.25,0.05,0,0,2600,0,17-Apr-17
OPTSTK,HEROMOTOCO,27-Apr-17,3650,CE,0,0,0,72.2,0,0,0,0,0,17-Apr-17
OPTSTK,HEROMOTOCO,27-Apr-17,3700,CE,0,0,0,61.85,0,0,0,0,0,17-Apr-17
OPTSTK,HEROMOTOCO,27-Apr-17,3750,CE,0,0,0,52.8,0,0,0,0,0,17-Apr-17
OPTSTK,HEROMOTOCO,27-Apr-17,3800,CE,0,0,0,44.95,0,0,0,0,0,17-Apr-17
OPTSTK,HEROMOTOCO,27-Apr-17,3850,CE,0,0,0,38.1,0,0,0,0,0,17-Apr-17
OPTSTK,HEROMOTOCO,27-Apr-17,3900,CE,0,0,0,32.2,0,0,0,0,0,17-Apr-17
OPTSTK,HEROMOTOCO,27-Apr-17,3950,CE,0,0,0,27.1,0,0,0,0,0,17-Apr-17
OPTSTK,HEROMOTOCO,27-Apr-17,4000,CE,0,0,0,22.75,0,0,0,0,0,17-Apr-17
OPTSTK,HEROMOTOCO,27-Apr-17,4050,CE,0,0,0,19,0,0,0,0,0,17-Apr-17
OPTSTK,HEROMOTOCO,27-Apr-17,2400,PE,0,0,0,2,0,0,0,0,0,17-Apr-17
OPTSTK,HEROMOTOCO,27-Apr-17,2450,PE,0,0,0,3.05,0,0,0,0,0,17-Apr-17
OPTSTK,HEROMOTOCO,27-Apr-17,2500,PE,0,0,0,4.4,0,0,0,0,0,17-Apr-17
OPTSTK,HEROMOTOCO,27-Apr-17,2550,PE,0,0,0,6.3,0,0,0,0,0,17-Apr-17
OPTSTK,HEROMOTOCO,27-Apr-17,2600,PE,0,0,0,8.8,0,0,0,0,0,17-Apr-17
OPTSTK,HEROMOTOCO,27-Apr-17,2650,PE,0,0,0,12.1,0,0,0,0,0,17-Apr-17
OPTSTK,HEROMOTOCO,27-Apr-17,2700,PE,0,0,0,16.25,0,0,0,0,0,17-Apr-17
OPTSTK,HEROMOTOCO,27-Apr-17,2750,PE,0,0,0,21.5,0,0,0,0,0,17-Apr-17
OPTSTK,HEROMOTOCO,27-Apr-17,2800,PE,0,0,0,27.95,0,0,0,0,0,17-Apr-17
OPTSTK,HEROMOTOCO,27-Apr-17,2850,PE,0,0,0,35.75,0,0,0,0,0,17-Apr-17
OPTSTK,HEROMOTOCO,27-Apr-17,2900,PE,0.5,0.5,0.5,0.5,0.5,1,5.8,4000,-200,17-Apr-17
OPTSTK,HEROMOTOCO,27-Apr-17,2950,PE,0,0,0,56.1,0.05,0,0,0,0,17-Apr-17
OPTSTK,HEROMOTOCO,27-Apr-17,3000,PE,3,3.25,2.5,2.65,2.65,21,126.12,35200,0,17-Apr-17
OPTSTK,HEROMOTOCO,27-Apr-17,3050,PE,5.8,5.8,5,5.15,5.15,17,103.87,9000,-600,17-Apr-17
OPTSTK,HEROMOTOCO,27-Apr-17,3100,PE,10.15,13,9,9.45,9.45,68,423.08,26200,400,17-Apr-17
OPTSTK,HEROMOTOCO,27-Apr-17,3150,PE,20.55,20.55,16.4,17.1,17.1,10,63.38,8600,1000,17-Apr-17
OPTSTK,HEROMOTOCO,27-Apr-17,3200,PE,36.95,40.4,32.1,33.6,33.6,53,342.92,37600,1600,17-Apr-17
OPTSTK,HEROMOTOCO,27-Apr-17,3250,PE,68,68,53,57.25,57.25,5,33.07,2800,0,17-Apr-17
OPTSTK,HEROMOTOCO,27-Apr-17,3300,PE,0,0,0,95.5,72.05,0,0,2800,0,17-Apr-17
OPTSTK,HEROMOTOCO,27-Apr-17,3350,PE,0,0,0,154.4,111.55,0,0,7200,0,17-Apr-17
OPTSTK,HEROMOTOCO,27-Apr-17,3400,PE,0,0,0,162,156.6,0,0,3200,0,17-Apr-17
OPTSTK,HEROMOTOCO,27-Apr-17,3450,PE,0,0,0,243.7,204.65,0,0,200,0,17-Apr-17
OPTSTK,HEROMOTOCO,27-Apr-17,3500,PE,0,0,0,210.95,254,0,0,600,0,17-Apr-17
OPTSTK,HEROMOTOCO,27-Apr-17,3550,PE,0,0,0,341.1,303.75,0,0,0,0,17-Apr-17
OPTSTK,HEROMOTOCO,27-Apr-17,3600,PE,0,0,0,377.3,353.6,0,0,0,0,17-Apr-17
OPTSTK,HEROMOTOCO,27-Apr-17,3650,PE,0,0,0,414.85,403.5,0,0,0,0,17-Apr-17
OPTSTK,HEROMOTOCO,27-Apr-17,3700,PE,0,0,0,453.65,453.45,0,0,0,0,17-Apr-17
OPTSTK,HEROMOTOCO,27-Apr-17,3750,PE,0,0,0,493.8,503.35,0,0,0,0,17-Apr-17
OPTSTK,HEROMOTOCO,27-Apr-17,3800,PE,0,0,0,535.1,553.25,0,0,0,0,17-Apr-17
OPTSTK,HEROMOTOCO,27-Apr-17,3850,PE,0,0,0,577.45,603.15,0,0,0,0,17-Apr-17
OPTSTK,HEROMOTOCO,27-Apr-17,3900,PE,0,0,0,620.7,653.1,0,0,0,0,17-Apr-17
OPTSTK,HEROMOTOCO,27-Apr-17,3950,PE,0,0,0,664.8,703,0,0,0,0,17-Apr-17
OPTSTK,HEROMOTOCO,27-Apr-17,4000,PE,0,0,0,709.6,752.9,0,0,0,0,17-Apr-17
OPTSTK,HEROMOTOCO,27-Apr-17,4050,PE,0,0,0,755.05,802.8,0,0,0,0,17-Apr-17
OPTSTK,HEROMOTOCO,25-May-17,2400,CE,0,0,0,815.75,856.35,0,0,0,0,17-Apr-17
OPTSTK,HEROMOTOCO,25-May-17,2450,CE,0,0,0,767.3,806.7,0,0,0,0,17-Apr-17
OPTSTK,HEROMOTOCO,25-May-17,2500,CE,0,0,0,719.25,757.05,0,0,0,0,17-Apr-17
OPTSTK,HEROMOTOCO,25-May-17,2550,CE,0,0,0,671.65,707.35,0,0,0,0,17-Apr-17
OPTSTK,HEROMOTOCO,25-May-17,2600,CE,0,0,0,624.7,657.7,0,0,0,0,17-Apr-17
OPTSTK,HEROMOTOCO,25-May-17,2650,CE,0,0,0,578.55,608.05,0,0,0,0,17-Apr-17
OPTSTK,HEROMOTOCO,25-May-17,2700,CE,0,0,0,533.4,558.4,0,0,0,0,17-Apr-17
OPTSTK,HEROMOTOCO,25-May-17,2750,CE,0,0,0,489.4,508.8,0,0,0,0,17-Apr-17
OPTSTK,HEROMOTOCO,25-May-17,2800,CE,0,0,0,446.8,459.3,0,0,0,0,17-Apr-17
OPTSTK,HEROMOTOCO,25-May-17,2850,CE,0,0,0,405.8,410.05,0,0,0,0,17-Apr-17
OPTSTK,HEROMOTOCO,25-May-17,2900,CE,0,0,0,366.55,361.25,0,0,0,0,17-Apr-17
OPTSTK,HEROMOTOCO,25-May-17,2950,CE,0,0,0,329.35,313.25,0,0,0,0,17-Apr-17
OPTSTK,HEROMOTOCO,25-May-17,3000,CE,0,0,0,244,266.7,0,0,200,0,17-Apr-17
OPTSTK,HEROMOTOCO,25-May-17,3050,CE,0,0,0,261.1,222.25,0,0,0,0,17-Apr-17
OPTSTK,HEROMOTOCO,25-May-17,3100,CE,0,0,0,230.5,180.75,0,0,0,0,17-Apr-17
OPTSTK,HEROMOTOCO,25-May-17,3150,CE,0,0,0,202.25,143.05,0,0,0,0,17-Apr-17
OPTSTK,HEROMOTOCO,25-May-17,3200,CE,0,0,0,176.4,109.95,0,0,0,0,17-Apr-17
OPTSTK,HEROMOTOCO,25-May-17,3250,CE,114,114,86,100,100,4,26.8,0,0,17-Apr-17
OPTSTK,HEROMOTOCO,25-May-17,3300,CE,0,0,0,66,58.9,0,0,200,0,17-Apr-17
OPTSTK,HEROMOTOCO,25-May-17,3350,CE,0,0,0,111.2,40.95,0,0,200,0,17-Apr-17
OPTSTK,HEROMOTOCO,25-May-17,3400,CE,0,0,0,96.15,27.45,0,0,0,0,17-Apr-17
OPTSTK,HEROMOTOCO,25-May-17,3450,CE,0,0,0,28.9,17.75,0,0,200,0,17-Apr-17
OPTSTK,HEROMOTOCO,25-May-17,3500,CE,0,0,0,68.65,11.1,0,0,0,0,17-Apr-17
OPTSTK,HEROMOTOCO,25-May-17,3550,CE,0,0,0,57.4,6.65,0,0,0,0,17-Apr-17
OPTSTK,HEROMOTOCO,25-May-17,3600,CE,0,0,0,47.8,3.85,0,0,0,0,17-Apr-17
OPTSTK,HEROMOTOCO,25-May-17,3650,CE,0,0,0,39.6,2.15,0,0,0,0,17-Apr-17
OPTSTK,HEROMOTOCO,25-May-17,3700,CE,0,0,0,32.6,1.15,0,0,0,0,17-Apr-17
OPTSTK,HEROMOTOCO,25-May-17,3750,CE,0,0,0,26.7,0.6,0,0,0,0,17-Apr-17
OPTSTK,HEROMOTOCO,25-May-17,3800,CE,0,0,0,21.75,0.3,0,0,0,0,17-Apr-17
OPTSTK,HEROMOTOCO,25-May-17,3850,CE,0,0,0,17.65,0.15,0,0,0,0,17-Apr-17
OPTSTK,HEROMOTOCO,25-May-17,3900,CE,0,0,0,14.2,0.1,0,0,0,0,17-Apr-17
OPTSTK,HEROMOTOCO,25-May-17,3950,CE,0,0,0,11.4,0.05,0,0,0,0,17-Apr-17
OPTSTK,HEROMOTOCO,25-May-17,4000,CE,0,0,0,9.1,0.05,0,0,0,0,17-Apr-17
OPTSTK,HEROMOTOCO,25-May-17,4050,CE,0,0,0,7.25,0.05,0,0,0,0,17-Apr-17
OPTSTK,HEROMOTOCO,25-May-17,2400,PE,0,0,0,1.3,0,0,0,0,0,17-Apr-17
OPTSTK,HEROMOTOCO,25-May-17,2450,PE,0,0,0,2.1,0,0,0,0,0,17-Apr-17
OPTSTK,HEROMOTOCO,25-May-17,2500,PE,0,0,0,3.25,0,0,0,0,0,17-Apr-17
OPTSTK,HEROMOTOCO,25-May-17,2550,PE,0,0,0,4.9,0,0,0,0,0,17-Apr-17
OPTSTK,HEROMOTOCO,25-May-17,2600,PE,0,0,0,7.15,0,0,0,0,0,17-Apr-17
OPTSTK,HEROMOTOCO,25-May-17,2650,PE,0,0,0,10.2,0.05,0,0,0,0,17-Apr-17
OPTSTK,HEROMOTOCO,25-May-17,2700,PE,0,0,0,14.25,0.05,0,0,0,0,17-Apr-17
OPTSTK,HEROMOTOCO,25-May-17,2750,PE,0,0,0,19.5,0.1,0,0,0,0,17-Apr-17
OPTSTK,HEROMOTOCO,25-May-17,2800,PE,0,0,0,26.15,0.25,0,0,0,0,17-Apr-17
OPTSTK,HEROMOTOCO,25-May-17,2850,PE,0,0,0,34.35,0.65,0,0,0,0,17-Apr-17
OPTSTK,HEROMOTOCO,25-May-17,2900,PE,0,0,0,44.3,1.5,0,0,0,0,17-Apr-17
OPTSTK,HEROMOTOCO,25-May-17,2950,PE,0,0,0,56.35,3.2,0,0,0,0,17-Apr-17
OPTSTK,HEROMOTOCO,25-May-17,3000,PE,0,0,0,15.9,6.3,0,0,400,0,17-Apr-17
OPTSTK,HEROMOTOCO,25-May-17,3050,PE,0,0,0,86.5,11.55,0,0,0,0,17-Apr-17
OPTSTK,HEROMOTOCO,25-May-17,3100,PE,0,0,0,105.1,19.7,0,0,0,0,17-Apr-17
OPTSTK,HEROMOTOCO,25-May-17,3150,PE,0,0,0,126.05,31.65,0,0,0,0,17-Apr-17
OPTSTK,HEROMOTOCO,25-May-17,3200,PE,0,0,0,149.45,48.2,0,0,0,0,17-Apr-17
OPTSTK,HEROMOTOCO,25-May-17,3250,PE,0,0,0,109.05,69.75,0,0,200,0,17-Apr-17
OPTSTK,HEROMOTOCO,25-May-17,3300,PE,0,0,0,203.25,96.5,0,0,0,0,17-Apr-17
OPTSTK,HEROMOTOCO,25-May-17,3350,PE,0,0,0,233.6,128.2,0,0,0,0,17-Apr-17
OPTSTK,HEROMOTOCO,25-May-17,3400,PE,0,0,0,266.05,164.4,0,0,0,0,17-Apr-17
OPTSTK,HEROMOTOCO,25-May-17,3450,PE,0,0,0,300.5,204.35,0,0,0,0,17-Apr-17
OPTSTK,HEROMOTOCO,25-May-17,3500,PE,0,0,0,337,247.3,0,0,0,0,17-Apr-17
OPTSTK,HEROMOTOCO,25-May-17,3550,PE,0,0,0,374.95,292.55,0,0,0,0,17-Apr-17
OPTSTK,HEROMOTOCO,25-May-17,3600,PE,0,0,0,414.55,339.45,0,0,0,0,17-Apr-17
OPTSTK,HEROMOTOCO,25-May-17,3650,PE,0,0,0,455.55,387.4,0,0,0,0,17-Apr-17
OPTSTK,HEROMOTOCO,25-May-17,3700,PE,0,0,0,497.8,436.05,0,0,0,0,17-Apr-17
OPTSTK,HEROMOTOCO,25-May-17,3750,PE,0,0,0,541.1,485.15,0,0,0,0,17-Apr-17
OPTSTK,HEROMOTOCO,25-May-17,3800,PE,0,0,0,585.35,534.55,0,0,0,0,17-Apr-17
OPTSTK,HEROMOTOCO,25-May-17,3850,PE,0,0,0,630.45,584.05,0,0,0,0,17-Apr-17
OPTSTK,HEROMOTOCO,25-May-17,3900,PE,0,0,0,676.25,633.65,0,0,0,0,17-Apr-17
OPTSTK,HEROMOTOCO,25-May-17,3950,PE,0,0,0,722.7,683.25,0,0,0,0,17-Apr-17
OPTSTK,HEROMOTOCO,25-May-17,4000,PE,0,0,0,769.6,732.9,0,0,0,0,17-Apr-17
OPTSTK,HEROMOTOCO,25-May-17,4050,PE,0,0,0,816.95,782.55,0,0,0,0,17-Apr-17
OPTSTK,HEROMOTOCO,29-Jun-17,2400,CE,0,0,0,871.65,871.15,0,0,0,0,17-Apr-17
OPTSTK,HEROMOTOCO,29-Jun-17,2450,CE,0,0,0,822.75,821.8,0,0,0,0,17-Apr-17
OPTSTK,HEROMOTOCO,29-Jun-17,2500,CE,0,0,0,774.05,772.5,0,0,0,0,17-Apr-17
OPTSTK,HEROMOTOCO,29-Jun-17,2550,CE,0,0,0,725.6,723.15,0,0,0,0,17-Apr-17
OPTSTK,HEROMOTOCO,29-Jun-17,2600,CE,0,0,0,677.55,673.9,0,0,0,0,17-Apr-17
OPTSTK,HEROMOTOCO,29-Jun-17,2650,CE,0,0,0,630,624.7,0,0,0,0,17-Apr-17
OPTSTK,HEROMOTOCO,29-Jun-17,2700,CE,0,0,0,583.1,575.7,0,0,0,0,17-Apr-17
OPTSTK,HEROMOTOCO,29-Jun-17,2750,CE,0,0,0,537.05,526.95,0,0,0,0,17-Apr-17
OPTSTK,HEROMOTOCO,29-Jun-17,2800,CE,0,0,0,492.05,478.65,0,0,0,0,17-Apr-17
OPTSTK,HEROMOTOCO,29-Jun-17,2850,CE,0,0,0,448.35,431.1,0,0,0,0,17-Apr-17
OPTSTK,HEROMOTOCO,29-Jun-17,2900,CE,0,0,0,406.15,384.5,0,0,0,0,17-Apr-17
OPTSTK,HEROMOTOCO,29-Jun-17,2950,CE,0,0,0,365.65,339.35,0,0,0,0,17-Apr-17
OPTSTK,HEROMOTOCO,29-Jun-17,3000,CE,0,0,0,327.15,295.95,0,0,0,0,17-Apr-17
OPTSTK,HEROMOTOCO,29-Jun-17,3050,CE,0,0,0,290.85,254.9,0,0,0,0,17-Apr-17
OPTSTK,HEROMOTOCO,29-Jun-17,3100,CE,0,0,0,256.65,216.55,0,0,0,0,17-Apr-17
OPTSTK,HEROMOTOCO,29-Jun-17,3150,CE,0,0,0,225,181.3,0,0,0,0,17-Apr-17
OPTSTK,HEROMOTOCO,29-Jun-17,3200,CE,0,0,0,195.9,149.5,0,0,0,0,17-Apr-17
OPTSTK,HEROMOTOCO,29-Jun-17,3250,CE,0,0,0,169.35,121.35,0,0,0,0,17-Apr-17
OPTSTK,HEROMOTOCO,29-Jun-17,3300,CE,0,0,0,145.35,96.9,0,0,0,0,17-Apr-17
OPTSTK,HEROMOTOCO,29-Jun-17,3350,CE,0,0,0,123.9,76.1,0,0,0,0,17-Apr-17
OPTSTK,HEROMOTOCO,29-Jun-17,3400,CE,0,0,0,104.85,58.75,0,0,0,0,17-Apr-17
OPTSTK,HEROMOTOCO,29-Jun-17,3450,CE,0,0,0,88.1,44.6,0,0,0,0,17-Apr-17
OPTSTK,HEROMOTOCO,29-Jun-17,3500,CE,0,0,0,73.5,33.35,0,0,0,0,17-Apr-17
OPTSTK,HEROMOTOCO,29-Jun-17,3550,CE,0,0,0,61.05,24.5,0,0,0,0,17-Apr-17
OPTSTK,HEROMOTOCO,29-Jun-17,3600,CE,0,0,0,50.15,17.65,0,0,0,0,17-Apr-17
OPTSTK,HEROMOTOCO,29-Jun-17,3650,CE,0,0,0,41,12.55,0,0,0,0,17-Apr-17
OPTSTK,HEROMOTOCO,29-Jun-17,3700,CE,0,0,0,33.3,8.75,0,0,0,0,17-Apr-17
OPTSTK,HEROMOTOCO,29-Jun-17,3750,CE,0,0,0,26.85,6,0,0,0,0,17-Apr-17
OPTSTK,HEROMOTOCO,29-Jun-17,3800,CE,0,0,0,21.55,4.05,0,0,0,0,17-Apr-17
OPTSTK,HEROMOTOCO,29-Jun-17,3850,CE,0,0,0,17.15,2.7,0,0,0,0,17-Apr-17
OPTSTK,HEROMOTOCO,29-Jun-17,3900,CE,0,0,0,13.55,1.8,0,0,0,0,17-Apr-17
OPTSTK,HEROMOTOCO,29-Jun-17,3950,CE,0,0,0,10.65,1.15,0,0,0,0,17-Apr-17
OPTSTK,HEROMOTOCO,29-Jun-17,4000,CE,0,0,0,8.35,0.75,0,0,0,0,17-Apr-17
OPTSTK,HEROMOTOCO,29-Jun-17,4050,CE,0,0,0,6.5,0.45,0,0,0,0,17-Apr-17
OPTSTK,HEROMOTOCO,29-Jun-17,2400,PE,0,0,0,0.4,0,0,0,0,0,17-Apr-17
OPTSTK,HEROMOTOCO,29-Jun-17,2450,PE,0,0,0,0.7,0.05,0,0,0,0,17-Apr-17
OPTSTK,HEROMOTOCO,29-Jun-17,2500,PE,0,0,0,1.2,0.05,0,0,0,0,17-Apr-17
OPTSTK,HEROMOTOCO,29-Jun-17,2550,PE,0,0,0,1.9,0.1,0,0,0,0,17-Apr-17
OPTSTK,HEROMOTOCO,29-Jun-17,2600,PE,0,0,0,3,0.15,0,0,0,0,17-Apr-17
OPTSTK,HEROMOTOCO,29-Jun-17,2650,PE,0,0,0,4.65,0.35,0,0,0,0,17-Apr-17
OPTSTK,HEROMOTOCO,29-Jun-17,2700,PE,0,0,0,6.9,0.65,0,0,0,0,17-Apr-17
OPTSTK,HEROMOTOCO,29-Jun-17,2750,PE,0,0,0,10.05,1.3,0,0,0,0,17-Apr-17
OPTSTK,HEROMOTOCO,29-Jun-17,2800,PE,0,0,0,14.2,2.35,0,0,0,0,17-Apr-17
OPTSTK,HEROMOTOCO,29-Jun-17,2850,PE,0,0,0,19.7,4.1,0,0,0,0,17-Apr-17
OPTSTK,HEROMOTOCO,29-Jun-17,2900,PE,0,0,0,26.65,6.9,0,0,0,0,17-Apr-17
OPTSTK,HEROMOTOCO,29-Jun-17,2950,PE,0,0,0,35.35,11.05,0,0,0,0,17-Apr-17
OPTSTK,HEROMOTOCO,29-Jun-17,3000,PE,0,0,0,46,17.05,0,0,0,0,17-Apr-17
OPTSTK,HEROMOTOCO,29-Jun-17,3050,PE,0,0,0,58.9,25.35,0,0,0,0,17-Apr-17
OPTSTK,HEROMOTOCO,29-Jun-17,3100,PE,0,0,0,73.85,36.35,0,0,0,0,17-Apr-17
OPTSTK,HEROMOTOCO,29-Jun-17,3150,PE,0,0,0,91.4,50.45,0,0,0,0,17-Apr-17
OPTSTK,HEROMOTOCO,29-Jun-17,3200,PE,0,0,0,111.5,68,0,0,0,0,17-Apr-17
OPTSTK,HEROMOTOCO,29-Jun-17,3250,PE,0,0,0,134.1,89.25,0,0,0,0,17-Apr-17
OPTSTK,HEROMOTOCO,29-Jun-17,3300,PE,0,0,0,159.3,114.15,0,0,0,0,17-Apr-17
OPTSTK,HEROMOTOCO,29-Jun-17,3350,PE,0,0,0,187,142.7,0,0,0,0,17-Apr-17
OPTSTK,HEROMOTOCO,29-Jun-17,3400,PE,0,0,0,217.1,174.7,0,0,0,0,17-Apr-17
OPTSTK,HEROMOTOCO,29-Jun-17,3450,PE,0,0,0,249.55,209.9,0,0,0,0,17-Apr-17
OPTSTK,HEROMOTOCO,29-Jun-17,3500,PE,0,0,0,284.1,248,0,0,0,0,17-Apr-17
OPTSTK,HEROMOTOCO,29-Jun-17,3550,PE,0,0,0,320.85,288.5,0,0,0,0,17-Apr-17
OPTSTK,HEROMOTOCO,29-Jun-17,3600,PE,0,0,0,359.15,331,0,0,0,0,17-Apr-17
OPTSTK,HEROMOTOCO,29-Jun-17,3650,PE,0,0,0,399.15,375.25,0,0,0,0,17-Apr-17
OPTSTK,HEROMOTOCO,29-Jun-17,3700,PE,0,0,0,440.65,420.8,0,0,0,0,17-Apr-17
OPTSTK,HEROMOTOCO,29-Jun-17,3750,PE,0,0,0,483.35,467.45,0,0,0,0,17-Apr-17
OPTSTK,HEROMOTOCO,29-Jun-17,3800,PE,0,0,0,527.2,514.85,0,0,0,0,17-Apr-17
OPTSTK,HEROMOTOCO,29-Jun-17,3850,PE,0,0,0,572,562.85,0,0,0,0,17-Apr-17
OPTSTK,HEROMOTOCO,29-Jun-17,3900,PE,0,0,0,617.6,611.25,0,0,0,0,17-Apr-17
OPTSTK,HEROMOTOCO,29-Jun-17,3950,PE,0,0,0,663.9,660,0,0,0,0,17-Apr-17
OPTSTK,HEROMOTOCO,29-Jun-17,4000,PE,0,0,0,710.75,708.9,0,0,0,0,17-Apr-17
OPTSTK,HEROMOTOCO,29-Jun-17,4050,PE,0,0,0,758.05,758,0,0,0,0,17-Apr-17
OPTSTK,HEXAWARE,27-Apr-17,140,CE,0,0,0,58.8,66.15,0,0,0,0,17-Apr-17
OPTSTK,HEXAWARE,27-Apr-17,145,CE,0,0,0,53.95,61.15,0,0,0,0,17-Apr-17
OPTSTK,HEXAWARE,27-Apr-17,150,CE,0,0,0,49.15,56.2,0,0,0,0,17-Apr-17
OPTSTK,HEXAWARE,27-Apr-17,155,CE,0,0,0,44.45,51.2,0,0,0,0,17-Apr-17
OPTSTK,HEXAWARE,27-Apr-17,160,CE,0,0,0,39.8,46.2,0,0,0,0,17-Apr-17
OPTSTK,HEXAWARE,27-Apr-17,165,CE,0,0,0,35.3,41.2,0,0,0,0,17-Apr-17
OPTSTK,HEXAWARE,27-Apr-17,170,CE,0,0,0,31.05,36.2,0,0,0,0,17-Apr-17
OPTSTK,HEXAWARE,27-Apr-17,175,CE,0,0,0,26.95,31.2,0,0,0,0,17-Apr-17
OPTSTK,HEXAWARE,27-Apr-17,180,CE,0,0,0,23.2,26.25,0,0,0,0,17-Apr-17
OPTSTK,HEXAWARE,27-Apr-17,185,CE,0,0,0,19.7,21.25,0,0,0,0,17-Apr-17
OPTSTK,HEXAWARE,27-Apr-17,190,CE,0,0,0,16.55,16.35,0,0,0,0,17-Apr-17
OPTSTK,HEXAWARE,27-Apr-17,195,CE,0,0,0,13.75,11.6,0,0,0,0,17-Apr-17
OPTSTK,HEXAWARE,27-Apr-17,200,CE,9,9,9,9,9,1,6.27,6000,0,17-Apr-17
OPTSTK,HEXAWARE,27-Apr-17,205,CE,6,6,6,6,6,1,6.33,6000,3000,17-Apr-17
OPTSTK,HEXAWARE,27-Apr-17,210,CE,3.8,4.4,3.8,3.85,3.85,10,64.21,48000,9000,17-Apr-17
OPTSTK,HEXAWARE,27-Apr-17,215,CE,1.95,2.4,1.85,1.85,1.85,15,97.7,84000,12000,17-Apr-17
OPTSTK,HEXAWARE,27-Apr-17,220,CE,1.2,1.35,1.2,1.25,1.25,5,33.18,180000,6000,17-Apr-17
OPTSTK,HEXAWARE,27-Apr-17,225,CE,0.6,0.6,0.6,0.6,0.6,1,6.76,51000,0,17-Apr-17
OPTSTK,HEXAWARE,27-Apr-17,230,CE,0.5,0.5,0.5,0.5,0.5,1,6.91,138000,-3000,17-Apr-17
OPTSTK,HEXAWARE,27-Apr-17,235,CE,0.3,0.3,0.3,0.3,0.3,1,7.05,24000,0,17-Apr-17
OPTSTK,HEXAWARE,27-Apr-17,240,CE,0.1,0.1,0.1,0.1,0.1,5,36.01,18000,-3000,17-Apr-17
OPTSTK,HEXAWARE,27-Apr-17,245,CE,0,0,0,1,0,0,0,3000,0,17-Apr-17
OPTSTK,HEXAWARE,27-Apr-17,250,CE,0,0,0,0.85,0,0,0,0,0,17-Apr-17
OPTSTK,HEXAWARE,27-Apr-17,255,CE,0,0,0,0.65,0,0,0,0,0,17-Apr-17
OPTSTK,HEXAWARE,27-Apr-17,260,CE,0,0,0,0.45,0,0,0,0,0,17-Apr-17
OPTSTK,HEXAWARE,27-Apr-17,265,CE,0,0,0,0.35,0,0,0,0,0,17-Apr-17
OPTSTK,HEXAWARE,27-Apr-17,270,CE,0,0,0,0.25,0,0,0,0,0,17-Apr-17
OPTSTK,HEXAWARE,27-Apr-17,140,PE,0,0,0,0.1,0,0,0,0,0,17-Apr-17
OPTSTK,HEXAWARE,27-Apr-17,145,PE,0,0,0,0.15,0,0,0,0,0,17-Apr-17
OPTSTK,HEXAWARE,27-Apr-17,150,PE,0,0,0,0.25,0,0,0,0,0,17-Apr-17
OPTSTK,HEXAWARE,27-Apr-17,155,PE,0,0,0,0.45,0,0,0,0,0,17-Apr-17
OPTSTK,HEXAWARE,27-Apr-17,160,PE,0,0,0,0.7,0,0,0,0,0,17-Apr-17
OPTSTK,HEXAWARE,27-Apr-17,165,PE,0,0,0,1.15,0,0,0,0,0,17-Apr-17
OPTSTK,HEXAWARE,27-Apr-17,170,PE,0,0,0,1.8,0,0,0,0,0,17-Apr-17
OPTSTK,HEXAWARE,27-Apr-17,175,PE,0,0,0,2.65,0,0,0,0,0,17-Apr-17
OPTSTK,HEXAWARE,27-Apr-17,180,PE,0,0,0,3.8,0,0,0,0,0,17-Apr-17
OPTSTK,HEXAWARE,27-Apr-17,185,PE,0,0,0,5.2,0.05,0,0,0,0,17-Apr-17
OPTSTK,HEXAWARE,27-Apr-17,190,PE,0,0,0,6.95,0.1,0,0,0,0,17-Apr-17
OPTSTK,HEXAWARE,27-Apr-17,195,PE,1.4,1.4,0.75,0.75,0.75,3,17.65,24000,3000,17-Apr-17
OPTSTK,HEXAWARE,27-Apr-17,200,PE,3,3,1.9,2.05,2.05,9,54.61,78000,6000,17-Apr-17
OPTSTK,HEXAWARE,27-Apr-17,205,PE,0,0,0,2.85,2.85,0,0,6000,0,17-Apr-17
OPTSTK,HEXAWARE,27-Apr-17,210,PE,6.5,6.5,5.9,6.1,6.1,3,19.45,42000,0,17-Apr-17
OPTSTK,HEXAWARE,27-Apr-17,215,PE,0,0,0,11.45,9.5,0,0,12000,0,17-Apr-17
OPTSTK,HEXAWARE,27-Apr-17,220,PE,0,0,0,15.5,13.95,0,0,24000,0,17-Apr-17
OPTSTK,HEXAWARE,27-Apr-17,225,PE,0,0,0,12.65,18.8,0,0,3000,0,17-Apr-17
OPTSTK,HEXAWARE,27-Apr-17,230,PE,0,0,0,13,23.75,0,0,3000,0,17-Apr-17
OPTSTK,HEXAWARE,27-Apr-17,235,PE,0,0,0,36.75,28.7,0,0,0,0,17-Apr-17
OPTSTK,HEXAWARE,27-Apr-17,240,PE,0,0,0,41.15,33.7,0,0,0,0,17-Apr-17
OPTSTK,HEXAWARE,27-Apr-17,245,PE,0,0,0,45.7,38.7,0,0,0,0,17-Apr-17
OPTSTK,HEXAWARE,27-Apr-17,250,PE,0,0,0,50.3,43.7,0,0,0,0,17-Apr-17
OPTSTK,HEXAWARE,27-Apr-17,255,PE,0,0,0,55,48.7,0,0,0,0,17-Apr-17
OPTSTK,HEXAWARE,27-Apr-17,260,PE,0,0,0,59.75,53.65,0,0,0,0,17-Apr-17
OPTSTK,HEXAWARE,27-Apr-17,265,PE,0,0,0,64.55,58.65,0,0,0,0,17-Apr-17
OPTSTK,HEXAWARE,27-Apr-17,270,PE,0,0,0,69.35,63.65,0,0,0,0,17-Apr-17
OPTSTK,HEXAWARE,25-May-17,140,CE,0,0,0,83.3,66.85,0,0,0,0,17-Apr-17
OPTSTK,HEXAWARE,25-May-17,145,CE,0,0,0,78.35,61.9,0,0,0,0,17-Apr-17
OPTSTK,HEXAWARE,25-May-17,150,CE,0,0,0,73.45,56.95,0,0,0,0,17-Apr-17
OPTSTK,HEXAWARE,25-May-17,155,CE,0,0,0,68.6,51.95,0,0,0,0,17-Apr-17
OPTSTK,HEXAWARE,25-May-17,160,CE,0,0,0,63.75,47,0,0,0,0,17-Apr-17
OPTSTK,HEXAWARE,25-May-17,165,CE,0,0,0,58.95,42.05,0,0,0,0,17-Apr-17
OPTSTK,HEXAWARE,25-May-17,170,CE,0,0,0,54.2,37.1,0,0,0,0,17-Apr-17
OPTSTK,HEXAWARE,25-May-17,175,CE,0,0,0,49.55,32.2,0,0,0,0,17-Apr-17
OPTSTK,HEXAWARE,25-May-17,180,CE,0,0,0,45,27.4,0,0,0,0,17-Apr-17
OPTSTK,HEXAWARE,25-May-17,185,CE,0,0,0,40.6,22.75,0,0,0,0,17-Apr-17
OPTSTK,HEXAWARE,25-May-17,190,CE,0,0,0,36.35,18.35,0,0,0,0,17-Apr-17
OPTSTK,HEXAWARE,25-May-17,195,CE,0,0,0,32.35,14.35,0,0,0,0,17-Apr-17
OPTSTK,HEXAWARE,25-May-17,200,CE,14.45,14.45,14.45,14.45,14.45,1,6.43,3000,3000,17-Apr-17
OPTSTK,HEXAWARE,25-May-17,205,CE,13,13,11.9,11.9,11.9,2,13.04,12000,6000,17-Apr-17
OPTSTK,HEXAWARE,25-May-17,210,CE,0,0,0,21.7,5.5,0,0,0,0,17-Apr-17
OPTSTK,HEXAWARE,25-May-17,215,CE,0,0,0,18.7,3.7,0,0,0,0,17-Apr-17
OPTSTK,HEXAWARE,25-May-17,220,CE,0,0,0,16,2.35,0,0,0,0,17-Apr-17
OPTSTK,HEXAWARE,25-May-17,225,CE,0,0,0,13.6,1.45,0,0,0,0,17-Apr-17
OPTSTK,HEXAWARE,25-May-17,230,CE,0,0,0,11.45,0.85,0,0,0,0,17-Apr-17
OPTSTK,HEXAWARE,25-May-17,235,CE,0,0,0,9.55,0.5,0,0,0,0,17-Apr-17
OPTSTK,HEXAWARE,25-May-17,240,CE,0,0,0,7.9,0.3,0,0,0,0,17-Apr-17
OPTSTK,HEXAWARE,25-May-17,245,CE,0,0,0,6.5,0.15,0,0,0,0,17-Apr-17
OPTSTK,HEXAWARE,25-May-17,250,CE,0,0,0,5.35,0.1,0,0,0,0,17-Apr-17
OPTSTK,HEXAWARE,25-May-17,255,CE,0,0,0,4.35,0.05,0,0,0,0,17-Apr-17
OPTSTK,HEXAWARE,25-May-17,260,CE,0,0,0,3.5,0.05,0,0,0,0,17-Apr-17
OPTSTK,HEXAWARE,25-May-17,265,CE,0,0,0,2.8,0.05,0,0,0,0,17-Apr-17
OPTSTK,HEXAWARE,25-May-17,270,CE,0,0,0,2.25,0,0,0,0,0,17-Apr-17
OPTSTK,HEXAWARE,25-May-17,140,PE,0,0,0,0.05,0,0,0,0,0,17-Apr-17
OPTSTK,HEXAWARE,25-May-17,145,PE,0,0,0,0.05,0,0,0,0,0,17-Apr-17
OPTSTK,HEXAWARE,25-May-17,150,PE,0,0,0,0.05,0,0,0,0,0,17-Apr-17
OPTSTK,HEXAWARE,25-May-17,155,PE,0,0,0,0.1,0,0,0,0,0,17-Apr-17
OPTSTK,HEXAWARE,25-May-17,160,PE,0,0,0,0.15,0,0,0,0,0,17-Apr-17
OPTSTK,HEXAWARE,25-May-17,165,PE,0,0,0,0.3,0.05,0,0,0,0,17-Apr-17
OPTSTK,HEXAWARE,25-May-17,170,PE,0,0,0,0.45,0.05,0,0,0,0,17-Apr-17
OPTSTK,HEXAWARE,25-May-17,175,PE,0,0,0,0.75,0.15,0,0,0,0,17-Apr-17
OPTSTK,HEXAWARE,25-May-17,180,PE,0,0,0,1.1,0.3,0,0,0,0,17-Apr-17
OPTSTK,HEXAWARE,25-May-17,185,PE,0,0,0,1.65,0.6,0,0,0,0,17-Apr-17
OPTSTK,HEXAWARE,25-May-17,190,PE,0,0,0,2.35,1.2,0,0,0,0,17-Apr-17
OPTSTK,HEXAWARE,25-May-17,195,PE,0,0,0,3.2,2.15,0,0,0,0,17-Apr-17
OPTSTK,HEXAWARE,25-May-17,200,PE,0,0,0,4.35,3.6,0,0,0,0,17-Apr-17
OPTSTK,HEXAWARE,25-May-17,205,PE,0,0,0,5.7,5.6,0,0,0,0,17-Apr-17
OPTSTK,HEXAWARE,25-May-17,210,PE,0,0,0,7.35,8.2,0,0,0,0,17-Apr-17
OPTSTK,HEXAWARE,25-May-17,215,PE,0,0,0,9.3,11.35,0,0,0,0,17-Apr-17
OPTSTK,HEXAWARE,25-May-17,220,PE,0,0,0,11.5,15,0,0,0,0,17-Apr-17
OPTSTK,HEXAWARE,25-May-17,225,PE,0,0,0,14,19.05,0,0,0,0,17-Apr-17
OPTSTK,HEXAWARE,25-May-17,230,PE,0,0,0,16.75,23.4,0,0,0,0,17-Apr-17
OPTSTK,HEXAWARE,25-May-17,235,PE,0,0,0,19.8,28,0,0,0,0,17-Apr-17
OPTSTK,HEXAWARE,25-May-17,240,PE,0,0,0,23.1,32.75,0,0,0,0,17-Apr-17
OPTSTK,HEXAWARE,25-May-17,245,PE,0,0,0,26.6,37.6,0,0,0,0,17-Apr-17
OPTSTK,HEXAWARE,25-May-17,250,PE,0,0,0,30.35,42.5,0,0,0,0,17-Apr-17
OPTSTK,HEXAWARE,25-May-17,255,PE,0,0,0,34.3,47.45,0,0,0,0,17-Apr-17
OPTSTK,HEXAWARE,25-May-17,260,PE,0,0,0,38.35,52.4,0,0,0,0,17-Apr-17
OPTSTK,HEXAWARE,25-May-17,265,PE,0,0,0,42.6,57.35,0,0,0,0,17-Apr-17
OPTSTK,HEXAWARE,25-May-17,270,PE,0,0,0,46.95,62.3,0,0,0,0,17-Apr-17
OPTSTK,HEXAWARE,29-Jun-17,140,CE,0,0,0,81,67.75,0,0,0,0,17-Apr-17
OPTSTK,HEXAWARE,29-Jun-17,145,CE,0,0,0,76.05,62.8,0,0,0,0,17-Apr-17
OPTSTK,HEXAWARE,29-Jun-17,150,CE,0,0,0,71.15,57.85,0,0,0,0,17-Apr-17
OPTSTK,HEXAWARE,29-Jun-17,155,CE,0,0,0,66.3,52.95,0,0,0,0,17-Apr-17
OPTSTK,HEXAWARE,29-Jun-17,160,CE,0,0,0,61.4,48.05,0,0,0,0,17-Apr-17
OPTSTK,HEXAWARE,29-Jun-17,165,CE,0,0,0,56.6,43.2,0,0,0,0,17-Apr-17
OPTSTK,HEXAWARE,29-Jun-17,170,CE,0,0,0,51.8,38.4,0,0,0,0,17-Apr-17
OPTSTK,HEXAWARE,29-Jun-17,175,CE,0,0,0,47.15,33.75,0,0,0,0,17-Apr-17
OPTSTK,HEXAWARE,29-Jun-17,180,CE,0,0,0,42.55,29.2,0,0,0,0,17-Apr-17
OPTSTK,HEXAWARE,29-Jun-17,185,CE,0,0,0,38.15,24.95,0,0,0,0,17-Apr-17
OPTSTK,HEXAWARE,29-Jun-17,190,CE,0,0,0,33.9,20.9,0,0,0,0,17-Apr-17
OPTSTK,HEXAWARE,29-Jun-17,195,CE,0,0,0,29.85,17.25,0,0,0,0,17-Apr-17
OPTSTK,HEXAWARE,29-Jun-17,200,CE,0,0,0,26.05,13.95,0,0,0,0,17-Apr-17
OPTSTK,HEXAWARE,29-Jun-17,205,CE,0,0,0,22.5,11.1,0,0,0,0,17-Apr-17
OPTSTK,HEXAWARE,29-Jun-17,210,CE,0,0,0,19.3,8.65,0,0,0,0,17-Apr-17
OPTSTK,HEXAWARE,29-Jun-17,215,CE,0,0,0,16.35,6.6,0,0,0,0,17-Apr-17
OPTSTK,HEXAWARE,29-Jun-17,220,CE,0,0,0,13.75,4.95,0,0,0,0,17-Apr-17
OPTSTK,HEXAWARE,29-Jun-17,225,CE,0,0,0,11.45,3.65,0,0,0,0,17-Apr-17
OPTSTK,HEXAWARE,29-Jun-17,230,CE,0,0,0,9.45,2.65,0,0,0,0,17-Apr-17
OPTSTK,HEXAWARE,29-Jun-17,235,CE,0,0,0,7.7,1.85,0,0,0,0,17-Apr-17
OPTSTK,HEXAWARE,29-Jun-17,240,CE,0,0,0,6.25,1.3,0,0,0,0,17-Apr-17
OPTSTK,HEXAWARE,29-Jun-17,245,CE,0,0,0,5,0.9,0,0,0,0,17-Apr-17
OPTSTK,HEXAWARE,29-Jun-17,250,CE,0,0,0,4,0.6,0,0,0,0,17-Apr-17
OPTSTK,HEXAWARE,29-Jun-17,255,CE,0,0,0,3.15,0.4,0,0,0,0,17-Apr-17
OPTSTK,HEXAWARE,29-Jun-17,260,CE,0,0,0,2.45,0.25,0,0,0,0,17-Apr-17
OPTSTK,HEXAWARE,29-Jun-17,265,CE,0,0,0,1.9,0.2,0,0,0,0,17-Apr-17
OPTSTK,HEXAWARE,29-Jun-17,270,CE,0,0,0,1.5,0.1,0,0,0,0,17-Apr-17
OPTSTK,HEXAWARE,29-Jun-17,140,PE,0,0,0,0.05,0,0,0,0,0,17-Apr-17
OPTSTK,HEXAWARE,29-Jun-17,145,PE,0,0,0,0.05,0,0,0,0,0,17-Apr-17
OPTSTK,HEXAWARE,29-Jun-17,150,PE,0,0,0,0.05,0.05,0,0,0,0,17-Apr-17
OPTSTK,HEXAWARE,29-Jun-17,155,PE,0,0,0,0.05,0.05,0,0,0,0,17-Apr-17
OPTSTK,HEXAWARE,29-Jun-17,160,PE,0,0,0,0.15,0.1,0,0,0,0,17-Apr-17
OPTSTK,HEXAWARE,29-Jun-17,165,PE,0,0,0,0.2,0.15,0,0,0,0,17-Apr-17
OPTSTK,HEXAWARE,29-Jun-17,170,PE,0,0,0,0.35,0.3,0,0,0,0,17-Apr-17
OPTSTK,HEXAWARE,29-Jun-17,175,PE,0,0,0,0.6,0.55,0,0,0,0,17-Apr-17
OPTSTK,HEXAWARE,29-Jun-17,180,PE,0,0,0,0.95,1,0,0,0,0,17-Apr-17
OPTSTK,HEXAWARE,29-Jun-17,185,PE,0,0,0,1.45,1.65,0,0,0,0,17-Apr-17
OPTSTK,HEXAWARE,29-Jun-17,190,PE,0,0,0,2.1,2.55,0,0,0,0,17-Apr-17
OPTSTK,HEXAWARE,29-Jun-17,195,PE,0,0,0,2.95,3.85,0,0,0,0,17-Apr-17
OPTSTK,HEXAWARE,29-Jun-17,200,PE,0,0,0,4.1,5.5,0,0,0,0,17-Apr-17
OPTSTK,HEXAWARE,29-Jun-17,205,PE,0,0,0,5.5,7.55,0,0,0,0,17-Apr-17
OPTSTK,HEXAWARE,29-Jun-17,210,PE,0,0,0,7.15,10.05,0,0,0,0,17-Apr-17
OPTSTK,HEXAWARE,29-Jun-17,215,PE,0,0,0,9.15,12.95,0,0,0,0,17-Apr-17
OPTSTK,HEXAWARE,29-Jun-17,220,PE,0,0,0,11.45,16.2,0,0,0,0,17-Apr-17
OPTSTK,HEXAWARE,29-Jun-17,225,PE,0,0,0,14.1,19.85,0,0,0,0,17-Apr-17
OPTSTK,HEXAWARE,29-Jun-17,230,PE,0,0,0,17,23.75,0,0,0,0,17-Apr-17
OPTSTK,HEXAWARE,29-Jun-17,235,PE,0,0,0,20.2,27.95,0,0,0,0,17-Apr-17
OPTSTK,HEXAWARE,29-Jun-17,240,PE,0,0,0,23.65,32.3,0,0,0,0,17-Apr-17
OPTSTK,HEXAWARE,29-Jun-17,245,PE,0,0,0,27.35,36.85,0,0,0,0,17-Apr-17
OPTSTK,HEXAWARE,29-Jun-17,250,PE,0,0,0,31.2,41.5,0,0,0,0,17-Apr-17
OPTSTK,HEXAWARE,29-Jun-17,255,PE,0,0,0,35.3,46.2,0,0,0,0,17-Apr-17
OPTSTK,HEXAWARE,29-Jun-17,260,PE,0,0,0,39.5,51,0,0,0,0,17-Apr-17
OPTSTK,HEXAWARE,29-Jun-17,265,PE,0,0,0,43.9,55.85,0,0,0,0,17-Apr-17
OPTSTK,HEXAWARE,29-Jun-17,270,PE,0,0,0,48.35,60.75,0,0,0,0,17-Apr-17
OPTSTK,HINDALCO,27-Apr-17,120,CE,0,0,0,70.45,61.7,0,0,35000,0,17-Apr-17
OPTSTK,HINDALCO,27-Apr-17,125,CE,0,0,0,65.85,56.7,0,0,3500,0,17-Apr-17
OPTSTK,HINDALCO,27-Apr-17,130,CE,0,0,0,64.1,51.7,0,0,0,0,17-Apr-17
OPTSTK,HINDALCO,27-Apr-17,135,CE,0,0,0,59.65,46.7,0,0,0,0,17-Apr-17
OPTSTK,HINDALCO,27-Apr-17,140,CE,0,0,0,51,41.7,0,0,3500,0,17-Apr-17
OPTSTK,HINDALCO,27-Apr-17,145,CE,0,0,0,51.2,36.7,0,0,0,0,17-Apr-17
OPTSTK,HINDALCO,27-Apr-17,150,CE,0,0,0,44.7,31.75,0,0,31500,0,17-Apr-17
OPTSTK,HINDALCO,27-Apr-17,155,CE,0,0,0,43.35,26.75,0,0,0,0,17-Apr-17
OPTSTK,HINDALCO,27-Apr-17,160,CE,0,0,0,31.75,21.85,0,0,10500,0,17-Apr-17
OPTSTK,HINDALCO,27-Apr-17,165,CE,0,0,0,26.75,17.15,0,0,7000,0,17-Apr-17
OPTSTK,HINDALCO,27-Apr-17,170,CE,13,13,12,12,12,3,19.17,45500,7000,17-Apr-17
OPTSTK,HINDALCO,27-Apr-17,175,CE,8.8,9.15,8.3,9.15,9.15,3,19.29,31500,7000,17-Apr-17
OPTSTK,HINDALCO,27-Apr-17,180,CE,6.8,6.8,4.8,5.9,5.9,452,2937.49,567000,339500,17-Apr-17
OPTSTK,HINDALCO,27-Apr-17,185,CE,4.05,4.15,2.9,3.5,3.5,1339,8828.64,1708000,444500,17-Apr-17
OPTSTK,HINDALCO,27-Apr-17,190,CE,2.55,2.55,1.65,2,2,1499,10070.74,2663500,287000,17-Apr-17
OPTSTK,HINDALCO,27-Apr-17,195,CE,1.6,1.6,0.95,1.1,1.1,904,6205.51,2681000,-80500,17-Apr-17
OPTSTK,HINDALCO,27-Apr-17,200,CE,0.95,0.95,0.55,0.65,0.65,975,6847.51,6202000,-14000,17-Apr-17
OPTSTK,HINDALCO,27-Apr-17,205,CE,0.6,0.6,0.35,0.45,0.45,625,4493.76,3160500,14000,17-Apr-17
OPTSTK,HINDALCO,27-Apr-17,210,CE,0.5,0.5,0.2,0.3,0.3,209,1538.18,2611000,28000,17-Apr-17
OPTSTK,HINDALCO,27-Apr-17,215,CE,0.2,0.2,0.15,0.2,0.2,53,399.18,549500,10500,17-Apr-17
OPTSTK,HINDALCO,27-Apr-17,220,CE,0.1,0.15,0.1,0.1,0.1,37,285.05,584500,-80500,17-Apr-17
OPTSTK,HINDALCO,27-Apr-17,225,CE,0.1,0.1,0.1,0.1,0.1,5,39.39,203000,-17500,17-Apr-17
OPTSTK,HINDALCO,27-Apr-17,230,CE,0.05,0.05,0.05,0.05,0.05,8,64.41,161000,-14000,17-Apr-17
OPTSTK,HINDALCO,27-Apr-17,235,CE,0.05,0.05,0.05,0.05,0.05,1,8.22,56000,0,17-Apr-17
OPTSTK,HINDALCO,27-Apr-17,240,CE,0,0,0,6.75,0,0,0,0,0,17-Apr-17
OPTSTK,HINDALCO,27-Apr-17,120,PE,0,0,0,0.6,0,0,0,0,0,17-Apr-17
OPTSTK,HINDALCO,27-Apr-17,125,PE,0,0,0,0.85,0,0,0,0,0,17-Apr-17
OPTSTK,HINDALCO,27-Apr-17,130,PE,0,0,0,1.2,0,0,0,0,0,17-Apr-17
OPTSTK,HINDALCO,27-Apr-17,135,PE,0,0,0,1.7,0,0,0,0,0,17-Apr-17
OPTSTK,HINDALCO,27-Apr-17,140,PE,0,0,0,2.3,0,0,0,0,0,17-Apr-17
OPTSTK,HINDALCO,27-Apr-17,145,PE,0,0,0,3.05,0,0,0,0,0,17-Apr-17
OPTSTK,HINDALCO,27-Apr-17,150,PE,0.15,0.15,0.15,0.15,0.15,6,31.53,42000,21000,17-Apr-17
OPTSTK,HINDALCO,27-Apr-17,155,PE,0.25,0.3,0.25,0.3,0.3,27,146.71,94500,94500,17-Apr-17
OPTSTK,HINDALCO,27-Apr-17,160,PE,0.4,0.55,0.3,0.4,0.4,36,202.14,203000,59500,17-Apr-17
OPTSTK,HINDALCO,27-Apr-17,165,PE,0.9,0.95,0.55,0.7,0.7,111,643.96,346500,185500,17-Apr-17
OPTSTK,HINDALCO,27-Apr-17,170,PE,1.25,1.7,1.05,1.2,1.2,385,2309.73,2912000,231000,17-Apr-17
OPTSTK,HINDALCO,27-Apr-17,175,PE,2.1,2.8,1.85,2.1,2.1,620,3849.01,1036000,150500,17-Apr-17
OPTSTK,HINDALCO,27-Apr-17,180,PE,3.65,4.85,3.4,3.65,3.65,1099,7082.71,1022000,94500,17-Apr-17
OPTSTK,HINDALCO,27-Apr-17,185,PE,6,7.7,5.9,6.3,6.3,221,1483.53,815500,-21000,17-Apr-17
OPTSTK,HINDALCO,27-Apr-17,190,PE,9.5,11.4,9.35,9.45,9.45,61,427.67,1284500,-56000,17-Apr-17
OPTSTK,HINDALCO,27-Apr-17,195,PE,15.1,15.1,13.5,14.1,14.1,20,146.74,322000,-35000,17-Apr-17
OPTSTK,HINDALCO,27-Apr-17,200,PE,19.1,19.5,17.85,17.95,17.95,11,84.11,612500,0,17-Apr-17
OPTSTK,HINDALCO,27-Apr-17,205,PE,24,24,24,24,24,1,8.01,35000,-3500,17-Apr-17
OPTSTK,HINDALCO,27-Apr-17,210,PE,0,0,0,26,28.25,0,0,66500,0,17-Apr-17
OPTSTK,HINDALCO,27-Apr-17,215,PE,0,0,0,22.3,33.2,0,0,7000,0,17-Apr-17
OPTSTK,HINDALCO,27-Apr-17,220,PE,0,0,0,30.75,38.2,0,0,10500,0,17-Apr-17
OPTSTK,HINDALCO,27-Apr-17,225,PE,0,0,0,40.35,43.2,0,0,0,0,17-Apr-17
OPTSTK,HINDALCO,27-Apr-17,230,PE,0,0,0,36.35,48.15,0,0,24500,0,17-Apr-17
OPTSTK,HINDALCO,27-Apr-17,235,PE,0,0,0,48.05,53.15,0,0,0,0,17-Apr-17
OPTSTK,HINDALCO,27-Apr-17,240,PE,0,0,0,52.05,58.15,0,0,0,0,17-Apr-17
OPTSTK,HINDALCO,25-May-17,120,CE,0,0,0,64.15,62.3,0,0,0,0,17-Apr-17
OPTSTK,HINDALCO,25-May-17,125,CE,0,0,0,59.3,57.3,0,0,0,0,17-Apr-17
OPTSTK,HINDALCO,25-May-17,130,CE,0,0,0,54.55,52.35,0,0,0,0,17-Apr-17
OPTSTK,HINDALCO,25-May-17,135,CE,0,0,0,49.9,47.45,0,0,0,0,17-Apr-17
OPTSTK,HINDALCO,25-May-17,140,CE,0,0,0,45.35,42.55,0,0,0,0,17-Apr-17
OPTSTK,HINDALCO,25-May-17,145,CE,0,0,0,40.95,37.75,0,0,0,0,17-Apr-17
OPTSTK,HINDALCO,25-May-17,150,CE,0,0,0,36.75,33.1,0,0,0,0,17-Apr-17
OPTSTK,HINDALCO,25-May-17,155,CE,0,0,0,32.7,28.55,0,0,0,0,17-Apr-17
OPTSTK,HINDALCO,25-May-17,160,CE,0,0,0,28.95,24.3,0,0,0,0,17-Apr-17
OPTSTK,HINDALCO,25-May-17,165,CE,0,0,0,25.4,20.35,0,0,0,0,17-Apr-17
OPTSTK,HINDALCO,25-May-17,170,CE,0,0,0,22.15,16.75,0,0,0,0,17-Apr-17
OPTSTK,HINDALCO,25-May-17,175,CE,13.65,13.65,13.65,13.65,13.65,1,6.6,3500,3500,17-Apr-17
OPTSTK,HINDALCO,25-May-17,180,CE,10.65,10.65,9.5,9.5,9.5,2,13.3,7000,3500,17-Apr-17
OPTSTK,HINDALCO,25-May-17,185,CE,0,0,0,14,8.35,0,0,3500,0,17-Apr-17
OPTSTK,HINDALCO,25-May-17,190,CE,5.75,6.15,5.75,5.9,5.9,6,41.12,56000,10500,17-Apr-17
OPTSTK,HINDALCO,25-May-17,195,CE,4,4.5,4,4.5,4.5,4,27.88,24500,3500,17-Apr-17
OPTSTK,HINDALCO,25-May-17,200,CE,3,3.3,2.8,3.05,3.05,20,142.14,70000,31500,17-Apr-17
OPTSTK,HINDALCO,25-May-17,205,CE,0,0,0,6.5,2.6,0,0,7000,0,17-Apr-17
OPTSTK,HINDALCO,25-May-17,210,CE,0,0,0,2.7,1.85,0,0,10500,0,17-Apr-17
OPTSTK,HINDALCO,25-May-17,215,CE,0,0,0,4.8,1.3,0,0,0,0,17-Apr-17
OPTSTK,HINDALCO,25-May-17,220,CE,0,0,0,3.95,0.9,0,0,0,0,17-Apr-17
OPTSTK,HINDALCO,25-May-17,225,CE,0,0,0,3.2,0.6,0,0,0,0,17-Apr-17
OPTSTK,HINDALCO,25-May-17,230,CE,0,0,0,0.55,0.4,0,0,3500,0,17-Apr-17
OPTSTK,HINDALCO,25-May-17,235,CE,0,0,0,2.1,0.3,0,0,0,0,17-Apr-17
OPTSTK,HINDALCO,25-May-17,240,CE,0,0,0,1.7,0.2,0,0,0,0,17-Apr-17
OPTSTK,HINDALCO,25-May-17,120,PE,0,0,0,0.15,0,0,0,0,0,17-Apr-17
OPTSTK,HINDALCO,25-May-17,125,PE,0,0,0,0.25,0.05,0,0,0,0,17-Apr-17
OPTSTK,HINDALCO,25-May-17,130,PE,0,0,0,0.4,0.05,0,0,0,0,17-Apr-17
OPTSTK,HINDALCO,25-May-17,135,PE,0,0,0,0.7,0.1,0,0,0,0,17-Apr-17
OPTSTK,HINDALCO,25-May-17,140,PE,0,0,0,1.05,0.15,0,0,0,0,17-Apr-17
OPTSTK,HINDALCO,25-May-17,145,PE,0,0,0,1.6,0.35,0,0,0,0,17-Apr-17
OPTSTK,HINDALCO,25-May-17,150,PE,0,0,0,2.3,0.6,0,0,0,0,17-Apr-17
OPTSTK,HINDALCO,25-May-17,155,PE,0,0,0,3.2,1.1,0,0,0,0,17-Apr-17
OPTSTK,HINDALCO,25-May-17,160,PE,0,0,0,4.35,1.8,0,0,0,0,17-Apr-17
OPTSTK,HINDALCO,25-May-17,165,PE,0,0,0,5.75,2.8,0,0,0,0,17-Apr-17
OPTSTK,HINDALCO,25-May-17,170,PE,3.6,4.5,3,3.45,3.45,21,127.93,122500,52500,17-Apr-17
OPTSTK,HINDALCO,25-May-17,175,PE,5.5,5.5,5.5,5.5,5.5,2,12.63,7000,7000,17-Apr-17
OPTSTK,HINDALCO,25-May-17,180,PE,7.95,7.95,7.95,7.95,7.95,1,6.57,35000,3500,17-Apr-17
OPTSTK,HINDALCO,25-May-17,185,PE,9.6,9.6,9.6,9.6,9.6,1,6.81,17500,3500,17-Apr-17
OPTSTK,HINDALCO,25-May-17,190,PE,0,0,0,16.85,13.65,0,0,0,0,17-Apr-17
OPTSTK,HINDALCO,25-May-17,195,PE,0,0,0,14,17.05,0,0,10500,0,17-Apr-17
OPTSTK,HINDALCO,25-May-17,200,PE,0,0,0,12.3,20.75,0,0,3500,0,17-Apr-17
OPTSTK,HINDALCO,25-May-17,205,PE,0,0,0,26.7,24.75,0,0,0,0,17-Apr-17
OPTSTK,HINDALCO,25-May-17,210,PE,0,0,0,30.45,28.95,0,0,0,0,17-Apr-17
OPTSTK,HINDALCO,25-May-17,215,PE,0,0,0,34.3,33.4,0,0,0,0,17-Apr-17
OPTSTK,HINDALCO,25-May-17,220,PE,0,0,0,38.4,37.95,0,0,0,0,17-Apr-17
OPTSTK,HINDALCO,25-May-17,225,PE,0,0,0,42.6,42.65,0,0,0,0,17-Apr-17
OPTSTK,HINDALCO,25-May-17,230,PE,0,0,0,46.9,47.4,0,0,0,0,17-Apr-17
OPTSTK,HINDALCO,25-May-17,235,PE,0,0,0,51.3,52.25,0,0,0,0,17-Apr-17
OPTSTK,HINDALCO,25-May-17,240,PE,0,0,0,55.85,57.1,0,0,0,0,17-Apr-17
OPTSTK,HINDALCO,29-Jun-17,120,CE,0,0,0,72.35,63.1,0,0,0,0,17-Apr-17
OPTSTK,HINDALCO,29-Jun-17,125,CE,0,0,0,67.45,58.25,0,0,0,0,17-Apr-17
OPTSTK,HINDALCO,29-Jun-17,130,CE,0,0,0,62.6,53.45,0,0,0,0,17-Apr-17
OPTSTK,HINDALCO,29-Jun-17,135,CE,0,0,0,57.8,48.7,0,0,0,0,17-Apr-17
OPTSTK,HINDALCO,29-Jun-17,140,CE,0,0,0,53.1,44.1,0,0,0,0,17-Apr-17
OPTSTK,HINDALCO,29-Jun-17,145,CE,0,0,0,48.45,39.6,0,0,0,0,17-Apr-17
OPTSTK,HINDALCO,29-Jun-17,150,CE,0,0,0,43.95,35.3,0,0,0,0,17-Apr-17
OPTSTK,HINDALCO,29-Jun-17,155,CE,0,0,0,39.6,31.2,0,0,0,0,17-Apr-17
OPTSTK,HINDALCO,29-Jun-17,160,CE,0,0,0,35.4,27.35,0,0,0,0,17-Apr-17
OPTSTK,HINDALCO,29-Jun-17,165,CE,0,0,0,31.45,23.8,0,0,0,0,17-Apr-17
OPTSTK,HINDALCO,29-Jun-17,170,CE,0,0,0,27.75,20.5,0,0,0,0,17-Apr-17
OPTSTK,HINDALCO,29-Jun-17,175,CE,0,0,0,24.25,17.5,0,0,0,0,17-Apr-17
OPTSTK,HINDALCO,29-Jun-17,180,CE,0,0,0,21.1,14.85,0,0,0,0,17-Apr-17
OPTSTK,HINDALCO,29-Jun-17,185,CE,0,0,0,18.2,12.5,0,0,0,0,17-Apr-17
OPTSTK,HINDALCO,29-Jun-17,190,CE,0,0,0,15.55,10.4,0,0,0,0,17-Apr-17
OPTSTK,HINDALCO,29-Jun-17,195,CE,0,0,0,13.25,8.6,0,0,0,0,17-Apr-17
OPTSTK,HINDALCO,29-Jun-17,200,CE,0,0,0,11.15,7.05,0,0,0,0,17-Apr-17
OPTSTK,HINDALCO,29-Jun-17,205,CE,0,0,0,9.35,5.75,0,0,0,0,17-Apr-17
OPTSTK,HINDALCO,29-Jun-17,210,CE,0,0,0,7.8,4.65,0,0,0,0,17-Apr-17
OPTSTK,HINDALCO,29-Jun-17,215,CE,0,0,0,6.45,3.75,0,0,0,0,17-Apr-17
OPTSTK,HINDALCO,29-Jun-17,220,CE,0,0,0,5.3,3,0,0,0,0,17-Apr-17
OPTSTK,HINDALCO,29-Jun-17,225,CE,0,0,0,4.35,2.4,0,0,0,0,17-Apr-17
OPTSTK,HINDALCO,29-Jun-17,230,CE,0,0,0,3.55,1.9,0,0,0,0,17-Apr-17
OPTSTK,HINDALCO,29-Jun-17,235,CE,0,0,0,2.85,1.5,0,0,0,0,17-Apr-17
OPTSTK,HINDALCO,29-Jun-17,240,CE,0,0,0,2.3,1.15,0,0,0,0,17-Apr-17
OPTSTK,HINDALCO,29-Jun-17,120,PE,0,0,0,0.05,0.1,0,0,0,0,17-Apr-17
OPTSTK,HINDALCO,29-Jun-17,125,PE,0,0,0,0.1,0.15,0,0,0,0,17-Apr-17
OPTSTK,HINDALCO,29-Jun-17,130,PE,0,0,0,0.15,0.3,0,0,0,0,17-Apr-17
OPTSTK,HINDALCO,29-Jun-17,135,PE,0,0,0,0.3,0.5,0,0,0,0,17-Apr-17
OPTSTK,HINDALCO,29-Jun-17,140,PE,0,0,0,0.5,0.85,0,0,0,0,17-Apr-17
OPTSTK,HINDALCO,29-Jun-17,145,PE,0,0,0,0.75,1.3,0,0,0,0,17-Apr-17
OPTSTK,HINDALCO,29-Jun-17,150,PE,0,0,0,1.15,1.9,0,0,0,0,17-Apr-17
OPTSTK,HINDALCO,29-Jun-17,155,PE,0,0,0,1.75,2.75,0,0,0,0,17-Apr-17
OPTSTK,HINDALCO,29-Jun-17,160,PE,0,0,0,2.5,3.85,0,0,0,0,17-Apr-17
OPTSTK,HINDALCO,29-Jun-17,165,PE,0,0,0,3.45,5.2,0,0,0,0,17-Apr-17
OPTSTK,HINDALCO,29-Jun-17,170,PE,0,0,0,4.65,6.85,0,0,0,0,17-Apr-17
OPTSTK,HINDALCO,29-Jun-17,175,PE,0,0,0,6.1,8.8,0,0,0,0,17-Apr-17
OPTSTK,HINDALCO,29-Jun-17,180,PE,0,0,0,7.8,11.1,0,0,0,0,17-Apr-17
OPTSTK,HINDALCO,29-Jun-17,185,PE,0,0,0,9.85,13.65,0,0,0,0,17-Apr-17
OPTSTK,HINDALCO,29-Jun-17,190,PE,0,0,0,12.15,16.5,0,0,0,0,17-Apr-17
OPTSTK,HINDALCO,29-Jun-17,195,PE,0,0,0,14.7,19.65,0,0,0,0,17-Apr-17
OPTSTK,HINDALCO,29-Jun-17,200,PE,0,0,0,17.55,23.05,0,0,0,0,17-Apr-17
OPTSTK,HINDALCO,29-Jun-17,205,PE,0,0,0,20.7,26.65,0,0,0,0,17-Apr-17
OPTSTK,HINDALCO,29-Jun-17,210,PE,0,0,0,24.05,30.5,0,0,0,0,17-Apr-17
OPTSTK,HINDALCO,29-Jun-17,215,PE,0,0,0,27.6,34.5,0,0,0,0,17-Apr-17
OPTSTK,HINDALCO,29-Jun-17,220,PE,0,0,0,31.4,38.7,0,0,0,0,17-Apr-17
OPTSTK,HINDALCO,29-Jun-17,225,PE,0,0,0,35.35,43,0,0,0,0,17-Apr-17
OPTSTK,HINDALCO,29-Jun-17,230,PE,0,0,0,39.45,47.45,0,0,0,0,17-Apr-17
OPTSTK,HINDALCO,29-Jun-17,235,PE,0,0,0,43.7,52,0,0,0,0,17-Apr-17
OPTSTK,HINDALCO,29-Jun-17,240,PE,0,0,0,48.05,56.6,0,0,0,0,17-Apr-17
OPTSTK,HINDPETRO,27-Apr-17,360,CE,0,0,0,160,197.5,0,0,2100,0,17-Apr-17
OPTSTK,HINDPETRO,27-Apr-17,370,CE,0,0,0,181.65,187.5,0,0,0,0,17-Apr-17
OPTSTK,HINDPETRO,27-Apr-17,380,CE,0,0,0,172.25,177.55,0,0,0,0,17-Apr-17
OPTSTK,HINDPETRO,27-Apr-17,390,CE,0,0,0,162.95,167.55,0,0,0,0,17-Apr-17
OPTSTK,HINDPETRO,27-Apr-17,400,CE,159,159,159,159,159,1,11.73,14700,-2100,17-Apr-17
OPTSTK,HINDPETRO,27-Apr-17,410,CE,0,0,0,144.9,147.6,0,0,0,0,17-Apr-17
OPTSTK,HINDPETRO,27-Apr-17,420,CE,0,0,0,101.25,137.6,0,0,4200,0,17-Apr-17
OPTSTK,HINDPETRO,27-Apr-17,430,CE,0,0,0,90,127.6,0,0,4200,0,17-Apr-17
OPTSTK,HINDPETRO,27-Apr-17,440,CE,0,0,0,119.25,117.65,0,0,0,0,17-Apr-17
OPTSTK,HINDPETRO,27-Apr-17,450,CE,0,0,0,72,107.65,0,0,2100,0,17-Apr-17
OPTSTK,HINDPETRO,27-Apr-17,460,CE,0,0,0,61.1,97.65,0,0,4200,0,17-Apr-17
OPTSTK,HINDPETRO,27-Apr-17,470,CE,0,0,0,52,87.7,0,0,31500,0,17-Apr-17
OPTSTK,HINDPETRO,27-Apr-17,480,CE,79,79,79,79,79,1,11.73,37800,-2100,17-Apr-17
OPTSTK,HINDPETRO,27-Apr-17,490,CE,73.1,74.5,67,68.5,68.5,6,70.64,6300,-6300,17-Apr-17
OPTSTK,HINDPETRO,27-Apr-17,500,CE,58.5,58.5,58.5,58.5,58.5,1,11.72,31500,0,17-Apr-17
OPTSTK,HINDPETRO,27-Apr-17,510,CE,0,0,0,31.3,48.15,0,0,12600,0,17-Apr-17
OPTSTK,HINDPETRO,27-Apr-17,520,CE,43.25,43.4,36.25,37,37,21,246.14,674100,-27300,17-Apr-17
OPTSTK,HINDPETRO,27-Apr-17,530,CE,36.5,36.8,26.45,28.75,28.75,49,580.41,235200,-10500,17-Apr-17
OPTSTK,HINDPETRO,27-Apr-17,540,CE,27.55,29,18.55,20.65,20.65,78,924.21,411600,-14700,17-Apr-17
OPTSTK,HINDPETRO,27-Apr-17,550,CE,21.45,21.7,12.6,14.05,14.05,63,749.18,413700,-4200,17-Apr-17
OPTSTK,HINDPETRO,27-Apr-17,560,CE,12.85,14.9,8.05,9.7,9.7,527,6325.9,443100,44100,17-Apr-17
OPTSTK,HINDPETRO,27-Apr-17,570,CE,8.55,10.3,5.4,6.05,6.05,372,4515.26,306600,48300,17-Apr-17
OPTSTK,HINDPETRO,27-Apr-17,580,CE,5.75,6.45,3.5,3.95,3.95,233,2862.94,306600,71400,17-Apr-17
OPTSTK,HINDPETRO,27-Apr-17,590,CE,4,4.2,2.5,2.6,2.6,60,747.46,88200,16800,17-Apr-17
OPTSTK,HINDPETRO,27-Apr-17,600,CE,2.5,2.7,1.75,1.9,1.9,121,1530.07,180600,37800,17-Apr-17
OPTSTK,HINDPETRO,27-Apr-17,610,CE,1.6,1.6,1.2,1.2,1.2,9,115.55,39900,2100,17-Apr-17
OPTSTK,HINDPETRO,27-Apr-17,620,CE,0.95,1.05,0.8,0.85,0.85,24,312.95,50400,18900,17-Apr-17
OPTSTK,HINDPETRO,27-Apr-17,630,CE,0.55,0.6,0.55,0.6,0.6,3,39.72,6300,4200,17-Apr-17
OPTSTK,HINDPETRO,27-Apr-17,640,CE,0,0,0,0.45,0.05,0,0,10500,0,17-Apr-17
OPTSTK,HINDPETRO,27-Apr-17,650,CE,0,0,0,16.6,0.05,0,0,0,0,17-Apr-17
OPTSTK,HINDPETRO,27-Apr-17,660,CE,0,0,0,14.75,0,0,0,0,0,17-Apr-17
OPTSTK,HINDPETRO,27-Apr-17,670,CE,0,0,0,13.1,0,0,0,0,0,17-Apr-17
OPTSTK,HINDPETRO,27-Apr-17,680,CE,0,0,0,11.6,0,0,0,0,0,17-Apr-17
OPTSTK,HINDPETRO,27-Apr-17,360,PE,0,0,0,0.8,0,0,0,0,0,17-Apr-17
OPTSTK,HINDPETRO,27-Apr-17,370,PE,0,0,0,1.15,0,0,0,0,0,17-Apr-17
OPTSTK,HINDPETRO,27-Apr-17,380,PE,0,0,0,1.55,0,0,0,0,0,17-Apr-17
OPTSTK,HINDPETRO,27-Apr-17,390,PE,0,0,0,2.1,0,0,0,0,0,17-Apr-17
OPTSTK,HINDPETRO,27-Apr-17,400,PE,0.25,0.25,0.25,0.25,0.25,1,8.4,2100,2100,17-Apr-17
OPTSTK,HINDPETRO,27-Apr-17,410,PE,0,0,0,3.7,0,0,0,0,0,17-Apr-17
OPTSTK,HINDPETRO,27-Apr-17,420,PE,0,0,0,4.75,0,0,0,0,0,17-Apr-17
OPTSTK,HINDPETRO,27-Apr-17,430,PE,0,0,0,6.05,0,0,0,0,0,17-Apr-17
OPTSTK,HINDPETRO,27-Apr-17,440,PE,0,0,0,7.55,0,0,0,0,0,17-Apr-17
OPTSTK,HINDPETRO,27-Apr-17,450,PE,0,0,0,0.5,0,0,0,6300,0,17-Apr-17
OPTSTK,HINDPETRO,27-Apr-17,460,PE,0,0,0,0.55,0,0,0,6300,0,17-Apr-17
OPTSTK,HINDPETRO,27-Apr-17,470,PE,0,0,0,0.2,0,0,0,58800,0,17-Apr-17
OPTSTK,HINDPETRO,27-Apr-17,480,PE,0.3,0.4,0.3,0.4,0.4,2,20.17,56700,0,17-Apr-17
OPTSTK,HINDPETRO,27-Apr-17,490,PE,0.6,0.6,0.35,0.6,0.6,3,30.9,109200,0,17-Apr-17
OPTSTK,HINDPETRO,27-Apr-17,500,PE,0.45,0.6,0.3,0.4,0.4,17,178.65,329700,-6300,17-Apr-17
OPTSTK,HINDPETRO,27-Apr-17,510,PE,0.65,0.75,0.55,0.55,0.55,9,96.51,182700,0,17-Apr-17
OPTSTK,HINDPETRO,27-Apr-17,520,PE,1,1.25,0.75,1,1,78,853.35,392700,-14700,17-Apr-17
OPTSTK,HINDPETRO,27-Apr-17,530,PE,1.7,2.25,1.3,1.9,1.9,124,1384.66,249900,29400,17-Apr-17
OPTSTK,HINDPETRO,27-Apr-17,540,PE,3.45,4.55,2.8,3.85,3.85,179,2043.3,235200,35700,17-Apr-17
OPTSTK,HINDPETRO,27-Apr-17,550,PE,6.35,8.25,5,6.8,6.8,142,1659.26,130200,18900,17-Apr-17
OPTSTK,HINDPETRO,27-Apr-17,560,PE,9,13.55,8.5,11.4,11.4,87,1043.04,142800,18900,17-Apr-17
OPTSTK,HINDPETRO,27-Apr-17,570,PE,14.4,15,14.4,15,15,2,24.55,35700,4200,17-Apr-17
OPTSTK,HINDPETRO,27-Apr-17,580,PE,0,0,0,23.3,25.65,0,0,8400,0,17-Apr-17
OPTSTK,HINDPETRO,27-Apr-17,590,PE,0,0,0,68.5,34,0,0,2100,0,17-Apr-17
OPTSTK,HINDPETRO,27-Apr-17,600,PE,39,39,36,36,36,2,26.77,10500,0,17-Apr-17
OPTSTK,HINDPETRO,27-Apr-17,610,PE,0,0,0,81.5,52.5,0,0,0,0,17-Apr-17
OPTSTK,HINDPETRO,27-Apr-17,620,PE,0,0,0,99.85,62.25,0,0,21000,0,17-Apr-17
OPTSTK,HINDPETRO,27-Apr-17,630,PE,0,0,0,96.05,72.15,0,0,0,0,17-Apr-17
OPTSTK,HINDPETRO,27-Apr-17,640,PE,0,0,0,103.65,82.1,0,0,0,0,17-Apr-17
OPTSTK,HINDPETRO,27-Apr-17,650,PE,0,0,0,111.5,92.05,0,0,0,0,17-Apr-17
OPTSTK,HINDPETRO,27-Apr-17,660,PE,0,0,0,119.45,102,0,0,0,0,17-Apr-17
OPTSTK,HINDPETRO,27-Apr-17,670,PE,0,0,0,127.65,112,0,0,0,0,17-Apr-17
OPTSTK,HINDPETRO,27-Apr-17,680,PE,0,0,0,136,122,0,0,0,0,17-Apr-17
OPTSTK,HINDPETRO,25-May-17,390,CE,0,0,0,188.75,169.5,0,0,0,0,17-Apr-17
OPTSTK,HINDPETRO,25-May-17,400,CE,157,157,157,157,157,1,11.69,2100,2100,17-Apr-17
OPTSTK,HINDPETRO,25-May-17,410,CE,0,0,0,170.25,149.65,0,0,0,0,17-Apr-17
OPTSTK,HINDPETRO,25-May-17,420,CE,0,0,0,161.25,139.7,0,0,0,0,17-Apr-17
OPTSTK,HINDPETRO,25-May-17,430,CE,0,0,0,152.4,129.8,0,0,0,0,17-Apr-17
OPTSTK,HINDPETRO,25-May-17,440,CE,0,0,0,143.75,119.95,0,0,0,0,17-Apr-17
OPTSTK,HINDPETRO,25-May-17,450,CE,0,0,0,135.3,110.1,0,0,0,0,17-Apr-17
OPTSTK,HINDPETRO,25-May-17,460,CE,0,0,0,127.1,100.35,0,0,0,0,17-Apr-17
OPTSTK,HINDPETRO,25-May-17,470,CE,0,0,0,119.1,90.7,0,0,0,0,17-Apr-17
OPTSTK,HINDPETRO,25-May-17,480,CE,80,80,80,80,80,1,11.76,8400,2100,17-Apr-17
OPTSTK,HINDPETRO,25-May-17,490,CE,73,74.5,68,68.5,68.5,6,70.72,21000,12600,17-Apr-17
OPTSTK,HINDPETRO,25-May-17,500,CE,0,0,0,49.5,63.2,0,0,12600,0,17-Apr-17
OPTSTK,HINDPETRO,25-May-17,510,CE,0,0,0,30.05,54.8,0,0,4200,0,17-Apr-17
OPTSTK,HINDPETRO,25-May-17,520,CE,0,0,0,25.9,46.9,0,0,12600,0,17-Apr-17
OPTSTK,HINDPETRO,25-May-17,530,CE,0,0,0,38,39.55,0,0,12600,0,17-Apr-17
OPTSTK,HINDPETRO,25-May-17,540,CE,30,30,30,30,30,1,11.97,27300,0,17-Apr-17
OPTSTK,HINDPETRO,25-May-17,550,CE,25,25,24.55,24.55,24.55,2,24.14,35700,0,17-Apr-17
OPTSTK,HINDPETRO,25-May-17,560,CE,21,21.2,19.95,20.85,20.85,17,207.22,46200,10500,17-Apr-17
OPTSTK,HINDPETRO,25-May-17,570,CE,16.35,18.55,15,16.4,16.4,9,110.85,18900,10500,17-Apr-17
OPTSTK,HINDPETRO,25-May-17,580,CE,14.75,14.75,10.9,11.85,11.85,8,99.49,10500,4200,17-Apr-17
OPTSTK,HINDPETRO,25-May-17,590,CE,0,0,0,46.65,10.5,0,0,0,0,17-Apr-17
OPTSTK,HINDPETRO,25-May-17,600,CE,9,9,9,9,9,1,12.78,6300,2100,17-Apr-17
OPTSTK,HINDPETRO,25-May-17,610,CE,0,0,0,38.85,5.95,0,0,0,0,17-Apr-17
OPTSTK,HINDPETRO,25-May-17,620,CE,0,0,0,35.35,4.4,0,0,0,0,17-Apr-17
OPTSTK,HINDPETRO,25-May-17,630,CE,0,0,0,32.1,3.2,0,0,0,0,17-Apr-17
OPTSTK,HINDPETRO,25-May-17,640,CE,0,0,0,29.1,2.3,0,0,0,0,17-Apr-17
OPTSTK,HINDPETRO,25-May-17,650,CE,0,0,0,26.4,1.6,0,0,0,0,17-Apr-17
OPTSTK,HINDPETRO,25-May-17,660,CE,0,0,0,23.9,1.15,0,0,0,0,17-Apr-17
OPTSTK,HINDPETRO,25-May-17,670,CE,0,0,0,21.55,0.8,0,0,0,0,17-Apr-17
OPTSTK,HINDPETRO,25-May-17,680,CE,0,0,0,19.45,0.55,0,0,0,0,17-Apr-17
OPTSTK,HINDPETRO,25-May-17,390,PE,0,0,0,1.6,0,0,0,0,0,17-Apr-17
OPTSTK,HINDPETRO,25-May-17,400,PE,0,0,0,2.15,0,0,0,0,0,17-Apr-17
OPTSTK,HINDPETRO,25-May-17,410,PE,0,0,0,2.85,0.05,0,0,0,0,17-Apr-17
OPTSTK,HINDPETRO,25-May-17,420,PE,0,0,0,3.65,0.05,0,0,0,0,17-Apr-17
OPTSTK,HINDPETRO,25-May-17,430,PE,0,0,0,4.65,0.05,0,0,0,0,17-Apr-17
OPTSTK,HINDPETRO,25-May-17,440,PE,0,0,0,5.85,0.1,0,0,0,0,17-Apr-17
OPTSTK,HINDPETRO,25-May-17,450,PE,0,0,0,7.25,0.2,0,0,0,0,17-Apr-17
OPTSTK,HINDPETRO,25-May-17,460,PE,0,0,0,8.85,0.4,0,0,0,0,17-Apr-17
OPTSTK,HINDPETRO,25-May-17,470,PE,0,0,0,10.75,0.7,0,0,0,0,17-Apr-17
OPTSTK,HINDPETRO,25-May-17,480,PE,0,0,0,2.5,1.15,0,0,2100,0,17-Apr-17
OPTSTK,HINDPETRO,25-May-17,490,PE,0,0,0,15.3,1.9,0,0,0,0,17-Apr-17
OPTSTK,HINDPETRO,25-May-17,500,PE,2.7,2.7,2.7,2.7,2.7,1,10.55,4200,-2100,17-Apr-17
OPTSTK,HINDPETRO,25-May-17,510,PE,4,4,4,4,4,1,10.79,6300,2100,17-Apr-17
OPTSTK,HINDPETRO,25-May-17,520,PE,7.5,7.5,7.5,7.5,7.5,1,11.07,6300,2100,17-Apr-17
OPTSTK,HINDPETRO,25-May-17,530,PE,6.25,8.9,6,8.9,8.9,4,45.12,10500,6300,17-Apr-17
OPTSTK,HINDPETRO,25-May-17,540,PE,9.5,13.6,9.5,13,13,21,243.84,35700,21000,17-Apr-17
OPTSTK,HINDPETRO,25-May-17,550,PE,17.65,17.7,16.4,16.4,16.4,17,202.53,35700,23100,17-Apr-17
OPTSTK,HINDPETRO,25-May-17,560,PE,16.5,21.5,16.5,21.5,21.5,8,97.54,14700,12600,17-Apr-17
OPTSTK,HINDPETRO,25-May-17,570,PE,0,0,0,45.65,26.65,0,0,0,0,17-Apr-17
OPTSTK,HINDPETRO,25-May-17,580,PE,0,0,0,29.35,32.85,0,0,6300,0,17-Apr-17
OPTSTK,HINDPETRO,25-May-17,590,PE,0,0,0,56.4,39.65,0,0,0,0,17-Apr-17
OPTSTK,HINDPETRO,25-May-17,600,PE,0,0,0,44.75,47.1,0,0,2100,0,17-Apr-17
OPTSTK,HINDPETRO,25-May-17,610,PE,0,0,0,68.25,55,0,0,0,0,17-Apr-17
OPTSTK,HINDPETRO,25-May-17,620,PE,0,0,0,74.6,63.35,0,0,0,0,17-Apr-17
OPTSTK,HINDPETRO,25-May-17,630,PE,0,0,0,81.2,72.1,0,0,0,0,17-Apr-17
OPTSTK,HINDPETRO,25-May-17,640,PE,0,0,0,88.1,81.15,0,0,0,0,17-Apr-17
OPTSTK,HINDPETRO,25-May-17,650,PE,0,0,0,95.2,90.4,0,0,0,0,17-Apr-17
OPTSTK,HINDPETRO,25-May-17,660,PE,0,0,0,102.5,99.85,0,0,0,0,17-Apr-17
OPTSTK,HINDPETRO,25-May-17,670,PE,0,0,0,110.05,109.4,0,0,0,0,17-Apr-17
OPTSTK,HINDPETRO,25-May-17,680,PE,0,0,0,117.8,119.1,0,0,0,0,17-Apr-17
OPTSTK,HINDPETRO,29-Jun-17,400,CE,0,0,0,125,162.15,0,0,0,0,17-Apr-17
OPTSTK,HINDPETRO,29-Jun-17,420,CE,0,0,0,106.6,142.6,0,0,0,0,17-Apr-17
OPTSTK,HINDPETRO,29-Jun-17,440,CE,0,0,0,89.15,123.4,0,0,0,0,17-Apr-17
OPTSTK,HINDPETRO,29-Jun-17,460,CE,0,0,0,73,104.7,0,0,0,0,17-Apr-17
OPTSTK,HINDPETRO,29-Jun-17,480,CE,0,0,0,58.4,86.9,0,0,0,0,17-Apr-17
OPTSTK,HINDPETRO,29-Jun-17,500,CE,0,0,0,45.65,70.4,0,0,0,0,17-Apr-17
OPTSTK,HINDPETRO,29-Jun-17,520,CE,0,0,0,34.9,55.55,0,0,0,0,17-Apr-17
OPTSTK,HINDPETRO,29-Jun-17,540,CE,0,0,0,26.05,42.6,0,0,0,0,17-Apr-17
OPTSTK,HINDPETRO,29-Jun-17,560,CE,0,0,0,19,31.8,0,0,0,0,17-Apr-17
OPTSTK,HINDPETRO,29-Jun-17,580,CE,0,0,0,13.6,23.05,0,0,0,0,17-Apr-17
OPTSTK,HINDPETRO,29-Jun-17,600,CE,0,0,0,9.5,16.25,0,0,0,0,17-Apr-17
OPTSTK,HINDPETRO,29-Jun-17,620,CE,0,0,0,6.5,11.15,0,0,0,0,17-Apr-17
OPTSTK,HINDPETRO,29-Jun-17,640,CE,0,0,0,4.4,7.45,0,0,0,0,17-Apr-17
OPTSTK,HINDPETRO,29-Jun-17,660,CE,0,0,0,2.9,4.85,0,0,0,0,17-Apr-17
OPTSTK,HINDPETRO,29-Jun-17,680,CE,0,0,0,1.9,3.1,0,0,0,0,17-Apr-17
OPTSTK,HINDPETRO,29-Jun-17,400,PE,0,0,0,1.1,0.1,0,0,0,0,17-Apr-17
OPTSTK,HINDPETRO,29-Jun-17,420,PE,0,0,0,2.4,0.35,0,0,0,0,17-Apr-17
OPTSTK,HINDPETRO,29-Jun-17,440,PE,0,0,0,4.6,0.85,0,0,0,0,17-Apr-17
OPTSTK,HINDPETRO,29-Jun-17,460,PE,0,0,0,8.1,1.9,0,0,0,0,17-Apr-17
OPTSTK,HINDPETRO,29-Jun-17,480,PE,0,0,0,13.2,3.85,0,0,0,0,17-Apr-17
OPTSTK,HINDPETRO,29-Jun-17,500,PE,0,0,0,20.1,7.1,0,0,0,0,17-Apr-17
OPTSTK,HINDPETRO,29-Jun-17,520,PE,0,0,0,29,12,0,0,0,0,17-Apr-17
OPTSTK,HINDPETRO,29-Jun-17,540,PE,0,0,0,39.85,18.8,0,0,0,0,17-Apr-17
OPTSTK,HINDPETRO,29-Jun-17,560,PE,0,0,0,52.45,27.7,0,0,0,0,17-Apr-17
OPTSTK,HINDPETRO,29-Jun-17,580,PE,0,0,0,66.7,38.7,0,0,0,0,17-Apr-17
OPTSTK,HINDPETRO,29-Jun-17,600,PE,0,0,0,82.3,51.65,0,0,0,0,17-Apr-17
OPTSTK,HINDPETRO,29-Jun-17,620,PE,0,0,0,99,66.3,0,0,0,0,17-Apr-17
OPTSTK,HINDPETRO,29-Jun-17,640,PE,0,0,0,116.55,82.35,0,0,0,0,17-Apr-17
OPTSTK,HINDPETRO,29-Jun-17,660,PE,0,0,0,134.7,99.5,0,0,0,0,17-Apr-17
OPTSTK,HINDPETRO,29-Jun-17,680,PE,0,0,0,153.4,117.45,0,0,0,0,17-Apr-17
OPTSTK,HINDUNILVR,27-Apr-17,670,CE,0,0,0,210.3,245.25,0,0,0,0,17-Apr-17
OPTSTK,HINDUNILVR,27-Apr-17,680,CE,0,0,0,200.5,235.25,0,0,0,0,17-Apr-17
OPTSTK,HINDUNILVR,27-Apr-17,690,CE,0,0,0,190.75,225.25,0,0,0,0,17-Apr-17
OPTSTK,HINDUNILVR,27-Apr-17,700,CE,0,0,0,181,215.3,0,0,0,0,17-Apr-17
OPTSTK,HINDUNILVR,27-Apr-17,710,CE,0,0,0,171.35,205.3,0,0,0,0,17-Apr-17
OPTSTK,HINDUNILVR,27-Apr-17,720,CE,0,0,0,161.7,195.3,0,0,0,0,17-Apr-17
OPTSTK,HINDUNILVR,27-Apr-17,730,CE,0,0,0,152.15,185.35,0,0,0,0,17-Apr-17
OPTSTK,HINDUNILVR,27-Apr-17,740,CE,0,0,0,142.7,175.35,0,0,0,0,17-Apr-17
OPTSTK,HINDUNILVR,27-Apr-17,750,CE,0,0,0,133.4,165.4,0,0,0,0,17-Apr-17
OPTSTK,HINDUNILVR,27-Apr-17,760,CE,0,0,0,124.25,155.4,0,0,0,0,17-Apr-17
OPTSTK,HINDUNILVR,27-Apr-17,770,CE,0,0,0,115.25,145.4,0,0,0,0,17-Apr-17
OPTSTK,HINDUNILVR,27-Apr-17,780,CE,0,0,0,106.5,135.45,0,0,0,0,17-Apr-17
OPTSTK,HINDUNILVR,27-Apr-17,790,CE,0,0,0,97.95,125.45,0,0,0,0,17-Apr-17
OPTSTK,HINDUNILVR,27-Apr-17,800,CE,0,0,0,129,115.45,0,0,600,0,17-Apr-17
OPTSTK,HINDUNILVR,27-Apr-17,810,CE,0,0,0,81.8,105.5,0,0,0,0,17-Apr-17
OPTSTK,HINDUNILVR,27-Apr-17,820,CE,0,0,0,74.2,95.5,0,0,0,0,17-Apr-17
OPTSTK,HINDUNILVR,27-Apr-17,830,CE,0,0,0,67,85.5,0,0,0,0,17-Apr-17
OPTSTK,HINDUNILVR,27-Apr-17,840,CE,0,0,0,75,75.55,0,0,2400,0,17-Apr-17
OPTSTK,HINDUNILVR,27-Apr-17,850,CE,0,0,0,53.75,65.6,0,0,0,0,17-Apr-17
OPTSTK,HINDUNILVR,27-Apr-17,860,CE,0,0,0,59.9,55.7,0,0,3000,0,17-Apr-17
OPTSTK,HINDUNILVR,27-Apr-17,870,CE,0,0,0,44,45.95,0,0,600,0,17-Apr-17
OPTSTK,HINDUNILVR,27-Apr-17,880,CE,0,0,0,55,36.6,0,0,600,0,17-Apr-17
OPTSTK,HINDUNILVR,27-Apr-17,890,CE,0,0,0,37,27.8,0,0,1200,0,17-Apr-17
OPTSTK,HINDUNILVR,27-Apr-17,900,CE,27,27,27,27,27,1,5.56,21600,0,17-Apr-17
OPTSTK,HINDUNILVR,27-Apr-17,910,CE,20,22.8,18,20.55,20.55,12,67.04,12600,0,17-Apr-17
OPTSTK,HINDUNILVR,27-Apr-17,920,CE,15.05,15.65,11,11.85,11.85,151,845.8,94800,9000,17-Apr-17
OPTSTK,HINDUNILVR,27-Apr-17,930,CE,12.1,12.1,7.6,8.1,8.1,384,2165.91,198000,2400,17-Apr-17
OPTSTK,HINDUNILVR,27-Apr-17,940,CE,9.4,9.4,5.45,5.75,5.75,497,2825.16,360600,26400,17-Apr-17
OPTSTK,HINDUNILVR,27-Apr-17,950,CE,5.95,5.95,3.9,4.1,4.1,70,401.13,66000,2400,17-Apr-17
OPTSTK,HINDUNILVR,27-Apr-17,960,CE,4.15,4.25,2.6,2.8,2.8,30,173.45,106800,-600,17-Apr-17
OPTSTK,HINDUNILVR,27-Apr-17,970,CE,2.9,2.95,1.9,1.95,1.95,18,104.99,33600,-3000,17-Apr-17
OPTSTK,HINDUNILVR,27-Apr-17,980,CE,2.25,2.35,1.4,1.45,1.45,39,229.84,56400,-12600,17-Apr-17
OPTSTK,HINDUNILVR,27-Apr-17,990,CE,0,0,0,1.85,0.05,0,0,16800,0,17-Apr-17
OPTSTK,HINDUNILVR,27-Apr-17,1000,CE,1.3,1.4,1,1.05,1.05,23,138.17,45000,600,17-Apr-17
OPTSTK,HINDUNILVR,27-Apr-17,1010,CE,0,0,0,1.15,0,0,0,12000,0,17-Apr-17
OPTSTK,HINDUNILVR,27-Apr-17,1020,CE,0,0,0,1.5,0,0,0,13200,0,17-Apr-17
OPTSTK,HINDUNILVR,27-Apr-17,1030,CE,0,0,0,2.8,0,0,0,0,0,17-Apr-17
OPTSTK,HINDUNILVR,27-Apr-17,1040,CE,0,0,0,2.3,0,0,0,0,0,17-Apr-17
OPTSTK,HINDUNILVR,27-Apr-17,670,PE,0,0,0,0.1,0,0,0,0,0,17-Apr-17
OPTSTK,HINDUNILVR,27-Apr-17,680,PE,0,0,0,0.15,0,0,0,0,0,17-Apr-17
OPTSTK,HINDUNILVR,27-Apr-17,690,PE,0,0,0,0.2,0,0,0,0,0,17-Apr-17
OPTSTK,HINDUNILVR,27-Apr-17,700,PE,0,0,0,0.3,0,0,0,0,0,17-Apr-17
OPTSTK,HINDUNILVR,27-Apr-17,710,PE,0,0,0,0.45,0,0,0,0,0,17-Apr-17
OPTSTK,HINDUNILVR,27-Apr-17,720,PE,0,0,0,0.7,0,0,0,0,0,17-Apr-17
OPTSTK,HINDUNILVR,27-Apr-17,730,PE,0,0,0,1,0,0,0,0,0,17-Apr-17
OPTSTK,HINDUNILVR,27-Apr-17,740,PE,0,0,0,1.35,0,0,0,0,0,17-Apr-17
OPTSTK,HINDUNILVR,27-Apr-17,750,PE,0,0,0,1.9,0,0,0,0,0,17-Apr-17
OPTSTK,HINDUNILVR,27-Apr-17,760,PE,0,0,0,2.55,0,0,0,0,0,17-Apr-17
OPTSTK,HINDUNILVR,27-Apr-17,770,PE,0,0,0,3.4,0,0,0,0,0,17-Apr-17
OPTSTK,HINDUNILVR,27-Apr-17,780,PE,0,0,0,4.5,0,0,0,0,0,17-Apr-17
OPTSTK,HINDUNILVR,27-Apr-17,790,PE,0,0,0,5.8,0,0,0,0,0,17-Apr-17
OPTSTK,HINDUNILVR,27-Apr-17,800,PE,0,0,0,0.05,0,0,0,3000,0,17-Apr-17
OPTSTK,HINDUNILVR,27-Apr-17,810,PE,0,0,0,9.3,0,0,0,0,0,17-Apr-17
OPTSTK,HINDUNILVR,27-Apr-17,820,PE,0,0,0,5.9,0,0,0,1200,0,17-Apr-17
OPTSTK,HINDUNILVR,27-Apr-17,830,PE,0,0,0,14.2,0,0,0,0,0,17-Apr-17
OPTSTK,HINDUNILVR,27-Apr-17,840,PE,0,0,0,0.05,0.05,0,0,600,0,17-Apr-17
OPTSTK,HINDUNILVR,27-Apr-17,850,PE,0,0,0,1.3,0.05,0,0,10200,0,17-Apr-17
OPTSTK,HINDUNILVR,27-Apr-17,860,PE,0,0,0,0.6,0.15,0,0,25800,0,17-Apr-17
OPTSTK,HINDUNILVR,27-Apr-17,870,PE,0.95,0.95,0.95,0.95,0.95,1,5.22,23400,0,17-Apr-17
OPTSTK,HINDUNILVR,27-Apr-17,880,PE,1.1,1.7,0.7,1.7,1.7,11,58.15,42600,-2400,17-Apr-17
OPTSTK,HINDUNILVR,27-Apr-17,890,PE,2.1,3.15,2,3,3,20,107.08,20400,600,17-Apr-17
OPTSTK,HINDUNILVR,27-Apr-17,900,PE,3.55,5.5,3.55,5.2,5.2,58,314.68,105000,3000,17-Apr-17
OPTSTK,HINDUNILVR,27-Apr-17,910,PE,6.5,9.05,6.5,8.85,8.85,28,154.16,42600,-600,17-Apr-17
OPTSTK,HINDUNILVR,27-Apr-17,920,PE,10.6,14.3,10.2,13.5,13.5,214,1196.19,121200,1800,17-Apr-17
OPTSTK,HINDUNILVR,27-Apr-17,930,PE,17.1,21.1,17.1,20.5,20.5,8,45.55,15000,600,17-Apr-17
OPTSTK,HINDUNILVR,27-Apr-17,940,PE,0,0,0,22,26.95,0,0,2400,0,17-Apr-17
OPTSTK,HINDUNILVR,27-Apr-17,950,PE,0,0,0,31,35.55,0,0,600,0,17-Apr-17
OPTSTK,HINDUNILVR,27-Apr-17,960,PE,0,0,0,40.85,44.85,0,0,600,0,17-Apr-17
OPTSTK,HINDUNILVR,27-Apr-17,970,PE,0,0,0,94,54.5,0,0,0,0,17-Apr-17
OPTSTK,HINDUNILVR,27-Apr-17,980,PE,0,0,0,102.3,64.35,0,0,0,0,17-Apr-17
OPTSTK,HINDUNILVR,27-Apr-17,990,PE,0,0,0,110.85,74.25,0,0,0,0,17-Apr-17
OPTSTK,HINDUNILVR,27-Apr-17,1000,PE,0,0,0,119.55,84.25,0,0,0,0,17-Apr-17
OPTSTK,HINDUNILVR,27-Apr-17,1010,PE,0,0,0,128.45,94.2,0,0,0,0,17-Apr-17
OPTSTK,HINDUNILVR,27-Apr-17,1020,PE,0,0,0,137.5,104.2,0,0,0,0,17-Apr-17
OPTSTK,HINDUNILVR,27-Apr-17,1030,PE,0,0,0,146.7,114.2,0,0,0,0,17-Apr-17
OPTSTK,HINDUNILVR,27-Apr-17,1040,PE,0,0,0,156,124.15,0,0,0,0,17-Apr-17
OPTSTK,HINDUNILVR,25-May-17,670,CE,0,0,0,198.8,248.6,0,0,0,0,17-Apr-17
OPTSTK,HINDUNILVR,25-May-17,680,CE,0,0,0,189,238.65,0,0,0,0,17-Apr-17
OPTSTK,HINDUNILVR,25-May-17,690,CE,0,0,0,179.15,228.7,0,0,0,0,17-Apr-17
OPTSTK,HINDUNILVR,25-May-17,700,CE,0,0,0,169.4,218.8,0,0,0,0,17-Apr-17
OPTSTK,HINDUNILVR,25-May-17,710,CE,0,0,0,159.6,208.85,0,0,0,0,17-Apr-17
OPTSTK,HINDUNILVR,25-May-17,720,CE,0,0,0,149.9,198.95,0,0,0,0,17-Apr-17
OPTSTK,HINDUNILVR,25-May-17,730,CE,0,0,0,140.25,189,0,0,0,0,17-Apr-17
OPTSTK,HINDUNILVR,25-May-17,740,CE,0,0,0,130.7,179.05,0,0,0,0,17-Apr-17
OPTSTK,HINDUNILVR,25-May-17,750,CE,0,0,0,121.25,169.15,0,0,0,0,17-Apr-17
OPTSTK,HINDUNILVR,25-May-17,760,CE,0,0,0,111.95,159.2,0,0,0,0,17-Apr-17
OPTSTK,HINDUNILVR,25-May-17,770,CE,0,0,0,102.8,149.25,0,0,0,0,17-Apr-17
OPTSTK,HINDUNILVR,25-May-17,780,CE,0,0,0,93.9,139.35,0,0,0,0,17-Apr-17
OPTSTK,HINDUNILVR,25-May-17,790,CE,0,0,0,85.3,129.45,0,0,0,0,17-Apr-17
OPTSTK,HINDUNILVR,25-May-17,800,CE,0,0,0,77,119.55,0,0,0,0,17-Apr-17
OPTSTK,HINDUNILVR,25-May-17,810,CE,0,0,0,69.05,109.7,0,0,0,0,17-Apr-17
OPTSTK,HINDUNILVR,25-May-17,820,CE,0,0,0,61.5,99.95,0,0,0,0,17-Apr-17
OPTSTK,HINDUNILVR,25-May-17,830,CE,0,0,0,54.35,90.3,0,0,0,0,17-Apr-17
OPTSTK,HINDUNILVR,25-May-17,840,CE,0,0,0,47.7,80.8,0,0,0,0,17-Apr-17
OPTSTK,HINDUNILVR,25-May-17,850,CE,0,0,0,41.6,71.55,0,0,0,0,17-Apr-17
OPTSTK,HINDUNILVR,25-May-17,860,CE,0,0,0,35.95,62.6,0,0,0,0,17-Apr-17
OPTSTK,HINDUNILVR,25-May-17,870,CE,0,0,0,30.85,54.05,0,0,0,0,17-Apr-17
OPTSTK,HINDUNILVR,25-May-17,880,CE,0,0,0,26.25,46,0,0,0,0,17-Apr-17
OPTSTK,HINDUNILVR,25-May-17,890,CE,0,0,0,22.15,38.55,0,0,0,0,17-Apr-17
OPTSTK,HINDUNILVR,25-May-17,900,CE,0,0,0,18.55,31.8,0,0,0,0,17-Apr-17
OPTSTK,HINDUNILVR,25-May-17,910,CE,0,0,0,15.4,25.8,0,0,0,0,17-Apr-17
OPTSTK,HINDUNILVR,25-May-17,920,CE,22.8,22.8,22.8,22.8,22.8,7,39.59,4200,4200,17-Apr-17
OPTSTK,HINDUNILVR,25-May-17,930,CE,16.65,16.65,16.65,16.65,16.65,1,5.67,600,600,17-Apr-17
OPTSTK,HINDUNILVR,25-May-17,940,CE,0,0,0,15.9,12.3,0,0,1200,0,17-Apr-17
OPTSTK,HINDUNILVR,25-May-17,950,CE,10.5,10.5,10.5,10.5,10.5,2,11.52,1200,1200,17-Apr-17
OPTSTK,HINDUNILVR,25-May-17,960,CE,0,0,0,5.4,6.8,0,0,0,0,17-Apr-17
OPTSTK,HINDUNILVR,25-May-17,970,CE,0,0,0,4.3,4.9,0,0,0,0,17-Apr-17
OPTSTK,HINDUNILVR,25-May-17,980,CE,0,0,0,3.35,3.45,0,0,0,0,17-Apr-17
OPTSTK,HINDUNILVR,25-May-17,990,CE,0,0,0,2.65,2.4,0,0,0,0,17-Apr-17
OPTSTK,HINDUNILVR,25-May-17,1000,CE,0,0,0,5.95,1.65,0,0,600,0,17-Apr-17
OPTSTK,HINDUNILVR,25-May-17,1010,CE,0,0,0,1.55,1.1,0,0,0,0,17-Apr-17
OPTSTK,HINDUNILVR,25-May-17,1020,CE,0,0,0,1.2,0.7,0,0,0,0,17-Apr-17
OPTSTK,HINDUNILVR,25-May-17,1030,CE,0,0,0,0.9,0.45,0,0,0,0,17-Apr-17
OPTSTK,HINDUNILVR,25-May-17,1040,CE,0,0,0,0.7,0.3,0,0,0,0,17-Apr-17
OPTSTK,HINDUNILVR,25-May-17,670,PE,0,0,0,0.05,0,0,0,0,0,17-Apr-17
OPTSTK,HINDUNILVR,25-May-17,680,PE,0,0,0,0.05,0,0,0,0,0,17-Apr-17
OPTSTK,HINDUNILVR,25-May-17,690,PE,0,0,0,0.1,0,0,0,0,0,17-Apr-17
OPTSTK,HINDUNILVR,25-May-17,700,PE,0,0,0,0.15,0,0,0,0,0,17-Apr-17
OPTSTK,HINDUNILVR,25-May-17,710,PE,0,0,0,0.25,0,0,0,0,0,17-Apr-17
OPTSTK,HINDUNILVR,25-May-17,720,PE,0,0,0,0.35,0,0,0,0,0,17-Apr-17
OPTSTK,HINDUNILVR,25-May-17,730,PE,0,0,0,0.55,0,0,0,0,0,17-Apr-17
OPTSTK,HINDUNILVR,25-May-17,740,PE,0,0,0,0.85,0,0,0,0,0,17-Apr-17
OPTSTK,HINDUNILVR,25-May-17,750,PE,0,0,0,1.2,0,0,0,0,0,17-Apr-17
OPTSTK,HINDUNILVR,25-May-17,760,PE,0,0,0,1.75,0,0,0,0,0,17-Apr-17
OPTSTK,HINDUNILVR,25-May-17,770,PE,0,0,0,2.5,0.05,0,0,0,0,17-Apr-17
OPTSTK,HINDUNILVR,25-May-17,780,PE,0,0,0,3.45,0.05,0,0,0,0,17-Apr-17
OPTSTK,HINDUNILVR,25-May-17,790,PE,0,0,0,4.65,0.05,0,0,0,0,17-Apr-17
OPTSTK,HINDUNILVR,25-May-17,800,PE,0,0,0,6.2,0.1,0,0,0,0,17-Apr-17
OPTSTK,HINDUNILVR,25-May-17,810,PE,0,0,0,8.05,0.2,0,0,0,0,17-Apr-17
OPTSTK,HINDUNILVR,25-May-17,820,PE,0,0,0,10.4,0.35,0,0,0,0,17-Apr-17
OPTSTK,HINDUNILVR,25-May-17,830,PE,0,0,0,13.1,0.65,0,0,0,0,17-Apr-17
OPTSTK,HINDUNILVR,25-May-17,840,PE,0,0,0,16.3,1.05,0,0,0,0,17-Apr-17
OPTSTK,HINDUNILVR,25-May-17,850,PE,0,0,0,20,1.75,0,0,0,0,17-Apr-17
OPTSTK,HINDUNILVR,25-May-17,860,PE,0,0,0,24.2,2.75,0,0,0,0,17-Apr-17
OPTSTK,HINDUNILVR,25-May-17,870,PE,0,0,0,28.95,4.15,0,0,0,0,17-Apr-17
OPTSTK,HINDUNILVR,25-May-17,880,PE,0,0,0,34.2,6.05,0,0,0,0,17-Apr-17
OPTSTK,HINDUNILVR,25-May-17,890,PE,0,0,0,39.95,8.5,0,0,0,0,17-Apr-17
OPTSTK,HINDUNILVR,25-May-17,900,PE,0,0,0,10.2,11.7,0,0,1800,0,17-Apr-17
OPTSTK,HINDUNILVR,25-May-17,910,PE,0,0,0,52.9,15.6,0,0,0,0,17-Apr-17
OPTSTK,HINDUNILVR,25-May-17,920,PE,18.1,18.1,17.5,17.5,17.5,7,39.37,7200,4200,17-Apr-17
OPTSTK,HINDUNILVR,25-May-17,930,PE,0,0,0,67.55,25.7,0,0,0,0,17-Apr-17
OPTSTK,HINDUNILVR,25-May-17,940,PE,0,0,0,75.45,31.9,0,0,0,0,17-Apr-17
OPTSTK,HINDUNILVR,25-May-17,950,PE,0,0,0,83.65,38.75,0,0,0,0,17-Apr-17
OPTSTK,HINDUNILVR,25-May-17,960,PE,0,0,0,92.1,46.25,0,0,0,0,17-Apr-17
OPTSTK,HINDUNILVR,25-May-17,970,PE,0,0,0,100.8,54.3,0,0,0,0,17-Apr-17
OPTSTK,HINDUNILVR,25-May-17,980,PE,0,0,0,109.75,62.8,0,0,0,0,17-Apr-17
OPTSTK,HINDUNILVR,25-May-17,990,PE,0,0,0,118.85,71.7,0,0,0,0,17-Apr-17
OPTSTK,HINDUNILVR,25-May-17,1000,PE,0,0,0,128.1,80.85,0,0,0,0,17-Apr-17
OPTSTK,HINDUNILVR,25-May-17,1010,PE,0,0,0,137.45,90.25,0,0,0,0,17-Apr-17
OPTSTK,HINDUNILVR,25-May-17,1020,PE,0,0,0,146.95,99.8,0,0,0,0,17-Apr-17
OPTSTK,HINDUNILVR,25-May-17,1030,PE,0,0,0,156.5,109.45,0,0,0,0,17-Apr-17
OPTSTK,HINDUNILVR,25-May-17,1040,PE,0,0,0,166.1,119.25,0,0,0,0,17-Apr-17
OPTSTK,HINDUNILVR,29-Jun-17,720,CE,0,0,0,211.15,203.4,0,0,0,0,17-Apr-17
OPTSTK,HINDUNILVR,29-Jun-17,730,CE,0,0,0,201.4,193.5,0,0,0,0,17-Apr-17
OPTSTK,HINDUNILVR,29-Jun-17,740,CE,0,0,0,191.6,183.65,0,0,0,0,17-Apr-17
OPTSTK,HINDUNILVR,29-Jun-17,750,CE,0,0,0,181.9,173.8,0,0,0,0,17-Apr-17
OPTSTK,HINDUNILVR,29-Jun-17,760,CE,0,0,0,172.2,164,0,0,0,0,17-Apr-17
OPTSTK,HINDUNILVR,29-Jun-17,770,CE,0,0,0,162.55,154.2,0,0,0,0,17-Apr-17
OPTSTK,HINDUNILVR,29-Jun-17,780,CE,0,0,0,153,144.45,0,0,0,0,17-Apr-17
OPTSTK,HINDUNILVR,29-Jun-17,790,CE,0,0,0,143.55,134.75,0,0,0,0,17-Apr-17
OPTSTK,HINDUNILVR,29-Jun-17,800,CE,0,0,0,134.2,125.15,0,0,0,0,17-Apr-17
OPTSTK,HINDUNILVR,29-Jun-17,810,CE,0,0,0,125,115.65,0,0,0,0,17-Apr-17
OPTSTK,HINDUNILVR,29-Jun-17,820,CE,0,0,0,116,106.35,0,0,0,0,17-Apr-17
OPTSTK,HINDUNILVR,29-Jun-17,830,CE,0,0,0,107.2,97.2,0,0,0,0,17-Apr-17
OPTSTK,HINDUNILVR,29-Jun-17,840,CE,0,0,0,98.65,88.3,0,0,0,0,17-Apr-17
OPTSTK,HINDUNILVR,29-Jun-17,850,CE,0,0,0,90.35,79.65,0,0,0,0,17-Apr-17
OPTSTK,HINDUNILVR,29-Jun-17,860,CE,0,0,0,82.35,71.4,0,0,0,0,17-Apr-17
OPTSTK,HINDUNILVR,29-Jun-17,870,CE,0,0,0,74.75,63.5,0,0,0,0,17-Apr-17
OPTSTK,HINDUNILVR,29-Jun-17,880,CE,0,0,0,67.5,56.05,0,0,0,0,17-Apr-17
OPTSTK,HINDUNILVR,29-Jun-17,890,CE,0,0,0,60.55,49.05,0,0,0,0,17-Apr-17
OPTSTK,HINDUNILVR,29-Jun-17,900,CE,0,0,0,54.1,42.55,0,0,0,0,17-Apr-17
OPTSTK,HINDUNILVR,29-Jun-17,910,CE,0,0,0,48.05,36.6,0,0,0,0,17-Apr-17
OPTSTK,HINDUNILVR,29-Jun-17,920,CE,0,0,0,42.45,31.25,0,0,0,0,17-Apr-17
OPTSTK,HINDUNILVR,29-Jun-17,930,CE,0,0,0,37.3,26.4,0,0,0,0,17-Apr-17
OPTSTK,HINDUNILVR,29-Jun-17,940,CE,0,0,0,32.6,22.1,0,0,0,0,17-Apr-17
OPTSTK,HINDUNILVR,29-Jun-17,950,CE,0,0,0,28.3,18.35,0,0,0,0,17-Apr-17
OPTSTK,HINDUNILVR,29-Jun-17,960,CE,0,0,0,24.45,15.05,0,0,0,0,17-Apr-17
OPTSTK,HINDUNILVR,29-Jun-17,970,CE,0,0,0,21,12.25,0,0,0,0,17-Apr-17
OPTSTK,HINDUNILVR,29-Jun-17,980,CE,0,0,0,17.95,9.9,0,0,0,0,17-Apr-17
OPTSTK,HINDUNILVR,29-Jun-17,990,CE,0,0,0,15.25,7.9,0,0,0,0,17-Apr-17
OPTSTK,HINDUNILVR,29-Jun-17,1000,CE,0,0,0,12.9,6.25,0,0,0,0,17-Apr-17
OPTSTK,HINDUNILVR,29-Jun-17,1010,CE,0,0,0,10.8,4.9,0,0,0,0,17-Apr-17
OPTSTK,HINDUNILVR,29-Jun-17,1020,CE,0,0,0,9.05,3.8,0,0,0,0,17-Apr-17
OPTSTK,HINDUNILVR,29-Jun-17,1030,CE,0,0,0,7.5,2.95,0,0,0,0,17-Apr-17
OPTSTK,HINDUNILVR,29-Jun-17,1040,CE,0,0,0,6.2,2.25,0,0,0,0,17-Apr-17
OPTSTK,HINDUNILVR,29-Jun-17,720,PE,0,0,0,0.1,0.05,0,0,0,0,17-Apr-17
OPTSTK,HINDUNILVR,29-Jun-17,730,PE,0,0,0,0.15,0.05,0,0,0,0,17-Apr-17
OPTSTK,HINDUNILVR,29-Jun-17,740,PE,0,0,0,0.2,0.05,0,0,0,0,17-Apr-17
OPTSTK,HINDUNILVR,29-Jun-17,750,PE,0,0,0,0.3,0.1,0,0,0,0,17-Apr-17
OPTSTK,HINDUNILVR,29-Jun-17,760,PE,0,0,0,0.45,0.15,0,0,0,0,17-Apr-17
OPTSTK,HINDUNILVR,29-Jun-17,770,PE,0,0,0,0.65,0.2,0,0,0,0,17-Apr-17
OPTSTK,HINDUNILVR,29-Jun-17,780,PE,0,0,0,0.95,0.35,0,0,0,0,17-Apr-17
OPTSTK,HINDUNILVR,29-Jun-17,790,PE,0,0,0,1.3,0.5,0,0,0,0,17-Apr-17
OPTSTK,HINDUNILVR,29-Jun-17,800,PE,0,0,0,1.8,0.75,0,0,0,0,17-Apr-17
OPTSTK,HINDUNILVR,29-Jun-17,810,PE,0,0,0,2.45,1.15,0,0,0,0,17-Apr-17
OPTSTK,HINDUNILVR,29-Jun-17,820,PE,0,0,0,3.25,1.7,0,0,0,0,17-Apr-17
OPTSTK,HINDUNILVR,29-Jun-17,830,PE,0,0,0,4.3,2.4,0,0,0,0,17-Apr-17
OPTSTK,HINDUNILVR,29-Jun-17,840,PE,0,0,0,5.6,3.4,0,0,0,0,17-Apr-17
OPTSTK,HINDUNILVR,29-Jun-17,850,PE,0,0,0,7.15,4.65,0,0,0,0,17-Apr-17
OPTSTK,HINDUNILVR,29-Jun-17,860,PE,0,0,0,9,6.2,0,0,0,0,17-Apr-17
OPTSTK,HINDUNILVR,29-Jun-17,870,PE,0,0,0,11.2,8.2,0,0,0,0,17-Apr-17
OPTSTK,HINDUNILVR,29-Jun-17,880,PE,0,0,0,13.75,10.65,0,0,0,0,17-Apr-17
OPTSTK,HINDUNILVR,29-Jun-17,890,PE,0,0,0,16.7,13.5,0,0,0,0,17-Apr-17
OPTSTK,HINDUNILVR,29-Jun-17,900,PE,0,0,0,20.05,16.9,0,0,0,0,17-Apr-17
OPTSTK,HINDUNILVR,29-Jun-17,910,PE,0,0,0,23.85,20.8,0,0,0,0,17-Apr-17
OPTSTK,HINDUNILVR,29-Jun-17,920,PE,0,0,0,28.1,25.3,0,0,0,0,17-Apr-17
OPTSTK,HINDUNILVR,29-Jun-17,930,PE,0,0,0,32.8,30.35,0,0,0,0,17-Apr-17
OPTSTK,HINDUNILVR,29-Jun-17,940,PE,0,0,0,37.9,35.9,0,0,0,0,17-Apr-17
OPTSTK,HINDUNILVR,29-Jun-17,950,PE,0,0,0,43.45,42,0,0,0,0,17-Apr-17
OPTSTK,HINDUNILVR,29-Jun-17,960,PE,0,0,0,49.45,48.6,0,0,0,0,17-Apr-17
OPTSTK,HINDUNILVR,29-Jun-17,970,PE,0,0,0,55.8,55.65,0,0,0,0,17-Apr-17
OPTSTK,HINDUNILVR,29-Jun-17,980,PE,0,0,0,62.6,63.2,0,0,0,0,17-Apr-17
OPTSTK,HINDUNILVR,29-Jun-17,990,PE,0,0,0,69.7,71.05,0,0,0,0,17-Apr-17
OPTSTK,HINDUNILVR,29-Jun-17,1000,PE,0,0,0,77.2,79.3,0,0,0,0,17-Apr-17
OPTSTK,HINDUNILVR,29-Jun-17,1010,PE,0,0,0,84.95,87.8,0,0,0,0,17-Apr-17
OPTSTK,HINDUNILVR,29-Jun-17,1020,PE,0,0,0,93,96.6,0,0,0,0,17-Apr-17
OPTSTK,HINDUNILVR,29-Jun-17,1030,PE,0,0,0,101.3,105.55,0,0,0,0,17-Apr-17
OPTSTK,HINDUNILVR,29-Jun-17,1040,PE,0,0,0,109.85,114.75,0,0,0,0,17-Apr-17
OPTSTK,HINDZINC,27-Apr-17,190,CE,0,0,0,113.7,88.25,0,0,0,0,17-Apr-17
OPTSTK,HINDZINC,27-Apr-17,200,CE,0,0,0,87.8,78.25,0,0,3200,0,17-Apr-17
OPTSTK,HINDZINC,27-Apr-17,210,CE,0,0,0,94.45,68.3,0,0,0,0,17-Apr-17
OPTSTK,HINDZINC,27-Apr-17,220,CE,0,0,0,85.05,58.3,0,0,0,0,17-Apr-17
OPTSTK,HINDZINC,27-Apr-17,230,CE,0,0,0,75.95,48.3,0,0,0,0,17-Apr-17
OPTSTK,HINDZINC,27-Apr-17,240,CE,0,0,0,55.1,38.35,0,0,3200,0,17-Apr-17
OPTSTK,HINDZINC,27-Apr-17,250,CE,0,0,0,58.85,28.45,0,0,0,0,17-Apr-17
OPTSTK,HINDZINC,27-Apr-17,260,CE,0,0,0,29.4,18.95,0,0,6400,0,17-Apr-17
OPTSTK,HINDZINC,27-Apr-17,270,CE,11.5,11.5,11.5,11.5,11.5,1,9,12800,3200,17-Apr-17
OPTSTK,HINDZINC,27-Apr-17,280,CE,9.25,9.25,5.9,6.1,6.1,53,486.42,166400,76800,17-Apr-17
OPTSTK,HINDZINC,27-Apr-17,290,CE,3.8,3.8,2.8,2.85,2.85,124,1163.61,828800,32000,17-Apr-17
OPTSTK,HINDZINC,27-Apr-17,300,CE,1.9,2,1.35,1.5,1.5,48,463.23,998400,6400,17-Apr-17
OPTSTK,HINDZINC,27-Apr-17,310,CE,1,1.1,0.65,0.75,0.75,28,278.51,243200,3200,17-Apr-17
OPTSTK,HINDZINC,27-Apr-17,320,CE,0.5,0.55,0.45,0.55,0.55,10,102.55,480000,-3200,17-Apr-17
OPTSTK,HINDZINC,27-Apr-17,330,CE,0.15,0.3,0.15,0.2,0.2,6,63.4,86400,-3200,17-Apr-17
OPTSTK,HINDZINC,27-Apr-17,340,CE,0,0,0,0.2,0,0,0,44800,0,17-Apr-17
OPTSTK,HINDZINC,27-Apr-17,350,CE,0,0,0,0.15,0,0,0,25600,0,17-Apr-17
OPTSTK,HINDZINC,27-Apr-17,360,CE,0,0,0,7.2,0,0,0,0,0,17-Apr-17
OPTSTK,HINDZINC,27-Apr-17,370,CE,0,0,0,5.65,0,0,0,0,0,17-Apr-17
OPTSTK,HINDZINC,27-Apr-17,380,CE,0,0,0,4.45,0,0,0,0,0,17-Apr-17
OPTSTK,HINDZINC,27-Apr-17,390,CE,0,0,0,3.45,0,0,0,0,0,17-Apr-17
OPTSTK,HINDZINC,27-Apr-17,190,PE,0,0,0,0.15,0,0,0,0,0,17-Apr-17
OPTSTK,HINDZINC,27-Apr-17,200,PE,0,0,0,0.3,0,0,0,0,0,17-Apr-17
OPTSTK,HINDZINC,27-Apr-17,210,PE,0,0,0,0.55,0,0,0,0,0,17-Apr-17
OPTSTK,HINDZINC,27-Apr-17,220,PE,0,0,0,1,0,0,0,0,0,17-Apr-17
OPTSTK,HINDZINC,27-Apr-17,230,PE,0,0,0,1.7,0,0,0,0,0,17-Apr-17
OPTSTK,HINDZINC,27-Apr-17,240,PE,0,0,0,2.8,0.05,0,0,0,0,17-Apr-17
OPTSTK,HINDZINC,27-Apr-17,250,PE,0.5,0.5,0.5,0.5,0.5,1,8.01,16000,3200,17-Apr-17
OPTSTK,HINDZINC,27-Apr-17,260,PE,0.65,1.1,0.65,1,1,15,125.22,86400,9600,17-Apr-17
OPTSTK,HINDZINC,27-Apr-17,270,PE,2.5,3.15,2.1,3,3,31,270.58,294400,-12800,17-Apr-17
OPTSTK,HINDZINC,27-Apr-17,280,PE,4.2,7.3,4.2,6.95,6.95,66,604.91,345600,38400,17-Apr-17
OPTSTK,HINDZINC,27-Apr-17,290,PE,11.25,13.9,11.25,13.7,13.7,8,77.52,416000,-3200,17-Apr-17
OPTSTK,HINDZINC,27-Apr-17,300,PE,0,0,0,18,22.05,0,0,48000,0,17-Apr-17
OPTSTK,HINDZINC,27-Apr-17,310,PE,0,0,0,25.95,31.7,0,0,35200,0,17-Apr-17
OPTSTK,HINDZINC,27-Apr-17,320,PE,41.3,41.3,41.2,41.25,41.25,4,46.24,16000,-12800,17-Apr-17
OPTSTK,HINDZINC,27-Apr-17,330,PE,0,0,0,39,51.55,0,0,3200,0,17-Apr-17
OPTSTK,HINDZINC,27-Apr-17,340,PE,0,0,0,45.4,61.55,0,0,0,0,17-Apr-17
OPTSTK,HINDZINC,27-Apr-17,350,PE,0,0,0,52.95,71.5,0,0,0,0,17-Apr-17
OPTSTK,HINDZINC,27-Apr-17,360,PE,0,0,0,60.85,81.5,0,0,0,0,17-Apr-17
OPTSTK,HINDZINC,27-Apr-17,370,PE,0,0,0,69.15,91.5,0,0,0,0,17-Apr-17
OPTSTK,HINDZINC,27-Apr-17,380,PE,0,0,0,77.75,101.45,0,0,0,0,17-Apr-17
OPTSTK,HINDZINC,27-Apr-17,390,PE,0,0,0,86.6,111.45,0,0,0,0,17-Apr-17
OPTSTK,HINDZINC,25-May-17,190,CE,0,0,0,115.05,89.2,0,0,0,0,17-Apr-17
OPTSTK,HINDZINC,25-May-17,200,CE,0,0,0,105.3,79.25,0,0,0,0,17-Apr-17
OPTSTK,HINDZINC,25-May-17,210,CE,0,0,0,95.65,69.35,0,0,0,0,17-Apr-17
OPTSTK,HINDZINC,25-May-17,220,CE,0,0,0,86.15,59.45,0,0,0,0,17-Apr-17
OPTSTK,HINDZINC,25-May-17,230,CE,0,0,0,76.85,49.7,0,0,0,0,17-Apr-17
OPTSTK,HINDZINC,25-May-17,240,CE,0,0,0,67.9,40.25,0,0,0,0,17-Apr-17
OPTSTK,HINDZINC,25-May-17,250,CE,0,0,0,59.35,31.3,0,0,0,0,17-Apr-17
OPTSTK,HINDZINC,25-May-17,260,CE,0,0,0,51.25,23.3,0,0,0,0,17-Apr-17
OPTSTK,HINDZINC,25-May-17,270,CE,0,0,0,43.8,16.45,0,0,0,0,17-Apr-17
OPTSTK,HINDZINC,25-May-17,280,CE,0,0,0,37,11,0,0,0,0,17-Apr-17
OPTSTK,HINDZINC,25-May-17,290,CE,0,0,0,30.9,6.95,0,0,0,0,17-Apr-17
OPTSTK,HINDZINC,25-May-17,300,CE,0,0,0,25.5,4.15,0,0,0,0,17-Apr-17
OPTSTK,HINDZINC,25-May-17,310,CE,0,0,0,20.8,2.35,0,0,0,0,17-Apr-17
OPTSTK,HINDZINC,25-May-17,320,CE,0,0,0,16.8,1.25,0,0,0,0,17-Apr-17
OPTSTK,HINDZINC,25-May-17,330,CE,0,0,0,13.4,0.65,0,0,0,0,17-Apr-17
OPTSTK,HINDZINC,25-May-17,340,CE,0,0,0,10.6,0.3,0,0,0,0,17-Apr-17
OPTSTK,HINDZINC,25-May-17,350,CE,0,0,0,8.35,0.15,0,0,0,0,17-Apr-17
OPTSTK,HINDZINC,25-May-17,360,CE,0,0,0,6.45,0.1,0,0,0,0,17-Apr-17
OPTSTK,HINDZINC,25-May-17,370,CE,0,0,0,4.95,0.05,0,0,0,0,17-Apr-17
OPTSTK,HINDZINC,25-May-17,380,CE,0,0,0,3.8,0.05,0,0,0,0,17-Apr-17
OPTSTK,HINDZINC,25-May-17,390,CE,0,0,0,2.9,0,0,0,0,0,17-Apr-17
OPTSTK,HINDZINC,25-May-17,190,PE,0,0,0,0.1,0,0,0,0,0,17-Apr-17
OPTSTK,HINDZINC,25-May-17,200,PE,0,0,0,0.2,0,0,0,0,0,17-Apr-17
OPTSTK,HINDZINC,25-May-17,210,PE,0,0,0,0.35,0.05,0,0,0,0,17-Apr-17
OPTSTK,HINDZINC,25-May-17,220,PE,0,0,0,0.7,0.1,0,0,0,0,17-Apr-17
OPTSTK,HINDZINC,25-May-17,230,PE,0,0,0,1.25,0.25,0,0,0,0,17-Apr-17
OPTSTK,HINDZINC,25-May-17,240,PE,0,0,0,2.1,0.7,0,0,0,0,17-Apr-17
OPTSTK,HINDZINC,25-May-17,250,PE,0,0,0,3.4,1.75,0,0,0,0,17-Apr-17
OPTSTK,HINDZINC,25-May-17,260,PE,0,0,0,5.2,3.65,0,0,0,0,17-Apr-17
OPTSTK,HINDZINC,25-May-17,270,PE,0,0,0,5,6.7,0,0,3200,0,17-Apr-17
OPTSTK,HINDZINC,25-May-17,280,PE,11,11,11,11,11,1,9.31,3200,3200,17-Apr-17
OPTSTK,HINDZINC,25-May-17,290,PE,0,0,0,14.35,17.1,0,0,0,0,17-Apr-17
OPTSTK,HINDZINC,25-May-17,300,PE,0,0,0,18.8,24.25,0,0,0,0,17-Apr-17
OPTSTK,HINDZINC,25-May-17,310,PE,0,0,0,23.95,32.35,0,0,0,0,17-Apr-17
OPTSTK,HINDZINC,25-May-17,320,PE,0,0,0,29.75,41.2,0,0,0,0,17-Apr-17
OPTSTK,HINDZINC,25-May-17,330,PE,0,0,0,36.25,50.5,0,0,0,0,17-Apr-17
OPTSTK,HINDZINC,25-May-17,340,PE,0,0,0,43.25,60.1,0,0,0,0,17-Apr-17
OPTSTK,HINDZINC,25-May-17,350,PE,0,0,0,50.85,69.9,0,0,0,0,17-Apr-17
OPTSTK,HINDZINC,25-May-17,360,PE,0,0,0,58.8,79.75,0,0,0,0,17-Apr-17
OPTSTK,HINDZINC,25-May-17,370,PE,0,0,0,67.15,89.65,0,0,0,0,17-Apr-17
OPTSTK,HINDZINC,25-May-17,380,PE,0,0,0,75.85,99.55,0,0,0,0,17-Apr-17
OPTSTK,HINDZINC,25-May-17,390,PE,0,0,0,84.75,109.5,0,0,0,0,17-Apr-17
OPTSTK,HINDZINC,29-Jun-17,190,CE,0,0,0,99.15,90.4,0,0,0,0,17-Apr-17
OPTSTK,HINDZINC,29-Jun-17,200,CE,0,0,0,89.55,80.55,0,0,0,0,17-Apr-17
OPTSTK,HINDZINC,29-Jun-17,210,CE,0,0,0,80.15,70.85,0,0,0,0,17-Apr-17
OPTSTK,HINDZINC,29-Jun-17,220,CE,0,0,0,71,61.25,0,0,0,0,17-Apr-17
OPTSTK,HINDZINC,29-Jun-17,230,CE,0,0,0,62.25,52,0,0,0,0,17-Apr-17
OPTSTK,HINDZINC,29-Jun-17,240,CE,0,0,0,53.95,43.2,0,0,0,0,17-Apr-17
OPTSTK,HINDZINC,29-Jun-17,250,CE,0,0,0,46.2,35.1,0,0,0,0,17-Apr-17
OPTSTK,HINDZINC,29-Jun-17,260,CE,0,0,0,39.15,27.75,0,0,0,0,17-Apr-17
OPTSTK,HINDZINC,29-Jun-17,270,CE,0,0,0,32.75,21.4,0,0,0,0,17-Apr-17
OPTSTK,HINDZINC,29-Jun-17,280,CE,0,0,0,27.05,16.1,0,0,0,0,17-Apr-17
OPTSTK,HINDZINC,29-Jun-17,290,CE,0,0,0,22.1,11.75,0,0,0,0,17-Apr-17
OPTSTK,HINDZINC,29-Jun-17,300,CE,0,0,0,17.9,8.4,0,0,0,0,17-Apr-17
OPTSTK,HINDZINC,29-Jun-17,310,CE,0,0,0,14.3,5.85,0,0,0,0,17-Apr-17
OPTSTK,HINDZINC,29-Jun-17,320,CE,0,0,0,11.3,3.95,0,0,0,0,17-Apr-17
OPTSTK,HINDZINC,29-Jun-17,330,CE,0,0,0,8.9,2.6,0,0,0,0,17-Apr-17
OPTSTK,HINDZINC,29-Jun-17,340,CE,0,0,0,6.9,1.7,0,0,0,0,17-Apr-17
OPTSTK,HINDZINC,29-Jun-17,350,CE,0,0,0,5.3,1.1,0,0,0,0,17-Apr-17
OPTSTK,HINDZINC,29-Jun-17,360,CE,0,0,0,4.05,0.7,0,0,0,0,17-Apr-17
OPTSTK,HINDZINC,29-Jun-17,370,CE,0,0,0,3.1,0.4,0,0,0,0,17-Apr-17
OPTSTK,HINDZINC,29-Jun-17,380,CE,0,0,0,2.35,0.25,0,0,0,0,17-Apr-17
OPTSTK,HINDZINC,29-Jun-17,390,CE,0,0,0,1.75,0.15,0,0,0,0,17-Apr-17
OPTSTK,HINDZINC,29-Jun-17,190,PE,0,0,0,0.25,0.05,0,0,0,0,17-Apr-17
OPTSTK,HINDZINC,29-Jun-17,200,PE,0,0,0,0.45,0.1,0,0,0,0,17-Apr-17
OPTSTK,HINDZINC,29-Jun-17,210,PE,0,0,0,0.9,0.25,0,0,0,0,17-Apr-17
OPTSTK,HINDZINC,29-Jun-17,220,PE,0,0,0,1.6,0.55,0,0,0,0,17-Apr-17
OPTSTK,HINDZINC,29-Jun-17,230,PE,0,0,0,2.65,1.15,0,0,0,0,17-Apr-17
OPTSTK,HINDZINC,29-Jun-17,240,PE,0,0,0,4.2,2.2,0,0,0,0,17-Apr-17
OPTSTK,HINDZINC,29-Jun-17,250,PE,0,0,0,6.3,3.95,0,0,0,0,17-Apr-17
OPTSTK,HINDZINC,29-Jun-17,260,PE,0,0,0,9.05,6.5,0,0,0,0,17-Apr-17
OPTSTK,HINDZINC,29-Jun-17,270,PE,0,0,0,12.5,10.05,0,0,0,0,17-Apr-17
OPTSTK,HINDZINC,29-Jun-17,280,PE,0,0,0,16.65,14.55,0,0,0,0,17-Apr-17
OPTSTK,HINDZINC,29-Jun-17,290,PE,0,0,0,21.55,20.1,0,0,0,0,17-Apr-17
OPTSTK,HINDZINC,29-Jun-17,300,PE,0,0,0,27.15,26.6,0,0,0,0,17-Apr-17
OPTSTK,HINDZINC,29-Jun-17,310,PE,0,0,0,33.4,33.95,0,0,0,0,17-Apr-17
OPTSTK,HINDZINC,29-Jun-17,320,PE,0,0,0,40.25,41.9,0,0,0,0,17-Apr-17
OPTSTK,HINDZINC,29-Jun-17,330,PE,0,0,0,47.65,50.45,0,0,0,0,17-Apr-17
OPTSTK,HINDZINC,29-Jun-17,340,PE,0,0,0,55.5,59.4,0,0,0,0,17-Apr-17
OPTSTK,HINDZINC,29-Jun-17,350,PE,0,0,0,63.75,68.65,0,0,0,0,17-Apr-17
OPTSTK,HINDZINC,29-Jun-17,360,PE,0,0,0,72.35,78.15,0,0,0,0,17-Apr-17
OPTSTK,HINDZINC,29-Jun-17,370,PE,0,0,0,81.2,87.75,0,0,0,0,17-Apr-17
OPTSTK,HINDZINC,29-Jun-17,380,PE,0,0,0,90.25,97.45,0,0,0,0,17-Apr-17
OPTSTK,HINDZINC,29-Jun-17,390,PE,0,0,0,99.5,107.2,0,0,0,0,17-Apr-17
OPTSTK,IBREALEST,27-Apr-17,35,CE,0,0,0,47.05,113.3,0,0,0,0,17-Apr-17
OPTSTK,IBREALEST,27-Apr-17,40,CE,0,0,0,42.15,108.3,0,0,0,0,17-Apr-17
OPTSTK,IBREALEST,27-Apr-17,45,CE,0,0,0,37.25,103.3,0,0,0,0,17-Apr-17
OPTSTK,IBREALEST,27-Apr-17,50,CE,0,0,0,32.4,98.3,0,0,0,0,17-Apr-17
OPTSTK,IBREALEST,27-Apr-17,55,CE,0,0,0,27.7,93.3,0,0,0,0,17-Apr-17
OPTSTK,IBREALEST,27-Apr-17,60,CE,0,0,0,23.25,88.35,0,0,0,0,17-Apr-17
OPTSTK,IBREALEST,27-Apr-17,65,CE,0,0,0,19.1,83.35,0,0,0,0,17-Apr-17
OPTSTK,IBREALEST,27-Apr-17,70,CE,0,0,0,17,78.4,0,0,10000,0,17-Apr-17
OPTSTK,IBREALEST,27-Apr-17,72.5,CE,0,0,0,15.7,75.9,0,0,0,0,17-Apr-17
OPTSTK,IBREALEST,27-Apr-17,75,CE,0,0,0,12,73.45,0,0,30000,0,17-Apr-17
OPTSTK,IBREALEST,27-Apr-17,77.5,CE,0,0,0,11.6,70.95,0,0,0,0,17-Apr-17
OPTSTK,IBREALEST,27-Apr-17,80,CE,0,0,0,9,68.5,0,0,50000,0,17-Apr-17
OPTSTK,IBREALEST,27-Apr-17,82.5,CE,0,0,0,10.45,66.05,0,0,0,0,17-Apr-17
OPTSTK,IBREALEST,27-Apr-17,85,CE,36.25,36.25,36.25,36.25,36.25,1,12.12,390000,-10000,17-Apr-17
OPTSTK,IBREALEST,27-Apr-17,87.5,CE,0,0,0,12.8,61.25,0,0,40000,0,17-Apr-17
OPTSTK,IBREALEST,27-Apr-17,90,CE,26.15,30,26,29.5,29.5,4,47.16,600000,-20000,17-Apr-17
OPTSTK,IBREALEST,27-Apr-17,92.5,CE,0,0,0,10.6,56.5,0,0,120000,0,17-Apr-17
OPTSTK,IBREALEST,27-Apr-17,95,CE,15.3,54,12,52.9,52.9,69,826.86,840000,-310000,17-Apr-17
OPTSTK,IBREALEST,27-Apr-17,97.5,CE,14.9,20,14.9,17.75,17.75,3,34.51,60000,-20000,17-Apr-17
OPTSTK,IBREALEST,27-Apr-17,100,CE,11.8,51,8,48.1,48.1,366,4596.57,7040000,-1360000,17-Apr-17
OPTSTK,IBREALEST,27-Apr-17,102.5,CE,8.5,23.3,6,23.15,23.15,97,1163.79,290000,-540000,17-Apr-17
OPTSTK,IBREALEST,27-Apr-17,105,CE,7.4,48.95,3.85,41.85,41.85,510,6287.98,1830000,-2330000,17-Apr-17
OPTSTK,IBREALEST,27-Apr-17,107.5,CE,4.75,41,3.1,41,41,69,794.34,200000,-580000,17-Apr-17
OPTSTK,IBREALEST,27-Apr-17,110,CE,3.9,40,2.2,38.75,38.75,794,9430.48,1520000,-2890000,17-Apr-17
OPTSTK,IBREALEST,27-Apr-17,112.5,CE,1.65,14,1.5,14,14,29,344.9,120000,-80000,17-Apr-17
OPTSTK,IBREALEST,27-Apr-17,115,CE,2.1,35.1,1.1,33.3,33.3,1089,13299.3,1660000,-2070000,17-Apr-17
OPTSTK,IBREALEST,27-Apr-17,117.5,CE,12.4,28,12.4,26.95,26.95,6,84.41,10000,10000,17-Apr-17
OPTSTK,IBREALEST,27-Apr-17,120,CE,1,30,1,28.6,28.6,867,10906.82,1680000,1680000,17-Apr-17
OPTSTK,IBREALEST,27-Apr-17,122.5,CE,6,12.9,5.8,12.7,12.7,9,117.61,10000,10000,17-Apr-17
OPTSTK,IBREALEST,27-Apr-17,125,CE,2.5,25.35,2.45,23.85,23.85,251,3337.15,930000,930000,17-Apr-17
OPTSTK,IBREALEST,27-Apr-17,127.5,CE,0,0,0,0.05,28.1,0,0,0,0,17-Apr-17
OPTSTK,IBREALEST,27-Apr-17,130,CE,1.4,23,1.4,20.85,20.85,285,3894.48,490000,490000,17-Apr-17
OPTSTK,IBREALEST,27-Apr-17,132.5,CE,0,0,0,0.05,24.95,0,0,0,0,17-Apr-17
OPTSTK,IBREALEST,27-Apr-17,135,CE,2.7,19.25,2.7,17.45,17.45,36,537.66,170000,170000,17-Apr-17
OPTSTK,IBREALEST,27-Apr-17,137.5,CE,0,0,0,0.1,22.1,0,0,0,0,17-Apr-17
OPTSTK,IBREALEST,27-Apr-17,35,PE,0,0,0,0.05,0,0,0,0,0,17-Apr-17
OPTSTK,IBREALEST,27-Apr-17,40,PE,0,0,0,0.05,0,0,0,0,0,17-Apr-17
OPTSTK,IBREALEST,27-Apr-17,45,PE,0,0,0,0.05,0,0,0,0,0,17-Apr-17
OPTSTK,IBREALEST,27-Apr-17,50,PE,0.05,0.05,0.05,0.05,0.05,3,15.01,270000,-30000,17-Apr-17
OPTSTK,IBREALEST,27-Apr-17,55,PE,0.05,0.05,0.05,0.05,0.05,30,165.15,0,-300000,17-Apr-17
OPTSTK,IBREALEST,27-Apr-17,60,PE,0,0,0,0.8,0,0,0,0,0,17-Apr-17
OPTSTK,IBREALEST,27-Apr-17,65,PE,0.05,0.05,0.05,0.05,0.05,11,71.55,60000,-110000,17-Apr-17
OPTSTK,IBREALEST,27-Apr-17,70,PE,0,0,0,0.05,0.05,0,0,1400000,0,17-Apr-17
OPTSTK,IBREALEST,27-Apr-17,72.5,PE,0,0,0,0.05,0.05,0,0,220000,0,17-Apr-17
OPTSTK,IBREALEST,27-Apr-17,75,PE,0.05,0.05,0.05,0.05,0.05,5,37.52,590000,-50000,17-Apr-17
OPTSTK,IBREALEST,27-Apr-17,77.5,PE,0,0,0,0.15,0.15,0,0,30000,0,17-Apr-17
OPTSTK,IBREALEST,27-Apr-17,80,PE,0.1,0.2,0.1,0.15,0.15,93,745.12,820000,-570000,17-Apr-17
OPTSTK,IBREALEST,27-Apr-17,82.5,PE,0,0,0,0.2,0.25,0,0,130000,0,17-Apr-17
OPTSTK,IBREALEST,27-Apr-17,85,PE,0.25,0.25,0.1,0.15,0.15,90,766.25,800000,-480000,17-Apr-17
OPTSTK,IBREALEST,27-Apr-17,87.5,PE,0.2,0.2,0.15,0.2,0.2,9,78.9,90000,-70000,17-Apr-17
OPTSTK,IBREALEST,27-Apr-17,90,PE,0.5,0.65,0.1,0.2,0.2,233,2102.34,1540000,-800000,17-Apr-17
OPTSTK,IBREALEST,27-Apr-17,92.5,PE,0.45,0.45,0.2,0.25,0.25,31,287.61,160000,-140000,17-Apr-17
OPTSTK,IBREALEST,27-Apr-17,95,PE,0.45,1.35,0.25,0.3,0.3,433,4136.06,1030000,-1060000,17-Apr-17
OPTSTK,IBREALEST,27-Apr-17,97.5,PE,0.75,1.4,0.15,0.25,0.25,36,353.34,70000,-170000,17-Apr-17
OPTSTK,IBREALEST,27-Apr-17,100,PE,1.85,2.5,0.3,0.4,0.4,805,8116.57,2710000,-730000,17-Apr-17
OPTSTK,IBREALEST,27-Apr-17,102.5,PE,2.9,2.9,0.25,0.3,0.3,31,320.79,230000,-110000,17-Apr-17
OPTSTK,IBREALEST,27-Apr-17,105,PE,3,4.7,0.35,0.5,0.5,530,5628.22,500000,-420000,17-Apr-17
OPTSTK,IBREALEST,27-Apr-17,107.5,PE,1.65,1.7,0.4,0.5,0.5,20,216.66,50000,30000,17-Apr-17
OPTSTK,IBREALEST,27-Apr-17,110,PE,5,6,0.35,0.55,0.55,488,5436.56,700000,650000,17-Apr-17
OPTSTK,IBREALEST,27-Apr-17,112.5,PE,1,1,1,1,1,1,11.35,10000,10000,17-Apr-17
OPTSTK,IBREALEST,27-Apr-17,115,PE,2.7,3.2,0.6,0.75,0.75,83,965.6,140000,140000,17-Apr-17
OPTSTK,IBREALEST,27-Apr-17,117.5,PE,1.3,2.5,1.3,2.5,2.5,4,47.76,20000,20000,17-Apr-17
OPTSTK,IBREALEST,27-Apr-17,120,PE,3.3,4.45,0.8,1.15,1.15,233,2850.81,410000,410000,17-Apr-17
OPTSTK,IBREALEST,27-Apr-17,122.5,PE,2.5,2.5,1.35,1.35,1.35,2,24.88,0,0,17-Apr-17
OPTSTK,IBREALEST,27-Apr-17,125,PE,3.35,3.5,1.4,1.7,1.7,70,890.03,250000,250000,17-Apr-17
OPTSTK,IBREALEST,27-Apr-17,127.5,PE,0,0,0,35.8,7.2,0,0,0,0,17-Apr-17
OPTSTK,IBREALEST,27-Apr-17,130,PE,2.5,4,2.15,3.25,3.25,16,213.17,120000,120000,17-Apr-17
OPTSTK,IBREALEST,27-Apr-17,132.5,PE,0,0,0,33.55,9.05,0,0,0,0,17-Apr-17
OPTSTK,IBREALEST,27-Apr-17,135,PE,0,0,0,49.15,10.05,0,0,0,0,17-Apr-17
OPTSTK,IBREALEST,27-Apr-17,137.5,PE,0,0,0,31.45,11.15,0,0,0,0,17-Apr-17
OPTSTK,IBREALEST,25-May-17,35,CE,0,0,0,43.1,113.5,0,0,0,0,17-Apr-17
OPTSTK,IBREALEST,25-May-17,40,CE,0,0,0,38.2,108.6,0,0,0,0,17-Apr-17
OPTSTK,IBREALEST,25-May-17,45,CE,0,0,0,33.3,103.75,0,0,0,0,17-Apr-17
OPTSTK,IBREALEST,25-May-17,50,CE,0,0,0,28.45,98.95,0,0,0,0,17-Apr-17
OPTSTK,IBREALEST,25-May-17,55,CE,0,0,0,23.7,94.25,0,0,0,0,17-Apr-17
OPTSTK,IBREALEST,25-May-17,60,CE,0,0,0,19.15,89.65,0,0,0,0,17-Apr-17
OPTSTK,IBREALEST,25-May-17,65,CE,0,0,0,15.05,85.15,0,0,0,0,17-Apr-17
OPTSTK,IBREALEST,25-May-17,70,CE,0,0,0,11.4,80.8,0,0,0,0,17-Apr-17
OPTSTK,IBREALEST,25-May-17,72.5,CE,0,0,0,17.15,78.65,0,0,0,0,17-Apr-17
OPTSTK,IBREALEST,25-May-17,75,CE,0,0,0,8.4,76.6,0,0,0,0,17-Apr-17
OPTSTK,IBREALEST,25-May-17,77.5,CE,0,0,0,13.45,74.55,0,0,0,0,17-Apr-17
OPTSTK,IBREALEST,25-May-17,80,CE,0,0,0,6,72.5,0,0,0,0,17-Apr-17
OPTSTK,IBREALEST,25-May-17,82.5,CE,0,0,0,10.3,70.55,0,0,0,0,17-Apr-17
OPTSTK,IBREALEST,25-May-17,85,CE,0,0,0,4.15,68.6,0,0,0,0,17-Apr-17
OPTSTK,IBREALEST,25-May-17,87.5,CE,0,0,0,7.7,66.7,0,0,0,0,17-Apr-17
OPTSTK,IBREALEST,25-May-17,90,CE,0,0,0,14.9,64.85,0,0,10000,0,17-Apr-17
OPTSTK,IBREALEST,25-May-17,92.5,CE,0,0,0,5.6,63,0,0,0,0,17-Apr-17
OPTSTK,IBREALEST,25-May-17,95,CE,0,0,0,1.85,61.25,0,0,0,0,17-Apr-17
OPTSTK,IBREALEST,25-May-17,97.5,CE,0,0,0,4,59.5,0,0,0,0,17-Apr-17
OPTSTK,IBREALEST,25-May-17,100,CE,0,0,0,1.2,57.8,0,0,0,0,17-Apr-17
OPTSTK,IBREALEST,25-May-17,102.5,CE,0,0,0,2.85,56.15,0,0,0,0,17-Apr-17
OPTSTK,IBREALEST,25-May-17,105,CE,0,0,0,5.5,54.55,0,0,10000,0,17-Apr-17
OPTSTK,IBREALEST,25-May-17,107.5,CE,0,0,0,4.5,52.95,0,0,10000,0,17-Apr-17
OPTSTK,IBREALEST,25-May-17,110,CE,0,0,0,0.5,51.45,0,0,0,0,17-Apr-17
OPTSTK,IBREALEST,25-May-17,112.5,CE,0,0,0,1.35,49.95,0,0,0,0,17-Apr-17
OPTSTK,IBREALEST,25-May-17,115,CE,0,0,0,2.8,48.5,0,0,10000,0,17-Apr-17
OPTSTK,IBREALEST,25-May-17,117.5,CE,0,0,0,0.9,47.05,0,0,0,0,17-Apr-17
OPTSTK,IBREALEST,25-May-17,120,CE,0,0,0,0.2,45.7,0,0,0,0,17-Apr-17
OPTSTK,IBREALEST,25-May-17,122.5,CE,0,0,0,0.6,44.35,0,0,0,0,17-Apr-17
OPTSTK,IBREALEST,25-May-17,125,CE,0,0,0,0.1,43.05,0,0,0,0,17-Apr-17
OPTSTK,IBREALEST,25-May-17,127.5,CE,0,0,0,0.35,41.75,0,0,0,0,17-Apr-17
OPTSTK,IBREALEST,25-May-17,130,CE,0,0,0,0.1,40.5,0,0,0,0,17-Apr-17
OPTSTK,IBREALEST,25-May-17,132.5,CE,0,0,0,0.9,39.3,0,0,0,0,17-Apr-17
OPTSTK,IBREALEST,25-May-17,135,CE,0,0,0,0.25,38.15,0,0,0,0,17-Apr-17
OPTSTK,IBREALEST,25-May-17,137.5,CE,0,0,0,1.65,37,0,0,0,0,17-Apr-17
OPTSTK,IBREALEST,25-May-17,35,PE,0,0,0,0.05,0.05,0,0,0,0,17-Apr-17
OPTSTK,IBREALEST,25-May-17,40,PE,0,0,0,0.05,0.15,0,0,0,0,17-Apr-17
OPTSTK,IBREALEST,25-May-17,45,PE,0,0,0,0.05,0.25,0,0,0,0,17-Apr-17
OPTSTK,IBREALEST,25-May-17,50,PE,0,0,0,0.1,0.4,0,0,0,0,17-Apr-17
OPTSTK,IBREALEST,25-May-17,55,PE,0,0,0,0.25,0.7,0,0,0,0,17-Apr-17
OPTSTK,IBREALEST,25-May-17,60,PE,0,0,0,0.05,1.05,0,0,0,0,17-Apr-17
OPTSTK,IBREALEST,25-May-17,65,PE,0,0,0,1.45,1.5,0,0,0,0,17-Apr-17
OPTSTK,IBREALEST,25-May-17,70,PE,0,0,0,2.75,2.15,0,0,0,0,17-Apr-17
OPTSTK,IBREALEST,25-May-17,72.5,PE,0,0,0,1.65,2.5,0,0,0,0,17-Apr-17
OPTSTK,IBREALEST,25-May-17,75,PE,0,0,0,4.65,2.9,0,0,0,0,17-Apr-17
OPTSTK,IBREALEST,25-May-17,77.5,PE,0,0,0,2.9,3.3,0,0,0,0,17-Apr-17
OPTSTK,IBREALEST,25-May-17,80,PE,0,0,0,1.25,3.75,0,0,20000,0,17-Apr-17
OPTSTK,IBREALEST,25-May-17,82.5,PE,0,0,0,4.7,4.3,0,0,0,0,17-Apr-17
OPTSTK,IBREALEST,25-May-17,85,PE,0,0,0,10.25,4.8,0,0,0,0,17-Apr-17
OPTSTK,IBREALEST,25-May-17,87.5,PE,0,0,0,7.05,5.4,0,0,0,0,17-Apr-17
OPTSTK,IBREALEST,25-May-17,90,PE,0,0,0,4.5,6.05,0,0,20000,0,17-Apr-17
OPTSTK,IBREALEST,25-May-17,92.5,PE,0,0,0,9.95,6.7,0,0,0,0,17-Apr-17
OPTSTK,IBREALEST,25-May-17,95,PE,0,0,0,17.8,7.4,0,0,0,0,17-Apr-17
OPTSTK,IBREALEST,25-May-17,97.5,PE,0,0,0,13.3,8.15,0,0,0,0,17-Apr-17
OPTSTK,IBREALEST,25-May-17,100,PE,0.65,0.65,0.65,0.65,0.65,1,10.06,10000,10000,17-Apr-17
OPTSTK,IBREALEST,25-May-17,102.5,PE,0,0,0,17.05,9.75,0,0,0,0,17-Apr-17
OPTSTK,IBREALEST,25-May-17,105,PE,0,0,0,26.55,10.65,0,0,0,0,17-Apr-17
OPTSTK,IBREALEST,25-May-17,107.5,PE,0,0,0,21.1,11.55,0,0,0,0,17-Apr-17
OPTSTK,IBREALEST,25-May-17,110,PE,0,0,0,31.2,12.5,0,0,0,0,17-Apr-17
OPTSTK,IBREALEST,25-May-17,112.5,PE,0,0,0,25.45,13.5,0,0,0,0,17-Apr-17
OPTSTK,IBREALEST,25-May-17,115,PE,0,0,0,35.95,14.5,0,0,0,0,17-Apr-17
OPTSTK,IBREALEST,25-May-17,117.5,PE,0,0,0,29.95,15.55,0,0,0,0,17-Apr-17
OPTSTK,IBREALEST,25-May-17,120,PE,0,0,0,40.75,16.65,0,0,0,0,17-Apr-17
OPTSTK,IBREALEST,25-May-17,122.5,PE,0,0,0,34.6,17.8,0,0,0,0,17-Apr-17
OPTSTK,IBREALEST,25-May-17,125,PE,0,0,0,45.6,19,0,0,0,0,17-Apr-17
OPTSTK,IBREALEST,25-May-17,127.5,PE,0,0,0,35.5,20.2,0,0,0,0,17-Apr-17
OPTSTK,IBREALEST,25-May-17,130,PE,0,0,0,50.5,21.45,0,0,0,0,17-Apr-17
OPTSTK,IBREALEST,25-May-17,132.5,PE,0,0,0,33.75,22.75,0,0,0,0,17-Apr-17
OPTSTK,IBREALEST,25-May-17,135,PE,0,0,0,48.65,24.05,0,0,0,0,17-Apr-17
OPTSTK,IBREALEST,25-May-17,137.5,PE,0,0,0,32.35,25.4,0,0,0,0,17-Apr-17
OPTSTK,IBREALEST,29-Jun-17,52.5,CE,0,0,0,35.8,98.85,0,0,0,0,17-Apr-17
OPTSTK,IBREALEST,29-Jun-17,55,CE,0,0,0,33.45,96.8,0,0,0,0,17-Apr-17
OPTSTK,IBREALEST,29-Jun-17,57.5,CE,0,0,0,31.15,94.8,0,0,0,0,17-Apr-17
OPTSTK,IBREALEST,29-Jun-17,60,CE,0,0,0,28.9,92.8,0,0,0,0,17-Apr-17
OPTSTK,IBREALEST,29-Jun-17,62.5,CE,0,0,0,26.7,90.85,0,0,0,0,17-Apr-17
OPTSTK,IBREALEST,29-Jun-17,65,CE,0,0,0,24.6,88.95,0,0,0,0,17-Apr-17
OPTSTK,IBREALEST,29-Jun-17,67.5,CE,0,0,0,22.55,87.1,0,0,0,0,17-Apr-17
OPTSTK,IBREALEST,29-Jun-17,70,CE,0,0,0,20.6,85.25,0,0,0,0,17-Apr-17
OPTSTK,IBREALEST,29-Jun-17,72.5,CE,0,0,0,18.8,83.5,0,0,0,0,17-Apr-17
OPTSTK,IBREALEST,29-Jun-17,75,CE,0,0,0,17.05,81.75,0,0,0,0,17-Apr-17
OPTSTK,IBREALEST,29-Jun-17,77.5,CE,0,0,0,15.4,80,0,0,0,0,17-Apr-17
OPTSTK,IBREALEST,29-Jun-17,80,CE,0,0,0,13.9,78.35,0,0,0,0,17-Apr-17
OPTSTK,IBREALEST,29-Jun-17,82.5,CE,0,0,0,12.45,76.7,0,0,0,0,17-Apr-17
OPTSTK,IBREALEST,29-Jun-17,85,CE,0,0,0,11.15,75.1,0,0,0,0,17-Apr-17
OPTSTK,IBREALEST,29-Jun-17,87.5,CE,0,0,0,9.95,73.55,0,0,0,0,17-Apr-17
OPTSTK,IBREALEST,29-Jun-17,90,CE,0,0,0,8.85,72,0,0,0,0,17-Apr-17
OPTSTK,IBREALEST,29-Jun-17,92.5,CE,0,0,0,7.85,70.5,0,0,0,0,17-Apr-17
OPTSTK,IBREALEST,29-Jun-17,95,CE,0,0,0,6.95,69.05,0,0,0,0,17-Apr-17
OPTSTK,IBREALEST,29-Jun-17,97.5,CE,0,0,0,6.15,67.6,0,0,0,0,17-Apr-17
OPTSTK,IBREALEST,29-Jun-17,100,CE,0,0,0,5.4,66.2,0,0,0,0,17-Apr-17
OPTSTK,IBREALEST,29-Jun-17,102.5,CE,0,0,0,4.75,64.85,0,0,0,0,17-Apr-17
OPTSTK,IBREALEST,29-Jun-17,105,CE,0,0,0,4.2,63.5,0,0,0,0,17-Apr-17
OPTSTK,IBREALEST,29-Jun-17,107.5,CE,0,0,0,3.65,62.2,0,0,0,0,17-Apr-17
OPTSTK,IBREALEST,29-Jun-17,110,CE,0,0,0,3.2,60.9,0,0,0,0,17-Apr-17
OPTSTK,IBREALEST,29-Jun-17,112.5,CE,0,0,0,2.8,59.65,0,0,0,0,17-Apr-17
OPTSTK,IBREALEST,29-Jun-17,115,CE,0,0,0,2.45,58.45,0,0,0,0,17-Apr-17
OPTSTK,IBREALEST,29-Jun-17,117.5,CE,0,0,0,2.1,57.25,0,0,0,0,17-Apr-17
OPTSTK,IBREALEST,29-Jun-17,120,CE,0,0,0,1.85,56.1,0,0,0,0,17-Apr-17
OPTSTK,IBREALEST,29-Jun-17,122.5,CE,0,0,0,1.6,54.95,0,0,0,0,17-Apr-17
OPTSTK,IBREALEST,29-Jun-17,125,CE,0,0,0,1.35,53.85,0,0,0,0,17-Apr-17
OPTSTK,IBREALEST,29-Jun-17,127.5,CE,0,0,0,1.2,52.75,0,0,0,0,17-Apr-17
OPTSTK,IBREALEST,29-Jun-17,130,CE,0,0,0,2.95,51.7,0,0,0,0,17-Apr-17
OPTSTK,IBREALEST,29-Jun-17,132.5,CE,0,0,0,2.65,50.7,0,0,0,0,17-Apr-17
OPTSTK,IBREALEST,29-Jun-17,135,CE,0,0,0,4.65,49.65,0,0,0,0,17-Apr-17
OPTSTK,IBREALEST,29-Jun-17,137.5,CE,0,0,0,4.2,48.7,0,0,0,0,17-Apr-17
OPTSTK,IBREALEST,29-Jun-17,52.5,PE,0,0,0,0.2,2.45,0,0,0,0,17-Apr-17
OPTSTK,IBREALEST,29-Jun-17,55,PE,0,0,0,0.3,2.9,0,0,0,0,17-Apr-17
OPTSTK,IBREALEST,29-Jun-17,57.5,PE,0,0,0,0.45,3.35,0,0,0,0,17-Apr-17
OPTSTK,IBREALEST,29-Jun-17,60,PE,0,0,0,0.65,3.85,0,0,0,0,17-Apr-17
OPTSTK,IBREALEST,29-Jun-17,62.5,PE,0,0,0,0.95,4.35,0,0,0,0,17-Apr-17
OPTSTK,IBREALEST,29-Jun-17,65,PE,0,0,0,1.3,4.9,0,0,0,0,17-Apr-17
OPTSTK,IBREALEST,29-Jun-17,67.5,PE,0,0,0,1.7,5.5,0,0,0,0,17-Apr-17
OPTSTK,IBREALEST,29-Jun-17,70,PE,0,0,0,2.2,6.15,0,0,0,0,17-Apr-17
OPTSTK,IBREALEST,29-Jun-17,72.5,PE,0,0,0,2.85,6.85,0,0,0,0,17-Apr-17
OPTSTK,IBREALEST,29-Jun-17,75,PE,0,0,0,3.55,7.55,0,0,0,0,17-Apr-17
OPTSTK,IBREALEST,29-Jun-17,77.5,PE,0,0,0,4.4,8.3,0,0,0,0,17-Apr-17
OPTSTK,IBREALEST,29-Jun-17,80,PE,0,0,0,5.3,9.1,0,0,0,0,17-Apr-17
OPTSTK,IBREALEST,29-Jun-17,82.5,PE,0,0,0,6.35,9.95,0,0,0,0,17-Apr-17
OPTSTK,IBREALEST,29-Jun-17,85,PE,0,0,0,7.5,10.8,0,0,0,0,17-Apr-17
OPTSTK,IBREALEST,29-Jun-17,87.5,PE,0,0,0,8.75,11.7,0,0,0,0,17-Apr-17
OPTSTK,IBREALEST,29-Jun-17,90,PE,0,0,0,10.15,12.65,0,0,0,0,17-Apr-17
OPTSTK,IBREALEST,29-Jun-17,92.5,PE,0,0,0,11.6,13.6,0,0,0,0,17-Apr-17
OPTSTK,IBREALEST,29-Jun-17,95,PE,0,0,0,13.15,14.6,0,0,0,0,17-Apr-17
OPTSTK,IBREALEST,29-Jun-17,97.5,PE,0,0,0,14.8,15.65,0,0,0,0,17-Apr-17
OPTSTK,IBREALEST,29-Jun-17,100,PE,0,0,0,16.5,16.7,0,0,0,0,17-Apr-17
OPTSTK,IBREALEST,29-Jun-17,102.5,PE,0,0,0,18.35,17.8,0,0,0,0,17-Apr-17
OPTSTK,IBREALEST,29-Jun-17,105,PE,0,0,0,20.2,18.95,0,0,0,0,17-Apr-17
OPTSTK,IBREALEST,29-Jun-17,107.5,PE,0,0,0,22.15,20.1,0,0,0,0,17-Apr-17
OPTSTK,IBREALEST,29-Jun-17,110,PE,0,0,0,24.15,21.3,0,0,0,0,17-Apr-17
OPTSTK,IBREALEST,29-Jun-17,112.5,PE,0,0,0,26.2,22.5,0,0,0,0,17-Apr-17
OPTSTK,IBREALEST,29-Jun-17,115,PE,0,0,0,28.3,23.75,0,0,0,0,17-Apr-17
OPTSTK,IBREALEST,29-Jun-17,117.5,PE,0,0,0,30.45,25.05,0,0,0,0,17-Apr-17
OPTSTK,IBREALEST,29-Jun-17,120,PE,0,0,0,32.6,26.35,0,0,0,0,17-Apr-17
OPTSTK,IBREALEST,29-Jun-17,122.5,PE,0,0,0,34.85,27.7,0,0,0,0,17-Apr-17
OPTSTK,IBREALEST,29-Jun-17,125,PE,0,0,0,33.85,29.05,0,0,0,0,17-Apr-17
OPTSTK,IBREALEST,29-Jun-17,127.5,PE,0,0,0,35.55,30.4,0,0,0,0,17-Apr-17
OPTSTK,IBREALEST,29-Jun-17,130,PE,0,0,0,32.55,31.85,0,0,0,0,17-Apr-17
OPTSTK,IBREALEST,29-Jun-17,132.5,PE,0,0,0,34.65,33.25,0,0,0,0,17-Apr-17
OPTSTK,IBREALEST,29-Jun-17,135,PE,0,0,0,32.05,34.75,0,0,0,0,17-Apr-17
OPTSTK,IBREALEST,29-Jun-17,137.5,PE,0,0,0,34.1,36.2,0,0,0,0,17-Apr-17
OPTSTK,IBULHSGFIN,27-Apr-17,480,CE,0,0,0,283.55,497.95,0,0,0,0,17-Apr-17
OPTSTK,IBULHSGFIN,27-Apr-17,500,CE,0,0,0,264.1,478,0,0,0,0,17-Apr-17
OPTSTK,IBULHSGFIN,27-Apr-17,520,CE,0,0,0,244.75,458.05,0,0,0,0,17-Apr-17
OPTSTK,IBULHSGFIN,27-Apr-17,540,CE,0,0,0,225.65,438.05,0,0,0,0,17-Apr-17
OPTSTK,IBULHSGFIN,27-Apr-17,560,CE,0,0,0,206.85,418.1,0,0,0,0,17-Apr-17
OPTSTK,IBULHSGFIN,27-Apr-17,580,CE,0,0,0,188.5,398.15,0,0,0,0,17-Apr-17
OPTSTK,IBULHSGFIN,27-Apr-17,600,CE,0,0,0,170.65,378.15,0,0,0,0,17-Apr-17
OPTSTK,IBULHSGFIN,27-Apr-17,620,CE,0,0,0,382.9,358.2,0,0,800,0,17-Apr-17
OPTSTK,IBULHSGFIN,27-Apr-17,640,CE,0,0,0,137.05,338.25,0,0,0,0,17-Apr-17
OPTSTK,IBULHSGFIN,27-Apr-17,660,CE,0,0,0,121.5,318.25,0,0,0,0,17-Apr-17
OPTSTK,IBULHSGFIN,27-Apr-17,680,CE,0,0,0,106.95,298.3,0,0,0,0,17-Apr-17
OPTSTK,IBULHSGFIN,27-Apr-17,700,CE,0,0,0,267,278.35,0,0,2400,0,17-Apr-17
OPTSTK,IBULHSGFIN,27-Apr-17,720,CE,0,0,0,81.05,258.35,0,0,0,0,17-Apr-17
OPTSTK,IBULHSGFIN,27-Apr-17,740,CE,0,0,0,69.8,238.4,0,0,0,0,17-Apr-17
OPTSTK,IBULHSGFIN,27-Apr-17,760,CE,0,0,0,59.7,218.45,0,0,0,0,17-Apr-17
OPTSTK,IBULHSGFIN,27-Apr-17,780,CE,0,0,0,192,198.5,0,0,800,0,17-Apr-17
OPTSTK,IBULHSGFIN,27-Apr-17,800,CE,0,0,0,164,178.5,0,0,1600,0,17-Apr-17
OPTSTK,IBULHSGFIN,27-Apr-17,820,CE,0,0,0,35.8,158.55,0,0,0,0,17-Apr-17
OPTSTK,IBULHSGFIN,27-Apr-17,840,CE,0,0,0,29.8,138.65,0,0,0,0,17-Apr-17
OPTSTK,IBULHSGFIN,27-Apr-17,860,CE,0,0,0,24.7,118.9,0,0,0,0,17-Apr-17
OPTSTK,IBULHSGFIN,27-Apr-17,880,CE,0,0,0,99,99.4,0,0,2400,0,17-Apr-17
OPTSTK,IBULHSGFIN,27-Apr-17,900,CE,65.95,82.95,65.95,82.95,82.95,8,62.29,7200,-6400,17-Apr-17
OPTSTK,IBULHSGFIN,27-Apr-17,920,CE,74,74,60,60,60,3,23.66,6400,0,17-Apr-17
OPTSTK,IBULHSGFIN,27-Apr-17,940,CE,34.65,54,33.2,48.05,48.05,97,760.96,32800,-27200,17-Apr-17
OPTSTK,IBULHSGFIN,27-Apr-17,960,CE,26.4,43.05,21.15,34.35,34.35,456,3605.47,147200,-15200,17-Apr-17
OPTSTK,IBULHSGFIN,27-Apr-17,980,CE,15.55,33.3,13.8,23.9,23.9,689,5517.41,154400,-6400,17-Apr-17
OPTSTK,IBULHSGFIN,27-Apr-17,1000,CE,12,24,8.65,15.9,15.9,846,6870.32,330400,31200,17-Apr-17
OPTSTK,IBULHSGFIN,27-Apr-17,1020,CE,6.5,16.5,5.05,9.85,9.85,258,2127.25,140000,40800,17-Apr-17
OPTSTK,IBULHSGFIN,27-Apr-17,1040,CE,4,10,3.75,6.45,6.45,58,485.83,65600,7200,17-Apr-17
OPTSTK,IBULHSGFIN,27-Apr-17,1060,CE,3,6,3,4,4,85,724.02,69600,0,17-Apr-17
OPTSTK,IBULHSGFIN,27-Apr-17,1080,CE,1.5,3.65,1.5,3,3,4,34.64,8800,2400,17-Apr-17
OPTSTK,IBULHSGFIN,27-Apr-17,1100,CE,1,1.9,1,1.5,1.5,9,79.3,13600,6400,17-Apr-17
OPTSTK,IBULHSGFIN,27-Apr-17,1120,CE,0,0,0,3.7,0.25,0,0,0,0,17-Apr-17
OPTSTK,IBULHSGFIN,27-Apr-17,1140,CE,0,0,0,2.1,0.1,0,0,0,0,17-Apr-17
OPTSTK,IBULHSGFIN,27-Apr-17,1160,CE,0,0,0,1.7,0.05,0,0,0,0,17-Apr-17
OPTSTK,IBULHSGFIN,27-Apr-17,1180,CE,0,0,0,1.05,0.05,0,0,0,0,17-Apr-17
OPTSTK,IBULHSGFIN,27-Apr-17,1200,CE,0,0,0,0.7,0,0,0,0,0,17-Apr-17
OPTSTK,IBULHSGFIN,27-Apr-17,480,PE,0,0,0,0.2,0,0,0,0,0,17-Apr-17
OPTSTK,IBULHSGFIN,27-Apr-17,500,PE,0,0,0,0.4,0,0,0,0,0,17-Apr-17
OPTSTK,IBULHSGFIN,27-Apr-17,520,PE,0,0,0,0.75,0,0,0,0,0,17-Apr-17
OPTSTK,IBULHSGFIN,27-Apr-17,540,PE,0,0,0,1.35,0,0,0,0,0,17-Apr-17
OPTSTK,IBULHSGFIN,27-Apr-17,560,PE,0,0,0,2.2,0,0,0,0,0,17-Apr-17
OPTSTK,IBULHSGFIN,27-Apr-17,580,PE,0,0,0,3.5,0,0,0,0,0,17-Apr-17
OPTSTK,IBULHSGFIN,27-Apr-17,600,PE,0,0,0,5.35,0,0,0,0,0,17-Apr-17
OPTSTK,IBULHSGFIN,27-Apr-17,620,PE,0,0,0,7.8,0,0,0,0,0,17-Apr-17
OPTSTK,IBULHSGFIN,27-Apr-17,640,PE,0,0,0,11.05,0,0,0,0,0,17-Apr-17
OPTSTK,IBULHSGFIN,27-Apr-17,660,PE,0,0,0,15.2,0,0,0,0,0,17-Apr-17
OPTSTK,IBULHSGFIN,27-Apr-17,680,PE,0,0,0,20.35,0,0,0,0,0,17-Apr-17
OPTSTK,IBULHSGFIN,27-Apr-17,700,PE,0,0,0,26.5,0,0,0,0,0,17-Apr-17
OPTSTK,IBULHSGFIN,27-Apr-17,720,PE,0,0,0,33.8,0,0,0,0,0,17-Apr-17
OPTSTK,IBULHSGFIN,27-Apr-17,740,PE,0,0,0,42.2,0,0,0,0,0,17-Apr-17
OPTSTK,IBULHSGFIN,27-Apr-17,760,PE,0,0,0,51.75,0,0,0,0,0,17-Apr-17
OPTSTK,IBULHSGFIN,27-Apr-17,780,PE,0,0,0,62.45,0,0,0,0,0,17-Apr-17
OPTSTK,IBULHSGFIN,27-Apr-17,800,PE,0,0,0,74.15,0,0,0,0,0,17-Apr-17
OPTSTK,IBULHSGFIN,27-Apr-17,820,PE,0,0,0,86.9,0.05,0,0,0,0,17-Apr-17
OPTSTK,IBULHSGFIN,27-Apr-17,840,PE,0,0,0,100.55,0.1,0,0,0,0,17-Apr-17
OPTSTK,IBULHSGFIN,27-Apr-17,860,PE,1.3,1.3,0.7,0.7,0.7,2,13.77,8000,800,17-Apr-17
OPTSTK,IBULHSGFIN,27-Apr-17,880,PE,2,2,2,2,2,1,7.05,16000,0,17-Apr-17
OPTSTK,IBULHSGFIN,27-Apr-17,900,PE,3,4.7,2.2,2.6,2.6,33,238.4,63200,3200,17-Apr-17
OPTSTK,IBULHSGFIN,27-Apr-17,920,PE,8.85,8.85,3.35,5.35,5.35,43,318.6,75200,11200,17-Apr-17
OPTSTK,IBULHSGFIN,27-Apr-17,940,PE,14,15.55,7.2,9.2,9.2,187,1422.57,74400,12000,17-Apr-17
OPTSTK,IBULHSGFIN,27-Apr-17,960,PE,20.05,24.8,13.95,16.2,16.2,122,954.21,68000,800,17-Apr-17
OPTSTK,IBULHSGFIN,27-Apr-17,980,PE,32.65,36,21.1,24.35,24.35,47,377.7,47200,7200,17-Apr-17
OPTSTK,IBULHSGFIN,27-Apr-17,1000,PE,47,47,36.45,36.45,36.45,6,50.12,46400,-4000,17-Apr-17
OPTSTK,IBULHSGFIN,27-Apr-17,1020,PE,0,0,0,40,49.5,0,0,3200,0,17-Apr-17
OPTSTK,IBULHSGFIN,27-Apr-17,1040,PE,0,0,0,68.5,65.75,0,0,800,0,17-Apr-17
OPTSTK,IBULHSGFIN,27-Apr-17,1060,PE,0,0,0,266.1,83.5,0,0,0,0,17-Apr-17
OPTSTK,IBULHSGFIN,27-Apr-17,1080,PE,0,0,0,98,102.2,0,0,800,0,17-Apr-17
OPTSTK,IBULHSGFIN,27-Apr-17,1100,PE,0,0,0,129,121.55,0,0,2400,0,17-Apr-17
OPTSTK,IBULHSGFIN,27-Apr-17,1120,PE,0,0,0,272.7,141.2,0,0,0,0,17-Apr-17
OPTSTK,IBULHSGFIN,27-Apr-17,1140,PE,0,0,0,274.15,161.05,0,0,0,0,17-Apr-17
OPTSTK,IBULHSGFIN,27-Apr-17,1160,PE,0,0,0,275.75,180.95,0,0,0,0,17-Apr-17
OPTSTK,IBULHSGFIN,27-Apr-17,1180,PE,0,0,0,267.95,200.9,0,0,0,0,17-Apr-17
OPTSTK,IBULHSGFIN,27-Apr-17,1200,PE,0,0,0,278.95,220.85,0,0,0,0,17-Apr-17
OPTSTK,IBULHSGFIN,25-May-17,580,CE,0,0,0,293.85,401.05,0,0,0,0,17-Apr-17
OPTSTK,IBULHSGFIN,25-May-17,600,CE,0,0,0,274.4,381.15,0,0,0,0,17-Apr-17
OPTSTK,IBULHSGFIN,25-May-17,620,CE,0,0,0,255.05,361.3,0,0,0,0,17-Apr-17
OPTSTK,IBULHSGFIN,25-May-17,640,CE,0,0,0,235.9,341.45,0,0,0,0,17-Apr-17
OPTSTK,IBULHSGFIN,25-May-17,660,CE,0,0,0,217.05,321.6,0,0,0,0,17-Apr-17
OPTSTK,IBULHSGFIN,25-May-17,680,CE,0,0,0,198.55,301.7,0,0,0,0,17-Apr-17
OPTSTK,IBULHSGFIN,25-May-17,700,CE,0,0,0,180.55,281.9,0,0,0,0,17-Apr-17
OPTSTK,IBULHSGFIN,25-May-17,720,CE,0,0,0,163.15,262.05,0,0,0,0,17-Apr-17
OPTSTK,IBULHSGFIN,25-May-17,740,CE,0,0,0,146.45,242.3,0,0,0,0,17-Apr-17
OPTSTK,IBULHSGFIN,25-May-17,760,CE,0,0,0,130.55,222.65,0,0,0,0,17-Apr-17
OPTSTK,IBULHSGFIN,25-May-17,780,CE,0,0,0,115.6,203.15,0,0,0,0,17-Apr-17
OPTSTK,IBULHSGFIN,25-May-17,800,CE,0,0,0,101.6,183.95,0,0,0,0,17-Apr-17
OPTSTK,IBULHSGFIN,25-May-17,820,CE,0,0,0,88.65,165.1,0,0,0,0,17-Apr-17
OPTSTK,IBULHSGFIN,25-May-17,840,CE,0,0,0,76.8,146.75,0,0,0,0,17-Apr-17
OPTSTK,IBULHSGFIN,25-May-17,860,CE,0,0,0,66.05,129.1,0,0,0,0,17-Apr-17
OPTSTK,IBULHSGFIN,25-May-17,880,CE,0,0,0,56.4,112.3,0,0,0,0,17-Apr-17
OPTSTK,IBULHSGFIN,25-May-17,900,CE,0,0,0,47.85,96.55,0,0,0,0,17-Apr-17
OPTSTK,IBULHSGFIN,25-May-17,920,CE,0,0,0,40.3,81.95,0,0,0,0,17-Apr-17
OPTSTK,IBULHSGFIN,25-May-17,940,CE,0,0,0,33.7,68.7,0,0,0,0,17-Apr-17
OPTSTK,IBULHSGFIN,25-May-17,960,CE,0,0,0,28,56.85,0,0,0,0,17-Apr-17
OPTSTK,IBULHSGFIN,25-May-17,980,CE,0,0,0,23.2,46.4,0,0,0,0,17-Apr-17
OPTSTK,IBULHSGFIN,25-May-17,1000,CE,0,0,0,19,37.35,0,0,0,0,17-Apr-17
OPTSTK,IBULHSGFIN,25-May-17,1020,CE,0,0,0,15.5,29.65,0,0,0,0,17-Apr-17
OPTSTK,IBULHSGFIN,25-May-17,1040,CE,0,0,0,12.6,23.2,0,0,0,0,17-Apr-17
OPTSTK,IBULHSGFIN,25-May-17,1060,CE,0,0,0,10.15,18,0,0,0,0,17-Apr-17
OPTSTK,IBULHSGFIN,25-May-17,1080,CE,12.6,12.6,12.6,12.6,12.6,1,8.74,800,800,17-Apr-17
OPTSTK,IBULHSGFIN,25-May-17,1100,CE,10.2,10.2,10.2,10.2,10.2,1,8.88,800,800,17-Apr-17
OPTSTK,IBULHSGFIN,25-May-17,1120,CE,0,0,0,5.2,7.7,0,0,0,0,17-Apr-17
OPTSTK,IBULHSGFIN,25-May-17,1140,CE,0,0,0,4.1,5.65,0,0,0,0,17-Apr-17
OPTSTK,IBULHSGFIN,25-May-17,1160,CE,0,0,0,2.55,4.1,0,0,0,0,17-Apr-17
OPTSTK,IBULHSGFIN,25-May-17,1180,CE,0,0,0,4.3,2.95,0,0,0,0,17-Apr-17
OPTSTK,IBULHSGFIN,25-May-17,1200,CE,0,0,0,3.4,2.1,0,0,0,0,17-Apr-17
OPTSTK,IBULHSGFIN,25-May-17,580,PE,0,0,0,0.25,0,0,0,0,0,17-Apr-17
OPTSTK,IBULHSGFIN,25-May-17,600,PE,0,0,0,0.45,0,0,0,0,0,17-Apr-17
OPTSTK,IBULHSGFIN,25-May-17,620,PE,0,0,0,0.8,0,0,0,0,0,17-Apr-17
OPTSTK,IBULHSGFIN,25-May-17,640,PE,0,0,0,1.35,0,0,0,0,0,17-Apr-17
OPTSTK,IBULHSGFIN,25-May-17,660,PE,0,0,0,2.2,0.05,0,0,0,0,17-Apr-17
OPTSTK,IBULHSGFIN,25-May-17,680,PE,0,0,0,3.4,0.05,0,0,0,0,17-Apr-17
OPTSTK,IBULHSGFIN,25-May-17,700,PE,0,0,0,5.1,0.05,0,0,0,0,17-Apr-17
OPTSTK,IBULHSGFIN,25-May-17,720,PE,0,0,0,7.35,0.1,0,0,0,0,17-Apr-17
OPTSTK,IBULHSGFIN,25-May-17,740,PE,0,0,0,10.35,0.2,0,0,0,0,17-Apr-17
OPTSTK,IBULHSGFIN,25-May-17,760,PE,0,0,0,14.15,0.45,0,0,0,0,17-Apr-17
OPTSTK,IBULHSGFIN,25-May-17,780,PE,0,0,0,18.9,0.8,0,0,0,0,17-Apr-17
OPTSTK,IBULHSGFIN,25-May-17,800,PE,0,0,0,24.55,1.45,0,0,0,0,17-Apr-17
OPTSTK,IBULHSGFIN,25-May-17,820,PE,0,0,0,31.3,2.45,0,0,0,0,17-Apr-17
OPTSTK,IBULHSGFIN,25-May-17,840,PE,0,0,0,39.1,4,0,0,0,0,17-Apr-17
OPTSTK,IBULHSGFIN,25-May-17,860,PE,0,0,0,48.05,6.2,0,0,0,0,17-Apr-17
OPTSTK,IBULHSGFIN,25-May-17,880,PE,0,0,0,58.1,9.3,0,0,0,0,17-Apr-17
OPTSTK,IBULHSGFIN,25-May-17,900,PE,0,0,0,17.5,13.4,0,0,1600,0,17-Apr-17
OPTSTK,IBULHSGFIN,25-May-17,920,PE,0,0,0,81.35,18.65,0,0,0,0,17-Apr-17
OPTSTK,IBULHSGFIN,25-May-17,940,PE,0,0,0,94.45,25.25,0,0,0,0,17-Apr-17
OPTSTK,IBULHSGFIN,25-May-17,960,PE,0,0,0,32,33.25,0,0,800,0,17-Apr-17
OPTSTK,IBULHSGFIN,25-May-17,980,PE,0,0,0,123.3,42.65,0,0,0,0,17-Apr-17
OPTSTK,IBULHSGFIN,25-May-17,1000,PE,0,0,0,138.85,53.5,0,0,0,0,17-Apr-17
OPTSTK,IBULHSGFIN,25-May-17,1020,PE,0,0,0,155,65.65,0,0,0,0,17-Apr-17
OPTSTK,IBULHSGFIN,25-May-17,1040,PE,0,0,0,171.8,79.1,0,0,0,0,17-Apr-17
OPTSTK,IBULHSGFIN,25-May-17,1060,PE,0,0,0,189.05,93.75,0,0,0,0,17-Apr-17
OPTSTK,IBULHSGFIN,25-May-17,1080,PE,0,0,0,206.7,109.35,0,0,0,0,17-Apr-17
OPTSTK,IBULHSGFIN,25-May-17,1100,PE,0,0,0,224.75,125.8,0,0,0,0,17-Apr-17
OPTSTK,IBULHSGFIN,25-May-17,1120,PE,0,0,0,243.1,143.05,0,0,0,0,17-Apr-17
OPTSTK,IBULHSGFIN,25-May-17,1140,PE,0,0,0,261.7,160.85,0,0,0,0,17-Apr-17
OPTSTK,IBULHSGFIN,25-May-17,1160,PE,0,0,0,273.5,179.15,0,0,0,0,17-Apr-17
OPTSTK,IBULHSGFIN,25-May-17,1180,PE,0,0,0,265.4,197.9,0,0,0,0,17-Apr-17
OPTSTK,IBULHSGFIN,25-May-17,1200,PE,0,0,0,275.7,216.9,0,0,0,0,17-Apr-17
OPTSTK,IBULHSGFIN,29-Jun-17,600,CE,0,0,0,400.75,384.9,0,0,0,0,17-Apr-17
OPTSTK,IBULHSGFIN,29-Jun-17,620,CE,0,0,0,381.25,365.2,0,0,0,0,17-Apr-17
OPTSTK,IBULHSGFIN,29-Jun-17,640,CE,0,0,0,361.85,345.5,0,0,0,0,17-Apr-17
OPTSTK,IBULHSGFIN,29-Jun-17,660,CE,0,0,0,342.55,325.85,0,0,0,0,17-Apr-17
OPTSTK,IBULHSGFIN,29-Jun-17,680,CE,0,0,0,323.4,306.3,0,0,0,0,17-Apr-17
OPTSTK,IBULHSGFIN,29-Jun-17,700,CE,0,0,0,304.5,286.85,0,0,0,0,17-Apr-17
OPTSTK,IBULHSGFIN,29-Jun-17,720,CE,0,0,0,285.8,267.5,0,0,0,0,17-Apr-17
OPTSTK,IBULHSGFIN,29-Jun-17,740,CE,0,0,0,267.45,248.45,0,0,0,0,17-Apr-17
OPTSTK,IBULHSGFIN,29-Jun-17,760,CE,0,0,0,249.5,229.65,0,0,0,0,17-Apr-17
OPTSTK,IBULHSGFIN,29-Jun-17,780,CE,0,0,0,231.95,211.2,0,0,0,0,17-Apr-17
OPTSTK,IBULHSGFIN,29-Jun-17,800,CE,0,0,0,214.95,193.25,0,0,0,0,17-Apr-17
OPTSTK,IBULHSGFIN,29-Jun-17,820,CE,0,0,0,198.5,175.85,0,0,0,0,17-Apr-17
OPTSTK,IBULHSGFIN,29-Jun-17,840,CE,0,0,0,182.65,159.1,0,0,0,0,17-Apr-17
OPTSTK,IBULHSGFIN,29-Jun-17,860,CE,0,0,0,167.45,143.05,0,0,0,0,17-Apr-17
OPTSTK,IBULHSGFIN,29-Jun-17,880,CE,0,0,0,153.05,127.9,0,0,0,0,17-Apr-17
OPTSTK,IBULHSGFIN,29-Jun-17,900,CE,0,0,0,139.3,113.65,0,0,0,0,17-Apr-17
OPTSTK,IBULHSGFIN,29-Jun-17,920,CE,0,0,0,126.35,100.3,0,0,0,0,17-Apr-17
OPTSTK,IBULHSGFIN,29-Jun-17,940,CE,0,0,0,114.25,88,0,0,0,0,17-Apr-17
OPTSTK,IBULHSGFIN,29-Jun-17,960,CE,0,0,0,102.9,76.7,0,0,0,0,17-Apr-17
OPTSTK,IBULHSGFIN,29-Jun-17,980,CE,0,0,0,92.4,66.45,0,0,0,0,17-Apr-17
OPTSTK,IBULHSGFIN,29-Jun-17,1000,CE,0,0,0,82.7,57.2,0,0,0,0,17-Apr-17
OPTSTK,IBULHSGFIN,29-Jun-17,1020,CE,0,0,0,73.75,48.95,0,0,0,0,17-Apr-17
OPTSTK,IBULHSGFIN,29-Jun-17,1040,CE,0,0,0,65.55,41.6,0,0,0,0,17-Apr-17
OPTSTK,IBULHSGFIN,29-Jun-17,1060,CE,0,0,0,58.1,35.2,0,0,0,0,17-Apr-17
OPTSTK,IBULHSGFIN,29-Jun-17,1080,CE,0,0,0,51.3,29.55,0,0,0,0,17-Apr-17
OPTSTK,IBULHSGFIN,29-Jun-17,1100,CE,0,0,0,45.2,24.75,0,0,0,0,17-Apr-17
OPTSTK,IBULHSGFIN,29-Jun-17,1120,CE,0,0,0,39.7,20.55,0,0,0,0,17-Apr-17
OPTSTK,IBULHSGFIN,29-Jun-17,1140,CE,0,0,0,34.8,17,0,0,0,0,17-Apr-17
OPTSTK,IBULHSGFIN,29-Jun-17,1160,CE,0,0,0,30.45,14,0,0,0,0,17-Apr-17
OPTSTK,IBULHSGFIN,29-Jun-17,1180,CE,0,0,0,26.5,11.45,0,0,0,0,17-Apr-17
OPTSTK,IBULHSGFIN,29-Jun-17,1200,CE,0,0,0,23.05,9.3,0,0,0,0,17-Apr-17
OPTSTK,IBULHSGFIN,29-Jun-17,600,PE,0,0,0,0.25,0.05,0,0,0,0,17-Apr-17
OPTSTK,IBULHSGFIN,29-Jun-17,620,PE,0,0,0,0.45,0.1,0,0,0,0,17-Apr-17
OPTSTK,IBULHSGFIN,29-Jun-17,640,PE,0,0,0,0.7,0.15,0,0,0,0,17-Apr-17
OPTSTK,IBULHSGFIN,29-Jun-17,660,PE,0,0,0,1.05,0.25,0,0,0,0,17-Apr-17
OPTSTK,IBULHSGFIN,29-Jun-17,680,PE,0,0,0,1.6,0.4,0,0,0,0,17-Apr-17
OPTSTK,IBULHSGFIN,29-Jun-17,700,PE,0,0,0,2.35,0.7,0,0,0,0,17-Apr-17
OPTSTK,IBULHSGFIN,29-Jun-17,720,PE,0,0,0,3.35,1.1,0,0,0,0,17-Apr-17
OPTSTK,IBULHSGFIN,29-Jun-17,740,PE,0,0,0,4.65,1.75,0,0,0,0,17-Apr-17
OPTSTK,IBULHSGFIN,29-Jun-17,760,PE,0,0,0,6.35,2.7,0,0,0,0,17-Apr-17
OPTSTK,IBULHSGFIN,29-Jun-17,780,PE,0,0,0,8.5,4.05,0,0,0,0,17-Apr-17
OPTSTK,IBULHSGFIN,29-Jun-17,800,PE,0,0,0,11.15,5.8,0,0,0,0,17-Apr-17
OPTSTK,IBULHSGFIN,29-Jun-17,820,PE,0,0,0,14.35,8.15,0,0,0,0,17-Apr-17
OPTSTK,IBULHSGFIN,29-Jun-17,840,PE,0,0,0,18.2,11.15,0,0,0,0,17-Apr-17
OPTSTK,IBULHSGFIN,29-Jun-17,860,PE,0,0,0,22.7,14.85,0,0,0,0,17-Apr-17
OPTSTK,IBULHSGFIN,29-Jun-17,880,PE,0,0,0,27.95,19.45,0,0,0,0,17-Apr-17
OPTSTK,IBULHSGFIN,29-Jun-17,900,PE,0,0,0,33.85,24.9,0,0,0,0,17-Apr-17
OPTSTK,IBULHSGFIN,29-Jun-17,920,PE,0,0,0,40.6,31.3,0,0,0,0,17-Apr-17
OPTSTK,IBULHSGFIN,29-Jun-17,940,PE,0,0,0,48.15,38.75,0,0,0,0,17-Apr-17
OPTSTK,IBULHSGFIN,29-Jun-17,960,PE,0,0,0,56.5,47.2,0,0,0,0,17-Apr-17
OPTSTK,IBULHSGFIN,29-Jun-17,980,PE,0,0,0,65.65,56.7,0,0,0,0,17-Apr-17
OPTSTK,IBULHSGFIN,29-Jun-17,1000,PE,0,0,0,75.6,67.2,0,0,0,0,17-Apr-17
OPTSTK,IBULHSGFIN,29-Jun-17,1020,PE,0,0,0,86.3,78.65,0,0,0,0,17-Apr-17
OPTSTK,IBULHSGFIN,29-Jun-17,1040,PE,0,0,0,97.8,91.1,0,0,0,0,17-Apr-17
OPTSTK,IBULHSGFIN,29-Jun-17,1060,PE,0,0,0,110,104.4,0,0,0,0,17-Apr-17
OPTSTK,IBULHSGFIN,29-Jun-17,1080,PE,0,0,0,122.9,118.5,0,0,0,0,17-Apr-17
OPTSTK,IBULHSGFIN,29-Jun-17,1100,PE,0,0,0,136.45,133.45,0,0,0,0,17-Apr-17
OPTSTK,IBULHSGFIN,29-Jun-17,1120,PE,0,0,0,150.65,149,0,0,0,0,17-Apr-17
OPTSTK,IBULHSGFIN,29-Jun-17,1140,PE,0,0,0,165.4,165.2,0,0,0,0,17-Apr-17
OPTSTK,IBULHSGFIN,29-Jun-17,1160,PE,0,0,0,180.7,181.9,0,0,0,0,17-Apr-17
OPTSTK,IBULHSGFIN,29-Jun-17,1180,PE,0,0,0,196.45,199.1,0,0,0,0,17-Apr-17
OPTSTK,IBULHSGFIN,29-Jun-17,1200,PE,0,0,0,212.65,216.75,0,0,0,0,17-Apr-17
OPTSTK,ICICIBANK,27-Apr-17,190,CE,0,0,0,73.15,92.75,0,0,0,0,17-Apr-17
OPTSTK,ICICIBANK,27-Apr-17,195,CE,0,0,0,87.35,87.75,0,0,0,0,17-Apr-17
OPTSTK,ICICIBANK,27-Apr-17,200,CE,0,0,0,86,82.75,0,0,0,0,17-Apr-17
OPTSTK,ICICIBANK,27-Apr-17,205,CE,0,0,0,77.4,77.8,0,0,0,0,17-Apr-17
OPTSTK,ICICIBANK,27-Apr-17,210,CE,71.25,71.25,71.25,71.25,71.25,4,28.12,50000,0,17-Apr-17
OPTSTK,ICICIBANK,27-Apr-17,215,CE,0,0,0,67.45,67.8,0,0,0,0,17-Apr-17
OPTSTK,ICICIBANK,27-Apr-17,220,CE,0,0,0,58.3,62.8,0,0,2500,0,17-Apr-17
OPTSTK,ICICIBANK,27-Apr-17,225,CE,0,0,0,57.55,57.8,0,0,0,0,17-Apr-17
OPTSTK,ICICIBANK,27-Apr-17,230,CE,0,0,0,51.7,52.8,0,0,10000,0,17-Apr-17
OPTSTK,ICICIBANK,27-Apr-17,235,CE,0,0,0,47.75,47.85,0,0,0,0,17-Apr-17
OPTSTK,ICICIBANK,27-Apr-17,240,CE,0,0,0,41.65,42.85,0,0,30000,0,17-Apr-17
OPTSTK,ICICIBANK,27-Apr-17,245,CE,0,0,0,38.2,37.85,0,0,0,0,17-Apr-17
OPTSTK,ICICIBANK,27-Apr-17,250,CE,0,0,0,34.5,32.9,0,0,7500,0,17-Apr-17
OPTSTK,ICICIBANK,27-Apr-17,255,CE,0,0,0,29.25,27.95,0,0,0,0,17-Apr-17
OPTSTK,ICICIBANK,27-Apr-17,260,CE,23.5,23.5,23.5,23.5,23.5,1,7.08,112500,0,17-Apr-17
OPTSTK,ICICIBANK,27-Apr-17,265,CE,0,0,0,18.5,18.55,0,0,0,0,17-Apr-17
OPTSTK,ICICIBANK,27-Apr-17,270,CE,13.7,15,13.65,13.95,13.95,8,56.84,480000,5000,17-Apr-17
OPTSTK,ICICIBANK,27-Apr-17,275,CE,9.65,11.1,9.65,10.8,10.8,10,71.41,295000,17500,17-Apr-17
OPTSTK,ICICIBANK,27-Apr-17,280,CE,8.3,9,6.1,7,7,910,6537.96,3385000,297500,17-Apr-17
OPTSTK,ICICIBANK,27-Apr-17,285,CE,5.55,6.25,3.9,4.55,4.55,910,6594.94,2082500,287500,17-Apr-17
OPTSTK,ICICIBANK,27-Apr-17,290,CE,3.45,4.1,2.5,2.85,2.85,1739,12741.49,7177500,490000,17-Apr-17
OPTSTK,ICICIBANK,27-Apr-17,295,CE,2.35,2.55,1.55,1.7,1.7,320,2374.67,827500,125000,17-Apr-17
OPTSTK,ICICIBANK,27-Apr-17,300,CE,1.45,1.6,0.9,1.05,1.05,1095,8243.71,6002500,192500,17-Apr-17
OPTSTK,ICICIBANK,27-Apr-17,305,CE,0.9,0.95,0.55,0.65,0.65,140,1069.89,377500,5000,17-Apr-17
OPTSTK,ICICIBANK,27-Apr-17,310,CE,0.6,0.65,0.4,0.45,0.45,318,2468.24,1995000,-35000,17-Apr-17
OPTSTK,ICICIBANK,27-Apr-17,315,CE,0.35,0.35,0.25,0.3,0.3,35,275.89,132500,-35000,17-Apr-17
OPTSTK,ICICIBANK,27-Apr-17,320,CE,0.25,0.3,0.2,0.25,0.25,80,640.46,667500,-35000,17-Apr-17
OPTSTK,ICICIBANK,27-Apr-17,325,CE,0,0,0,0.2,0.05,0,0,82500,0,17-Apr-17
OPTSTK,ICICIBANK,27-Apr-17,330,CE,0,0,0,0.15,0.05,0,0,167500,0,17-Apr-17
OPTSTK,ICICIBANK,27-Apr-17,335,CE,0,0,0,0.35,0,0,0,0,0,17-Apr-17
OPTSTK,ICICIBANK,27-Apr-17,340,CE,0.1,0.1,0.1,0.1,0.1,4,34.01,97500,-10000,17-Apr-17
OPTSTK,ICICIBANK,27-Apr-17,345,CE,0,0,0,0.15,0,0,0,0,0,17-Apr-17
OPTSTK,ICICIBANK,27-Apr-17,350,CE,0,0,0,0.05,0,0,0,797500,0,17-Apr-17
OPTSTK,ICICIBANK,27-Apr-17,190,PE,0,0,0,0.1,0,0,0,0,0,17-Apr-17
OPTSTK,ICICIBANK,27-Apr-17,195,PE,0,0,0,0.05,0,0,0,0,0,17-Apr-17
OPTSTK,ICICIBANK,27-Apr-17,200,PE,0,0,0,0.05,0,0,0,2500,0,17-Apr-17
OPTSTK,ICICIBANK,27-Apr-17,205,PE,0,0,0,0.05,0,0,0,0,0,17-Apr-17
OPTSTK,ICICIBANK,27-Apr-17,210,PE,0,0,0,0.05,0,0,0,2500,0,17-Apr-17
OPTSTK,ICICIBANK,27-Apr-17,215,PE,0,0,0,0.05,0,0,0,0,0,17-Apr-17
OPTSTK,ICICIBANK,27-Apr-17,220,PE,0,0,0,1.2,0,0,0,0,0,17-Apr-17
OPTSTK,ICICIBANK,27-Apr-17,225,PE,0,0,0,0.05,0,0,0,0,0,17-Apr-17
OPTSTK,ICICIBANK,27-Apr-17,230,PE,0,0,0,0.1,0,0,0,40000,0,17-Apr-17
OPTSTK,ICICIBANK,27-Apr-17,235,PE,0,0,0,0.2,0,0,0,0,0,17-Apr-17
OPTSTK,ICICIBANK,27-Apr-17,240,PE,0,0,0,0.1,0,0,0,152500,0,17-Apr-17
OPTSTK,ICICIBANK,27-Apr-17,245,PE,0,0,0,0.15,0.05,0,0,22500,0,17-Apr-17
OPTSTK,ICICIBANK,27-Apr-17,250,PE,0.2,0.25,0.2,0.2,0.2,22,137.61,632500,-7500,17-Apr-17
OPTSTK,ICICIBANK,27-Apr-17,255,PE,0.25,0.3,0.25,0.3,0.3,10,63.82,250000,-5000,17-Apr-17
OPTSTK,ICICIBANK,27-Apr-17,260,PE,0.45,0.55,0.35,0.5,0.5,175,1139.51,1817500,-37500,17-Apr-17
OPTSTK,ICICIBANK,27-Apr-17,265,PE,0.9,1.05,0.65,0.9,0.9,111,737.72,332500,15000,17-Apr-17
OPTSTK,ICICIBANK,27-Apr-17,270,PE,1.6,1.85,1.1,1.55,1.55,619,4201.18,2240000,-52500,17-Apr-17
OPTSTK,ICICIBANK,27-Apr-17,275,PE,3,3.15,2,2.65,2.65,367,2545.81,925000,167500,17-Apr-17
OPTSTK,ICICIBANK,27-Apr-17,280,PE,4.35,5.1,3.3,4.35,4.35,1116,7926.63,3445000,145000,17-Apr-17
OPTSTK,ICICIBANK,27-Apr-17,285,PE,6.3,7.75,5.35,6.75,6.75,325,2368.12,885000,105000,17-Apr-17
OPTSTK,ICICIBANK,27-Apr-17,290,PE,8.8,11,8,10,10,109,816.26,815000,-5000,17-Apr-17
OPTSTK,ICICIBANK,27-Apr-17,295,PE,0,0,0,12.5,13.85,0,0,10000,0,17-Apr-17
OPTSTK,ICICIBANK,27-Apr-17,300,PE,17.7,18.85,17.6,18.55,18.55,8,63.71,312500,-5000,17-Apr-17
OPTSTK,ICICIBANK,27-Apr-17,305,PE,0,0,0,25.25,22.55,0,0,0,0,17-Apr-17
OPTSTK,ICICIBANK,27-Apr-17,310,PE,0,0,0,26.9,27.3,0,0,5000,0,17-Apr-17
OPTSTK,ICICIBANK,27-Apr-17,315,PE,0,0,0,33.7,32.15,0,0,0,0,17-Apr-17
OPTSTK,ICICIBANK,27-Apr-17,320,PE,0,0,0,37.25,37.1,0,0,2500,0,17-Apr-17
OPTSTK,ICICIBANK,27-Apr-17,325,PE,0,0,0,42.85,42.05,0,0,0,0,17-Apr-17
OPTSTK,ICICIBANK,27-Apr-17,330,PE,0,0,0,65.35,47.05,0,0,0,0,17-Apr-17
OPTSTK,ICICIBANK,27-Apr-17,335,PE,0,0,0,52.35,52.05,0,0,0,0,17-Apr-17
OPTSTK,ICICIBANK,27-Apr-17,340,PE,0,0,0,57.05,57.05,0,0,2500,0,17-Apr-17
OPTSTK,ICICIBANK,27-Apr-17,345,PE,0,0,0,62.1,62,0,0,0,0,17-Apr-17
OPTSTK,ICICIBANK,27-Apr-17,350,PE,0,0,0,66.35,67,0,0,1420000,0,17-Apr-17
OPTSTK,ICICIBANK,25-May-17,190,CE,0,0,0,97.5,93.7,0,0,0,0,17-Apr-17
OPTSTK,ICICIBANK,25-May-17,195,CE,0,0,0,88.35,88.75,0,0,0,0,17-Apr-17
OPTSTK,ICICIBANK,25-May-17,200,CE,0,0,0,87.7,83.75,0,0,0,0,17-Apr-17
OPTSTK,ICICIBANK,25-May-17,205,CE,0,0,0,78.5,78.8,0,0,0,0,17-Apr-17
OPTSTK,ICICIBANK,25-May-17,210,CE,0,0,0,77.95,73.85,0,0,0,0,17-Apr-17
OPTSTK,ICICIBANK,25-May-17,215,CE,0,0,0,68.75,68.9,0,0,0,0,17-Apr-17
OPTSTK,ICICIBANK,25-May-17,220,CE,0,0,0,68.3,63.95,0,0,0,0,17-Apr-17
OPTSTK,ICICIBANK,25-May-17,225,CE,0,0,0,59.1,59,0,0,0,0,17-Apr-17
OPTSTK,ICICIBANK,25-May-17,230,CE,0,0,0,58.85,54.15,0,0,0,0,17-Apr-17
OPTSTK,ICICIBANK,25-May-17,235,CE,0,0,0,49.8,49.3,0,0,0,0,17-Apr-17
OPTSTK,ICICIBANK,25-May-17,240,CE,0,0,0,49.75,44.5,0,0,0,0,17-Apr-17
OPTSTK,ICICIBANK,25-May-17,245,CE,0,0,0,41,39.85,0,0,0,0,17-Apr-17
OPTSTK,ICICIBANK,25-May-17,250,CE,0,0,0,41.2,35.35,0,0,0,0,17-Apr-17
OPTSTK,ICICIBANK,25-May-17,255,CE,0,0,0,32.85,31,0,0,0,0,17-Apr-17
OPTSTK,ICICIBANK,25-May-17,260,CE,0,0,0,22,26.9,0,0,2500,0,17-Apr-17
OPTSTK,ICICIBANK,25-May-17,265,CE,0,0,0,25.6,23.1,0,0,0,0,17-Apr-17
OPTSTK,ICICIBANK,25-May-17,270,CE,0,0,0,14,19.55,0,0,2500,0,17-Apr-17
OPTSTK,ICICIBANK,25-May-17,275,CE,0,0,0,19.35,16.35,0,0,0,0,17-Apr-17
OPTSTK,ICICIBANK,25-May-17,280,CE,14.65,15.1,13.1,13.75,13.75,22,161.75,370000,27500,17-Apr-17
OPTSTK,ICICIBANK,25-May-17,285,CE,12.05,12.05,12,12,12,2,14.85,10000,5000,17-Apr-17
OPTSTK,ICICIBANK,25-May-17,290,CE,9.35,10.1,8.95,9.05,9.05,63,471.56,240000,102500,17-Apr-17
OPTSTK,ICICIBANK,25-May-17,295,CE,0,0,0,10.1,6.95,0,0,0,0,17-Apr-17
OPTSTK,ICICIBANK,25-May-17,300,CE,6.4,6.4,5.7,5.9,5.9,67,512.75,212500,-70000,17-Apr-17
OPTSTK,ICICIBANK,25-May-17,305,CE,0,0,0,7,4.2,0,0,0,0,17-Apr-17
OPTSTK,ICICIBANK,25-May-17,310,CE,3.55,4.05,3.55,3.65,3.65,6,47.07,67500,5000,17-Apr-17
OPTSTK,ICICIBANK,25-May-17,315,CE,0,0,0,4.7,2.4,0,0,0,0,17-Apr-17
OPTSTK,ICICIBANK,25-May-17,320,CE,0,0,0,2.4,1.75,0,0,22500,0,17-Apr-17
OPTSTK,ICICIBANK,25-May-17,325,CE,0,0,0,3.05,1.3,0,0,0,0,17-Apr-17
OPTSTK,ICICIBANK,25-May-17,330,CE,0,0,0,1,0.95,0,0,5000,0,17-Apr-17
OPTSTK,ICICIBANK,25-May-17,335,CE,0,0,0,1.95,0.65,0,0,0,0,17-Apr-17
OPTSTK,ICICIBANK,25-May-17,340,CE,0,0,0,0.6,0.5,0,0,5000,0,17-Apr-17
OPTSTK,ICICIBANK,25-May-17,345,CE,0,0,0,1.2,0.35,0,0,0,0,17-Apr-17
OPTSTK,ICICIBANK,25-May-17,350,CE,0,0,0,1.65,0.25,0,0,0,0,17-Apr-17
OPTSTK,ICICIBANK,25-May-17,190,PE,0,0,0,0.05,0,0,0,0,0,17-Apr-17
OPTSTK,ICICIBANK,25-May-17,195,PE,0,0,0,0.05,0,0,0,0,0,17-Apr-17
OPTSTK,ICICIBANK,25-May-17,200,PE,0,0,0,0.05,0,0,0,0,0,17-Apr-17
OPTSTK,ICICIBANK,25-May-17,205,PE,0,0,0,0.1,0,0,0,0,0,17-Apr-17
OPTSTK,ICICIBANK,25-May-17,210,PE,0,0,0,0.15,0.05,0,0,0,0,17-Apr-17
OPTSTK,ICICIBANK,25-May-17,215,PE,0,0,0,0.2,0.05,0,0,0,0,17-Apr-17
OPTSTK,ICICIBANK,25-May-17,220,PE,0,0,0,0.35,0.05,0,0,0,0,17-Apr-17
OPTSTK,ICICIBANK,25-May-17,225,PE,0,0,0,0.5,0.1,0,0,0,0,17-Apr-17
OPTSTK,ICICIBANK,25-May-17,230,PE,0,0,0,0.75,0.2,0,0,0,0,17-Apr-17
OPTSTK,ICICIBANK,25-May-17,235,PE,0,0,0,1.05,0.3,0,0,0,0,17-Apr-17
OPTSTK,ICICIBANK,25-May-17,240,PE,0,0,0,1.5,0.5,0,0,0,0,17-Apr-17
OPTSTK,ICICIBANK,25-May-17,245,PE,0,0,0,2.15,0.8,0,0,0,0,17-Apr-17
OPTSTK,ICICIBANK,25-May-17,250,PE,1.75,1.85,1.75,1.85,1.85,2,12.59,407500,-2500,17-Apr-17
OPTSTK,ICICIBANK,25-May-17,255,PE,0,0,0,3.9,1.9,0,0,0,0,17-Apr-17
OPTSTK,ICICIBANK,25-May-17,260,PE,3.6,3.6,3.05,3.55,3.55,47,309.56,222500,82500,17-Apr-17
OPTSTK,ICICIBANK,25-May-17,265,PE,4,4.75,4,4.65,4.65,5,33.68,15000,12500,17-Apr-17
OPTSTK,ICICIBANK,25-May-17,270,PE,6.2,6.3,6,6.15,6.15,21,144.99,230000,42500,17-Apr-17
OPTSTK,ICICIBANK,25-May-17,275,PE,0,0,0,7.9,7.1,0,0,5000,0,17-Apr-17
OPTSTK,ICICIBANK,25-May-17,280,PE,8.4,10.5,8.25,10.3,10.3,57,412.3,200000,77500,17-Apr-17
OPTSTK,ICICIBANK,25-May-17,285,PE,0,0,0,14.95,11.65,0,0,0,0,17-Apr-17
OPTSTK,ICICIBANK,25-May-17,290,PE,16.5,16.5,14.3,14.85,14.85,11,84.04,37500,15000,17-Apr-17
OPTSTK,ICICIBANK,25-May-17,295,PE,0,0,0,20.75,17.55,0,0,0,0,17-Apr-17
OPTSTK,ICICIBANK,25-May-17,300,PE,21.2,22.3,21.2,22.3,22.3,7,56.37,22500,17500,17-Apr-17
OPTSTK,ICICIBANK,25-May-17,305,PE,0,0,0,27.55,24.75,0,0,0,0,17-Apr-17
OPTSTK,ICICIBANK,25-May-17,310,PE,0,0,0,28.6,28.7,0,0,0,0,17-Apr-17
OPTSTK,ICICIBANK,25-May-17,315,PE,0,0,0,35.15,32.85,0,0,0,0,17-Apr-17
OPTSTK,ICICIBANK,25-May-17,320,PE,0,0,0,36.05,37.2,0,0,0,0,17-Apr-17
OPTSTK,ICICIBANK,25-May-17,325,PE,0,0,0,43.4,41.7,0,0,0,0,17-Apr-17
OPTSTK,ICICIBANK,25-May-17,330,PE,0,0,0,44.1,46.3,0,0,0,0,17-Apr-17
OPTSTK,ICICIBANK,25-May-17,335,PE,0,0,0,52.2,51,0,0,0,0,17-Apr-17
OPTSTK,ICICIBANK,25-May-17,340,PE,0,0,0,52.7,55.8,0,0,0,0,17-Apr-17
OPTSTK,ICICIBANK,25-May-17,345,PE,0,0,0,61.35,60.6,0,0,0,0,17-Apr-17
OPTSTK,ICICIBANK,25-May-17,350,PE,0,0,0,61.65,65.5,0,0,0,0,17-Apr-17
OPTSTK,ICICIBANK,29-Jun-17,190,CE,0,0,0,94.6,94.9,0,0,0,0,17-Apr-17
OPTSTK,ICICIBANK,29-Jun-17,195,CE,0,0,0,89.7,89.95,0,0,0,0,17-Apr-17
OPTSTK,ICICIBANK,29-Jun-17,200,CE,0,0,0,84.9,85.05,0,0,0,0,17-Apr-17
OPTSTK,ICICIBANK,29-Jun-17,205,CE,0,0,0,80.05,80.15,0,0,0,0,17-Apr-17
OPTSTK,ICICIBANK,29-Jun-17,210,CE,0,0,0,75.3,75.3,0,0,0,0,17-Apr-17
OPTSTK,ICICIBANK,29-Jun-17,215,CE,0,0,0,70.6,70.45,0,0,0,0,17-Apr-17
OPTSTK,ICICIBANK,29-Jun-17,220,CE,0,0,0,65.95,65.65,0,0,0,0,17-Apr-17
OPTSTK,ICICIBANK,29-Jun-17,225,CE,0,0,0,61.4,60.9,0,0,0,0,17-Apr-17
OPTSTK,ICICIBANK,29-Jun-17,230,CE,0,0,0,57,56.25,0,0,0,0,17-Apr-17
OPTSTK,ICICIBANK,29-Jun-17,235,CE,0,0,0,52.65,51.7,0,0,0,0,17-Apr-17
OPTSTK,ICICIBANK,29-Jun-17,240,CE,0,0,0,48.45,47.25,0,0,0,0,17-Apr-17
OPTSTK,ICICIBANK,29-Jun-17,245,CE,0,0,0,44.45,43,0,0,0,0,17-Apr-17
OPTSTK,ICICIBANK,29-Jun-17,250,CE,0,0,0,40.55,38.85,0,0,0,0,17-Apr-17
OPTSTK,ICICIBANK,29-Jun-17,255,CE,0,0,0,36.9,34.95,0,0,0,0,17-Apr-17
OPTSTK,ICICIBANK,29-Jun-17,260,CE,0,0,0,33.4,31.2,0,0,0,0,17-Apr-17
OPTSTK,ICICIBANK,29-Jun-17,265,CE,0,0,0,30.1,27.7,0,0,0,0,17-Apr-17
OPTSTK,ICICIBANK,29-Jun-17,270,CE,0,0,0,27,24.45,0,0,0,0,17-Apr-17
OPTSTK,ICICIBANK,29-Jun-17,275,CE,0,0,0,24.15,21.4,0,0,0,0,17-Apr-17
OPTSTK,ICICIBANK,29-Jun-17,280,CE,0,0,0,14.85,18.65,0,0,50000,0,17-Apr-17
OPTSTK,ICICIBANK,29-Jun-17,285,CE,0,0,0,19.05,16.15,0,0,0,0,17-Apr-17
OPTSTK,ICICIBANK,29-Jun-17,290,CE,0,0,0,11.5,13.9,0,0,5000,0,17-Apr-17
OPTSTK,ICICIBANK,29-Jun-17,295,CE,0,0,0,14.75,11.85,0,0,0,0,17-Apr-17
OPTSTK,ICICIBANK,29-Jun-17,300,CE,0,0,0,12.9,10.05,0,0,0,0,17-Apr-17
OPTSTK,ICICIBANK,29-Jun-17,305,CE,0,0,0,11.25,8.5,0,0,0,0,17-Apr-17
OPTSTK,ICICIBANK,29-Jun-17,310,CE,0,0,0,9.8,7.1,0,0,0,0,17-Apr-17
OPTSTK,ICICIBANK,29-Jun-17,315,CE,0,0,0,8.45,5.95,0,0,0,0,17-Apr-17
OPTSTK,ICICIBANK,29-Jun-17,320,CE,0,0,0,7.3,4.95,0,0,0,0,17-Apr-17
OPTSTK,ICICIBANK,29-Jun-17,325,CE,0,0,0,6.25,4.05,0,0,0,0,17-Apr-17
OPTSTK,ICICIBANK,29-Jun-17,330,CE,0,0,0,5.35,3.35,0,0,0,0,17-Apr-17
OPTSTK,ICICIBANK,29-Jun-17,335,CE,0,0,0,4.55,2.7,0,0,0,0,17-Apr-17
OPTSTK,ICICIBANK,29-Jun-17,340,CE,0,0,0,3.9,2.2,0,0,0,0,17-Apr-17
OPTSTK,ICICIBANK,29-Jun-17,345,CE,0,0,0,3.3,1.8,0,0,0,0,17-Apr-17
OPTSTK,ICICIBANK,29-Jun-17,350,CE,0,0,0,2.8,1.45,0,0,0,0,17-Apr-17
OPTSTK,ICICIBANK,29-Jun-17,190,PE,0,0,0,0.1,0.05,0,0,0,0,17-Apr-17
OPTSTK,ICICIBANK,29-Jun-17,195,PE,0,0,0,0.15,0.05,0,0,0,0,17-Apr-17
OPTSTK,ICICIBANK,29-Jun-17,200,PE,0,0,0,0.25,0.05,0,0,0,0,17-Apr-17
OPTSTK,ICICIBANK,29-Jun-17,205,PE,0,0,0,0.35,0.1,0,0,0,0,17-Apr-17
OPTSTK,ICICIBANK,29-Jun-17,210,PE,0,0,0,0.5,0.15,0,0,0,0,17-Apr-17
OPTSTK,ICICIBANK,29-Jun-17,215,PE,0,0,0,0.7,0.25,0,0,0,0,17-Apr-17
OPTSTK,ICICIBANK,29-Jun-17,220,PE,0,0,0,1,0.4,0,0,0,0,17-Apr-17
OPTSTK,ICICIBANK,29-Jun-17,225,PE,0,0,0,1.35,0.6,0,0,0,0,17-Apr-17
OPTSTK,ICICIBANK,29-Jun-17,230,PE,0,0,0,1.85,0.9,0,0,0,0,17-Apr-17
OPTSTK,ICICIBANK,29-Jun-17,235,PE,0,0,0,2.45,1.25,0,0,0,0,17-Apr-17
OPTSTK,ICICIBANK,29-Jun-17,240,PE,0,0,0,3.15,1.75,0,0,0,0,17-Apr-17
OPTSTK,ICICIBANK,29-Jun-17,245,PE,0,0,0,4.05,2.4,0,0,0,0,17-Apr-17
OPTSTK,ICICIBANK,29-Jun-17,250,PE,0,0,0,5.1,3.25,0,0,0,0,17-Apr-17
OPTSTK,ICICIBANK,29-Jun-17,255,PE,0,0,0,6.35,4.25,0,0,0,0,17-Apr-17
OPTSTK,ICICIBANK,29-Jun-17,260,PE,0,0,0,7.75,5.45,0,0,0,0,17-Apr-17
OPTSTK,ICICIBANK,29-Jun-17,265,PE,0,0,0,9.35,6.85,0,0,0,0,17-Apr-17
OPTSTK,ICICIBANK,29-Jun-17,270,PE,0,0,0,11.2,8.55,0,0,0,0,17-Apr-17
OPTSTK,ICICIBANK,29-Jun-17,275,PE,0,0,0,13.25,10.45,0,0,0,0,17-Apr-17
OPTSTK,ICICIBANK,29-Jun-17,280,PE,0,0,0,15.5,12.65,0,0,0,0,17-Apr-17
OPTSTK,ICICIBANK,29-Jun-17,285,PE,0,0,0,18,15.05,0,0,0,0,17-Apr-17
OPTSTK,ICICIBANK,29-Jun-17,290,PE,0,0,0,20.65,17.75,0,0,0,0,17-Apr-17
OPTSTK,ICICIBANK,29-Jun-17,295,PE,0,0,0,23.55,20.65,0,0,0,0,17-Apr-17
OPTSTK,ICICIBANK,29-Jun-17,300,PE,0,0,0,26.6,23.8,0,0,0,0,17-Apr-17
OPTSTK,ICICIBANK,29-Jun-17,305,PE,0,0,0,29.9,27.15,0,0,0,0,17-Apr-17
OPTSTK,ICICIBANK,29-Jun-17,310,PE,0,0,0,33.3,30.7,0,0,0,0,17-Apr-17
OPTSTK,ICICIBANK,29-Jun-17,315,PE,0,0,0,36.9,34.5,0,0,0,0,17-Apr-17
OPTSTK,ICICIBANK,29-Jun-17,320,PE,0,0,0,40.7,38.4,0,0,0,0,17-Apr-17
OPTSTK,ICICIBANK,29-Jun-17,325,PE,0,0,0,44.55,42.45,0,0,0,0,17-Apr-17
OPTSTK,ICICIBANK,29-Jun-17,330,PE,0,0,0,48.55,46.65,0,0,0,0,17-Apr-17
OPTSTK,ICICIBANK,29-Jun-17,335,PE,0,0,0,52.7,51,0,0,0,0,17-Apr-17
OPTSTK,ICICIBANK,29-Jun-17,340,PE,0,0,0,56.95,55.4,0,0,0,0,17-Apr-17
OPTSTK,ICICIBANK,29-Jun-17,345,PE,0,0,0,61.25,59.9,0,0,0,0,17-Apr-17
OPTSTK,ICICIBANK,29-Jun-17,350,PE,0,0,0,65.65,64.5,0,0,0,0,17-Apr-17
OPTSTK,ICIL,27-Apr-17,110,CE,0,0,0,71.65,82.7,0,0,0,0,17-Apr-17
OPTSTK,ICIL,27-Apr-17,115,CE,0,0,0,66.85,77.7,0,0,0,0,17-Apr-17
OPTSTK,ICIL,27-Apr-17,120,CE,0,0,0,62.1,72.75,0,0,0,0,17-Apr-17
OPTSTK,ICIL,27-Apr-17,125,CE,0,0,0,57.45,67.75,0,0,0,0,17-Apr-17
OPTSTK,ICIL,27-Apr-17,130,CE,0,0,0,52.85,62.75,0,0,0,0,17-Apr-17
OPTSTK,ICIL,27-Apr-17,135,CE,0,0,0,48.4,57.75,0,0,0,0,17-Apr-17
OPTSTK,ICIL,27-Apr-17,140,CE,0,0,0,44.15,52.75,0,0,0,0,17-Apr-17
OPTSTK,ICIL,27-Apr-17,145,CE,0,0,0,40,47.75,0,0,0,0,17-Apr-17
OPTSTK,ICIL,27-Apr-17,150,CE,0,0,0,36.1,42.8,0,0,0,0,17-Apr-17
OPTSTK,ICIL,27-Apr-17,155,CE,0,0,0,32.4,37.8,0,0,0,0,17-Apr-17
OPTSTK,ICIL,27-Apr-17,160,CE,0,0,0,28.95,32.8,0,0,0,0,17-Apr-17
OPTSTK,ICIL,27-Apr-17,165,CE,0,0,0,25.7,27.8,0,0,0,0,17-Apr-17
OPTSTK,ICIL,27-Apr-17,170,CE,0,0,0,22.7,22.85,0,0,0,0,17-Apr-17
OPTSTK,ICIL,27-Apr-17,175,CE,0,0,0,20,18,0,0,0,0,17-Apr-17
OPTSTK,ICIL,27-Apr-17,180,CE,0,0,0,18.2,13.4,0,0,7000,0,17-Apr-17
OPTSTK,ICIL,27-Apr-17,185,CE,0,0,0,15.25,9.25,0,0,0,0,17-Apr-17
OPTSTK,ICIL,27-Apr-17,190,CE,0,0,0,16.3,5.9,0,0,10500,0,17-Apr-17
OPTSTK,ICIL,27-Apr-17,195,CE,3.9,4.3,3.5,3.9,3.9,4,27.84,17500,7000,17-Apr-17
OPTSTK,ICIL,27-Apr-17,200,CE,2.4,2.75,2.15,2.45,2.45,42,297.45,679000,31500,17-Apr-17
OPTSTK,ICIL,27-Apr-17,205,CE,1.7,1.7,1.1,1.1,1.1,4,28.87,199500,3500,17-Apr-17
OPTSTK,ICIL,27-Apr-17,210,CE,0.65,0.95,0.55,0.95,0.95,3,22.12,206500,7000,17-Apr-17
OPTSTK,ICIL,27-Apr-17,215,CE,0,0,0,0.55,0.15,0,0,45500,0,17-Apr-17
OPTSTK,ICIL,27-Apr-17,220,CE,0,0,0,0.7,0.05,0,0,35000,0,17-Apr-17
OPTSTK,ICIL,27-Apr-17,225,CE,0,0,0,2.05,0.05,0,0,14000,0,17-Apr-17
OPTSTK,ICIL,27-Apr-17,230,CE,0,0,0,1.2,0,0,0,7000,0,17-Apr-17
OPTSTK,ICIL,27-Apr-17,235,CE,0,0,0,0.45,0,0,0,3500,0,17-Apr-17
OPTSTK,ICIL,27-Apr-17,240,CE,0,0,0,0.45,0,0,0,7000,0,17-Apr-17
OPTSTK,ICIL,27-Apr-17,110,PE,0,0,0,0.15,0,0,0,0,0,17-Apr-17
OPTSTK,ICIL,27-Apr-17,115,PE,0,0,0,0.25,0,0,0,0,0,17-Apr-17
OPTSTK,ICIL,27-Apr-17,120,PE,0,0,0,0.45,0,0,0,0,0,17-Apr-17
OPTSTK,ICIL,27-Apr-17,125,PE,0,0,0,0.7,0,0,0,0,0,17-Apr-17
OPTSTK,ICIL,27-Apr-17,130,PE,0,0,0,1.05,0,0,0,0,0,17-Apr-17
OPTSTK,ICIL,27-Apr-17,135,PE,0,0,0,1.5,0,0,0,0,0,17-Apr-17
OPTSTK,ICIL,27-Apr-17,140,PE,0,0,0,2.15,0,0,0,0,0,17-Apr-17
OPTSTK,ICIL,27-Apr-17,145,PE,0,0,0,2.95,0,0,0,0,0,17-Apr-17
OPTSTK,ICIL,27-Apr-17,150,PE,0,0,0,3.95,0,0,0,0,0,17-Apr-17
OPTSTK,ICIL,27-Apr-17,155,PE,0,0,0,5.15,0,0,0,0,0,17-Apr-17
OPTSTK,ICIL,27-Apr-17,160,PE,0,0,0,0.5,0,0,0,3500,0,17-Apr-17
OPTSTK,ICIL,27-Apr-17,165,PE,0,0,0,8.3,0.05,0,0,0,0,17-Apr-17
OPTSTK,ICIL,27-Apr-17,170,PE,0,0,0,0.75,0.05,0,0,0,0,17-Apr-17
OPTSTK,ICIL,27-Apr-17,175,PE,0,0,0,11.4,0.2,0,0,0,0,17-Apr-17
OPTSTK,ICIL,27-Apr-17,180,PE,0,0,0,1.4,0.6,0,0,17500,0,17-Apr-17
OPTSTK,ICIL,27-Apr-17,185,PE,0,0,0,2.6,1.45,0,0,10500,0,17-Apr-17
OPTSTK,ICIL,27-Apr-17,190,PE,0,0,0,2.85,3.05,0,0,150500,0,17-Apr-17
OPTSTK,ICIL,27-Apr-17,195,PE,5,5,5,5,5,2,14,63000,-7000,17-Apr-17
OPTSTK,ICIL,27-Apr-17,200,PE,0,0,0,8.15,8.9,0,0,52500,0,17-Apr-17
OPTSTK,ICIL,27-Apr-17,205,PE,0,0,0,8.75,12.95,0,0,7000,0,17-Apr-17
OPTSTK,ICIL,27-Apr-17,210,PE,0,0,0,34.05,17.5,0,0,0,0,17-Apr-17
OPTSTK,ICIL,27-Apr-17,215,PE,0,0,0,37.9,22.25,0,0,0,0,17-Apr-17
OPTSTK,ICIL,27-Apr-17,220,PE,0,0,0,41.9,27.15,0,0,0,0,17-Apr-17
OPTSTK,ICIL,27-Apr-17,225,PE,0,0,0,46,32.15,0,0,0,0,17-Apr-17
OPTSTK,ICIL,27-Apr-17,230,PE,0,0,0,50.25,37.1,0,0,0,0,17-Apr-17
OPTSTK,ICIL,27-Apr-17,235,PE,0,0,0,54.55,42.1,0,0,0,0,17-Apr-17
OPTSTK,ICIL,27-Apr-17,240,PE,0,0,0,59,47.1,0,0,0,0,17-Apr-17
OPTSTK,ICIL,25-May-17,110,CE,0,0,0,51.65,83.25,0,0,0,0,17-Apr-17
OPTSTK,ICIL,25-May-17,115,CE,0,0,0,47,78.3,0,0,0,0,17-Apr-17
OPTSTK,ICIL,25-May-17,120,CE,0,0,0,42.5,73.35,0,0,0,0,17-Apr-17
OPTSTK,ICIL,25-May-17,125,CE,0,0,0,38.15,68.35,0,0,0,0,17-Apr-17
OPTSTK,ICIL,25-May-17,130,CE,0,0,0,33.95,63.4,0,0,0,0,17-Apr-17
OPTSTK,ICIL,25-May-17,135,CE,0,0,0,30.05,58.45,0,0,0,0,17-Apr-17
OPTSTK,ICIL,25-May-17,140,CE,0,0,0,26.35,53.45,0,0,0,0,17-Apr-17
OPTSTK,ICIL,25-May-17,145,CE,0,0,0,22.95,48.5,0,0,0,0,17-Apr-17
OPTSTK,ICIL,25-May-17,150,CE,0,0,0,19.85,43.6,0,0,0,0,17-Apr-17
OPTSTK,ICIL,25-May-17,155,CE,0,0,0,17,38.7,0,0,0,0,17-Apr-17
OPTSTK,ICIL,25-May-17,160,CE,0,0,0,14.5,33.9,0,0,0,0,17-Apr-17
OPTSTK,ICIL,25-May-17,165,CE,0,0,0,12.25,29.25,0,0,0,0,17-Apr-17
OPTSTK,ICIL,25-May-17,170,CE,0,0,0,10.3,24.8,0,0,0,0,17-Apr-17
OPTSTK,ICIL,25-May-17,175,CE,0,0,0,8.6,20.6,0,0,0,0,17-Apr-17
OPTSTK,ICIL,25-May-17,180,CE,0,0,0,7.15,16.8,0,0,0,0,17-Apr-17
OPTSTK,ICIL,25-May-17,185,CE,0,0,0,5.9,13.35,0,0,0,0,17-Apr-17
OPTSTK,ICIL,25-May-17,190,CE,0,0,0,4.85,10.4,0,0,0,0,17-Apr-17
OPTSTK,ICIL,25-May-17,195,CE,0,0,0,11.25,7.9,0,0,7000,0,17-Apr-17
OPTSTK,ICIL,25-May-17,200,CE,0,0,0,5.65,5.85,0,0,0,0,17-Apr-17
OPTSTK,ICIL,25-May-17,205,CE,0,0,0,2.6,4.25,0,0,0,0,17-Apr-17
OPTSTK,ICIL,25-May-17,210,CE,0,0,0,1.5,3,0,0,0,0,17-Apr-17
OPTSTK,ICIL,25-May-17,215,CE,0,0,0,1.7,2.1,0,0,0,0,17-Apr-17
OPTSTK,ICIL,25-May-17,220,CE,0,0,0,1.35,1.4,0,0,0,0,17-Apr-17
OPTSTK,ICIL,25-May-17,225,CE,0,0,0,1.1,0.95,0,0,0,0,17-Apr-17
OPTSTK,ICIL,25-May-17,230,CE,0,0,0,0.85,0.6,0,0,0,0,17-Apr-17
OPTSTK,ICIL,25-May-17,235,CE,0,0,0,1,0.4,0,0,0,0,17-Apr-17
OPTSTK,ICIL,25-May-17,240,CE,0,0,0,0.9,0.25,0,0,0,0,17-Apr-17
OPTSTK,ICIL,25-May-17,110,PE,0,0,0,0.4,0,0,0,0,0,17-Apr-17
OPTSTK,ICIL,25-May-17,115,PE,0,0,0,0.65,0,0,0,0,0,17-Apr-17
OPTSTK,ICIL,25-May-17,120,PE,0,0,0,1.05,0,0,0,0,0,17-Apr-17
OPTSTK,ICIL,25-May-17,125,PE,0,0,0,1.6,0,0,0,0,0,17-Apr-17
OPTSTK,ICIL,25-May-17,130,PE,0,0,0,2.4,0,0,0,0,0,17-Apr-17
OPTSTK,ICIL,25-May-17,135,PE,0,0,0,3.35,0,0,0,0,0,17-Apr-17
OPTSTK,ICIL,25-May-17,140,PE,0,0,0,4.6,0.05,0,0,0,0,17-Apr-17
OPTSTK,ICIL,25-May-17,145,PE,0,0,0,6.1,0.05,0,0,0,0,17-Apr-17
OPTSTK,ICIL,25-May-17,150,PE,0,0,0,7.95,0.1,0,0,0,0,17-Apr-17
OPTSTK,ICIL,25-May-17,155,PE,0,0,0,10.05,0.15,0,0,0,0,17-Apr-17
OPTSTK,ICIL,25-May-17,160,PE,0,0,0,12.45,0.35,0,0,0,0,17-Apr-17
OPTSTK,ICIL,25-May-17,165,PE,0,0,0,15.15,0.65,0,0,0,0,17-Apr-17
OPTSTK,ICIL,25-May-17,170,PE,0,0,0,18.1,1.15,0,0,0,0,17-Apr-17
OPTSTK,ICIL,25-May-17,175,PE,0,0,0,21.3,1.95,0,0,0,0,17-Apr-17
OPTSTK,ICIL,25-May-17,180,PE,0,0,0,24.8,3.05,0,0,0,0,17-Apr-17
OPTSTK,ICIL,25-May-17,185,PE,0,0,0,28.45,4.6,0,0,0,0,17-Apr-17
OPTSTK,ICIL,25-May-17,190,PE,0,0,0,32.35,6.6,0,0,0,0,17-Apr-17
OPTSTK,ICIL,25-May-17,195,PE,0,0,0,36.35,9.1,0,0,0,0,17-Apr-17
OPTSTK,ICIL,25-May-17,200,PE,0,0,0,40.55,12,0,0,0,0,17-Apr-17
OPTSTK,ICIL,25-May-17,205,PE,0,0,0,44.85,15.35,0,0,0,0,17-Apr-17
OPTSTK,ICIL,25-May-17,210,PE,0,0,0,49.25,19.1,0,0,0,0,17-Apr-17
OPTSTK,ICIL,25-May-17,215,PE,0,0,0,53.75,23.15,0,0,0,0,17-Apr-17
OPTSTK,ICIL,25-May-17,220,PE,0,0,0,58.35,27.4,0,0,0,0,17-Apr-17
OPTSTK,ICIL,25-May-17,225,PE,0,0,0,63,31.9,0,0,0,0,17-Apr-17
OPTSTK,ICIL,25-May-17,230,PE,0,0,0,67.7,36.55,0,0,0,0,17-Apr-17
OPTSTK,ICIL,25-May-17,235,PE,0,0,0,68.25,41.3,0,0,0,0,17-Apr-17
OPTSTK,ICIL,25-May-17,240,PE,0,0,0,67.85,46.15,0,0,0,0,17-Apr-17
OPTSTK,ICIL,29-Jun-17,115,CE,0,0,0,82.8,79,0,0,0,0,17-Apr-17
OPTSTK,ICIL,29-Jun-17,120,CE,0,0,0,77.95,74.05,0,0,0,0,17-Apr-17
OPTSTK,ICIL,29-Jun-17,125,CE,0,0,0,73.1,69.15,0,0,0,0,17-Apr-17
OPTSTK,ICIL,29-Jun-17,130,CE,0,0,0,68.3,64.25,0,0,0,0,17-Apr-17
OPTSTK,ICIL,29-Jun-17,135,CE,0,0,0,63.55,59.35,0,0,0,0,17-Apr-17
OPTSTK,ICIL,29-Jun-17,140,CE,0,0,0,58.9,54.45,0,0,0,0,17-Apr-17
OPTSTK,ICIL,29-Jun-17,145,CE,0,0,0,54.35,49.65,0,0,0,0,17-Apr-17
OPTSTK,ICIL,29-Jun-17,150,CE,0,0,0,49.95,44.9,0,0,0,0,17-Apr-17
OPTSTK,ICIL,29-Jun-17,155,CE,0,0,0,45.65,40.25,0,0,0,0,17-Apr-17
OPTSTK,ICIL,29-Jun-17,160,CE,0,0,0,41.5,35.8,0,0,0,0,17-Apr-17
OPTSTK,ICIL,29-Jun-17,165,CE,0,0,0,37.6,31.5,0,0,0,0,17-Apr-17
OPTSTK,ICIL,29-Jun-17,170,CE,0,0,0,33.85,27.45,0,0,0,0,17-Apr-17
OPTSTK,ICIL,29-Jun-17,175,CE,0,0,0,30.35,23.65,0,0,0,0,17-Apr-17
OPTSTK,ICIL,29-Jun-17,180,CE,0,0,0,27.05,20.15,0,0,0,0,17-Apr-17
OPTSTK,ICIL,29-Jun-17,185,CE,0,0,0,24.05,17,0,0,0,0,17-Apr-17
OPTSTK,ICIL,29-Jun-17,190,CE,0,0,0,21.25,14.2,0,0,0,0,17-Apr-17
OPTSTK,ICIL,29-Jun-17,195,CE,0,0,0,18.7,11.7,0,0,0,0,17-Apr-17
OPTSTK,ICIL,29-Jun-17,200,CE,0,0,0,16.35,9.55,0,0,0,0,17-Apr-17
OPTSTK,ICIL,29-Jun-17,205,CE,0,0,0,14.25,7.7,0,0,0,0,17-Apr-17
OPTSTK,ICIL,29-Jun-17,210,CE,0,0,0,12.35,6.15,0,0,0,0,17-Apr-17
OPTSTK,ICIL,29-Jun-17,215,CE,0,0,0,10.7,4.85,0,0,0,0,17-Apr-17
OPTSTK,ICIL,29-Jun-17,220,CE,0,0,0,9.2,3.8,0,0,0,0,17-Apr-17
OPTSTK,ICIL,29-Jun-17,225,CE,0,0,0,7.9,2.95,0,0,0,0,17-Apr-17
OPTSTK,ICIL,29-Jun-17,230,CE,0,0,0,6.75,2.25,0,0,0,0,17-Apr-17
OPTSTK,ICIL,29-Jun-17,235,CE,0,0,0,5.75,1.75,0,0,0,0,17-Apr-17
OPTSTK,ICIL,29-Jun-17,240,CE,0,0,0,4.9,1.3,0,0,0,0,17-Apr-17
OPTSTK,ICIL,29-Jun-17,115,PE,0,0,0,0.05,0,0,0,0,0,17-Apr-17
OPTSTK,ICIL,29-Jun-17,120,PE,0,0,0,0.1,0,0,0,0,0,17-Apr-17
OPTSTK,ICIL,29-Jun-17,125,PE,0,0,0,0.2,0.05,0,0,0,0,17-Apr-17
OPTSTK,ICIL,29-Jun-17,130,PE,0,0,0,0.3,0.05,0,0,0,0,17-Apr-17
OPTSTK,ICIL,29-Jun-17,135,PE,0,0,0,0.5,0.1,0,0,0,0,17-Apr-17
OPTSTK,ICIL,29-Jun-17,140,PE,0,0,0,0.75,0.15,0,0,0,0,17-Apr-17
OPTSTK,ICIL,29-Jun-17,145,PE,0,0,0,1.1,0.25,0,0,0,0,17-Apr-17
OPTSTK,ICIL,29-Jun-17,150,PE,0,0,0,1.6,0.45,0,0,0,0,17-Apr-17
OPTSTK,ICIL,29-Jun-17,155,PE,0,0,0,2.25,0.75,0,0,0,0,17-Apr-17
OPTSTK,ICIL,29-Jun-17,160,PE,0,0,0,3.05,1.25,0,0,0,0,17-Apr-17
OPTSTK,ICIL,29-Jun-17,165,PE,0,0,0,4,1.9,0,0,0,0,17-Apr-17
OPTSTK,ICIL,29-Jun-17,170,PE,0,0,0,5.2,2.75,0,0,0,0,17-Apr-17
OPTSTK,ICIL,29-Jun-17,175,PE,0,0,0,6.6,3.9,0,0,0,0,17-Apr-17
OPTSTK,ICIL,29-Jun-17,180,PE,0,0,0,8.25,5.35,0,0,0,0,17-Apr-17
OPTSTK,ICIL,29-Jun-17,185,PE,0,0,0,10.15,7.1,0,0,0,0,17-Apr-17
OPTSTK,ICIL,29-Jun-17,190,PE,0,0,0,12.25,9.25,0,0,0,0,17-Apr-17
OPTSTK,ICIL,29-Jun-17,195,PE,0,0,0,14.6,11.7,0,0,0,0,17-Apr-17
OPTSTK,ICIL,29-Jun-17,200,PE,0,0,0,17.2,14.45,0,0,0,0,17-Apr-17
OPTSTK,ICIL,29-Jun-17,205,PE,0,0,0,20.05,17.55,0,0,0,0,17-Apr-17
OPTSTK,ICIL,29-Jun-17,210,PE,0,0,0,23.05,20.95,0,0,0,0,17-Apr-17
OPTSTK,ICIL,29-Jun-17,215,PE,0,0,0,26.3,24.6,0,0,0,0,17-Apr-17
OPTSTK,ICIL,29-Jun-17,220,PE,0,0,0,29.75,28.45,0,0,0,0,17-Apr-17
OPTSTK,ICIL,29-Jun-17,225,PE,0,0,0,33.35,32.55,0,0,0,0,17-Apr-17
OPTSTK,ICIL,29-Jun-17,230,PE,0,0,0,37.15,36.8,0,0,0,0,17-Apr-17
OPTSTK,ICIL,29-Jun-17,235,PE,0,0,0,41.05,41.2,0,0,0,0,17-Apr-17
OPTSTK,ICIL,29-Jun-17,240,PE,0,0,0,45.1,45.7,0,0,0,0,17-Apr-17
OPTSTK,IDBI,27-Apr-17,50,CE,0,0,0,30.85,22.9,0,0,0,0,17-Apr-17
OPTSTK,IDBI,27-Apr-17,52.5,CE,0,0,0,28.45,20.4,0,0,0,0,17-Apr-17
OPTSTK,IDBI,27-Apr-17,55,CE,0,0,0,26.05,17.9,0,0,0,0,17-Apr-17
OPTSTK,IDBI,27-Apr-17,57.5,CE,0,0,0,18.85,15.4,0,0,8000,0,17-Apr-17
OPTSTK,IDBI,27-Apr-17,60,CE,0,0,0,21.4,12.9,0,0,0,0,17-Apr-17
OPTSTK,IDBI,27-Apr-17,62.5,CE,0,0,0,19.2,10.45,0,0,0,0,17-Apr-17
OPTSTK,IDBI,27-Apr-17,65,CE,0,0,0,17.05,7.95,0,0,0,0,17-Apr-17
OPTSTK,IDBI,27-Apr-17,67.5,CE,0,0,0,15.05,5.5,0,0,0,0,17-Apr-17
OPTSTK,IDBI,27-Apr-17,70,CE,3.65,3.65,3.65,3.65,3.65,1,5.89,40000,8000,17-Apr-17
OPTSTK,IDBI,27-Apr-17,72.5,CE,2.6,2.6,2.05,2.1,2.1,47,281.04,280000,208000,17-Apr-17
OPTSTK,IDBI,27-Apr-17,75,CE,1.65,1.65,1.1,1.15,1.15,137,835.38,1504000,160000,17-Apr-17
OPTSTK,IDBI,27-Apr-17,77.5,CE,0.95,0.95,0.6,0.65,0.65,61,381.62,1128000,-64000,17-Apr-17
OPTSTK,IDBI,27-Apr-17,80,CE,0.75,0.75,0.4,0.45,0.45,200,1287.31,6360000,80000,17-Apr-17
OPTSTK,IDBI,27-Apr-17,82.5,CE,0.35,0.35,0.2,0.2,0.2,15,99.31,592000,0,17-Apr-17
OPTSTK,IDBI,27-Apr-17,85,CE,0.2,0.2,0.1,0.15,0.15,15,102.17,1192000,-72000,17-Apr-17
OPTSTK,IDBI,27-Apr-17,87.5,CE,0.05,0.05,0.05,0.05,0.05,1,7,176000,0,17-Apr-17
OPTSTK,IDBI,27-Apr-17,90,CE,0.1,0.1,0.1,0.1,0.1,1,7.2,640000,-8000,17-Apr-17
OPTSTK,IDBI,27-Apr-17,92.5,CE,0.05,0.05,0.05,0.05,0.05,3,22.21,56000,0,17-Apr-17
OPTSTK,IDBI,27-Apr-17,95,CE,0,0,0,0.05,0,0,0,32000,0,17-Apr-17
OPTSTK,IDBI,27-Apr-17,97.5,CE,0,0,0,0.65,0,0,0,8000,0,17-Apr-17
OPTSTK,IDBI,27-Apr-17,100,CE,0,0,0,0.65,0,0,0,8000,0,17-Apr-17
OPTSTK,IDBI,27-Apr-17,50,PE,0,0,0,0.05,0,0,0,0,0,17-Apr-17
OPTSTK,IDBI,27-Apr-17,52.5,PE,0,0,0,0.1,0,0,0,0,0,17-Apr-17
OPTSTK,IDBI,27-Apr-17,55,PE,0,0,0,0.15,0,0,0,0,0,17-Apr-17
OPTSTK,IDBI,27-Apr-17,57.5,PE,0,0,0,0.25,0,0,0,0,0,17-Apr-17
OPTSTK,IDBI,27-Apr-17,60,PE,0,0,0,0.4,0,0,0,0,0,17-Apr-17
OPTSTK,IDBI,27-Apr-17,62.5,PE,0,0,0,0.65,0,0,0,0,0,17-Apr-17
OPTSTK,IDBI,27-Apr-17,65,PE,0.1,0.1,0.1,0.1,0.1,2,10.41,168000,-8000,17-Apr-17
OPTSTK,IDBI,27-Apr-17,67.5,PE,0.2,0.3,0.2,0.3,0.3,6,32.52,248000,-8000,17-Apr-17
OPTSTK,IDBI,27-Apr-17,70,PE,0.6,0.9,0.6,0.7,0.7,42,237.52,1080000,0,17-Apr-17
OPTSTK,IDBI,27-Apr-17,72.5,PE,1.4,1.9,1.3,1.65,1.65,71,420.86,888000,80000,17-Apr-17
OPTSTK,IDBI,27-Apr-17,75,PE,2.65,3.2,2.65,3,3,19,118.39,1296000,-24000,17-Apr-17
OPTSTK,IDBI,27-Apr-17,77.5,PE,0,0,0,3.8,4.7,0,0,80000,0,17-Apr-17
OPTSTK,IDBI,27-Apr-17,80,PE,6.55,7.35,6.55,7.35,7.35,2,13.91,192000,-8000,17-Apr-17
OPTSTK,IDBI,27-Apr-17,82.5,PE,0,0,0,6.9,9.6,0,0,8000,0,17-Apr-17
OPTSTK,IDBI,27-Apr-17,85,PE,0,0,0,8.15,12.05,0,0,184000,0,17-Apr-17
OPTSTK,IDBI,27-Apr-17,87.5,PE,0,0,0,10.15,14.55,0,0,0,0,17-Apr-17
OPTSTK,IDBI,27-Apr-17,90,PE,0,0,0,14.8,17.05,0,0,96000,0,17-Apr-17
OPTSTK,IDBI,27-Apr-17,92.5,PE,0,0,0,13.7,19.55,0,0,0,0,17-Apr-17
OPTSTK,IDBI,27-Apr-17,95,PE,0,0,0,19.2,22.05,0,0,8000,0,17-Apr-17
OPTSTK,IDBI,27-Apr-17,97.5,PE,0,0,0,17.7,24.55,0,0,0,0,17-Apr-17
OPTSTK,IDBI,27-Apr-17,100,PE,0,0,0,24.4,27.05,0,0,8000,0,17-Apr-17
OPTSTK,IDBI,25-May-17,52.5,CE,0,0,0,30,20.65,0,0,0,0,17-Apr-17
OPTSTK,IDBI,25-May-17,55,CE,0,0,0,27.6,18.2,0,0,0,0,17-Apr-17
OPTSTK,IDBI,25-May-17,57.5,CE,0,0,0,25.15,15.7,0,0,0,0,17-Apr-17
OPTSTK,IDBI,25-May-17,60,CE,0,0,0,22.8,13.25,0,0,0,0,17-Apr-17
OPTSTK,IDBI,25-May-17,62.5,CE,0,0,0,20.5,10.8,0,0,0,0,17-Apr-17
OPTSTK,IDBI,25-May-17,65,CE,0,0,0,18.25,8.5,0,0,0,0,17-Apr-17
OPTSTK,IDBI,25-May-17,67.5,CE,0,0,0,16.1,6.35,0,0,0,0,17-Apr-17
OPTSTK,IDBI,25-May-17,70,CE,0,0,0,6.7,4.45,0,0,16000,0,17-Apr-17
OPTSTK,IDBI,25-May-17,72.5,CE,0,0,0,5.2,2.95,0,0,24000,0,17-Apr-17
OPTSTK,IDBI,25-May-17,75,CE,0,0,0,3.7,1.8,0,0,48000,0,17-Apr-17
OPTSTK,IDBI,25-May-17,77.5,CE,0,0,0,3.1,1.05,0,0,32000,0,17-Apr-17
OPTSTK,IDBI,25-May-17,80,CE,2,2,2,2,2,1,6.56,16000,8000,17-Apr-17
OPTSTK,IDBI,25-May-17,82.5,CE,0,0,0,6.1,0.3,0,0,0,0,17-Apr-17
OPTSTK,IDBI,25-May-17,85,CE,0,0,0,5.05,0.15,0,0,0,0,17-Apr-17
OPTSTK,IDBI,25-May-17,87.5,CE,0,0,0,4.1,0.05,0,0,0,0,17-Apr-17
OPTSTK,IDBI,25-May-17,90,CE,0,0,0,2,0.05,0,0,0,0,17-Apr-17
OPTSTK,IDBI,25-May-17,92.5,CE,0,0,0,2.65,0.05,0,0,0,0,17-Apr-17
OPTSTK,IDBI,25-May-17,95,CE,0,0,0,0.2,0,0,0,16000,0,17-Apr-17
OPTSTK,IDBI,25-May-17,97.5,CE,0,0,0,1.65,0,0,0,0,0,17-Apr-17
OPTSTK,IDBI,25-May-17,100,CE,0,0,0,1,0,0,0,0,0,17-Apr-17
OPTSTK,IDBI,25-May-17,52.5,PE,0,0,0,0.05,0,0,0,0,0,17-Apr-17
OPTSTK,IDBI,25-May-17,55,PE,0,0,0,0.05,0,0,0,0,0,17-Apr-17
OPTSTK,IDBI,25-May-17,57.5,PE,0,0,0,0.1,0,0,0,0,0,17-Apr-17
OPTSTK,IDBI,25-May-17,60,PE,0,0,0,0.2,0.05,0,0,0,0,17-Apr-17
OPTSTK,IDBI,25-May-17,62.5,PE,0,0,0,0.35,0.1,0,0,0,0,17-Apr-17
OPTSTK,IDBI,25-May-17,65,PE,0,0,0,0.55,0.25,0,0,0,0,17-Apr-17
OPTSTK,IDBI,25-May-17,67.5,PE,0,0,0,0.85,0.6,0,0,0,0,17-Apr-17
OPTSTK,IDBI,25-May-17,70,PE,1.95,1.95,1.95,1.95,1.95,1,5.75,8000,8000,17-Apr-17
OPTSTK,IDBI,25-May-17,72.5,PE,0,0,0,1.85,2.15,0,0,0,0,17-Apr-17
OPTSTK,IDBI,25-May-17,75,PE,0,0,0,3.4,3.5,0,0,8000,0,17-Apr-17
OPTSTK,IDBI,25-May-17,77.5,PE,0,0,0,3.45,5.25,0,0,0,0,17-Apr-17
OPTSTK,IDBI,25-May-17,80,PE,0,0,0,4.45,7.25,0,0,0,0,17-Apr-17
OPTSTK,IDBI,25-May-17,82.5,PE,0,0,0,5.7,9.45,0,0,0,0,17-Apr-17
OPTSTK,IDBI,25-May-17,85,PE,0,0,0,7.05,11.75,0,0,0,0,17-Apr-17
OPTSTK,IDBI,25-May-17,87.5,PE,0,0,0,8.55,14.2,0,0,0,0,17-Apr-17
OPTSTK,IDBI,25-May-17,90,PE,0,0,0,10.25,16.65,0,0,0,0,17-Apr-17
OPTSTK,IDBI,25-May-17,92.5,PE,0,0,0,12.05,19.1,0,0,0,0,17-Apr-17
OPTSTK,IDBI,25-May-17,95,PE,0,0,0,18.6,21.6,0,0,16000,0,17-Apr-17
OPTSTK,IDBI,25-May-17,97.5,PE,0,0,0,15.95,24.05,0,0,0,0,17-Apr-17
OPTSTK,IDBI,25-May-17,100,PE,0,0,0,18.05,26.55,0,0,0,0,17-Apr-17
OPTSTK,IDBI,29-Jun-17,52.5,CE,0,0,0,22.9,21,0,0,0,0,17-Apr-17
OPTSTK,IDBI,29-Jun-17,55,CE,0,0,0,20.45,18.55,0,0,0,0,17-Apr-17
OPTSTK,IDBI,29-Jun-17,57.5,CE,0,0,0,18.1,16.1,0,0,0,0,17-Apr-17
OPTSTK,IDBI,29-Jun-17,60,CE,0,0,0,15.75,13.75,0,0,0,0,17-Apr-17
OPTSTK,IDBI,29-Jun-17,62.5,CE,0,0,0,13.5,11.45,0,0,0,0,17-Apr-17
OPTSTK,IDBI,29-Jun-17,65,CE,0,0,0,11.35,9.3,0,0,0,0,17-Apr-17
OPTSTK,IDBI,29-Jun-17,67.5,CE,0,0,0,9.4,7.35,0,0,0,0,17-Apr-17
OPTSTK,IDBI,29-Jun-17,70,CE,0,0,0,7.6,5.6,0,0,0,0,17-Apr-17
OPTSTK,IDBI,29-Jun-17,72.5,CE,0,0,0,6.05,4.15,0,0,0,0,17-Apr-17
OPTSTK,IDBI,29-Jun-17,75,CE,0,0,0,4.7,2.95,0,0,0,0,17-Apr-17
OPTSTK,IDBI,29-Jun-17,77.5,CE,0,0,0,3.4,2.05,0,0,32000,0,17-Apr-17
OPTSTK,IDBI,29-Jun-17,80,CE,0,0,0,2.7,1.4,0,0,0,0,17-Apr-17
OPTSTK,IDBI,29-Jun-17,82.5,CE,0,0,0,2,0.9,0,0,0,0,17-Apr-17
OPTSTK,IDBI,29-Jun-17,85,CE,0,0,0,1.45,0.6,0,0,0,0,17-Apr-17
OPTSTK,IDBI,29-Jun-17,87.5,CE,0,0,0,1,0.35,0,0,0,0,17-Apr-17
OPTSTK,IDBI,29-Jun-17,90,CE,0,0,0,0.7,0.2,0,0,0,0,17-Apr-17
OPTSTK,IDBI,29-Jun-17,92.5,CE,0,0,0,0.5,0.15,0,0,0,0,17-Apr-17
OPTSTK,IDBI,29-Jun-17,95,CE,0,0,0,0.35,0.1,0,0,0,0,17-Apr-17
OPTSTK,IDBI,29-Jun-17,97.5,CE,0,0,0,0.25,0.05,0,0,0,0,17-Apr-17
OPTSTK,IDBI,29-Jun-17,100,CE,0,0,0,0.15,0.05,0,0,0,0,17-Apr-17
OPTSTK,IDBI,29-Jun-17,52.5,PE,0,0,0,0.05,0.05,0,0,0,0,17-Apr-17
OPTSTK,IDBI,29-Jun-17,55,PE,0,0,0,0.05,0.05,0,0,0,0,17-Apr-17
OPTSTK,IDBI,29-Jun-17,57.5,PE,0,0,0,0.15,0.1,0,0,0,0,17-Apr-17
OPTSTK,IDBI,29-Jun-17,60,PE,0,0,0,0.25,0.15,0,0,0,0,17-Apr-17
OPTSTK,IDBI,29-Jun-17,62.5,PE,0,0,0,0.45,0.35,0,0,0,0,17-Apr-17
OPTSTK,IDBI,29-Jun-17,65,PE,0,0,0,0.8,0.65,0,0,0,0,17-Apr-17
OPTSTK,IDBI,29-Jun-17,67.5,PE,0,0,0,1.3,1.15,0,0,0,0,17-Apr-17
OPTSTK,IDBI,29-Jun-17,70,PE,0,0,0,1.95,1.9,0,0,0,0,17-Apr-17
OPTSTK,IDBI,29-Jun-17,72.5,PE,0,0,0,2.85,2.9,0,0,0,0,17-Apr-17
OPTSTK,IDBI,29-Jun-17,75,PE,0,0,0,4,4.2,0,0,0,0,17-Apr-17
OPTSTK,IDBI,29-Jun-17,77.5,PE,0,0,0,5.3,5.75,0,0,0,0,17-Apr-17
OPTSTK,IDBI,29-Jun-17,80,PE,0,0,0,6.9,7.55,0,0,0,0,17-Apr-17
OPTSTK,IDBI,29-Jun-17,82.5,PE,0,0,0,8.6,9.55,0,0,0,0,17-Apr-17
OPTSTK,IDBI,29-Jun-17,85,PE,0,0,0,10.55,11.7,0,0,0,0,17-Apr-17
OPTSTK,IDBI,29-Jun-17,87.5,PE,0,0,0,12.6,13.95,0,0,0,0,17-Apr-17
OPTSTK,IDBI,29-Jun-17,90,PE,0,0,0,14.75,16.25,0,0,0,0,17-Apr-17
OPTSTK,IDBI,29-Jun-17,92.5,PE,0,0,0,16.95,18.65,0,0,0,0,17-Apr-17
OPTSTK,IDBI,29-Jun-17,95,PE,0,0,0,19.25,21.05,0,0,0,0,17-Apr-17
OPTSTK,IDBI,29-Jun-17,97.5,PE,0,0,0,21.6,23.5,0,0,0,0,17-Apr-17
OPTSTK,IDBI,29-Jun-17,100,PE,0,0,0,24,25.95,0,0,0,0,17-Apr-17
OPTSTK,IDEA,27-Apr-17,50,CE,0,0,0,27.1,36.15,0,0,0,0,17-Apr-17
OPTSTK,IDEA,27-Apr-17,52.5,CE,0,0,0,24.75,33.65,0,0,0,0,17-Apr-17
OPTSTK,IDEA,27-Apr-17,55,CE,0,0,0,22.45,31.15,0,0,0,0,17-Apr-17
OPTSTK,IDEA,27-Apr-17,57.5,CE,0,0,0,20.2,28.65,0,0,0,0,17-Apr-17
OPTSTK,IDEA,27-Apr-17,60,CE,0,0,0,18.05,26.15,0,0,0,0,17-Apr-17
OPTSTK,IDEA,27-Apr-17,62.5,CE,0,0,0,16,23.7,0,0,0,0,17-Apr-17
OPTSTK,IDEA,27-Apr-17,65,CE,0,0,0,14.1,21.2,0,0,0,0,17-Apr-17
OPTSTK,IDEA,27-Apr-17,67.5,CE,0,0,0,12.3,18.7,0,0,0,0,17-Apr-17
OPTSTK,IDEA,27-Apr-17,70,CE,0,0,0,17.2,16.25,0,0,7000,0,17-Apr-17
OPTSTK,IDEA,27-Apr-17,72.5,CE,0,0,0,15.25,13.8,0,0,7000,0,17-Apr-17
OPTSTK,IDEA,27-Apr-17,75,CE,11.55,11.55,11.55,11.55,11.55,2,12.11,14000,14000,17-Apr-17
OPTSTK,IDEA,27-Apr-17,77.5,CE,0,0,0,6.65,9.2,0,0,0,0,17-Apr-17
OPTSTK,IDEA,27-Apr-17,80,CE,6.7,6.7,6.7,6.7,6.7,2,12.13,70000,14000,17-Apr-17
OPTSTK,IDEA,27-Apr-17,82.5,CE,0,0,0,5.1,5.35,0,0,70000,0,17-Apr-17
OPTSTK,IDEA,27-Apr-17,85,CE,2.65,2.7,2,2.5,2.5,292,1783.84,945000,28000,17-Apr-17
OPTSTK,IDEA,27-Apr-17,87.5,CE,1.55,1.65,1.05,1.3,1.3,247,1533.84,1596000,343000,17-Apr-17
OPTSTK,IDEA,27-Apr-17,90,CE,0.9,0.95,0.55,0.7,0.7,755,4792.06,7966000,168000,17-Apr-17
OPTSTK,IDEA,27-Apr-17,92.5,CE,0.5,0.5,0.3,0.4,0.4,41,266.58,875000,-42000,17-Apr-17
OPTSTK,IDEA,27-Apr-17,95,CE,0.35,0.35,0.2,0.3,0.3,734,4894.63,3969000,-833000,17-Apr-17
OPTSTK,IDEA,27-Apr-17,97.5,CE,0.2,0.2,0.15,0.2,0.2,14,95.74,476000,-14000,17-Apr-17
OPTSTK,IDEA,27-Apr-17,100,CE,0.2,0.2,0.1,0.15,0.15,149,1044.55,5929000,0,17-Apr-17
OPTSTK,IDEA,27-Apr-17,102.5,CE,0.15,0.15,0.1,0.1,0.1,3,21.54,322000,-7000,17-Apr-17
OPTSTK,IDEA,27-Apr-17,105,CE,0.1,0.1,0.05,0.1,0.1,72,529.55,1904000,84000,17-Apr-17
OPTSTK,IDEA,27-Apr-17,107.5,CE,0.1,0.1,0.1,0.1,0.1,1,7.53,231000,0,17-Apr-17
OPTSTK,IDEA,27-Apr-17,110,CE,0.05,0.1,0.05,0.05,0.05,11,84.74,3486000,-49000,17-Apr-17
OPTSTK,IDEA,27-Apr-17,112.5,CE,0,0,0,0.1,0.05,0,0,280000,0,17-Apr-17
OPTSTK,IDEA,27-Apr-17,115,CE,0.05,0.1,0.05,0.1,0.1,10,80.53,1141000,-56000,17-Apr-17
OPTSTK,IDEA,27-Apr-17,117.5,CE,0,0,0,0.05,0,0,0,7000,0,17-Apr-17
OPTSTK,IDEA,27-Apr-17,120,CE,0.05,0.05,0.05,0.05,0.05,100,840.35,3052000,-28000,17-Apr-17
OPTSTK,IDEA,27-Apr-17,122.5,CE,0,0,0,0.75,0,0,0,7000,0,17-Apr-17
OPTSTK,IDEA,27-Apr-17,125,CE,0.05,0.05,0.05,0.05,0.05,1,8.75,91000,0,17-Apr-17
OPTSTK,IDEA,27-Apr-17,127.5,CE,0,0,0,0.1,0,0,0,14000,0,17-Apr-17
OPTSTK,IDEA,27-Apr-17,130,CE,0.05,0.05,0.05,0.05,0.05,2,18.2,805000,-14000,17-Apr-17
OPTSTK,IDEA,27-Apr-17,132.5,CE,0,0,0,11.8,0,0,0,0,0,17-Apr-17
OPTSTK,IDEA,27-Apr-17,135,CE,0,0,0,0.05,0,0,0,35000,0,17-Apr-17
OPTSTK,IDEA,27-Apr-17,137.5,CE,0,0,0,0.05,0,0,0,7000,0,17-Apr-17
OPTSTK,IDEA,27-Apr-17,50,PE,0,0,0,0.15,0,0,0,0,0,17-Apr-17
OPTSTK,IDEA,27-Apr-17,52.5,PE,0,0,0,0.25,0,0,0,0,0,17-Apr-17
OPTSTK,IDEA,27-Apr-17,55,PE,0,0,0,0.4,0,0,0,0,0,17-Apr-17
OPTSTK,IDEA,27-Apr-17,57.5,PE,0,0,0,0.6,0,0,0,0,0,17-Apr-17
OPTSTK,IDEA,27-Apr-17,60,PE,0,0,0,0.9,0,0,0,0,0,17-Apr-17
OPTSTK,IDEA,27-Apr-17,62.5,PE,0,0,0,0.25,0,0,0,35000,0,17-Apr-17
OPTSTK,IDEA,27-Apr-17,65,PE,0,0,0,0.05,0,0,0,357000,0,17-Apr-17
OPTSTK,IDEA,27-Apr-17,67.5,PE,0,0,0,0.05,0.05,0,0,35000,0,17-Apr-17
OPTSTK,IDEA,27-Apr-17,70,PE,0.05,0.1,0.05,0.1,0.1,25,122.67,1631000,-77000,17-Apr-17
OPTSTK,IDEA,27-Apr-17,72.5,PE,0.15,0.15,0.15,0.15,0.15,2,10.17,322000,14000,17-Apr-17
OPTSTK,IDEA,27-Apr-17,75,PE,0.2,0.25,0.2,0.2,0.2,27,142.15,1057000,0,17-Apr-17
OPTSTK,IDEA,27-Apr-17,77.5,PE,0.4,0.4,0.3,0.3,0.3,8,43.61,343000,49000,17-Apr-17
OPTSTK,IDEA,27-Apr-17,80,PE,0.5,0.55,0.4,0.4,0.4,146,822.65,2429000,-168000,17-Apr-17
OPTSTK,IDEA,27-Apr-17,82.5,PE,0.9,1,0.75,0.75,0.75,13,75.88,483000,-7000,17-Apr-17
OPTSTK,IDEA,27-Apr-17,85,PE,1.7,1.95,1.3,1.45,1.45,252,1528.77,2737000,35000,17-Apr-17
OPTSTK,IDEA,27-Apr-17,87.5,PE,3,3.35,2.55,2.75,2.75,21,132.92,637000,-63000,17-Apr-17
OPTSTK,IDEA,27-Apr-17,90,PE,4.45,5.3,4.3,4.3,4.3,28,186.12,2114000,-7000,17-Apr-17
OPTSTK,IDEA,27-Apr-17,92.5,PE,6.45,6.45,6.45,6.45,6.45,1,6.92,126000,0,17-Apr-17
OPTSTK,IDEA,27-Apr-17,95,PE,9.55,9.6,9.1,9.1,9.1,7,51.17,392000,-42000,17-Apr-17
OPTSTK,IDEA,27-Apr-17,97.5,PE,11.25,11.25,11.25,11.25,11.25,2,15.22,21000,0,17-Apr-17
OPTSTK,IDEA,27-Apr-17,100,PE,14,14.5,13.75,13.75,13.75,10,79.83,1267000,7000,17-Apr-17
OPTSTK,IDEA,27-Apr-17,102.5,PE,0,0,0,12.8,16.4,0,0,14000,0,17-Apr-17
OPTSTK,IDEA,27-Apr-17,105,PE,0,0,0,18.05,18.85,0,0,70000,0,17-Apr-17
OPTSTK,IDEA,27-Apr-17,107.5,PE,0,0,0,30.2,21.3,0,0,0,0,17-Apr-17
OPTSTK,IDEA,27-Apr-17,110,PE,23.5,23.5,23.5,23.5,23.5,2,18.69,161000,0,17-Apr-17
OPTSTK,IDEA,27-Apr-17,112.5,PE,0,0,0,33.2,26.3,0,0,0,0,17-Apr-17
OPTSTK,IDEA,27-Apr-17,115,PE,0,0,0,26.7,28.75,0,0,98000,0,17-Apr-17
OPTSTK,IDEA,27-Apr-17,117.5,PE,0,0,0,33.35,31.25,0,0,0,0,17-Apr-17
OPTSTK,IDEA,27-Apr-17,120,PE,0,0,0,33.3,33.75,0,0,56000,0,17-Apr-17
OPTSTK,IDEA,27-Apr-17,122.5,PE,0,0,0,36.95,36.25,0,0,0,0,17-Apr-17
OPTSTK,IDEA,27-Apr-17,125,PE,0,0,0,38.8,38.75,0,0,0,0,17-Apr-17
OPTSTK,IDEA,27-Apr-17,127.5,PE,0,0,0,40.7,41.25,0,0,0,0,17-Apr-17
OPTSTK,IDEA,27-Apr-17,130,PE,0,0,0,42.6,43.75,0,0,0,0,17-Apr-17
OPTSTK,IDEA,27-Apr-17,132.5,PE,0,0,0,44.5,46.25,0,0,0,0,17-Apr-17
OPTSTK,IDEA,27-Apr-17,135,PE,0,0,0,41.45,48.75,0,0,0,0,17-Apr-17
OPTSTK,IDEA,27-Apr-17,137.5,PE,0,0,0,43.25,51.25,0,0,0,0,17-Apr-17
OPTSTK,IDEA,25-May-17,60,CE,0,0,0,35.15,26.6,0,0,0,0,17-Apr-17
OPTSTK,IDEA,25-May-17,65,CE,0,0,0,35.35,21.85,0,0,0,0,17-Apr-17
OPTSTK,IDEA,25-May-17,70,CE,0,0,0,38.4,17.4,0,0,0,0,17-Apr-17
OPTSTK,IDEA,25-May-17,72.5,CE,0,0,0,38.65,15.35,0,0,0,0,17-Apr-17
OPTSTK,IDEA,25-May-17,75,CE,0,0,0,38.4,13.4,0,0,0,0,17-Apr-17
OPTSTK,IDEA,25-May-17,77.5,CE,0,0,0,39.75,11.6,0,0,0,0,17-Apr-17
OPTSTK,IDEA,25-May-17,80,CE,0,0,0,39.6,9.95,0,0,0,0,17-Apr-17
OPTSTK,IDEA,25-May-17,82.5,CE,0,0,0,37.75,8.45,0,0,0,0,17-Apr-17
OPTSTK,IDEA,25-May-17,85,CE,4.5,4.5,4.5,4.5,4.5,3,18.79,14000,14000,17-Apr-17
OPTSTK,IDEA,25-May-17,87.5,CE,0,0,0,38.5,5.95,0,0,0,0,17-Apr-17
OPTSTK,IDEA,25-May-17,90,CE,2.3,2.3,2.3,2.3,2.3,2,12.92,21000,0,17-Apr-17
OPTSTK,IDEA,25-May-17,92.5,CE,0,0,0,3.3,4.05,0,0,14000,0,17-Apr-17
OPTSTK,IDEA,25-May-17,95,CE,0,0,0,2.9,3.3,0,0,14000,0,17-Apr-17
OPTSTK,IDEA,25-May-17,97.5,CE,0,0,0,31.85,2.65,0,0,0,0,17-Apr-17
OPTSTK,IDEA,25-May-17,100,CE,0.9,1,0.65,0.75,0.75,10,70.55,77000,56000,17-Apr-17
OPTSTK,IDEA,25-May-17,102.5,CE,0,0,0,28.9,1.7,0,0,0,0,17-Apr-17
OPTSTK,IDEA,25-May-17,105,CE,0,0,0,27.45,1.35,0,0,0,0,17-Apr-17
OPTSTK,IDEA,25-May-17,107.5,CE,0,0,0,26.15,1.05,0,0,0,0,17-Apr-17
OPTSTK,IDEA,25-May-17,110,CE,0,0,0,0.9,0.85,0,0,7000,0,17-Apr-17
OPTSTK,IDEA,25-May-17,112.5,CE,0,0,0,23.6,0.65,0,0,0,0,17-Apr-17
OPTSTK,IDEA,25-May-17,115,CE,0,0,0,22.4,0.5,0,0,0,0,17-Apr-17
OPTSTK,IDEA,25-May-17,117.5,CE,0,0,0,21.3,0.4,0,0,0,0,17-Apr-17
OPTSTK,IDEA,25-May-17,120,CE,0.5,0.5,0.5,0.5,0.5,1,8.43,7000,7000,17-Apr-17
OPTSTK,IDEA,25-May-17,122.5,CE,0,0,0,19.15,0.25,0,0,0,0,17-Apr-17
OPTSTK,IDEA,25-May-17,125,CE,0,0,0,18.2,0.2,0,0,0,0,17-Apr-17
OPTSTK,IDEA,25-May-17,127.5,CE,0,0,0,17.25,0.15,0,0,0,0,17-Apr-17
OPTSTK,IDEA,25-May-17,130,CE,0,0,0,16.35,0.1,0,0,0,0,17-Apr-17
OPTSTK,IDEA,25-May-17,132.5,CE,0,0,0,15.5,0.1,0,0,0,0,17-Apr-17
OPTSTK,IDEA,25-May-17,135,CE,0,0,0,14.65,0.05,0,0,0,0,17-Apr-17
OPTSTK,IDEA,25-May-17,137.5,CE,0,0,0,13.9,0.05,0,0,0,0,17-Apr-17
OPTSTK,IDEA,25-May-17,60,PE,0,0,0,1.5,0.15,0,0,0,0,17-Apr-17
OPTSTK,IDEA,25-May-17,65,PE,0,0,0,1.9,0.35,0,0,0,0,17-Apr-17
OPTSTK,IDEA,25-May-17,70,PE,0,0,0,1.25,0.9,0,0,0,0,17-Apr-17
OPTSTK,IDEA,25-May-17,72.5,PE,0,0,0,1.5,1.3,0,0,0,0,17-Apr-17
OPTSTK,IDEA,25-May-17,75,PE,1,1,1,1,1,1,5.32,7000,7000,17-Apr-17
OPTSTK,IDEA,25-May-17,77.5,PE,0,0,0,2.85,2.5,0,0,0,0,17-Apr-17
OPTSTK,IDEA,25-May-17,80,PE,1.5,1.5,1.5,1.5,1.5,1,5.7,7000,0,17-Apr-17
OPTSTK,IDEA,25-May-17,82.5,PE,0,0,0,4.4,4.35,0,0,0,0,17-Apr-17
OPTSTK,IDEA,25-May-17,85,PE,3.6,3.7,3.05,3.05,3.05,4,24.76,28000,28000,17-Apr-17
OPTSTK,IDEA,25-May-17,87.5,PE,0,0,0,5.05,6.8,0,0,0,0,17-Apr-17
OPTSTK,IDEA,25-May-17,90,PE,6.4,6.5,6.4,6.5,6.5,4,27.01,42000,28000,17-Apr-17
OPTSTK,IDEA,25-May-17,92.5,PE,0,0,0,6.5,9.85,0,0,0,0,17-Apr-17
OPTSTK,IDEA,25-May-17,95,PE,10,10.5,10,10.5,10.5,3,22.08,21000,21000,17-Apr-17
OPTSTK,IDEA,25-May-17,97.5,PE,0,0,0,8.25,13.45,0,0,0,0,17-Apr-17
OPTSTK,IDEA,25-May-17,100,PE,0,0,0,9.15,15.4,0,0,0,0,17-Apr-17
OPTSTK,IDEA,25-May-17,102.5,PE,0,0,0,10.15,17.45,0,0,0,0,17-Apr-17
OPTSTK,IDEA,25-May-17,105,PE,0,0,0,11.25,19.6,0,0,0,0,17-Apr-17
OPTSTK,IDEA,25-May-17,107.5,PE,0,0,0,12.35,21.8,0,0,0,0,17-Apr-17
OPTSTK,IDEA,25-May-17,110,PE,0,0,0,13.5,24.05,0,0,0,0,17-Apr-17
OPTSTK,IDEA,25-May-17,112.5,PE,0,0,0,14.75,26.35,0,0,0,0,17-Apr-17
OPTSTK,IDEA,25-May-17,115,PE,0,0,0,16,28.7,0,0,0,0,17-Apr-17
OPTSTK,IDEA,25-May-17,117.5,PE,0,0,0,17.35,31.05,0,0,0,0,17-Apr-17
OPTSTK,IDEA,25-May-17,120,PE,0,0,0,18.7,33.45,0,0,0,0,17-Apr-17
OPTSTK,IDEA,25-May-17,122.5,PE,0,0,0,20.15,35.85,0,0,0,0,17-Apr-17
OPTSTK,IDEA,25-May-17,125,PE,0,0,0,21.6,38.3,0,0,0,0,17-Apr-17
OPTSTK,IDEA,25-May-17,127.5,PE,0,0,0,23.15,40.75,0,0,0,0,17-Apr-17
OPTSTK,IDEA,25-May-17,130,PE,0,0,0,24.7,43.2,0,0,0,0,17-Apr-17
OPTSTK,IDEA,25-May-17,132.5,PE,0,0,0,26.3,45.65,0,0,0,0,17-Apr-17
OPTSTK,IDEA,25-May-17,135,PE,0,0,0,27.95,48.1,0,0,0,0,17-Apr-17
OPTSTK,IDEA,25-May-17,137.5,PE,0,0,0,29.65,50.6,0,0,0,0,17-Apr-17
OPTSTK,IDEA,29-Jun-17,60,CE,0,0,0,30,27.4,0,0,0,0,17-Apr-17
OPTSTK,IDEA,29-Jun-17,65,CE,0,0,0,26.15,23.1,0,0,0,0,17-Apr-17
OPTSTK,IDEA,29-Jun-17,70,CE,0,0,0,22.65,19.1,0,0,0,0,17-Apr-17
OPTSTK,IDEA,29-Jun-17,75,CE,0,0,0,19.5,15.5,0,0,0,0,17-Apr-17
OPTSTK,IDEA,29-Jun-17,80,CE,0,0,0,16.7,12.4,0,0,0,0,17-Apr-17
OPTSTK,IDEA,29-Jun-17,85,CE,0,0,0,14.25,9.75,0,0,0,0,17-Apr-17
OPTSTK,IDEA,29-Jun-17,90,CE,0,0,0,12.05,7.55,0,0,0,0,17-Apr-17
OPTSTK,IDEA,29-Jun-17,95,CE,0,0,0,10.2,5.8,0,0,0,0,17-Apr-17
OPTSTK,IDEA,29-Jun-17,100,CE,0,0,0,8.6,4.35,0,0,0,0,17-Apr-17
OPTSTK,IDEA,29-Jun-17,105,CE,0,0,0,7.2,3.25,0,0,0,0,17-Apr-17
OPTSTK,IDEA,29-Jun-17,110,CE,0,0,0,6.05,2.45,0,0,0,0,17-Apr-17
OPTSTK,IDEA,29-Jun-17,115,CE,0,0,0,5.05,1.8,0,0,0,0,17-Apr-17
OPTSTK,IDEA,29-Jun-17,120,CE,0,0,0,4.2,1.3,0,0,0,0,17-Apr-17
OPTSTK,IDEA,29-Jun-17,125,CE,0,0,0,3.5,0.95,0,0,0,0,17-Apr-17
OPTSTK,IDEA,29-Jun-17,130,CE,0,0,0,2.95,0.7,0,0,0,0,17-Apr-17
OPTSTK,IDEA,29-Jun-17,135,CE,0,0,0,2.45,0.5,0,0,0,0,17-Apr-17
OPTSTK,IDEA,29-Jun-17,60,PE,0,0,0,1.95,0.6,0,0,0,0,17-Apr-17
OPTSTK,IDEA,29-Jun-17,65,PE,0,0,0,3.05,1.2,0,0,0,0,17-Apr-17
OPTSTK,IDEA,29-Jun-17,70,PE,0,0,0,4.45,2.15,0,0,0,0,17-Apr-17
OPTSTK,IDEA,29-Jun-17,75,PE,0,0,0,6.25,3.5,0,0,0,0,17-Apr-17
OPTSTK,IDEA,29-Jun-17,80,PE,0,0,0,8.35,5.3,0,0,0,0,17-Apr-17
OPTSTK,IDEA,29-Jun-17,85,PE,0,0,0,10.8,7.6,0,0,0,0,17-Apr-17
OPTSTK,IDEA,29-Jun-17,90,PE,0,0,0,13.55,10.35,0,0,0,0,17-Apr-17
OPTSTK,IDEA,29-Jun-17,95,PE,0,0,0,16.55,13.5,0,0,0,0,17-Apr-17
OPTSTK,IDEA,29-Jun-17,100,PE,0,0,0,19.9,17.05,0,0,0,0,17-Apr-17
OPTSTK,IDEA,29-Jun-17,105,PE,0,0,0,23.4,20.85,0,0,0,0,17-Apr-17
OPTSTK,IDEA,29-Jun-17,110,PE,0,0,0,27.2,24.95,0,0,0,0,17-Apr-17
OPTSTK,IDEA,29-Jun-17,115,PE,0,0,0,31.1,29.25,0,0,0,0,17-Apr-17
OPTSTK,IDEA,29-Jun-17,120,PE,0,0,0,35.2,33.7,0,0,0,0,17-Apr-17
OPTSTK,IDEA,29-Jun-17,125,PE,0,0,0,39.4,38.3,0,0,0,0,17-Apr-17
OPTSTK,IDEA,29-Jun-17,130,PE,0,0,0,43.75,42.95,0,0,0,0,17-Apr-17
OPTSTK,IDEA,29-Jun-17,135,PE,0,0,0,48.15,47.7,0,0,0,0,17-Apr-17
OPTSTK,IDFC,27-Apr-17,37.5,CE,0,0,0,22.35,20.65,0,0,0,0,17-Apr-17
OPTSTK,IDFC,27-Apr-17,40,CE,0,0,0,19.95,18.15,0,0,0,0,17-Apr-17
OPTSTK,IDFC,27-Apr-17,42.5,CE,0,0,0,17.55,15.65,0,0,0,0,17-Apr-17
OPTSTK,IDFC,27-Apr-17,45,CE,0,0,0,15.25,13.15,0,0,0,0,17-Apr-17
OPTSTK,IDFC,27-Apr-17,47.5,CE,0,0,0,13.05,10.65,0,0,0,0,17-Apr-17
OPTSTK,IDFC,27-Apr-17,50,CE,8,9,8,9,9,5,38.54,198000,-13200,17-Apr-17
OPTSTK,IDFC,27-Apr-17,52.5,CE,6,6,6,6,6,4,30.88,448800,-52800,17-Apr-17
OPTSTK,IDFC,27-Apr-17,55,CE,4.2,4.2,3.7,3.7,3.7,2,15.56,1003200,-13200,17-Apr-17
OPTSTK,IDFC,27-Apr-17,57.5,CE,1.7,2.25,1.6,1.8,1.8,43,336.7,2468400,52800,17-Apr-17
OPTSTK,IDFC,27-Apr-17,60,CE,0.7,1.2,0.7,0.95,0.95,105,845.33,5398800,303600,17-Apr-17
OPTSTK,IDFC,27-Apr-17,62.5,CE,0.4,0.55,0.3,0.4,0.4,40,332.38,1663200,-39600,17-Apr-17
OPTSTK,IDFC,27-Apr-17,65,CE,0.15,0.25,0.15,0.2,0.2,44,378.62,3049200,-52800,17-Apr-17
OPTSTK,IDFC,27-Apr-17,67.5,CE,0,0,0,0.15,0,0,0,132000,0,17-Apr-17
OPTSTK,IDFC,27-Apr-17,70,CE,0,0,0,0.05,0,0,0,646800,0,17-Apr-17
OPTSTK,IDFC,27-Apr-17,72.5,CE,0,0,0,0.05,0,0,0,13200,0,17-Apr-17
OPTSTK,IDFC,27-Apr-17,75,CE,0,0,0,0.85,0,0,0,0,0,17-Apr-17
OPTSTK,IDFC,27-Apr-17,77.5,CE,0,0,0,0.6,0,0,0,0,0,17-Apr-17
OPTSTK,IDFC,27-Apr-17,80,CE,0,0,0,0.45,0,0,0,0,0,17-Apr-17
OPTSTK,IDFC,27-Apr-17,37.5,PE,0,0,0,0.05,0,0,0,0,0,17-Apr-17
OPTSTK,IDFC,27-Apr-17,40,PE,0,0,0,0.1,0,0,0,0,0,17-Apr-17
OPTSTK,IDFC,27-Apr-17,42.5,PE,0,0,0,0.25,0,0,0,13200,0,17-Apr-17
OPTSTK,IDFC,27-Apr-17,45,PE,0,0,0,0.05,0,0,0,52800,0,17-Apr-17
OPTSTK,IDFC,27-Apr-17,47.5,PE,0,0,0,0.05,0,0,0,145200,0,17-Apr-17
OPTSTK,IDFC,27-Apr-17,50,PE,0,0,0,0.05,0,0,0,752400,0,17-Apr-17
OPTSTK,IDFC,27-Apr-17,52.5,PE,0.1,0.1,0.05,0.05,0.05,7,48.58,792000,-39600,17-Apr-17
OPTSTK,IDFC,27-Apr-17,55,PE,0.3,0.35,0.2,0.25,0.25,41,299.01,1491600,-39600,17-Apr-17
OPTSTK,IDFC,27-Apr-17,57.5,PE,1.1,1.1,0.8,1.05,1.05,35,269.88,1082400,79200,17-Apr-17
OPTSTK,IDFC,27-Apr-17,60,PE,2.1,2.5,2.05,2.5,2.5,8,65.69,607200,66000,17-Apr-17
OPTSTK,IDFC,27-Apr-17,62.5,PE,0,0,0,4.6,4.45,0,0,52800,0,17-Apr-17
OPTSTK,IDFC,27-Apr-17,65,PE,0,0,0,7.2,6.85,0,0,66000,0,17-Apr-17
OPTSTK,IDFC,27-Apr-17,67.5,PE,0,0,0,9.3,9.35,0,0,0,0,17-Apr-17
OPTSTK,IDFC,27-Apr-17,70,PE,0,0,0,12.6,11.85,0,0,382800,0,17-Apr-17
OPTSTK,IDFC,27-Apr-17,72.5,PE,0,0,0,13.25,14.35,0,0,0,0,17-Apr-17
OPTSTK,IDFC,27-Apr-17,75,PE,0,0,0,15.4,16.85,0,0,0,0,17-Apr-17
OPTSTK,IDFC,27-Apr-17,77.5,PE,0,0,0,17.65,19.35,0,0,0,0,17-Apr-17
OPTSTK,IDFC,27-Apr-17,80,PE,0,0,0,19.95,21.85,0,0,0,0,17-Apr-17
OPTSTK,IDFC,25-May-17,37.5,CE,0,0,0,16,20.8,0,0,0,0,17-Apr-17
OPTSTK,IDFC,25-May-17,40,CE,0,0,0,13.65,18.35,0,0,0,0,17-Apr-17
OPTSTK,IDFC,25-May-17,42.5,CE,0,0,0,11.4,15.85,0,0,0,0,17-Apr-17
OPTSTK,IDFC,25-May-17,45,CE,0,0,0,9.25,13.4,0,0,0,0,17-Apr-17
OPTSTK,IDFC,25-May-17,47.5,CE,0,0,0,7.35,10.9,0,0,0,0,17-Apr-17
OPTSTK,IDFC,25-May-17,50,CE,0,0,0,5.65,8.5,0,0,0,0,17-Apr-17
OPTSTK,IDFC,25-May-17,52.5,CE,0,0,0,4.25,6.25,0,0,0,0,17-Apr-17
OPTSTK,IDFC,25-May-17,55,CE,5.5,5.5,5.25,5.25,5.25,7,55.83,66000,66000,17-Apr-17
OPTSTK,IDFC,25-May-17,57.5,CE,0,0,0,2.25,2.65,0,0,0,0,17-Apr-17
OPTSTK,IDFC,25-May-17,60,CE,2.3,2.3,2,2,2,11,90.13,224400,66000,17-Apr-17
OPTSTK,IDFC,25-May-17,62.5,CE,0,0,0,1.05,0.8,0,0,0,0,17-Apr-17
OPTSTK,IDFC,25-May-17,65,CE,0,0,0,0.7,0.4,0,0,0,0,17-Apr-17
OPTSTK,IDFC,25-May-17,67.5,CE,0,0,0,0.5,0.15,0,0,0,0,17-Apr-17
OPTSTK,IDFC,25-May-17,70,CE,0,0,0,0.3,0.1,0,0,0,0,17-Apr-17
OPTSTK,IDFC,25-May-17,72.5,CE,0,0,0,0.2,0.05,0,0,0,0,17-Apr-17
OPTSTK,IDFC,25-May-17,75,CE,0,0,0,0.15,0.05,0,0,0,0,17-Apr-17
OPTSTK,IDFC,25-May-17,77.5,CE,0,0,0,0.1,0,0,0,0,0,17-Apr-17
OPTSTK,IDFC,25-May-17,37.5,PE,0,0,0,0.1,0,0,0,0,0,17-Apr-17
OPTSTK,IDFC,25-May-17,40,PE,0,0,0,0.15,0,0,0,0,0,17-Apr-17
OPTSTK,IDFC,25-May-17,42.5,PE,0,0,0,0.35,0,0,0,0,0,17-Apr-17
OPTSTK,IDFC,25-May-17,45,PE,0,0,0,0.7,0,0,0,0,0,17-Apr-17
OPTSTK,IDFC,25-May-17,47.5,PE,0,0,0,1.25,0.05,0,0,0,0,17-Apr-17
OPTSTK,IDFC,25-May-17,50,PE,0,0,0,2.05,0.1,0,0,0,0,17-Apr-17
OPTSTK,IDFC,25-May-17,52.5,PE,0,0,0,0.6,0.35,0,0,26400,0,17-Apr-17
OPTSTK,IDFC,25-May-17,55,PE,0,0,0,1.1,0.85,0,0,92400,0,17-Apr-17
OPTSTK,IDFC,25-May-17,57.5,PE,0,0,0,2,1.7,0,0,66000,0,17-Apr-17
OPTSTK,IDFC,25-May-17,60,PE,3.25,3.75,2.9,3.75,3.75,9,75.07,158400,105600,17-Apr-17
OPTSTK,IDFC,25-May-17,62.5,PE,0,0,0,9.75,4.8,0,0,0,0,17-Apr-17
OPTSTK,IDFC,25-May-17,65,PE,0,0,0,11.85,6.9,0,0,0,0,17-Apr-17
OPTSTK,IDFC,25-May-17,67.5,PE,0,0,0,14.05,9.15,0,0,0,0,17-Apr-17
OPTSTK,IDFC,25-May-17,70,PE,0,0,0,16.35,11.55,0,0,0,0,17-Apr-17
OPTSTK,IDFC,25-May-17,72.5,PE,0,0,0,18.7,14,0,0,0,0,17-Apr-17
OPTSTK,IDFC,25-May-17,75,PE,0,0,0,21.1,16.45,0,0,0,0,17-Apr-17
OPTSTK,IDFC,25-May-17,77.5,PE,0,0,0,23.5,18.95,0,0,0,0,17-Apr-17
OPTSTK,IDFC,29-Jun-17,37.5,CE,0,0,0,17.65,21.05,0,0,0,0,17-Apr-17
OPTSTK,IDFC,29-Jun-17,40,CE,0,0,0,15.2,18.6,0,0,0,0,17-Apr-17
OPTSTK,IDFC,29-Jun-17,42.5,CE,0,0,0,12.8,16.15,0,0,0,0,17-Apr-17
OPTSTK,IDFC,29-Jun-17,45,CE,0,0,0,10.5,13.7,0,0,0,0,17-Apr-17
OPTSTK,IDFC,29-Jun-17,47.5,CE,0,0,0,8.35,11.3,0,0,0,0,17-Apr-17
OPTSTK,IDFC,29-Jun-17,50,CE,0,0,0,6.45,9.05,0,0,0,0,17-Apr-17
OPTSTK,IDFC,29-Jun-17,52.5,CE,0,0,0,4.8,7,0,0,0,0,17-Apr-17
OPTSTK,IDFC,29-Jun-17,55,CE,0,0,0,3.4,5.15,0,0,0,0,17-Apr-17
OPTSTK,IDFC,29-Jun-17,57.5,CE,0,0,0,2.35,3.65,0,0,0,0,17-Apr-17
OPTSTK,IDFC,29-Jun-17,60,CE,0,0,0,1.55,2.5,0,0,0,0,17-Apr-17
OPTSTK,IDFC,29-Jun-17,62.5,CE,0,0,0,1,1.6,0,0,0,0,17-Apr-17
OPTSTK,IDFC,29-Jun-17,65,CE,0,0,0,0.65,1,0,0,0,0,17-Apr-17
OPTSTK,IDFC,29-Jun-17,67.5,CE,0,0,0,0.4,0.6,0,0,0,0,17-Apr-17
OPTSTK,IDFC,29-Jun-17,70,CE,0,0,0,0.25,0.35,0,0,0,0,17-Apr-17
OPTSTK,IDFC,29-Jun-17,72.5,CE,0,0,0,0.15,0.2,0,0,0,0,17-Apr-17
OPTSTK,IDFC,29-Jun-17,75,CE,0,0,0,0.1,0.1,0,0,0,0,17-Apr-17
OPTSTK,IDFC,29-Jun-17,77.5,CE,0,0,0,0.05,0.05,0,0,0,0,17-Apr-17
OPTSTK,IDFC,29-Jun-17,37.5,PE,0,0,0,0.05,0,0,0,0,0,17-Apr-17
OPTSTK,IDFC,29-Jun-17,40,PE,0,0,0,0.05,0,0,0,0,0,17-Apr-17
OPTSTK,IDFC,29-Jun-17,42.5,PE,0,0,0,0.1,0.05,0,0,0,0,17-Apr-17
OPTSTK,IDFC,29-Jun-17,45,PE,0,0,0,0.3,0.05,0,0,0,0,17-Apr-17
OPTSTK,IDFC,29-Jun-17,47.5,PE,0,0,0,0.6,0.15,0,0,0,0,17-Apr-17
OPTSTK,IDFC,29-Jun-17,50,PE,0,0,0,1.1,0.35,0,0,0,0,17-Apr-17
OPTSTK,IDFC,29-Jun-17,52.5,PE,0,0,0,1.9,0.75,0,0,0,0,17-Apr-17
OPTSTK,IDFC,29-Jun-17,55,PE,0,0,0,3,1.4,0,0,0,0,17-Apr-17
OPTSTK,IDFC,29-Jun-17,57.5,PE,0,0,0,4.4,2.35,0,0,0,0,17-Apr-17
OPTSTK,IDFC,29-Jun-17,60,PE,0,0,0,6.1,3.65,0,0,0,0,17-Apr-17
OPTSTK,IDFC,29-Jun-17,62.5,PE,0,0,0,8,5.25,0,0,0,0,17-Apr-17
OPTSTK,IDFC,29-Jun-17,65,PE,0,0,0,10.05,7.1,0,0,0,0,17-Apr-17
OPTSTK,IDFC,29-Jun-17,67.5,PE,0,0,0,12.3,9.2,0,0,0,0,17-Apr-17
OPTSTK,IDFC,29-Jun-17,70,PE,0,0,0,14.6,11.4,0,0,0,0,17-Apr-17
OPTSTK,IDFC,29-Jun-17,72.5,PE,0,0,0,16.95,13.7,0,0,0,0,17-Apr-17
OPTSTK,IDFC,29-Jun-17,75,PE,0,0,0,19.35,16.1,0,0,0,0,17-Apr-17
OPTSTK,IDFC,29-Jun-17,77.5,PE,0,0,0,21.8,18.5,0,0,0,0,17-Apr-17
OPTSTK,IDFCBANK,27-Apr-17,37.5,CE,0,0,0,28.75,22,0,0,0,0,17-Apr-17
OPTSTK,IDFCBANK,27-Apr-17,40,CE,0,0,0,26.3,19.5,0,0,0,0,17-Apr-17
OPTSTK,IDFCBANK,27-Apr-17,42.5,CE,0,0,0,23.85,17,0,0,0,0,17-Apr-17
OPTSTK,IDFCBANK,27-Apr-17,45,CE,0,0,0,21.4,14.5,0,0,0,0,17-Apr-17
OPTSTK,IDFCBANK,27-Apr-17,47.5,CE,0,0,0,19.05,12,0,0,0,0,17-Apr-17
OPTSTK,IDFCBANK,27-Apr-17,50,CE,0,0,0,10.9,9.5,0,0,48000,0,17-Apr-17
OPTSTK,IDFCBANK,27-Apr-17,52.5,CE,0,0,0,14.45,7,0,0,0,0,17-Apr-17
OPTSTK,IDFCBANK,27-Apr-17,55,CE,0,0,0,6,4.5,0,0,16000,0,17-Apr-17
OPTSTK,IDFCBANK,27-Apr-17,57.5,CE,0,0,0,3.4,2.15,0,0,176000,0,17-Apr-17
OPTSTK,IDFCBANK,27-Apr-17,60,CE,1.25,1.25,0.95,1.05,1.05,138,674.08,3352000,440000,17-Apr-17
OPTSTK,IDFCBANK,27-Apr-17,62.5,CE,0.55,0.65,0.4,0.45,0.45,88,443.54,4368000,120000,17-Apr-17
OPTSTK,IDFCBANK,27-Apr-17,65,CE,0.3,0.3,0.2,0.25,0.25,68,354.97,3576000,-192000,17-Apr-17
OPTSTK,IDFCBANK,27-Apr-17,67.5,CE,0.1,0.2,0.1,0.15,0.15,39,211.01,960000,48000,17-Apr-17
OPTSTK,IDFCBANK,27-Apr-17,70,CE,0.05,0.1,0.05,0.05,0.05,24,134.55,1624000,56000,17-Apr-17
OPTSTK,IDFCBANK,27-Apr-17,72.5,CE,0,0,0,1.05,0,0,0,24000,0,17-Apr-17
OPTSTK,IDFCBANK,27-Apr-17,75,CE,0,0,0,0.05,0,0,0,192000,0,17-Apr-17
OPTSTK,IDFCBANK,27-Apr-17,77.5,CE,0,0,0,1.55,0,0,0,0,0,17-Apr-17
OPTSTK,IDFCBANK,27-Apr-17,80,CE,0,0,0,1.15,0,0,0,0,0,17-Apr-17
OPTSTK,IDFCBANK,27-Apr-17,82.5,CE,0,0,0,0.85,0,0,0,0,0,17-Apr-17
OPTSTK,IDFCBANK,27-Apr-17,85,CE,0,0,0,0.6,0,0,0,0,0,17-Apr-17
OPTSTK,IDFCBANK,27-Apr-17,87.5,CE,0,0,0,0.45,0,0,0,0,0,17-Apr-17
OPTSTK,IDFCBANK,27-Apr-17,90,CE,0,0,0,0.1,0,0,0,8000,0,17-Apr-17
OPTSTK,IDFCBANK,27-Apr-17,37.5,PE,0,0,0,0.05,0,0,0,0,0,17-Apr-17
OPTSTK,IDFCBANK,27-Apr-17,40,PE,0,0,0,0.05,0,0,0,8000,0,17-Apr-17
OPTSTK,IDFCBANK,27-Apr-17,42.5,PE,0,0,0,0.05,0,0,0,0,0,17-Apr-17
OPTSTK,IDFCBANK,27-Apr-17,45,PE,0,0,0,0.1,0,0,0,0,0,17-Apr-17
OPTSTK,IDFCBANK,27-Apr-17,47.5,PE,0,0,0,0.15,0,0,0,0,0,17-Apr-17
OPTSTK,IDFCBANK,27-Apr-17,50,PE,0,0,0,0.3,0,0,0,0,0,17-Apr-17
OPTSTK,IDFCBANK,27-Apr-17,52.5,PE,0,0,0,0.05,0,0,0,80000,0,17-Apr-17
OPTSTK,IDFCBANK,27-Apr-17,55,PE,0.1,0.2,0.1,0.15,0.15,14,61.76,480000,80000,17-Apr-17
OPTSTK,IDFCBANK,27-Apr-17,57.5,PE,0.35,0.45,0.35,0.4,0.4,10,46.3,1160000,0,17-Apr-17
OPTSTK,IDFCBANK,27-Apr-17,60,PE,1.4,1.5,1.25,1.5,1.5,82,402.49,3104000,-72000,17-Apr-17
OPTSTK,IDFCBANK,27-Apr-17,62.5,PE,3.2,3.25,3.2,3.25,3.25,2,10.51,624000,16000,17-Apr-17
OPTSTK,IDFCBANK,27-Apr-17,65,PE,0,0,0,4.9,5.5,0,0,192000,0,17-Apr-17
OPTSTK,IDFCBANK,27-Apr-17,67.5,PE,7.8,7.8,7.8,7.8,7.8,1,6.02,80000,8000,17-Apr-17
OPTSTK,IDFCBANK,27-Apr-17,70,PE,10.2,10.35,10.2,10.35,10.35,7,44.95,208000,56000,17-Apr-17
OPTSTK,IDFCBANK,27-Apr-17,72.5,PE,0,0,0,11.5,13,0,0,8000,0,17-Apr-17
OPTSTK,IDFCBANK,27-Apr-17,75,PE,0,0,0,14,15.5,0,0,136000,0,17-Apr-17
OPTSTK,IDFCBANK,27-Apr-17,77.5,PE,0,0,0,12.15,18,0,0,0,0,17-Apr-17
OPTSTK,IDFCBANK,27-Apr-17,80,PE,0,0,0,19.9,20.5,0,0,112000,0,17-Apr-17
OPTSTK,IDFCBANK,27-Apr-17,82.5,PE,0,0,0,16.4,23,0,0,0,0,17-Apr-17
OPTSTK,IDFCBANK,27-Apr-17,85,PE,0,0,0,24.1,25.45,0,0,32000,0,17-Apr-17
OPTSTK,IDFCBANK,27-Apr-17,87.5,PE,0,0,0,20.9,27.95,0,0,0,0,17-Apr-17
OPTSTK,IDFCBANK,27-Apr-17,90,PE,0,0,0,29,30.45,0,0,232000,0,17-Apr-17
OPTSTK,IDFCBANK,25-May-17,37.5,CE,0,0,0,25.85,22.15,0,0,0,0,17-Apr-17
OPTSTK,IDFCBANK,25-May-17,40,CE,0,0,0,23.4,19.7,0,0,0,0,17-Apr-17
OPTSTK,IDFCBANK,25-May-17,42.5,CE,0,0,0,20.95,17.2,0,0,0,0,17-Apr-17
OPTSTK,IDFCBANK,25-May-17,45,CE,0,0,0,18.5,14.7,0,0,0,0,17-Apr-17
OPTSTK,IDFCBANK,25-May-17,47.5,CE,0,0,0,16.1,12.25,0,0,0,0,17-Apr-17
OPTSTK,IDFCBANK,25-May-17,50,CE,0,0,0,13.7,9.75,0,0,0,0,17-Apr-17
OPTSTK,IDFCBANK,25-May-17,52.5,CE,0,0,0,11.45,7.3,0,0,0,0,17-Apr-17
OPTSTK,IDFCBANK,25-May-17,55,CE,0,0,0,9.3,4.9,0,0,0,0,17-Apr-17
OPTSTK,IDFCBANK,25-May-17,57.5,CE,0,0,0,7.4,2.85,0,0,0,0,17-Apr-17
OPTSTK,IDFCBANK,25-May-17,60,CE,2.8,2.8,2,2.15,2.15,5,24.9,256000,32000,17-Apr-17
OPTSTK,IDFCBANK,25-May-17,62.5,CE,1.2,1.2,1.2,1.2,1.2,2,10.19,24000,16000,17-Apr-17
OPTSTK,IDFCBANK,25-May-17,65,CE,0.95,1,0.7,0.7,0.7,20,105.4,240000,128000,17-Apr-17
OPTSTK,IDFCBANK,25-May-17,67.5,CE,0.5,0.5,0.5,0.5,0.5,4,21.76,32000,32000,17-Apr-17
OPTSTK,IDFCBANK,25-May-17,70,CE,0,0,0,1.5,0.05,0,0,0,0,17-Apr-17
OPTSTK,IDFCBANK,25-May-17,72.5,CE,0,0,0,1,0,0,0,0,0,17-Apr-17
OPTSTK,IDFCBANK,25-May-17,75,CE,0,0,0,0.7,0,0,0,0,0,17-Apr-17
OPTSTK,IDFCBANK,25-May-17,77.5,CE,0,0,0,0.45,0,0,0,0,0,17-Apr-17
OPTSTK,IDFCBANK,25-May-17,80,CE,0,0,0,0.3,0,0,0,0,0,17-Apr-17
OPTSTK,IDFCBANK,25-May-17,82.5,CE,0,0,0,0.2,0,0,0,0,0,17-Apr-17
OPTSTK,IDFCBANK,25-May-17,85,CE,0,0,0,0.1,0,0,0,0,0,17-Apr-17
OPTSTK,IDFCBANK,25-May-17,87.5,CE,0,0,0,0.1,0,0,0,0,0,17-Apr-17
OPTSTK,IDFCBANK,25-May-17,90,CE,0,0,0,0.05,0,0,0,0,0,17-Apr-17
OPTSTK,IDFCBANK,25-May-17,37.5,PE,0,0,0,0.05,0,0,0,0,0,17-Apr-17
OPTSTK,IDFCBANK,25-May-17,40,PE,0,0,0,0.05,0,0,0,0,0,17-Apr-17
OPTSTK,IDFCBANK,25-May-17,42.5,PE,0,0,0,0.05,0,0,0,0,0,17-Apr-17
OPTSTK,IDFCBANK,25-May-17,45,PE,0,0,0,0.05,0,0,0,0,0,17-Apr-17
OPTSTK,IDFCBANK,25-May-17,47.5,PE,0,0,0,0.1,0,0,0,0,0,17-Apr-17
OPTSTK,IDFCBANK,25-May-17,50,PE,0,0,0,0.2,0,0,0,0,0,17-Apr-17
OPTSTK,IDFCBANK,25-May-17,52.5,PE,0,0,0,0.35,0.05,0,0,0,0,17-Apr-17
OPTSTK,IDFCBANK,25-May-17,55,PE,0,0,0,0.7,0.15,0,0,0,0,17-Apr-17
OPTSTK,IDFCBANK,25-May-17,57.5,PE,1.2,1.2,1,1.1,1.1,9,42.2,176000,72000,17-Apr-17
OPTSTK,IDFCBANK,25-May-17,60,PE,2,2.3,2,2.3,2.3,2,9.94,48000,16000,17-Apr-17
OPTSTK,IDFCBANK,25-May-17,62.5,PE,0,0,0,3.05,3.2,0,0,0,0,17-Apr-17
OPTSTK,IDFCBANK,25-May-17,65,PE,5.75,5.75,5.75,5.75,5.75,1,5.66,8000,8000,17-Apr-17
OPTSTK,IDFCBANK,25-May-17,67.5,PE,0,0,0,5.9,7.7,0,0,0,0,17-Apr-17
OPTSTK,IDFCBANK,25-May-17,70,PE,0,0,0,9.1,10.15,0,0,8000,0,17-Apr-17
OPTSTK,IDFCBANK,25-May-17,72.5,PE,0,0,0,9.65,12.65,0,0,0,0,17-Apr-17
OPTSTK,IDFCBANK,25-May-17,75,PE,0,0,0,11.75,15.1,0,0,0,0,17-Apr-17
OPTSTK,IDFCBANK,25-May-17,77.5,PE,0,0,0,13.95,17.6,0,0,0,0,17-Apr-17
OPTSTK,IDFCBANK,25-May-17,80,PE,0,0,0,16.25,20.1,0,0,0,0,17-Apr-17
OPTSTK,IDFCBANK,25-May-17,82.5,PE,0,0,0,18.65,22.55,0,0,0,0,17-Apr-17
OPTSTK,IDFCBANK,25-May-17,85,PE,0,0,0,21.05,25.05,0,0,0,0,17-Apr-17
OPTSTK,IDFCBANK,25-May-17,87.5,PE,0,0,0,23.45,27.55,0,0,0,0,17-Apr-17
OPTSTK,IDFCBANK,25-May-17,90,PE,0,0,0,25.9,30,0,0,0,0,17-Apr-17
OPTSTK,IDFCBANK,29-Jun-17,37.5,CE,0,0,0,22.8,22.4,0,0,0,0,17-Apr-17
OPTSTK,IDFCBANK,29-Jun-17,40,CE,0,0,0,20.35,19.95,0,0,0,0,17-Apr-17
OPTSTK,IDFCBANK,29-Jun-17,42.5,CE,0,0,0,17.85,17.45,0,0,0,0,17-Apr-17
OPTSTK,IDFCBANK,29-Jun-17,45,CE,0,0,0,15.4,15,0,0,0,0,17-Apr-17
OPTSTK,IDFCBANK,29-Jun-17,47.5,CE,0,0,0,12.95,12.55,0,0,0,0,17-Apr-17
OPTSTK,IDFCBANK,29-Jun-17,50,CE,0,0,0,10.6,10.1,0,0,0,0,17-Apr-17
OPTSTK,IDFCBANK,29-Jun-17,52.5,CE,0,0,0,8.3,7.7,0,0,0,0,17-Apr-17
OPTSTK,IDFCBANK,29-Jun-17,55,CE,0,0,0,6.15,5.45,0,0,0,0,17-Apr-17
OPTSTK,IDFCBANK,29-Jun-17,57.5,CE,0,0,0,4.35,3.55,0,0,0,0,17-Apr-17
OPTSTK,IDFCBANK,29-Jun-17,60,CE,0,0,0,2.85,2.1,0,0,0,0,17-Apr-17
OPTSTK,IDFCBANK,29-Jun-17,62.5,CE,0,0,0,1.8,1.1,0,0,0,0,17-Apr-17
OPTSTK,IDFCBANK,29-Jun-17,65,CE,0,0,0,1.05,0.5,0,0,0,0,17-Apr-17
OPTSTK,IDFCBANK,29-Jun-17,67.5,CE,0,0,0,0.6,0.25,0,0,0,0,17-Apr-17
OPTSTK,IDFCBANK,29-Jun-17,70,CE,0,0,0,0.3,0.1,0,0,0,0,17-Apr-17
OPTSTK,IDFCBANK,29-Jun-17,72.5,CE,0,0,0,0.15,0.05,0,0,0,0,17-Apr-17
OPTSTK,IDFCBANK,29-Jun-17,75,CE,0,0,0,0.1,0.05,0,0,0,0,17-Apr-17
OPTSTK,IDFCBANK,29-Jun-17,77.5,CE,0,0,0,0.05,0,0,0,0,0,17-Apr-17
OPTSTK,IDFCBANK,29-Jun-17,80,CE,0,0,0,0.05,0,0,0,0,0,17-Apr-17
OPTSTK,IDFCBANK,29-Jun-17,82.5,CE,0,0,0,0.05,0,0,0,0,0,17-Apr-17
OPTSTK,IDFCBANK,29-Jun-17,85,CE,0,0,0,0.05,0,0,0,0,0,17-Apr-17
OPTSTK,IDFCBANK,29-Jun-17,37.5,PE,0,0,0,0.05,0,0,0,0,0,17-Apr-17
OPTSTK,IDFCBANK,29-Jun-17,40,PE,0,0,0,0.05,0,0,0,0,0,17-Apr-17
OPTSTK,IDFCBANK,29-Jun-17,42.5,PE,0,0,0,0.05,0,0,0,0,0,17-Apr-17
OPTSTK,IDFCBANK,29-Jun-17,45,PE,0,0,0,0.05,0,0,0,0,0,17-Apr-17
OPTSTK,IDFCBANK,29-Jun-17,47.5,PE,0,0,0,0.05,0,0,0,0,0,17-Apr-17
OPTSTK,IDFCBANK,29-Jun-17,50,PE,0,0,0,0.1,0.05,0,0,0,0,17-Apr-17
OPTSTK,IDFCBANK,29-Jun-17,52.5,PE,0,0,0,0.25,0.1,0,0,0,0,17-Apr-17
OPTSTK,IDFCBANK,29-Jun-17,55,PE,0,0,0,0.6,0.35,0,0,0,0,17-Apr-17
OPTSTK,IDFCBANK,29-Jun-17,57.5,PE,0,0,0,1.25,0.9,0,0,0,0,17-Apr-17
OPTSTK,IDFCBANK,29-Jun-17,60,PE,0,0,0,2.25,1.9,0,0,0,0,17-Apr-17
OPTSTK,IDFCBANK,29-Jun-17,62.5,PE,0,0,0,3.6,3.4,0,0,0,0,17-Apr-17
OPTSTK,IDFCBANK,29-Jun-17,65,PE,0,0,0,5.3,5.3,0,0,0,0,17-Apr-17
OPTSTK,IDFCBANK,29-Jun-17,67.5,PE,0,0,0,7.3,7.45,0,0,0,0,17-Apr-17
OPTSTK,IDFCBANK,29-Jun-17,70,PE,0,0,0,9.5,9.8,0,0,0,0,17-Apr-17
OPTSTK,IDFCBANK,29-Jun-17,72.5,PE,0,0,0,11.8,12.2,0,0,0,0,17-Apr-17
OPTSTK,IDFCBANK,29-Jun-17,75,PE,0,0,0,14.2,14.65,0,0,0,0,17-Apr-17
OPTSTK,IDFCBANK,29-Jun-17,77.5,PE,0,0,0,16.6,17.1,0,0,0,0,17-Apr-17
OPTSTK,IDFCBANK,29-Jun-17,80,PE,0,0,0,19.05,19.6,0,0,0,0,17-Apr-17
OPTSTK,IDFCBANK,29-Jun-17,82.5,PE,0,0,0,21.5,22.05,0,0,0,0,17-Apr-17
OPTSTK,IDFCBANK,29-Jun-17,85,PE,0,0,0,23.95,24.5,0,0,0,0,17-Apr-17
OPTSTK,IFCI,27-Apr-17,5,CE,0,0,0,23.05,23.95,0,0,0,0,17-Apr-17
OPTSTK,IFCI,27-Apr-17,7.5,CE,0,0,0,20.6,21.45,0,0,0,0,17-Apr-17
OPTSTK,IFCI,27-Apr-17,10,CE,0,0,0,18.15,18.95,0,0,0,0,17-Apr-17
OPTSTK,IFCI,27-Apr-17,12.5,CE,0,0,0,15.7,16.45,0,0,0,0,17-Apr-17
OPTSTK,IFCI,27-Apr-17,15,CE,0,0,0,13.25,13.95,0,0,0,0,17-Apr-17
OPTSTK,IFCI,27-Apr-17,17.5,CE,0,0,0,10.85,11.45,0,0,0,0,17-Apr-17
OPTSTK,IFCI,27-Apr-17,20,CE,0,0,0,10.2,8.95,0,0,44000,0,17-Apr-17
OPTSTK,IFCI,27-Apr-17,22.5,CE,0,0,0,7.45,6.45,0,0,88000,0,17-Apr-17
OPTSTK,IFCI,27-Apr-17,25,CE,0,0,0,5.2,3.95,0,0,110000,0,17-Apr-17
OPTSTK,IFCI,27-Apr-17,27.5,CE,2,2,1.95,1.95,1.95,2,12.96,286000,22000,17-Apr-17
OPTSTK,IFCI,27-Apr-17,30,CE,0.55,0.55,0.4,0.45,0.45,129,864.67,6996000,550000,17-Apr-17
OPTSTK,IFCI,27-Apr-17,32.5,CE,0.2,0.2,0.1,0.1,0.1,29,208.15,10076000,242000,17-Apr-17
OPTSTK,IFCI,27-Apr-17,35,CE,0.05,0.05,0.05,0.05,0.05,71,547.48,5588000,0,17-Apr-17
OPTSTK,IFCI,27-Apr-17,37.5,CE,0,0,0,0.05,0,0,0,1034000,0,17-Apr-17
OPTSTK,IFCI,27-Apr-17,40,CE,0,0,0,0.05,0,0,0,1364000,0,17-Apr-17
OPTSTK,IFCI,27-Apr-17,42.5,CE,0,0,0,0.05,0,0,0,88000,0,17-Apr-17
OPTSTK,IFCI,27-Apr-17,45,CE,0,0,0,0.05,0,0,0,176000,0,17-Apr-17
OPTSTK,IFCI,27-Apr-17,5,PE,0,0,0,0.05,0,0,0,0,0,17-Apr-17
OPTSTK,IFCI,27-Apr-17,7.5,PE,0,0,0,0.05,0,0,0,0,0,17-Apr-17
OPTSTK,IFCI,27-Apr-17,10,PE,0,0,0,0.05,0,0,0,0,0,17-Apr-17
OPTSTK,IFCI,27-Apr-17,12.5,PE,0,0,0,0.05,0,0,0,0,0,17-Apr-17
OPTSTK,IFCI,27-Apr-17,15,PE,0,0,0,0.05,0,0,0,0,0,17-Apr-17
OPTSTK,IFCI,27-Apr-17,17.5,PE,0,0,0,0.1,0,0,0,0,0,17-Apr-17
OPTSTK,IFCI,27-Apr-17,20,PE,0,0,0,0.05,0,0,0,22000,0,17-Apr-17
OPTSTK,IFCI,27-Apr-17,22.5,PE,0,0,0,0.05,0,0,0,22000,0,17-Apr-17
OPTSTK,IFCI,27-Apr-17,25,PE,0,0,0,0.05,0,0,0,660000,0,17-Apr-17
OPTSTK,IFCI,27-Apr-17,27.5,PE,0.2,0.2,0.15,0.2,0.2,43,261.64,2816000,-22000,17-Apr-17
OPTSTK,IFCI,27-Apr-17,30,PE,1.2,1.35,1.05,1.35,1.35,26,178.5,3410000,-88000,17-Apr-17
OPTSTK,IFCI,27-Apr-17,32.5,PE,0,0,0,3.15,3.55,0,0,726000,0,17-Apr-17
OPTSTK,IFCI,27-Apr-17,35,PE,0,0,0,5.05,6.05,0,0,88000,0,17-Apr-17
OPTSTK,IFCI,27-Apr-17,37.5,PE,0,0,0,7.45,8.55,0,0,22000,0,17-Apr-17
OPTSTK,IFCI,27-Apr-17,40,PE,0,0,0,9.85,11.05,0,0,22000,0,17-Apr-17
OPTSTK,IFCI,27-Apr-17,42.5,PE,0,0,0,14.1,13.55,0,0,0,0,17-Apr-17
OPTSTK,IFCI,27-Apr-17,45,PE,0,0,0,16.5,16.05,0,0,0,0,17-Apr-17
OPTSTK,IFCI,25-May-17,5,CE,0,0,0,24.75,23.95,0,0,0,0,17-Apr-17
OPTSTK,IFCI,25-May-17,7.5,CE,0,0,0,22.3,21.45,0,0,0,0,17-Apr-17
OPTSTK,IFCI,25-May-17,10,CE,0,0,0,19.85,19,0,0,0,0,17-Apr-17
OPTSTK,IFCI,25-May-17,12.5,CE,0,0,0,17.35,16.5,0,0,0,0,17-Apr-17
OPTSTK,IFCI,25-May-17,15,CE,0,0,0,14.9,14,0,0,0,0,17-Apr-17
OPTSTK,IFCI,25-May-17,17.5,CE,0,0,0,12.45,11.55,0,0,0,0,17-Apr-17
OPTSTK,IFCI,25-May-17,20,CE,0,0,0,10.05,9.05,0,0,0,0,17-Apr-17
OPTSTK,IFCI,25-May-17,22.5,CE,0,0,0,7.8,6.55,0,0,0,0,17-Apr-17
OPTSTK,IFCI,25-May-17,25,CE,0,0,0,5.75,4.15,0,0,0,0,17-Apr-17
OPTSTK,IFCI,25-May-17,27.5,CE,0,0,0,4.05,2.05,0,0,0,0,17-Apr-17
OPTSTK,IFCI,25-May-17,30,CE,1.45,1.45,1.25,1.3,1.3,15,103.38,352000,264000,17-Apr-17
OPTSTK,IFCI,25-May-17,32.5,CE,0.7,0.7,0.65,0.65,0.65,2,14.59,220000,44000,17-Apr-17
OPTSTK,IFCI,25-May-17,35,CE,0.3,0.35,0.3,0.35,0.35,3,23.3,154000,66000,17-Apr-17
OPTSTK,IFCI,25-May-17,37.5,CE,0,0,0,0.7,0,0,0,0,0,17-Apr-17
OPTSTK,IFCI,25-May-17,40,CE,0,0,0,0.5,0,0,0,0,0,17-Apr-17
OPTSTK,IFCI,25-May-17,42.5,CE,0,0,0,0.25,0,0,0,0,0,17-Apr-17
OPTSTK,IFCI,25-May-17,45,CE,0,0,0,0.15,0,0,0,0,0,17-Apr-17
OPTSTK,IFCI,25-May-17,5,PE,0,0,0,0.05,0,0,0,0,0,17-Apr-17
OPTSTK,IFCI,25-May-17,7.5,PE,0,0,0,0.05,0,0,0,0,0,17-Apr-17
OPTSTK,IFCI,25-May-17,10,PE,0,0,0,0.05,0,0,0,0,0,17-Apr-17
OPTSTK,IFCI,25-May-17,12.5,PE,0,0,0,0.05,0,0,0,0,0,17-Apr-17
OPTSTK,IFCI,25-May-17,15,PE,0,0,0,0.05,0,0,0,0,0,17-Apr-17
OPTSTK,IFCI,25-May-17,17.5,PE,0,0,0,0.05,0,0,0,0,0,17-Apr-17
OPTSTK,IFCI,25-May-17,20,PE,0,0,0,0.1,0,0,0,0,0,17-Apr-17
OPTSTK,IFCI,25-May-17,22.5,PE,0,0,0,0.3,0,0,0,0,0,17-Apr-17
OPTSTK,IFCI,25-May-17,25,PE,0,0,0,0.7,0.1,0,0,0,0,17-Apr-17
OPTSTK,IFCI,25-May-17,27.5,PE,0,0,0,1.5,0.45,0,0,0,0,17-Apr-17
OPTSTK,IFCI,25-May-17,30,PE,1.75,1.9,1.7,1.9,1.9,15,104.98,330000,330000,17-Apr-17
OPTSTK,IFCI,25-May-17,32.5,PE,0,0,0,4.1,3.6,0,0,0,0,17-Apr-17
OPTSTK,IFCI,25-May-17,35,PE,0,0,0,5.9,5.9,0,0,0,0,17-Apr-17
OPTSTK,IFCI,25-May-17,37.5,PE,0,0,0,7.95,8.35,0,0,0,0,17-Apr-17
OPTSTK,IFCI,25-May-17,40,PE,0,0,0,10.15,10.85,0,0,0,0,17-Apr-17
OPTSTK,IFCI,25-May-17,42.5,PE,0,0,0,12.4,13.35,0,0,0,0,17-Apr-17
OPTSTK,IFCI,25-May-17,45,PE,0,0,0,14.8,15.8,0,0,0,0,17-Apr-17
OPTSTK,IFCI,29-Jun-17,5,CE,0,0,0,25,24,0,0,0,0,17-Apr-17
OPTSTK,IFCI,29-Jun-17,7.5,CE,0,0,0,22.55,21.5,0,0,0,0,17-Apr-17
OPTSTK,IFCI,29-Jun-17,10,CE,0,0,0,20.1,19.05,0,0,0,0,17-Apr-17
OPTSTK,IFCI,29-Jun-17,12.5,CE,0,0,0,17.65,16.6,0,0,0,0,17-Apr-17
OPTSTK,IFCI,29-Jun-17,15,CE,0,0,0,15.15,14.1,0,0,0,0,17-Apr-17
OPTSTK,IFCI,29-Jun-17,17.5,CE,0,0,0,12.7,11.65,0,0,0,0,17-Apr-17
OPTSTK,IFCI,29-Jun-17,20,CE,0,0,0,10.25,9.2,0,0,0,0,17-Apr-17
OPTSTK,IFCI,29-Jun-17,22.5,CE,0,0,0,7.85,6.75,0,0,0,0,17-Apr-17
OPTSTK,IFCI,29-Jun-17,25,CE,0,0,0,5.65,4.45,0,0,0,0,17-Apr-17
OPTSTK,IFCI,29-Jun-17,27.5,CE,0,0,0,3.75,2.55,0,0,0,0,17-Apr-17
OPTSTK,IFCI,29-Jun-17,30,CE,0,0,0,2.3,1.25,0,0,0,0,17-Apr-17
OPTSTK,IFCI,29-Jun-17,32.5,CE,0,0,0,1.3,0.5,0,0,0,0,17-Apr-17
OPTSTK,IFCI,29-Jun-17,35,CE,0,0,0,0.7,0.2,0,0,0,0,17-Apr-17
OPTSTK,IFCI,29-Jun-17,37.5,CE,0,0,0,0.35,0.05,0,0,0,0,17-Apr-17
OPTSTK,IFCI,29-Jun-17,40,CE,0,0,0,0.15,0.05,0,0,0,0,17-Apr-17
OPTSTK,IFCI,29-Jun-17,42.5,CE,0,0,0,0.1,0,0,0,0,0,17-Apr-17
OPTSTK,IFCI,29-Jun-17,45,CE,0,0,0,0.05,0,0,0,0,0,17-Apr-17
OPTSTK,IFCI,29-Jun-17,5,PE,0,0,0,0.05,0,0,0,0,0,17-Apr-17
OPTSTK,IFCI,29-Jun-17,7.5,PE,0,0,0,0.05,0,0,0,0,0,17-Apr-17
OPTSTK,IFCI,29-Jun-17,10,PE,0,0,0,0.05,0,0,0,0,0,17-Apr-17
OPTSTK,IFCI,29-Jun-17,12.5,PE,0,0,0,0.05,0,0,0,0,0,17-Apr-17
OPTSTK,IFCI,29-Jun-17,15,PE,0,0,0,0.05,0,0,0,0,0,17-Apr-17
OPTSTK,IFCI,29-Jun-17,17.5,PE,0,0,0,0.05,0,0,0,0,0,17-Apr-17
OPTSTK,IFCI,29-Jun-17,20,PE,0,0,0,0.05,0,0,0,0,0,17-Apr-17
OPTSTK,IFCI,29-Jun-17,22.5,PE,0,0,0,0.1,0.05,0,0,0,0,17-Apr-17
OPTSTK,IFCI,29-Jun-17,25,PE,0,0,0,0.35,0.2,0,0,0,0,17-Apr-17
OPTSTK,IFCI,29-Jun-17,27.5,PE,0,0,0,0.9,0.8,0,0,0,0,17-Apr-17
OPTSTK,IFCI,29-Jun-17,30,PE,0,0,0,1.9,1.95,0,0,0,0,17-Apr-17
OPTSTK,IFCI,29-Jun-17,32.5,PE,0,0,0,3.35,3.7,0,0,0,0,17-Apr-17
OPTSTK,IFCI,29-Jun-17,35,PE,0,0,0,5.2,5.85,0,0,0,0,17-Apr-17
OPTSTK,IFCI,29-Jun-17,37.5,PE,0,0,0,7.35,8.2,0,0,0,0,17-Apr-17
OPTSTK,IFCI,29-Jun-17,40,PE,0,0,0,9.6,10.6,0,0,0,0,17-Apr-17
OPTSTK,IFCI,29-Jun-17,42.5,PE,0,0,0,12,13.05,0,0,0,0,17-Apr-17
OPTSTK,IFCI,29-Jun-17,45,PE,0,0,0,14.4,15.55,0,0,0,0,17-Apr-17
OPTSTK,IGL,27-Apr-17,580,CE,0,0,0,363.05,484,0,0,0,0,17-Apr-17
OPTSTK,IGL,27-Apr-17,600,CE,0,0,0,343.35,464,0,0,0,0,17-Apr-17
OPTSTK,IGL,27-Apr-17,620,CE,0,0,0,323.7,444.05,0,0,0,0,17-Apr-17
OPTSTK,IGL,27-Apr-17,640,CE,0,0,0,304.05,424.1,0,0,0,0,17-Apr-17
OPTSTK,IGL,27-Apr-17,660,CE,0,0,0,284.4,404.1,0,0,0,0,17-Apr-17
OPTSTK,IGL,27-Apr-17,680,CE,0,0,0,264.75,384.15,0,0,0,0,17-Apr-17
OPTSTK,IGL,27-Apr-17,700,CE,0,0,0,245.15,364.2,0,0,0,0,17-Apr-17
OPTSTK,IGL,27-Apr-17,720,CE,0,0,0,225.65,344.2,0,0,0,0,17-Apr-17
OPTSTK,IGL,27-Apr-17,740,CE,0,0,0,206.25,324.25,0,0,0,0,17-Apr-17
OPTSTK,IGL,27-Apr-17,760,CE,0,0,0,187.1,304.3,0,0,0,0,17-Apr-17
OPTSTK,IGL,27-Apr-17,780,CE,0,0,0,168.25,284.35,0,0,0,0,17-Apr-17
OPTSTK,IGL,27-Apr-17,800,CE,0,0,0,149.9,264.35,0,0,0,0,17-Apr-17
OPTSTK,IGL,27-Apr-17,820,CE,0,0,0,132.15,244.4,0,0,0,0,17-Apr-17
OPTSTK,IGL,27-Apr-17,840,CE,0,0,0,115.2,224.45,0,0,0,0,17-Apr-17
OPTSTK,IGL,27-Apr-17,860,CE,0,0,0,99.25,204.45,0,0,0,0,17-Apr-17
OPTSTK,IGL,27-Apr-17,880,CE,0,0,0,84.45,184.5,0,0,0,0,17-Apr-17
OPTSTK,IGL,27-Apr-17,900,CE,0,0,0,125,164.55,0,0,4400,0,17-Apr-17
OPTSTK,IGL,27-Apr-17,920,CE,0,0,0,58.7,144.6,0,0,0,0,17-Apr-17
OPTSTK,IGL,27-Apr-17,940,CE,0,0,0,82.5,124.65,0,0,0,0,17-Apr-17
OPTSTK,IGL,27-Apr-17,960,CE,0,0,0,71.6,104.75,0,0,1100,0,17-Apr-17
OPTSTK,IGL,27-Apr-17,980,CE,0,0,0,29.4,85.1,0,0,1100,0,17-Apr-17
OPTSTK,IGL,27-Apr-17,1000,CE,56.25,56.25,56.25,56.25,56.25,1,11.61,9900,0,17-Apr-17
OPTSTK,IGL,27-Apr-17,1020,CE,26.5,50,25.1,49,49,34,395.61,40700,-3300,17-Apr-17
OPTSTK,IGL,27-Apr-17,1040,CE,16.05,38,16.05,35.15,35.15,171,2002.92,53900,-15400,17-Apr-17
OPTSTK,IGL,27-Apr-17,1060,CE,11,26.75,9.2,24.3,24.3,421,4999.49,70400,-14300,17-Apr-17
OPTSTK,IGL,27-Apr-17,1080,CE,7,17.9,7,15.75,15.75,157,1889.15,59400,30800,17-Apr-17
OPTSTK,IGL,27-Apr-17,1100,CE,4,11,4,9.6,9.6,309,3766.43,125400,2200,17-Apr-17
OPTSTK,IGL,27-Apr-17,1120,CE,3,6.8,2.75,5.85,5.85,13,160.86,12100,7700,17-Apr-17
OPTSTK,IGL,27-Apr-17,1140,CE,1.5,3.2,1.5,3.15,3.15,3,37.7,2200,0,17-Apr-17
OPTSTK,IGL,27-Apr-17,1160,CE,1,1.4,1,1.4,1.4,2,25.54,3300,2200,17-Apr-17
OPTSTK,IGL,27-Apr-17,1180,CE,0,0,0,1.5,0.15,0,0,0,0,17-Apr-17
OPTSTK,IGL,27-Apr-17,1200,CE,0,0,0,1.05,0.05,0,0,0,0,17-Apr-17
OPTSTK,IGL,27-Apr-17,1220,CE,0,0,0,0.75,0.05,0,0,0,0,17-Apr-17
OPTSTK,IGL,27-Apr-17,1240,CE,0,0,0,0.5,0,0,0,0,0,17-Apr-17
OPTSTK,IGL,27-Apr-17,580,PE,0,0,0,0.05,0,0,0,0,0,17-Apr-17
OPTSTK,IGL,27-Apr-17,600,PE,0,0,0,0.05,0,0,0,0,0,17-Apr-17
OPTSTK,IGL,27-Apr-17,620,PE,0,0,0,0.05,0,0,0,0,0,17-Apr-17
OPTSTK,IGL,27-Apr-17,640,PE,0,0,0,0.05,0,0,0,0,0,17-Apr-17
OPTSTK,IGL,27-Apr-17,660,PE,0,0,0,0.05,0,0,0,0,0,17-Apr-17
OPTSTK,IGL,27-Apr-17,680,PE,0,0,0,0.1,0,0,0,0,0,17-Apr-17
OPTSTK,IGL,27-Apr-17,700,PE,0,0,0,0.15,0,0,0,0,0,17-Apr-17
OPTSTK,IGL,27-Apr-17,720,PE,0,0,0,0.3,0,0,0,0,0,17-Apr-17
OPTSTK,IGL,27-Apr-17,740,PE,0,0,0,0.6,0,0,0,0,0,17-Apr-17
OPTSTK,IGL,27-Apr-17,760,PE,0,0,0,1.1,0,0,0,0,0,17-Apr-17
OPTSTK,IGL,27-Apr-17,780,PE,0,0,0,1.95,0,0,0,0,0,17-Apr-17
OPTSTK,IGL,27-Apr-17,800,PE,0,0,0,3.25,0,0,0,0,0,17-Apr-17
OPTSTK,IGL,27-Apr-17,820,PE,0,0,0,5.2,0,0,0,0,0,17-Apr-17
OPTSTK,IGL,27-Apr-17,840,PE,0,0,0,7.9,0,0,0,0,0,17-Apr-17
OPTSTK,IGL,27-Apr-17,860,PE,0,0,0,11.65,0,0,0,0,0,17-Apr-17
OPTSTK,IGL,27-Apr-17,880,PE,0,0,0,16.5,0,0,0,0,0,17-Apr-17
OPTSTK,IGL,27-Apr-17,900,PE,0,0,0,0.2,0,0,0,2200,0,17-Apr-17
OPTSTK,IGL,27-Apr-17,920,PE,0,0,0,2.65,0,0,0,20900,0,17-Apr-17
OPTSTK,IGL,27-Apr-17,940,PE,0,0,0,1,0.05,0,0,19800,0,17-Apr-17
OPTSTK,IGL,27-Apr-17,960,PE,1.5,1.5,0.8,0.8,0.8,4,42.28,102300,-3300,17-Apr-17
OPTSTK,IGL,27-Apr-17,980,PE,2.5,2.5,0.95,0.95,0.95,11,118.75,60500,-6600,17-Apr-17
OPTSTK,IGL,27-Apr-17,1000,PE,6.05,6.3,1.3,1.75,1.75,51,562.91,58300,3300,17-Apr-17
OPTSTK,IGL,27-Apr-17,1020,PE,15,15,2.75,4.05,4.05,38,429.08,25300,-2200,17-Apr-17
OPTSTK,IGL,27-Apr-17,1040,PE,23.65,23.65,7.25,8.95,8.95,35,405.42,44000,24200,17-Apr-17
OPTSTK,IGL,27-Apr-17,1060,PE,26.1,26.1,16.1,16.25,16.25,11,130.75,9900,9900,17-Apr-17
OPTSTK,IGL,27-Apr-17,1080,PE,29,29,26.6,27.8,27.8,2,24.37,2200,1100,17-Apr-17
OPTSTK,IGL,27-Apr-17,1100,PE,45,45,45,45,45,1,12.59,6600,0,17-Apr-17
OPTSTK,IGL,27-Apr-17,1120,PE,0,0,0,172.35,57.85,0,0,0,0,17-Apr-17
OPTSTK,IGL,27-Apr-17,1140,PE,0,0,0,190.85,76.2,0,0,0,0,17-Apr-17
OPTSTK,IGL,27-Apr-17,1160,PE,0,0,0,209.6,95.45,0,0,0,0,17-Apr-17
OPTSTK,IGL,27-Apr-17,1180,PE,0,0,0,228.65,115.15,0,0,0,0,17-Apr-17
OPTSTK,IGL,27-Apr-17,1200,PE,0,0,0,247.85,135,0,0,0,0,17-Apr-17
OPTSTK,IGL,27-Apr-17,1220,PE,0,0,0,267.2,154.95,0,0,0,0,17-Apr-17
OPTSTK,IGL,27-Apr-17,1240,PE,0,0,0,286.65,174.9,0,0,0,0,17-Apr-17
OPTSTK,IGL,25-May-17,680,CE,0,0,0,365.8,387.55,0,0,0,0,17-Apr-17
OPTSTK,IGL,25-May-17,700,CE,0,0,0,346.15,367.7,0,0,0,0,17-Apr-17
OPTSTK,IGL,25-May-17,720,CE,0,0,0,326.5,347.85,0,0,0,0,17-Apr-17
OPTSTK,IGL,25-May-17,740,CE,0,0,0,306.85,327.95,0,0,0,0,17-Apr-17
OPTSTK,IGL,25-May-17,760,CE,0,0,0,287.3,308.1,0,0,0,0,17-Apr-17
OPTSTK,IGL,25-May-17,780,CE,0,0,0,267.8,288.25,0,0,0,0,17-Apr-17
OPTSTK,IGL,25-May-17,800,CE,0,0,0,248.45,268.35,0,0,0,0,17-Apr-17
OPTSTK,IGL,25-May-17,820,CE,0,0,0,229.25,248.5,0,0,0,0,17-Apr-17
OPTSTK,IGL,25-May-17,840,CE,0,0,0,210.35,228.7,0,0,0,0,17-Apr-17
OPTSTK,IGL,25-May-17,860,CE,0,0,0,191.8,208.9,0,0,0,0,17-Apr-17
OPTSTK,IGL,25-May-17,880,CE,0,0,0,173.75,189.15,0,0,0,0,17-Apr-17
OPTSTK,IGL,25-May-17,900,CE,0,0,0,156.25,169.6,0,0,0,0,17-Apr-17
OPTSTK,IGL,25-May-17,920,CE,0,0,0,139.5,150.3,0,0,0,0,17-Apr-17
OPTSTK,IGL,25-May-17,940,CE,0,0,0,123.55,131.45,0,0,0,0,17-Apr-17
OPTSTK,IGL,25-May-17,960,CE,81,81,81,81,81,2,22.9,1100,-1100,17-Apr-17
OPTSTK,IGL,25-May-17,980,CE,0,0,0,94.5,95.95,0,0,0,0,17-Apr-17
OPTSTK,IGL,25-May-17,1000,CE,0,0,0,81.6,79.8,0,0,0,0,17-Apr-17
OPTSTK,IGL,25-May-17,1020,CE,0,0,0,69.85,65,0,0,0,0,17-Apr-17
OPTSTK,IGL,25-May-17,1040,CE,0,0,0,59.25,51.9,0,0,0,0,17-Apr-17
OPTSTK,IGL,25-May-17,1060,CE,0,0,0,49.85,40.5,0,0,0,0,17-Apr-17
OPTSTK,IGL,25-May-17,1080,CE,30.6,30.6,30.6,30.6,30.6,1,12.21,1100,1100,17-Apr-17
OPTSTK,IGL,25-May-17,1100,CE,18.5,22.5,18.5,22.5,22.5,8,98.56,8800,8800,17-Apr-17
OPTSTK,IGL,25-May-17,1120,CE,14.4,15.3,14.4,15.3,15.3,4,49.93,4400,4400,17-Apr-17
OPTSTK,IGL,25-May-17,1140,CE,0,0,0,22.85,11.85,0,0,0,0,17-Apr-17
OPTSTK,IGL,25-May-17,1160,CE,0,0,0,18.4,8.2,0,0,0,0,17-Apr-17
OPTSTK,IGL,25-May-17,1180,CE,0,0,0,14.7,5.55,0,0,0,0,17-Apr-17
OPTSTK,IGL,25-May-17,1200,CE,0,0,0,11.65,3.7,0,0,0,0,17-Apr-17
OPTSTK,IGL,25-May-17,1220,CE,0,0,0,9.15,2.4,0,0,0,0,17-Apr-17
OPTSTK,IGL,25-May-17,1240,CE,0,0,0,7.15,1.5,0,0,0,0,17-Apr-17
OPTSTK,IGL,25-May-17,680,PE,0,0,0,0.05,0,0,0,0,0,17-Apr-17
OPTSTK,IGL,25-May-17,700,PE,0,0,0,0.05,0,0,0,0,0,17-Apr-17
OPTSTK,IGL,25-May-17,720,PE,0,0,0,0.1,0,0,0,0,0,17-Apr-17
OPTSTK,IGL,25-May-17,740,PE,0,0,0,0.15,0,0,0,0,0,17-Apr-17
OPTSTK,IGL,25-May-17,760,PE,0,0,0,0.25,0,0,0,0,0,17-Apr-17
OPTSTK,IGL,25-May-17,780,PE,0,0,0,0.45,0,0,0,0,0,17-Apr-17
OPTSTK,IGL,25-May-17,800,PE,0,0,0,0.75,0,0,0,0,0,17-Apr-17
OPTSTK,IGL,25-May-17,820,PE,0,0,0,1.3,0.05,0,0,0,0,17-Apr-17
OPTSTK,IGL,25-May-17,840,PE,0,0,0,2.1,0.05,0,0,0,0,17-Apr-17
OPTSTK,IGL,25-May-17,860,PE,0,0,0,3.25,0.15,0,0,0,0,17-Apr-17
OPTSTK,IGL,25-May-17,880,PE,0,0,0,4.85,0.3,0,0,0,0,17-Apr-17
OPTSTK,IGL,25-May-17,900,PE,0,0,0,7.05,0.6,0,0,0,0,17-Apr-17
OPTSTK,IGL,25-May-17,920,PE,0,0,0,9.95,1.15,0,0,0,0,17-Apr-17
OPTSTK,IGL,25-May-17,940,PE,0,0,0,13.7,2.15,0,0,0,0,17-Apr-17
OPTSTK,IGL,25-May-17,960,PE,0,0,0,18.4,3.85,0,0,0,0,17-Apr-17
OPTSTK,IGL,25-May-17,980,PE,0,0,0,24,6.4,0,0,0,0,17-Apr-17
OPTSTK,IGL,25-May-17,1000,PE,0,0,0,30.8,10.1,0,0,0,0,17-Apr-17
OPTSTK,IGL,25-May-17,1020,PE,0,0,0,38.75,15.2,0,0,0,0,17-Apr-17
OPTSTK,IGL,25-May-17,1040,PE,24.15,24.15,24.15,24.15,24.15,1,11.7,1100,1100,17-Apr-17
OPTSTK,IGL,25-May-17,1060,PE,0,0,0,58.1,30.4,0,0,0,0,17-Apr-17
OPTSTK,IGL,25-May-17,1080,PE,0,0,0,69.5,40.6,0,0,0,0,17-Apr-17
OPTSTK,IGL,25-May-17,1100,PE,0,0,0,81.95,52.6,0,0,0,0,17-Apr-17
OPTSTK,IGL,25-May-17,1120,PE,0,0,0,95.45,66.2,0,0,0,0,17-Apr-17
OPTSTK,IGL,25-May-17,1140,PE,0,0,0,109.9,81.2,0,0,0,0,17-Apr-17
OPTSTK,IGL,25-May-17,1160,PE,0,0,0,125.1,97.45,0,0,0,0,17-Apr-17
OPTSTK,IGL,25-May-17,1180,PE,0,0,0,141.1,114.65,0,0,0,0,17-Apr-17
OPTSTK,IGL,25-May-17,1200,PE,0,0,0,157.75,132.65,0,0,0,0,17-Apr-17
OPTSTK,IGL,25-May-17,1220,PE,0,0,0,174.9,151.2,0,0,0,0,17-Apr-17
OPTSTK,IGL,25-May-17,1240,PE,0,0,0,192.6,170.2,0,0,0,0,17-Apr-17
OPTSTK,IGL,29-Jun-17,680,CE,0,0,0,334.3,391.75,0,0,0,0,17-Apr-17
OPTSTK,IGL,29-Jun-17,700,CE,0,0,0,314.6,372,0,0,0,0,17-Apr-17
OPTSTK,IGL,29-Jun-17,720,CE,0,0,0,294.95,352.3,0,0,0,0,17-Apr-17
OPTSTK,IGL,29-Jun-17,740,CE,0,0,0,275.3,332.55,0,0,0,0,17-Apr-17
OPTSTK,IGL,29-Jun-17,760,CE,0,0,0,255.7,312.8,0,0,0,0,17-Apr-17
OPTSTK,IGL,29-Jun-17,780,CE,0,0,0,236.15,293.15,0,0,0,0,17-Apr-17
OPTSTK,IGL,29-Jun-17,800,CE,0,0,0,216.7,273.45,0,0,0,0,17-Apr-17
OPTSTK,IGL,29-Jun-17,820,CE,0,0,0,197.4,253.9,0,0,0,0,17-Apr-17
OPTSTK,IGL,29-Jun-17,840,CE,0,0,0,178.4,234.45,0,0,0,0,17-Apr-17
OPTSTK,IGL,29-Jun-17,860,CE,0,0,0,159.75,215.15,0,0,0,0,17-Apr-17
OPTSTK,IGL,29-Jun-17,880,CE,0,0,0,141.65,196.15,0,0,0,0,17-Apr-17
OPTSTK,IGL,29-Jun-17,900,CE,0,0,0,124.25,177.5,0,0,0,0,17-Apr-17
OPTSTK,IGL,29-Jun-17,920,CE,0,0,0,107.75,159.4,0,0,0,0,17-Apr-17
OPTSTK,IGL,29-Jun-17,940,CE,0,0,0,92.25,141.9,0,0,0,0,17-Apr-17
OPTSTK,IGL,29-Jun-17,960,CE,0,0,0,78,125.15,0,0,0,0,17-Apr-17
OPTSTK,IGL,29-Jun-17,980,CE,0,0,0,65.05,109.35,0,0,0,0,17-Apr-17
OPTSTK,IGL,29-Jun-17,1000,CE,0,0,0,53.5,94.6,0,0,0,0,17-Apr-17
OPTSTK,IGL,29-Jun-17,1020,CE,0,0,0,43.35,80.9,0,0,0,0,17-Apr-17
OPTSTK,IGL,29-Jun-17,1040,CE,0,0,0,34.65,68.5,0,0,0,0,17-Apr-17
OPTSTK,IGL,29-Jun-17,1060,CE,0,0,0,27.3,57.4,0,0,0,0,17-Apr-17
OPTSTK,IGL,29-Jun-17,1080,CE,0,0,0,21.2,47.55,0,0,0,0,17-Apr-17
OPTSTK,IGL,29-Jun-17,1100,CE,0,0,0,16.3,38.95,0,0,0,0,17-Apr-17
OPTSTK,IGL,29-Jun-17,1120,CE,0,0,0,12.3,31.55,0,0,0,0,17-Apr-17
OPTSTK,IGL,29-Jun-17,1140,CE,0,0,0,9.15,25.25,0,0,0,0,17-Apr-17
OPTSTK,IGL,29-Jun-17,1160,CE,0,0,0,6.75,20.05,0,0,0,0,17-Apr-17
OPTSTK,IGL,29-Jun-17,1180,CE,0,0,0,4.9,15.7,0,0,0,0,17-Apr-17
OPTSTK,IGL,29-Jun-17,1200,CE,0,0,0,3.5,12.2,0,0,0,0,17-Apr-17
OPTSTK,IGL,29-Jun-17,1220,CE,0,0,0,2.5,9.35,0,0,0,0,17-Apr-17
OPTSTK,IGL,29-Jun-17,1240,CE,0,0,0,1.75,7.1,0,0,0,0,17-Apr-17
OPTSTK,IGL,29-Jun-17,680,PE,0,0,0,0.05,0,0,0,0,0,17-Apr-17
OPTSTK,IGL,29-Jun-17,700,PE,0,0,0,0.05,0,0,0,0,0,17-Apr-17
OPTSTK,IGL,29-Jun-17,720,PE,0,0,0,0.05,0.05,0,0,0,0,17-Apr-17
OPTSTK,IGL,29-Jun-17,740,PE,0,0,0,0.05,0.05,0,0,0,0,17-Apr-17
OPTSTK,IGL,29-Jun-17,760,PE,0,0,0,0.1,0.05,0,0,0,0,17-Apr-17
OPTSTK,IGL,29-Jun-17,780,PE,0,0,0,0.25,0.1,0,0,0,0,17-Apr-17
OPTSTK,IGL,29-Jun-17,800,PE,0,0,0,0.45,0.2,0,0,0,0,17-Apr-17
OPTSTK,IGL,29-Jun-17,820,PE,0,0,0,0.85,0.35,0,0,0,0,17-Apr-17
OPTSTK,IGL,29-Jun-17,840,PE,0,0,0,1.5,0.65,0,0,0,0,17-Apr-17
OPTSTK,IGL,29-Jun-17,860,PE,0,0,0,2.5,1.1,0,0,0,0,17-Apr-17
OPTSTK,IGL,29-Jun-17,880,PE,0,0,0,4.1,1.85,0,0,0,0,17-Apr-17
OPTSTK,IGL,29-Jun-17,900,PE,0,0,0,6.35,2.95,0,0,0,0,17-Apr-17
OPTSTK,IGL,29-Jun-17,920,PE,0,0,0,9.5,4.55,0,0,0,0,17-Apr-17
OPTSTK,IGL,29-Jun-17,940,PE,0,0,0,13.7,6.8,0,0,0,0,17-Apr-17
OPTSTK,IGL,29-Jun-17,960,PE,0,0,0,19.1,9.8,0,0,0,0,17-Apr-17
OPTSTK,IGL,29-Jun-17,980,PE,0,0,0,25.8,13.75,0,0,0,0,17-Apr-17
OPTSTK,IGL,29-Jun-17,1000,PE,0,0,0,33.95,18.75,0,0,0,0,17-Apr-17
OPTSTK,IGL,29-Jun-17,1020,PE,0,0,0,43.5,24.8,0,0,0,0,17-Apr-17
OPTSTK,IGL,29-Jun-17,1040,PE,0,0,0,54.45,32.15,0,0,0,0,17-Apr-17
OPTSTK,IGL,29-Jun-17,1060,PE,0,0,0,66.8,40.75,0,0,0,0,17-Apr-17
OPTSTK,IGL,29-Jun-17,1080,PE,0,0,0,80.35,50.65,0,0,0,0,17-Apr-17
OPTSTK,IGL,29-Jun-17,1100,PE,0,0,0,95.1,61.75,0,0,0,0,17-Apr-17
OPTSTK,IGL,29-Jun-17,1120,PE,0,0,0,110.75,74.1,0,0,0,0,17-Apr-17
OPTSTK,IGL,29-Jun-17,1140,PE,0,0,0,127.3,87.6,0,0,0,0,17-Apr-17
OPTSTK,IGL,29-Jun-17,1160,PE,0,0,0,144.55,102.15,0,0,0,0,17-Apr-17
OPTSTK,IGL,29-Jun-17,1180,PE,0,0,0,162.4,117.55,0,0,0,0,17-Apr-17
OPTSTK,IGL,29-Jun-17,1200,PE,0,0,0,180.65,133.75,0,0,0,0,17-Apr-17
OPTSTK,IGL,29-Jun-17,1220,PE,0,0,0,199.3,150.65,0,0,0,0,17-Apr-17
OPTSTK,IGL,29-Jun-17,1240,PE,0,0,0,218.25,168.15,0,0,0,0,17-Apr-17
OPTSTK,INDIACEM,27-Apr-17,95,CE,0,0,0,49.75,68.6,0,0,0,0,17-Apr-17
OPTSTK,INDIACEM,27-Apr-17,100,CE,0,0,0,45.1,63.6,0,0,0,0,17-Apr-17
OPTSTK,INDIACEM,27-Apr-17,105,CE,0,0,0,40.6,58.6,0,0,0,0,17-Apr-17
OPTSTK,INDIACEM,27-Apr-17,110,CE,0,0,0,36.25,53.6,0,0,0,0,17-Apr-17
OPTSTK,INDIACEM,27-Apr-17,115,CE,0,0,0,32.1,48.6,0,0,0,0,17-Apr-17
OPTSTK,INDIACEM,27-Apr-17,120,CE,0,0,0,28.2,43.65,0,0,0,0,17-Apr-17
OPTSTK,INDIACEM,27-Apr-17,125,CE,0,0,0,24.6,38.65,0,0,0,0,17-Apr-17
OPTSTK,INDIACEM,27-Apr-17,130,CE,0,0,0,21.3,33.65,0,0,0,0,17-Apr-17
OPTSTK,INDIACEM,27-Apr-17,135,CE,0,0,0,18.25,28.65,0,0,0,0,17-Apr-17
OPTSTK,INDIACEM,27-Apr-17,140,CE,0,0,0,15.55,23.7,0,0,0,0,17-Apr-17
OPTSTK,INDIACEM,27-Apr-17,145,CE,0,0,0,13.15,18.8,0,0,0,0,17-Apr-17
OPTSTK,INDIACEM,27-Apr-17,150,CE,0,0,0,17.5,14.05,0,0,10500,0,17-Apr-17
OPTSTK,INDIACEM,27-Apr-17,155,CE,0,0,0,10.95,9.8,0,0,325500,0,17-Apr-17
OPTSTK,INDIACEM,27-Apr-17,160,CE,5.05,6.75,4.8,6.7,6.7,9,52.25,290500,7000,17-Apr-17
OPTSTK,INDIACEM,27-Apr-17,165,CE,3.55,4.2,2.75,3.9,3.9,233,1373.69,658000,35000,17-Apr-17
OPTSTK,INDIACEM,27-Apr-17,170,CE,2.1,2.35,1.45,2.05,2.05,236,1419.56,1491000,-122500,17-Apr-17
OPTSTK,INDIACEM,27-Apr-17,175,CE,1.1,1.2,0.7,1.1,1.1,50,307.91,836500,-7000,17-Apr-17
OPTSTK,INDIACEM,27-Apr-17,180,CE,0.45,0.6,0.4,0.6,0.6,29,183.23,399000,7000,17-Apr-17
OPTSTK,INDIACEM,27-Apr-17,185,CE,0.2,0.3,0.2,0.3,0.3,5,32.41,112000,-7000,17-Apr-17
OPTSTK,INDIACEM,27-Apr-17,190,CE,0.15,0.15,0.15,0.15,0.15,2,13.31,73500,-7000,17-Apr-17
OPTSTK,INDIACEM,27-Apr-17,195,CE,0,0,0,0.45,0.05,0,0,10500,0,17-Apr-17
OPTSTK,INDIACEM,27-Apr-17,200,CE,0,0,0,6.55,0,0,0,0,0,17-Apr-17
OPTSTK,INDIACEM,27-Apr-17,205,CE,0,0,0,5.7,0,0,0,0,0,17-Apr-17
OPTSTK,INDIACEM,27-Apr-17,95,PE,0,0,0,0.35,0,0,0,0,0,17-Apr-17
OPTSTK,INDIACEM,27-Apr-17,100,PE,0,0,0,0.6,0,0,0,0,0,17-Apr-17
OPTSTK,INDIACEM,27-Apr-17,105,PE,0,0,0,1,0,0,0,0,0,17-Apr-17
OPTSTK,INDIACEM,27-Apr-17,110,PE,0,0,0,1.6,0,0,0,0,0,17-Apr-17
OPTSTK,INDIACEM,27-Apr-17,115,PE,0,0,0,2.35,0,0,0,0,0,17-Apr-17
OPTSTK,INDIACEM,27-Apr-17,120,PE,0,0,0,0.55,0,0,0,21000,0,17-Apr-17
OPTSTK,INDIACEM,27-Apr-17,125,PE,0,0,0,4.7,0,0,0,0,0,17-Apr-17
OPTSTK,INDIACEM,27-Apr-17,130,PE,0,0,0,6.3,0,0,0,0,0,17-Apr-17
OPTSTK,INDIACEM,27-Apr-17,135,PE,0,0,0,8.2,0,0,0,0,0,17-Apr-17
OPTSTK,INDIACEM,27-Apr-17,140,PE,0,0,0,0.15,0.05,0,0,24500,0,17-Apr-17
OPTSTK,INDIACEM,27-Apr-17,145,PE,0,0,0,0.35,0.15,0,0,112000,0,17-Apr-17
OPTSTK,INDIACEM,27-Apr-17,150,PE,0.85,0.85,0.5,0.6,0.6,9,47.47,325500,7000,17-Apr-17
OPTSTK,INDIACEM,27-Apr-17,155,PE,1.35,1.8,1.1,1.2,1.2,55,301.12,339500,-3500,17-Apr-17
OPTSTK,INDIACEM,27-Apr-17,160,PE,3.1,3.4,2.25,2.35,2.35,107,609.79,322000,17500,17-Apr-17
OPTSTK,INDIACEM,27-Apr-17,165,PE,5,6,4.35,4.65,4.65,56,333.34,385000,-21000,17-Apr-17
OPTSTK,INDIACEM,27-Apr-17,170,PE,7.85,7.85,7.85,7.85,7.85,2,12.44,73500,3500,17-Apr-17
OPTSTK,INDIACEM,27-Apr-17,175,PE,0,0,0,15.1,12.15,0,0,35000,0,17-Apr-17
OPTSTK,INDIACEM,27-Apr-17,180,PE,0,0,0,37.65,16.65,0,0,0,0,17-Apr-17
OPTSTK,INDIACEM,27-Apr-17,185,PE,0,0,0,21.95,21.4,0,0,3500,0,17-Apr-17
OPTSTK,INDIACEM,27-Apr-17,190,PE,0,0,0,46.3,26.35,0,0,0,0,17-Apr-17
OPTSTK,INDIACEM,27-Apr-17,195,PE,0,0,0,50.75,31.3,0,0,0,0,17-Apr-17
OPTSTK,INDIACEM,27-Apr-17,200,PE,0,0,0,44.3,36.25,0,0,0,0,17-Apr-17
OPTSTK,INDIACEM,27-Apr-17,205,PE,0,0,0,48.35,41.25,0,0,0,0,17-Apr-17
OPTSTK,INDIACEM,25-May-17,115,CE,0,0,0,54.7,49.2,0,0,0,0,17-Apr-17
OPTSTK,INDIACEM,25-May-17,120,CE,0,0,0,50.4,44.25,0,0,0,0,17-Apr-17
OPTSTK,INDIACEM,25-May-17,125,CE,0,0,0,46.2,39.35,0,0,0,0,17-Apr-17
OPTSTK,INDIACEM,25-May-17,130,CE,0,0,0,42.2,34.5,0,0,0,0,17-Apr-17
OPTSTK,INDIACEM,25-May-17,135,CE,0,0,0,38.4,29.75,0,0,0,0,17-Apr-17
OPTSTK,INDIACEM,25-May-17,140,CE,0,0,0,34.8,25.25,0,0,0,0,17-Apr-17
OPTSTK,INDIACEM,25-May-17,145,CE,0,0,0,31.45,20.95,0,0,0,0,17-Apr-17
OPTSTK,INDIACEM,25-May-17,150,CE,0,0,0,28.3,17,0,0,0,0,17-Apr-17
OPTSTK,INDIACEM,25-May-17,155,CE,0,0,0,25.35,13.5,0,0,0,0,17-Apr-17
OPTSTK,INDIACEM,25-May-17,160,CE,0,0,0,11.9,10.45,0,0,3500,0,17-Apr-17
OPTSTK,INDIACEM,25-May-17,165,CE,7,7,7,7,7,1,6.02,3500,3500,17-Apr-17
OPTSTK,INDIACEM,25-May-17,170,CE,0,0,0,17.95,5.8,0,0,0,0,17-Apr-17
OPTSTK,INDIACEM,25-May-17,175,CE,0,0,0,15.9,4.2,0,0,0,0,17-Apr-17
OPTSTK,INDIACEM,25-May-17,180,CE,0,0,0,14,2.95,0,0,0,0,17-Apr-17
OPTSTK,INDIACEM,25-May-17,185,CE,0,0,0,12.35,2,0,0,0,0,17-Apr-17
OPTSTK,INDIACEM,25-May-17,190,CE,0,0,0,10.85,1.35,0,0,0,0,17-Apr-17
OPTSTK,INDIACEM,25-May-17,195,CE,0,0,0,9.5,0.9,0,0,0,0,17-Apr-17
OPTSTK,INDIACEM,25-May-17,200,CE,0,0,0,8.35,0.6,0,0,0,0,17-Apr-17
OPTSTK,INDIACEM,25-May-17,205,CE,0,0,0,7.25,0.35,0,0,0,0,17-Apr-17
OPTSTK,INDIACEM,25-May-17,115,PE,0,0,0,1.4,0.05,0,0,0,0,17-Apr-17
OPTSTK,INDIACEM,25-May-17,120,PE,0,0,0,2,0.05,0,0,0,0,17-Apr-17
OPTSTK,INDIACEM,25-May-17,125,PE,0,0,0,2.75,0.1,0,0,0,0,17-Apr-17
OPTSTK,INDIACEM,25-May-17,130,PE,0,0,0,3.65,0.2,0,0,0,0,17-Apr-17
OPTSTK,INDIACEM,25-May-17,135,PE,0,0,0,4.8,0.45,0,0,0,0,17-Apr-17
OPTSTK,INDIACEM,25-May-17,140,PE,0,0,0,6.15,0.9,0,0,0,0,17-Apr-17
OPTSTK,INDIACEM,25-May-17,145,PE,0,0,0,7.65,1.55,0,0,0,0,17-Apr-17
OPTSTK,INDIACEM,25-May-17,150,PE,2.4,2.4,2.4,2.4,2.4,1,5.33,3500,3500,17-Apr-17
OPTSTK,INDIACEM,25-May-17,155,PE,0,0,0,11.45,4.05,0,0,0,0,17-Apr-17
OPTSTK,INDIACEM,25-May-17,160,PE,0,0,0,13.65,5.95,0,0,0,0,17-Apr-17
OPTSTK,INDIACEM,25-May-17,165,PE,0,0,0,8,8.4,0,0,3500,0,17-Apr-17
OPTSTK,INDIACEM,25-May-17,170,PE,0,0,0,18.75,11.25,0,0,0,0,17-Apr-17
OPTSTK,INDIACEM,25-May-17,175,PE,0,0,0,21.65,14.6,0,0,0,0,17-Apr-17
OPTSTK,INDIACEM,25-May-17,180,PE,0,0,0,24.7,18.35,0,0,0,0,17-Apr-17
OPTSTK,INDIACEM,25-May-17,185,PE,0,0,0,27.95,22.35,0,0,0,0,17-Apr-17
OPTSTK,INDIACEM,25-May-17,190,PE,0,0,0,31.35,26.7,0,0,0,0,17-Apr-17
OPTSTK,INDIACEM,25-May-17,195,PE,0,0,0,34.95,31.2,0,0,0,0,17-Apr-17
OPTSTK,INDIACEM,25-May-17,200,PE,0,0,0,38.7,35.85,0,0,0,0,17-Apr-17
OPTSTK,INDIACEM,25-May-17,205,PE,0,0,0,42.55,40.6,0,0,0,0,17-Apr-17
OPTSTK,INDIACEM,29-Jun-17,115,CE,0,0,0,48.1,50.05,0,0,0,0,17-Apr-17
OPTSTK,INDIACEM,29-Jun-17,120,CE,0,0,0,43.6,45.25,0,0,0,0,17-Apr-17
OPTSTK,INDIACEM,29-Jun-17,125,CE,0,0,0,39.25,40.55,0,0,0,0,17-Apr-17
OPTSTK,INDIACEM,29-Jun-17,130,CE,0,0,0,35.1,36,0,0,0,0,17-Apr-17
OPTSTK,INDIACEM,29-Jun-17,135,CE,0,0,0,31.2,31.65,0,0,0,0,17-Apr-17
OPTSTK,INDIACEM,29-Jun-17,140,CE,0,0,0,27.5,27.5,0,0,0,0,17-Apr-17
OPTSTK,INDIACEM,29-Jun-17,145,CE,0,0,0,24.1,23.65,0,0,0,0,17-Apr-17
OPTSTK,INDIACEM,29-Jun-17,150,CE,0,0,0,20.95,20.1,0,0,0,0,17-Apr-17
OPTSTK,INDIACEM,29-Jun-17,155,CE,0,0,0,18.1,16.85,0,0,0,0,17-Apr-17
OPTSTK,INDIACEM,29-Jun-17,160,CE,0,0,0,15.55,14,0,0,0,0,17-Apr-17
OPTSTK,INDIACEM,29-Jun-17,165,CE,0,0,0,13.3,11.5,0,0,0,0,17-Apr-17
OPTSTK,INDIACEM,29-Jun-17,170,CE,0,0,0,11.25,9.35,0,0,0,0,17-Apr-17
OPTSTK,INDIACEM,29-Jun-17,175,CE,0,0,0,9.5,7.5,0,0,0,0,17-Apr-17
OPTSTK,INDIACEM,29-Jun-17,180,CE,0,0,0,7.95,5.95,0,0,0,0,17-Apr-17
OPTSTK,INDIACEM,29-Jun-17,185,CE,0,0,0,6.65,4.7,0,0,0,0,17-Apr-17
OPTSTK,INDIACEM,29-Jun-17,190,CE,0,0,0,5.55,3.65,0,0,0,0,17-Apr-17
OPTSTK,INDIACEM,29-Jun-17,195,CE,0,0,0,4.55,2.8,0,0,0,0,17-Apr-17
OPTSTK,INDIACEM,29-Jun-17,200,CE,0,0,0,3.75,2.15,0,0,0,0,17-Apr-17
OPTSTK,INDIACEM,29-Jun-17,205,CE,0,0,0,3.1,1.65,0,0,0,0,17-Apr-17
OPTSTK,INDIACEM,29-Jun-17,115,PE,0,0,0,0.7,0.15,0,0,0,0,17-Apr-17
OPTSTK,INDIACEM,29-Jun-17,120,PE,0,0,0,1.15,0.3,0,0,0,0,17-Apr-17
OPTSTK,INDIACEM,29-Jun-17,125,PE,0,0,0,1.7,0.55,0,0,0,0,17-Apr-17
OPTSTK,INDIACEM,29-Jun-17,130,PE,0,0,0,2.5,0.95,0,0,0,0,17-Apr-17
OPTSTK,INDIACEM,29-Jun-17,135,PE,0,0,0,3.45,1.5,0,0,0,0,17-Apr-17
OPTSTK,INDIACEM,29-Jun-17,140,PE,0,0,0,4.7,2.3,0,0,0,0,17-Apr-17
OPTSTK,INDIACEM,29-Jun-17,145,PE,0,0,0,6.2,3.35,0,0,0,0,17-Apr-17
OPTSTK,INDIACEM,29-Jun-17,150,PE,0,0,0,8,4.75,0,0,0,0,17-Apr-17
OPTSTK,INDIACEM,29-Jun-17,155,PE,0,0,0,10.05,6.45,0,0,0,0,17-Apr-17
OPTSTK,INDIACEM,29-Jun-17,160,PE,0,0,0,12.4,8.55,0,0,0,0,17-Apr-17
OPTSTK,INDIACEM,29-Jun-17,165,PE,0,0,0,15.05,10.95,0,0,0,0,17-Apr-17
OPTSTK,INDIACEM,29-Jun-17,170,PE,0,0,0,17.95,13.75,0,0,0,0,17-Apr-17
OPTSTK,INDIACEM,29-Jun-17,175,PE,0,0,0,21.1,16.85,0,0,0,0,17-Apr-17
OPTSTK,INDIACEM,29-Jun-17,180,PE,0,0,0,24.5,20.2,0,0,0,0,17-Apr-17
OPTSTK,INDIACEM,29-Jun-17,185,PE,0,0,0,28.1,23.9,0,0,0,0,17-Apr-17
OPTSTK,INDIACEM,29-Jun-17,190,PE,0,0,0,31.9,27.8,0,0,0,0,17-Apr-17
OPTSTK,INDIACEM,29-Jun-17,195,PE,0,0,0,35.85,31.9,0,0,0,0,17-Apr-17
OPTSTK,INDIACEM,29-Jun-17,200,PE,0,0,0,39.95,36.2,0,0,0,0,17-Apr-17
OPTSTK,INDIACEM,29-Jun-17,205,PE,0,0,0,44.2,40.6,0,0,0,0,17-Apr-17
OPTSTK,INDIANB,27-Apr-17,200,CE,0,0,0,65.25,58.65,0,0,0,0,17-Apr-17
OPTSTK,INDIANB,27-Apr-17,210,CE,0,0,0,55.4,48.7,0,0,0,0,17-Apr-17
OPTSTK,INDIANB,27-Apr-17,220,CE,0,0,0,45.75,38.8,0,0,0,0,17-Apr-17
OPTSTK,INDIANB,27-Apr-17,230,CE,0,0,0,36.5,29.1,0,0,0,0,17-Apr-17
OPTSTK,INDIANB,27-Apr-17,240,CE,0,0,0,28,20.15,0,0,0,0,17-Apr-17
OPTSTK,INDIANB,27-Apr-17,250,CE,0,0,0,20.5,12.55,0,0,0,0,17-Apr-17
OPTSTK,INDIANB,27-Apr-17,260,CE,8.6,8.6,7.25,7.3,7.3,5,26.78,12000,8000,17-Apr-17
OPTSTK,INDIANB,27-Apr-17,270,CE,5,6.25,4,4.2,4.2,33,181.27,74000,20000,17-Apr-17
OPTSTK,INDIANB,27-Apr-17,280,CE,2.3,2.6,2.1,2.1,2.1,11,62.1,76000,4000,17-Apr-17
OPTSTK,INDIANB,27-Apr-17,290,CE,1.15,1.15,1,1,1,2,11.64,68000,0,17-Apr-17
OPTSTK,INDIANB,27-Apr-17,300,CE,0.95,0.95,0.95,0.95,0.95,1,6.01,54000,0,17-Apr-17
OPTSTK,INDIANB,27-Apr-17,310,CE,0,0,0,0.75,0.05,0,0,12000,0,17-Apr-17
OPTSTK,INDIANB,27-Apr-17,320,CE,0,0,0,0.5,0.05,0,0,20000,0,17-Apr-17
OPTSTK,INDIANB,27-Apr-17,330,CE,0,0,0,0.3,0,0,0,0,0,17-Apr-17
OPTSTK,INDIANB,27-Apr-17,340,CE,0,0,0,0.75,0,0,0,2000,0,17-Apr-17
OPTSTK,INDIANB,27-Apr-17,200,PE,0,0,0,0.05,0,0,0,0,0,17-Apr-17
OPTSTK,INDIANB,27-Apr-17,210,PE,0,0,0,0.15,0.05,0,0,0,0,17-Apr-17
OPTSTK,INDIANB,27-Apr-17,220,PE,0,0,0,0.45,0.1,0,0,0,0,17-Apr-17
OPTSTK,INDIANB,27-Apr-17,230,PE,0,0,0,1.2,0.4,0,0,0,0,17-Apr-17
OPTSTK,INDIANB,27-Apr-17,240,PE,1.5,1.5,1.45,1.45,1.45,2,9.65,4000,4000,17-Apr-17
OPTSTK,INDIANB,27-Apr-17,250,PE,3.55,3.85,3.3,3.8,3.8,4,20.28,10000,2000,17-Apr-17
OPTSTK,INDIANB,27-Apr-17,260,PE,5.25,8.25,5.25,8,8,8,42.72,18000,2000,17-Apr-17
OPTSTK,INDIANB,27-Apr-17,270,PE,12.7,12.7,12.7,12.7,12.7,1,5.65,10000,-2000,17-Apr-17
OPTSTK,INDIANB,27-Apr-17,280,PE,0,0,0,17.5,22.6,0,0,12000,0,17-Apr-17
OPTSTK,INDIANB,27-Apr-17,290,PE,0,0,0,14,31.7,0,0,2000,0,17-Apr-17
OPTSTK,INDIANB,27-Apr-17,300,PE,0,0,0,36.3,41.35,0,0,0,0,17-Apr-17
OPTSTK,INDIANB,27-Apr-17,310,PE,0,0,0,45.35,51.2,0,0,0,0,17-Apr-17
OPTSTK,INDIANB,27-Apr-17,320,PE,0,0,0,54.8,61.15,0,0,0,0,17-Apr-17
OPTSTK,INDIANB,27-Apr-17,330,PE,0,0,0,64.45,71.15,0,0,0,0,17-Apr-17
OPTSTK,INDIANB,27-Apr-17,340,PE,0,0,0,74.25,81.15,0,0,0,0,17-Apr-17
OPTSTK,INDIANB,25-May-17,200,CE,0,0,0,66.65,60.05,0,0,0,0,17-Apr-17
OPTSTK,INDIANB,25-May-17,210,CE,0,0,0,57.25,50.65,0,0,0,0,17-Apr-17
OPTSTK,INDIANB,25-May-17,220,CE,0,0,0,48.3,41.75,0,0,0,0,17-Apr-17
OPTSTK,INDIANB,25-May-17,230,CE,0,0,0,39.9,33.5,0,0,0,0,17-Apr-17
OPTSTK,INDIANB,25-May-17,240,CE,0,0,0,32.25,26.15,0,0,0,0,17-Apr-17
OPTSTK,INDIANB,25-May-17,250,CE,0,0,0,25.45,19.8,0,0,0,0,17-Apr-17
OPTSTK,INDIANB,25-May-17,260,CE,0,0,0,19.6,14.55,0,0,0,0,17-Apr-17
OPTSTK,INDIANB,25-May-17,270,CE,0,0,0,14.8,10.4,0,0,0,0,17-Apr-17
OPTSTK,INDIANB,25-May-17,280,CE,0,0,0,10.9,7.2,0,0,0,0,17-Apr-17
OPTSTK,INDIANB,25-May-17,290,CE,0,0,0,7.85,4.85,0,0,0,0,17-Apr-17
OPTSTK,INDIANB,25-May-17,300,CE,0,0,0,5.55,3.2,0,0,0,0,17-Apr-17
OPTSTK,INDIANB,25-May-17,310,CE,0,0,0,3.85,2.05,0,0,0,0,17-Apr-17
OPTSTK,INDIANB,25-May-17,320,CE,0,0,0,2.6,1.3,0,0,0,0,17-Apr-17
OPTSTK,INDIANB,25-May-17,330,CE,0,0,0,1.75,0.8,0,0,0,0,17-Apr-17
OPTSTK,INDIANB,25-May-17,340,CE,0,0,0,1.15,0.5,0,0,0,0,17-Apr-17
OPTSTK,INDIANB,25-May-17,200,PE,0,0,0,0.45,0.4,0,0,0,0,17-Apr-17
OPTSTK,INDIANB,25-May-17,210,PE,0,0,0,0.95,0.95,0,0,0,0,17-Apr-17
OPTSTK,INDIANB,25-May-17,220,PE,0,0,0,1.85,1.95,0,0,0,0,17-Apr-17
OPTSTK,INDIANB,25-May-17,230,PE,0,0,0,3.35,3.65,0,0,0,0,17-Apr-17
OPTSTK,INDIANB,25-May-17,240,PE,0,0,0,5.6,6.2,0,0,0,0,17-Apr-17
OPTSTK,INDIANB,25-May-17,250,PE,0,0,0,8.7,9.8,0,0,0,0,17-Apr-17
OPTSTK,INDIANB,25-May-17,260,PE,0,0,0,12.8,14.5,0,0,0,0,17-Apr-17
OPTSTK,INDIANB,25-May-17,270,PE,0,0,0,17.85,20.3,0,0,0,0,17-Apr-17
OPTSTK,INDIANB,25-May-17,280,PE,0,0,0,23.85,27,0,0,0,0,17-Apr-17
OPTSTK,INDIANB,25-May-17,290,PE,0,0,0,30.7,34.6,0,0,0,0,17-Apr-17
OPTSTK,INDIANB,25-May-17,300,PE,0,0,0,38.3,42.9,0,0,0,0,17-Apr-17
OPTSTK,INDIANB,25-May-17,310,PE,0,0,0,46.5,51.65,0,0,0,0,17-Apr-17
OPTSTK,INDIANB,25-May-17,320,PE,0,0,0,55.15,60.85,0,0,0,0,17-Apr-17
OPTSTK,INDIANB,25-May-17,330,PE,0,0,0,64.2,70.25,0,0,0,0,17-Apr-17
OPTSTK,INDIANB,25-May-17,340,PE,0,0,0,73.5,79.9,0,0,0,0,17-Apr-17
OPTSTK,INDIANB,29-Jun-17,200,CE,0,0,0,68.8,62.6,0,0,0,0,17-Apr-17
OPTSTK,INDIANB,29-Jun-17,210,CE,0,0,0,59.95,54,0,0,0,0,17-Apr-17
OPTSTK,INDIANB,29-Jun-17,220,CE,0,0,0,51.6,45.9,0,0,0,0,17-Apr-17
OPTSTK,INDIANB,29-Jun-17,230,CE,0,0,0,43.8,38.5,0,0,0,0,17-Apr-17
OPTSTK,INDIANB,29-Jun-17,240,CE,0,0,0,36.75,31.85,0,0,0,0,17-Apr-17
OPTSTK,INDIANB,29-Jun-17,250,CE,0,0,0,30.35,26,0,0,0,0,17-Apr-17
OPTSTK,INDIANB,29-Jun-17,260,CE,0,0,0,24.8,20.9,0,0,0,0,17-Apr-17
OPTSTK,INDIANB,29-Jun-17,270,CE,0,0,0,20,16.6,0,0,0,0,17-Apr-17
OPTSTK,INDIANB,29-Jun-17,280,CE,0,0,0,20,13,0,0,2000,0,17-Apr-17
OPTSTK,INDIANB,29-Jun-17,290,CE,0,0,0,12.5,10.1,0,0,0,0,17-Apr-17
OPTSTK,INDIANB,29-Jun-17,300,CE,0,0,0,9.75,7.75,0,0,0,0,17-Apr-17
OPTSTK,INDIANB,29-Jun-17,310,CE,0,0,0,7.55,5.9,0,0,0,0,17-Apr-17
OPTSTK,INDIANB,29-Jun-17,320,CE,0,0,0,5.75,4.4,0,0,0,0,17-Apr-17
OPTSTK,INDIANB,29-Jun-17,330,CE,0,0,0,4.35,3.3,0,0,0,0,17-Apr-17
OPTSTK,INDIANB,29-Jun-17,340,CE,0,0,0,3.25,2.45,0,0,0,0,17-Apr-17
OPTSTK,INDIANB,29-Jun-17,200,PE,0,0,0,1.3,1.75,0,0,0,0,17-Apr-17
OPTSTK,INDIANB,29-Jun-17,210,PE,0,0,0,2.3,2.95,0,0,0,0,17-Apr-17
OPTSTK,INDIANB,29-Jun-17,220,PE,0,0,0,3.75,4.75,0,0,0,0,17-Apr-17
OPTSTK,INDIANB,29-Jun-17,230,PE,0,0,0,5.8,7.25,0,0,0,0,17-Apr-17
OPTSTK,INDIANB,29-Jun-17,240,PE,0,0,0,8.55,10.45,0,0,0,0,17-Apr-17
OPTSTK,INDIANB,29-Jun-17,250,PE,0,0,0,12.05,14.45,0,0,0,0,17-Apr-17
OPTSTK,INDIANB,29-Jun-17,260,PE,0,0,0,16.3,19.25,0,0,0,0,17-Apr-17
OPTSTK,INDIANB,29-Jun-17,270,PE,0,0,0,21.35,24.8,0,0,0,0,17-Apr-17
OPTSTK,INDIANB,29-Jun-17,280,PE,0,0,0,27.1,31.1,0,0,0,0,17-Apr-17
OPTSTK,INDIANB,29-Jun-17,290,PE,0,0,0,33.55,38.05,0,0,0,0,17-Apr-17
OPTSTK,INDIANB,29-Jun-17,300,PE,0,0,0,40.6,45.6,0,0,0,0,17-Apr-17
OPTSTK,INDIANB,29-Jun-17,310,PE,0,0,0,48.2,53.55,0,0,0,0,17-Apr-17
OPTSTK,INDIANB,29-Jun-17,320,PE,0,0,0,56.25,62,0,0,0,0,17-Apr-17
OPTSTK,INDIANB,29-Jun-17,330,PE,0,0,0,64.7,70.75,0,0,0,0,17-Apr-17
OPTSTK,INDIANB,29-Jun-17,340,PE,0,0,0,73.45,79.75,0,0,0,0,17-Apr-17
OPTSTK,INDIGO,27-Apr-17,840,CE,0,0,0,209.05,253.4,0,0,0,0,17-Apr-17
OPTSTK,INDIGO,27-Apr-17,860,CE,0,0,0,189.75,233.4,0,0,0,0,17-Apr-17
OPTSTK,INDIGO,27-Apr-17,880,CE,0,0,0,170.75,213.45,0,0,0,0,17-Apr-17
OPTSTK,INDIGO,27-Apr-17,900,CE,0,0,0,152.3,193.5,0,0,0,0,17-Apr-17
OPTSTK,INDIGO,27-Apr-17,920,CE,0,0,0,134.45,173.55,0,0,0,0,17-Apr-17
OPTSTK,INDIGO,27-Apr-17,940,CE,0,0,0,117.4,153.65,0,0,0,0,17-Apr-17
OPTSTK,INDIGO,27-Apr-17,960,CE,0,0,0,101.35,133.85,0,0,0,0,17-Apr-17
OPTSTK,INDIGO,27-Apr-17,980,CE,0,0,0,86.45,114.3,0,0,0,0,17-Apr-17
OPTSTK,INDIGO,27-Apr-17,1000,CE,0,0,0,72.75,95.2,0,0,0,0,17-Apr-17
OPTSTK,INDIGO,27-Apr-17,1020,CE,0,0,0,60.45,77.05,0,0,0,0,17-Apr-17
OPTSTK,INDIGO,27-Apr-17,1040,CE,0,0,0,34.5,60.2,0,0,600,0,17-Apr-17
OPTSTK,INDIGO,27-Apr-17,1060,CE,0,0,0,70,45.2,0,0,3000,0,17-Apr-17
OPTSTK,INDIGO,27-Apr-17,1080,CE,0,0,0,56.3,32.45,0,0,12600,0,17-Apr-17
OPTSTK,INDIGO,27-Apr-17,1100,CE,33.6,33.6,23,25.9,25.9,17,114.87,24000,0,17-Apr-17
OPTSTK,INDIGO,27-Apr-17,1120,CE,19,21,17.75,21,21,9,61.47,20400,600,17-Apr-17
OPTSTK,INDIGO,27-Apr-17,1140,CE,14.45,17.1,11.85,14,14,26,180.01,24000,-3000,17-Apr-17
OPTSTK,INDIGO,27-Apr-17,1160,CE,11.7,11.7,8,10.2,10.2,15,105.28,15600,0,17-Apr-17
OPTSTK,INDIGO,27-Apr-17,1180,CE,8.3,8.3,8.3,8.3,8.3,1,7.12,9000,0,17-Apr-17
OPTSTK,INDIGO,27-Apr-17,1200,CE,8,8,4,4,4,2,14.47,18600,0,17-Apr-17
OPTSTK,INDIGO,27-Apr-17,1220,CE,0,0,0,10.2,0.75,0,0,3600,0,17-Apr-17
OPTSTK,INDIGO,27-Apr-17,1240,CE,0,0,0,3.25,0.35,0,0,0,0,17-Apr-17
OPTSTK,INDIGO,27-Apr-17,1260,CE,0,0,0,2.3,0.2,0,0,0,0,17-Apr-17
OPTSTK,INDIGO,27-Apr-17,1280,CE,0,0,0,1.65,0.1,0,0,0,0,17-Apr-17
OPTSTK,INDIGO,27-Apr-17,1300,CE,0,0,0,1.15,0.05,0,0,0,0,17-Apr-17
OPTSTK,INDIGO,27-Apr-17,840,PE,0,0,0,0.75,0,0,0,0,0,17-Apr-17
OPTSTK,INDIGO,27-Apr-17,860,PE,0,0,0,1.35,0,0,0,0,0,17-Apr-17
OPTSTK,INDIGO,27-Apr-17,880,PE,0,0,0,2.25,0,0,0,0,0,17-Apr-17
OPTSTK,INDIGO,27-Apr-17,900,PE,0,0,0,3.65,0.05,0,0,0,0,17-Apr-17
OPTSTK,INDIGO,27-Apr-17,920,PE,0,0,0,5.75,0.05,0,0,0,0,17-Apr-17
OPTSTK,INDIGO,27-Apr-17,940,PE,0,0,0,8.6,0.1,0,0,0,0,17-Apr-17
OPTSTK,INDIGO,27-Apr-17,960,PE,0,0,0,12.45,0.25,0,0,0,0,17-Apr-17
OPTSTK,INDIGO,27-Apr-17,980,PE,0,0,0,17.45,0.65,0,0,0,0,17-Apr-17
OPTSTK,INDIGO,27-Apr-17,1000,PE,2,2,2,2,2,3,18.03,15600,-1800,17-Apr-17
OPTSTK,INDIGO,27-Apr-17,1020,PE,4.05,4.05,4,4,4,2,12.28,3000,-600,17-Apr-17
OPTSTK,INDIGO,27-Apr-17,1040,PE,0,0,0,9,6.5,0,0,6600,0,17-Apr-17
OPTSTK,INDIGO,27-Apr-17,1060,PE,0,0,0,13,11.45,0,0,4800,0,17-Apr-17
OPTSTK,INDIGO,27-Apr-17,1080,PE,0,0,0,22,18.7,0,0,5400,0,17-Apr-17
OPTSTK,INDIGO,27-Apr-17,1100,PE,0,0,0,29.5,28.4,0,0,5400,0,17-Apr-17
OPTSTK,INDIGO,27-Apr-17,1120,PE,0,0,0,36,40.6,0,0,600,0,17-Apr-17
OPTSTK,INDIGO,27-Apr-17,1140,PE,0,0,0,80,55.05,0,0,600,0,17-Apr-17
OPTSTK,INDIGO,27-Apr-17,1160,PE,0,0,0,121.4,71.3,0,0,0,0,17-Apr-17
OPTSTK,INDIGO,27-Apr-17,1180,PE,0,0,0,138.45,88.95,0,0,0,0,17-Apr-17
OPTSTK,INDIGO,27-Apr-17,1200,PE,0,0,0,156.1,107.55,0,0,0,0,17-Apr-17
OPTSTK,INDIGO,27-Apr-17,1220,PE,0,0,0,174.35,126.75,0,0,0,0,17-Apr-17
OPTSTK,INDIGO,27-Apr-17,1240,PE,0,0,0,192.95,146.3,0,0,0,0,17-Apr-17
OPTSTK,INDIGO,27-Apr-17,1260,PE,0,0,0,211.9,166.1,0,0,0,0,17-Apr-17
OPTSTK,INDIGO,27-Apr-17,1280,PE,0,0,0,231.15,185.95,0,0,0,0,17-Apr-17
OPTSTK,INDIGO,27-Apr-17,1300,PE,0,0,0,250.55,205.9,0,0,0,0,17-Apr-17
OPTSTK,INDIGO,25-May-17,840,CE,0,0,0,216.95,257.9,0,0,0,0,17-Apr-17
OPTSTK,INDIGO,25-May-17,860,CE,0,0,0,199,238.3,0,0,0,0,17-Apr-17
OPTSTK,INDIGO,25-May-17,880,CE,0,0,0,181.5,218.85,0,0,0,0,17-Apr-17
OPTSTK,INDIGO,25-May-17,900,CE,0,0,0,164.7,199.65,0,0,0,0,17-Apr-17
OPTSTK,INDIGO,25-May-17,920,CE,0,0,0,148.6,180.85,0,0,0,0,17-Apr-17
OPTSTK,INDIGO,25-May-17,940,CE,0,0,0,133.3,162.5,0,0,0,0,17-Apr-17
OPTSTK,INDIGO,25-May-17,960,CE,0,0,0,118.9,144.75,0,0,0,0,17-Apr-17
OPTSTK,INDIGO,25-May-17,980,CE,0,0,0,105.35,127.8,0,0,0,0,17-Apr-17
OPTSTK,INDIGO,25-May-17,1000,CE,0,0,0,92.8,111.7,0,0,0,0,17-Apr-17
OPTSTK,INDIGO,25-May-17,1020,CE,0,0,0,81.25,96.7,0,0,0,0,17-Apr-17
OPTSTK,INDIGO,25-May-17,1040,CE,0,0,0,70.75,82.75,0,0,0,0,17-Apr-17
OPTSTK,INDIGO,25-May-17,1060,CE,0,0,0,61.2,70.1,0,0,0,0,17-Apr-17
OPTSTK,INDIGO,25-May-17,1080,CE,0,0,0,52.65,58.7,0,0,0,0,17-Apr-17
OPTSTK,INDIGO,25-May-17,1100,CE,0,0,0,45,48.6,0,0,0,0,17-Apr-17
OPTSTK,INDIGO,25-May-17,1120,CE,0,0,0,38.25,39.8,0,0,0,0,17-Apr-17
OPTSTK,INDIGO,25-May-17,1140,CE,0,0,0,32.3,32.25,0,0,0,0,17-Apr-17
OPTSTK,INDIGO,25-May-17,1160,CE,0,0,0,27.2,25.8,0,0,0,0,17-Apr-17
OPTSTK,INDIGO,25-May-17,1180,CE,0,0,0,22.75,20.45,0,0,0,0,17-Apr-17
OPTSTK,INDIGO,25-May-17,1200,CE,0,0,0,18.9,16,0,0,0,0,17-Apr-17
OPTSTK,INDIGO,25-May-17,1220,CE,0,0,0,15.65,12.4,0,0,0,0,17-Apr-17
OPTSTK,INDIGO,25-May-17,1240,CE,0,0,0,12.9,9.5,0,0,0,0,17-Apr-17
OPTSTK,INDIGO,25-May-17,1260,CE,0,0,0,10.55,7.2,0,0,0,0,17-Apr-17
OPTSTK,INDIGO,25-May-17,1280,CE,0,0,0,8.6,5.4,0,0,0,0,17-Apr-17
OPTSTK,INDIGO,25-May-17,1300,CE,0,0,0,7,4,0,0,0,0,17-Apr-17
OPTSTK,INDIGO,25-May-17,840,PE,0,0,0,4.25,0.3,0,0,0,0,17-Apr-17
OPTSTK,INDIGO,25-May-17,860,PE,0,0,0,6.05,0.6,0,0,0,0,17-Apr-17
OPTSTK,INDIGO,25-May-17,880,PE,0,0,0,8.4,1,0,0,0,0,17-Apr-17
OPTSTK,INDIGO,25-May-17,900,PE,0,0,0,11.4,1.7,0,0,0,0,17-Apr-17
OPTSTK,INDIGO,25-May-17,920,PE,0,0,0,15.1,2.75,0,0,0,0,17-Apr-17
OPTSTK,INDIGO,25-May-17,940,PE,0,0,0,19.55,4.25,0,0,0,0,17-Apr-17
OPTSTK,INDIGO,25-May-17,960,PE,0,0,0,24.95,6.4,0,0,0,0,17-Apr-17
OPTSTK,INDIGO,25-May-17,980,PE,0,0,0,31.2,9.3,0,0,0,0,17-Apr-17
OPTSTK,INDIGO,25-May-17,1000,PE,0,0,0,38.45,13.1,0,0,0,0,17-Apr-17
OPTSTK,INDIGO,25-May-17,1020,PE,0,0,0,46.75,17.95,0,0,0,0,17-Apr-17
OPTSTK,INDIGO,25-May-17,1040,PE,0,0,0,56,23.85,0,0,0,0,17-Apr-17
OPTSTK,INDIGO,25-May-17,1060,PE,0,0,0,66.25,31.05,0,0,0,0,17-Apr-17
OPTSTK,INDIGO,25-May-17,1080,PE,0,0,0,77.5,39.55,0,0,0,0,17-Apr-17
OPTSTK,INDIGO,25-May-17,1100,PE,0,0,0,89.65,49.3,0,0,0,0,17-Apr-17
OPTSTK,INDIGO,25-May-17,1120,PE,0,0,0,102.7,60.35,0,0,0,0,17-Apr-17
OPTSTK,INDIGO,25-May-17,1140,PE,0,0,0,116.55,72.65,0,0,0,0,17-Apr-17
OPTSTK,INDIGO,25-May-17,1160,PE,0,0,0,131.25,86.05,0,0,0,0,17-Apr-17
OPTSTK,INDIGO,25-May-17,1180,PE,0,0,0,146.6,100.6,0,0,0,0,17-Apr-17
OPTSTK,INDIGO,25-May-17,1200,PE,0,0,0,162.55,116,0,0,0,0,17-Apr-17
OPTSTK,INDIGO,25-May-17,1220,PE,0,0,0,179.05,132.25,0,0,0,0,17-Apr-17
OPTSTK,INDIGO,25-May-17,1240,PE,0,0,0,196.1,149.25,0,0,0,0,17-Apr-17
OPTSTK,INDIGO,25-May-17,1260,PE,0,0,0,213.55,166.8,0,0,0,0,17-Apr-17
OPTSTK,INDIGO,25-May-17,1280,PE,0,0,0,231.4,184.85,0,0,0,0,17-Apr-17
OPTSTK,INDIGO,25-May-17,1300,PE,0,0,0,249.6,203.35,0,0,0,0,17-Apr-17
OPTSTK,INDIGO,29-Jun-17,840,CE,0,0,0,228.1,265.05,0,0,0,0,17-Apr-17
OPTSTK,INDIGO,29-Jun-17,860,CE,0,0,0,211.35,246.4,0,0,0,0,17-Apr-17
OPTSTK,INDIGO,29-Jun-17,880,CE,0,0,0,195.15,228.05,0,0,0,0,17-Apr-17
OPTSTK,INDIGO,29-Jun-17,900,CE,0,0,0,179.6,210.2,0,0,0,0,17-Apr-17
OPTSTK,INDIGO,29-Jun-17,920,CE,0,0,0,164.75,192.8,0,0,0,0,17-Apr-17
OPTSTK,INDIGO,29-Jun-17,940,CE,0,0,0,150.6,176.05,0,0,0,0,17-Apr-17
OPTSTK,INDIGO,29-Jun-17,960,CE,0,0,0,137.1,159.95,0,0,0,0,17-Apr-17
OPTSTK,INDIGO,29-Jun-17,980,CE,0,0,0,124.45,144.6,0,0,0,0,17-Apr-17
OPTSTK,INDIGO,29-Jun-17,1000,CE,0,0,0,112.6,130.05,0,0,0,0,17-Apr-17
OPTSTK,INDIGO,29-Jun-17,1020,CE,0,0,0,101.5,116.3,0,0,0,0,17-Apr-17
OPTSTK,INDIGO,29-Jun-17,1040,CE,0,0,0,91.2,103.5,0,0,0,0,17-Apr-17
OPTSTK,INDIGO,29-Jun-17,1060,CE,0,0,0,81.7,91.65,0,0,0,0,17-Apr-17
OPTSTK,INDIGO,29-Jun-17,1080,CE,0,0,0,72.95,80.7,0,0,0,0,17-Apr-17
OPTSTK,INDIGO,29-Jun-17,1100,CE,0,0,0,64.9,70.7,0,0,0,0,17-Apr-17
OPTSTK,INDIGO,29-Jun-17,1120,CE,0,0,0,57.6,61.6,0,0,0,0,17-Apr-17
OPTSTK,INDIGO,29-Jun-17,1140,CE,0,0,0,50.95,53.45,0,0,0,0,17-Apr-17
OPTSTK,INDIGO,29-Jun-17,1160,CE,0,0,0,44.95,46.1,0,0,0,0,17-Apr-17
OPTSTK,INDIGO,29-Jun-17,1180,CE,0,0,0,39.5,39.55,0,0,0,0,17-Apr-17
OPTSTK,INDIGO,29-Jun-17,1200,CE,0,0,0,34.7,33.8,0,0,0,0,17-Apr-17
OPTSTK,INDIGO,29-Jun-17,1220,CE,0,0,0,30.4,28.75,0,0,0,0,17-Apr-17
OPTSTK,INDIGO,29-Jun-17,1240,CE,0,0,0,26.5,24.35,0,0,0,0,17-Apr-17
OPTSTK,INDIGO,29-Jun-17,1260,CE,0,0,0,23.05,20.5,0,0,0,0,17-Apr-17
OPTSTK,INDIGO,29-Jun-17,1280,CE,0,0,0,20,17.2,0,0,0,0,17-Apr-17
OPTSTK,INDIGO,29-Jun-17,1300,CE,0,0,0,17.35,14.35,0,0,0,0,17-Apr-17
OPTSTK,INDIGO,29-Jun-17,840,PE,0,0,0,10.1,2.3,0,0,0,0,17-Apr-17
OPTSTK,INDIGO,29-Jun-17,860,PE,0,0,0,13,3.4,0,0,0,0,17-Apr-17
OPTSTK,INDIGO,29-Jun-17,880,PE,0,0,0,16.5,4.8,0,0,0,0,17-Apr-17
OPTSTK,INDIGO,29-Jun-17,900,PE,0,0,0,20.6,6.65,0,0,0,0,17-Apr-17
OPTSTK,INDIGO,29-Jun-17,920,PE,0,0,0,25.45,9.05,0,0,0,0,17-Apr-17
OPTSTK,INDIGO,29-Jun-17,940,PE,0,0,0,30.95,12,0,0,0,0,17-Apr-17
OPTSTK,INDIGO,29-Jun-17,960,PE,0,0,0,37.15,15.65,0,0,0,0,17-Apr-17
OPTSTK,INDIGO,29-Jun-17,980,PE,0,0,0,44.15,20.05,0,0,0,0,17-Apr-17
OPTSTK,INDIGO,29-Jun-17,1000,PE,0,0,0,51.95,25.25,0,0,0,0,17-Apr-17
OPTSTK,INDIGO,29-Jun-17,1020,PE,0,0,0,60.55,31.25,0,0,0,0,17-Apr-17
OPTSTK,INDIGO,29-Jun-17,1040,PE,0,0,0,69.9,38.2,0,0,0,0,17-Apr-17
OPTSTK,INDIGO,29-Jun-17,1060,PE,0,0,0,80.05,46.05,0,0,0,0,17-Apr-17
OPTSTK,INDIGO,29-Jun-17,1080,PE,0,0,0,91,54.85,0,0,0,0,17-Apr-17
OPTSTK,INDIGO,29-Jun-17,1100,PE,0,0,0,102.6,64.6,0,0,0,0,17-Apr-17
OPTSTK,INDIGO,29-Jun-17,1120,PE,0,0,0,114.95,75.25,0,0,0,0,17-Apr-17
OPTSTK,INDIGO,29-Jun-17,1140,PE,0,0,0,128,86.8,0,0,0,0,17-Apr-17
OPTSTK,INDIGO,29-Jun-17,1160,PE,0,0,0,141.65,99.2,0,0,0,0,17-Apr-17
OPTSTK,INDIGO,29-Jun-17,1180,PE,0,0,0,155.9,112.4,0,0,0,0,17-Apr-17
OPTSTK,INDIGO,29-Jun-17,1200,PE,0,0,0,170.75,126.4,0,0,0,0,17-Apr-17
OPTSTK,INDIGO,29-Jun-17,1220,PE,0,0,0,186.1,141.1,0,0,0,0,17-Apr-17
OPTSTK,INDIGO,29-Jun-17,1240,PE,0,0,0,201.9,156.45,0,0,0,0,17-Apr-17
OPTSTK,INDIGO,29-Jun-17,1260,PE,0,0,0,218.1,172.3,0,0,0,0,17-Apr-17
OPTSTK,INDIGO,29-Jun-17,1280,PE,0,0,0,234.75,188.75,0,0,0,0,17-Apr-17
OPTSTK,INDIGO,29-Jun-17,1300,PE,0,0,0,251.75,205.65,0,0,0,0,17-Apr-17
OPTSTK,INDUSINDBK,27-Apr-17,860,CE,0,0,0,419.85,576.75,0,0,0,0,17-Apr-17
OPTSTK,INDUSINDBK,27-Apr-17,880,CE,0,0,0,400.35,556.8,0,0,0,0,17-Apr-17
OPTSTK,INDUSINDBK,27-Apr-17,900,CE,0,0,0,380.95,536.85,0,0,0,0,17-Apr-17
OPTSTK,INDUSINDBK,27-Apr-17,920,CE,0,0,0,361.65,516.85,0,0,0,0,17-Apr-17
OPTSTK,INDUSINDBK,27-Apr-17,940,CE,0,0,0,342.5,496.9,0,0,0,0,17-Apr-17
OPTSTK,INDUSINDBK,27-Apr-17,960,CE,0,0,0,323.55,476.95,0,0,0,0,17-Apr-17
OPTSTK,INDUSINDBK,27-Apr-17,980,CE,0,0,0,304.8,457,0,0,0,0,17-Apr-17
OPTSTK,INDUSINDBK,27-Apr-17,1000,CE,0,0,0,423,437,0,0,18000,0,17-Apr-17
OPTSTK,INDUSINDBK,27-Apr-17,1020,CE,0,0,0,268.15,417.05,0,0,0,0,17-Apr-17
OPTSTK,INDUSINDBK,27-Apr-17,1040,CE,0,0,0,250.4,397.1,0,0,0,0,17-Apr-17
OPTSTK,INDUSINDBK,27-Apr-17,1060,CE,0,0,0,233.05,377.1,0,0,0,0,17-Apr-17
OPTSTK,INDUSINDBK,27-Apr-17,1080,CE,0,0,0,216.15,357.15,0,0,0,0,17-Apr-17
OPTSTK,INDUSINDBK,27-Apr-17,1100,CE,0,0,0,199.85,337.2,0,0,0,0,17-Apr-17
OPTSTK,INDUSINDBK,27-Apr-17,1120,CE,0,0,0,184.15,317.2,0,0,0,0,17-Apr-17
OPTSTK,INDUSINDBK,27-Apr-17,1140,CE,0,0,0,276,297.25,0,0,600,0,17-Apr-17
OPTSTK,INDUSINDBK,27-Apr-17,1160,CE,0,0,0,244,277.3,0,0,1200,0,17-Apr-17
OPTSTK,INDUSINDBK,27-Apr-17,1180,CE,0,0,0,208,257.3,0,0,600,0,17-Apr-17
OPTSTK,INDUSINDBK,27-Apr-17,1200,CE,0,0,0,212,237.35,0,0,2400,0,17-Apr-17
OPTSTK,INDUSINDBK,27-Apr-17,1220,CE,0,0,0,115.85,217.4,0,0,0,0,17-Apr-17
OPTSTK,INDUSINDBK,27-Apr-17,1240,CE,0,0,0,104.45,197.45,0,0,0,0,17-Apr-17
OPTSTK,INDUSINDBK,27-Apr-17,1260,CE,0,0,0,155,177.45,0,0,1800,0,17-Apr-17
OPTSTK,INDUSINDBK,27-Apr-17,1280,CE,0,0,0,157,157.5,0,0,16800,0,17-Apr-17
OPTSTK,INDUSINDBK,27-Apr-17,1300,CE,0,0,0,130.3,137.55,0,0,3000,0,17-Apr-17
OPTSTK,INDUSINDBK,27-Apr-17,1320,CE,0,0,0,85.9,117.6,0,0,600,0,17-Apr-17
OPTSTK,INDUSINDBK,27-Apr-17,1340,CE,0,0,0,84,97.75,0,0,1200,0,17-Apr-17
OPTSTK,INDUSINDBK,27-Apr-17,1360,CE,0,0,0,80,78.2,0,0,11400,0,17-Apr-17
OPTSTK,INDUSINDBK,27-Apr-17,1380,CE,0,0,0,62,59.4,0,0,55800,0,17-Apr-17
OPTSTK,INDUSINDBK,27-Apr-17,1400,CE,47,53.6,43.7,53.6,53.6,10,86.88,51000,-600,17-Apr-17
OPTSTK,INDUSINDBK,27-Apr-17,1420,CE,32.8,39.85,32,38.5,38.5,65,567.85,73200,-8400,17-Apr-17
OPTSTK,INDUSINDBK,27-Apr-17,1440,CE,26.05,28.55,22.2,27.8,27.8,275,2417.49,134400,16800,17-Apr-17
OPTSTK,INDUSINDBK,27-Apr-17,1460,CE,16.9,20.6,14.9,19.4,19.4,191,1692.89,145200,19800,17-Apr-17
OPTSTK,INDUSINDBK,27-Apr-17,1480,CE,13.15,13.6,10.1,13.05,13.05,129,1154.65,64200,10800,17-Apr-17
OPTSTK,INDUSINDBK,27-Apr-17,1500,CE,6.95,9.2,6.45,8.8,8.8,57,515.67,96600,7200,17-Apr-17
OPTSTK,INDUSINDBK,27-Apr-17,1520,CE,5.3,6.1,4.25,5.9,5.9,29,265.34,37800,-4200,17-Apr-17
OPTSTK,INDUSINDBK,27-Apr-17,1540,CE,3.5,3.5,3.5,3.5,3.5,1,9.26,10800,0,17-Apr-17
OPTSTK,INDUSINDBK,27-Apr-17,1560,CE,0,0,0,3.3,0.05,0,0,10200,0,17-Apr-17
OPTSTK,INDUSINDBK,27-Apr-17,1580,CE,0,0,0,1.95,0.05,0,0,2400,0,17-Apr-17
OPTSTK,INDUSINDBK,27-Apr-17,1600,CE,0,0,0,9.1,0,0,0,0,0,17-Apr-17
OPTSTK,INDUSINDBK,27-Apr-17,1620,CE,0,0,0,7.75,0,0,0,0,0,17-Apr-17
OPTSTK,INDUSINDBK,27-Apr-17,1640,CE,0,0,0,6.55,0,0,0,0,0,17-Apr-17
OPTSTK,INDUSINDBK,27-Apr-17,860,PE,0,0,0,0.35,0,0,0,0,0,17-Apr-17
OPTSTK,INDUSINDBK,27-Apr-17,880,PE,0,0,0,0.55,0,0,0,0,0,17-Apr-17
OPTSTK,INDUSINDBK,27-Apr-17,900,PE,0,0,0,0.8,0,0,0,0,0,17-Apr-17
OPTSTK,INDUSINDBK,27-Apr-17,920,PE,0,0,0,1.15,0,0,0,0,0,17-Apr-17
OPTSTK,INDUSINDBK,27-Apr-17,940,PE,0,0,0,1.7,0,0,0,0,0,17-Apr-17
OPTSTK,INDUSINDBK,27-Apr-17,960,PE,0,0,0,2.4,0,0,0,0,0,17-Apr-17
OPTSTK,INDUSINDBK,27-Apr-17,980,PE,0,0,0,3.3,0,0,0,0,0,17-Apr-17
OPTSTK,INDUSINDBK,27-Apr-17,1000,PE,0,0,0,4.5,0,0,0,0,0,17-Apr-17
OPTSTK,INDUSINDBK,27-Apr-17,1020,PE,0,0,0,6,0,0,0,0,0,17-Apr-17
OPTSTK,INDUSINDBK,27-Apr-17,1040,PE,0,0,0,7.9,0,0,0,0,0,17-Apr-17
OPTSTK,INDUSINDBK,27-Apr-17,1060,PE,0,0,0,10.25,0,0,0,0,0,17-Apr-17
OPTSTK,INDUSINDBK,27-Apr-17,1080,PE,0,0,0,13.05,0,0,0,0,0,17-Apr-17
OPTSTK,INDUSINDBK,27-Apr-17,1100,PE,0,0,0,16.4,0,0,0,0,0,17-Apr-17
OPTSTK,INDUSINDBK,27-Apr-17,1120,PE,0,0,0,20.35,0,0,0,0,0,17-Apr-17
OPTSTK,INDUSINDBK,27-Apr-17,1140,PE,0,0,0,24.95,0,0,0,0,0,17-Apr-17
OPTSTK,INDUSINDBK,27-Apr-17,1160,PE,0,0,0,30.25,0,0,0,0,0,17-Apr-17
OPTSTK,INDUSINDBK,27-Apr-17,1180,PE,0,0,0,36.15,0,0,0,0,0,17-Apr-17
OPTSTK,INDUSINDBK,27-Apr-17,1200,PE,0,0,0,42.9,0,0,0,0,0,17-Apr-17
OPTSTK,INDUSINDBK,27-Apr-17,1220,PE,0,0,0,50.4,0,0,0,0,0,17-Apr-17
OPTSTK,INDUSINDBK,27-Apr-17,1240,PE,0,0,0,58.7,0,0,0,0,0,17-Apr-17
OPTSTK,INDUSINDBK,27-Apr-17,1260,PE,0.35,0.35,0.35,0.35,0.35,1,7.56,1200,0,17-Apr-17
OPTSTK,INDUSINDBK,27-Apr-17,1280,PE,0,0,0,0.95,0,0,0,17400,0,17-Apr-17
OPTSTK,INDUSINDBK,27-Apr-17,1300,PE,1.8,1.8,1.8,1.8,1.8,2,15.62,28200,1200,17-Apr-17
OPTSTK,INDUSINDBK,27-Apr-17,1320,PE,1.4,1.4,1.15,1.15,1.15,3,23.78,14400,600,17-Apr-17
OPTSTK,INDUSINDBK,27-Apr-17,1340,PE,2,2,1.9,2,2,19,152.98,39000,-1800,17-Apr-17
OPTSTK,INDUSINDBK,27-Apr-17,1360,PE,3.9,4.1,3.35,3.4,3.4,30,245.48,58200,600,17-Apr-17
OPTSTK,INDUSINDBK,27-Apr-17,1380,PE,6.1,7,5.25,6.6,6.6,45,374.37,89400,3600,17-Apr-17
OPTSTK,INDUSINDBK,27-Apr-17,1400,PE,9.9,13.25,9.6,10.15,10.15,208,1761.46,85800,8400,17-Apr-17
OPTSTK,INDUSINDBK,27-Apr-17,1420,PE,15.75,21,15.7,16.4,16.4,116,1000.79,66000,13200,17-Apr-17
OPTSTK,INDUSINDBK,27-Apr-17,1440,PE,26.65,30.05,24.8,25.8,25.8,13,114.46,32400,1800,17-Apr-17
OPTSTK,INDUSINDBK,27-Apr-17,1460,PE,38,38,38,38,38,2,17.97,3600,0,17-Apr-17
OPTSTK,INDUSINDBK,27-Apr-17,1480,PE,0,0,0,66.75,46.2,0,0,600,0,17-Apr-17
OPTSTK,INDUSINDBK,27-Apr-17,1500,PE,0,0,0,229.8,63.8,0,0,0,0,17-Apr-17
OPTSTK,INDUSINDBK,27-Apr-17,1520,PE,0,0,0,246.75,82.7,0,0,0,0,17-Apr-17
OPTSTK,INDUSINDBK,27-Apr-17,1540,PE,0,0,0,264,102.25,0,0,0,0,17-Apr-17
OPTSTK,INDUSINDBK,27-Apr-17,1560,PE,0,0,0,281.55,122.1,0,0,0,0,17-Apr-17
OPTSTK,INDUSINDBK,27-Apr-17,1580,PE,0,0,0,299.35,142.05,0,0,0,0,17-Apr-17
OPTSTK,INDUSINDBK,27-Apr-17,1600,PE,0,0,0,317.45,162,0,0,0,0,17-Apr-17
OPTSTK,INDUSINDBK,27-Apr-17,1620,PE,0,0,0,335.75,181.95,0,0,0,0,17-Apr-17
OPTSTK,INDUSINDBK,27-Apr-17,1640,PE,0,0,0,354.25,201.9,0,0,0,0,17-Apr-17
OPTSTK,INDUSINDBK,25-May-17,940,CE,0,0,0,415.6,501.6,0,0,0,0,17-Apr-17
OPTSTK,INDUSINDBK,25-May-17,960,CE,0,0,0,396,481.75,0,0,0,0,17-Apr-17
OPTSTK,INDUSINDBK,25-May-17,980,CE,0,0,0,376.4,461.9,0,0,0,0,17-Apr-17
OPTSTK,INDUSINDBK,25-May-17,1000,CE,0,0,0,356.9,442,0,0,0,0,17-Apr-17
OPTSTK,INDUSINDBK,25-May-17,1020,CE,0,0,0,337.45,422.15,0,0,0,0,17-Apr-17
OPTSTK,INDUSINDBK,25-May-17,1040,CE,0,0,0,318.1,402.3,0,0,0,0,17-Apr-17
OPTSTK,INDUSINDBK,25-May-17,1060,CE,0,0,0,298.95,382.4,0,0,0,0,17-Apr-17
OPTSTK,INDUSINDBK,25-May-17,1080,CE,0,0,0,279.95,362.55,0,0,0,0,17-Apr-17
OPTSTK,INDUSINDBK,25-May-17,1100,CE,0,0,0,261.2,342.7,0,0,0,0,17-Apr-17
OPTSTK,INDUSINDBK,25-May-17,1120,CE,0,0,0,242.8,322.8,0,0,0,0,17-Apr-17
OPTSTK,INDUSINDBK,25-May-17,1140,CE,0,0,0,224.8,302.95,0,0,0,0,17-Apr-17
OPTSTK,INDUSINDBK,25-May-17,1160,CE,0,0,0,207.2,283.1,0,0,0,0,17-Apr-17
OPTSTK,INDUSINDBK,25-May-17,1180,CE,0,0,0,190.15,263.25,0,0,0,0,17-Apr-17
OPTSTK,INDUSINDBK,25-May-17,1200,CE,0,0,0,173.7,243.4,0,0,0,0,17-Apr-17
OPTSTK,INDUSINDBK,25-May-17,1220,CE,0,0,0,157.85,223.55,0,0,0,0,17-Apr-17
OPTSTK,INDUSINDBK,25-May-17,1240,CE,0,0,0,142.85,203.75,0,0,0,0,17-Apr-17
OPTSTK,INDUSINDBK,25-May-17,1260,CE,0,0,0,128.55,184.05,0,0,0,0,17-Apr-17
OPTSTK,INDUSINDBK,25-May-17,1280,CE,0,0,0,115.05,164.5,0,0,0,0,17-Apr-17
OPTSTK,INDUSINDBK,25-May-17,1300,CE,0,0,0,102.45,145.2,0,0,0,0,17-Apr-17
OPTSTK,INDUSINDBK,25-May-17,1320,CE,0,0,0,90.75,126.35,0,0,0,0,17-Apr-17
OPTSTK,INDUSINDBK,25-May-17,1340,CE,0,0,0,80,108.2,0,0,0,0,17-Apr-17
OPTSTK,INDUSINDBK,25-May-17,1360,CE,0,0,0,70.1,90.95,0,0,0,0,17-Apr-17
OPTSTK,INDUSINDBK,25-May-17,1380,CE,0,0,0,61.1,74.9,0,0,0,0,17-Apr-17
OPTSTK,INDUSINDBK,25-May-17,1400,CE,0,0,0,53,60.25,0,0,0,0,17-Apr-17
OPTSTK,INDUSINDBK,25-May-17,1420,CE,52.95,52.95,43.1,43.4,43.4,3,26.39,3000,0,17-Apr-17
OPTSTK,INDUSINDBK,25-May-17,1440,CE,0,0,0,29.8,36.25,0,0,3000,0,17-Apr-17
OPTSTK,INDUSINDBK,25-May-17,1460,CE,0,0,0,33.45,27,0,0,0,0,17-Apr-17
OPTSTK,INDUSINDBK,25-May-17,1480,CE,0,0,0,24.1,19.55,0,0,5400,0,17-Apr-17
OPTSTK,INDUSINDBK,25-May-17,1500,CE,0,0,0,18,13.85,0,0,1800,0,17-Apr-17
OPTSTK,INDUSINDBK,25-May-17,1520,CE,0,0,0,16,9.45,0,0,600,0,17-Apr-17
OPTSTK,INDUSINDBK,25-May-17,1540,CE,0,0,0,16.9,6.25,0,0,0,0,17-Apr-17
OPTSTK,INDUSINDBK,25-May-17,1560,CE,0,0,0,14.1,4.05,0,0,0,0,17-Apr-17
OPTSTK,INDUSINDBK,25-May-17,1580,CE,0,0,0,11.65,2.55,0,0,0,0,17-Apr-17
OPTSTK,INDUSINDBK,25-May-17,1600,CE,0,0,0,9.65,1.55,0,0,0,0,17-Apr-17
OPTSTK,INDUSINDBK,25-May-17,1620,CE,0,0,0,7.9,0.9,0,0,0,0,17-Apr-17
OPTSTK,INDUSINDBK,25-May-17,1640,CE,0,0,0,6.45,0.55,0,0,0,0,17-Apr-17
OPTSTK,INDUSINDBK,25-May-17,940,PE,0,0,0,0.1,0,0,0,0,0,17-Apr-17
OPTSTK,INDUSINDBK,25-May-17,960,PE,0,0,0,0.15,0,0,0,0,0,17-Apr-17
OPTSTK,INDUSINDBK,25-May-17,980,PE,0,0,0,0.25,0,0,0,0,0,17-Apr-17
OPTSTK,INDUSINDBK,25-May-17,1000,PE,0,0,0,0.45,0,0,0,0,0,17-Apr-17
OPTSTK,INDUSINDBK,25-May-17,1020,PE,0,0,0,0.7,0,0,0,0,0,17-Apr-17
OPTSTK,INDUSINDBK,25-May-17,1040,PE,0,0,0,1.05,0,0,0,0,0,17-Apr-17
OPTSTK,INDUSINDBK,25-May-17,1060,PE,0,0,0,1.55,0,0,0,0,0,17-Apr-17
OPTSTK,INDUSINDBK,25-May-17,1080,PE,0,0,0,2.25,0,0,0,0,0,17-Apr-17
OPTSTK,INDUSINDBK,25-May-17,1100,PE,0,0,0,3.2,0,0,0,0,0,17-Apr-17
OPTSTK,INDUSINDBK,25-May-17,1120,PE,0,0,0,4.5,0,0,0,0,0,17-Apr-17
OPTSTK,INDUSINDBK,25-May-17,1140,PE,0,0,0,6.15,0,0,0,0,0,17-Apr-17
OPTSTK,INDUSINDBK,25-May-17,1160,PE,0,0,0,8.25,0,0,0,0,0,17-Apr-17
OPTSTK,INDUSINDBK,25-May-17,1180,PE,0,0,0,10.9,0.05,0,0,0,0,17-Apr-17
OPTSTK,INDUSINDBK,25-May-17,1200,PE,0,0,0,14.1,0.05,0,0,0,0,17-Apr-17
OPTSTK,INDUSINDBK,25-May-17,1220,PE,0,0,0,18,0.05,0,0,0,0,17-Apr-17
OPTSTK,INDUSINDBK,25-May-17,1240,PE,0,0,0,22.65,0.15,0,0,0,0,17-Apr-17
OPTSTK,INDUSINDBK,25-May-17,1260,PE,0,0,0,28,0.3,0,0,0,0,17-Apr-17
OPTSTK,INDUSINDBK,25-May-17,1280,PE,0,0,0,34.2,0.6,0,0,0,0,17-Apr-17
OPTSTK,INDUSINDBK,25-May-17,1300,PE,0,0,0,41.3,1.2,0,0,0,0,17-Apr-17
OPTSTK,INDUSINDBK,25-May-17,1320,PE,0,0,0,49.3,2.2,0,0,0,0,17-Apr-17
OPTSTK,INDUSINDBK,25-May-17,1340,PE,0,0,0,58.2,3.9,0,0,0,0,17-Apr-17
OPTSTK,INDUSINDBK,25-May-17,1360,PE,0,0,0,68,6.5,0,0,0,0,17-Apr-17
OPTSTK,INDUSINDBK,25-May-17,1380,PE,0,0,0,78.7,10.3,0,0,0,0,17-Apr-17
OPTSTK,INDUSINDBK,25-May-17,1400,PE,0,0,0,29,15.55,0,0,600,0,17-Apr-17
OPTSTK,INDUSINDBK,25-May-17,1420,PE,0,0,0,102.65,22.5,0,0,0,0,17-Apr-17
OPTSTK,INDUSINDBK,25-May-17,1440,PE,37.1,37.1,37.1,37.1,37.1,1,8.86,600,600,17-Apr-17
OPTSTK,INDUSINDBK,25-May-17,1460,PE,0,0,0,53.85,41.9,0,0,2400,0,17-Apr-17
OPTSTK,INDUSINDBK,25-May-17,1480,PE,0,0,0,67.2,54.35,0,0,1200,0,17-Apr-17
OPTSTK,INDUSINDBK,25-May-17,1500,PE,0,0,0,159.75,68.45,0,0,0,0,17-Apr-17
OPTSTK,INDUSINDBK,25-May-17,1520,PE,0,0,0,175.6,83.95,0,0,0,0,17-Apr-17
OPTSTK,INDUSINDBK,25-May-17,1540,PE,0,0,0,192,100.65,0,0,0,0,17-Apr-17
OPTSTK,INDUSINDBK,25-May-17,1560,PE,0,0,0,208.85,118.25,0,0,0,0,17-Apr-17
OPTSTK,INDUSINDBK,25-May-17,1580,PE,0,0,0,226.15,136.65,0,0,0,0,17-Apr-17
OPTSTK,INDUSINDBK,25-May-17,1600,PE,0,0,0,243.75,155.5,0,0,0,0,17-Apr-17
OPTSTK,INDUSINDBK,25-May-17,1620,PE,0,0,0,261.75,174.75,0,0,0,0,17-Apr-17
OPTSTK,INDUSINDBK,25-May-17,1640,PE,0,0,0,280,194.2,0,0,0,0,17-Apr-17
OPTSTK,INDUSINDBK,29-Jun-17,1020,CE,0,0,0,419.15,428.45,0,0,0,0,17-Apr-17
OPTSTK,INDUSINDBK,29-Jun-17,1040,CE,0,0,0,399.5,408.7,0,0,0,0,17-Apr-17
OPTSTK,INDUSINDBK,29-Jun-17,1060,CE,0,0,0,379.85,388.95,0,0,0,0,17-Apr-17
OPTSTK,INDUSINDBK,29-Jun-17,1080,CE,0,0,0,360.2,369.2,0,0,0,0,17-Apr-17
OPTSTK,INDUSINDBK,29-Jun-17,1100,CE,0,0,0,340.6,349.5,0,0,0,0,17-Apr-17
OPTSTK,INDUSINDBK,29-Jun-17,1120,CE,0,0,0,321.05,329.75,0,0,0,0,17-Apr-17
OPTSTK,INDUSINDBK,29-Jun-17,1140,CE,0,0,0,301.6,310.05,0,0,0,0,17-Apr-17
OPTSTK,INDUSINDBK,29-Jun-17,1160,CE,0,0,0,282.2,290.35,0,0,0,0,17-Apr-17
OPTSTK,INDUSINDBK,29-Jun-17,1180,CE,0,0,0,263,270.7,0,0,0,0,17-Apr-17
OPTSTK,INDUSINDBK,29-Jun-17,1200,CE,0,0,0,244,251.1,0,0,0,0,17-Apr-17
OPTSTK,INDUSINDBK,29-Jun-17,1220,CE,0,0,0,225.25,231.65,0,0,0,0,17-Apr-17
OPTSTK,INDUSINDBK,29-Jun-17,1240,CE,0,0,0,206.85,212.35,0,0,0,0,17-Apr-17
OPTSTK,INDUSINDBK,29-Jun-17,1260,CE,0,0,0,188.9,193.3,0,0,0,0,17-Apr-17
OPTSTK,INDUSINDBK,29-Jun-17,1280,CE,0,0,0,171.45,174.6,0,0,0,0,17-Apr-17
OPTSTK,INDUSINDBK,29-Jun-17,1300,CE,0,0,0,154.65,156.4,0,0,0,0,17-Apr-17
OPTSTK,INDUSINDBK,29-Jun-17,1320,CE,0,0,0,138.55,138.8,0,0,0,0,17-Apr-17
OPTSTK,INDUSINDBK,29-Jun-17,1340,CE,0,0,0,123.3,122,0,0,0,0,17-Apr-17
OPTSTK,INDUSINDBK,29-Jun-17,1360,CE,0,0,0,108.9,106.05,0,0,0,0,17-Apr-17
OPTSTK,INDUSINDBK,29-Jun-17,1380,CE,0,0,0,95.5,91.2,0,0,0,0,17-Apr-17
OPTSTK,INDUSINDBK,29-Jun-17,1400,CE,0,0,0,83.1,77.45,0,0,0,0,17-Apr-17
OPTSTK,INDUSINDBK,29-Jun-17,1420,CE,0,0,0,71.75,64.95,0,0,0,0,17-Apr-17
OPTSTK,INDUSINDBK,29-Jun-17,1440,CE,0,0,0,61.45,53.8,0,0,0,0,17-Apr-17
OPTSTK,INDUSINDBK,29-Jun-17,1460,CE,0,0,0,52.2,44,0,0,0,0,17-Apr-17
OPTSTK,INDUSINDBK,29-Jun-17,1480,CE,0,0,0,44,35.5,0,0,0,0,17-Apr-17
OPTSTK,INDUSINDBK,29-Jun-17,1500,CE,0,0,0,36.8,28.25,0,0,0,0,17-Apr-17
OPTSTK,INDUSINDBK,29-Jun-17,1520,CE,0,0,0,30.55,22.15,0,0,0,0,17-Apr-17
OPTSTK,INDUSINDBK,29-Jun-17,1540,CE,0,0,0,25.1,17.25,0,0,0,0,17-Apr-17
OPTSTK,INDUSINDBK,29-Jun-17,1560,CE,0,0,0,20.55,13.15,0,0,0,0,17-Apr-17
OPTSTK,INDUSINDBK,29-Jun-17,1580,CE,0,0,0,16.65,9.9,0,0,0,0,17-Apr-17
OPTSTK,INDUSINDBK,29-Jun-17,1600,CE,0,0,0,13.35,7.35,0,0,0,0,17-Apr-17
OPTSTK,INDUSINDBK,29-Jun-17,1620,CE,0,0,0,10.65,5.4,0,0,0,0,17-Apr-17
OPTSTK,INDUSINDBK,29-Jun-17,1640,CE,0,0,0,8.45,3.9,0,0,0,0,17-Apr-17
OPTSTK,INDUSINDBK,29-Jun-17,1020,PE,0,0,0,0.05,0,0,0,0,0,17-Apr-17
OPTSTK,INDUSINDBK,29-Jun-17,1040,PE,0,0,0,0.05,0,0,0,0,0,17-Apr-17
OPTSTK,INDUSINDBK,29-Jun-17,1060,PE,0,0,0,0.05,0,0,0,0,0,17-Apr-17
OPTSTK,INDUSINDBK,29-Jun-17,1080,PE,0,0,0,0.1,0,0,0,0,0,17-Apr-17
OPTSTK,INDUSINDBK,29-Jun-17,1100,PE,0,0,0,0.2,0.05,0,0,0,0,17-Apr-17
OPTSTK,INDUSINDBK,29-Jun-17,1120,PE,0,0,0,0.3,0.05,0,0,0,0,17-Apr-17
OPTSTK,INDUSINDBK,29-Jun-17,1140,PE,0,0,0,0.5,0.05,0,0,0,0,17-Apr-17
OPTSTK,INDUSINDBK,29-Jun-17,1160,PE,0,0,0,0.8,0.1,0,0,0,0,17-Apr-17
OPTSTK,INDUSINDBK,29-Jun-17,1180,PE,0,0,0,1.25,0.2,0,0,0,0,17-Apr-17
OPTSTK,INDUSINDBK,29-Jun-17,1200,PE,0,0,0,1.9,0.35,0,0,0,0,17-Apr-17
OPTSTK,INDUSINDBK,29-Jun-17,1220,PE,0,0,0,2.8,0.65,0,0,0,0,17-Apr-17
OPTSTK,INDUSINDBK,29-Jun-17,1240,PE,0,0,0,4.1,1.1,0,0,0,0,17-Apr-17
OPTSTK,INDUSINDBK,29-Jun-17,1260,PE,0,0,0,5.8,1.8,0,0,0,0,17-Apr-17
OPTSTK,INDUSINDBK,29-Jun-17,1280,PE,0,0,0,8.05,2.85,0,0,0,0,17-Apr-17
OPTSTK,INDUSINDBK,29-Jun-17,1300,PE,0,0,0,10.9,4.35,0,0,0,0,17-Apr-17
OPTSTK,INDUSINDBK,29-Jun-17,1320,PE,0,0,0,14.5,6.5,0,0,0,0,17-Apr-17
OPTSTK,INDUSINDBK,29-Jun-17,1340,PE,0,0,0,18.9,9.45,0,0,0,0,17-Apr-17
OPTSTK,INDUSINDBK,29-Jun-17,1360,PE,0,0,0,24.15,13.25,0,0,0,0,17-Apr-17
OPTSTK,INDUSINDBK,29-Jun-17,1380,PE,0,0,0,30.4,18.15,0,0,0,0,17-Apr-17
OPTSTK,INDUSINDBK,29-Jun-17,1400,PE,0,0,0,37.7,24.1,0,0,0,0,17-Apr-17
OPTSTK,INDUSINDBK,29-Jun-17,1420,PE,0,0,0,46,31.4,0,0,0,0,17-Apr-17
OPTSTK,INDUSINDBK,29-Jun-17,1440,PE,0,0,0,55.4,39.95,0,0,0,0,17-Apr-17
OPTSTK,INDUSINDBK,29-Jun-17,1460,PE,0,0,0,65.85,49.9,0,0,0,0,17-Apr-17
OPTSTK,INDUSINDBK,29-Jun-17,1480,PE,0,0,0,77.3,61.1,0,0,0,0,17-Apr-17
OPTSTK,INDUSINDBK,29-Jun-17,1500,PE,0,0,0,89.75,73.6,0,0,0,0,17-Apr-17
OPTSTK,INDUSINDBK,29-Jun-17,1520,PE,0,0,0,103.15,87.3,0,0,0,0,17-Apr-17
OPTSTK,INDUSINDBK,29-Jun-17,1540,PE,0,0,0,117.4,102.1,0,0,0,0,17-Apr-17
OPTSTK,INDUSINDBK,29-Jun-17,1560,PE,0,0,0,132.5,117.75,0,0,0,0,17-Apr-17
OPTSTK,INDUSINDBK,29-Jun-17,1580,PE,0,0,0,148.3,134.25,0,0,0,0,17-Apr-17
OPTSTK,INDUSINDBK,29-Jun-17,1600,PE,0,0,0,164.7,151.45,0,0,0,0,17-Apr-17
OPTSTK,INDUSINDBK,29-Jun-17,1620,PE,0,0,0,181.65,169.25,0,0,0,0,17-Apr-17
OPTSTK,INDUSINDBK,29-Jun-17,1640,PE,0,0,0,199.1,187.5,0,0,0,0,17-Apr-17
OPTSTK,INFIBEAM,27-Apr-17,700,CE,0,0,0,430.5,373.7,0,0,0,0,17-Apr-17
OPTSTK,INFIBEAM,27-Apr-17,750,CE,0,0,0,381.2,323.95,0,0,0,0,17-Apr-17
OPTSTK,INFIBEAM,27-Apr-17,800,CE,0,0,0,332.5,274.55,0,0,0,0,17-Apr-17
OPTSTK,INFIBEAM,27-Apr-17,850,CE,0,0,0,285.1,226.3,0,0,0,0,17-Apr-17
OPTSTK,INFIBEAM,27-Apr-17,900,CE,0,0,0,129.95,180.25,0,0,3600,0,17-Apr-17
OPTSTK,INFIBEAM,27-Apr-17,950,CE,147,153,121.4,131.25,131.25,9,39.07,47200,-3200,17-Apr-17
OPTSTK,INFIBEAM,27-Apr-17,1000,CE,70,150,61,90.35,90.35,107,465.17,84800,-30400,17-Apr-17
OPTSTK,INFIBEAM,27-Apr-17,1050,CE,35.05,78,35,50.4,50.4,20,88.03,63600,-4000,17-Apr-17
OPTSTK,INFIBEAM,27-Apr-17,1100,CE,20.8,74,17.4,32.85,32.85,197,894.39,103200,-24800,17-Apr-17
OPTSTK,INFIBEAM,27-Apr-17,1150,CE,10,33,10,13.35,13.35,80,374.14,18800,2000,17-Apr-17
OPTSTK,INFIBEAM,27-Apr-17,1200,CE,2.5,17.95,2.5,4.05,4.05,139,671.47,217600,-11200,17-Apr-17
OPTSTK,INFIBEAM,27-Apr-17,1250,CE,2.4,8,2.4,3.85,3.85,22,110.44,39600,-5600,17-Apr-17
OPTSTK,INFIBEAM,27-Apr-17,1300,CE,2.25,3.95,0.1,0.6,0.6,23,119.74,47200,-8000,17-Apr-17
OPTSTK,INFIBEAM,27-Apr-17,1350,CE,2,2,1.5,1.75,1.75,2,10.81,22400,-800,17-Apr-17
OPTSTK,INFIBEAM,27-Apr-17,1400,CE,0.75,1.7,0.7,0.95,0.95,35,196.11,33600,-13600,17-Apr-17
OPTSTK,INFIBEAM,27-Apr-17,700,PE,0,0,0,0.2,0.05,0,0,0,0,17-Apr-17
OPTSTK,INFIBEAM,27-Apr-17,750,PE,0,0,0,0.6,0.2,0,0,0,0,17-Apr-17
OPTSTK,INFIBEAM,27-Apr-17,800,PE,0,0,0,1.7,0.75,0,0,0,0,17-Apr-17
OPTSTK,INFIBEAM,27-Apr-17,850,PE,0,0,0,4.05,2.35,0,0,0,0,17-Apr-17
OPTSTK,INFIBEAM,27-Apr-17,900,PE,5.5,5.65,2.5,5,5,35,126.48,143600,-9200,17-Apr-17
OPTSTK,INFIBEAM,27-Apr-17,950,PE,14.55,14.55,5,9.95,9.95,10,38.37,45200,-2800,17-Apr-17
OPTSTK,INFIBEAM,27-Apr-17,1000,PE,11,14.95,8,13,13,4,16.18,29600,0,17-Apr-17
OPTSTK,INFIBEAM,27-Apr-17,1050,PE,26.5,26.5,15,20,20,3,12.84,5200,-400,17-Apr-17
OPTSTK,INFIBEAM,27-Apr-17,1100,PE,0,0,0,64.05,73,0,0,0,0,17-Apr-17
OPTSTK,INFIBEAM,27-Apr-17,1150,PE,0,0,0,200.6,105.75,0,0,1200,0,17-Apr-17
OPTSTK,INFIBEAM,27-Apr-17,1200,PE,0,0,0,120.6,143.9,0,0,0,0,17-Apr-17
OPTSTK,INFIBEAM,27-Apr-17,1250,PE,0,0,0,155.45,186.15,0,0,0,0,17-Apr-17
OPTSTK,INFIBEAM,27-Apr-17,1300,PE,0,0,0,337.3,231.35,0,0,400,0,17-Apr-17
OPTSTK,INFIBEAM,27-Apr-17,1350,PE,0,0,0,235.4,278.5,0,0,0,0,17-Apr-17
OPTSTK,INFIBEAM,27-Apr-17,1400,PE,0,0,0,279.15,326.85,0,0,0,0,17-Apr-17
OPTSTK,INFIBEAM,25-May-17,700,CE,0,0,0,436.3,382.25,0,0,0,0,17-Apr-17
OPTSTK,INFIBEAM,25-May-17,750,CE,0,0,0,389.25,336.95,0,0,0,0,17-Apr-17
OPTSTK,INFIBEAM,25-May-17,800,CE,0,0,0,343.85,294,0,0,0,0,17-Apr-17
OPTSTK,INFIBEAM,25-May-17,850,CE,0,0,0,300.65,253.85,0,0,0,0,17-Apr-17
OPTSTK,INFIBEAM,25-May-17,900,CE,0,0,0,260.1,216.95,0,0,0,0,17-Apr-17
OPTSTK,INFIBEAM,25-May-17,950,CE,0,0,0,222.7,183.5,0,0,0,0,17-Apr-17
OPTSTK,INFIBEAM,25-May-17,1000,CE,0,0,0,188.65,153.8,0,0,0,0,17-Apr-17
OPTSTK,INFIBEAM,25-May-17,1050,CE,0,0,0,158.25,127.75,0,0,0,0,17-Apr-17
OPTSTK,INFIBEAM,25-May-17,1100,CE,0,0,0,131.55,105.2,0,0,0,0,17-Apr-17
OPTSTK,INFIBEAM,25-May-17,1150,CE,0,0,0,108.35,86,0,0,0,0,17-Apr-17
OPTSTK,INFIBEAM,25-May-17,1200,CE,0,0,0,88.5,69.75,0,0,0,0,17-Apr-17
OPTSTK,INFIBEAM,25-May-17,1250,CE,0,0,0,71.75,56.3,0,0,0,0,17-Apr-17
OPTSTK,INFIBEAM,25-May-17,1300,CE,0,0,0,57.75,45.15,0,0,0,0,17-Apr-17
OPTSTK,INFIBEAM,25-May-17,1350,CE,0,0,0,46.25,35.95,0,0,0,0,17-Apr-17
OPTSTK,INFIBEAM,25-May-17,1400,CE,0,0,0,2,28.55,0,0,7200,0,17-Apr-17
OPTSTK,INFIBEAM,25-May-17,700,PE,0,0,0,2.35,5.1,0,0,0,0,17-Apr-17
OPTSTK,INFIBEAM,25-May-17,750,PE,0,0,0,4.8,9.45,0,0,0,0,17-Apr-17
OPTSTK,INFIBEAM,25-May-17,800,PE,0,0,0,8.85,16.15,0,0,0,0,17-Apr-17
OPTSTK,INFIBEAM,25-May-17,850,PE,0,0,0,15.1,25.65,0,0,0,0,17-Apr-17
OPTSTK,INFIBEAM,25-May-17,900,PE,0,0,0,24.05,38.4,0,0,0,0,17-Apr-17
OPTSTK,INFIBEAM,25-May-17,950,PE,0,0,0,36.15,54.65,0,0,0,0,17-Apr-17
OPTSTK,INFIBEAM,25-May-17,1000,PE,0,0,0,51.6,74.6,0,0,0,0,17-Apr-17
OPTSTK,INFIBEAM,25-May-17,1050,PE,0,0,0,70.75,98.2,0,0,0,0,17-Apr-17
OPTSTK,INFIBEAM,25-May-17,1100,PE,0,0,0,93.5,125.35,0,0,0,0,17-Apr-17
OPTSTK,INFIBEAM,25-May-17,1150,PE,0,0,0,119.8,155.8,0,0,0,0,17-Apr-17
OPTSTK,INFIBEAM,25-May-17,1200,PE,0,0,0,149.45,189.2,0,0,0,0,17-Apr-17
OPTSTK,INFIBEAM,25-May-17,1250,PE,0,0,0,182.15,225.4,0,0,0,0,17-Apr-17
OPTSTK,INFIBEAM,25-May-17,1300,PE,0,0,0,217.65,263.9,0,0,0,0,17-Apr-17
OPTSTK,INFIBEAM,25-May-17,1350,PE,0,0,0,255.65,304.4,0,0,0,0,17-Apr-17
OPTSTK,INFIBEAM,25-May-17,1400,PE,0,0,0,295.6,346.65,0,0,0,0,17-Apr-17
OPTSTK,INFIBEAM,29-Jun-17,700,CE,0,0,0,446.15,399.7,0,0,0,0,17-Apr-17
OPTSTK,INFIBEAM,29-Jun-17,750,CE,0,0,0,402.15,359.35,0,0,0,0,17-Apr-17
OPTSTK,INFIBEAM,29-Jun-17,800,CE,0,0,0,360.2,321.55,0,0,0,0,17-Apr-17
OPTSTK,INFIBEAM,29-Jun-17,850,CE,0,0,0,320.65,286.4,0,0,0,0,17-Apr-17
OPTSTK,INFIBEAM,29-Jun-17,900,CE,0,0,0,283.8,254,0,0,0,0,17-Apr-17
OPTSTK,INFIBEAM,29-Jun-17,950,CE,0,0,0,249.75,224.4,0,0,0,0,17-Apr-17
OPTSTK,INFIBEAM,29-Jun-17,1000,CE,0,0,0,218.55,197.65,0,0,0,0,17-Apr-17
OPTSTK,INFIBEAM,29-Jun-17,1050,CE,0,0,0,190.35,173.5,0,0,0,0,17-Apr-17
OPTSTK,INFIBEAM,29-Jun-17,1100,CE,0,0,0,165.05,151.85,0,0,0,0,17-Apr-17
OPTSTK,INFIBEAM,29-Jun-17,1150,CE,0,0,0,142.5,132.6,0,0,0,0,17-Apr-17
OPTSTK,INFIBEAM,29-Jun-17,1200,CE,0,0,0,122.55,115.55,0,0,0,0,17-Apr-17
OPTSTK,INFIBEAM,29-Jun-17,1250,CE,0,0,0,105.05,100.45,0,0,0,0,17-Apr-17
OPTSTK,INFIBEAM,29-Jun-17,1300,CE,0,0,0,89.75,87.25,0,0,0,0,17-Apr-17
OPTSTK,INFIBEAM,29-Jun-17,1350,CE,0,0,0,76.5,75.65,0,0,0,0,17-Apr-17
OPTSTK,INFIBEAM,29-Jun-17,1400,CE,0,0,0,65.05,65.5,0,0,0,0,17-Apr-17
OPTSTK,INFIBEAM,29-Jun-17,700,PE,0,0,0,7.8,18.2,0,0,0,0,17-Apr-17
OPTSTK,INFIBEAM,29-Jun-17,750,PE,0,0,0,12.95,27.2,0,0,0,0,17-Apr-17
OPTSTK,INFIBEAM,29-Jun-17,800,PE,0,0,0,20.15,38.75,0,0,0,0,17-Apr-17
OPTSTK,INFIBEAM,29-Jun-17,850,PE,0,0,0,29.8,52.95,0,0,0,0,17-Apr-17
OPTSTK,INFIBEAM,29-Jun-17,900,PE,0,0,0,42.1,69.95,0,0,0,0,17-Apr-17
OPTSTK,INFIBEAM,29-Jun-17,950,PE,0,0,0,57.2,89.7,0,0,0,0,17-Apr-17
OPTSTK,INFIBEAM,29-Jun-17,1000,PE,0,0,0,75.2,112.25,0,0,0,0,17-Apr-17
OPTSTK,INFIBEAM,29-Jun-17,1050,PE,0,0,0,96.2,137.45,0,0,0,0,17-Apr-17
OPTSTK,INFIBEAM,29-Jun-17,1100,PE,0,0,0,120.05,165.2,0,0,0,0,17-Apr-17
OPTSTK,INFIBEAM,29-Jun-17,1150,PE,0,0,0,146.7,195.3,0,0,0,0,17-Apr-17
OPTSTK,INFIBEAM,29-Jun-17,1200,PE,0,0,0,175.95,227.6,0,0,0,0,17-Apr-17
OPTSTK,INFIBEAM,29-Jun-17,1250,PE,0,0,0,207.6,261.85,0,0,0,0,17-Apr-17
OPTSTK,INFIBEAM,29-Jun-17,1300,PE,0,0,0,241.45,298,0,0,0,0,17-Apr-17
OPTSTK,INFIBEAM,29-Jun-17,1350,PE,0,0,0,277.4,335.75,0,0,0,0,17-Apr-17
OPTSTK,INFIBEAM,29-Jun-17,1400,PE,0,0,0,315.1,375,0,0,0,0,17-Apr-17
OPTSTK,INFRATEL,27-Apr-17,210,CE,0,0,0,145.2,134.75,0,0,0,0,17-Apr-17
OPTSTK,INFRATEL,27-Apr-17,220,CE,0,0,0,135.4,124.75,0,0,0,0,17-Apr-17
OPTSTK,INFRATEL,27-Apr-17,230,CE,0,0,0,125.55,114.75,0,0,0,0,17-Apr-17
OPTSTK,INFRATEL,27-Apr-17,240,CE,0,0,0,115.75,104.8,0,0,0,0,17-Apr-17
OPTSTK,INFRATEL,27-Apr-17,250,CE,0,0,0,106,94.8,0,0,0,0,17-Apr-17
OPTSTK,INFRATEL,27-Apr-17,260,CE,0,0,0,96.3,84.8,0,0,0,0,17-Apr-17
OPTSTK,INFRATEL,27-Apr-17,270,CE,0,0,0,41.05,74.85,0,0,1600,0,17-Apr-17
OPTSTK,INFRATEL,27-Apr-17,280,CE,0,0,0,29.95,64.85,0,0,6400,0,17-Apr-17
OPTSTK,INFRATEL,27-Apr-17,290,CE,0,0,0,48.9,54.95,0,0,1600,0,17-Apr-17
OPTSTK,INFRATEL,27-Apr-17,300,CE,49.65,49.65,49.65,49.65,49.65,2,11.18,6400,-3200,17-Apr-17
OPTSTK,INFRATEL,27-Apr-17,310,CE,0,0,0,50.35,35.65,0,0,9600,0,17-Apr-17
OPTSTK,INFRATEL,27-Apr-17,320,CE,31.5,31.5,31,31,31,2,11.24,33600,-3200,17-Apr-17
OPTSTK,INFRATEL,27-Apr-17,330,CE,20.1,20.1,20.1,20.1,20.1,1,5.6,28800,-1600,17-Apr-17
OPTSTK,INFRATEL,27-Apr-17,340,CE,14.25,14.45,10,10.8,10.8,15,84.47,49600,1600,17-Apr-17
OPTSTK,INFRATEL,27-Apr-17,350,CE,9,9,5.6,6.65,6.65,102,582.02,112000,14400,17-Apr-17
OPTSTK,INFRATEL,27-Apr-17,360,CE,7.6,7.6,3.3,3.55,3.55,81,471.59,131200,24000,17-Apr-17
OPTSTK,INFRATEL,27-Apr-17,370,CE,4.55,4.55,1.75,2,2,111,661.09,158400,-1600,17-Apr-17
OPTSTK,INFRATEL,27-Apr-17,380,CE,1.8,2.3,1.05,1.35,1.35,55,335.7,118400,6400,17-Apr-17
OPTSTK,INFRATEL,27-Apr-17,390,CE,0.75,0.85,0.75,0.85,0.85,3,18.75,40000,0,17-Apr-17
OPTSTK,INFRATEL,27-Apr-17,400,CE,0.4,0.6,0.4,0.6,0.6,6,38.45,44800,6400,17-Apr-17
OPTSTK,INFRATEL,27-Apr-17,410,CE,0,0,0,0.8,0.1,0,0,4800,0,17-Apr-17
OPTSTK,INFRATEL,27-Apr-17,420,CE,0,0,0,1,0.05,0,0,16000,0,17-Apr-17
OPTSTK,INFRATEL,27-Apr-17,430,CE,0,0,0,2.9,0.05,0,0,0,0,17-Apr-17
OPTSTK,INFRATEL,27-Apr-17,440,CE,0,0,0,2.1,0,0,0,0,0,17-Apr-17
OPTSTK,INFRATEL,27-Apr-17,450,CE,0,0,0,1.5,0,0,0,0,0,17-Apr-17
OPTSTK,INFRATEL,27-Apr-17,460,CE,0,0,0,1.1,0,0,0,0,0,17-Apr-17
OPTSTK,INFRATEL,27-Apr-17,470,CE,0,0,0,0.75,0,0,0,0,0,17-Apr-17
OPTSTK,INFRATEL,27-Apr-17,480,CE,0,0,0,0.55,0,0,0,0,0,17-Apr-17
OPTSTK,INFRATEL,27-Apr-17,210,PE,0,0,0,0.05,0,0,0,0,0,17-Apr-17
OPTSTK,INFRATEL,27-Apr-17,220,PE,0,0,0,0.05,0,0,0,0,0,17-Apr-17
OPTSTK,INFRATEL,27-Apr-17,230,PE,0,0,0,0.05,0,0,0,0,0,17-Apr-17
OPTSTK,INFRATEL,27-Apr-17,240,PE,0,0,0,0.05,0,0,0,0,0,17-Apr-17
OPTSTK,INFRATEL,27-Apr-17,250,PE,0,0,0,0.15,0,0,0,0,0,17-Apr-17
OPTSTK,INFRATEL,27-Apr-17,260,PE,0,0,0,0.25,0,0,0,0,0,17-Apr-17
OPTSTK,INFRATEL,27-Apr-17,270,PE,0,0,0,5.75,0,0,0,1600,0,17-Apr-17
OPTSTK,INFRATEL,27-Apr-17,280,PE,0,0,0,0.5,0.05,0,0,19200,0,17-Apr-17
OPTSTK,INFRATEL,27-Apr-17,290,PE,0,0,0,0.1,0.1,0,0,24000,0,17-Apr-17
OPTSTK,INFRATEL,27-Apr-17,300,PE,1,1,0.6,0.6,0.6,3,14.43,57600,1600,17-Apr-17
OPTSTK,INFRATEL,27-Apr-17,310,PE,0.55,1,0.55,0.8,0.8,13,64.63,80000,-8000,17-Apr-17
OPTSTK,INFRATEL,27-Apr-17,320,PE,1.2,2.1,1.2,1.6,1.6,36,185.34,78400,-20800,17-Apr-17
OPTSTK,INFRATEL,27-Apr-17,330,PE,1.95,4.45,1.95,3.25,3.25,63,336.07,92800,-3200,17-Apr-17
OPTSTK,INFRATEL,27-Apr-17,340,PE,3.25,8,3.25,6.2,6.2,152,842.77,70400,-19200,17-Apr-17
OPTSTK,INFRATEL,27-Apr-17,350,PE,8.05,13.2,7.9,12.25,12.25,85,491.55,36800,-14400,17-Apr-17
OPTSTK,INFRATEL,27-Apr-17,360,PE,14,20.4,14,17.7,17.7,17,102.65,28800,-6400,17-Apr-17
OPTSTK,INFRATEL,27-Apr-17,370,PE,0,0,0,20.4,27.35,0,0,14400,0,17-Apr-17
OPTSTK,INFRATEL,27-Apr-17,380,PE,0,0,0,24.9,36.15,0,0,0,0,17-Apr-17
OPTSTK,INFRATEL,27-Apr-17,390,PE,0,0,0,33.8,45.5,0,0,3200,0,17-Apr-17
OPTSTK,INFRATEL,27-Apr-17,400,PE,0,0,0,43.9,55.2,0,0,1600,0,17-Apr-17
OPTSTK,INFRATEL,27-Apr-17,410,PE,0,0,0,53.1,65.05,0,0,1600,0,17-Apr-17
OPTSTK,INFRATEL,27-Apr-17,420,PE,0,0,0,65.3,74.95,0,0,0,0,17-Apr-17
OPTSTK,INFRATEL,27-Apr-17,430,PE,0,0,0,74.1,84.95,0,0,0,0,17-Apr-17
OPTSTK,INFRATEL,27-Apr-17,440,PE,0,0,0,83.15,94.9,0,0,0,0,17-Apr-17
OPTSTK,INFRATEL,27-Apr-17,450,PE,0,0,0,92.4,104.9,0,0,0,0,17-Apr-17
OPTSTK,INFRATEL,27-Apr-17,460,PE,0,0,0,101.8,114.85,0,0,0,0,17-Apr-17
OPTSTK,INFRATEL,27-Apr-17,470,PE,0,0,0,111.3,124.85,0,0,0,0,17-Apr-17
OPTSTK,INFRATEL,27-Apr-17,480,PE,0,0,0,120.9,134.85,0,0,0,0,17-Apr-17
OPTSTK,INFRATEL,25-May-17,210,CE,0,0,0,93.3,135.8,0,0,0,0,17-Apr-17
OPTSTK,INFRATEL,25-May-17,220,CE,0,0,0,84.55,125.85,0,0,0,0,17-Apr-17
OPTSTK,INFRATEL,25-May-17,230,CE,0,0,0,76.2,115.95,0,0,0,0,17-Apr-17
OPTSTK,INFRATEL,25-May-17,240,CE,0,0,0,68.25,106.05,0,0,0,0,17-Apr-17
OPTSTK,INFRATEL,25-May-17,250,CE,0,0,0,60.75,96.2,0,0,0,0,17-Apr-17
OPTSTK,INFRATEL,25-May-17,260,CE,0,0,0,53.8,86.45,0,0,0,0,17-Apr-17
OPTSTK,INFRATEL,25-May-17,270,CE,0,0,0,47.35,76.85,0,0,0,0,17-Apr-17
OPTSTK,INFRATEL,25-May-17,280,CE,0,0,0,41.45,67.55,0,0,0,0,17-Apr-17
OPTSTK,INFRATEL,25-May-17,290,CE,0,0,0,36.1,58.55,0,0,0,0,17-Apr-17
OPTSTK,INFRATEL,25-May-17,300,CE,0,0,0,31.25,50.05,0,0,0,0,17-Apr-17
OPTSTK,INFRATEL,25-May-17,310,CE,0,0,0,26.95,42.1,0,0,0,0,17-Apr-17
OPTSTK,INFRATEL,25-May-17,320,CE,0,0,0,23.15,34.9,0,0,0,0,17-Apr-17
OPTSTK,INFRATEL,25-May-17,330,CE,0,0,0,19.75,28.45,0,0,0,0,17-Apr-17
OPTSTK,INFRATEL,25-May-17,340,CE,0,0,0,16.85,22.8,0,0,0,0,17-Apr-17
OPTSTK,INFRATEL,25-May-17,350,CE,0,0,0,14.3,18,0,0,0,0,17-Apr-17
OPTSTK,INFRATEL,25-May-17,360,CE,8.25,8.25,8.25,8.25,8.25,1,5.89,1600,1600,17-Apr-17
OPTSTK,INFRATEL,25-May-17,370,CE,0,0,0,12.6,10.65,0,0,4800,0,17-Apr-17
OPTSTK,INFRATEL,25-May-17,380,CE,0,0,0,10.9,8,0,0,1600,0,17-Apr-17
OPTSTK,INFRATEL,25-May-17,390,CE,0,0,0,7.2,5.9,0,0,3200,0,17-Apr-17
OPTSTK,INFRATEL,25-May-17,400,CE,0,0,0,5.5,4.3,0,0,4800,0,17-Apr-17
OPTSTK,INFRATEL,25-May-17,410,CE,0,0,0,4.95,3.1,0,0,0,0,17-Apr-17
OPTSTK,INFRATEL,25-May-17,420,CE,0,0,0,4.15,2.2,0,0,0,0,17-Apr-17
OPTSTK,INFRATEL,25-May-17,430,CE,0,0,0,3.45,1.55,0,0,0,0,17-Apr-17
OPTSTK,INFRATEL,25-May-17,440,CE,0,0,0,2.85,1.1,0,0,0,0,17-Apr-17
OPTSTK,INFRATEL,25-May-17,210,PE,0,0,0,2.1,0,0,0,0,0,17-Apr-17
OPTSTK,INFRATEL,25-May-17,220,PE,0,0,0,3.2,0.05,0,0,0,0,17-Apr-17
OPTSTK,INFRATEL,25-May-17,230,PE,0,0,0,4.7,0.05,0,0,0,0,17-Apr-17
OPTSTK,INFRATEL,25-May-17,240,PE,0,0,0,6.6,0.1,0,0,0,0,17-Apr-17
OPTSTK,INFRATEL,25-May-17,250,PE,0,0,0,8.95,0.15,0,0,0,0,17-Apr-17
OPTSTK,INFRATEL,25-May-17,260,PE,0,0,0,11.8,0.35,0,0,0,0,17-Apr-17
OPTSTK,INFRATEL,25-May-17,270,PE,0,0,0,15.2,0.7,0,0,0,0,17-Apr-17
OPTSTK,INFRATEL,25-May-17,280,PE,0,0,0,19.15,1.3,0,0,0,0,17-Apr-17
OPTSTK,INFRATEL,25-May-17,290,PE,0,0,0,23.65,2.25,0,0,0,0,17-Apr-17
OPTSTK,INFRATEL,25-May-17,300,PE,0,0,0,28.65,3.65,0,0,0,0,17-Apr-17
OPTSTK,INFRATEL,25-May-17,310,PE,0,0,0,34.2,5.7,0,0,0,0,17-Apr-17
OPTSTK,INFRATEL,25-May-17,320,PE,6,6,6,6,6,3,15.64,4800,4800,17-Apr-17
OPTSTK,INFRATEL,25-May-17,330,PE,0,0,0,46.7,11.85,0,0,0,0,17-Apr-17
OPTSTK,INFRATEL,25-May-17,340,PE,9.85,9.85,9.85,9.85,9.85,1,5.59,1600,1600,17-Apr-17
OPTSTK,INFRATEL,25-May-17,350,PE,0,0,0,60.9,21.25,0,0,0,0,17-Apr-17
OPTSTK,INFRATEL,25-May-17,360,PE,0,0,0,68.5,27.15,0,0,0,0,17-Apr-17
OPTSTK,INFRATEL,25-May-17,370,PE,0,0,0,15.5,33.8,0,0,32000,0,17-Apr-17
OPTSTK,INFRATEL,25-May-17,380,PE,0,0,0,84.65,41.1,0,0,0,0,17-Apr-17
OPTSTK,INFRATEL,25-May-17,390,PE,0,0,0,93.15,48.95,0,0,0,0,17-Apr-17
OPTSTK,INFRATEL,25-May-17,400,PE,0,0,0,101.8,57.25,0,0,0,0,17-Apr-17
OPTSTK,INFRATEL,25-May-17,410,PE,0,0,0,110.65,66,0,0,0,0,17-Apr-17
OPTSTK,INFRATEL,25-May-17,420,PE,0,0,0,119.65,75.05,0,0,0,0,17-Apr-17
OPTSTK,INFRATEL,25-May-17,430,PE,0,0,0,128.8,84.3,0,0,0,0,17-Apr-17
OPTSTK,INFRATEL,25-May-17,440,PE,0,0,0,138.05,93.75,0,0,0,0,17-Apr-17
OPTSTK,INFRATEL,29-Jun-17,210,CE,0,0,0,130.4,137.15,0,0,0,0,17-Apr-17
OPTSTK,INFRATEL,29-Jun-17,220,CE,0,0,0,120.75,127.4,0,0,0,0,17-Apr-17
OPTSTK,INFRATEL,29-Jun-17,230,CE,0,0,0,111.2,117.7,0,0,0,0,17-Apr-17
OPTSTK,INFRATEL,29-Jun-17,240,CE,0,0,0,101.85,108.1,0,0,0,0,17-Apr-17
OPTSTK,INFRATEL,29-Jun-17,250,CE,0,0,0,92.7,98.65,0,0,0,0,17-Apr-17
OPTSTK,INFRATEL,29-Jun-17,260,CE,0,0,0,83.9,89.45,0,0,0,0,17-Apr-17
OPTSTK,INFRATEL,29-Jun-17,270,CE,0,0,0,75.4,80.55,0,0,0,0,17-Apr-17
OPTSTK,INFRATEL,29-Jun-17,280,CE,0,0,0,67.3,72,0,0,0,0,17-Apr-17
OPTSTK,INFRATEL,29-Jun-17,290,CE,0,0,0,59.65,63.85,0,0,0,0,17-Apr-17
OPTSTK,INFRATEL,29-Jun-17,300,CE,0,0,0,52.55,56.2,0,0,0,0,17-Apr-17
OPTSTK,INFRATEL,29-Jun-17,310,CE,0,0,0,45.95,49.1,0,0,0,0,17-Apr-17
OPTSTK,INFRATEL,29-Jun-17,320,CE,0,0,0,39.95,42.55,0,0,0,0,17-Apr-17
OPTSTK,INFRATEL,29-Jun-17,330,CE,0,0,0,34.5,36.6,0,0,0,0,17-Apr-17
OPTSTK,INFRATEL,29-Jun-17,340,CE,0,0,0,29.55,31.25,0,0,0,0,17-Apr-17
OPTSTK,INFRATEL,29-Jun-17,350,CE,0,0,0,25.2,26.45,0,0,0,0,17-Apr-17
OPTSTK,INFRATEL,29-Jun-17,360,CE,0,0,0,20.2,22.25,0,0,1600,0,17-Apr-17
OPTSTK,INFRATEL,29-Jun-17,370,CE,0,0,0,18,18.6,0,0,0,0,17-Apr-17
OPTSTK,INFRATEL,29-Jun-17,380,CE,0,0,0,15.1,15.4,0,0,0,0,17-Apr-17
OPTSTK,INFRATEL,29-Jun-17,390,CE,0,0,0,12.6,12.75,0,0,0,0,17-Apr-17
OPTSTK,INFRATEL,29-Jun-17,400,CE,0,0,0,10.45,10.45,0,0,0,0,17-Apr-17
OPTSTK,INFRATEL,29-Jun-17,410,CE,0,0,0,8.65,8.5,0,0,0,0,17-Apr-17
OPTSTK,INFRATEL,29-Jun-17,420,CE,0,0,0,7.1,6.9,0,0,0,0,17-Apr-17
OPTSTK,INFRATEL,29-Jun-17,430,CE,0,0,0,5.8,5.55,0,0,0,0,17-Apr-17
OPTSTK,INFRATEL,29-Jun-17,440,CE,0,0,0,4.75,4.45,0,0,0,0,17-Apr-17
OPTSTK,INFRATEL,29-Jun-17,210,PE,0,0,0,0.2,0.1,0,0,0,0,17-Apr-17
OPTSTK,INFRATEL,29-Jun-17,220,PE,0,0,0,0.4,0.2,0,0,0,0,17-Apr-17
OPTSTK,INFRATEL,29-Jun-17,230,PE,0,0,0,0.7,0.35,0,0,0,0,17-Apr-17
OPTSTK,INFRATEL,29-Jun-17,240,PE,0,0,0,1.2,0.65,0,0,0,0,17-Apr-17
OPTSTK,INFRATEL,29-Jun-17,250,PE,0,0,0,1.9,1.1,0,0,0,0,17-Apr-17
OPTSTK,INFRATEL,29-Jun-17,260,PE,0,0,0,2.9,1.75,0,0,0,0,17-Apr-17
OPTSTK,INFRATEL,29-Jun-17,270,PE,0,0,0,4.25,2.7,0,0,0,0,17-Apr-17
OPTSTK,INFRATEL,29-Jun-17,280,PE,0,0,0,6,4.05,0,0,0,0,17-Apr-17
OPTSTK,INFRATEL,29-Jun-17,290,PE,0,0,0,8.2,5.75,0,0,0,0,17-Apr-17
OPTSTK,INFRATEL,29-Jun-17,300,PE,0,0,0,10.9,8,0,0,0,0,17-Apr-17
OPTSTK,INFRATEL,29-Jun-17,310,PE,0,0,0,14.15,10.75,0,0,0,0,17-Apr-17
OPTSTK,INFRATEL,29-Jun-17,320,PE,0,0,0,17.95,14.05,0,0,0,0,17-Apr-17
OPTSTK,INFRATEL,29-Jun-17,330,PE,0,0,0,22.35,18,0,0,0,0,17-Apr-17
OPTSTK,INFRATEL,29-Jun-17,340,PE,0,0,0,27.25,22.5,0,0,0,0,17-Apr-17
OPTSTK,INFRATEL,29-Jun-17,350,PE,0,0,0,32.75,27.6,0,0,0,0,17-Apr-17
OPTSTK,INFRATEL,29-Jun-17,360,PE,0,0,0,38.75,33.25,0,0,0,0,17-Apr-17
OPTSTK,INFRATEL,29-Jun-17,370,PE,0,0,0,45.2,39.45,0,0,0,0,17-Apr-17
OPTSTK,INFRATEL,29-Jun-17,380,PE,0,0,0,52.1,46.15,0,0,0,0,17-Apr-17
OPTSTK,INFRATEL,29-Jun-17,390,PE,0,0,0,59.45,53.35,0,0,0,0,17-Apr-17
OPTSTK,INFRATEL,29-Jun-17,400,PE,0,0,0,67.15,60.9,0,0,0,0,17-Apr-17
OPTSTK,INFRATEL,29-Jun-17,410,PE,0,0,0,75.15,68.85,0,0,0,0,17-Apr-17
OPTSTK,INFRATEL,29-Jun-17,420,PE,0,0,0,83.45,77.1,0,0,0,0,17-Apr-17
OPTSTK,INFRATEL,29-Jun-17,430,PE,0,0,0,92,85.65,0,0,0,0,17-Apr-17
OPTSTK,INFRATEL,29-Jun-17,440,PE,0,0,0,100.8,94.4,0,0,0,0,17-Apr-17
OPTSTK,INFY,27-Apr-17,720,CE,0,0,0,228.75,206.15,0,0,0,0,17-Apr-17
OPTSTK,INFY,27-Apr-17,740,CE,0,0,0,209.4,186.2,0,0,0,0,17-Apr-17
OPTSTK,INFY,27-Apr-17,760,CE,0,0,0,190.3,166.25,0,0,0,0,17-Apr-17
OPTSTK,INFY,27-Apr-17,780,CE,0,0,0,171.5,146.3,0,0,0,0,17-Apr-17
OPTSTK,INFY,27-Apr-17,800,CE,0,0,0,153.15,126.35,0,0,0,0,17-Apr-17
OPTSTK,INFY,27-Apr-17,820,CE,0,0,0,191,106.45,0,0,2000,0,17-Apr-17
OPTSTK,INFY,27-Apr-17,840,CE,0,0,0,118.55,86.75,0,0,0,0,17-Apr-17
OPTSTK,INFY,27-Apr-17,860,CE,73.6,73.6,73.6,73.6,73.6,1,4.66,2500,500,17-Apr-17
OPTSTK,INFY,27-Apr-17,880,CE,52.95,55.6,52.95,55.6,55.6,3,14.02,3000,1500,17-Apr-17
OPTSTK,INFY,27-Apr-17,900,CE,34,37.15,30,32.5,32.5,49,228.64,47000,11500,17-Apr-17
OPTSTK,INFY,27-Apr-17,920,CE,21,23.25,18,18.55,18.55,710,3336.41,337500,60000,17-Apr-17
OPTSTK,INFY,27-Apr-17,940,CE,11.05,12.5,8.75,9.25,9.25,3016,14329.51,964000,271000,17-Apr-17
OPTSTK,INFY,27-Apr-17,960,CE,6.7,6.7,4.05,4.45,4.45,3404,16426.07,1743000,172500,17-Apr-17
OPTSTK,INFY,27-Apr-17,980,CE,3.85,3.85,2.25,2.5,2.5,2795,13734.35,1861000,-4000,17-Apr-17
OPTSTK,INFY,27-Apr-17,1000,CE,2.5,2.5,1.5,1.6,1.6,2973,14891.1,2682000,500,17-Apr-17
OPTSTK,INFY,27-Apr-17,1020,CE,1.4,1.45,1,1.05,1.05,854,4360.1,919500,-140500,17-Apr-17
OPTSTK,INFY,27-Apr-17,1040,CE,1.4,1.4,0.8,0.9,0.9,1070,5568.65,1352500,-110000,17-Apr-17
OPTSTK,INFY,27-Apr-17,1060,CE,0.95,0.95,0.65,0.75,0.75,271,1437.23,761000,-60500,17-Apr-17
OPTSTK,INFY,27-Apr-17,1080,CE,0.65,0.7,0.5,0.65,0.65,207,1118.41,350000,-17500,17-Apr-17
OPTSTK,INFY,27-Apr-17,1100,CE,0.55,0.6,0.4,0.45,0.45,371,2041.36,814500,-55500,17-Apr-17
OPTSTK,INFY,27-Apr-17,1120,CE,0.45,0.45,0.35,0.45,0.45,21,117.64,169500,-5500,17-Apr-17
OPTSTK,INFY,27-Apr-17,1140,CE,0.3,0.4,0.3,0.3,0.3,97,553.07,166000,500,17-Apr-17
OPTSTK,INFY,27-Apr-17,1160,CE,0.4,0.4,0.2,0.35,0.35,79,458.32,97500,-4000,17-Apr-17
OPTSTK,INFY,27-Apr-17,1180,CE,0.3,0.4,0.25,0.25,0.25,22,129.83,30000,8000,17-Apr-17
OPTSTK,INFY,27-Apr-17,1200,CE,0.3,0.3,0.2,0.2,0.2,60,360.07,97500,-500,17-Apr-17
OPTSTK,INFY,27-Apr-17,1220,CE,0,0,0,0.95,0,0,0,0,0,17-Apr-17
OPTSTK,INFY,27-Apr-17,1240,CE,0,0,0,0.65,0,0,0,0,0,17-Apr-17
OPTSTK,INFY,27-Apr-17,1260,CE,0,0,0,0.45,0,0,0,0,0,17-Apr-17
OPTSTK,INFY,27-Apr-17,1280,CE,0,0,0,0.3,0,0,0,0,0,17-Apr-17
OPTSTK,INFY,27-Apr-17,1300,CE,0.1,0.1,0.1,0.1,0.1,1,6.5,20000,0,17-Apr-17
OPTSTK,INFY,27-Apr-17,1320,CE,0,0,0,0.15,0,0,0,0,0,17-Apr-17
OPTSTK,INFY,27-Apr-17,1340,CE,0,0,0,0.1,0,0,0,0,0,17-Apr-17
OPTSTK,INFY,27-Apr-17,720,PE,0,0,0,0.35,0,0,0,0,0,17-Apr-17
OPTSTK,INFY,27-Apr-17,740,PE,0,0,0,0.95,0,0,0,1000,0,17-Apr-17
OPTSTK,INFY,27-Apr-17,760,PE,0,0,0,1.2,0,0,0,0,0,17-Apr-17
OPTSTK,INFY,27-Apr-17,780,PE,0.4,0.4,0.3,0.3,0.3,5,19.5,8000,-500,17-Apr-17
OPTSTK,INFY,27-Apr-17,800,PE,0.6,0.6,0.4,0.45,0.45,24,96.05,61500,-11000,17-Apr-17
OPTSTK,INFY,27-Apr-17,820,PE,0.9,0.9,0.6,0.7,0.7,48,196.98,60000,1000,17-Apr-17
OPTSTK,INFY,27-Apr-17,840,PE,1.05,1.25,0.7,0.85,0.85,202,849.4,214500,-14000,17-Apr-17
OPTSTK,INFY,27-Apr-17,860,PE,1,1.5,0.95,1.1,1.1,376,1618.97,280000,-14000,17-Apr-17
OPTSTK,INFY,27-Apr-17,880,PE,2,2.25,1.45,1.6,1.6,1331,5868.81,596000,13500,17-Apr-17
OPTSTK,INFY,27-Apr-17,900,PE,4,5,3.55,3.85,3.85,2506,11329.53,1529500,-42500,17-Apr-17
OPTSTK,INFY,27-Apr-17,920,PE,9.95,11.25,8.1,9.25,9.25,2283,10611.8,808500,-90500,17-Apr-17
OPTSTK,INFY,27-Apr-17,940,PE,20.4,21.75,17.45,19.35,19.35,1333,6395.75,657000,-125000,17-Apr-17
OPTSTK,INFY,27-Apr-17,960,PE,33.85,36.5,31.45,34.3,34.3,516,2564.87,608500,-118500,17-Apr-17
OPTSTK,INFY,27-Apr-17,980,PE,52,53.7,49.85,52.3,52.3,124,639.58,270500,-28000,17-Apr-17
OPTSTK,INFY,27-Apr-17,1000,PE,69.75,73.05,69.65,70.75,70.75,55,294.51,246500,-5500,17-Apr-17
OPTSTK,INFY,27-Apr-17,1020,PE,0,0,0,86.9,93.8,0,0,60000,0,17-Apr-17
OPTSTK,INFY,27-Apr-17,1040,PE,111.55,111.55,111.55,111.55,111.55,2,11.51,94500,0,17-Apr-17
OPTSTK,INFY,27-Apr-17,1060,PE,0,0,0,125,133.3,0,0,27500,0,17-Apr-17
OPTSTK,INFY,27-Apr-17,1080,PE,0,0,0,129.5,153.25,0,0,10500,0,17-Apr-17
OPTSTK,INFY,27-Apr-17,1100,PE,0,0,0,156,173.2,0,0,18000,0,17-Apr-17
OPTSTK,INFY,27-Apr-17,1120,PE,0,0,0,170.05,193.15,0,0,0,0,17-Apr-17
OPTSTK,INFY,27-Apr-17,1140,PE,0,0,0,202,213.15,0,0,5000,0,17-Apr-17
OPTSTK,INFY,27-Apr-17,1160,PE,0,0,0,207,233.1,0,0,0,0,17-Apr-17
OPTSTK,INFY,27-Apr-17,1180,PE,0,0,0,225.9,253.05,0,0,0,0,17-Apr-17
OPTSTK,INFY,27-Apr-17,1200,PE,0,0,0,229,273.05,0,0,46000,0,17-Apr-17
OPTSTK,INFY,27-Apr-17,1220,PE,0,0,0,181,293,0,0,500,0,17-Apr-17
OPTSTK,INFY,27-Apr-17,1240,PE,0,0,0,208,312.95,0,0,1000,0,17-Apr-17
OPTSTK,INFY,27-Apr-17,1260,PE,0,0,0,221,332.95,0,0,500,0,17-Apr-17
OPTSTK,INFY,27-Apr-17,1280,PE,0,0,0,322.7,352.9,0,0,0,0,17-Apr-17
OPTSTK,INFY,27-Apr-17,1300,PE,368,368,368,368,368,1,8.34,25500,0,17-Apr-17
OPTSTK,INFY,27-Apr-17,1320,PE,0,0,0,361.9,392.8,0,0,0,0,17-Apr-17
OPTSTK,INFY,27-Apr-17,1340,PE,0,0,0,381.5,412.8,0,0,0,0,17-Apr-17
OPTSTK,INFY,25-May-17,720,CE,0,0,0,300.35,209.85,0,0,0,0,17-Apr-17
OPTSTK,INFY,25-May-17,740,CE,0,0,0,280.8,190.1,0,0,0,0,17-Apr-17
OPTSTK,INFY,25-May-17,760,CE,0,0,0,261.4,170.55,0,0,0,0,17-Apr-17
OPTSTK,INFY,25-May-17,780,CE,0,0,0,242.15,151.2,0,0,0,0,17-Apr-17
OPTSTK,INFY,25-May-17,800,CE,0,0,0,223.15,132.3,0,0,0,0,17-Apr-17
OPTSTK,INFY,25-May-17,820,CE,0,0,0,204.45,114,0,0,0,0,17-Apr-17
OPTSTK,INFY,25-May-17,840,CE,0,0,0,186.15,96.6,0,0,0,0,17-Apr-17
OPTSTK,INFY,25-May-17,860,CE,0,0,0,168.4,80.4,0,0,0,0,17-Apr-17
OPTSTK,INFY,25-May-17,880,CE,0,0,0,151.25,65.55,0,0,0,0,17-Apr-17
OPTSTK,INFY,25-May-17,900,CE,45,48,45,45.2,45.2,5,23.66,3000,1000,17-Apr-17
OPTSTK,INFY,25-May-17,920,CE,33,35.2,31.45,35.2,35.2,8,38.17,2500,0,17-Apr-17
OPTSTK,INFY,25-May-17,940,CE,27.3,28,23.05,23.9,23.9,186,896.82,121000,61500,17-Apr-17
OPTSTK,INFY,25-May-17,960,CE,18.2,18.2,16,16.4,16.4,71,346.75,89500,16500,17-Apr-17
OPTSTK,INFY,25-May-17,980,CE,14,14,10.9,11.05,11.05,81,401.61,42500,6000,17-Apr-17
OPTSTK,INFY,25-May-17,1000,CE,10.75,11.5,7.55,8,8,194,978.24,208000,47500,17-Apr-17
OPTSTK,INFY,25-May-17,1020,CE,5,5.7,5,5.7,5.7,3,15.37,24500,-500,17-Apr-17
OPTSTK,INFY,25-May-17,1040,CE,0,0,0,5.95,5.75,0,0,34500,0,17-Apr-17
OPTSTK,INFY,25-May-17,1060,CE,4.5,4.5,4,4.35,4.35,10,53.2,23000,3500,17-Apr-17
OPTSTK,INFY,25-May-17,1080,CE,3.6,3.6,3.6,3.6,3.6,6,32.5,9000,3000,17-Apr-17
OPTSTK,INFY,25-May-17,1100,CE,3,3,3,3,3,2,11.03,16000,0,17-Apr-17
OPTSTK,INFY,25-May-17,1120,CE,0,0,0,22.6,1,0,0,0,0,17-Apr-17
OPTSTK,INFY,25-May-17,1140,CE,0,0,0,18.3,0.65,0,0,0,0,17-Apr-17
OPTSTK,INFY,25-May-17,1160,CE,0,0,0,14.7,0.4,0,0,0,0,17-Apr-17
OPTSTK,INFY,25-May-17,1180,CE,0,0,0,11.75,0.25,0,0,0,0,17-Apr-17
OPTSTK,INFY,25-May-17,1200,CE,0,0,0,9.3,0.15,0,0,0,0,17-Apr-17
OPTSTK,INFY,25-May-17,1220,CE,0,0,0,7.3,0.1,0,0,0,0,17-Apr-17
OPTSTK,INFY,25-May-17,1240,CE,0,0,0,5.7,0.05,0,0,0,0,17-Apr-17
OPTSTK,INFY,25-May-17,1260,CE,0,0,0,4.45,0.05,0,0,0,0,17-Apr-17
OPTSTK,INFY,25-May-17,1280,CE,0,0,0,3.45,0.05,0,0,0,0,17-Apr-17
OPTSTK,INFY,25-May-17,1300,CE,0,0,0,2.65,0.05,0,0,0,0,17-Apr-17
OPTSTK,INFY,25-May-17,1320,CE,0,0,0,2,0,0,0,0,0,17-Apr-17
OPTSTK,INFY,25-May-17,1340,CE,0,0,0,1.55,0,0,0,0,0,17-Apr-17
OPTSTK,INFY,25-May-17,720,PE,0,0,0,0.2,0.1,0,0,0,0,17-Apr-17
OPTSTK,INFY,25-May-17,740,PE,0,0,0,0.35,0.25,0,0,0,0,17-Apr-17
OPTSTK,INFY,25-May-17,760,PE,0,0,0,0.65,0.5,0,0,0,0,17-Apr-17
OPTSTK,INFY,25-May-17,780,PE,0,0,0,1.05,1.05,0,0,0,0,17-Apr-17
OPTSTK,INFY,25-May-17,800,PE,0,0,0,1.75,2,0,0,0,0,17-Apr-17
OPTSTK,INFY,25-May-17,820,PE,0,0,0,2.7,3.55,0,0,0,0,17-Apr-17
OPTSTK,INFY,25-May-17,840,PE,0,0,0,4.1,6.05,0,0,0,0,17-Apr-17
OPTSTK,INFY,25-May-17,860,PE,0,0,0,6.05,9.7,0,0,0,0,17-Apr-17
OPTSTK,INFY,25-May-17,880,PE,10,10,8,8,8,5,22.21,5500,2500,17-Apr-17
OPTSTK,INFY,25-May-17,900,PE,14.45,14.6,13,13.35,13.35,45,205.59,60000,7000,17-Apr-17
OPTSTK,INFY,25-May-17,920,PE,23.9,23.9,19.9,20,20,18,84.71,26000,-2500,17-Apr-17
OPTSTK,INFY,25-May-17,940,PE,32.2,32.2,29.4,30,30,29,140.7,33500,-2000,17-Apr-17
OPTSTK,INFY,25-May-17,960,PE,43,43,42,42.65,42.65,36,180.48,29500,14000,17-Apr-17
OPTSTK,INFY,25-May-17,980,PE,55,55,55,55,55,1,5.17,11000,-500,17-Apr-17
OPTSTK,INFY,25-May-17,1000,PE,73.5,73.8,73.3,73.65,73.65,33,177.14,33000,-1000,17-Apr-17
OPTSTK,INFY,25-May-17,1020,PE,0,0,0,52.6,96.65,0,0,0,0,17-Apr-17
OPTSTK,INFY,25-May-17,1040,PE,0,0,0,63.25,113.85,0,0,0,0,17-Apr-17
OPTSTK,INFY,25-May-17,1060,PE,0,0,0,75,131.8,0,0,0,0,17-Apr-17
OPTSTK,INFY,25-May-17,1080,PE,0,0,0,87.75,150.3,0,0,0,0,17-Apr-17
OPTSTK,INFY,25-May-17,1100,PE,0,0,0,101.5,169.3,0,0,0,0,17-Apr-17
OPTSTK,INFY,25-May-17,1120,PE,0,0,0,116.15,188.55,0,0,0,0,17-Apr-17
OPTSTK,INFY,25-May-17,1140,PE,0,0,0,131.55,208.05,0,0,0,0,17-Apr-17
OPTSTK,INFY,25-May-17,1160,PE,0,0,0,147.65,227.65,0,0,0,0,17-Apr-17
OPTSTK,INFY,25-May-17,1180,PE,0,0,0,164.35,247.4,0,0,0,0,17-Apr-17
OPTSTK,INFY,25-May-17,1200,PE,0,0,0,181.6,267.15,0,0,0,0,17-Apr-17
OPTSTK,INFY,25-May-17,1220,PE,0,0,0,199.35,286.95,0,0,0,0,17-Apr-17
OPTSTK,INFY,25-May-17,1240,PE,0,0,0,217.4,306.8,0,0,0,0,17-Apr-17
OPTSTK,INFY,25-May-17,1260,PE,0,0,0,235.85,326.65,0,0,0,0,17-Apr-17
OPTSTK,INFY,25-May-17,1280,PE,0,0,0,254.5,346.5,0,0,0,0,17-Apr-17
OPTSTK,INFY,25-May-17,1300,PE,0,0,0,273.4,366.35,0,0,0,0,17-Apr-17
OPTSTK,INFY,25-May-17,1320,PE,0,0,0,292.45,386.2,0,0,0,0,17-Apr-17
OPTSTK,INFY,25-May-17,1340,PE,0,0,0,311.65,406.1,0,0,0,0,17-Apr-17
OPTSTK,INFY,29-Jun-17,720,CE,0,0,0,317.4,215.15,0,0,0,0,17-Apr-17
OPTSTK,INFY,29-Jun-17,740,CE,0,0,0,297.75,196.1,0,0,0,0,17-Apr-17
OPTSTK,INFY,29-Jun-17,760,CE,0,0,0,278.1,177.45,0,0,0,0,17-Apr-17
OPTSTK,INFY,29-Jun-17,780,CE,0,0,0,258.5,159.25,0,0,0,0,17-Apr-17
OPTSTK,INFY,29-Jun-17,800,CE,0,0,0,238.95,141.7,0,0,0,0,17-Apr-17
OPTSTK,INFY,29-Jun-17,820,CE,0,0,0,219.55,124.95,0,0,0,0,17-Apr-17
OPTSTK,INFY,29-Jun-17,840,CE,0,0,0,200.3,109.1,0,0,0,0,17-Apr-17
OPTSTK,INFY,29-Jun-17,860,CE,0,0,0,181.35,94.35,0,0,0,0,17-Apr-17
OPTSTK,INFY,29-Jun-17,880,CE,0,0,0,162.75,80.7,0,0,0,0,17-Apr-17
OPTSTK,INFY,29-Jun-17,900,CE,0,0,0,144.75,68.35,0,0,0,0,17-Apr-17
OPTSTK,INFY,29-Jun-17,920,CE,0,0,0,127.4,57.25,0,0,0,0,17-Apr-17
OPTSTK,INFY,29-Jun-17,940,CE,0,0,0,110.9,47.45,0,0,0,0,17-Apr-17
OPTSTK,INFY,29-Jun-17,960,CE,0,0,0,95.45,38.95,0,0,0,0,17-Apr-17
OPTSTK,INFY,29-Jun-17,980,CE,0,0,0,81.15,31.6,0,0,0,0,17-Apr-17
OPTSTK,INFY,29-Jun-17,1000,CE,14,14,12.9,12.9,12.9,2,10.13,1000,1000,17-Apr-17
OPTSTK,INFY,29-Jun-17,1020,CE,0,0,0,56.45,20.2,0,0,0,0,17-Apr-17
OPTSTK,INFY,29-Jun-17,1040,CE,0,0,0,46.15,15.9,0,0,0,0,17-Apr-17
OPTSTK,INFY,29-Jun-17,1060,CE,0,0,0,37.25,12.4,0,0,0,0,17-Apr-17
OPTSTK,INFY,29-Jun-17,1080,CE,0,0,0,29.65,9.55,0,0,0,0,17-Apr-17
OPTSTK,INFY,29-Jun-17,1100,CE,0,0,0,23.3,7.3,0,0,0,0,17-Apr-17
OPTSTK,INFY,29-Jun-17,1120,CE,0,0,0,18.15,5.55,0,0,0,0,17-Apr-17
OPTSTK,INFY,29-Jun-17,1140,CE,0,0,0,13.85,4.15,0,0,0,0,17-Apr-17
OPTSTK,INFY,29-Jun-17,1160,CE,0,0,0,10.45,3.1,0,0,0,0,17-Apr-17
OPTSTK,INFY,29-Jun-17,1180,CE,0,0,0,7.8,2.3,0,0,0,0,17-Apr-17
OPTSTK,INFY,29-Jun-17,1200,CE,0,0,0,5.75,1.7,0,0,0,0,17-Apr-17
OPTSTK,INFY,29-Jun-17,1220,CE,0,0,0,4.2,1.25,0,0,0,0,17-Apr-17
OPTSTK,INFY,29-Jun-17,1240,CE,0,0,0,3.05,0.9,0,0,0,0,17-Apr-17
OPTSTK,INFY,29-Jun-17,1260,CE,0,0,0,2.15,0.65,0,0,0,0,17-Apr-17
OPTSTK,INFY,29-Jun-17,1280,CE,0,0,0,1.5,0.45,0,0,0,0,17-Apr-17
OPTSTK,INFY,29-Jun-17,1300,CE,0,0,0,1.05,0.35,0,0,0,0,17-Apr-17
OPTSTK,INFY,29-Jun-17,1320,CE,0,0,0,0.75,0.25,0,0,0,0,17-Apr-17
OPTSTK,INFY,29-Jun-17,1340,CE,0,0,0,0.5,0.2,0,0,0,0,17-Apr-17
OPTSTK,INFY,29-Jun-17,720,PE,0,0,0,0.05,0.95,0,0,0,0,17-Apr-17
OPTSTK,INFY,29-Jun-17,740,PE,0,0,0,0.05,1.65,0,0,0,0,17-Apr-17
OPTSTK,INFY,29-Jun-17,760,PE,0,0,0,0.1,2.7,0,0,0,0,17-Apr-17
OPTSTK,INFY,29-Jun-17,780,PE,0,0,0,0.15,4.25,0,0,0,0,17-Apr-17
OPTSTK,INFY,29-Jun-17,800,PE,0,0,0,0.3,6.45,0,0,0,0,17-Apr-17
OPTSTK,INFY,29-Jun-17,820,PE,0,0,0,0.5,9.45,0,0,0,0,17-Apr-17
OPTSTK,INFY,29-Jun-17,840,PE,0,0,0,0.95,13.35,0,0,0,0,17-Apr-17
OPTSTK,INFY,29-Jun-17,860,PE,0,0,0,1.65,18.35,0,0,0,0,17-Apr-17
OPTSTK,INFY,29-Jun-17,880,PE,0,0,0,2.75,24.45,0,0,0,0,17-Apr-17
OPTSTK,INFY,29-Jun-17,900,PE,0,0,0,4.4,31.85,0,0,0,0,17-Apr-17
OPTSTK,INFY,29-Jun-17,920,PE,0,0,0,6.7,40.5,0,0,0,0,17-Apr-17
OPTSTK,INFY,29-Jun-17,940,PE,0,0,0,34,50.45,0,0,500,0,17-Apr-17
OPTSTK,INFY,29-Jun-17,960,PE,0,0,0,45,61.65,0,0,500,0,17-Apr-17
OPTSTK,INFY,29-Jun-17,980,PE,0,0,0,46,74.05,0,0,2000,0,17-Apr-17
OPTSTK,INFY,29-Jun-17,1000,PE,0,0,0,26.15,87.55,0,0,0,0,17-Apr-17
OPTSTK,INFY,29-Jun-17,1020,PE,0,0,0,34.15,102.15,0,0,0,0,17-Apr-17
OPTSTK,INFY,29-Jun-17,1040,PE,0,0,0,43.5,117.55,0,0,0,0,17-Apr-17
OPTSTK,INFY,29-Jun-17,1060,PE,0,0,0,54.3,133.8,0,0,0,0,17-Apr-17
OPTSTK,INFY,29-Jun-17,1080,PE,0,0,0,66.35,150.7,0,0,0,0,17-Apr-17
OPTSTK,INFY,29-Jun-17,1100,PE,0,0,0,79.65,168.2,0,0,0,0,17-Apr-17
OPTSTK,INFY,29-Jun-17,1120,PE,0,0,0,94.15,186.2,0,0,0,0,17-Apr-17
OPTSTK,INFY,29-Jun-17,1140,PE,0,0,0,109.55,204.55,0,0,0,0,17-Apr-17
OPTSTK,INFY,29-Jun-17,1160,PE,0,0,0,125.85,223.25,0,0,0,0,17-Apr-17
OPTSTK,INFY,29-Jun-17,1180,PE,0,0,0,142.85,242.15,0,0,0,0,17-Apr-17
OPTSTK,INFY,29-Jun-17,1200,PE,0,0,0,160.45,261.3,0,0,0,0,17-Apr-17
OPTSTK,INFY,29-Jun-17,1220,PE,0,0,0,178.6,280.6,0,0,0,0,17-Apr-17
OPTSTK,INFY,29-Jun-17,1240,PE,0,0,0,197.1,300,0,0,0,0,17-Apr-17
OPTSTK,INFY,29-Jun-17,1260,PE,0,0,0,215.9,319.45,0,0,0,0,17-Apr-17
OPTSTK,INFY,29-Jun-17,1280,PE,0,0,0,234.9,339.05,0,0,0,0,17-Apr-17
OPTSTK,INFY,29-Jun-17,1300,PE,0,0,0,254.1,358.65,0,0,0,0,17-Apr-17
OPTSTK,INFY,29-Jun-17,1320,PE,0,0,0,273.45,378.3,0,0,0,0,17-Apr-17
OPTSTK,INFY,29-Jun-17,1340,PE,0,0,0,292.9,397.95,0,0,0,0,17-Apr-17
OPTSTK,IOC,27-Apr-17,260,CE,0,0,0,125.1,164.9,0,0,0,0,17-Apr-17
OPTSTK,IOC,27-Apr-17,270,CE,0,0,0,115.65,154.95,0,0,0,0,17-Apr-17
OPTSTK,IOC,27-Apr-17,280,CE,0,0,0,106.3,144.95,0,0,0,0,17-Apr-17
OPTSTK,IOC,27-Apr-17,290,CE,0,0,0,97.2,134.95,0,0,0,0,17-Apr-17
OPTSTK,IOC,27-Apr-17,300,CE,0,0,0,74,125,0,0,3000,0,17-Apr-17
OPTSTK,IOC,27-Apr-17,310,CE,0,0,0,79.9,115,0,0,0,0,17-Apr-17
OPTSTK,IOC,27-Apr-17,320,CE,0,0,0,65.5,105.05,0,0,3000,0,17-Apr-17
OPTSTK,IOC,27-Apr-17,330,CE,0,0,0,41.65,95.05,0,0,6000,0,17-Apr-17
OPTSTK,IOC,27-Apr-17,340,CE,0,0,0,32.7,85.05,0,0,9000,0,17-Apr-17
OPTSTK,IOC,27-Apr-17,350,CE,0,0,0,25.4,75.1,0,0,12000,0,17-Apr-17
OPTSTK,IOC,27-Apr-17,360,CE,63.15,63.15,63.15,63.15,63.15,1,12.69,21000,0,17-Apr-17
OPTSTK,IOC,27-Apr-17,370,CE,0,0,0,42.9,55.15,0,0,36000,0,17-Apr-17
OPTSTK,IOC,27-Apr-17,380,CE,49.1,49.1,49.1,49.1,49.1,1,12.87,135000,0,17-Apr-17
OPTSTK,IOC,27-Apr-17,390,CE,0,0,0,32.95,35.55,0,0,114000,0,17-Apr-17
OPTSTK,IOC,27-Apr-17,400,CE,28,31,23,25,25,22,281.21,189000,-27000,17-Apr-17
OPTSTK,IOC,27-Apr-17,410,CE,23.25,23.25,13.9,17.9,17.9,42,539.36,321000,-15000,17-Apr-17
OPTSTK,IOC,27-Apr-17,420,CE,13,15.5,8,10.75,10.75,251,3248.69,351000,-9000,17-Apr-17
OPTSTK,IOC,27-Apr-17,430,CE,7.2,9.95,4.2,6.2,6.2,751,9846.31,603000,210000,17-Apr-17
OPTSTK,IOC,27-Apr-17,440,CE,3.9,5.9,2.3,3.35,3.35,613,8168.08,552000,216000,17-Apr-17
OPTSTK,IOC,27-Apr-17,450,CE,2,3.25,1.35,1.95,1.95,246,3338.32,408000,225000,17-Apr-17
OPTSTK,IOC,27-Apr-17,460,CE,1.5,1.65,0.85,1.05,1.05,82,1134.59,153000,42000,17-Apr-17
OPTSTK,IOC,27-Apr-17,470,CE,0.8,0.85,0.5,0.7,0.7,14,197.7,60000,0,17-Apr-17
OPTSTK,IOC,27-Apr-17,480,CE,0,0,0,0.45,0.1,0,0,3000,0,17-Apr-17
OPTSTK,IOC,27-Apr-17,490,CE,0,0,0,4.85,0.05,0,0,0,0,17-Apr-17
OPTSTK,IOC,27-Apr-17,500,CE,0,0,0,3.95,0,0,0,0,0,17-Apr-17
OPTSTK,IOC,27-Apr-17,260,PE,0,0,0,0.55,0,0,0,0,0,17-Apr-17
OPTSTK,IOC,27-Apr-17,270,PE,0,0,0,0.9,0,0,0,0,0,17-Apr-17
OPTSTK,IOC,27-Apr-17,280,PE,0,0,0,1.4,0,0,0,0,0,17-Apr-17
OPTSTK,IOC,27-Apr-17,290,PE,0,0,0,2.15,0,0,0,0,0,17-Apr-17
OPTSTK,IOC,27-Apr-17,300,PE,0,0,0,3.15,0,0,0,0,0,17-Apr-17
OPTSTK,IOC,27-Apr-17,310,PE,0,0,0,4.5,0,0,0,0,0,17-Apr-17
OPTSTK,IOC,27-Apr-17,320,PE,0,0,0,6.25,0,0,0,0,0,17-Apr-17
OPTSTK,IOC,27-Apr-17,330,PE,0,0,0,0.1,0,0,0,6000,0,17-Apr-17
OPTSTK,IOC,27-Apr-17,340,PE,0.2,0.2,0.2,0.2,0.2,1,10.2,15000,0,17-Apr-17
OPTSTK,IOC,27-Apr-17,350,PE,0.15,0.15,0.15,0.15,0.15,1,10.5,87000,0,17-Apr-17
OPTSTK,IOC,27-Apr-17,360,PE,0.2,0.25,0.1,0.15,0.15,10,108.05,99000,-9000,17-Apr-17
OPTSTK,IOC,27-Apr-17,370,PE,0.3,0.35,0.25,0.3,0.3,13,144.42,168000,0,17-Apr-17
OPTSTK,IOC,27-Apr-17,380,PE,0.45,0.45,0.25,0.3,0.3,40,456.43,252000,-12000,17-Apr-17
OPTSTK,IOC,27-Apr-17,390,PE,0.15,0.9,0.15,0.55,0.55,113,1324.31,303000,12000,17-Apr-17
OPTSTK,IOC,27-Apr-17,400,PE,1,2,0.85,1.05,1.05,246,2961.61,489000,24000,17-Apr-17
OPTSTK,IOC,27-Apr-17,410,PE,2.55,4.25,1.9,2.6,2.6,298,3692.27,318000,-15000,17-Apr-17
OPTSTK,IOC,27-Apr-17,420,PE,6.05,8.8,4.1,5.95,5.95,321,4103.41,342000,51000,17-Apr-17
OPTSTK,IOC,27-Apr-17,430,PE,7.8,15,7.7,10.65,10.65,118,1562.61,138000,78000,17-Apr-17
OPTSTK,IOC,27-Apr-17,440,PE,14.1,21,14.1,21,21,6,82.25,6000,0,17-Apr-17
OPTSTK,IOC,27-Apr-17,450,PE,22,25.9,22,25.9,25.9,3,42.71,12000,9000,17-Apr-17
OPTSTK,IOC,27-Apr-17,460,PE,0,0,0,80.8,35.4,0,0,0,0,17-Apr-17
OPTSTK,IOC,27-Apr-17,470,PE,0,0,0,89.15,44.95,0,0,0,0,17-Apr-17
OPTSTK,IOC,27-Apr-17,480,PE,0,0,0,97.7,54.8,0,0,0,0,17-Apr-17
OPTSTK,IOC,27-Apr-17,490,PE,0,0,0,106.5,64.75,0,0,0,0,17-Apr-17
OPTSTK,IOC,27-Apr-17,500,PE,0,0,0,115.45,74.7,0,0,0,0,17-Apr-17
OPTSTK,IOC,25-May-17,270,CE,0,0,0,119.55,156.3,0,0,0,0,17-Apr-17
OPTSTK,IOC,25-May-17,280,CE,0,0,0,109.9,146.35,0,0,0,0,17-Apr-17
OPTSTK,IOC,25-May-17,290,CE,0,0,0,100.35,136.45,0,0,0,0,17-Apr-17
OPTSTK,IOC,25-May-17,300,CE,0,0,0,91,126.5,0,0,0,0,17-Apr-17
OPTSTK,IOC,25-May-17,310,CE,0,0,0,81.9,116.55,0,0,0,0,17-Apr-17
OPTSTK,IOC,25-May-17,320,CE,0,0,0,73.05,106.65,0,0,0,0,17-Apr-17
OPTSTK,IOC,25-May-17,330,CE,0,0,0,64.65,96.75,0,0,0,0,17-Apr-17
OPTSTK,IOC,25-May-17,340,CE,0,0,0,56.7,86.9,0,0,0,0,17-Apr-17
OPTSTK,IOC,25-May-17,350,CE,0,0,0,49.25,77.15,0,0,0,0,17-Apr-17
OPTSTK,IOC,25-May-17,360,CE,0,0,0,42.35,67.6,0,0,0,0,17-Apr-17
OPTSTK,IOC,25-May-17,370,CE,0,0,0,36.1,58.3,0,0,0,0,17-Apr-17
OPTSTK,IOC,25-May-17,380,CE,0,0,0,15.6,49.4,0,0,3000,0,17-Apr-17
OPTSTK,IOC,25-May-17,390,CE,0,0,0,19.5,41.05,0,0,12000,0,17-Apr-17
OPTSTK,IOC,25-May-17,400,CE,0,0,0,30,33.45,0,0,15000,0,17-Apr-17
OPTSTK,IOC,25-May-17,410,CE,0,0,0,16.5,26.6,0,0,15000,0,17-Apr-17
OPTSTK,IOC,25-May-17,420,CE,14.95,14.95,14.95,14.95,14.95,1,13.04,9000,0,17-Apr-17
OPTSTK,IOC,25-May-17,430,CE,0,0,0,11.4,15.7,0,0,0,0,17-Apr-17
OPTSTK,IOC,25-May-17,440,CE,9.15,9.15,9,9,9,7,94.3,18000,-3000,17-Apr-17
OPTSTK,IOC,25-May-17,450,CE,4.3,6.95,4.3,6.65,6.65,6,82.06,24000,9000,17-Apr-17
OPTSTK,IOC,25-May-17,460,CE,0,0,0,5.7,5.9,0,0,0,0,17-Apr-17
OPTSTK,IOC,25-May-17,470,CE,0,0,0,4.45,4.05,0,0,0,0,17-Apr-17
OPTSTK,IOC,25-May-17,480,CE,0,0,0,3.45,2.75,0,0,0,0,17-Apr-17
OPTSTK,IOC,25-May-17,490,CE,0,0,0,2.65,1.8,0,0,0,0,17-Apr-17
OPTSTK,IOC,25-May-17,500,CE,0,0,0,2.05,1.15,0,0,0,0,17-Apr-17
OPTSTK,IOC,25-May-17,270,PE,0,0,0,0.2,0,0,0,0,0,17-Apr-17
OPTSTK,IOC,25-May-17,280,PE,0,0,0,0.4,0,0,0,0,0,17-Apr-17
OPTSTK,IOC,25-May-17,290,PE,0,0,0,0.7,0,0,0,0,0,17-Apr-17
OPTSTK,IOC,25-May-17,300,PE,0,0,0,1.2,0,0,0,0,0,17-Apr-17
OPTSTK,IOC,25-May-17,310,PE,0,0,0,1.9,0.05,0,0,0,0,17-Apr-17
OPTSTK,IOC,25-May-17,320,PE,0,0,0,2.95,0.05,0,0,0,0,17-Apr-17
OPTSTK,IOC,25-May-17,330,PE,0,0,0,4.4,0.1,0,0,0,0,17-Apr-17
OPTSTK,IOC,25-May-17,340,PE,0,0,0,6.25,0.15,0,0,0,0,17-Apr-17
OPTSTK,IOC,25-May-17,350,PE,0,0,0,8.65,0.35,0,0,0,0,17-Apr-17
OPTSTK,IOC,25-May-17,360,PE,0,0,0,11.6,0.7,0,0,0,0,17-Apr-17
OPTSTK,IOC,25-May-17,370,PE,0,0,0,0.8,1.35,0,0,3000,0,17-Apr-17
OPTSTK,IOC,25-May-17,380,PE,0,0,0,2.4,2.4,0,0,9000,0,17-Apr-17
OPTSTK,IOC,25-May-17,390,PE,0,0,0,5,4,0,0,3000,0,17-Apr-17
OPTSTK,IOC,25-May-17,400,PE,0,0,0,9.1,6.3,0,0,3000,0,17-Apr-17
OPTSTK,IOC,25-May-17,410,PE,8.4,8.4,7.75,7.75,7.75,2,25.08,15000,3000,17-Apr-17
OPTSTK,IOC,25-May-17,420,PE,13.6,13.6,10.85,10.85,10.85,3,38.85,9000,9000,17-Apr-17
OPTSTK,IOC,25-May-17,430,PE,0,0,0,15.2,18.35,0,0,6000,0,17-Apr-17
OPTSTK,IOC,25-May-17,440,PE,0,0,0,57.1,24.2,0,0,0,0,17-Apr-17
OPTSTK,IOC,25-May-17,450,PE,0,0,0,28.4,30.9,0,0,3000,0,17-Apr-17
OPTSTK,IOC,25-May-17,460,PE,0,0,0,73.35,38.35,0,0,0,0,17-Apr-17
OPTSTK,IOC,25-May-17,470,PE,0,0,0,81.95,46.45,0,0,0,0,17-Apr-17
OPTSTK,IOC,25-May-17,480,PE,0,0,0,90.8,55.05,0,0,0,0,17-Apr-17
OPTSTK,IOC,25-May-17,490,PE,0,0,0,99.85,64.05,0,0,0,0,17-Apr-17
OPTSTK,IOC,25-May-17,500,PE,0,0,0,109.1,73.35,0,0,0,0,17-Apr-17
OPTSTK,IOC,29-Jun-17,270,CE,0,0,0,111.3,157.95,0,0,0,0,17-Apr-17
OPTSTK,IOC,29-Jun-17,280,CE,0,0,0,101.45,148.1,0,0,0,0,17-Apr-17
OPTSTK,IOC,29-Jun-17,290,CE,0,0,0,91.65,138.25,0,0,0,0,17-Apr-17
OPTSTK,IOC,29-Jun-17,300,CE,0,0,0,81.95,128.4,0,0,0,0,17-Apr-17
OPTSTK,IOC,29-Jun-17,310,CE,0,0,0,72.3,118.65,0,0,0,0,17-Apr-17
OPTSTK,IOC,29-Jun-17,320,CE,0,0,0,62.9,108.9,0,0,0,0,17-Apr-17
OPTSTK,IOC,29-Jun-17,330,CE,0,0,0,53.8,99.3,0,0,0,0,17-Apr-17
OPTSTK,IOC,29-Jun-17,340,CE,0,0,0,45.15,89.85,0,0,0,0,17-Apr-17
OPTSTK,IOC,29-Jun-17,350,CE,0,0,0,37.1,80.6,0,0,0,0,17-Apr-17
OPTSTK,IOC,29-Jun-17,360,CE,0,0,0,29.85,71.65,0,0,0,0,17-Apr-17
OPTSTK,IOC,29-Jun-17,370,CE,0,0,0,23.4,63.1,0,0,0,0,17-Apr-17
OPTSTK,IOC,29-Jun-17,380,CE,0,0,0,17.95,55,0,0,0,0,17-Apr-17
OPTSTK,IOC,29-Jun-17,390,CE,0,0,0,13.4,47.45,0,0,0,0,17-Apr-17
OPTSTK,IOC,29-Jun-17,400,CE,0,0,0,9.8,40.45,0,0,0,0,17-Apr-17
OPTSTK,IOC,29-Jun-17,410,CE,0,0,0,7,34.1,0,0,0,0,17-Apr-17
OPTSTK,IOC,29-Jun-17,420,CE,0,0,0,4.85,28.45,0,0,0,0,17-Apr-17
OPTSTK,IOC,29-Jun-17,430,CE,0,0,0,3.3,23.45,0,0,0,0,17-Apr-17
OPTSTK,IOC,29-Jun-17,440,CE,0,0,0,2.2,19.1,0,0,0,0,17-Apr-17
OPTSTK,IOC,29-Jun-17,450,CE,0,0,0,1.4,15.4,0,0,0,0,17-Apr-17
OPTSTK,IOC,29-Jun-17,460,CE,0,0,0,0.9,12.25,0,0,0,0,17-Apr-17
OPTSTK,IOC,29-Jun-17,470,CE,0,0,0,0.55,9.7,0,0,0,0,17-Apr-17
OPTSTK,IOC,29-Jun-17,480,CE,0,0,0,0.35,7.55,0,0,0,0,17-Apr-17
OPTSTK,IOC,29-Jun-17,490,CE,0,0,0,0.2,5.85,0,0,0,0,17-Apr-17
OPTSTK,IOC,29-Jun-17,500,CE,0,0,0,0.15,4.45,0,0,0,0,17-Apr-17
OPTSTK,IOC,29-Jun-17,270,PE,0,0,0,0.05,0,0,0,0,0,17-Apr-17
OPTSTK,IOC,29-Jun-17,280,PE,0,0,0,0.05,0.05,0,0,0,0,17-Apr-17
OPTSTK,IOC,29-Jun-17,290,PE,0,0,0,0.1,0.05,0,0,0,0,17-Apr-17
OPTSTK,IOC,29-Jun-17,300,PE,0,0,0,0.2,0.1,0,0,0,0,17-Apr-17
OPTSTK,IOC,29-Jun-17,310,PE,0,0,0,0.4,0.15,0,0,0,0,17-Apr-17
OPTSTK,IOC,29-Jun-17,320,PE,0,0,0,0.8,0.3,0,0,0,0,17-Apr-17
OPTSTK,IOC,29-Jun-17,330,PE,0,0,0,1.55,0.55,0,0,0,0,17-Apr-17
OPTSTK,IOC,29-Jun-17,340,PE,0,0,0,2.75,1,0,0,0,0,17-Apr-17
OPTSTK,IOC,29-Jun-17,350,PE,0,0,0,4.55,1.6,0,0,0,0,17-Apr-17
OPTSTK,IOC,29-Jun-17,360,PE,0,0,0,7.1,2.55,0,0,0,0,17-Apr-17
OPTSTK,IOC,29-Jun-17,370,PE,0,0,0,10.5,3.85,0,0,0,0,17-Apr-17
OPTSTK,IOC,29-Jun-17,380,PE,0,0,0,14.9,5.65,0,0,0,0,17-Apr-17
OPTSTK,IOC,29-Jun-17,390,PE,0,0,0,20.2,7.95,0,0,0,0,17-Apr-17
OPTSTK,IOC,29-Jun-17,400,PE,0,0,0,26.4,10.85,0,0,0,0,17-Apr-17
OPTSTK,IOC,29-Jun-17,410,PE,0,0,0,33.4,14.35,0,0,0,0,17-Apr-17
OPTSTK,IOC,29-Jun-17,420,PE,0,0,0,41.1,18.55,0,0,0,0,17-Apr-17
OPTSTK,IOC,29-Jun-17,430,PE,0,0,0,49.4,23.45,0,0,0,0,17-Apr-17
OPTSTK,IOC,29-Jun-17,440,PE,0,0,0,58.15,28.95,0,0,0,0,17-Apr-17
OPTSTK,IOC,29-Jun-17,450,PE,0,0,0,67.2,35.15,0,0,0,0,17-Apr-17
OPTSTK,IOC,29-Jun-17,460,PE,0,0,0,76.5,41.85,0,0,0,0,17-Apr-17
OPTSTK,IOC,29-Jun-17,470,PE,0,0,0,86,49.15,0,0,0,0,17-Apr-17
OPTSTK,IOC,29-Jun-17,480,PE,0,0,0,95.65,56.9,0,0,0,0,17-Apr-17
OPTSTK,IOC,29-Jun-17,490,PE,0,0,0,105.35,65.05,0,0,0,0,17-Apr-17
OPTSTK,IOC,29-Jun-17,500,PE,0,0,0,115.1,73.55,0,0,0,0,17-Apr-17
OPTSTK,IRB,27-Apr-17,130,CE,0,0,0,100.5,109.4,0,0,0,0,17-Apr-17
OPTSTK,IRB,27-Apr-17,135,CE,0,0,0,102.1,104.4,0,0,0,0,17-Apr-17
OPTSTK,IRB,27-Apr-17,140,CE,0,0,0,90.7,99.4,0,0,0,0,17-Apr-17
OPTSTK,IRB,27-Apr-17,145,CE,0,0,0,92.15,94.4,0,0,0,0,17-Apr-17
OPTSTK,IRB,27-Apr-17,150,CE,0,0,0,81,89.45,0,0,0,0,17-Apr-17
OPTSTK,IRB,27-Apr-17,155,CE,0,0,0,82.2,84.45,0,0,0,0,17-Apr-17
OPTSTK,IRB,27-Apr-17,160,CE,0,0,0,71.45,79.45,0,0,0,0,17-Apr-17
OPTSTK,IRB,27-Apr-17,165,CE,0,0,0,72.25,74.45,0,0,0,0,17-Apr-17
OPTSTK,IRB,27-Apr-17,170,CE,0,0,0,62.2,69.45,0,0,0,0,17-Apr-17
OPTSTK,IRB,27-Apr-17,175,CE,0,0,0,62.3,64.45,0,0,0,0,17-Apr-17
OPTSTK,IRB,27-Apr-17,180,CE,0,0,0,53.35,59.5,0,0,0,0,17-Apr-17
OPTSTK,IRB,27-Apr-17,185,CE,0,0,0,52.35,54.5,0,0,0,0,17-Apr-17
OPTSTK,IRB,27-Apr-17,190,CE,0,0,0,45.05,49.5,0,0,0,0,17-Apr-17
OPTSTK,IRB,27-Apr-17,195,CE,0,0,0,42.55,44.5,0,0,0,0,17-Apr-17
OPTSTK,IRB,27-Apr-17,200,CE,0,0,0,40.9,39.5,0,0,10000,0,17-Apr-17
OPTSTK,IRB,27-Apr-17,205,CE,0,0,0,33,34.55,0,0,0,0,17-Apr-17
OPTSTK,IRB,27-Apr-17,210,CE,0,0,0,28.25,29.55,0,0,2500,0,17-Apr-17
OPTSTK,IRB,27-Apr-17,215,CE,0,0,0,24.1,24.65,0,0,0,0,17-Apr-17
OPTSTK,IRB,27-Apr-17,220,CE,19.5,19.5,19.5,19.5,19.5,1,5.98,5000,-2500,17-Apr-17
OPTSTK,IRB,27-Apr-17,225,CE,0,0,0,16.4,15.3,0,0,0,0,17-Apr-17
OPTSTK,IRB,27-Apr-17,230,CE,10.65,13,10.65,13,13,4,24.21,30000,-2500,17-Apr-17
OPTSTK,IRB,27-Apr-17,235,CE,8.95,10,4.65,9.4,9.4,130,784.95,77500,25000,17-Apr-17
OPTSTK,IRB,27-Apr-17,240,CE,4.95,7.2,3,6.5,6.5,672,4122.67,552500,25000,17-Apr-17
OPTSTK,IRB,27-Apr-17,245,CE,2.3,5.1,2,4.7,4.7,178,1107.54,202500,77500,17-Apr-17
OPTSTK,IRB,27-Apr-17,250,CE,2.45,3.75,1.2,3.1,3.1,340,2147.61,642500,80000,17-Apr-17
OPTSTK,IRB,27-Apr-17,255,CE,1.65,2.2,0.85,2.1,2.1,37,237.63,77500,15000,17-Apr-17
OPTSTK,IRB,27-Apr-17,260,CE,0.95,1.65,0.6,1.45,1.45,133,868.94,225000,-2500,17-Apr-17
OPTSTK,IRB,27-Apr-17,265,CE,0.35,0.95,0.35,0.85,0.85,25,166.06,55000,32500,17-Apr-17
OPTSTK,IRB,27-Apr-17,270,CE,0.3,0.7,0.3,0.65,0.65,31,209.7,60000,25000,17-Apr-17
OPTSTK,IRB,27-Apr-17,275,CE,0,0,0,0.65,0.05,0,0,0,0,17-Apr-17
OPTSTK,IRB,27-Apr-17,280,CE,0.35,0.35,0.35,0.35,0.35,2,14.01,7500,0,17-Apr-17
OPTSTK,IRB,27-Apr-17,285,CE,0,0,0,0.3,0,0,0,0,0,17-Apr-17
OPTSTK,IRB,27-Apr-17,290,CE,0,0,0,0.4,0,0,0,2500,0,17-Apr-17
OPTSTK,IRB,27-Apr-17,295,CE,0,0,0,0.1,0,0,0,0,0,17-Apr-17
OPTSTK,IRB,27-Apr-17,300,CE,0,0,0,0.45,0,0,0,5000,0,17-Apr-17
OPTSTK,IRB,27-Apr-17,130,PE,0,0,0,0.05,0,0,0,0,0,17-Apr-17
OPTSTK,IRB,27-Apr-17,135,PE,0,0,0,0.05,0,0,0,0,0,17-Apr-17
OPTSTK,IRB,27-Apr-17,140,PE,0,0,0,0.1,0,0,0,0,0,17-Apr-17
OPTSTK,IRB,27-Apr-17,145,PE,0,0,0,0.05,0,0,0,0,0,17-Apr-17
OPTSTK,IRB,27-Apr-17,150,PE,0,0,0,0.25,0,0,0,0,0,17-Apr-17
OPTSTK,IRB,27-Apr-17,155,PE,0,0,0,0.05,0,0,0,0,0,17-Apr-17
OPTSTK,IRB,27-Apr-17,160,PE,0,0,0,0.55,0,0,0,0,0,17-Apr-17
OPTSTK,IRB,27-Apr-17,165,PE,0,0,0,0.05,0,0,0,0,0,17-Apr-17
OPTSTK,IRB,27-Apr-17,170,PE,0,0,0,1.1,0,0,0,0,0,17-Apr-17
OPTSTK,IRB,27-Apr-17,175,PE,0,0,0,0.05,0,0,0,0,0,17-Apr-17
OPTSTK,IRB,27-Apr-17,180,PE,0,0,0,2.1,0,0,0,0,0,17-Apr-17
OPTSTK,IRB,27-Apr-17,185,PE,0,0,0,0.05,0,0,0,0,0,17-Apr-17
OPTSTK,IRB,27-Apr-17,190,PE,0,0,0,3.6,0,0,0,0,0,17-Apr-17
OPTSTK,IRB,27-Apr-17,195,PE,0,0,0,0.15,0,0,0,0,0,17-Apr-17
OPTSTK,IRB,27-Apr-17,200,PE,0,0,0,0.35,0,0,0,12500,0,17-Apr-17
OPTSTK,IRB,27-Apr-17,205,PE,0,0,0,0.55,0.05,0,0,0,0,17-Apr-17
OPTSTK,IRB,27-Apr-17,210,PE,0.3,0.3,0.2,0.2,0.2,4,21.02,40000,-5000,17-Apr-17
OPTSTK,IRB,27-Apr-17,215,PE,0,0,0,0.9,0.1,0,0,25000,0,17-Apr-17
OPTSTK,IRB,27-Apr-17,220,PE,0.85,0.95,0.6,0.7,0.7,31,171.12,195000,5000,17-Apr-17
OPTSTK,IRB,27-Apr-17,225,PE,1.9,2.05,1.8,1.8,1.8,6,34.03,30000,12500,17-Apr-17
OPTSTK,IRB,27-Apr-17,230,PE,3.1,3.85,1.95,2.2,2.2,87,506.06,190000,-10000,17-Apr-17
OPTSTK,IRB,27-Apr-17,235,PE,5.95,6.25,3.5,3.85,3.85,82,490.43,132500,-32500,17-Apr-17
OPTSTK,IRB,27-Apr-17,240,PE,8.4,8.4,5.5,5.95,5.95,36,221.66,197500,2500,17-Apr-17
OPTSTK,IRB,27-Apr-17,245,PE,9.4,9.4,9.4,9.4,9.4,1,6.36,30000,0,17-Apr-17
OPTSTK,IRB,27-Apr-17,250,PE,0,0,0,17.1,12,0,0,47500,0,17-Apr-17
OPTSTK,IRB,27-Apr-17,255,PE,0,0,0,20.45,16.2,0,0,0,0,17-Apr-17
OPTSTK,IRB,27-Apr-17,260,PE,0,0,0,18,20.75,0,0,7500,0,17-Apr-17
OPTSTK,IRB,27-Apr-17,265,PE,0,0,0,28.8,25.55,0,0,0,0,17-Apr-17
OPTSTK,IRB,27-Apr-17,270,PE,30.2,30.2,30.2,30.2,30.2,3,22.51,7500,7500,17-Apr-17
OPTSTK,IRB,27-Apr-17,275,PE,0,0,0,37.9,35.4,0,0,0,0,17-Apr-17
OPTSTK,IRB,27-Apr-17,280,PE,0,0,0,52,40.4,0,0,0,0,17-Apr-17
OPTSTK,IRB,27-Apr-17,285,PE,0,0,0,47.45,45.4,0,0,0,0,17-Apr-17
OPTSTK,IRB,27-Apr-17,290,PE,0,0,0,60.55,50.35,0,0,0,0,17-Apr-17
OPTSTK,IRB,27-Apr-17,295,PE,0,0,0,57.25,55.35,0,0,0,0,17-Apr-17
OPTSTK,IRB,27-Apr-17,300,PE,0,0,0,69.4,60.35,0,0,0,0,17-Apr-17
OPTSTK,IRB,25-May-17,130,CE,0,0,0,103.1,110.05,0,0,0,0,17-Apr-17
OPTSTK,IRB,25-May-17,135,CE,0,0,0,102.8,105.1,0,0,0,0,17-Apr-17
OPTSTK,IRB,25-May-17,140,CE,0,0,0,93.25,100.1,0,0,0,0,17-Apr-17
OPTSTK,IRB,25-May-17,145,CE,0,0,0,92.9,95.15,0,0,0,0,17-Apr-17
OPTSTK,IRB,25-May-17,150,CE,0,0,0,83.45,90.2,0,0,0,0,17-Apr-17
OPTSTK,IRB,25-May-17,155,CE,0,0,0,83,85.2,0,0,0,0,17-Apr-17
OPTSTK,IRB,25-May-17,160,CE,0,0,0,73.6,80.25,0,0,0,0,17-Apr-17
OPTSTK,IRB,25-May-17,165,CE,0,0,0,73.1,75.3,0,0,0,0,17-Apr-17
OPTSTK,IRB,25-May-17,170,CE,0,0,0,63.85,70.3,0,0,0,0,17-Apr-17
OPTSTK,IRB,25-May-17,175,CE,0,0,0,63.3,65.35,0,0,0,0,17-Apr-17
OPTSTK,IRB,25-May-17,180,CE,0,0,0,54.25,60.4,0,0,0,0,17-Apr-17
OPTSTK,IRB,25-May-17,185,CE,0,0,0,53.6,55.45,0,0,0,0,17-Apr-17
OPTSTK,IRB,25-May-17,190,CE,0,0,0,45,50.55,0,0,0,0,17-Apr-17
OPTSTK,IRB,25-May-17,195,CE,0,0,0,44.25,45.65,0,0,0,0,17-Apr-17
OPTSTK,IRB,25-May-17,200,CE,0,0,0,36.25,40.85,0,0,0,0,17-Apr-17
OPTSTK,IRB,25-May-17,205,CE,0,0,0,35.4,36.15,0,0,0,0,17-Apr-17
OPTSTK,IRB,25-May-17,210,CE,0,0,0,28.3,31.6,0,0,0,0,17-Apr-17
OPTSTK,IRB,25-May-17,215,CE,0,0,0,27.35,27.25,0,0,0,0,17-Apr-17
OPTSTK,IRB,25-May-17,220,CE,0,0,0,21.35,23.15,0,0,0,0,17-Apr-17
OPTSTK,IRB,25-May-17,225,CE,0,0,0,20.35,19.4,0,0,0,0,17-Apr-17
OPTSTK,IRB,25-May-17,230,CE,0,0,0,15.55,15.95,0,0,0,0,17-Apr-17
OPTSTK,IRB,25-May-17,235,CE,0,0,0,11,12.9,0,0,2500,0,17-Apr-17
OPTSTK,IRB,25-May-17,240,CE,10.3,10.3,10.3,10.3,10.3,1,6.25,5000,2500,17-Apr-17
OPTSTK,IRB,25-May-17,245,CE,0,0,0,10.05,8,0,0,0,0,17-Apr-17
OPTSTK,IRB,25-May-17,250,CE,8,8,8,8,8,2,12.9,7500,2500,17-Apr-17
OPTSTK,IRB,25-May-17,255,CE,0,0,0,6.65,4.65,0,0,0,0,17-Apr-17
OPTSTK,IRB,25-May-17,260,CE,0,0,0,4.9,3.45,0,0,0,0,17-Apr-17
OPTSTK,IRB,25-May-17,265,CE,0,0,0,4.25,2.5,0,0,0,0,17-Apr-17
OPTSTK,IRB,25-May-17,270,CE,0,0,0,3.15,1.8,0,0,0,0,17-Apr-17
OPTSTK,IRB,25-May-17,275,CE,0,0,0,2.6,1.25,0,0,0,0,17-Apr-17
OPTSTK,IRB,25-May-17,280,CE,0,0,0,1.95,0.9,0,0,0,0,17-Apr-17
OPTSTK,IRB,25-May-17,285,CE,0,0,0,1.55,0.6,0,0,0,0,17-Apr-17
OPTSTK,IRB,25-May-17,290,CE,0,0,0,1.15,0.4,0,0,0,0,17-Apr-17
OPTSTK,IRB,25-May-17,295,CE,0,0,0,0.9,0.3,0,0,0,0,17-Apr-17
OPTSTK,IRB,25-May-17,300,CE,0,0,0,0.7,0.2,0,0,0,0,17-Apr-17
OPTSTK,IRB,25-May-17,130,PE,0,0,0,0.05,0,0,0,0,0,17-Apr-17
OPTSTK,IRB,25-May-17,135,PE,0,0,0,0.05,0,0,0,0,0,17-Apr-17
OPTSTK,IRB,25-May-17,140,PE,0,0,0,0.05,0,0,0,0,0,17-Apr-17
OPTSTK,IRB,25-May-17,145,PE,0,0,0,0.05,0,0,0,0,0,17-Apr-17
OPTSTK,IRB,25-May-17,150,PE,0,0,0,0.05,0,0,0,0,0,17-Apr-17
OPTSTK,IRB,25-May-17,155,PE,0,0,0,0.05,0,0,0,0,0,17-Apr-17
OPTSTK,IRB,25-May-17,160,PE,0,0,0,0.05,0,0,0,0,0,17-Apr-17
OPTSTK,IRB,25-May-17,165,PE,0,0,0,0.05,0,0,0,0,0,17-Apr-17
OPTSTK,IRB,25-May-17,170,PE,0,0,0,0.15,0,0,0,0,0,17-Apr-17
OPTSTK,IRB,25-May-17,175,PE,0,0,0,0.1,0.05,0,0,0,0,17-Apr-17
OPTSTK,IRB,25-May-17,180,PE,0,0,0,0.4,0.05,0,0,0,0,17-Apr-17
OPTSTK,IRB,25-May-17,185,PE,0,0,0,0.35,0.05,0,0,0,0,17-Apr-17
OPTSTK,IRB,25-May-17,190,PE,0,0,0,0.95,0.1,0,0,0,0,17-Apr-17
OPTSTK,IRB,25-May-17,195,PE,0,0,0,0.85,0.2,0,0,0,0,17-Apr-17
OPTSTK,IRB,25-May-17,200,PE,0,0,0,2.05,0.35,0,0,0,0,17-Apr-17
OPTSTK,IRB,25-May-17,205,PE,0,0,0,1.9,0.6,0,0,0,0,17-Apr-17
OPTSTK,IRB,25-May-17,210,PE,0,0,0,3.95,1,0,0,0,0,17-Apr-17
OPTSTK,IRB,25-May-17,215,PE,0,0,0,3.75,1.65,0,0,0,0,17-Apr-17
OPTSTK,IRB,25-May-17,220,PE,0,0,0,6.85,2.5,0,0,0,0,17-Apr-17
OPTSTK,IRB,25-May-17,225,PE,0,0,0,6.65,3.7,0,0,0,0,17-Apr-17
OPTSTK,IRB,25-May-17,230,PE,0,0,0,7.25,5.25,0,0,25000,0,17-Apr-17
OPTSTK,IRB,25-May-17,235,PE,9.8,9.8,9.8,9.8,9.8,1,6.12,2500,2500,17-Apr-17
OPTSTK,IRB,25-May-17,240,PE,0,0,0,16.15,9.5,0,0,0,0,17-Apr-17
OPTSTK,IRB,25-May-17,245,PE,0,0,0,16.15,12.2,0,0,0,0,17-Apr-17
OPTSTK,IRB,25-May-17,250,PE,0,0,0,22.5,15.3,0,0,0,0,17-Apr-17
OPTSTK,IRB,25-May-17,255,PE,0,0,0,22.65,18.75,0,0,0,0,17-Apr-17
OPTSTK,IRB,25-May-17,260,PE,0,0,0,29.8,22.55,0,0,0,0,17-Apr-17
OPTSTK,IRB,25-May-17,265,PE,0,0,0,30.15,26.55,0,0,0,0,17-Apr-17
OPTSTK,IRB,25-May-17,270,PE,0,0,0,37.85,30.8,0,0,0,0,17-Apr-17
OPTSTK,IRB,25-May-17,275,PE,0,0,0,38.4,35.25,0,0,0,0,17-Apr-17
OPTSTK,IRB,25-May-17,280,PE,0,0,0,46.5,39.85,0,0,0,0,17-Apr-17
OPTSTK,IRB,25-May-17,285,PE,0,0,0,47.25,44.55,0,0,0,0,17-Apr-17
OPTSTK,IRB,25-May-17,290,PE,0,0,0,55.55,49.3,0,0,0,0,17-Apr-17
OPTSTK,IRB,25-May-17,295,PE,0,0,0,56.5,54.15,0,0,0,0,17-Apr-17
OPTSTK,IRB,25-May-17,300,PE,0,0,0,64.95,59,0,0,0,0,17-Apr-17
OPTSTK,IRB,29-Jun-17,135,CE,0,0,0,103.65,105.9,0,0,0,0,17-Apr-17
OPTSTK,IRB,29-Jun-17,140,CE,0,0,0,98.75,101,0,0,0,0,17-Apr-17
OPTSTK,IRB,29-Jun-17,145,CE,0,0,0,93.85,96.05,0,0,0,0,17-Apr-17
OPTSTK,IRB,29-Jun-17,150,CE,0,0,0,88.9,91.1,0,0,0,0,17-Apr-17
OPTSTK,IRB,29-Jun-17,155,CE,0,0,0,84.05,86.2,0,0,0,0,17-Apr-17
OPTSTK,IRB,29-Jun-17,160,CE,0,0,0,79.15,81.25,0,0,0,0,17-Apr-17
OPTSTK,IRB,29-Jun-17,165,CE,0,0,0,74.3,76.35,0,0,0,0,17-Apr-17
OPTSTK,IRB,29-Jun-17,170,CE,0,0,0,69.5,71.45,0,0,0,0,17-Apr-17
OPTSTK,IRB,29-Jun-17,175,CE,0,0,0,64.75,66.55,0,0,0,0,17-Apr-17
OPTSTK,IRB,29-Jun-17,180,CE,0,0,0,60.05,61.7,0,0,0,0,17-Apr-17
OPTSTK,IRB,29-Jun-17,185,CE,0,0,0,55.45,56.9,0,0,0,0,17-Apr-17
OPTSTK,IRB,29-Jun-17,190,CE,0,0,0,50.95,52.2,0,0,0,0,17-Apr-17
OPTSTK,IRB,29-Jun-17,195,CE,0,0,0,46.6,47.55,0,0,0,0,17-Apr-17
OPTSTK,IRB,29-Jun-17,200,CE,0,0,0,42.4,43.05,0,0,0,0,17-Apr-17
OPTSTK,IRB,29-Jun-17,205,CE,0,0,0,38.35,38.7,0,0,0,0,17-Apr-17
OPTSTK,IRB,29-Jun-17,210,CE,0,0,0,34.55,34.55,0,0,0,0,17-Apr-17
OPTSTK,IRB,29-Jun-17,215,CE,0,0,0,30.9,30.6,0,0,0,0,17-Apr-17
OPTSTK,IRB,29-Jun-17,220,CE,0,0,0,27.5,26.9,0,0,0,0,17-Apr-17
OPTSTK,IRB,29-Jun-17,225,CE,0,0,0,24.35,23.45,0,0,0,0,17-Apr-17
OPTSTK,IRB,29-Jun-17,230,CE,0,0,0,21.4,20.25,0,0,0,0,17-Apr-17
OPTSTK,IRB,29-Jun-17,235,CE,0,0,0,18.75,17.35,0,0,0,0,17-Apr-17
OPTSTK,IRB,29-Jun-17,240,CE,0,0,0,16.3,14.75,0,0,0,0,17-Apr-17
OPTSTK,IRB,29-Jun-17,245,CE,0,0,0,14.15,12.45,0,0,0,0,17-Apr-17
OPTSTK,IRB,29-Jun-17,250,CE,0,0,0,12.15,10.4,0,0,0,0,17-Apr-17
OPTSTK,IRB,29-Jun-17,255,CE,0,0,0,10.45,8.65,0,0,0,0,17-Apr-17
OPTSTK,IRB,29-Jun-17,260,CE,0,0,0,8.9,7.1,0,0,0,0,17-Apr-17
OPTSTK,IRB,29-Jun-17,265,CE,0,0,0,7.55,5.8,0,0,0,0,17-Apr-17
OPTSTK,IRB,29-Jun-17,270,CE,0,0,0,6.4,4.7,0,0,0,0,17-Apr-17
OPTSTK,IRB,29-Jun-17,275,CE,0,0,0,5.35,3.8,0,0,0,0,17-Apr-17
OPTSTK,IRB,29-Jun-17,280,CE,0,0,0,4.5,3.05,0,0,0,0,17-Apr-17
OPTSTK,IRB,29-Jun-17,285,CE,0,0,0,3.75,2.4,0,0,0,0,17-Apr-17
OPTSTK,IRB,29-Jun-17,290,CE,0,0,0,3.1,1.9,0,0,0,0,17-Apr-17
OPTSTK,IRB,29-Jun-17,295,CE,0,0,0,2.55,1.5,0,0,0,0,17-Apr-17
OPTSTK,IRB,29-Jun-17,300,CE,0,0,0,2.1,1.15,0,0,0,0,17-Apr-17
OPTSTK,IRB,29-Jun-17,135,PE,0,0,0,0.05,0,0,0,0,0,17-Apr-17
OPTSTK,IRB,29-Jun-17,140,PE,0,0,0,0.05,0,0,0,0,0,17-Apr-17
OPTSTK,IRB,29-Jun-17,145,PE,0,0,0,0.05,0,0,0,0,0,17-Apr-17
OPTSTK,IRB,29-Jun-17,150,PE,0,0,0,0.05,0,0,0,0,0,17-Apr-17
OPTSTK,IRB,29-Jun-17,155,PE,0,0,0,0.05,0.05,0,0,0,0,17-Apr-17
OPTSTK,IRB,29-Jun-17,160,PE,0,0,0,0.1,0.05,0,0,0,0,17-Apr-17
OPTSTK,IRB,29-Jun-17,165,PE,0,0,0,0.2,0.05,0,0,0,0,17-Apr-17
OPTSTK,IRB,29-Jun-17,170,PE,0,0,0,0.3,0.1,0,0,0,0,17-Apr-17
OPTSTK,IRB,29-Jun-17,175,PE,0,0,0,0.45,0.15,0,0,0,0,17-Apr-17
OPTSTK,IRB,29-Jun-17,180,PE,0,0,0,0.7,0.25,0,0,0,0,17-Apr-17
OPTSTK,IRB,29-Jun-17,185,PE,0,0,0,1,0.35,0,0,0,0,17-Apr-17
OPTSTK,IRB,29-Jun-17,190,PE,0,0,0,1.4,0.6,0,0,0,0,17-Apr-17
OPTSTK,IRB,29-Jun-17,195,PE,0,0,0,2,0.9,0,0,0,0,17-Apr-17
OPTSTK,IRB,29-Jun-17,200,PE,0,0,0,2.7,1.35,0,0,0,0,17-Apr-17
OPTSTK,IRB,29-Jun-17,205,PE,0,0,0,3.6,1.9,0,0,0,0,17-Apr-17
OPTSTK,IRB,29-Jun-17,210,PE,0,0,0,4.65,2.7,0,0,0,0,17-Apr-17
OPTSTK,IRB,29-Jun-17,215,PE,0,0,0,5.95,3.7,0,0,0,0,17-Apr-17
OPTSTK,IRB,29-Jun-17,220,PE,0,0,0,7.45,4.9,0,0,0,0,17-Apr-17
OPTSTK,IRB,29-Jun-17,225,PE,0,0,0,9.25,6.4,0,0,0,0,17-Apr-17
OPTSTK,IRB,29-Jun-17,230,PE,0,0,0,11.25,8.15,0,0,0,0,17-Apr-17
OPTSTK,IRB,29-Jun-17,235,PE,0,0,0,13.5,10.2,0,0,0,0,17-Apr-17
OPTSTK,IRB,29-Jun-17,240,PE,0,0,0,15.95,12.5,0,0,0,0,17-Apr-17
OPTSTK,IRB,29-Jun-17,245,PE,0,0,0,18.7,15.15,0,0,0,0,17-Apr-17
OPTSTK,IRB,29-Jun-17,250,PE,0,0,0,21.65,18.05,0,0,0,0,17-Apr-17
OPTSTK,IRB,29-Jun-17,255,PE,0,0,0,24.8,21.2,0,0,0,0,17-Apr-17
OPTSTK,IRB,29-Jun-17,260,PE,0,0,0,28.2,24.6,0,0,0,0,17-Apr-17
OPTSTK,IRB,29-Jun-17,265,PE,0,0,0,31.75,28.25,0,0,0,0,17-Apr-17
OPTSTK,IRB,29-Jun-17,270,PE,0,0,0,35.55,32.1,0,0,0,0,17-Apr-17
OPTSTK,IRB,29-Jun-17,275,PE,0,0,0,39.4,36.1,0,0,0,0,17-Apr-17
OPTSTK,IRB,29-Jun-17,280,PE,0,0,0,43.45,40.25,0,0,0,0,17-Apr-17
OPTSTK,IRB,29-Jun-17,285,PE,0,0,0,47.65,44.6,0,0,0,0,17-Apr-17
OPTSTK,IRB,29-Jun-17,290,PE,0,0,0,51.9,49,0,0,0,0,17-Apr-17
OPTSTK,IRB,29-Jun-17,295,PE,0,0,0,56.3,53.55,0,0,0,0,17-Apr-17
OPTSTK,IRB,29-Jun-17,300,PE,0,0,0,60.75,58.15,0,0,0,0,17-Apr-17
OPTSTK,ITC,27-Apr-17,165,CE,0,0,0,103.25,114.4,0,0,0,0,17-Apr-17
OPTSTK,ITC,27-Apr-17,170,CE,0,0,0,98.3,109.4,0,0,0,0,17-Apr-17
OPTSTK,ITC,27-Apr-17,175,CE,0,0,0,93.4,104.4,0,0,0,0,17-Apr-17
OPTSTK,ITC,27-Apr-17,180,CE,0,0,0,88.5,99.45,0,0,0,0,17-Apr-17
OPTSTK,ITC,27-Apr-17,185,CE,0,0,0,83.6,94.45,0,0,0,0,17-Apr-17
OPTSTK,ITC,27-Apr-17,190,CE,0,0,0,78.7,89.45,0,0,0,0,17-Apr-17
OPTSTK,ITC,27-Apr-17,195,CE,0,0,0,73.8,84.45,0,0,0,0,17-Apr-17
OPTSTK,ITC,27-Apr-17,200,CE,0,0,0,68.95,79.45,0,0,0,0,17-Apr-17
OPTSTK,ITC,27-Apr-17,205,CE,0,0,0,64.1,74.5,0,0,0,0,17-Apr-17
OPTSTK,ITC,27-Apr-17,210,CE,0,0,0,59.3,69.5,0,0,0,0,17-Apr-17
OPTSTK,ITC,27-Apr-17,215,CE,0,0,0,54.6,64.5,0,0,0,0,17-Apr-17
OPTSTK,ITC,27-Apr-17,220,CE,0,0,0,49.95,59.5,0,0,0,0,17-Apr-17
OPTSTK,ITC,27-Apr-17,225,CE,0,0,0,57.75,54.5,0,0,2400,0,17-Apr-17
OPTSTK,ITC,27-Apr-17,230,CE,0,0,0,53.85,49.5,0,0,33600,0,17-Apr-17
OPTSTK,ITC,27-Apr-17,235,CE,0,0,0,36.85,44.55,0,0,0,0,17-Apr-17
OPTSTK,ITC,27-Apr-17,240,CE,0,0,0,40.85,39.55,0,0,4800,0,17-Apr-17
OPTSTK,ITC,27-Apr-17,245,CE,0,0,0,38,34.55,0,0,12000,0,17-Apr-17
OPTSTK,ITC,27-Apr-17,250,CE,0,0,0,30,29.55,0,0,64800,0,17-Apr-17
OPTSTK,ITC,27-Apr-17,255,CE,0,0,0,29,24.65,0,0,4800,0,17-Apr-17
OPTSTK,ITC,27-Apr-17,260,CE,0,0,0,22,19.8,0,0,76800,0,17-Apr-17
OPTSTK,ITC,27-Apr-17,265,CE,0,0,0,15.9,15.2,0,0,16800,0,17-Apr-17
OPTSTK,ITC,27-Apr-17,270,CE,9.7,13.45,9.5,11.2,11.2,10,67.62,196800,-12000,17-Apr-17
OPTSTK,ITC,27-Apr-17,275,CE,5.5,9.15,5.5,7.1,7.1,43,291.33,314400,-9600,17-Apr-17
OPTSTK,ITC,27-Apr-17,280,CE,3.45,6.15,2.9,4.45,4.45,655,4469.93,955200,24000,17-Apr-17
OPTSTK,ITC,27-Apr-17,285,CE,2.15,3.7,1.8,2.55,2.55,470,3244.45,1017600,86400,17-Apr-17
OPTSTK,ITC,27-Apr-17,290,CE,1,2.15,1,1.4,1.4,367,2567.66,1356000,-50400,17-Apr-17
OPTSTK,ITC,27-Apr-17,295,CE,0.75,1.15,0.65,0.8,0.8,95,674.52,513600,-24000,17-Apr-17
OPTSTK,ITC,27-Apr-17,300,CE,0.5,0.7,0.4,0.5,0.5,206,1485.76,1524000,-76800,17-Apr-17
OPTSTK,ITC,27-Apr-17,305,CE,0.3,0.45,0.25,0.35,0.35,45,329.76,357600,14400,17-Apr-17
OPTSTK,ITC,27-Apr-17,310,CE,0.25,0.25,0.2,0.25,0.25,6,44.67,345600,-4800,17-Apr-17
OPTSTK,ITC,27-Apr-17,315,CE,0.1,0.15,0.1,0.15,0.15,4,30.25,38400,0,17-Apr-17
OPTSTK,ITC,27-Apr-17,320,CE,0.15,0.15,0.1,0.1,0.1,12,92.19,184800,-19200,17-Apr-17
OPTSTK,ITC,27-Apr-17,325,CE,0,0,0,1.4,0,0,0,0,0,17-Apr-17
OPTSTK,ITC,27-Apr-17,330,CE,0,0,0,1.1,0,0,0,0,0,17-Apr-17
OPTSTK,ITC,27-Apr-17,335,CE,0,0,0,0.85,0,0,0,0,0,17-Apr-17
OPTSTK,ITC,27-Apr-17,340,CE,0,0,0,0.65,0,0,0,0,0,17-Apr-17
OPTSTK,ITC,27-Apr-17,165,PE,0,0,0,0.05,0,0,0,0,0,17-Apr-17
OPTSTK,ITC,27-Apr-17,170,PE,0,0,0,0.05,0,0,0,2400,0,17-Apr-17
OPTSTK,ITC,27-Apr-17,175,PE,0,0,0,0.05,0,0,0,0,0,17-Apr-17
OPTSTK,ITC,27-Apr-17,180,PE,0,0,0,1.85,0,0,0,2400,0,17-Apr-17
OPTSTK,ITC,27-Apr-17,185,PE,0,0,0,0.05,0,0,0,0,0,17-Apr-17
OPTSTK,ITC,27-Apr-17,190,PE,0,0,0,0.05,0,0,0,0,0,17-Apr-17
OPTSTK,ITC,27-Apr-17,195,PE,0,0,0,0.1,0,0,0,0,0,17-Apr-17
OPTSTK,ITC,27-Apr-17,200,PE,0,0,0,0.15,0,0,0,0,0,17-Apr-17
OPTSTK,ITC,27-Apr-17,205,PE,0,0,0,0.25,0,0,0,0,0,17-Apr-17
OPTSTK,ITC,27-Apr-17,210,PE,0,0,0,0.35,0,0,0,0,0,17-Apr-17
OPTSTK,ITC,27-Apr-17,215,PE,0,0,0,0.55,0,0,0,0,0,17-Apr-17
OPTSTK,ITC,27-Apr-17,220,PE,0,0,0,0.85,0,0,0,0,0,17-Apr-17
OPTSTK,ITC,27-Apr-17,225,PE,0,0,0,1.25,0,0,0,0,0,17-Apr-17
OPTSTK,ITC,27-Apr-17,230,PE,0,0,0,1.8,0,0,0,0,0,17-Apr-17
OPTSTK,ITC,27-Apr-17,235,PE,0,0,0,2.5,0,0,0,0,0,17-Apr-17
OPTSTK,ITC,27-Apr-17,240,PE,0,0,0,0.15,0,0,0,12000,0,17-Apr-17
OPTSTK,ITC,27-Apr-17,245,PE,0,0,0,4.55,0,0,0,0,0,17-Apr-17
OPTSTK,ITC,27-Apr-17,250,PE,0.1,0.1,0.1,0.1,0.1,2,12,146400,-4800,17-Apr-17
OPTSTK,ITC,27-Apr-17,255,PE,0.3,0.3,0.2,0.2,0.2,4,24.5,194400,2400,17-Apr-17
OPTSTK,ITC,27-Apr-17,260,PE,0.45,0.45,0.25,0.25,0.25,83,518.62,585600,19200,17-Apr-17
OPTSTK,ITC,27-Apr-17,265,PE,1,1,0.45,0.6,0.6,123,784.18,420000,-21600,17-Apr-17
OPTSTK,ITC,27-Apr-17,270,PE,2,2.05,0.9,1.25,1.25,260,1693.18,2368800,156000,17-Apr-17
OPTSTK,ITC,27-Apr-17,275,PE,3.35,3.8,1.8,2.55,2.55,285,1899.72,321600,4800,17-Apr-17
OPTSTK,ITC,27-Apr-17,280,PE,5.75,6.55,3.4,4.6,4.6,379,2589.9,448800,12000,17-Apr-17
OPTSTK,ITC,27-Apr-17,285,PE,9,9.2,6.7,6.7,6.7,20,140.75,163200,-7200,17-Apr-17
OPTSTK,ITC,27-Apr-17,290,PE,10,11,9.5,11,11,3,21.61,105600,-2400,17-Apr-17
OPTSTK,ITC,27-Apr-17,295,PE,0,0,0,30.2,16.05,0,0,0,0,17-Apr-17
OPTSTK,ITC,27-Apr-17,300,PE,0,0,0,17,20.7,0,0,4800,0,17-Apr-17
OPTSTK,ITC,27-Apr-17,305,PE,0,0,0,38.1,25.5,0,0,0,0,17-Apr-17
OPTSTK,ITC,27-Apr-17,310,PE,0,0,0,42.3,30.4,0,0,0,0,17-Apr-17
OPTSTK,ITC,27-Apr-17,315,PE,0,0,0,46.65,35.4,0,0,0,0,17-Apr-17
OPTSTK,ITC,27-Apr-17,320,PE,0,0,0,39.1,40.35,0,0,2400,0,17-Apr-17
OPTSTK,ITC,27-Apr-17,325,PE,0,0,0,55.6,45.35,0,0,0,0,17-Apr-17
OPTSTK,ITC,27-Apr-17,330,PE,0,0,0,60.2,50.35,0,0,0,0,17-Apr-17
OPTSTK,ITC,27-Apr-17,335,PE,0,0,0,64.85,55.35,0,0,0,0,17-Apr-17
OPTSTK,ITC,27-Apr-17,340,PE,0,0,0,69.6,60.35,0,0,0,0,17-Apr-17
OPTSTK,ITC,25-May-17,165,CE,0,0,0,103.25,115.25,0,0,0,0,17-Apr-17
OPTSTK,ITC,25-May-17,170,CE,0,0,0,98.35,110.25,0,0,0,0,17-Apr-17
OPTSTK,ITC,25-May-17,175,CE,0,0,0,93.4,105.3,0,0,0,0,17-Apr-17
OPTSTK,ITC,25-May-17,180,CE,0,0,0,88.5,100.35,0,0,0,0,17-Apr-17
OPTSTK,ITC,25-May-17,185,CE,0,0,0,83.6,95.35,0,0,0,0,17-Apr-17
OPTSTK,ITC,25-May-17,190,CE,0,0,0,78.7,90.4,0,0,0,0,17-Apr-17
OPTSTK,ITC,25-May-17,195,CE,0,0,0,73.8,85.45,0,0,0,0,17-Apr-17
OPTSTK,ITC,25-May-17,200,CE,0,0,0,68.9,80.45,0,0,0,0,17-Apr-17
OPTSTK,ITC,25-May-17,205,CE,0,0,0,64.1,75.5,0,0,0,0,17-Apr-17
OPTSTK,ITC,25-May-17,210,CE,0,0,0,59.3,70.55,0,0,0,0,17-Apr-17
OPTSTK,ITC,25-May-17,215,CE,0,0,0,54.55,65.55,0,0,0,0,17-Apr-17
OPTSTK,ITC,25-May-17,220,CE,0,0,0,49.95,60.6,0,0,0,0,17-Apr-17
OPTSTK,ITC,25-May-17,225,CE,0,0,0,45.4,55.65,0,0,0,0,17-Apr-17
OPTSTK,ITC,25-May-17,230,CE,0,0,0,41,50.75,0,0,0,0,17-Apr-17
OPTSTK,ITC,25-May-17,235,CE,0,0,0,36.8,45.85,0,0,0,0,17-Apr-17
OPTSTK,ITC,25-May-17,240,CE,0,0,0,32.75,41,0,0,0,0,17-Apr-17
OPTSTK,ITC,25-May-17,245,CE,0,0,0,28.95,36.25,0,0,0,0,17-Apr-17
OPTSTK,ITC,25-May-17,250,CE,0,0,0,25.4,31.65,0,0,0,0,17-Apr-17
OPTSTK,ITC,25-May-17,255,CE,0,0,0,22.1,27.25,0,0,0,0,17-Apr-17
OPTSTK,ITC,25-May-17,260,CE,0,0,0,19.05,23.1,0,0,0,0,17-Apr-17
OPTSTK,ITC,25-May-17,265,CE,0,0,0,16.3,19.25,0,0,0,0,17-Apr-17
OPTSTK,ITC,25-May-17,270,CE,14,16.3,14,16.3,16.3,3,20.55,9600,7200,17-Apr-17
OPTSTK,ITC,25-May-17,275,CE,13.3,13.3,13.3,13.3,13.3,1,6.91,2400,2400,17-Apr-17
OPTSTK,ITC,25-May-17,280,CE,8,10,8,10,10,3,20.8,21600,2400,17-Apr-17
OPTSTK,ITC,25-May-17,285,CE,0,0,0,8.05,7.65,0,0,0,0,17-Apr-17
OPTSTK,ITC,25-May-17,290,CE,4.5,6.25,4.5,6.25,6.25,2,14.17,4800,4800,17-Apr-17
OPTSTK,ITC,25-May-17,295,CE,0,0,0,5.4,4.3,0,0,0,0,17-Apr-17
OPTSTK,ITC,25-May-17,300,CE,0,0,0,2.75,3.1,0,0,2400,0,17-Apr-17
OPTSTK,ITC,25-May-17,305,CE,0,0,0,3.5,2.2,0,0,0,0,17-Apr-17
OPTSTK,ITC,25-May-17,310,CE,0,0,0,2.8,1.55,0,0,0,0,17-Apr-17
OPTSTK,ITC,25-May-17,315,CE,0,0,0,2.2,1.05,0,0,0,0,17-Apr-17
OPTSTK,ITC,25-May-17,320,CE,0,0,0,1.75,0.7,0,0,0,0,17-Apr-17
OPTSTK,ITC,25-May-17,325,CE,0,0,0,1.35,0.45,0,0,0,0,17-Apr-17
OPTSTK,ITC,25-May-17,330,CE,0,0,0,1.05,0.3,0,0,0,0,17-Apr-17
OPTSTK,ITC,25-May-17,335,CE,0,0,0,0.8,0.2,0,0,0,0,17-Apr-17
OPTSTK,ITC,25-May-17,340,CE,0,0,0,0.65,0.15,0,0,0,0,17-Apr-17
OPTSTK,ITC,25-May-17,165,PE,0,0,0,0.05,0,0,0,0,0,17-Apr-17
OPTSTK,ITC,25-May-17,170,PE,0,0,0,0.05,0,0,0,0,0,17-Apr-17
OPTSTK,ITC,25-May-17,175,PE,0,0,0,0.05,0,0,0,0,0,17-Apr-17
OPTSTK,ITC,25-May-17,180,PE,0,0,0,0.05,0,0,0,0,0,17-Apr-17
OPTSTK,ITC,25-May-17,185,PE,0,0,0,0.05,0,0,0,0,0,17-Apr-17
OPTSTK,ITC,25-May-17,190,PE,0,0,0,0.05,0,0,0,0,0,17-Apr-17
OPTSTK,ITC,25-May-17,195,PE,0,0,0,0.1,0,0,0,0,0,17-Apr-17
OPTSTK,ITC,25-May-17,200,PE,0,0,0,0.15,0,0,0,0,0,17-Apr-17
OPTSTK,ITC,25-May-17,205,PE,0,0,0,0.2,0,0,0,0,0,17-Apr-17
OPTSTK,ITC,25-May-17,210,PE,0,0,0,0.35,0,0,0,0,0,17-Apr-17
OPTSTK,ITC,25-May-17,215,PE,0,0,0,0.55,0,0,0,0,0,17-Apr-17
OPTSTK,ITC,25-May-17,220,PE,0,0,0,0.8,0.05,0,0,0,0,17-Apr-17
OPTSTK,ITC,25-May-17,225,PE,0,0,0,1.2,0.05,0,0,0,0,17-Apr-17
OPTSTK,ITC,25-May-17,230,PE,0,0,0,1.75,0.1,0,0,0,0,17-Apr-17
OPTSTK,ITC,25-May-17,235,PE,0,0,0,2.45,0.15,0,0,0,0,17-Apr-17
OPTSTK,ITC,25-May-17,240,PE,0,0,0,3.35,0.3,0,0,0,0,17-Apr-17
OPTSTK,ITC,25-May-17,245,PE,0,0,0,4.45,0.5,0,0,0,0,17-Apr-17
OPTSTK,ITC,25-May-17,250,PE,0,0,0,5.8,0.9,0,0,0,0,17-Apr-17
OPTSTK,ITC,25-May-17,255,PE,0,0,0,7.4,1.45,0,0,0,0,17-Apr-17
OPTSTK,ITC,25-May-17,260,PE,0,0,0,9.3,2.25,0,0,0,0,17-Apr-17
OPTSTK,ITC,25-May-17,265,PE,2.75,2.75,2.75,2.75,2.75,4,25.7,9600,9600,17-Apr-17
OPTSTK,ITC,25-May-17,270,PE,4.25,4.25,3.65,4.2,4.2,4,26.3,12000,9600,17-Apr-17
OPTSTK,ITC,25-May-17,275,PE,0,0,0,16.7,6.7,0,0,0,0,17-Apr-17
OPTSTK,ITC,25-May-17,280,PE,0,0,0,19.7,8.95,0,0,0,0,17-Apr-17
OPTSTK,ITC,25-May-17,285,PE,0,0,0,22.95,11.65,0,0,0,0,17-Apr-17
OPTSTK,ITC,25-May-17,290,PE,0,0,0,15.5,14.75,0,0,2400,0,17-Apr-17
OPTSTK,ITC,25-May-17,295,PE,0,0,0,30.15,18.2,0,0,0,0,17-Apr-17
OPTSTK,ITC,25-May-17,300,PE,0,0,0,34,22,0,0,0,0,17-Apr-17
OPTSTK,ITC,25-May-17,305,PE,0,0,0,38.1,26.05,0,0,0,0,17-Apr-17
OPTSTK,ITC,25-May-17,310,PE,0,0,0,42.3,30.35,0,0,0,0,17-Apr-17
OPTSTK,ITC,25-May-17,315,PE,0,0,0,46.65,34.85,0,0,0,0,17-Apr-17
OPTSTK,ITC,25-May-17,320,PE,0,0,0,51.05,39.45,0,0,0,0,17-Apr-17
OPTSTK,ITC,25-May-17,325,PE,0,0,0,55.6,44.2,0,0,0,0,17-Apr-17
OPTSTK,ITC,25-May-17,330,PE,0,0,0,60.25,49,0,0,0,0,17-Apr-17
OPTSTK,ITC,25-May-17,335,PE,0,0,0,64.9,53.85,0,0,0,0,17-Apr-17
OPTSTK,ITC,25-May-17,340,PE,0,0,0,69.65,58.75,0,0,0,0,17-Apr-17
OPTSTK,ITC,29-Jun-17,185,CE,0,0,0,100.85,96.5,0,0,0,0,17-Apr-17
OPTSTK,ITC,29-Jun-17,190,CE,0,0,0,95.9,91.6,0,0,0,0,17-Apr-17
OPTSTK,ITC,29-Jun-17,195,CE,0,0,0,91,86.65,0,0,0,0,17-Apr-17
OPTSTK,ITC,29-Jun-17,200,CE,0,0,0,86.1,81.7,0,0,0,0,17-Apr-17
OPTSTK,ITC,29-Jun-17,205,CE,0,0,0,81.25,76.8,0,0,0,0,17-Apr-17
OPTSTK,ITC,29-Jun-17,210,CE,0,0,0,76.4,71.9,0,0,0,0,17-Apr-17
OPTSTK,ITC,29-Jun-17,215,CE,0,0,0,71.55,67,0,0,0,0,17-Apr-17
OPTSTK,ITC,29-Jun-17,220,CE,0,0,0,66.75,62.15,0,0,0,0,17-Apr-17
OPTSTK,ITC,29-Jun-17,225,CE,0,0,0,62.05,57.3,0,0,0,0,17-Apr-17
OPTSTK,ITC,29-Jun-17,230,CE,0,0,0,57.4,52.55,0,0,0,0,17-Apr-17
OPTSTK,ITC,29-Jun-17,235,CE,0,0,0,52.85,47.9,0,0,0,0,17-Apr-17
OPTSTK,ITC,29-Jun-17,240,CE,0,0,0,48.4,43.35,0,0,0,0,17-Apr-17
OPTSTK,ITC,29-Jun-17,245,CE,0,0,0,44.1,38.95,0,0,0,0,17-Apr-17
OPTSTK,ITC,29-Jun-17,250,CE,0,0,0,40,34.7,0,0,0,0,17-Apr-17
OPTSTK,ITC,29-Jun-17,255,CE,0,0,0,36.05,30.65,0,0,0,0,17-Apr-17
OPTSTK,ITC,29-Jun-17,260,CE,0,0,0,32.3,26.9,0,0,0,0,17-Apr-17
OPTSTK,ITC,29-Jun-17,265,CE,0,0,0,28.75,23.35,0,0,0,0,17-Apr-17
OPTSTK,ITC,29-Jun-17,270,CE,0,0,0,25.45,20.05,0,0,0,0,17-Apr-17
OPTSTK,ITC,29-Jun-17,275,CE,0,0,0,22.35,17.1,0,0,0,0,17-Apr-17
OPTSTK,ITC,29-Jun-17,280,CE,0,0,0,19.55,14.45,0,0,0,0,17-Apr-17
OPTSTK,ITC,29-Jun-17,285,CE,0,0,0,17,12.1,0,0,0,0,17-Apr-17
OPTSTK,ITC,29-Jun-17,290,CE,0,0,0,14.65,10,0,0,0,0,17-Apr-17
OPTSTK,ITC,29-Jun-17,295,CE,0,0,0,12.6,8.2,0,0,0,0,17-Apr-17
OPTSTK,ITC,29-Jun-17,300,CE,0,0,0,10.75,6.65,0,0,0,0,17-Apr-17
OPTSTK,ITC,29-Jun-17,305,CE,0,0,0,9.1,5.4,0,0,0,0,17-Apr-17
OPTSTK,ITC,29-Jun-17,310,CE,0,0,0,7.65,4.3,0,0,0,0,17-Apr-17
OPTSTK,ITC,29-Jun-17,315,CE,0,0,0,6.45,3.4,0,0,0,0,17-Apr-17
OPTSTK,ITC,29-Jun-17,320,CE,0,0,0,5.35,2.65,0,0,0,0,17-Apr-17
OPTSTK,ITC,29-Jun-17,325,CE,0,0,0,4.45,2.05,0,0,0,0,17-Apr-17
OPTSTK,ITC,29-Jun-17,330,CE,0,0,0,3.65,1.6,0,0,0,0,17-Apr-17
OPTSTK,ITC,29-Jun-17,335,CE,0,0,0,3,1.2,0,0,0,0,17-Apr-17
OPTSTK,ITC,29-Jun-17,340,CE,0,0,0,2.45,0.9,0,0,0,0,17-Apr-17
OPTSTK,ITC,29-Jun-17,185,PE,0,0,0,0.05,0,0,0,0,0,17-Apr-17
OPTSTK,ITC,29-Jun-17,190,PE,0,0,0,0.05,0,0,0,0,0,17-Apr-17
OPTSTK,ITC,29-Jun-17,195,PE,0,0,0,0.05,0.05,0,0,0,0,17-Apr-17
OPTSTK,ITC,29-Jun-17,200,PE,0,0,0,0.05,0.05,0,0,0,0,17-Apr-17
OPTSTK,ITC,29-Jun-17,205,PE,0,0,0,0.1,0.05,0,0,0,0,17-Apr-17
OPTSTK,ITC,29-Jun-17,210,PE,0,0,0,0.15,0.05,0,0,0,0,17-Apr-17
OPTSTK,ITC,29-Jun-17,215,PE,0,0,0,0.25,0.1,0,0,0,0,17-Apr-17
OPTSTK,ITC,29-Jun-17,220,PE,0,0,0,0.4,0.2,0,0,0,0,17-Apr-17
OPTSTK,ITC,29-Jun-17,225,PE,0,0,0,0.6,0.3,0,0,0,0,17-Apr-17
OPTSTK,ITC,29-Jun-17,230,PE,0,0,0,0.85,0.5,0,0,0,0,17-Apr-17
OPTSTK,ITC,29-Jun-17,235,PE,0,0,0,1.25,0.75,0,0,0,0,17-Apr-17
OPTSTK,ITC,29-Jun-17,240,PE,0,0,0,1.7,1.15,0,0,0,0,17-Apr-17
OPTSTK,ITC,29-Jun-17,245,PE,0,0,0,2.35,1.65,0,0,0,0,17-Apr-17
OPTSTK,ITC,29-Jun-17,250,PE,0,0,0,3.1,2.35,0,0,0,0,17-Apr-17
OPTSTK,ITC,29-Jun-17,255,PE,0,0,0,4.1,3.3,0,0,0,0,17-Apr-17
OPTSTK,ITC,29-Jun-17,260,PE,0,0,0,5.25,4.45,0,0,0,0,17-Apr-17
OPTSTK,ITC,29-Jun-17,265,PE,0,0,0,6.6,5.8,0,0,0,0,17-Apr-17
OPTSTK,ITC,29-Jun-17,270,PE,0,0,0,8.25,7.5,0,0,0,0,17-Apr-17
OPTSTK,ITC,29-Jun-17,275,PE,0,0,0,10.1,9.45,0,0,0,0,17-Apr-17
OPTSTK,ITC,29-Jun-17,280,PE,0,0,0,12.2,11.75,0,0,0,0,17-Apr-17
OPTSTK,ITC,29-Jun-17,285,PE,0,0,0,14.55,14.3,0,0,0,0,17-Apr-17
OPTSTK,ITC,29-Jun-17,290,PE,0,0,0,17.15,17.15,0,0,0,0,17-Apr-17
OPTSTK,ITC,29-Jun-17,295,PE,0,0,0,19.95,20.3,0,0,0,0,17-Apr-17
OPTSTK,ITC,29-Jun-17,300,PE,0,0,0,23.05,23.7,0,0,0,0,17-Apr-17
OPTSTK,ITC,29-Jun-17,305,PE,0,0,0,26.3,27.35,0,0,0,0,17-Apr-17
OPTSTK,ITC,29-Jun-17,310,PE,0,0,0,29.8,31.2,0,0,0,0,17-Apr-17
OPTSTK,ITC,29-Jun-17,315,PE,0,0,0,33.5,35.2,0,0,0,0,17-Apr-17
OPTSTK,ITC,29-Jun-17,320,PE,0,0,0,37.35,39.4,0,0,0,0,17-Apr-17
OPTSTK,ITC,29-Jun-17,325,PE,0,0,0,41.35,43.75,0,0,0,0,17-Apr-17
OPTSTK,ITC,29-Jun-17,330,PE,0,0,0,45.45,48.25,0,0,0,0,17-Apr-17
OPTSTK,ITC,29-Jun-17,335,PE,0,0,0,49.75,52.8,0,0,0,0,17-Apr-17
OPTSTK,ITC,29-Jun-17,340,PE,0,0,0,54.1,57.45,0,0,0,0,17-Apr-17
OPTSTK,JETAIRWAYS,27-Apr-17,220,CE,0,0,0,200.4,276.7,0,0,0,0,17-Apr-17
OPTSTK,JETAIRWAYS,27-Apr-17,240,CE,0,0,0,180.75,256.75,0,0,0,0,17-Apr-17
OPTSTK,JETAIRWAYS,27-Apr-17,260,CE,0,0,0,161.1,236.75,0,0,0,0,17-Apr-17
OPTSTK,JETAIRWAYS,27-Apr-17,280,CE,0,0,0,141.6,216.8,0,0,0,0,17-Apr-17
OPTSTK,JETAIRWAYS,27-Apr-17,300,CE,0,0,0,122.45,196.85,0,0,0,0,17-Apr-17
OPTSTK,JETAIRWAYS,27-Apr-17,320,CE,0,0,0,103.8,176.9,0,0,0,0,17-Apr-17
OPTSTK,JETAIRWAYS,27-Apr-17,330,CE,0,0,0,167.9,166.9,0,0,0,0,17-Apr-17
OPTSTK,JETAIRWAYS,27-Apr-17,340,CE,0,0,0,86.15,156.9,0,0,0,0,17-Apr-17
OPTSTK,JETAIRWAYS,27-Apr-17,350,CE,0,0,0,184.05,146.95,0,0,0,0,17-Apr-17
OPTSTK,JETAIRWAYS,27-Apr-17,360,CE,0,0,0,69.85,136.95,0,0,0,0,17-Apr-17
OPTSTK,JETAIRWAYS,27-Apr-17,370,CE,0,0,0,164.2,126.95,0,0,0,0,17-Apr-17
OPTSTK,JETAIRWAYS,27-Apr-17,380,CE,0,0,0,143.25,117,0,0,1000,0,17-Apr-17
OPTSTK,JETAIRWAYS,27-Apr-17,390,CE,0,0,0,144.4,107,0,0,0,0,17-Apr-17
OPTSTK,JETAIRWAYS,27-Apr-17,400,CE,0,0,0,112.7,97.05,0,0,2000,0,17-Apr-17
OPTSTK,JETAIRWAYS,27-Apr-17,410,CE,0,0,0,124.8,87.05,0,0,0,0,17-Apr-17
OPTSTK,JETAIRWAYS,27-Apr-17,420,CE,0,0,0,72.25,77.15,0,0,1000,0,17-Apr-17
OPTSTK,JETAIRWAYS,27-Apr-17,430,CE,0,0,0,105.6,67.3,0,0,0,0,17-Apr-17
OPTSTK,JETAIRWAYS,27-Apr-17,440,CE,0,0,0,75.2,57.65,0,0,2000,0,17-Apr-17
OPTSTK,JETAIRWAYS,27-Apr-17,450,CE,0,0,0,55.55,48.3,0,0,0,0,17-Apr-17
OPTSTK,JETAIRWAYS,27-Apr-17,460,CE,0,0,0,53.55,39.45,0,0,3000,0,17-Apr-17
OPTSTK,JETAIRWAYS,27-Apr-17,470,CE,0,0,0,43.95,31.25,0,0,1000,0,17-Apr-17
OPTSTK,JETAIRWAYS,27-Apr-17,480,CE,0,0,0,33.4,24,0,0,4000,0,17-Apr-17
OPTSTK,JETAIRWAYS,27-Apr-17,490,CE,24.1,24.1,19.05,19.05,19.05,2,10.23,9000,0,17-Apr-17
OPTSTK,JETAIRWAYS,27-Apr-17,500,CE,16.8,17.5,12.15,13.3,13.3,384,1974.81,141000,42000,17-Apr-17
OPTSTK,JETAIRWAYS,27-Apr-17,510,CE,12.4,13.45,8.7,9.65,9.65,201,1046.17,113000,17000,17-Apr-17
OPTSTK,JETAIRWAYS,27-Apr-17,520,CE,8.55,9.95,6.1,6.55,6.55,312,1645.58,458000,11000,17-Apr-17
OPTSTK,JETAIRWAYS,27-Apr-17,530,CE,6.95,7.15,4.5,4.75,4.75,64,342.63,164000,0,17-Apr-17
OPTSTK,JETAIRWAYS,27-Apr-17,540,CE,4.45,5.15,3.05,3.3,3.3,129,701.35,392000,5000,17-Apr-17
OPTSTK,JETAIRWAYS,27-Apr-17,550,CE,3.8,3.8,2.5,2.55,2.55,28,154.78,177000,0,17-Apr-17
OPTSTK,JETAIRWAYS,27-Apr-17,560,CE,2,2.2,1.7,1.75,1.75,46,258.48,162000,-5000,17-Apr-17
OPTSTK,JETAIRWAYS,27-Apr-17,570,CE,1.7,1.7,1.7,1.7,1.7,1,5.71,6000,1000,17-Apr-17
OPTSTK,JETAIRWAYS,27-Apr-17,580,CE,1,1,0.9,0.9,0.9,28,162.66,83000,23000,17-Apr-17
OPTSTK,JETAIRWAYS,27-Apr-17,590,CE,0.75,0.75,0.65,0.65,0.65,6,35.44,5000,3000,17-Apr-17
OPTSTK,JETAIRWAYS,27-Apr-17,600,CE,0.6,0.75,0.55,0.6,0.6,41,246.26,119000,-17000,17-Apr-17
OPTSTK,JETAIRWAYS,27-Apr-17,610,CE,0.55,0.55,0.4,0.5,0.5,23,140.4,10000,-18000,17-Apr-17
OPTSTK,JETAIRWAYS,27-Apr-17,620,CE,0.45,0.45,0.35,0.35,0.35,21,130.28,33000,-21000,17-Apr-17
OPTSTK,JETAIRWAYS,27-Apr-17,220,PE,0,0,0,0.05,0,0,0,0,0,17-Apr-17
OPTSTK,JETAIRWAYS,27-Apr-17,240,PE,0,0,0,0.05,0,0,0,0,0,17-Apr-17
OPTSTK,JETAIRWAYS,27-Apr-17,260,PE,0,0,0,0.1,0,0,0,0,0,17-Apr-17
OPTSTK,JETAIRWAYS,27-Apr-17,280,PE,0,0,0,0.25,0,0,0,0,0,17-Apr-17
OPTSTK,JETAIRWAYS,27-Apr-17,300,PE,0,0,0,0.75,0,0,0,0,0,17-Apr-17
OPTSTK,JETAIRWAYS,27-Apr-17,320,PE,0,0,0,1.8,0,0,0,0,0,17-Apr-17
OPTSTK,JETAIRWAYS,27-Apr-17,330,PE,0,0,0,0.05,0,0,0,0,0,17-Apr-17
OPTSTK,JETAIRWAYS,27-Apr-17,340,PE,0,0,0,3.85,0,0,0,0,0,17-Apr-17
OPTSTK,JETAIRWAYS,27-Apr-17,350,PE,0,0,0,0.05,0,0,0,0,0,17-Apr-17
OPTSTK,JETAIRWAYS,27-Apr-17,360,PE,0,0,0,7.2,0,0,0,0,0,17-Apr-17
OPTSTK,JETAIRWAYS,27-Apr-17,370,PE,0,0,0,0.05,0,0,0,0,0,17-Apr-17
OPTSTK,JETAIRWAYS,27-Apr-17,380,PE,0,0,0,12.3,0,0,0,0,0,17-Apr-17
OPTSTK,JETAIRWAYS,27-Apr-17,390,PE,0,0,0,0.15,0,0,0,0,0,17-Apr-17
OPTSTK,JETAIRWAYS,27-Apr-17,400,PE,0,0,0,19.3,0.05,0,0,0,0,17-Apr-17
OPTSTK,JETAIRWAYS,27-Apr-17,410,PE,0,0,0,0.45,0.05,0,0,0,0,17-Apr-17
OPTSTK,JETAIRWAYS,27-Apr-17,420,PE,0,0,0,28.45,0.1,0,0,0,0,17-Apr-17
OPTSTK,JETAIRWAYS,27-Apr-17,430,PE,0,0,0,1.2,0.25,0,0,0,0,17-Apr-17
OPTSTK,JETAIRWAYS,27-Apr-17,440,PE,1.4,1.6,1.4,1.4,1.4,14,61.79,26000,12000,17-Apr-17
OPTSTK,JETAIRWAYS,27-Apr-17,450,PE,1.75,2.15,1.7,2.15,2.15,5,22.59,15000,1000,17-Apr-17
OPTSTK,JETAIRWAYS,27-Apr-17,460,PE,3,3.25,2.45,3.05,3.05,25,115.73,62000,-8000,17-Apr-17
OPTSTK,JETAIRWAYS,27-Apr-17,470,PE,4.85,5.05,4.65,4.65,4.65,9,42.73,21000,1000,17-Apr-17
OPTSTK,JETAIRWAYS,27-Apr-17,480,PE,6.15,8.05,5.9,7.6,7.6,118,574.84,73000,-2000,17-Apr-17
OPTSTK,JETAIRWAYS,27-Apr-17,490,PE,9,12.05,9,11.15,11.15,56,280.33,45000,3000,17-Apr-17
OPTSTK,JETAIRWAYS,27-Apr-17,500,PE,14.5,16.9,12.7,16.05,16.05,88,453.64,162000,-8000,17-Apr-17
OPTSTK,JETAIRWAYS,27-Apr-17,510,PE,0,0,0,19.15,21.5,0,0,25000,0,17-Apr-17
OPTSTK,JETAIRWAYS,27-Apr-17,520,PE,27.25,27.25,27.25,27.25,27.25,1,5.47,78000,0,17-Apr-17
OPTSTK,JETAIRWAYS,27-Apr-17,530,PE,0,0,0,27.55,36.4,0,0,10000,0,17-Apr-17
OPTSTK,JETAIRWAYS,27-Apr-17,540,PE,40.05,40.05,40.05,40.05,40.05,2,11.6,23000,0,17-Apr-17
OPTSTK,JETAIRWAYS,27-Apr-17,550,PE,0,0,0,53.05,54.05,0,0,3000,0,17-Apr-17
OPTSTK,JETAIRWAYS,27-Apr-17,560,PE,0,0,0,61.8,63.45,0,0,3000,0,17-Apr-17
OPTSTK,JETAIRWAYS,27-Apr-17,570,PE,0,0,0,49.15,73.1,0,0,0,0,17-Apr-17
OPTSTK,JETAIRWAYS,27-Apr-17,580,PE,0,0,0,58.8,82.9,0,0,11000,0,17-Apr-17
OPTSTK,JETAIRWAYS,27-Apr-17,590,PE,0,0,0,64.15,92.8,0,0,0,0,17-Apr-17
OPTSTK,JETAIRWAYS,27-Apr-17,600,PE,0,0,0,76.95,102.7,0,0,1000,0,17-Apr-17
OPTSTK,JETAIRWAYS,27-Apr-17,610,PE,0,0,0,80.65,112.7,0,0,0,0,17-Apr-17
OPTSTK,JETAIRWAYS,27-Apr-17,620,PE,0,0,0,193.7,122.65,0,0,0,0,17-Apr-17
OPTSTK,JETAIRWAYS,25-May-17,220,CE,0,0,0,205.8,277.8,0,0,0,0,17-Apr-17
OPTSTK,JETAIRWAYS,25-May-17,240,CE,0,0,0,186.25,257.95,0,0,0,0,17-Apr-17
OPTSTK,JETAIRWAYS,25-May-17,260,CE,0,0,0,166.85,238.05,0,0,0,0,17-Apr-17
OPTSTK,JETAIRWAYS,25-May-17,280,CE,0,0,0,147.8,218.2,0,0,0,0,17-Apr-17
OPTSTK,JETAIRWAYS,25-May-17,300,CE,0,0,0,129.35,198.35,0,0,0,0,17-Apr-17
OPTSTK,JETAIRWAYS,25-May-17,320,CE,0,0,0,111.7,178.5,0,0,0,0,17-Apr-17
OPTSTK,JETAIRWAYS,25-May-17,330,CE,0,0,0,169.7,168.55,0,0,0,0,17-Apr-17
OPTSTK,JETAIRWAYS,25-May-17,340,CE,0,0,0,95.15,158.65,0,0,0,0,17-Apr-17
OPTSTK,JETAIRWAYS,25-May-17,350,CE,0,0,0,186.15,148.75,0,0,0,0,17-Apr-17
OPTSTK,JETAIRWAYS,25-May-17,360,CE,0,0,0,79.95,138.9,0,0,0,0,17-Apr-17
OPTSTK,JETAIRWAYS,25-May-17,370,CE,0,0,0,166.7,129.1,0,0,0,0,17-Apr-17
OPTSTK,JETAIRWAYS,25-May-17,380,CE,0,0,0,66.25,119.4,0,0,0,0,17-Apr-17
OPTSTK,JETAIRWAYS,25-May-17,390,CE,0,0,0,147.6,109.8,0,0,0,0,17-Apr-17
OPTSTK,JETAIRWAYS,25-May-17,400,CE,0,0,0,54.2,100.4,0,0,0,0,17-Apr-17
OPTSTK,JETAIRWAYS,25-May-17,410,CE,0,0,0,129.1,91.2,0,0,0,0,17-Apr-17
OPTSTK,JETAIRWAYS,25-May-17,420,CE,0,0,0,43.75,82.25,0,0,0,0,17-Apr-17
OPTSTK,JETAIRWAYS,25-May-17,430,CE,0,0,0,111.35,73.65,0,0,0,0,17-Apr-17
OPTSTK,JETAIRWAYS,25-May-17,440,CE,0,0,0,34.9,65.45,0,0,0,0,17-Apr-17
OPTSTK,JETAIRWAYS,25-May-17,450,CE,0,0,0,94.7,57.7,0,0,0,0,17-Apr-17
OPTSTK,JETAIRWAYS,25-May-17,460,CE,0,0,0,27.5,50.45,0,0,0,0,17-Apr-17
OPTSTK,JETAIRWAYS,25-May-17,470,CE,0,0,0,79.35,43.75,0,0,0,0,17-Apr-17
OPTSTK,JETAIRWAYS,25-May-17,480,CE,0,0,0,21.45,37.6,0,0,0,0,17-Apr-17
OPTSTK,JETAIRWAYS,25-May-17,490,CE,0,0,0,65.4,32.05,0,0,0,0,17-Apr-17
OPTSTK,JETAIRWAYS,25-May-17,500,CE,0,0,0,16.6,27.1,0,0,0,0,17-Apr-17
OPTSTK,JETAIRWAYS,25-May-17,510,CE,0,0,0,53.15,22.7,0,0,0,0,17-Apr-17
OPTSTK,JETAIRWAYS,25-May-17,520,CE,0,0,0,12.75,18.85,0,0,0,0,17-Apr-17
OPTSTK,JETAIRWAYS,25-May-17,530,CE,0,0,0,42.5,15.55,0,0,0,0,17-Apr-17
OPTSTK,JETAIRWAYS,25-May-17,540,CE,0,0,0,9.7,12.7,0,0,0,0,17-Apr-17
OPTSTK,JETAIRWAYS,25-May-17,550,CE,0,0,0,33.5,10.3,0,0,0,0,17-Apr-17
OPTSTK,JETAIRWAYS,25-May-17,560,CE,0,0,0,7.3,8.3,0,0,0,0,17-Apr-17
OPTSTK,JETAIRWAYS,25-May-17,570,CE,0,0,0,26.05,6.6,0,0,0,0,17-Apr-17
OPTSTK,JETAIRWAYS,25-May-17,580,CE,0,0,0,5.5,5.25,0,0,0,0,17-Apr-17
OPTSTK,JETAIRWAYS,25-May-17,590,CE,0,0,0,19.95,4.15,0,0,0,0,17-Apr-17
OPTSTK,JETAIRWAYS,25-May-17,600,CE,0,0,0,4.1,3.2,0,0,0,0,17-Apr-17
OPTSTK,JETAIRWAYS,25-May-17,610,CE,0,0,0,15.1,2.5,0,0,0,0,17-Apr-17
OPTSTK,JETAIRWAYS,25-May-17,620,CE,0,0,0,3.05,1.95,0,0,0,0,17-Apr-17
OPTSTK,JETAIRWAYS,25-May-17,220,PE,0,0,0,0.05,0,0,0,0,0,17-Apr-17
OPTSTK,JETAIRWAYS,25-May-17,240,PE,0,0,0,0.2,0,0,0,0,0,17-Apr-17
OPTSTK,JETAIRWAYS,25-May-17,260,PE,0,0,0,0.5,0,0,0,0,0,17-Apr-17
OPTSTK,JETAIRWAYS,25-May-17,280,PE,0,0,0,1.1,0,0,0,0,0,17-Apr-17
OPTSTK,JETAIRWAYS,25-May-17,300,PE,0,0,0,2.35,0,0,0,0,0,17-Apr-17
OPTSTK,JETAIRWAYS,25-May-17,320,PE,0,0,0,4.4,0.05,0,0,0,0,17-Apr-17
OPTSTK,JETAIRWAYS,25-May-17,330,PE,0,0,0,0.15,0.05,0,0,0,0,17-Apr-17
OPTSTK,JETAIRWAYS,25-May-17,340,PE,0,0,0,7.55,0.05,0,0,0,0,17-Apr-17
OPTSTK,JETAIRWAYS,25-May-17,350,PE,0,0,0,0.25,0.1,0,0,0,0,17-Apr-17
OPTSTK,JETAIRWAYS,25-May-17,360,PE,0,0,0,12,0.2,0,0,0,0,17-Apr-17
OPTSTK,JETAIRWAYS,25-May-17,370,PE,0,0,0,0.65,0.3,0,0,0,0,17-Apr-17
OPTSTK,JETAIRWAYS,25-May-17,380,PE,0,0,0,18,0.55,0,0,0,0,17-Apr-17
OPTSTK,JETAIRWAYS,25-May-17,390,PE,0,0,0,1.35,0.9,0,0,0,0,17-Apr-17
OPTSTK,JETAIRWAYS,25-May-17,400,PE,0,0,0,25.6,1.4,0,0,0,0,17-Apr-17
OPTSTK,JETAIRWAYS,25-May-17,410,PE,0,0,0,2.6,2.1,0,0,0,0,17-Apr-17
OPTSTK,JETAIRWAYS,25-May-17,420,PE,0,0,0,34.85,3.1,0,0,0,0,17-Apr-17
OPTSTK,JETAIRWAYS,25-May-17,430,PE,0,0,0,4.7,4.45,0,0,0,0,17-Apr-17
OPTSTK,JETAIRWAYS,25-May-17,440,PE,0,0,0,45.7,6.2,0,0,0,0,17-Apr-17
OPTSTK,JETAIRWAYS,25-May-17,450,PE,0,0,0,7.8,8.35,0,0,0,0,17-Apr-17
OPTSTK,JETAIRWAYS,25-May-17,460,PE,0,0,0,58,11.05,0,0,0,0,17-Apr-17
OPTSTK,JETAIRWAYS,25-May-17,470,PE,0,0,0,12.25,14.25,0,0,0,0,17-Apr-17
OPTSTK,JETAIRWAYS,25-May-17,480,PE,0,0,0,71.65,18.05,0,0,0,0,17-Apr-17
OPTSTK,JETAIRWAYS,25-May-17,490,PE,0,0,0,18.15,22.45,0,0,0,0,17-Apr-17
OPTSTK,JETAIRWAYS,25-May-17,500,PE,33,33,33,33,33,1,5.33,1000,1000,17-Apr-17
OPTSTK,JETAIRWAYS,25-May-17,510,PE,0,0,0,25.65,32.95,0,0,0,0,17-Apr-17
OPTSTK,JETAIRWAYS,25-May-17,520,PE,0,0,0,102.25,39.05,0,0,0,0,17-Apr-17
OPTSTK,JETAIRWAYS,25-May-17,530,PE,0,0,0,34.8,45.65,0,0,0,0,17-Apr-17
OPTSTK,JETAIRWAYS,25-May-17,540,PE,0,0,0,118.9,52.75,0,0,0,0,17-Apr-17
OPTSTK,JETAIRWAYS,25-May-17,550,PE,0,0,0,45.6,60.3,0,0,0,0,17-Apr-17
OPTSTK,JETAIRWAYS,25-May-17,560,PE,0,0,0,136.2,68.2,0,0,0,0,17-Apr-17
OPTSTK,JETAIRWAYS,25-May-17,570,PE,0,0,0,57.95,76.45,0,0,0,0,17-Apr-17
OPTSTK,JETAIRWAYS,25-May-17,580,PE,0,0,0,154.1,85.05,0,0,0,0,17-Apr-17
OPTSTK,JETAIRWAYS,25-May-17,590,PE,0,0,0,71.65,93.85,0,0,0,0,17-Apr-17
OPTSTK,JETAIRWAYS,25-May-17,600,PE,0,0,0,172.35,102.9,0,0,0,0,17-Apr-17
OPTSTK,JETAIRWAYS,25-May-17,610,PE,0,0,0,86.6,112.1,0,0,0,0,17-Apr-17
OPTSTK,JETAIRWAYS,25-May-17,620,PE,0,0,0,191,121.45,0,0,0,0,17-Apr-17
OPTSTK,JETAIRWAYS,29-Jun-17,350,CE,0,0,0,189.3,151.7,0,0,0,0,17-Apr-17
OPTSTK,JETAIRWAYS,29-Jun-17,360,CE,0,0,0,179.9,142.25,0,0,0,0,17-Apr-17
OPTSTK,JETAIRWAYS,29-Jun-17,370,CE,0,0,0,170.65,132.95,0,0,0,0,17-Apr-17
OPTSTK,JETAIRWAYS,29-Jun-17,380,CE,0,0,0,161.5,123.8,0,0,0,0,17-Apr-17
OPTSTK,JETAIRWAYS,29-Jun-17,390,CE,0,0,0,152.55,114.9,0,0,0,0,17-Apr-17
OPTSTK,JETAIRWAYS,29-Jun-17,400,CE,0,0,0,143.8,106.25,0,0,0,0,17-Apr-17
OPTSTK,JETAIRWAYS,29-Jun-17,410,CE,0,0,0,135.25,97.85,0,0,0,0,17-Apr-17
OPTSTK,JETAIRWAYS,29-Jun-17,420,CE,0,0,0,126.95,89.75,0,0,0,0,17-Apr-17
OPTSTK,JETAIRWAYS,29-Jun-17,430,CE,0,0,0,118.85,82,0,0,0,0,17-Apr-17
OPTSTK,JETAIRWAYS,29-Jun-17,440,CE,0,0,0,111.05,74.65,0,0,0,0,17-Apr-17
OPTSTK,JETAIRWAYS,29-Jun-17,450,CE,0,0,0,103.5,67.7,0,0,0,0,17-Apr-17
OPTSTK,JETAIRWAYS,29-Jun-17,460,CE,0,0,0,96.3,61.1,0,0,0,0,17-Apr-17
OPTSTK,JETAIRWAYS,29-Jun-17,470,CE,0,0,0,89.4,54.95,0,0,0,0,17-Apr-17
OPTSTK,JETAIRWAYS,29-Jun-17,480,CE,0,0,0,82.75,49.2,0,0,0,0,17-Apr-17
OPTSTK,JETAIRWAYS,29-Jun-17,490,CE,0,0,0,76.5,43.9,0,0,0,0,17-Apr-17
OPTSTK,JETAIRWAYS,29-Jun-17,500,CE,0,0,0,70.55,39,0,0,0,0,17-Apr-17
OPTSTK,JETAIRWAYS,29-Jun-17,510,CE,0,0,0,64.9,34.55,0,0,0,0,17-Apr-17
OPTSTK,JETAIRWAYS,29-Jun-17,520,CE,0,0,0,59.6,30.45,0,0,0,0,17-Apr-17
OPTSTK,JETAIRWAYS,29-Jun-17,530,CE,0,0,0,54.65,26.8,0,0,0,0,17-Apr-17
OPTSTK,JETAIRWAYS,29-Jun-17,540,CE,0,0,0,50,23.45,0,0,0,0,17-Apr-17
OPTSTK,JETAIRWAYS,29-Jun-17,550,CE,0,0,0,45.65,20.45,0,0,0,0,17-Apr-17
OPTSTK,JETAIRWAYS,29-Jun-17,560,CE,0,0,0,41.6,17.8,0,0,0,0,17-Apr-17
OPTSTK,JETAIRWAYS,29-Jun-17,570,CE,0,0,0,37.85,15.45,0,0,0,0,17-Apr-17
OPTSTK,JETAIRWAYS,29-Jun-17,580,CE,0,0,0,34.35,13.4,0,0,0,0,17-Apr-17
OPTSTK,JETAIRWAYS,29-Jun-17,590,CE,0,0,0,31.15,11.5,0,0,0,0,17-Apr-17
OPTSTK,JETAIRWAYS,29-Jun-17,600,CE,0,0,0,28.2,9.9,0,0,0,0,17-Apr-17
OPTSTK,JETAIRWAYS,29-Jun-17,610,CE,0,0,0,25.5,8.5,0,0,0,0,17-Apr-17
OPTSTK,JETAIRWAYS,29-Jun-17,620,CE,0,0,0,23,7.25,0,0,0,0,17-Apr-17
OPTSTK,JETAIRWAYS,29-Jun-17,350,PE,0,0,0,1.2,0.9,0,0,0,0,17-Apr-17
OPTSTK,JETAIRWAYS,29-Jun-17,360,PE,0,0,0,1.65,1.3,0,0,0,0,17-Apr-17
OPTSTK,JETAIRWAYS,29-Jun-17,370,PE,0,0,0,2.25,1.85,0,0,0,0,17-Apr-17
OPTSTK,JETAIRWAYS,29-Jun-17,380,PE,0,0,0,2.95,2.6,0,0,0,0,17-Apr-17
OPTSTK,JETAIRWAYS,29-Jun-17,390,PE,0,0,0,3.85,3.55,0,0,0,0,17-Apr-17
OPTSTK,JETAIRWAYS,29-Jun-17,400,PE,0,0,0,4.9,4.75,0,0,0,0,17-Apr-17
OPTSTK,JETAIRWAYS,29-Jun-17,410,PE,0,0,0,6.2,6.25,0,0,0,0,17-Apr-17
OPTSTK,JETAIRWAYS,29-Jun-17,420,PE,0,0,0,7.7,8.05,0,0,0,0,17-Apr-17
OPTSTK,JETAIRWAYS,29-Jun-17,430,PE,0,0,0,9.45,10.15,0,0,0,0,17-Apr-17
OPTSTK,JETAIRWAYS,29-Jun-17,440,PE,0,0,0,11.5,12.7,0,0,0,0,17-Apr-17
OPTSTK,JETAIRWAYS,29-Jun-17,450,PE,0,0,0,13.8,15.55,0,0,0,0,17-Apr-17
OPTSTK,JETAIRWAYS,29-Jun-17,460,PE,0,0,0,16.4,18.85,0,0,0,0,17-Apr-17
OPTSTK,JETAIRWAYS,29-Jun-17,470,PE,0,0,0,19.35,22.55,0,0,0,0,17-Apr-17
OPTSTK,JETAIRWAYS,29-Jun-17,480,PE,0,0,0,22.55,26.7,0,0,0,0,17-Apr-17
OPTSTK,JETAIRWAYS,29-Jun-17,490,PE,0,0,0,26.1,31.25,0,0,0,0,17-Apr-17
OPTSTK,JETAIRWAYS,29-Jun-17,500,PE,0,0,0,30,36.25,0,0,0,0,17-Apr-17
OPTSTK,JETAIRWAYS,29-Jun-17,510,PE,0,0,0,34.2,41.65,0,0,0,0,17-Apr-17
OPTSTK,JETAIRWAYS,29-Jun-17,520,PE,0,0,0,38.75,47.45,0,0,0,0,17-Apr-17
OPTSTK,JETAIRWAYS,29-Jun-17,530,PE,0,0,0,43.6,53.65,0,0,0,0,17-Apr-17
OPTSTK,JETAIRWAYS,29-Jun-17,540,PE,0,0,0,48.8,60.2,0,0,0,0,17-Apr-17
OPTSTK,JETAIRWAYS,29-Jun-17,550,PE,0,0,0,54.25,67.05,0,0,0,0,17-Apr-17
OPTSTK,JETAIRWAYS,29-Jun-17,560,PE,0,0,0,60.05,74.3,0,0,0,0,17-Apr-17
OPTSTK,JETAIRWAYS,29-Jun-17,570,PE,0,0,0,66.15,81.8,0,0,0,0,17-Apr-17
OPTSTK,JETAIRWAYS,29-Jun-17,580,PE,0,0,0,72.5,89.6,0,0,0,0,17-Apr-17
OPTSTK,JETAIRWAYS,29-Jun-17,590,PE,0,0,0,79.1,97.6,0,0,0,0,17-Apr-17
OPTSTK,JETAIRWAYS,29-Jun-17,600,PE,0,0,0,86,105.85,0,0,0,0,17-Apr-17
OPTSTK,JETAIRWAYS,29-Jun-17,610,PE,0,0,0,93.1,114.3,0,0,0,0,17-Apr-17
OPTSTK,JETAIRWAYS,29-Jun-17,620,PE,0,0,0,100.5,122.95,0,0,0,0,17-Apr-17
OPTSTK,JINDALSTEL,27-Apr-17,52.5,CE,0,0,0,30.95,68.7,0,0,0,0,17-Apr-17
OPTSTK,JINDALSTEL,27-Apr-17,55,CE,0,0,0,28.65,66.2,0,0,0,0,17-Apr-17
OPTSTK,JINDALSTEL,27-Apr-17,57.5,CE,0,0,0,26.45,63.7,0,0,0,0,17-Apr-17
OPTSTK,JINDALSTEL,27-Apr-17,60,CE,0,0,0,24.3,61.2,0,0,0,0,17-Apr-17
OPTSTK,JINDALSTEL,27-Apr-17,62.5,CE,0,0,0,22.25,58.75,0,0,0,0,17-Apr-17
OPTSTK,JINDALSTEL,27-Apr-17,65,CE,0,0,0,20.3,56.25,0,0,0,0,17-Apr-17
OPTSTK,JINDALSTEL,27-Apr-17,67.5,CE,0,0,0,18.45,53.75,0,0,0,0,17-Apr-17
OPTSTK,JINDALSTEL,27-Apr-17,70,CE,0,0,0,48,51.25,0,0,27000,0,17-Apr-17
OPTSTK,JINDALSTEL,27-Apr-17,72.5,CE,0,0,0,15.05,48.75,0,0,0,0,17-Apr-17
OPTSTK,JINDALSTEL,27-Apr-17,75,CE,0,0,0,13.5,46.25,0,0,0,0,17-Apr-17
OPTSTK,JINDALSTEL,27-Apr-17,77.5,CE,0,0,0,12.1,43.75,0,0,0,0,17-Apr-17
OPTSTK,JINDALSTEL,27-Apr-17,80,CE,0,0,0,38.55,41.25,0,0,9000,0,17-Apr-17
OPTSTK,JINDALSTEL,27-Apr-17,82.5,CE,0,0,0,9.6,38.75,0,0,0,0,17-Apr-17
OPTSTK,JINDALSTEL,27-Apr-17,85,CE,0,0,0,33.65,36.25,0,0,9000,0,17-Apr-17
OPTSTK,JINDALSTEL,27-Apr-17,87.5,CE,0,0,0,7.55,33.75,0,0,0,0,17-Apr-17
OPTSTK,JINDALSTEL,27-Apr-17,90,CE,0,0,0,28.8,31.3,0,0,45000,0,17-Apr-17
OPTSTK,JINDALSTEL,27-Apr-17,92.5,CE,0,0,0,33,28.8,0,0,18000,0,17-Apr-17
OPTSTK,JINDALSTEL,27-Apr-17,95,CE,0,0,0,5.15,26.3,0,0,0,0,17-Apr-17
OPTSTK,JINDALSTEL,27-Apr-17,97.5,CE,0,0,0,4.5,23.8,0,0,0,0,17-Apr-17
OPTSTK,JINDALSTEL,27-Apr-17,100,CE,0,0,0,31.4,21.35,0,0,27000,0,17-Apr-17
OPTSTK,JINDALSTEL,27-Apr-17,102.5,CE,0,0,0,28.95,18.9,0,0,9000,0,17-Apr-17
OPTSTK,JINDALSTEL,27-Apr-17,105,CE,0,0,0,3,16.5,0,0,0,0,17-Apr-17
OPTSTK,JINDALSTEL,27-Apr-17,107.5,CE,0,0,0,2.6,14.2,0,0,0,0,17-Apr-17
OPTSTK,JINDALSTEL,27-Apr-17,110,CE,0,0,0,21.7,12,0,0,9000,0,17-Apr-17
OPTSTK,JINDALSTEL,27-Apr-17,112.5,CE,0,0,0,1.95,9.95,0,0,0,0,17-Apr-17
OPTSTK,JINDALSTEL,27-Apr-17,115,CE,0,0,0,11.2,8.1,0,0,9000,0,17-Apr-17
OPTSTK,JINDALSTEL,27-Apr-17,117.5,CE,0,0,0,3.6,6.4,0,0,0,0,17-Apr-17
OPTSTK,JINDALSTEL,27-Apr-17,120,CE,3.75,3.75,3.75,3.75,3.75,1,11.13,342000,9000,17-Apr-17
OPTSTK,JINDALSTEL,27-Apr-17,122.5,CE,3.4,3.4,3.4,3.4,3.4,1,11.33,225000,0,17-Apr-17
OPTSTK,JINDALSTEL,27-Apr-17,125,CE,1.5,2,1,1.4,1.4,37,421.75,2322000,45000,17-Apr-17
OPTSTK,JINDALSTEL,27-Apr-17,127.5,CE,1.5,1.5,1.5,1.5,1.5,1,11.61,171000,-9000,17-Apr-17
OPTSTK,JINDALSTEL,27-Apr-17,130,CE,0.7,1,0.65,0.65,0.65,12,141.28,1881000,-27000,17-Apr-17
OPTSTK,JINDALSTEL,27-Apr-17,132.5,CE,0,0,0,0.7,1,0,0,252000,0,17-Apr-17
OPTSTK,JINDALSTEL,27-Apr-17,135,CE,0.35,0.5,0.3,0.45,0.45,8,97.47,1161000,-72000,17-Apr-17
OPTSTK,JINDALSTEL,27-Apr-17,137.5,CE,0,0,0,0.4,0.45,0,0,171000,0,17-Apr-17
OPTSTK,JINDALSTEL,27-Apr-17,140,CE,0.2,0.25,0.2,0.25,0.25,11,138.81,2016000,-63000,17-Apr-17
OPTSTK,JINDALSTEL,27-Apr-17,142.5,CE,0,0,0,0.65,0.2,0,0,144000,0,17-Apr-17
OPTSTK,JINDALSTEL,27-Apr-17,145,CE,0.1,0.45,0.1,0.35,0.35,3,39.24,603000,-9000,17-Apr-17
OPTSTK,JINDALSTEL,27-Apr-17,150,CE,0.05,0.3,0.05,0.15,0.15,10,135.1,810000,-81000,17-Apr-17
OPTSTK,JINDALSTEL,27-Apr-17,155,CE,0,0,0,0.45,0.05,0,0,36000,0,17-Apr-17
OPTSTK,JINDALSTEL,27-Apr-17,160,CE,0.05,0.4,0.05,0.25,0.25,13,187.39,270000,-99000,17-Apr-17
OPTSTK,JINDALSTEL,27-Apr-17,52.5,PE,0,0,0,0.4,0,0,0,0,0,17-Apr-17
OPTSTK,JINDALSTEL,27-Apr-17,55,PE,0,0,0,0.55,0,0,0,0,0,17-Apr-17
OPTSTK,JINDALSTEL,27-Apr-17,57.5,PE,0,0,0,0.8,0,0,0,0,0,17-Apr-17
OPTSTK,JINDALSTEL,27-Apr-17,60,PE,0,0,0,1.15,0,0,0,0,0,17-Apr-17
OPTSTK,JINDALSTEL,27-Apr-17,62.5,PE,0,0,0,1.55,0,0,0,0,0,17-Apr-17
OPTSTK,JINDALSTEL,27-Apr-17,65,PE,0,0,0,2.05,0,0,0,0,0,17-Apr-17
OPTSTK,JINDALSTEL,27-Apr-17,67.5,PE,0,0,0,2.65,0,0,0,0,0,17-Apr-17
OPTSTK,JINDALSTEL,27-Apr-17,70,PE,0,0,0,3.35,0,0,0,0,0,17-Apr-17
OPTSTK,JINDALSTEL,27-Apr-17,72.5,PE,0,0,0,4.15,0,0,0,0,0,17-Apr-17
OPTSTK,JINDALSTEL,27-Apr-17,75,PE,0,0,0,5.1,0,0,0,0,0,17-Apr-17
OPTSTK,JINDALSTEL,27-Apr-17,77.5,PE,0,0,0,6.15,0,0,0,0,0,17-Apr-17
OPTSTK,JINDALSTEL,27-Apr-17,80,PE,0,0,0,0.05,0,0,0,270000,0,17-Apr-17
OPTSTK,JINDALSTEL,27-Apr-17,82.5,PE,0,0,0,8.55,0,0,0,0,0,17-Apr-17
OPTSTK,JINDALSTEL,27-Apr-17,85,PE,0,0,0,9.9,0,0,0,0,0,17-Apr-17
OPTSTK,JINDALSTEL,27-Apr-17,87.5,PE,0,0,0,11.4,0,0,0,0,0,17-Apr-17
OPTSTK,JINDALSTEL,27-Apr-17,90,PE,0,0,0,0.5,0,0,0,9000,0,17-Apr-17
OPTSTK,JINDALSTEL,27-Apr-17,92.5,PE,0,0,0,14.65,0,0,0,0,0,17-Apr-17
OPTSTK,JINDALSTEL,27-Apr-17,95,PE,0,0,0,16.35,0.05,0,0,0,0,17-Apr-17
OPTSTK,JINDALSTEL,27-Apr-17,97.5,PE,0,0,0,18.2,0.05,0,0,0,0,17-Apr-17
OPTSTK,JINDALSTEL,27-Apr-17,100,PE,0.05,0.1,0.05,0.1,0.1,7,63.04,252000,-63000,17-Apr-17
OPTSTK,JINDALSTEL,27-Apr-17,102.5,PE,0,0,0,0.15,0.15,0,0,9000,0,17-Apr-17
OPTSTK,JINDALSTEL,27-Apr-17,105,PE,0,0,0,0.15,0.25,0,0,351000,0,17-Apr-17
OPTSTK,JINDALSTEL,27-Apr-17,107.5,PE,0,0,0,0.2,0.45,0,0,9000,0,17-Apr-17
OPTSTK,JINDALSTEL,27-Apr-17,110,PE,0,0,0,0.3,0.75,0,0,558000,0,17-Apr-17
OPTSTK,JINDALSTEL,27-Apr-17,112.5,PE,0,0,0,0.7,1.15,0,0,72000,0,17-Apr-17
OPTSTK,JINDALSTEL,27-Apr-17,115,PE,0.95,1,0.95,1,1,5,52.18,765000,-27000,17-Apr-17
OPTSTK,JINDALSTEL,27-Apr-17,117.5,PE,0,0,0,0.85,2.6,0,0,18000,0,17-Apr-17
OPTSTK,JINDALSTEL,27-Apr-17,120,PE,2.65,2.65,1.8,2.5,2.5,4,44,1170000,9000,17-Apr-17
OPTSTK,JINDALSTEL,27-Apr-17,122.5,PE,0,0,0,3.3,4.95,0,0,189000,0,17-Apr-17
OPTSTK,JINDALSTEL,27-Apr-17,125,PE,4.5,5.25,4.25,5.25,5.25,12,140.11,1656000,-45000,17-Apr-17
OPTSTK,JINDALSTEL,27-Apr-17,127.5,PE,0,0,0,5.4,8.2,0,0,126000,0,17-Apr-17
OPTSTK,JINDALSTEL,27-Apr-17,130,PE,9.75,9.75,9.75,9.75,9.75,1,12.57,639000,0,17-Apr-17
OPTSTK,JINDALSTEL,27-Apr-17,132.5,PE,0,0,0,6.5,12.15,0,0,36000,0,17-Apr-17
OPTSTK,JINDALSTEL,27-Apr-17,135,PE,13.3,13.3,13.3,13.3,13.3,1,13.34,180000,-9000,17-Apr-17
OPTSTK,JINDALSTEL,27-Apr-17,137.5,PE,0,0,0,31.6,16.6,0,0,0,0,17-Apr-17
OPTSTK,JINDALSTEL,27-Apr-17,140,PE,18,18,18,18,18,1,14.22,81000,0,17-Apr-17
OPTSTK,JINDALSTEL,27-Apr-17,142.5,PE,0,0,0,30.25,21.35,0,0,0,0,17-Apr-17
OPTSTK,JINDALSTEL,27-Apr-17,145,PE,0,0,0,32.2,23.75,0,0,0,0,17-Apr-17
OPTSTK,JINDALSTEL,27-Apr-17,150,PE,0,0,0,31.2,28.7,0,0,0,0,17-Apr-17
OPTSTK,JINDALSTEL,27-Apr-17,155,PE,0,0,0,35.1,33.65,0,0,0,0,17-Apr-17
OPTSTK,JINDALSTEL,27-Apr-17,160,PE,0,0,0,31.55,38.65,0,0,0,0,17-Apr-17
OPTSTK,JINDALSTEL,25-May-17,87.5,CE,0,0,0,34.35,34.4,0,0,0,0,17-Apr-17
OPTSTK,JINDALSTEL,25-May-17,90,CE,0,0,0,32.55,32,0,0,0,0,17-Apr-17
OPTSTK,JINDALSTEL,25-May-17,92.5,CE,0,0,0,30.8,29.7,0,0,0,0,17-Apr-17
OPTSTK,JINDALSTEL,25-May-17,95,CE,0,0,0,29.1,27.4,0,0,0,0,17-Apr-17
OPTSTK,JINDALSTEL,25-May-17,97.5,CE,0,0,0,27.5,25.15,0,0,0,0,17-Apr-17
OPTSTK,JINDALSTEL,25-May-17,100,CE,0,0,0,25.95,23,0,0,0,0,17-Apr-17
OPTSTK,JINDALSTEL,25-May-17,102.5,CE,0,0,0,24.45,20.9,0,0,0,0,17-Apr-17
OPTSTK,JINDALSTEL,25-May-17,105,CE,0,0,0,23,18.95,0,0,0,0,17-Apr-17
OPTSTK,JINDALSTEL,25-May-17,107.5,CE,0,0,0,21.65,17.05,0,0,0,0,17-Apr-17
OPTSTK,JINDALSTEL,25-May-17,110,CE,0,0,0,20.35,15.25,0,0,0,0,17-Apr-17
OPTSTK,JINDALSTEL,25-May-17,112.5,CE,0,0,0,19.15,13.6,0,0,0,0,17-Apr-17
OPTSTK,JINDALSTEL,25-May-17,115,CE,0,0,0,17.95,12.05,0,0,0,0,17-Apr-17
OPTSTK,JINDALSTEL,25-May-17,117.5,CE,0,0,0,16.85,10.6,0,0,0,0,17-Apr-17
OPTSTK,JINDALSTEL,25-May-17,120,CE,0,0,0,15.8,9.3,0,0,0,0,17-Apr-17
OPTSTK,JINDALSTEL,25-May-17,122.5,CE,0,0,0,14.8,8.15,0,0,0,0,17-Apr-17
OPTSTK,JINDALSTEL,25-May-17,125,CE,0,0,0,13.9,7.05,0,0,0,0,17-Apr-17
OPTSTK,JINDALSTEL,25-May-17,127.5,CE,0,0,0,13,6.1,0,0,0,0,17-Apr-17
OPTSTK,JINDALSTEL,25-May-17,130,CE,0,0,0,12.15,5.25,0,0,0,0,17-Apr-17
OPTSTK,JINDALSTEL,25-May-17,132.5,CE,0,0,0,11.35,4.5,0,0,0,0,17-Apr-17
OPTSTK,JINDALSTEL,25-May-17,135,CE,0,0,0,6.5,3.8,0,0,18000,0,17-Apr-17
OPTSTK,JINDALSTEL,25-May-17,137.5,CE,0,0,0,9.95,3.25,0,0,0,0,17-Apr-17
OPTSTK,JINDALSTEL,25-May-17,140,CE,0,0,0,9.25,2.75,0,0,0,0,17-Apr-17
OPTSTK,JINDALSTEL,25-May-17,142.5,CE,0,0,0,8.65,2.3,0,0,0,0,17-Apr-17
OPTSTK,JINDALSTEL,25-May-17,145,CE,0,0,0,8.1,1.95,0,0,0,0,17-Apr-17
OPTSTK,JINDALSTEL,25-May-17,150,CE,0,0,0,10.8,1.35,0,0,0,0,17-Apr-17
OPTSTK,JINDALSTEL,25-May-17,155,CE,0,0,0,9.6,0.9,0,0,0,0,17-Apr-17
OPTSTK,JINDALSTEL,25-May-17,160,CE,0,0,0,5.35,0.65,0,0,0,0,17-Apr-17
OPTSTK,JINDALSTEL,25-May-17,87.5,PE,0,0,0,3.9,0.2,0,0,0,0,17-Apr-17
OPTSTK,JINDALSTEL,25-May-17,90,PE,0,0,0,4.55,0.3,0,0,0,0,17-Apr-17
OPTSTK,JINDALSTEL,25-May-17,92.5,PE,0,0,0,5.25,0.45,0,0,0,0,17-Apr-17
OPTSTK,JINDALSTEL,25-May-17,95,PE,0,0,0,6,0.65,0,0,0,0,17-Apr-17
OPTSTK,JINDALSTEL,25-May-17,97.5,PE,0,0,0,6.85,0.9,0,0,0,0,17-Apr-17
OPTSTK,JINDALSTEL,25-May-17,100,PE,0,0,0,0.55,1.2,0,0,18000,0,17-Apr-17
OPTSTK,JINDALSTEL,25-May-17,102.5,PE,0,0,0,8.75,1.6,0,0,0,0,17-Apr-17
OPTSTK,JINDALSTEL,25-May-17,105,PE,0,0,0,9.75,2.1,0,0,0,0,17-Apr-17
OPTSTK,JINDALSTEL,25-May-17,107.5,PE,0,0,0,10.9,2.7,0,0,0,0,17-Apr-17
OPTSTK,JINDALSTEL,25-May-17,110,PE,0,0,0,12.05,3.4,0,0,0,0,17-Apr-17
OPTSTK,JINDALSTEL,25-May-17,112.5,PE,0,0,0,13.3,4.25,0,0,0,0,17-Apr-17
OPTSTK,JINDALSTEL,25-May-17,115,PE,0,0,0,14.55,5.15,0,0,0,0,17-Apr-17
OPTSTK,JINDALSTEL,25-May-17,117.5,PE,0,0,0,15.9,6.25,0,0,0,0,17-Apr-17
OPTSTK,JINDALSTEL,25-May-17,120,PE,0,0,0,17.35,7.4,0,0,0,0,17-Apr-17
OPTSTK,JINDALSTEL,25-May-17,122.5,PE,0,0,0,18.8,8.7,0,0,0,0,17-Apr-17
OPTSTK,JINDALSTEL,25-May-17,125,PE,0,0,0,20.3,10.1,0,0,0,0,17-Apr-17
OPTSTK,JINDALSTEL,25-May-17,127.5,PE,0,0,0,21.9,11.65,0,0,0,0,17-Apr-17
OPTSTK,JINDALSTEL,25-May-17,130,PE,0,0,0,23.5,13.25,0,0,0,0,17-Apr-17
OPTSTK,JINDALSTEL,25-May-17,132.5,PE,0,0,0,25.2,15,0,0,0,0,17-Apr-17
OPTSTK,JINDALSTEL,25-May-17,135,PE,0,0,0,26.9,16.8,0,0,0,0,17-Apr-17
OPTSTK,JINDALSTEL,25-May-17,137.5,PE,0,0,0,28.65,18.7,0,0,0,0,17-Apr-17
OPTSTK,JINDALSTEL,25-May-17,140,PE,0,0,0,30.45,20.7,0,0,0,0,17-Apr-17
OPTSTK,JINDALSTEL,25-May-17,142.5,PE,0,0,0,32.35,22.75,0,0,0,0,17-Apr-17
OPTSTK,JINDALSTEL,25-May-17,145,PE,0,0,0,34.2,24.85,0,0,0,0,17-Apr-17
OPTSTK,JINDALSTEL,25-May-17,150,PE,0,0,0,33.75,29.25,0,0,0,0,17-Apr-17
OPTSTK,JINDALSTEL,25-May-17,155,PE,0,0,0,37.5,33.8,0,0,0,0,17-Apr-17
OPTSTK,JINDALSTEL,25-May-17,160,PE,0,0,0,33.5,38.45,0,0,0,0,17-Apr-17
OPTSTK,JINDALSTEL,29-Jun-17,90,CE,0,0,0,32.65,33.45,0,0,0,0,17-Apr-17
OPTSTK,JINDALSTEL,29-Jun-17,95,CE,0,0,0,28.75,29.25,0,0,0,0,17-Apr-17
OPTSTK,JINDALSTEL,29-Jun-17,100,CE,0,0,0,25.15,25.3,0,0,0,0,17-Apr-17
OPTSTK,JINDALSTEL,29-Jun-17,105,CE,0,0,0,21.85,21.65,0,0,0,0,17-Apr-17
OPTSTK,JINDALSTEL,29-Jun-17,110,CE,0,0,0,18.85,18.4,0,0,0,0,17-Apr-17
OPTSTK,JINDALSTEL,29-Jun-17,115,CE,0,0,0,16.15,15.45,0,0,0,0,17-Apr-17
OPTSTK,JINDALSTEL,29-Jun-17,120,CE,0,0,0,13.75,12.85,0,0,0,0,17-Apr-17
OPTSTK,JINDALSTEL,29-Jun-17,125,CE,0,0,0,11.65,10.6,0,0,0,0,17-Apr-17
OPTSTK,JINDALSTEL,29-Jun-17,130,CE,0,0,0,9.85,8.7,0,0,0,0,17-Apr-17
OPTSTK,JINDALSTEL,29-Jun-17,135,CE,0,0,0,8.25,7.05,0,0,0,0,17-Apr-17
OPTSTK,JINDALSTEL,29-Jun-17,140,CE,0,0,0,6.9,5.7,0,0,0,0,17-Apr-17
OPTSTK,JINDALSTEL,29-Jun-17,145,CE,0,0,0,5.75,4.55,0,0,0,0,17-Apr-17
OPTSTK,JINDALSTEL,29-Jun-17,150,CE,0,0,0,4.75,3.65,0,0,0,0,17-Apr-17
OPTSTK,JINDALSTEL,29-Jun-17,155,CE,0,0,0,3.95,2.9,0,0,0,0,17-Apr-17
OPTSTK,JINDALSTEL,29-Jun-17,160,CE,0,0,0,3.25,2.3,0,0,0,0,17-Apr-17
OPTSTK,JINDALSTEL,29-Jun-17,90,PE,0,0,0,2.2,1.2,0,0,0,0,17-Apr-17
OPTSTK,JINDALSTEL,29-Jun-17,95,PE,0,0,0,3.2,1.9,0,0,0,0,17-Apr-17
OPTSTK,JINDALSTEL,29-Jun-17,100,PE,0,0,0,4.5,2.9,0,0,0,0,17-Apr-17
OPTSTK,JINDALSTEL,29-Jun-17,105,PE,0,0,0,6.1,4.2,0,0,0,0,17-Apr-17
OPTSTK,JINDALSTEL,29-Jun-17,110,PE,0,0,0,8.05,5.85,0,0,0,0,17-Apr-17
OPTSTK,JINDALSTEL,29-Jun-17,115,PE,0,0,0,10.25,7.85,0,0,0,0,17-Apr-17
OPTSTK,JINDALSTEL,29-Jun-17,120,PE,0,0,0,12.8,10.2,0,0,0,0,17-Apr-17
OPTSTK,JINDALSTEL,29-Jun-17,125,PE,0,0,0,15.6,12.9,0,0,0,0,17-Apr-17
OPTSTK,JINDALSTEL,29-Jun-17,130,PE,0,0,0,18.7,15.9,0,0,0,0,17-Apr-17
OPTSTK,JINDALSTEL,29-Jun-17,135,PE,0,0,0,22.05,19.2,0,0,0,0,17-Apr-17
OPTSTK,JINDALSTEL,29-Jun-17,140,PE,0,0,0,25.6,22.8,0,0,0,0,17-Apr-17
OPTSTK,JINDALSTEL,29-Jun-17,145,PE,0,0,0,29.35,26.6,0,0,0,0,17-Apr-17
OPTSTK,JINDALSTEL,29-Jun-17,150,PE,0,0,0,33.3,30.6,0,0,0,0,17-Apr-17
OPTSTK,JINDALSTEL,29-Jun-17,155,PE,0,0,0,37.4,34.8,0,0,0,0,17-Apr-17
OPTSTK,JINDALSTEL,29-Jun-17,160,PE,0,0,0,41.6,39.1,0,0,0,0,17-Apr-17
OPTSTK,JISLJALEQS,27-Apr-17,60,CE,0,0,0,35.45,41.45,0,0,0,0,17-Apr-17
OPTSTK,JISLJALEQS,27-Apr-17,62.5,CE,0,0,0,30.85,39,0,0,0,0,17-Apr-17
OPTSTK,JISLJALEQS,27-Apr-17,65,CE,0,0,0,30.75,36.5,0,0,0,0,17-Apr-17
OPTSTK,JISLJALEQS,27-Apr-17,67.5,CE,0,0,0,25.85,34,0,0,0,0,17-Apr-17
OPTSTK,JISLJALEQS,27-Apr-17,70,CE,0,0,0,26.25,31.5,0,0,0,0,17-Apr-17
OPTSTK,JISLJALEQS,27-Apr-17,72.5,CE,0,0,0,20.9,29,0,0,0,0,17-Apr-17
OPTSTK,JISLJALEQS,27-Apr-17,75,CE,0,0,0,22,26.5,0,0,0,0,17-Apr-17
OPTSTK,JISLJALEQS,27-Apr-17,77.5,CE,0,0,0,15.9,24,0,0,0,0,17-Apr-17
OPTSTK,JISLJALEQS,27-Apr-17,80,CE,0,0,0,18.15,21.5,0,0,0,0,17-Apr-17
OPTSTK,JISLJALEQS,27-Apr-17,82.5,CE,0,0,0,11.05,19,0,0,0,0,17-Apr-17
OPTSTK,JISLJALEQS,27-Apr-17,85,CE,0,0,0,14.65,16.5,0,0,0,0,17-Apr-17
OPTSTK,JISLJALEQS,27-Apr-17,87.5,CE,0,0,0,6.7,14.05,0,0,0,0,17-Apr-17
OPTSTK,JISLJALEQS,27-Apr-17,90,CE,0,0,0,13.8,11.6,0,0,18000,0,17-Apr-17
OPTSTK,JISLJALEQS,27-Apr-17,92.5,CE,0,0,0,10.5,9.2,0,0,0,0,17-Apr-17
OPTSTK,JISLJALEQS,27-Apr-17,95,CE,6,7.25,6,7.15,7.15,4,36.65,216000,-9000,17-Apr-17
OPTSTK,JISLJALEQS,27-Apr-17,97.5,CE,0,0,0,6,5,0,0,18000,0,17-Apr-17
OPTSTK,JISLJALEQS,27-Apr-17,100,CE,2.9,3.9,2.5,3.8,3.8,40,371.6,1053000,63000,17-Apr-17
OPTSTK,JISLJALEQS,27-Apr-17,102.5,CE,1.6,2.6,1.45,2.35,2.35,20,188.23,360000,9000,17-Apr-17
OPTSTK,JISLJALEQS,27-Apr-17,105,CE,1.3,1.9,1,1.5,1.5,106,1014.64,1557000,90000,17-Apr-17
OPTSTK,JISLJALEQS,27-Apr-17,107.5,CE,0.9,1.1,0.75,1.1,1.1,6,58.55,297000,9000,17-Apr-17
OPTSTK,JISLJALEQS,27-Apr-17,110,CE,0.6,0.7,0.4,0.65,0.65,40,398.05,1620000,72000,17-Apr-17
OPTSTK,JISLJALEQS,27-Apr-17,112.5,CE,0.3,0.4,0.3,0.4,0.4,3,30.47,99000,9000,17-Apr-17
OPTSTK,JISLJALEQS,27-Apr-17,115,CE,0.25,0.25,0.2,0.25,0.25,5,51.85,414000,-27000,17-Apr-17
OPTSTK,JISLJALEQS,27-Apr-17,117.5,CE,0,0,0,0.1,0.05,0,0,45000,0,17-Apr-17
OPTSTK,JISLJALEQS,27-Apr-17,120,CE,0.15,0.15,0.15,0.15,0.15,2,21.62,270000,9000,17-Apr-17
OPTSTK,JISLJALEQS,27-Apr-17,122.5,CE,0,0,0,0.05,0,0,0,0,0,17-Apr-17
OPTSTK,JISLJALEQS,27-Apr-17,125,CE,0,0,0,0.25,0,0,0,18000,0,17-Apr-17
OPTSTK,JISLJALEQS,27-Apr-17,60,PE,0,0,0,0.15,0,0,0,0,0,17-Apr-17
OPTSTK,JISLJALEQS,27-Apr-17,62.5,PE,0,0,0,0.05,0,0,0,0,0,17-Apr-17
OPTSTK,JISLJALEQS,27-Apr-17,65,PE,0,0,0,0.35,0,0,0,0,0,17-Apr-17
OPTSTK,JISLJALEQS,27-Apr-17,67.5,PE,0,0,0,0.05,0,0,0,0,0,17-Apr-17
OPTSTK,JISLJALEQS,27-Apr-17,70,PE,0,0,0,0.8,0,0,0,0,0,17-Apr-17
OPTSTK,JISLJALEQS,27-Apr-17,72.5,PE,0,0,0,0.05,0,0,0,0,0,17-Apr-17
OPTSTK,JISLJALEQS,27-Apr-17,75,PE,0,0,0,0.2,0,0,0,0,0,17-Apr-17
OPTSTK,JISLJALEQS,27-Apr-17,77.5,PE,0,0,0,0.05,0,0,0,0,0,17-Apr-17
OPTSTK,JISLJALEQS,27-Apr-17,80,PE,0,0,0,0.2,0,0,0,0,0,17-Apr-17
OPTSTK,JISLJALEQS,27-Apr-17,82.5,PE,0,0,0,0.15,0,0,0,0,0,17-Apr-17
OPTSTK,JISLJALEQS,27-Apr-17,85,PE,0,0,0,0.1,0,0,0,63000,0,17-Apr-17
OPTSTK,JISLJALEQS,27-Apr-17,87.5,PE,0,0,0,0.15,0.05,0,0,0,0,17-Apr-17
OPTSTK,JISLJALEQS,27-Apr-17,90,PE,0.15,0.15,0.15,0.15,0.15,1,8.11,225000,9000,17-Apr-17
OPTSTK,JISLJALEQS,27-Apr-17,92.5,PE,0.2,0.2,0.2,0.2,0.2,1,8.34,36000,9000,17-Apr-17
OPTSTK,JISLJALEQS,27-Apr-17,95,PE,0.9,0.9,0.4,0.45,0.45,18,154.79,549000,-18000,17-Apr-17
OPTSTK,JISLJALEQS,27-Apr-17,97.5,PE,1.8,1.8,0.85,0.9,0.9,6,53.25,81000,9000,17-Apr-17
OPTSTK,JISLJALEQS,27-Apr-17,100,PE,2.75,2.75,1.65,1.7,1.7,24,220.49,675000,0,17-Apr-17
OPTSTK,JISLJALEQS,27-Apr-17,102.5,PE,4.3,4.3,3,3,3,5,47.67,63000,0,17-Apr-17
OPTSTK,JISLJALEQS,27-Apr-17,105,PE,5.75,5.75,5.5,5.65,5.65,3,29.87,72000,0,17-Apr-17
OPTSTK,JISLJALEQS,27-Apr-17,107.5,PE,0,0,0,14.1,6.6,0,0,0,0,17-Apr-17
OPTSTK,JISLJALEQS,27-Apr-17,110,PE,0,0,0,16.5,8.8,0,0,45000,0,17-Apr-17
OPTSTK,JISLJALEQS,27-Apr-17,112.5,PE,0,0,0,19,11.1,0,0,0,0,17-Apr-17
OPTSTK,JISLJALEQS,27-Apr-17,115,PE,0,0,0,20.6,13.5,0,0,9000,0,17-Apr-17
OPTSTK,JISLJALEQS,27-Apr-17,117.5,PE,0,0,0,23.95,16,0,0,0,0,17-Apr-17
OPTSTK,JISLJALEQS,27-Apr-17,120,PE,0,0,0,25.95,18.45,0,0,0,0,17-Apr-17
OPTSTK,JISLJALEQS,27-Apr-17,122.5,PE,0,0,0,28.9,20.95,0,0,0,0,17-Apr-17
OPTSTK,JISLJALEQS,27-Apr-17,125,PE,0,0,0,30.25,23.45,0,0,0,0,17-Apr-17
OPTSTK,JISLJALEQS,25-May-17,60,CE,0,0,0,34.55,41.75,0,0,0,0,17-Apr-17
OPTSTK,JISLJALEQS,25-May-17,62.5,CE,0,0,0,31.15,39.3,0,0,0,0,17-Apr-17
OPTSTK,JISLJALEQS,25-May-17,65,CE,0,0,0,29.7,36.8,0,0,0,0,17-Apr-17
OPTSTK,JISLJALEQS,25-May-17,67.5,CE,0,0,0,26.2,34.35,0,0,0,0,17-Apr-17
OPTSTK,JISLJALEQS,25-May-17,70,CE,0,0,0,24.9,31.85,0,0,0,0,17-Apr-17
OPTSTK,JISLJALEQS,25-May-17,72.5,CE,0,0,0,21.3,29.35,0,0,0,0,17-Apr-17
OPTSTK,JISLJALEQS,25-May-17,75,CE,0,0,0,20.25,26.9,0,0,0,0,17-Apr-17
OPTSTK,JISLJALEQS,25-May-17,77.5,CE,0,0,0,16.45,24.45,0,0,0,0,17-Apr-17
OPTSTK,JISLJALEQS,25-May-17,80,CE,0,0,0,15.95,22,0,0,0,0,17-Apr-17
OPTSTK,JISLJALEQS,25-May-17,82.5,CE,0,0,0,11.9,19.6,0,0,0,0,17-Apr-17
OPTSTK,JISLJALEQS,25-May-17,85,CE,0,0,0,12.1,17.25,0,0,0,0,17-Apr-17
OPTSTK,JISLJALEQS,25-May-17,87.5,CE,0,0,0,7.9,15,0,0,0,0,17-Apr-17
OPTSTK,JISLJALEQS,25-May-17,90,CE,0,0,0,8.8,12.85,0,0,0,0,17-Apr-17
OPTSTK,JISLJALEQS,25-May-17,92.5,CE,0,0,0,4.75,10.85,0,0,0,0,17-Apr-17
OPTSTK,JISLJALEQS,25-May-17,95,CE,0,0,0,6.15,9,0,0,0,0,17-Apr-17
OPTSTK,JISLJALEQS,25-May-17,97.5,CE,0,0,0,6.5,7.35,0,0,9000,0,17-Apr-17
OPTSTK,JISLJALEQS,25-May-17,100,CE,0,0,0,7,5.9,0,0,9000,0,17-Apr-17
OPTSTK,JISLJALEQS,25-May-17,102.5,CE,0,0,0,1.25,4.65,0,0,0,0,17-Apr-17
OPTSTK,JISLJALEQS,25-May-17,105,CE,3.3,3.3,3.3,3.3,3.3,1,9.74,9000,9000,17-Apr-17
OPTSTK,JISLJALEQS,25-May-17,107.5,CE,0,0,0,0.55,2.75,0,0,0,0,17-Apr-17
OPTSTK,JISLJALEQS,25-May-17,110,CE,0,0,0,1.7,2.05,0,0,0,0,17-Apr-17
OPTSTK,JISLJALEQS,25-May-17,112.5,CE,0,0,0,0.25,1.55,0,0,0,0,17-Apr-17
OPTSTK,JISLJALEQS,25-May-17,115,CE,0,0,0,1.05,1.1,0,0,0,0,17-Apr-17
OPTSTK,JISLJALEQS,25-May-17,117.5,CE,0,0,0,0.1,0.8,0,0,0,0,17-Apr-17
OPTSTK,JISLJALEQS,25-May-17,120,CE,0,0,0,0.6,0.55,0,0,0,0,17-Apr-17
OPTSTK,JISLJALEQS,25-May-17,122.5,CE,0,0,0,0.05,0.4,0,0,0,0,17-Apr-17
OPTSTK,JISLJALEQS,25-May-17,125,CE,0,0,0,0.35,0.25,0,0,0,0,17-Apr-17
OPTSTK,JISLJALEQS,25-May-17,60,PE,0,0,0,0.05,0,0,0,0,0,17-Apr-17
OPTSTK,JISLJALEQS,25-May-17,62.5,PE,0,0,0,0.05,0,0,0,0,0,17-Apr-17
OPTSTK,JISLJALEQS,25-May-17,65,PE,0,0,0,0.05,0,0,0,0,0,17-Apr-17
OPTSTK,JISLJALEQS,25-May-17,67.5,PE,0,0,0,0.05,0,0,0,0,0,17-Apr-17
OPTSTK,JISLJALEQS,25-May-17,70,PE,0,0,0,0.2,0,0,0,0,0,17-Apr-17
OPTSTK,JISLJALEQS,25-May-17,72.5,PE,0,0,0,0.05,0.05,0,0,0,0,17-Apr-17
OPTSTK,JISLJALEQS,25-May-17,75,PE,0,0,0,0.45,0.05,0,0,0,0,17-Apr-17
OPTSTK,JISLJALEQS,25-May-17,77.5,PE,0,0,0,0.15,0.05,0,0,0,0,17-Apr-17
OPTSTK,JISLJALEQS,25-May-17,80,PE,0,0,0,2.8,0.1,0,0,0,0,17-Apr-17
OPTSTK,JISLJALEQS,25-May-17,82.5,PE,0,0,0,0.55,0.2,0,0,0,0,17-Apr-17
OPTSTK,JISLJALEQS,25-May-17,85,PE,0,0,0,2.15,0.35,0,0,0,0,17-Apr-17
OPTSTK,JISLJALEQS,25-May-17,87.5,PE,0,0,0,1.5,0.55,0,0,0,0,17-Apr-17
OPTSTK,JISLJALEQS,25-May-17,90,PE,0,0,0,3.8,0.9,0,0,0,0,17-Apr-17
OPTSTK,JISLJALEQS,25-May-17,92.5,PE,0,0,0,3.3,1.4,0,0,0,0,17-Apr-17
OPTSTK,JISLJALEQS,25-May-17,95,PE,0,0,0,6.1,2,0,0,0,0,17-Apr-17
OPTSTK,JISLJALEQS,25-May-17,97.5,PE,0,0,0,6.1,2.85,0,0,0,0,17-Apr-17
OPTSTK,JISLJALEQS,25-May-17,100,PE,0,0,0,9,3.9,0,0,0,0,17-Apr-17
OPTSTK,JISLJALEQS,25-May-17,102.5,PE,0,0,0,9.7,5.1,0,0,0,0,17-Apr-17
OPTSTK,JISLJALEQS,25-May-17,105,PE,0,0,0,12.45,6.55,0,0,0,0,17-Apr-17
OPTSTK,JISLJALEQS,25-May-17,107.5,PE,0,0,0,13.95,8.2,0,0,0,0,17-Apr-17
OPTSTK,JISLJALEQS,25-May-17,110,PE,0,0,0,16.4,10,0,0,0,0,17-Apr-17
OPTSTK,JISLJALEQS,25-May-17,112.5,PE,0,0,0,18.6,11.9,0,0,0,0,17-Apr-17
OPTSTK,JISLJALEQS,25-May-17,115,PE,0,0,0,20.65,14,0,0,0,0,17-Apr-17
OPTSTK,JISLJALEQS,25-May-17,117.5,PE,0,0,0,23.4,16.15,0,0,0,0,17-Apr-17
OPTSTK,JISLJALEQS,25-May-17,120,PE,0,0,0,25.15,18.4,0,0,0,0,17-Apr-17
OPTSTK,JISLJALEQS,25-May-17,122.5,PE,0,0,0,28.3,20.7,0,0,0,0,17-Apr-17
OPTSTK,JISLJALEQS,25-May-17,125,PE,0,0,0,29.8,23.1,0,0,0,0,17-Apr-17
OPTSTK,JISLJALEQS,29-Jun-17,60,CE,0,0,0,34,42.15,0,0,0,0,17-Apr-17
OPTSTK,JISLJALEQS,29-Jun-17,62.5,CE,0,0,0,31.55,39.7,0,0,0,0,17-Apr-17
OPTSTK,JISLJALEQS,29-Jun-17,65,CE,0,0,0,29.1,37.2,0,0,0,0,17-Apr-17
OPTSTK,JISLJALEQS,29-Jun-17,67.5,CE,0,0,0,26.65,34.75,0,0,0,0,17-Apr-17
OPTSTK,JISLJALEQS,29-Jun-17,70,CE,0,0,0,24.25,32.35,0,0,0,0,17-Apr-17
OPTSTK,JISLJALEQS,29-Jun-17,72.5,CE,0,0,0,21.85,29.9,0,0,0,0,17-Apr-17
OPTSTK,JISLJALEQS,29-Jun-17,75,CE,0,0,0,19.45,27.5,0,0,0,0,17-Apr-17
OPTSTK,JISLJALEQS,29-Jun-17,77.5,CE,0,0,0,17.2,25.15,0,0,0,0,17-Apr-17
OPTSTK,JISLJALEQS,29-Jun-17,80,CE,0,0,0,15,22.85,0,0,0,0,17-Apr-17
OPTSTK,JISLJALEQS,29-Jun-17,82.5,CE,0,0,0,12.9,20.6,0,0,0,0,17-Apr-17
OPTSTK,JISLJALEQS,29-Jun-17,85,CE,0,0,0,10.95,18.45,0,0,0,0,17-Apr-17
OPTSTK,JISLJALEQS,29-Jun-17,87.5,CE,0,0,0,9.15,16.4,0,0,0,0,17-Apr-17
OPTSTK,JISLJALEQS,29-Jun-17,90,CE,0,0,0,7.55,14.45,0,0,0,0,17-Apr-17
OPTSTK,JISLJALEQS,29-Jun-17,92.5,CE,0,0,0,6.15,12.65,0,0,0,0,17-Apr-17
OPTSTK,JISLJALEQS,29-Jun-17,95,CE,0,0,0,4.9,10.95,0,0,0,0,17-Apr-17
OPTSTK,JISLJALEQS,29-Jun-17,97.5,CE,0,0,0,3.85,9.45,0,0,0,0,17-Apr-17
OPTSTK,JISLJALEQS,29-Jun-17,100,CE,0,0,0,3,8.05,0,0,0,0,17-Apr-17
OPTSTK,JISLJALEQS,29-Jun-17,102.5,CE,0,0,0,2.3,6.85,0,0,0,0,17-Apr-17
OPTSTK,JISLJALEQS,29-Jun-17,105,CE,0,0,0,1.75,5.75,0,0,0,0,17-Apr-17
OPTSTK,JISLJALEQS,29-Jun-17,107.5,CE,0,0,0,1.3,4.8,0,0,0,0,17-Apr-17
OPTSTK,JISLJALEQS,29-Jun-17,110,CE,0,0,0,0.95,3.95,0,0,0,0,17-Apr-17
OPTSTK,JISLJALEQS,29-Jun-17,112.5,CE,0,0,0,0.7,3.25,0,0,0,0,17-Apr-17
OPTSTK,JISLJALEQS,29-Jun-17,115,CE,0,0,0,0.5,2.65,0,0,0,0,17-Apr-17
OPTSTK,JISLJALEQS,29-Jun-17,117.5,CE,0,0,0,0.35,2.15,0,0,0,0,17-Apr-17
OPTSTK,JISLJALEQS,29-Jun-17,120,CE,0,0,0,0.25,1.75,0,0,0,0,17-Apr-17
OPTSTK,JISLJALEQS,29-Jun-17,122.5,CE,0,0,0,0.2,1.4,0,0,0,0,17-Apr-17
OPTSTK,JISLJALEQS,29-Jun-17,125,CE,0,0,0,0.15,1.1,0,0,0,0,17-Apr-17
OPTSTK,JISLJALEQS,29-Jun-17,60,PE,0,0,0,0.05,0,0,0,0,0,17-Apr-17
OPTSTK,JISLJALEQS,29-Jun-17,62.5,PE,0,0,0,0.05,0.05,0,0,0,0,17-Apr-17
OPTSTK,JISLJALEQS,29-Jun-17,65,PE,0,0,0,0.05,0.05,0,0,0,0,17-Apr-17
OPTSTK,JISLJALEQS,29-Jun-17,67.5,PE,0,0,0,0.05,0.05,0,0,0,0,17-Apr-17
OPTSTK,JISLJALEQS,29-Jun-17,70,PE,0,0,0,0.1,0.05,0,0,0,0,17-Apr-17
OPTSTK,JISLJALEQS,29-Jun-17,72.5,PE,0,0,0,0.15,0.1,0,0,0,0,17-Apr-17
OPTSTK,JISLJALEQS,29-Jun-17,75,PE,0,0,0,0.25,0.2,0,0,0,0,17-Apr-17
OPTSTK,JISLJALEQS,29-Jun-17,77.5,PE,0,0,0,0.4,0.3,0,0,0,0,17-Apr-17
OPTSTK,JISLJALEQS,29-Jun-17,80,PE,0,0,0,0.65,0.45,0,0,0,0,17-Apr-17
OPTSTK,JISLJALEQS,29-Jun-17,82.5,PE,0,0,0,1.05,0.7,0,0,0,0,17-Apr-17
OPTSTK,JISLJALEQS,29-Jun-17,85,PE,0,0,0,1.55,1,0,0,0,0,17-Apr-17
OPTSTK,JISLJALEQS,29-Jun-17,87.5,PE,0,0,0,2.2,1.4,0,0,0,0,17-Apr-17
OPTSTK,JISLJALEQS,29-Jun-17,90,PE,0,0,0,3.05,1.95,0,0,0,0,17-Apr-17
OPTSTK,JISLJALEQS,29-Jun-17,92.5,PE,0,0,0,4.1,2.6,0,0,0,0,17-Apr-17
OPTSTK,JISLJALEQS,29-Jun-17,95,PE,0,0,0,5.35,3.4,0,0,0,0,17-Apr-17
OPTSTK,JISLJALEQS,29-Jun-17,97.5,PE,0,0,0,6.75,4.35,0,0,0,0,17-Apr-17
OPTSTK,JISLJALEQS,29-Jun-17,100,PE,0,0,0,8.35,5.4,0,0,0,0,17-Apr-17
OPTSTK,JISLJALEQS,29-Jun-17,102.5,PE,0,0,0,10.1,6.65,0,0,0,0,17-Apr-17
OPTSTK,JISLJALEQS,29-Jun-17,105,PE,0,0,0,12,8.05,0,0,0,0,17-Apr-17
OPTSTK,JISLJALEQS,29-Jun-17,107.5,PE,0,0,0,14.05,9.55,0,0,0,0,17-Apr-17
OPTSTK,JISLJALEQS,29-Jun-17,110,PE,0,0,0,16.15,11.2,0,0,0,0,17-Apr-17
OPTSTK,JISLJALEQS,29-Jun-17,112.5,PE,0,0,0,18.35,12.95,0,0,0,0,17-Apr-17
OPTSTK,JISLJALEQS,29-Jun-17,115,PE,0,0,0,20.6,14.8,0,0,0,0,17-Apr-17
OPTSTK,JISLJALEQS,29-Jun-17,117.5,PE,0,0,0,22.95,16.8,0,0,0,0,17-Apr-17
OPTSTK,JISLJALEQS,29-Jun-17,120,PE,0,0,0,25.3,18.85,0,0,0,0,17-Apr-17
OPTSTK,JISLJALEQS,29-Jun-17,122.5,PE,0,0,0,27.65,20.95,0,0,0,0,17-Apr-17
OPTSTK,JISLJALEQS,29-Jun-17,125,PE,0,0,0,30.05,23.15,0,0,0,0,17-Apr-17
OPTSTK,JPASSOCIAT,27-Apr-17,2.5,CE,0,0,0,8.3,10.15,0,0,0,0,17-Apr-17
OPTSTK,JPASSOCIAT,27-Apr-17,5,CE,0,0,0,5.9,7.7,0,0,0,0,17-Apr-17
OPTSTK,JPASSOCIAT,27-Apr-17,7.5,CE,0,0,0,3.7,5.2,0,0,0,0,17-Apr-17
OPTSTK,JPASSOCIAT,27-Apr-17,10,CE,0,0,0,3.25,2.7,0,0,136000,0,17-Apr-17
OPTSTK,JPASSOCIAT,27-Apr-17,12.5,CE,0.7,0.7,0.45,0.6,0.6,91,806.27,6120000,2312000,17-Apr-17
OPTSTK,JPASSOCIAT,27-Apr-17,15,CE,0.1,0.1,0.05,0.1,0.1,72,739.26,22440000,2244000,17-Apr-17
OPTSTK,JPASSOCIAT,27-Apr-17,17.5,CE,0.05,0.05,0.05,0.05,0.05,1,11.93,24412000,68000,17-Apr-17
OPTSTK,JPASSOCIAT,27-Apr-17,20,CE,0,0,0,0.05,0,0,0,6528000,0,17-Apr-17
OPTSTK,JPASSOCIAT,27-Apr-17,22.5,CE,0,0,0,0.1,0,0,0,0,0,17-Apr-17
OPTSTK,JPASSOCIAT,27-Apr-17,25,CE,0,0,0,0.05,0,0,0,0,0,17-Apr-17
OPTSTK,JPASSOCIAT,27-Apr-17,27.5,CE,0,0,0,0.05,0,0,0,0,0,17-Apr-17
OPTSTK,JPASSOCIAT,27-Apr-17,30,CE,0,0,0,0.05,0,0,0,204000,0,17-Apr-17
OPTSTK,JPASSOCIAT,27-Apr-17,2.5,PE,0,0,0,0.05,0,0,0,0,0,17-Apr-17
OPTSTK,JPASSOCIAT,27-Apr-17,5,PE,0,0,0,0.05,0,0,0,0,0,17-Apr-17
OPTSTK,JPASSOCIAT,27-Apr-17,7.5,PE,0,0,0,0.05,0,0,0,68000,0,17-Apr-17
OPTSTK,JPASSOCIAT,27-Apr-17,10,PE,0.05,0.05,0.05,0.05,0.05,6,41,12036000,0,17-Apr-17
OPTSTK,JPASSOCIAT,27-Apr-17,12.5,PE,0.45,0.55,0.35,0.35,0.35,43,377.97,5236000,272000,17-Apr-17
OPTSTK,JPASSOCIAT,27-Apr-17,15,PE,0,0,0,2.3,2.4,0,0,3128000,0,17-Apr-17
OPTSTK,JPASSOCIAT,27-Apr-17,17.5,PE,0,0,0,3.6,4.85,0,0,340000,0,17-Apr-17
OPTSTK,JPASSOCIAT,27-Apr-17,20,PE,0,0,0,6.1,7.35,0,0,408000,0,17-Apr-17
OPTSTK,JPASSOCIAT,27-Apr-17,22.5,PE,0,0,0,11.5,9.85,0,0,0,0,17-Apr-17
OPTSTK,JPASSOCIAT,27-Apr-17,25,PE,0,0,0,13.9,12.35,0,0,0,0,17-Apr-17
OPTSTK,JPASSOCIAT,27-Apr-17,27.5,PE,0,0,0,16.35,14.8,0,0,0,0,17-Apr-17
OPTSTK,JPASSOCIAT,27-Apr-17,30,PE,0,0,0,18.8,17.3,0,0,0,0,17-Apr-17
OPTSTK,JPASSOCIAT,25-May-17,2.5,CE,0,0,0,12.3,10.2,0,0,0,0,17-Apr-17
OPTSTK,JPASSOCIAT,25-May-17,5,CE,0,0,0,9.85,7.7,0,0,0,0,17-Apr-17
OPTSTK,JPASSOCIAT,25-May-17,7.5,CE,0,0,0,7.6,5.25,0,0,0,0,17-Apr-17
OPTSTK,JPASSOCIAT,25-May-17,10,CE,0,0,0,5.65,2.95,0,0,0,0,17-Apr-17
OPTSTK,JPASSOCIAT,25-May-17,12.5,CE,0,0,0,1,1.3,0,0,136000,0,17-Apr-17
OPTSTK,JPASSOCIAT,25-May-17,15,CE,0.4,0.4,0.4,0.4,0.4,3,31.41,1292000,136000,17-Apr-17
OPTSTK,JPASSOCIAT,25-May-17,17.5,CE,0,0,0,2.1,0.15,0,0,0,0,17-Apr-17
OPTSTK,JPASSOCIAT,25-May-17,20,CE,0.1,0.1,0.1,0.1,0.1,3,41,1292000,204000,17-Apr-17
OPTSTK,JPASSOCIAT,25-May-17,22.5,CE,0,0,0,1.1,0.05,0,0,0,0,17-Apr-17
OPTSTK,JPASSOCIAT,25-May-17,25,CE,0,0,0,0.8,0,0,0,0,0,17-Apr-17
OPTSTK,JPASSOCIAT,25-May-17,27.5,CE,0,0,0,0.55,0,0,0,0,0,17-Apr-17
OPTSTK,JPASSOCIAT,25-May-17,30,CE,0,0,0,0.4,0,0,0,0,0,17-Apr-17
OPTSTK,JPASSOCIAT,25-May-17,2.5,PE,0,0,0,0.05,0,0,0,0,0,17-Apr-17
OPTSTK,JPASSOCIAT,25-May-17,5,PE,0,0,0,0.05,0,0,0,0,0,17-Apr-17
OPTSTK,JPASSOCIAT,25-May-17,7.5,PE,0,0,0,0.15,0.05,0,0,0,0,17-Apr-17
OPTSTK,JPASSOCIAT,25-May-17,10,PE,0,0,0,0.15,0.25,0,0,680000,0,17-Apr-17
OPTSTK,JPASSOCIAT,25-May-17,12.5,PE,0.85,0.85,0.85,0.85,0.85,1,9.07,0,-68000,17-Apr-17
OPTSTK,JPASSOCIAT,25-May-17,15,PE,0,0,0,2.4,2.75,0,0,136000,0,17-Apr-17
OPTSTK,JPASSOCIAT,25-May-17,17.5,PE,0,0,0,4.6,4.9,0,0,0,0,17-Apr-17
OPTSTK,JPASSOCIAT,25-May-17,20,PE,0,0,0,6.45,7.25,0,0,0,0,17-Apr-17
OPTSTK,JPASSOCIAT,25-May-17,22.5,PE,0,0,0,8.5,9.75,0,0,0,0,17-Apr-17
OPTSTK,JPASSOCIAT,25-May-17,25,PE,0,0,0,10.65,12.2,0,0,0,0,17-Apr-17
OPTSTK,JPASSOCIAT,25-May-17,27.5,PE,0,0,0,12.9,14.7,0,0,0,0,17-Apr-17
OPTSTK,JPASSOCIAT,25-May-17,30,PE,0,0,0,15.2,17.15,0,0,0,0,17-Apr-17
OPTSTK,JPASSOCIAT,29-Jun-17,2.5,CE,0,0,0,11.5,10.2,0,0,0,0,17-Apr-17
OPTSTK,JPASSOCIAT,29-Jun-17,5,CE,0,0,0,9.05,7.75,0,0,0,0,17-Apr-17
OPTSTK,JPASSOCIAT,29-Jun-17,7.5,CE,0,0,0,6.65,5.35,0,0,0,0,17-Apr-17
OPTSTK,JPASSOCIAT,29-Jun-17,10,CE,0,0,0,4.6,3.25,0,0,0,0,17-Apr-17
OPTSTK,JPASSOCIAT,29-Jun-17,12.5,CE,0,0,0,2.95,1.8,0,0,0,0,17-Apr-17
OPTSTK,JPASSOCIAT,29-Jun-17,15,CE,0,0,0,1.85,0.9,0,0,0,0,17-Apr-17
OPTSTK,JPASSOCIAT,29-Jun-17,17.5,CE,0,0,0,1.1,0.45,0,0,0,0,17-Apr-17
OPTSTK,JPASSOCIAT,29-Jun-17,20,CE,0,0,0,0.6,0.2,0,0,0,0,17-Apr-17
OPTSTK,JPASSOCIAT,29-Jun-17,22.5,CE,0,0,0,0.4,0.1,0,0,0,0,17-Apr-17
OPTSTK,JPASSOCIAT,29-Jun-17,25,CE,0,0,0,0.25,0.05,0,0,0,0,17-Apr-17
OPTSTK,JPASSOCIAT,29-Jun-17,27.5,CE,0,0,0,0.15,0.05,0,0,0,0,17-Apr-17
OPTSTK,JPASSOCIAT,29-Jun-17,30,CE,0,0,0,0.1,0.05,0,0,0,0,17-Apr-17
OPTSTK,JPASSOCIAT,29-Jun-17,2.5,PE,0,0,0,0.05,0,0,0,0,0,17-Apr-17
OPTSTK,JPASSOCIAT,29-Jun-17,5,PE,0,0,0,0.05,0,0,0,0,0,17-Apr-17
OPTSTK,JPASSOCIAT,29-Jun-17,7.5,PE,0,0,0,0.1,0.1,0,0,0,0,17-Apr-17
OPTSTK,JPASSOCIAT,29-Jun-17,10,PE,0,0,0,0.45,0.5,0,0,0,0,17-Apr-17
OPTSTK,JPASSOCIAT,29-Jun-17,12.5,PE,0,0,0,1.3,1.5,0,0,0,0,17-Apr-17
OPTSTK,JPASSOCIAT,29-Jun-17,15,PE,0,0,0,2.65,3.1,0,0,0,0,17-Apr-17
OPTSTK,JPASSOCIAT,29-Jun-17,17.5,PE,0,0,0,4.35,5.1,0,0,0,0,17-Apr-17
OPTSTK,JPASSOCIAT,29-Jun-17,20,PE,0,0,0,6.4,7.3,0,0,0,0,17-Apr-17
OPTSTK,JPASSOCIAT,29-Jun-17,22.5,PE,0,0,0,8.6,9.65,0,0,0,0,17-Apr-17
OPTSTK,JPASSOCIAT,29-Jun-17,25,PE,0,0,0,10.9,12.1,0,0,0,0,17-Apr-17
OPTSTK,JPASSOCIAT,29-Jun-17,27.5,PE,0,0,0,13.25,14.55,0,0,0,0,17-Apr-17
OPTSTK,JPASSOCIAT,29-Jun-17,30,PE,0,0,0,15.65,17,0,0,0,0,17-Apr-17
OPTSTK,JSWENERGY,27-Apr-17,37.5,CE,0,0,0,23.5,26,0,0,0,0,17-Apr-17
OPTSTK,JSWENERGY,27-Apr-17,40,CE,0,0,0,21.1,23.5,0,0,0,0,17-Apr-17
OPTSTK,JSWENERGY,27-Apr-17,42.5,CE,0,0,0,18.8,21,0,0,0,0,17-Apr-17
OPTSTK,JSWENERGY,27-Apr-17,45,CE,0,0,0,16.55,18.5,0,0,0,0,17-Apr-17
OPTSTK,JSWENERGY,27-Apr-17,47.5,CE,0,0,0,14.45,16,0,0,0,0,17-Apr-17
OPTSTK,JSWENERGY,27-Apr-17,50,CE,0,0,0,12.45,13.5,0,0,0,0,17-Apr-17
OPTSTK,JSWENERGY,27-Apr-17,52.5,CE,0,0,0,10.65,11,0,0,0,0,17-Apr-17
OPTSTK,JSWENERGY,27-Apr-17,55,CE,0,0,0,8.3,8.5,0,0,16000,0,17-Apr-17
OPTSTK,JSWENERGY,27-Apr-17,57.5,CE,6.3,6.3,6.3,6.3,6.3,2,10.2,16000,16000,17-Apr-17
OPTSTK,JSWENERGY,27-Apr-17,60,CE,4,4,4,4,4,1,5.12,208000,8000,17-Apr-17
OPTSTK,JSWENERGY,27-Apr-17,62.5,CE,2.2,2.2,2.1,2.1,2.1,2,10.34,120000,8000,17-Apr-17
OPTSTK,JSWENERGY,27-Apr-17,65,CE,1.6,1.95,1,1.15,1.15,87,461.97,1160000,184000,17-Apr-17
OPTSTK,JSWENERGY,27-Apr-17,67.5,CE,0.85,0.95,0.55,0.6,0.6,67,365.74,1320000,96000,17-Apr-17
OPTSTK,JSWENERGY,27-Apr-17,70,CE,0.5,0.55,0.35,0.4,0.4,52,293,2720000,64000,17-Apr-17
OPTSTK,JSWENERGY,27-Apr-17,72.5,CE,0.25,0.35,0.25,0.25,0.25,16,93.17,488000,48000,17-Apr-17
OPTSTK,JSWENERGY,27-Apr-17,75,CE,0.2,0.2,0.1,0.1,0.1,27,162.37,976000,32000,17-Apr-17
OPTSTK,JSWENERGY,27-Apr-17,77.5,CE,0,0,0,0.15,0,0,0,80000,0,17-Apr-17
OPTSTK,JSWENERGY,27-Apr-17,80,CE,0.05,0.05,0.05,0.05,0.05,6,38.42,120000,40000,17-Apr-17
OPTSTK,JSWENERGY,27-Apr-17,82.5,CE,0,0,0,0.8,0,0,0,0,0,17-Apr-17
OPTSTK,JSWENERGY,27-Apr-17,85,CE,0.05,0.05,0.05,0.05,0.05,4,27.21,32000,32000,17-Apr-17
OPTSTK,JSWENERGY,27-Apr-17,37.5,PE,0,0,0,0.1,0,0,0,0,0,17-Apr-17
OPTSTK,JSWENERGY,27-Apr-17,40,PE,0,0,0,0.15,0,0,0,0,0,17-Apr-17
OPTSTK,JSWENERGY,27-Apr-17,42.5,PE,0.05,0.05,0.05,0.05,0.05,37,125.94,296000,296000,17-Apr-17
OPTSTK,JSWENERGY,27-Apr-17,45,PE,0,0,0,0.55,0,0,0,0,0,17-Apr-17
OPTSTK,JSWENERGY,27-Apr-17,47.5,PE,0.05,0.05,0.05,0.05,0.05,37,140.74,296000,296000,17-Apr-17
OPTSTK,JSWENERGY,27-Apr-17,50,PE,0,0,0,1.35,0,0,0,0,0,17-Apr-17
OPTSTK,JSWENERGY,27-Apr-17,52.5,PE,0,0,0,0.05,0,0,0,8000,0,17-Apr-17
OPTSTK,JSWENERGY,27-Apr-17,55,PE,0.05,0.05,0.05,0.05,0.05,1,4.4,152000,0,17-Apr-17
OPTSTK,JSWENERGY,27-Apr-17,57.5,PE,0.2,0.2,0.1,0.1,0.1,3,13.83,48000,24000,17-Apr-17
OPTSTK,JSWENERGY,27-Apr-17,60,PE,0.3,0.4,0.2,0.4,0.4,17,82,672000,48000,17-Apr-17
OPTSTK,JSWENERGY,27-Apr-17,62.5,PE,0.85,1.1,0.75,1,1,33,167.38,816000,48000,17-Apr-17
OPTSTK,JSWENERGY,27-Apr-17,65,PE,2.05,2.5,1.5,2.2,2.2,31,166.28,768000,-16000,17-Apr-17
OPTSTK,JSWENERGY,27-Apr-17,67.5,PE,4.1,4.45,4.1,4.45,4.45,5,28.66,424000,0,17-Apr-17
OPTSTK,JSWENERGY,27-Apr-17,70,PE,6.55,6.55,6.55,6.55,6.55,1,6.12,184000,0,17-Apr-17
OPTSTK,JSWENERGY,27-Apr-17,72.5,PE,0,0,0,5.35,9,0,0,8000,0,17-Apr-17
OPTSTK,JSWENERGY,27-Apr-17,75,PE,0,0,0,12,11.5,0,0,144000,0,17-Apr-17
OPTSTK,JSWENERGY,27-Apr-17,77.5,PE,0,0,0,14,14,0,0,8000,0,17-Apr-17
OPTSTK,JSWENERGY,27-Apr-17,80,PE,0,0,0,17.45,16.5,0,0,24000,0,17-Apr-17
OPTSTK,JSWENERGY,27-Apr-17,82.5,PE,0,0,0,18.75,19,0,0,48000,0,17-Apr-17
OPTSTK,JSWENERGY,27-Apr-17,85,PE,0,0,0,23.9,21.45,0,0,0,0,17-Apr-17
OPTSTK,JSWENERGY,25-May-17,37.5,CE,0,0,0,25.8,26.15,0,0,0,0,17-Apr-17
OPTSTK,JSWENERGY,25-May-17,40,CE,0,0,0,23.35,23.7,0,0,0,0,17-Apr-17
OPTSTK,JSWENERGY,25-May-17,42.5,CE,0,0,0,20.95,21.2,0,0,0,0,17-Apr-17
OPTSTK,JSWENERGY,25-May-17,45,CE,0,0,0,18.55,18.75,0,0,0,0,17-Apr-17
OPTSTK,JSWENERGY,25-May-17,47.5,CE,0,0,0,16.2,16.25,0,0,0,0,17-Apr-17
OPTSTK,JSWENERGY,25-May-17,50,CE,0,0,0,13.95,13.8,0,0,0,0,17-Apr-17
OPTSTK,JSWENERGY,25-May-17,52.5,CE,0,0,0,11.85,11.4,0,0,0,0,17-Apr-17
OPTSTK,JSWENERGY,25-May-17,55,CE,0,0,0,9.85,9.1,0,0,0,0,17-Apr-17
OPTSTK,JSWENERGY,25-May-17,57.5,CE,0,0,0,8.1,6.95,0,0,0,0,17-Apr-17
OPTSTK,JSWENERGY,25-May-17,60,CE,0,0,0,6.55,5.1,0,0,0,0,17-Apr-17
OPTSTK,JSWENERGY,25-May-17,62.5,CE,0,0,0,5.2,3.55,0,0,0,0,17-Apr-17
OPTSTK,JSWENERGY,25-May-17,65,CE,0,0,0,4.05,2.35,0,0,0,0,17-Apr-17
OPTSTK,JSWENERGY,25-May-17,67.5,CE,0,0,0,3.1,1.45,0,0,0,0,17-Apr-17
OPTSTK,JSWENERGY,25-May-17,70,CE,0,0,0,2.35,0.9,0,0,0,0,17-Apr-17
OPTSTK,JSWENERGY,25-May-17,72.5,CE,0,0,0,1.75,0.5,0,0,0,0,17-Apr-17
OPTSTK,JSWENERGY,25-May-17,75,CE,0,0,0,1.3,0.3,0,0,0,0,17-Apr-17
OPTSTK,JSWENERGY,25-May-17,77.5,CE,0,0,0,0.95,0.15,0,0,0,0,17-Apr-17
OPTSTK,JSWENERGY,25-May-17,80,CE,0,0,0,0.7,0.1,0,0,0,0,17-Apr-17
OPTSTK,JSWENERGY,25-May-17,82.5,CE,0,0,0,0.5,0.05,0,0,0,0,17-Apr-17
OPTSTK,JSWENERGY,25-May-17,85,CE,0,0,0,0.35,0.05,0,0,0,0,17-Apr-17
OPTSTK,JSWENERGY,25-May-17,37.5,PE,0,0,0,0.05,0,0,0,0,0,17-Apr-17
OPTSTK,JSWENERGY,25-May-17,40,PE,0,0,0,0.05,0,0,0,0,0,17-Apr-17
OPTSTK,JSWENERGY,25-May-17,42.5,PE,0,0,0,0.05,0,0,0,0,0,17-Apr-17
OPTSTK,JSWENERGY,25-May-17,45,PE,0,0,0,0.15,0,0,0,0,0,17-Apr-17
OPTSTK,JSWENERGY,25-May-17,47.5,PE,0,0,0,0.25,0.05,0,0,0,0,17-Apr-17
OPTSTK,JSWENERGY,25-May-17,50,PE,0,0,0,0.45,0.05,0,0,0,0,17-Apr-17
OPTSTK,JSWENERGY,25-May-17,52.5,PE,0,0,0,0.8,0.15,0,0,0,0,17-Apr-17
OPTSTK,JSWENERGY,25-May-17,55,PE,0,0,0,1.3,0.3,0,0,0,0,17-Apr-17
OPTSTK,JSWENERGY,25-May-17,57.5,PE,0,0,0,1.3,0.65,0,0,0,0,17-Apr-17
OPTSTK,JSWENERGY,25-May-17,60,PE,0,0,0,2.9,1.3,0,0,0,0,17-Apr-17
OPTSTK,JSWENERGY,25-May-17,62.5,PE,0,0,0,4,2.2,0,0,0,0,17-Apr-17
OPTSTK,JSWENERGY,25-May-17,65,PE,0,0,0,5.3,3.5,0,0,0,0,17-Apr-17
OPTSTK,JSWENERGY,25-May-17,67.5,PE,0,0,0,6.85,5.1,0,0,0,0,17-Apr-17
OPTSTK,JSWENERGY,25-May-17,70,PE,6.8,6.8,6.8,6.8,6.8,1,6.14,8000,8000,17-Apr-17
OPTSTK,JSWENERGY,25-May-17,72.5,PE,0,0,0,10.4,9.1,0,0,0,0,17-Apr-17
OPTSTK,JSWENERGY,25-May-17,75,PE,0,0,0,12.4,11.4,0,0,0,0,17-Apr-17
OPTSTK,JSWENERGY,25-May-17,77.5,PE,0,0,0,14.55,13.75,0,0,0,0,17-Apr-17
OPTSTK,JSWENERGY,25-May-17,80,PE,0,0,0,16.75,16.15,0,0,0,0,17-Apr-17
OPTSTK,JSWENERGY,25-May-17,82.5,PE,0,0,0,19,18.6,0,0,0,0,17-Apr-17
OPTSTK,JSWENERGY,25-May-17,85,PE,0,0,0,21.3,21.05,0,0,0,0,17-Apr-17
OPTSTK,JSWENERGY,29-Jun-17,37.5,CE,0,0,0,25.95,26.4,0,0,0,0,17-Apr-17
OPTSTK,JSWENERGY,29-Jun-17,40,CE,0,0,0,23.5,23.95,0,0,0,0,17-Apr-17
OPTSTK,JSWENERGY,29-Jun-17,42.5,CE,0,0,0,21.05,21.5,0,0,0,0,17-Apr-17
OPTSTK,JSWENERGY,29-Jun-17,45,CE,0,0,0,18.65,19.05,0,0,0,0,17-Apr-17
OPTSTK,JSWENERGY,29-Jun-17,47.5,CE,0,0,0,16.3,16.6,0,0,0,0,17-Apr-17
OPTSTK,JSWENERGY,29-Jun-17,50,CE,0,0,0,14,14.25,0,0,0,0,17-Apr-17
OPTSTK,JSWENERGY,29-Jun-17,52.5,CE,0,0,0,11.85,12,0,0,0,0,17-Apr-17
OPTSTK,JSWENERGY,29-Jun-17,55,CE,0,0,0,9.85,9.9,0,0,0,0,17-Apr-17
OPTSTK,JSWENERGY,29-Jun-17,57.5,CE,0,0,0,8.05,7.95,0,0,0,0,17-Apr-17
OPTSTK,JSWENERGY,29-Jun-17,60,CE,0,0,0,6.45,6.25,0,0,0,0,17-Apr-17
OPTSTK,JSWENERGY,29-Jun-17,62.5,CE,0,0,0,5.05,4.8,0,0,0,0,17-Apr-17
OPTSTK,JSWENERGY,29-Jun-17,65,CE,0,0,0,3.9,3.6,0,0,0,0,17-Apr-17
OPTSTK,JSWENERGY,29-Jun-17,67.5,CE,0,0,0,2.95,2.65,0,0,0,0,17-Apr-17
OPTSTK,JSWENERGY,29-Jun-17,70,CE,0,0,0,2.2,1.9,0,0,0,0,17-Apr-17
OPTSTK,JSWENERGY,29-Jun-17,72.5,CE,0,0,0,1.6,1.35,0,0,0,0,17-Apr-17
OPTSTK,JSWENERGY,29-Jun-17,75,CE,0,0,0,1.2,0.9,0,0,0,0,17-Apr-17
OPTSTK,JSWENERGY,29-Jun-17,77.5,CE,0,0,0,0.85,0.6,0,0,0,0,17-Apr-17
OPTSTK,JSWENERGY,29-Jun-17,80,CE,0,0,0,0.6,0.4,0,0,0,0,17-Apr-17
OPTSTK,JSWENERGY,29-Jun-17,82.5,CE,0,0,0,0.4,0.3,0,0,0,0,17-Apr-17
OPTSTK,JSWENERGY,29-Jun-17,85,CE,0,0,0,0.3,0.2,0,0,0,0,17-Apr-17
OPTSTK,JSWENERGY,29-Jun-17,37.5,PE,0,0,0,0.05,0,0,0,0,0,17-Apr-17
OPTSTK,JSWENERGY,29-Jun-17,40,PE,0,0,0,0.05,0,0,0,0,0,17-Apr-17
OPTSTK,JSWENERGY,29-Jun-17,42.5,PE,0,0,0,0.05,0.05,0,0,0,0,17-Apr-17
OPTSTK,JSWENERGY,29-Jun-17,45,PE,0,0,0,0.1,0.05,0,0,0,0,17-Apr-17
OPTSTK,JSWENERGY,29-Jun-17,47.5,PE,0,0,0,0.2,0.1,0,0,0,0,17-Apr-17
OPTSTK,JSWENERGY,29-Jun-17,50,PE,0,0,0,0.4,0.2,0,0,0,0,17-Apr-17
OPTSTK,JSWENERGY,29-Jun-17,52.5,PE,0,0,0,0.7,0.45,0,0,0,0,17-Apr-17
OPTSTK,JSWENERGY,29-Jun-17,55,PE,0,0,0,1.15,0.8,0,0,0,0,17-Apr-17
OPTSTK,JSWENERGY,29-Jun-17,57.5,PE,0,0,0,1.8,1.35,0,0,0,0,17-Apr-17
OPTSTK,JSWENERGY,29-Jun-17,60,PE,0,0,0,2.65,2.1,0,0,0,0,17-Apr-17
OPTSTK,JSWENERGY,29-Jun-17,62.5,PE,0,0,0,3.7,3.1,0,0,0,0,17-Apr-17
OPTSTK,JSWENERGY,29-Jun-17,65,PE,0,0,0,5.05,4.35,0,0,0,0,17-Apr-17
OPTSTK,JSWENERGY,29-Jun-17,67.5,PE,0,0,0,6.55,5.85,0,0,0,0,17-Apr-17
OPTSTK,JSWENERGY,29-Jun-17,70,PE,0,0,0,8.25,7.6,0,0,0,0,17-Apr-17
OPTSTK,JSWENERGY,29-Jun-17,72.5,PE,0,0,0,10.15,9.5,0,0,0,0,17-Apr-17
OPTSTK,JSWENERGY,29-Jun-17,75,PE,0,0,0,12.15,11.55,0,0,0,0,17-Apr-17
OPTSTK,JSWENERGY,29-Jun-17,77.5,PE,0,0,0,14.25,13.7,0,0,0,0,17-Apr-17
OPTSTK,JSWENERGY,29-Jun-17,80,PE,0,0,0,16.5,16,0,0,0,0,17-Apr-17
OPTSTK,JSWENERGY,29-Jun-17,82.5,PE,0,0,0,18.75,18.3,0,0,0,0,17-Apr-17
OPTSTK,JSWENERGY,29-Jun-17,85,PE,0,0,0,21.1,20.7,0,0,0,0,17-Apr-17
OPTSTK,JSWSTEEL,27-Apr-17,125,CE,0,0,0,73.45,69.4,0,0,0,0,17-Apr-17
OPTSTK,JSWSTEEL,27-Apr-17,130,CE,0,0,0,53.75,64.4,0,0,27000,0,17-Apr-17
OPTSTK,JSWSTEEL,27-Apr-17,135,CE,0,0,0,63.95,59.4,0,0,0,0,17-Apr-17
OPTSTK,JSWSTEEL,27-Apr-17,140,CE,0,0,0,44.25,54.4,0,0,3000,0,17-Apr-17
OPTSTK,JSWSTEEL,27-Apr-17,145,CE,0,0,0,54.75,49.4,0,0,0,0,17-Apr-17
OPTSTK,JSWSTEEL,27-Apr-17,150,CE,0,0,0,50.35,44.45,0,0,0,0,17-Apr-17
OPTSTK,JSWSTEEL,27-Apr-17,155,CE,0,0,0,46.1,39.45,0,0,0,0,17-Apr-17
OPTSTK,JSWSTEEL,27-Apr-17,160,CE,0,0,0,24.3,34.45,0,0,69000,0,17-Apr-17
OPTSTK,JSWSTEEL,27-Apr-17,165,CE,0,0,0,38.1,29.5,0,0,0,0,17-Apr-17
OPTSTK,JSWSTEEL,27-Apr-17,170,CE,0,0,0,14.15,24.6,0,0,6000,0,17-Apr-17
OPTSTK,JSWSTEEL,27-Apr-17,175,CE,0,0,0,30.95,19.8,0,0,0,0,17-Apr-17
OPTSTK,JSWSTEEL,27-Apr-17,180,CE,16.3,16.3,16.3,16.3,16.3,1,5.88,39000,0,17-Apr-17
OPTSTK,JSWSTEEL,27-Apr-17,185,CE,11.6,12.15,11.3,12.15,12.15,9,53.09,33000,-3000,17-Apr-17
OPTSTK,JSWSTEEL,27-Apr-17,190,CE,6,8.35,6,8.05,8.05,30,177.71,171000,-24000,17-Apr-17
OPTSTK,JSWSTEEL,27-Apr-17,195,CE,4.15,5.3,3.9,4.9,4.9,217,1300.3,369000,18000,17-Apr-17
OPTSTK,JSWSTEEL,27-Apr-17,200,CE,2.35,3.4,2.1,3,3,388,2361.11,1245000,78000,17-Apr-17
OPTSTK,JSWSTEEL,27-Apr-17,205,CE,1.6,2.05,1.3,1.8,1.8,90,558.33,927000,-42000,17-Apr-17
OPTSTK,JSWSTEEL,27-Apr-17,210,CE,1.15,1.35,1,1.15,1.15,93,589.08,891000,12000,17-Apr-17
OPTSTK,JSWSTEEL,27-Apr-17,215,CE,0.55,0.85,0.55,0.85,0.85,35,226.52,231000,-12000,17-Apr-17
OPTSTK,JSWSTEEL,27-Apr-17,220,CE,0.35,0.6,0.35,0.5,0.5,18,119.07,597000,-9000,17-Apr-17
OPTSTK,JSWSTEEL,27-Apr-17,225,CE,0.3,0.4,0.3,0.4,0.4,5,33.8,42000,3000,17-Apr-17
OPTSTK,JSWSTEEL,27-Apr-17,230,CE,0.4,0.4,0.2,0.25,0.25,7,48.35,108000,6000,17-Apr-17
OPTSTK,JSWSTEEL,27-Apr-17,235,CE,0.2,0.2,0.2,0.2,0.2,1,7.05,33000,0,17-Apr-17
OPTSTK,JSWSTEEL,27-Apr-17,240,CE,0,0,0,0.5,0,0,0,6000,0,17-Apr-17
OPTSTK,JSWSTEEL,27-Apr-17,245,CE,0,0,0,4.55,0,0,0,0,0,17-Apr-17
OPTSTK,JSWSTEEL,27-Apr-17,125,PE,0,0,0,0.25,0,0,0,0,0,17-Apr-17
OPTSTK,JSWSTEEL,27-Apr-17,130,PE,0,0,0,0.35,0,0,0,0,0,17-Apr-17
OPTSTK,JSWSTEEL,27-Apr-17,135,PE,0,0,0,0.55,0,0,0,0,0,17-Apr-17
OPTSTK,JSWSTEEL,27-Apr-17,140,PE,0,0,0,0.85,0,0,0,0,0,17-Apr-17
OPTSTK,JSWSTEEL,27-Apr-17,145,PE,0,0,0,1.25,0,0,0,0,0,17-Apr-17
OPTSTK,JSWSTEEL,27-Apr-17,150,PE,0,0,0,0.05,0,0,0,21000,0,17-Apr-17
OPTSTK,JSWSTEEL,27-Apr-17,155,PE,0,0,0,1.4,0,0,0,3000,0,17-Apr-17
OPTSTK,JSWSTEEL,27-Apr-17,160,PE,0,0,0,0.1,0.05,0,0,6000,0,17-Apr-17
OPTSTK,JSWSTEEL,27-Apr-17,165,PE,0.2,0.2,0.2,0.2,0.2,6,29.73,27000,0,17-Apr-17
OPTSTK,JSWSTEEL,27-Apr-17,170,PE,0,0,0,0.5,0.15,0,0,168000,0,17-Apr-17
OPTSTK,JSWSTEEL,27-Apr-17,175,PE,0.55,0.6,0.4,0.45,0.45,33,173.71,198000,6000,17-Apr-17
OPTSTK,JSWSTEEL,27-Apr-17,180,PE,1.15,1.15,0.65,0.8,0.8,69,374.31,222000,24000,17-Apr-17
OPTSTK,JSWSTEEL,27-Apr-17,185,PE,1.9,2.1,1.3,1.4,1.4,52,291.13,198000,6000,17-Apr-17
OPTSTK,JSWSTEEL,27-Apr-17,190,PE,3.45,3.85,2.45,2.75,2.75,235,1361.75,378000,-135000,17-Apr-17
OPTSTK,JSWSTEEL,27-Apr-17,195,PE,5.65,6.35,4.4,4.85,4.85,69,414.07,177000,48000,17-Apr-17
OPTSTK,JSWSTEEL,27-Apr-17,200,PE,9.3,9.95,7.5,7.7,7.7,91,569.68,519000,114000,17-Apr-17
OPTSTK,JSWSTEEL,27-Apr-17,205,PE,13.3,13.3,11.25,12.6,12.6,5,32.59,96000,-12000,17-Apr-17
OPTSTK,JSWSTEEL,27-Apr-17,210,PE,0,0,0,19.2,16.4,0,0,21000,0,17-Apr-17
OPTSTK,JSWSTEEL,27-Apr-17,215,PE,22.5,22.5,20.2,21.65,21.65,3,21.28,3000,0,17-Apr-17
OPTSTK,JSWSTEEL,27-Apr-17,220,PE,0,0,0,24,25.7,0,0,3000,0,17-Apr-17
OPTSTK,JSWSTEEL,27-Apr-17,225,PE,0,0,0,33.55,30.55,0,0,0,0,17-Apr-17
OPTSTK,JSWSTEEL,27-Apr-17,230,PE,0,0,0,37.3,35.5,0,0,0,0,17-Apr-17
OPTSTK,JSWSTEEL,27-Apr-17,235,PE,0,0,0,41.2,40.45,0,0,0,0,17-Apr-17
OPTSTK,JSWSTEEL,27-Apr-17,240,PE,0,0,0,45.2,45.45,0,0,0,0,17-Apr-17
OPTSTK,JSWSTEEL,27-Apr-17,245,PE,0,0,0,49.35,50.45,0,0,0,0,17-Apr-17
OPTSTK,JSWSTEEL,25-May-17,125,CE,0,0,0,64,70,0,0,0,0,17-Apr-17
OPTSTK,JSWSTEEL,25-May-17,130,CE,0,0,0,59.15,65.05,0,0,0,0,17-Apr-17
OPTSTK,JSWSTEEL,25-May-17,135,CE,0,0,0,54.3,60.1,0,0,0,0,17-Apr-17
OPTSTK,JSWSTEEL,25-May-17,140,CE,0,0,0,49.55,55.15,0,0,0,0,17-Apr-17
OPTSTK,JSWSTEEL,25-May-17,145,CE,0,0,0,44.9,50.25,0,0,0,0,17-Apr-17
OPTSTK,JSWSTEEL,25-May-17,150,CE,0,0,0,40.4,45.4,0,0,0,0,17-Apr-17
OPTSTK,JSWSTEEL,25-May-17,155,CE,0,0,0,36.05,40.6,0,0,0,0,17-Apr-17
OPTSTK,JSWSTEEL,25-May-17,160,CE,0,0,0,31.9,35.95,0,0,0,0,17-Apr-17
OPTSTK,JSWSTEEL,25-May-17,165,CE,0,0,0,27.95,31.45,0,0,0,0,17-Apr-17
OPTSTK,JSWSTEEL,25-May-17,170,CE,0,0,0,24.3,27.15,0,0,0,0,17-Apr-17
OPTSTK,JSWSTEEL,25-May-17,175,CE,0,0,0,20.95,23.15,0,0,0,0,17-Apr-17
OPTSTK,JSWSTEEL,25-May-17,180,CE,0,0,0,17.9,19.45,0,0,0,0,17-Apr-17
OPTSTK,JSWSTEEL,25-May-17,185,CE,0,0,0,15.15,16.1,0,0,0,0,17-Apr-17
OPTSTK,JSWSTEEL,25-May-17,190,CE,0,0,0,9,13.1,0,0,3000,0,17-Apr-17
OPTSTK,JSWSTEEL,25-May-17,195,CE,0,0,0,8.5,10.55,0,0,3000,0,17-Apr-17
OPTSTK,JSWSTEEL,25-May-17,200,CE,0,0,0,6,8.35,0,0,6000,0,17-Apr-17
OPTSTK,JSWSTEEL,25-May-17,205,CE,0,0,0,7.1,6.5,0,0,0,0,17-Apr-17
OPTSTK,JSWSTEEL,25-May-17,210,CE,0,0,0,5.75,5,0,0,0,0,17-Apr-17
OPTSTK,JSWSTEEL,25-May-17,215,CE,0,0,0,4.65,3.8,0,0,0,0,17-Apr-17
OPTSTK,JSWSTEEL,25-May-17,220,CE,0,0,0,3.7,2.85,0,0,0,0,17-Apr-17
OPTSTK,JSWSTEEL,25-May-17,225,CE,0,0,0,2.95,2.1,0,0,0,0,17-Apr-17
OPTSTK,JSWSTEEL,25-May-17,230,CE,0,0,0,2.4,1.5,0,0,0,0,17-Apr-17
OPTSTK,JSWSTEEL,25-May-17,235,CE,0,0,0,1.8,1.1,0,0,0,0,17-Apr-17
OPTSTK,JSWSTEEL,25-May-17,240,CE,0,0,0,1.4,0.8,0,0,0,0,17-Apr-17
OPTSTK,JSWSTEEL,25-May-17,245,CE,0,0,0,1.1,0.55,0,0,0,0,17-Apr-17
OPTSTK,JSWSTEEL,25-May-17,125,PE,0,0,0,0.1,0,0,0,0,0,17-Apr-17
OPTSTK,JSWSTEEL,25-May-17,130,PE,0,0,0,0.15,0.05,0,0,0,0,17-Apr-17
OPTSTK,JSWSTEEL,25-May-17,135,PE,0,0,0,0.25,0.05,0,0,0,0,17-Apr-17
OPTSTK,JSWSTEEL,25-May-17,140,PE,0,0,0,0.4,0.05,0,0,0,0,17-Apr-17
OPTSTK,JSWSTEEL,25-May-17,145,PE,0,0,0,0.7,0.1,0,0,0,0,17-Apr-17
OPTSTK,JSWSTEEL,25-May-17,150,PE,0,0,0,1.1,0.2,0,0,0,0,17-Apr-17
OPTSTK,JSWSTEEL,25-May-17,155,PE,0,0,0,1.65,0.4,0,0,0,0,17-Apr-17
OPTSTK,JSWSTEEL,25-May-17,160,PE,0,0,0,2.45,0.7,0,0,0,0,17-Apr-17
OPTSTK,JSWSTEEL,25-May-17,165,PE,0,0,0,3.45,1.15,0,0,0,0,17-Apr-17
OPTSTK,JSWSTEEL,25-May-17,170,PE,0,0,0,4.7,1.85,0,0,0,0,17-Apr-17
OPTSTK,JSWSTEEL,25-May-17,175,PE,0,0,0,6.25,2.8,0,0,0,0,17-Apr-17
OPTSTK,JSWSTEEL,25-May-17,180,PE,0,0,0,8.1,4.05,0,0,0,0,17-Apr-17
OPTSTK,JSWSTEEL,25-May-17,185,PE,0,0,0,10.25,5.7,0,0,0,0,17-Apr-17
OPTSTK,JSWSTEEL,25-May-17,190,PE,0,0,0,12.75,7.7,0,0,0,0,17-Apr-17
OPTSTK,JSWSTEEL,25-May-17,195,PE,9,10.65,9,10.65,10.65,2,12.28,6000,6000,17-Apr-17
OPTSTK,JSWSTEEL,25-May-17,200,PE,0,0,0,18.6,12.85,0,0,0,0,17-Apr-17
OPTSTK,JSWSTEEL,25-May-17,205,PE,0,0,0,21.95,15.95,0,0,0,0,17-Apr-17
OPTSTK,JSWSTEEL,25-May-17,210,PE,0,0,0,25.5,19.45,0,0,0,0,17-Apr-17
OPTSTK,JSWSTEEL,25-May-17,215,PE,0,0,0,29.3,23.2,0,0,0,0,17-Apr-17
OPTSTK,JSWSTEEL,25-May-17,220,PE,0,0,0,33.3,27.2,0,0,0,0,17-Apr-17
OPTSTK,JSWSTEEL,25-May-17,225,PE,0,0,0,37.45,31.4,0,0,0,0,17-Apr-17
OPTSTK,JSWSTEEL,25-May-17,230,PE,0,0,0,41.75,35.8,0,0,0,0,17-Apr-17
OPTSTK,JSWSTEEL,25-May-17,235,PE,0,0,0,46.2,40.35,0,0,0,0,17-Apr-17
OPTSTK,JSWSTEEL,25-May-17,240,PE,0,0,0,50.7,45,0,0,0,0,17-Apr-17
OPTSTK,JSWSTEEL,25-May-17,245,PE,0,0,0,55.3,49.75,0,0,0,0,17-Apr-17
OPTSTK,JSWSTEEL,29-Jun-17,125,CE,0,0,0,62.6,70.85,0,0,0,0,17-Apr-17
OPTSTK,JSWSTEEL,29-Jun-17,130,CE,0,0,0,57.8,65.95,0,0,0,0,17-Apr-17
OPTSTK,JSWSTEEL,29-Jun-17,135,CE,0,0,0,53.05,61.15,0,0,0,0,17-Apr-17
OPTSTK,JSWSTEEL,29-Jun-17,140,CE,0,0,0,48.4,56.35,0,0,0,0,17-Apr-17
OPTSTK,JSWSTEEL,29-Jun-17,145,CE,0,0,0,43.85,51.65,0,0,0,0,17-Apr-17
OPTSTK,JSWSTEEL,29-Jun-17,150,CE,0,0,0,39.5,47.1,0,0,0,0,17-Apr-17
OPTSTK,JSWSTEEL,29-Jun-17,155,CE,0,0,0,35.3,42.65,0,0,0,0,17-Apr-17
OPTSTK,JSWSTEEL,29-Jun-17,160,CE,0,0,0,31.3,38.35,0,0,0,0,17-Apr-17
OPTSTK,JSWSTEEL,29-Jun-17,165,CE,0,0,0,27.55,34.3,0,0,0,0,17-Apr-17
OPTSTK,JSWSTEEL,29-Jun-17,170,CE,0,0,0,24.05,30.45,0,0,0,0,17-Apr-17
OPTSTK,JSWSTEEL,29-Jun-17,175,CE,0,0,0,20.85,26.8,0,0,0,0,17-Apr-17
OPTSTK,JSWSTEEL,29-Jun-17,180,CE,0,0,0,17.95,23.45,0,0,0,0,17-Apr-17
OPTSTK,JSWSTEEL,29-Jun-17,185,CE,0,0,0,15.35,20.4,0,0,0,0,17-Apr-17
OPTSTK,JSWSTEEL,29-Jun-17,190,CE,0,0,0,13,17.6,0,0,0,0,17-Apr-17
OPTSTK,JSWSTEEL,29-Jun-17,195,CE,0,0,0,10.95,15.05,0,0,0,0,17-Apr-17
OPTSTK,JSWSTEEL,29-Jun-17,200,CE,0,0,0,9.15,12.8,0,0,0,0,17-Apr-17
OPTSTK,JSWSTEEL,29-Jun-17,205,CE,0,0,0,7.6,10.85,0,0,0,0,17-Apr-17
OPTSTK,JSWSTEEL,29-Jun-17,210,CE,0,0,0,6.25,9.1,0,0,0,0,17-Apr-17
OPTSTK,JSWSTEEL,29-Jun-17,215,CE,0,0,0,5.15,7.6,0,0,0,0,17-Apr-17
OPTSTK,JSWSTEEL,29-Jun-17,220,CE,0,0,0,4.2,6.3,0,0,0,0,17-Apr-17
OPTSTK,JSWSTEEL,29-Jun-17,225,CE,0,0,0,3.4,5.2,0,0,0,0,17-Apr-17
OPTSTK,JSWSTEEL,29-Jun-17,230,CE,0,0,0,2.75,4.3,0,0,0,0,17-Apr-17
OPTSTK,JSWSTEEL,29-Jun-17,235,CE,0,0,0,2.2,3.5,0,0,0,0,17-Apr-17
OPTSTK,JSWSTEEL,29-Jun-17,240,CE,0,0,0,1.75,2.85,0,0,0,0,17-Apr-17
OPTSTK,JSWSTEEL,29-Jun-17,245,CE,0,0,0,1.4,2.3,0,0,0,0,17-Apr-17
OPTSTK,JSWSTEEL,29-Jun-17,125,PE,0,0,0,0.15,0.1,0,0,0,0,17-Apr-17
OPTSTK,JSWSTEEL,29-Jun-17,130,PE,0,0,0,0.25,0.15,0,0,0,0,17-Apr-17
OPTSTK,JSWSTEEL,29-Jun-17,135,PE,0,0,0,0.45,0.25,0,0,0,0,17-Apr-17
OPTSTK,JSWSTEEL,29-Jun-17,140,PE,0,0,0,0.7,0.4,0,0,0,0,17-Apr-17
OPTSTK,JSWSTEEL,29-Jun-17,145,PE,0,0,0,1.05,0.65,0,0,0,0,17-Apr-17
OPTSTK,JSWSTEEL,29-Jun-17,150,PE,0,0,0,1.6,1,0,0,0,0,17-Apr-17
OPTSTK,JSWSTEEL,29-Jun-17,155,PE,0,0,0,2.35,1.5,0,0,0,0,17-Apr-17
OPTSTK,JSWSTEEL,29-Jun-17,160,PE,0,0,0,3.25,2.15,0,0,0,0,17-Apr-17
OPTSTK,JSWSTEEL,29-Jun-17,165,PE,0,0,0,4.45,3,0,0,0,0,17-Apr-17
OPTSTK,JSWSTEEL,29-Jun-17,170,PE,0,0,0,5.85,4.1,0,0,0,0,17-Apr-17
OPTSTK,JSWSTEEL,29-Jun-17,175,PE,0,0,0,7.6,5.4,0,0,0,0,17-Apr-17
OPTSTK,JSWSTEEL,29-Jun-17,180,PE,0,0,0,9.6,7,0,0,0,0,17-Apr-17
OPTSTK,JSWSTEEL,29-Jun-17,185,PE,0,0,0,11.9,8.85,0,0,0,0,17-Apr-17
OPTSTK,JSWSTEEL,29-Jun-17,190,PE,0,0,0,14.45,11,0,0,0,0,17-Apr-17
OPTSTK,JSWSTEEL,29-Jun-17,195,PE,0,0,0,17.3,13.4,0,0,0,0,17-Apr-17
OPTSTK,JSWSTEEL,29-Jun-17,200,PE,0,0,0,20.45,16.1,0,0,0,0,17-Apr-17
OPTSTK,JSWSTEEL,29-Jun-17,205,PE,0,0,0,23.8,19.05,0,0,0,0,17-Apr-17
OPTSTK,JSWSTEEL,29-Jun-17,210,PE,0,0,0,27.4,22.25,0,0,0,0,17-Apr-17
OPTSTK,JSWSTEEL,29-Jun-17,215,PE,0,0,0,31.2,25.7,0,0,0,0,17-Apr-17
OPTSTK,JSWSTEEL,29-Jun-17,220,PE,0,0,0,35.15,29.35,0,0,0,0,17-Apr-17
OPTSTK,JSWSTEEL,29-Jun-17,225,PE,0,0,0,39.3,33.15,0,0,0,0,17-Apr-17
OPTSTK,JSWSTEEL,29-Jun-17,230,PE,0,0,0,43.55,37.15,0,0,0,0,17-Apr-17
OPTSTK,JSWSTEEL,29-Jun-17,235,PE,0,0,0,47.9,41.3,0,0,0,0,17-Apr-17
OPTSTK,JSWSTEEL,29-Jun-17,240,PE,0,0,0,52.4,45.6,0,0,0,0,17-Apr-17
OPTSTK,JSWSTEEL,29-Jun-17,245,PE,0,0,0,56.95,50,0,0,0,0,17-Apr-17
OPTSTK,JUBLFOOD,27-Apr-17,560,CE,0,0,0,304.1,429.1,0,0,0,0,17-Apr-17
OPTSTK,JUBLFOOD,27-Apr-17,580,CE,0,0,0,284.95,409.15,0,0,0,0,17-Apr-17
OPTSTK,JUBLFOOD,27-Apr-17,600,CE,0,0,0,266.05,389.15,0,0,0,0,17-Apr-17
OPTSTK,JUBLFOOD,27-Apr-17,620,CE,0,0,0,247.45,369.2,0,0,0,0,17-Apr-17
OPTSTK,JUBLFOOD,27-Apr-17,640,CE,0,0,0,229.25,349.25,0,0,0,0,17-Apr-17
OPTSTK,JUBLFOOD,27-Apr-17,660,CE,0,0,0,211.5,329.25,0,0,0,0,17-Apr-17
OPTSTK,JUBLFOOD,27-Apr-17,680,CE,0,0,0,194.25,309.3,0,0,0,0,17-Apr-17
OPTSTK,JUBLFOOD,27-Apr-17,700,CE,0,0,0,177.7,289.35,0,0,0,0,17-Apr-17
OPTSTK,JUBLFOOD,27-Apr-17,720,CE,0,0,0,161.8,269.35,0,0,0,0,17-Apr-17
OPTSTK,JUBLFOOD,27-Apr-17,740,CE,0,0,0,360,249.4,0,0,9000,0,17-Apr-17
OPTSTK,JUBLFOOD,27-Apr-17,760,CE,0,0,0,132.35,229.45,0,0,0,0,17-Apr-17
OPTSTK,JUBLFOOD,27-Apr-17,780,CE,0,0,0,118.85,209.5,0,0,0,0,17-Apr-17
OPTSTK,JUBLFOOD,27-Apr-17,800,CE,0,0,0,106.3,189.5,0,0,0,0,17-Apr-17
OPTSTK,JUBLFOOD,27-Apr-17,820,CE,0,0,0,94.65,169.55,0,0,0,0,17-Apr-17
OPTSTK,JUBLFOOD,27-Apr-17,840,CE,0,0,0,83.9,149.6,0,0,0,0,17-Apr-17
OPTSTK,JUBLFOOD,27-Apr-17,860,CE,0,0,0,74.05,129.65,0,0,0,0,17-Apr-17
OPTSTK,JUBLFOOD,27-Apr-17,880,CE,0,0,0,65.1,109.8,0,0,0,0,17-Apr-17
OPTSTK,JUBLFOOD,27-Apr-17,900,CE,0,0,0,57,90.25,0,0,0,0,17-Apr-17
OPTSTK,JUBLFOOD,27-Apr-17,920,CE,0,0,0,49.7,71.35,0,0,0,0,17-Apr-17
OPTSTK,JUBLFOOD,27-Apr-17,940,CE,0,0,0,43.15,53.7,0,0,0,0,17-Apr-17
OPTSTK,JUBLFOOD,27-Apr-17,960,CE,0,0,0,37.35,38.05,0,0,0,0,17-Apr-17
OPTSTK,JUBLFOOD,27-Apr-17,980,CE,0,0,0,32.25,25.15,0,0,0,0,17-Apr-17
OPTSTK,JUBLFOOD,27-Apr-17,1000,CE,21.5,23.45,16.7,19,19,26,132.61,8500,4000,17-Apr-17
OPTSTK,JUBLFOOD,27-Apr-17,1020,CE,19,21.05,11.25,12,12,30,155.51,17500,10000,17-Apr-17
OPTSTK,JUBLFOOD,27-Apr-17,1040,CE,11,12,7,7.75,7.75,13,68.16,22000,1500,17-Apr-17
OPTSTK,JUBLFOOD,27-Apr-17,1060,CE,6.3,6.3,6.3,6.3,6.3,5,26.65,16500,1000,17-Apr-17
OPTSTK,JUBLFOOD,27-Apr-17,1080,CE,5,5,2.7,3.95,3.95,7,37.93,25500,1500,17-Apr-17
OPTSTK,JUBLFOOD,27-Apr-17,1100,CE,2.1,3.25,2.1,3,3,23,126.81,47000,2000,17-Apr-17
OPTSTK,JUBLFOOD,27-Apr-17,1120,CE,0,0,0,5.4,0.15,0,0,21000,0,17-Apr-17
OPTSTK,JUBLFOOD,27-Apr-17,1140,CE,0,0,0,0.2,0.05,0,0,12500,0,17-Apr-17
OPTSTK,JUBLFOOD,27-Apr-17,1160,CE,0,0,0,0.1,0.05,0,0,2000,0,17-Apr-17
OPTSTK,JUBLFOOD,27-Apr-17,1180,CE,0,0,0,4.4,0,0,0,2500,0,17-Apr-17
OPTSTK,JUBLFOOD,27-Apr-17,1200,CE,0,0,0,6.9,0,0,0,4500,0,17-Apr-17
OPTSTK,JUBLFOOD,27-Apr-17,1220,CE,0,0,0,4.35,0,0,0,0,0,17-Apr-17
OPTSTK,JUBLFOOD,27-Apr-17,1240,CE,0,0,0,5.2,0,0,0,0,0,17-Apr-17
OPTSTK,JUBLFOOD,27-Apr-17,1260,CE,0,0,0,8.25,0,0,0,0,0,17-Apr-17
OPTSTK,JUBLFOOD,27-Apr-17,1280,CE,0,0,0,7.05,0,0,0,0,0,17-Apr-17
OPTSTK,JUBLFOOD,27-Apr-17,1300,CE,0,0,0,32.55,0,0,0,0,0,17-Apr-17
OPTSTK,JUBLFOOD,27-Apr-17,1320,CE,0,0,0,29.65,0,0,0,0,0,17-Apr-17
OPTSTK,JUBLFOOD,27-Apr-17,560,PE,0,0,0,0.9,0,0,0,0,0,17-Apr-17
OPTSTK,JUBLFOOD,27-Apr-17,580,PE,0,0,0,1.4,0,0,0,0,0,17-Apr-17
OPTSTK,JUBLFOOD,27-Apr-17,600,PE,0,0,0,2.15,0,0,0,0,0,17-Apr-17
OPTSTK,JUBLFOOD,27-Apr-17,620,PE,0,0,0,3.25,0,0,0,0,0,17-Apr-17
OPTSTK,JUBLFOOD,27-Apr-17,640,PE,0,0,0,4.7,0,0,0,0,0,17-Apr-17
OPTSTK,JUBLFOOD,27-Apr-17,660,PE,0,0,0,6.6,0,0,0,0,0,17-Apr-17
OPTSTK,JUBLFOOD,27-Apr-17,680,PE,0,0,0,9.05,0,0,0,0,0,17-Apr-17
OPTSTK,JUBLFOOD,27-Apr-17,700,PE,0,0,0,12.15,0,0,0,0,0,17-Apr-17
OPTSTK,JUBLFOOD,27-Apr-17,720,PE,0,0,0,15.9,0,0,0,0,0,17-Apr-17
OPTSTK,JUBLFOOD,27-Apr-17,740,PE,0,0,0,20.45,0,0,0,0,0,17-Apr-17
OPTSTK,JUBLFOOD,27-Apr-17,760,PE,0,0,0,25.8,0,0,0,0,0,17-Apr-17
OPTSTK,JUBLFOOD,27-Apr-17,780,PE,0,0,0,32,0,0,0,0,0,17-Apr-17
OPTSTK,JUBLFOOD,27-Apr-17,800,PE,0,0,0,39.1,0,0,0,0,0,17-Apr-17
OPTSTK,JUBLFOOD,27-Apr-17,820,PE,0,0,0,47.1,0,0,0,0,0,17-Apr-17
OPTSTK,JUBLFOOD,27-Apr-17,840,PE,0,0,0,56.05,0.05,0,0,0,0,17-Apr-17
OPTSTK,JUBLFOOD,27-Apr-17,860,PE,0,0,0,65.9,0.05,0,0,0,0,17-Apr-17
OPTSTK,JUBLFOOD,27-Apr-17,880,PE,0,0,0,76.6,0.2,0,0,0,0,17-Apr-17
OPTSTK,JUBLFOOD,27-Apr-17,900,PE,0,0,0,88.15,0.6,0,0,0,0,17-Apr-17
OPTSTK,JUBLFOOD,27-Apr-17,920,PE,0,0,0,100.55,1.65,0,0,0,0,17-Apr-17
OPTSTK,JUBLFOOD,27-Apr-17,940,PE,0,0,0,113.7,3.95,0,0,0,0,17-Apr-17
OPTSTK,JUBLFOOD,27-Apr-17,960,PE,0,0,0,127.55,8.25,0,0,0,0,17-Apr-17
OPTSTK,JUBLFOOD,27-Apr-17,980,PE,13,19.1,13,18.8,18.8,6,29.89,1500,0,17-Apr-17
OPTSTK,JUBLFOOD,27-Apr-17,1000,PE,19,30,19,26.65,26.65,26,133.18,26000,2500,17-Apr-17
OPTSTK,JUBLFOOD,27-Apr-17,1020,PE,22,32.7,22,32.7,32.7,3,15.72,5000,1000,17-Apr-17
OPTSTK,JUBLFOOD,27-Apr-17,1040,PE,0,0,0,35.9,54.6,0,0,4500,0,17-Apr-17
OPTSTK,JUBLFOOD,27-Apr-17,1060,PE,0,0,0,205.85,72.2,0,0,0,0,17-Apr-17
OPTSTK,JUBLFOOD,27-Apr-17,1080,PE,85,94,85,94,94,7,40.89,23500,-3000,17-Apr-17
OPTSTK,JUBLFOOD,27-Apr-17,1100,PE,0,0,0,73,110.35,0,0,17000,0,17-Apr-17
OPTSTK,JUBLFOOD,27-Apr-17,1120,PE,0,0,0,48.7,130.1,0,0,500,0,17-Apr-17
OPTSTK,JUBLFOOD,27-Apr-17,1140,PE,0,0,0,276.1,150,0,0,0,0,17-Apr-17
OPTSTK,JUBLFOOD,27-Apr-17,1160,PE,0,0,0,128,169.9,0,0,500,0,17-Apr-17
OPTSTK,JUBLFOOD,27-Apr-17,1180,PE,0,0,0,312.8,189.85,0,0,0,0,17-Apr-17
OPTSTK,JUBLFOOD,27-Apr-17,1200,PE,0,0,0,103,209.85,0,0,500,0,17-Apr-17
OPTSTK,JUBLFOOD,27-Apr-17,1220,PE,0,0,0,350.3,229.8,0,0,0,0,17-Apr-17
OPTSTK,JUBLFOOD,27-Apr-17,1240,PE,0,0,0,346.75,249.75,0,0,0,0,17-Apr-17
OPTSTK,JUBLFOOD,27-Apr-17,1260,PE,0,0,0,325.55,269.75,0,0,0,0,17-Apr-17
OPTSTK,JUBLFOOD,27-Apr-17,1280,PE,0,0,0,344.05,289.7,0,0,0,0,17-Apr-17
OPTSTK,JUBLFOOD,27-Apr-17,1300,PE,0,0,0,306.6,309.65,0,0,0,0,17-Apr-17
OPTSTK,JUBLFOOD,27-Apr-17,1320,PE,0,0,0,323.35,329.6,0,0,0,0,17-Apr-17
OPTSTK,JUBLFOOD,25-May-17,640,CE,0,0,0,376.8,352.45,0,0,0,0,17-Apr-17
OPTSTK,JUBLFOOD,25-May-17,660,CE,0,0,0,357.5,332.55,0,0,0,0,17-Apr-17
OPTSTK,JUBLFOOD,25-May-17,680,CE,0,0,0,338.35,312.7,0,0,0,0,17-Apr-17
OPTSTK,JUBLFOOD,25-May-17,700,CE,0,0,0,319.4,292.85,0,0,0,0,17-Apr-17
OPTSTK,JUBLFOOD,25-May-17,720,CE,0,0,0,300.75,273,0,0,0,0,17-Apr-17
OPTSTK,JUBLFOOD,25-May-17,740,CE,0,0,0,282.35,253.15,0,0,0,0,17-Apr-17
OPTSTK,JUBLFOOD,25-May-17,760,CE,0,0,0,264.35,233.35,0,0,0,0,17-Apr-17
OPTSTK,JUBLFOOD,25-May-17,780,CE,0,0,0,246.75,213.55,0,0,0,0,17-Apr-17
OPTSTK,JUBLFOOD,25-May-17,800,CE,0,0,0,229.6,193.95,0,0,0,0,17-Apr-17
OPTSTK,JUBLFOOD,25-May-17,820,CE,0,0,0,213.05,174.5,0,0,0,0,17-Apr-17
OPTSTK,JUBLFOOD,25-May-17,840,CE,0,0,0,197,155.4,0,0,0,0,17-Apr-17
OPTSTK,JUBLFOOD,25-May-17,860,CE,0,0,0,181.65,136.75,0,0,0,0,17-Apr-17
OPTSTK,JUBLFOOD,25-May-17,880,CE,0,0,0,166.95,118.8,0,0,0,0,17-Apr-17
OPTSTK,JUBLFOOD,25-May-17,900,CE,0,0,0,152.95,101.7,0,0,0,0,17-Apr-17
OPTSTK,JUBLFOOD,25-May-17,920,CE,0,0,0,139.6,85.75,0,0,0,0,17-Apr-17
OPTSTK,JUBLFOOD,25-May-17,940,CE,0,0,0,127.1,71.1,0,0,0,0,17-Apr-17
OPTSTK,JUBLFOOD,25-May-17,960,CE,0,0,0,115.35,58,0,0,0,0,17-Apr-17
OPTSTK,JUBLFOOD,25-May-17,980,CE,0,0,0,104.35,46.4,0,0,0,0,17-Apr-17
OPTSTK,JUBLFOOD,25-May-17,1000,CE,0,0,0,94.15,36.5,0,0,0,0,17-Apr-17
OPTSTK,JUBLFOOD,25-May-17,1020,CE,0,0,0,42,28.15,0,0,500,0,17-Apr-17
OPTSTK,JUBLFOOD,25-May-17,1040,CE,0,0,0,75.95,21.3,0,0,0,0,17-Apr-17
OPTSTK,JUBLFOOD,25-May-17,1060,CE,0,0,0,67.9,15.9,0,0,0,0,17-Apr-17
OPTSTK,JUBLFOOD,25-May-17,1080,CE,0,0,0,60.55,11.55,0,0,0,0,17-Apr-17
OPTSTK,JUBLFOOD,25-May-17,1100,CE,0,0,0,53.9,8.3,0,0,0,0,17-Apr-17
OPTSTK,JUBLFOOD,25-May-17,1120,CE,0,0,0,47.8,5.85,0,0,0,0,17-Apr-17
OPTSTK,JUBLFOOD,25-May-17,1140,CE,0,0,0,42.3,4.05,0,0,0,0,17-Apr-17
OPTSTK,JUBLFOOD,25-May-17,1160,CE,0,0,0,37.4,2.75,0,0,0,0,17-Apr-17
OPTSTK,JUBLFOOD,25-May-17,1180,CE,0,0,0,32.95,1.85,0,0,0,0,17-Apr-17
OPTSTK,JUBLFOOD,25-May-17,1200,CE,0,0,0,28.95,1.2,0,0,0,0,17-Apr-17
OPTSTK,JUBLFOOD,25-May-17,1220,CE,0,0,0,25.4,0.8,0,0,0,0,17-Apr-17
OPTSTK,JUBLFOOD,25-May-17,1240,CE,0,0,0,22.2,0.5,0,0,0,0,17-Apr-17
OPTSTK,JUBLFOOD,25-May-17,1260,CE,0,0,0,19.4,0.3,0,0,0,0,17-Apr-17
OPTSTK,JUBLFOOD,25-May-17,1280,CE,0,0,0,16.9,0.2,0,0,0,0,17-Apr-17
OPTSTK,JUBLFOOD,25-May-17,1300,CE,0,0,0,14.7,0.15,0,0,0,0,17-Apr-17
OPTSTK,JUBLFOOD,25-May-17,1320,CE,0,0,0,12.8,0.1,0,0,0,0,17-Apr-17
OPTSTK,JUBLFOOD,25-May-17,640,PE,0,0,0,0.75,0,0,0,0,0,17-Apr-17
OPTSTK,JUBLFOOD,25-May-17,660,PE,0,0,0,1.15,0,0,0,0,0,17-Apr-17
OPTSTK,JUBLFOOD,25-May-17,680,PE,0,0,0,1.7,0,0,0,0,0,17-Apr-17
OPTSTK,JUBLFOOD,25-May-17,700,PE,0,0,0,2.45,0,0,0,0,0,17-Apr-17
OPTSTK,JUBLFOOD,25-May-17,720,PE,0,0,0,3.45,0.05,0,0,0,0,17-Apr-17
OPTSTK,JUBLFOOD,25-May-17,740,PE,0,0,0,4.75,0.05,0,0,0,0,17-Apr-17
OPTSTK,JUBLFOOD,25-May-17,760,PE,0,0,0,6.4,0.1,0,0,0,0,17-Apr-17
OPTSTK,JUBLFOOD,25-May-17,780,PE,0,0,0,8.5,0.2,0,0,0,0,17-Apr-17
OPTSTK,JUBLFOOD,25-May-17,800,PE,0,0,0,11.05,0.45,0,0,0,0,17-Apr-17
OPTSTK,JUBLFOOD,25-May-17,820,PE,0,0,0,14.15,0.85,0,0,0,0,17-Apr-17
OPTSTK,JUBLFOOD,25-May-17,840,PE,0,0,0,17.85,1.6,0,0,0,0,17-Apr-17
OPTSTK,JUBLFOOD,25-May-17,860,PE,0,0,0,22.15,2.85,0,0,0,0,17-Apr-17
OPTSTK,JUBLFOOD,25-May-17,880,PE,0,0,0,27.15,4.75,0,0,0,0,17-Apr-17
OPTSTK,JUBLFOOD,25-May-17,900,PE,0,0,0,32.8,7.55,0,0,0,0,17-Apr-17
OPTSTK,JUBLFOOD,25-May-17,920,PE,0,0,0,39.2,11.45,0,0,0,0,17-Apr-17
OPTSTK,JUBLFOOD,25-May-17,940,PE,0,0,0,46.35,16.7,0,0,0,0,17-Apr-17
OPTSTK,JUBLFOOD,25-May-17,960,PE,20,25,20,25,25,6,29.47,3000,3000,17-Apr-17
OPTSTK,JUBLFOOD,25-May-17,980,PE,0,0,0,63,31.7,0,0,0,0,17-Apr-17
OPTSTK,JUBLFOOD,25-May-17,1000,PE,40,40,40,40,40,2,10.4,1500,1000,17-Apr-17
OPTSTK,JUBLFOOD,25-May-17,1020,PE,0,0,0,42,53.15,0,0,500,0,17-Apr-17
OPTSTK,JUBLFOOD,25-May-17,1040,PE,0,0,0,93.6,66.2,0,0,0,0,17-Apr-17
OPTSTK,JUBLFOOD,25-May-17,1060,PE,0,0,0,105.3,80.65,0,0,0,0,17-Apr-17
OPTSTK,JUBLFOOD,25-May-17,1080,PE,0,0,0,117.65,96.2,0,0,0,0,17-Apr-17
OPTSTK,JUBLFOOD,25-May-17,1100,PE,0,0,0,130.6,112.75,0,0,0,0,17-Apr-17
OPTSTK,JUBLFOOD,25-May-17,1120,PE,0,0,0,144.2,130.2,0,0,0,0,17-Apr-17
OPTSTK,JUBLFOOD,25-May-17,1140,PE,0,0,0,158.4,148.25,0,0,0,0,17-Apr-17
OPTSTK,JUBLFOOD,25-May-17,1160,PE,0,0,0,173.2,166.8,0,0,0,0,17-Apr-17
OPTSTK,JUBLFOOD,25-May-17,1180,PE,0,0,0,188.45,185.75,0,0,0,0,17-Apr-17
OPTSTK,JUBLFOOD,25-May-17,1200,PE,0,0,0,204.1,205,0,0,0,0,17-Apr-17
OPTSTK,JUBLFOOD,25-May-17,1220,PE,0,0,0,220.25,224.45,0,0,0,0,17-Apr-17
OPTSTK,JUBLFOOD,25-May-17,1240,PE,0,0,0,236.75,244.05,0,0,0,0,17-Apr-17
OPTSTK,JUBLFOOD,25-May-17,1260,PE,0,0,0,253.65,263.75,0,0,0,0,17-Apr-17
OPTSTK,JUBLFOOD,25-May-17,1280,PE,0,0,0,270.85,283.5,0,0,0,0,17-Apr-17
OPTSTK,JUBLFOOD,25-May-17,1300,PE,0,0,0,288.3,303.25,0,0,0,0,17-Apr-17
OPTSTK,JUBLFOOD,25-May-17,1320,PE,0,0,0,306.05,323.1,0,0,0,0,17-Apr-17
OPTSTK,JUBLFOOD,29-Jun-17,720,CE,0,0,0,409.4,277.7,0,0,0,0,17-Apr-17
OPTSTK,JUBLFOOD,29-Jun-17,740,CE,0,0,0,389.75,258.25,0,0,0,0,17-Apr-17
OPTSTK,JUBLFOOD,29-Jun-17,760,CE,0,0,0,370.15,238.9,0,0,0,0,17-Apr-17
OPTSTK,JUBLFOOD,29-Jun-17,780,CE,0,0,0,350.6,219.8,0,0,0,0,17-Apr-17
OPTSTK,JUBLFOOD,29-Jun-17,800,CE,0,0,0,331.15,201,0,0,0,0,17-Apr-17
OPTSTK,JUBLFOOD,29-Jun-17,820,CE,0,0,0,311.75,182.65,0,0,0,0,17-Apr-17
OPTSTK,JUBLFOOD,29-Jun-17,840,CE,0,0,0,292.5,164.85,0,0,0,0,17-Apr-17
OPTSTK,JUBLFOOD,29-Jun-17,860,CE,0,0,0,273.5,147.65,0,0,0,0,17-Apr-17
OPTSTK,JUBLFOOD,29-Jun-17,880,CE,0,0,0,254.7,131.3,0,0,0,0,17-Apr-17
OPTSTK,JUBLFOOD,29-Jun-17,900,CE,0,0,0,236.2,115.75,0,0,0,0,17-Apr-17
OPTSTK,JUBLFOOD,29-Jun-17,920,CE,0,0,0,218.15,101.3,0,0,0,0,17-Apr-17
OPTSTK,JUBLFOOD,29-Jun-17,940,CE,0,0,0,200.5,87.8,0,0,0,0,17-Apr-17
OPTSTK,JUBLFOOD,29-Jun-17,960,CE,0,0,0,183.45,75.5,0,0,0,0,17-Apr-17
OPTSTK,JUBLFOOD,29-Jun-17,980,CE,0,0,0,167.05,64.35,0,0,0,0,17-Apr-17
OPTSTK,JUBLFOOD,29-Jun-17,1000,CE,0,0,0,151.3,54.4,0,0,0,0,17-Apr-17
OPTSTK,JUBLFOOD,29-Jun-17,1020,CE,0,0,0,136.35,45.55,0,0,0,0,17-Apr-17
OPTSTK,JUBLFOOD,29-Jun-17,1040,CE,0,0,0,122.2,37.85,0,0,0,0,17-Apr-17
OPTSTK,JUBLFOOD,29-Jun-17,1060,CE,0,0,0,108.95,31.15,0,0,0,0,17-Apr-17
OPTSTK,JUBLFOOD,29-Jun-17,1080,CE,0,0,0,96.6,25.45,0,0,0,0,17-Apr-17
OPTSTK,JUBLFOOD,29-Jun-17,1100,CE,0,0,0,85.2,20.65,0,0,0,0,17-Apr-17
OPTSTK,JUBLFOOD,29-Jun-17,1120,CE,0,0,0,74.7,16.6,0,0,0,0,17-Apr-17
OPTSTK,JUBLFOOD,29-Jun-17,1140,CE,0,0,0,65.2,13.25,0,0,0,0,17-Apr-17
OPTSTK,JUBLFOOD,29-Jun-17,1160,CE,0,0,0,56.55,10.45,0,0,0,0,17-Apr-17
OPTSTK,JUBLFOOD,29-Jun-17,1180,CE,0,0,0,48.85,8.25,0,0,0,0,17-Apr-17
OPTSTK,JUBLFOOD,29-Jun-17,1200,CE,0,0,0,41.9,6.4,0,0,0,0,17-Apr-17
OPTSTK,JUBLFOOD,29-Jun-17,1220,CE,0,0,0,35.8,4.95,0,0,0,0,17-Apr-17
OPTSTK,JUBLFOOD,29-Jun-17,1240,CE,0,0,0,30.45,3.85,0,0,0,0,17-Apr-17
OPTSTK,JUBLFOOD,29-Jun-17,1260,CE,0,0,0,25.8,2.95,0,0,0,0,17-Apr-17
OPTSTK,JUBLFOOD,29-Jun-17,1280,CE,0,0,0,21.7,2.25,0,0,0,0,17-Apr-17
OPTSTK,JUBLFOOD,29-Jun-17,1300,CE,0,0,0,18.2,1.7,0,0,0,0,17-Apr-17
OPTSTK,JUBLFOOD,29-Jun-17,1320,CE,0,0,0,15.15,1.25,0,0,0,0,17-Apr-17
OPTSTK,JUBLFOOD,29-Jun-17,720,PE,0,0,0,0.05,0.3,0,0,0,0,17-Apr-17
OPTSTK,JUBLFOOD,29-Jun-17,740,PE,0,0,0,0.1,0.6,0,0,0,0,17-Apr-17
OPTSTK,JUBLFOOD,29-Jun-17,760,PE,0,0,0,0.2,1,0,0,0,0,17-Apr-17
OPTSTK,JUBLFOOD,29-Jun-17,780,PE,0,0,0,0.3,1.65,0,0,0,0,17-Apr-17
OPTSTK,JUBLFOOD,29-Jun-17,800,PE,0,0,0,0.5,2.6,0,0,0,0,17-Apr-17
OPTSTK,JUBLFOOD,29-Jun-17,820,PE,0,0,0,0.8,3.95,0,0,0,0,17-Apr-17
OPTSTK,JUBLFOOD,29-Jun-17,840,PE,0,0,0,1.2,5.9,0,0,0,0,17-Apr-17
OPTSTK,JUBLFOOD,29-Jun-17,860,PE,0,0,0,1.85,8.45,0,0,0,0,17-Apr-17
OPTSTK,JUBLFOOD,29-Jun-17,880,PE,0,0,0,2.75,11.8,0,0,0,0,17-Apr-17
OPTSTK,JUBLFOOD,29-Jun-17,900,PE,0,0,0,3.9,16.05,0,0,0,0,17-Apr-17
OPTSTK,JUBLFOOD,29-Jun-17,920,PE,0,0,0,5.5,21.3,0,0,0,0,17-Apr-17
OPTSTK,JUBLFOOD,29-Jun-17,940,PE,0,0,0,7.55,27.55,0,0,0,0,17-Apr-17
OPTSTK,JUBLFOOD,29-Jun-17,960,PE,0,0,0,10.2,35,0,0,0,0,17-Apr-17
OPTSTK,JUBLFOOD,29-Jun-17,980,PE,0,0,0,13.4,43.6,0,0,0,0,17-Apr-17
OPTSTK,JUBLFOOD,29-Jun-17,1000,PE,0,0,0,17.35,53.35,0,0,0,0,17-Apr-17
OPTSTK,JUBLFOOD,29-Jun-17,1020,PE,0,0,0,22.1,64.3,0,0,0,0,17-Apr-17
OPTSTK,JUBLFOOD,29-Jun-17,1040,PE,0,0,0,27.6,76.3,0,0,0,0,17-Apr-17
OPTSTK,JUBLFOOD,29-Jun-17,1060,PE,0,0,0,34,89.35,0,0,0,0,17-Apr-17
OPTSTK,JUBLFOOD,29-Jun-17,1080,PE,0,0,0,41.35,103.4,0,0,0,0,17-Apr-17
OPTSTK,JUBLFOOD,29-Jun-17,1100,PE,0,0,0,49.6,118.35,0,0,0,0,17-Apr-17
OPTSTK,JUBLFOOD,29-Jun-17,1120,PE,0,0,0,58.8,134,0,0,0,0,17-Apr-17
OPTSTK,JUBLFOOD,29-Jun-17,1140,PE,0,0,0,68.95,150.4,0,0,0,0,17-Apr-17
OPTSTK,JUBLFOOD,29-Jun-17,1160,PE,0,0,0,80,167.4,0,0,0,0,17-Apr-17
OPTSTK,JUBLFOOD,29-Jun-17,1180,PE,0,0,0,91.9,184.9,0,0,0,0,17-Apr-17
OPTSTK,JUBLFOOD,29-Jun-17,1200,PE,0,0,0,104.7,202.8,0,0,0,0,17-Apr-17
OPTSTK,JUBLFOOD,29-Jun-17,1220,PE,0,0,0,118.25,221.1,0,0,0,0,17-Apr-17
OPTSTK,JUBLFOOD,29-Jun-17,1240,PE,0,0,0,132.55,239.7,0,0,0,0,17-Apr-17
OPTSTK,JUBLFOOD,29-Jun-17,1260,PE,0,0,0,147.6,258.55,0,0,0,0,17-Apr-17
OPTSTK,JUBLFOOD,29-Jun-17,1280,PE,0,0,0,163.15,277.6,0,0,0,0,17-Apr-17
OPTSTK,JUBLFOOD,29-Jun-17,1300,PE,0,0,0,179.3,296.8,0,0,0,0,17-Apr-17
OPTSTK,JUBLFOOD,29-Jun-17,1320,PE,0,0,0,195.95,316.1,0,0,0,0,17-Apr-17
OPTSTK,JUSTDIAL,27-Apr-17,220,CE,0,0,0,146.1,286.3,0,0,0,0,17-Apr-17
OPTSTK,JUSTDIAL,27-Apr-17,230,CE,0,0,0,136.75,276.3,0,0,0,0,17-Apr-17
OPTSTK,JUSTDIAL,27-Apr-17,240,CE,0,0,0,127.55,266.35,0,0,0,0,17-Apr-17
OPTSTK,JUSTDIAL,27-Apr-17,250,CE,0,0,0,118.55,256.35,0,0,0,0,17-Apr-17
OPTSTK,JUSTDIAL,27-Apr-17,260,CE,0,0,0,109.85,246.35,0,0,0,0,17-Apr-17
OPTSTK,JUSTDIAL,27-Apr-17,270,CE,0,0,0,101.4,236.4,0,0,0,0,17-Apr-17
OPTSTK,JUSTDIAL,27-Apr-17,280,CE,0,0,0,93.3,226.4,0,0,0,0,17-Apr-17
OPTSTK,JUSTDIAL,27-Apr-17,290,CE,0,0,0,85.55,216.4,0,0,0,0,17-Apr-17
OPTSTK,JUSTDIAL,27-Apr-17,300,CE,0,0,0,78.2,206.45,0,0,0,0,17-Apr-17
OPTSTK,JUSTDIAL,27-Apr-17,310,CE,0,0,0,71.2,196.45,0,0,0,0,17-Apr-17
OPTSTK,JUSTDIAL,27-Apr-17,320,CE,0,0,0,64.6,186.5,0,0,0,0,17-Apr-17
OPTSTK,JUSTDIAL,27-Apr-17,330,CE,0,0,0,58.45,176.5,0,0,0,0,17-Apr-17
OPTSTK,JUSTDIAL,27-Apr-17,340,CE,0,0,0,52.75,166.5,0,0,0,0,17-Apr-17
OPTSTK,JUSTDIAL,27-Apr-17,350,CE,0,0,0,47.45,156.55,0,0,0,0,17-Apr-17
OPTSTK,JUSTDIAL,27-Apr-17,360,CE,0,0,0,42.55,146.55,0,0,0,0,17-Apr-17
OPTSTK,JUSTDIAL,27-Apr-17,370,CE,0,0,0,38.05,136.55,0,0,0,0,17-Apr-17
OPTSTK,JUSTDIAL,27-Apr-17,380,CE,0,0,0,33.95,126.6,0,0,0,0,17-Apr-17
OPTSTK,JUSTDIAL,27-Apr-17,390,CE,0,0,0,30.2,116.6,0,0,0,0,17-Apr-17
OPTSTK,JUSTDIAL,27-Apr-17,400,CE,0,0,0,135,106.65,0,0,1200,0,17-Apr-17
OPTSTK,JUSTDIAL,27-Apr-17,410,CE,0,0,0,23.75,96.65,0,0,0,0,17-Apr-17
OPTSTK,JUSTDIAL,27-Apr-17,420,CE,0,0,0,21,86.75,0,0,0,0,17-Apr-17
OPTSTK,JUSTDIAL,27-Apr-17,430,CE,0,0,0,18.55,76.9,0,0,0,0,17-Apr-17
OPTSTK,JUSTDIAL,27-Apr-17,440,CE,0,0,0,16.35,67.2,0,0,0,0,17-Apr-17
OPTSTK,JUSTDIAL,27-Apr-17,450,CE,0,0,0,14.4,57.8,0,0,0,0,17-Apr-17
OPTSTK,JUSTDIAL,27-Apr-17,460,CE,0,0,0,12.6,48.7,0,0,0,0,17-Apr-17
OPTSTK,JUSTDIAL,27-Apr-17,470,CE,0,0,0,11.05,40.2,0,0,0,0,17-Apr-17
OPTSTK,JUSTDIAL,27-Apr-17,480,CE,0,0,0,9.65,32.4,0,0,0,0,17-Apr-17
OPTSTK,JUSTDIAL,27-Apr-17,490,CE,0,0,0,8.45,25.4,0,0,0,0,17-Apr-17
OPTSTK,JUSTDIAL,27-Apr-17,500,CE,20,20.1,15.9,16.45,16.45,125,776.11,68400,42000,17-Apr-17
OPTSTK,JUSTDIAL,27-Apr-17,510,CE,13.1,13.85,11.45,11.8,11.8,24,150.57,20400,15600,17-Apr-17
OPTSTK,JUSTDIAL,27-Apr-17,520,CE,12.5,12.5,8,8.7,8.7,338,2148.16,157200,109200,17-Apr-17
OPTSTK,JUSTDIAL,27-Apr-17,530,CE,8.05,8.7,6,6.25,6.25,57,367.26,104400,21600,17-Apr-17
OPTSTK,JUSTDIAL,27-Apr-17,540,CE,7.5,7.5,4.5,4.65,4.65,260,1700.71,231600,28800,17-Apr-17
OPTSTK,JUSTDIAL,27-Apr-17,550,CE,3.8,4.6,3.1,3.6,3.6,165,1096.58,165600,-4800,17-Apr-17
OPTSTK,JUSTDIAL,27-Apr-17,560,CE,4.95,4.95,2.25,2.7,2.7,179,1208.94,381600,-37200,17-Apr-17
OPTSTK,JUSTDIAL,27-Apr-17,570,CE,2,2.5,1.8,2.05,2.05,62,425.69,85200,-2400,17-Apr-17
OPTSTK,JUSTDIAL,27-Apr-17,580,CE,1.55,2.35,1.5,1.7,1.7,46,321.19,246000,9600,17-Apr-17
OPTSTK,JUSTDIAL,27-Apr-17,590,CE,1.25,1.65,1.2,1.65,1.65,9,63.87,52800,0,17-Apr-17
OPTSTK,JUSTDIAL,27-Apr-17,600,CE,1.45,1.55,1,1.25,1.25,155,1118.34,500400,6000,17-Apr-17
OPTSTK,JUSTDIAL,27-Apr-17,610,CE,0.9,1.05,0.9,1.05,1.05,29,212.61,42000,3600,17-Apr-17
OPTSTK,JUSTDIAL,27-Apr-17,620,CE,0.55,0.8,0.55,0.75,0.75,6,44.69,43200,-3600,17-Apr-17
OPTSTK,JUSTDIAL,27-Apr-17,630,CE,0.65,0.85,0.6,0.65,0.65,9,68.11,18000,0,17-Apr-17
OPTSTK,JUSTDIAL,27-Apr-17,640,CE,0.35,0.35,0.3,0.35,0.35,9,69.15,13200,-9600,17-Apr-17
OPTSTK,JUSTDIAL,27-Apr-17,650,CE,0.5,0.5,0.3,0.3,0.3,7,54.63,31200,-8400,17-Apr-17
OPTSTK,JUSTDIAL,27-Apr-17,660,CE,0.45,0.45,0.3,0.3,0.3,6,47.54,10800,-3600,17-Apr-17
OPTSTK,JUSTDIAL,27-Apr-17,670,CE,0.25,0.25,0.2,0.2,0.2,2,16.08,7200,-2400,17-Apr-17
OPTSTK,JUSTDIAL,27-Apr-17,680,CE,0.2,0.2,0.2,0.2,0.2,1,8.16,18000,-1200,17-Apr-17
OPTSTK,JUSTDIAL,27-Apr-17,690,CE,0,0,0,14.2,0,0,0,0,0,17-Apr-17
OPTSTK,JUSTDIAL,27-Apr-17,220,PE,0,0,0,0.9,0,0,0,0,0,17-Apr-17
OPTSTK,JUSTDIAL,27-Apr-17,230,PE,0,0,0,1.35,0,0,0,0,0,17-Apr-17
OPTSTK,JUSTDIAL,27-Apr-17,240,PE,0,0,0,2,0,0,0,0,0,17-Apr-17
OPTSTK,JUSTDIAL,27-Apr-17,250,PE,0,0,0,2.85,0,0,0,0,0,17-Apr-17
OPTSTK,JUSTDIAL,27-Apr-17,260,PE,0,0,0,3.95,0,0,0,0,0,17-Apr-17
OPTSTK,JUSTDIAL,27-Apr-17,270,PE,0,0,0,5.4,0,0,0,0,0,17-Apr-17
OPTSTK,JUSTDIAL,27-Apr-17,280,PE,0,0,0,7.1,0,0,0,0,0,17-Apr-17
OPTSTK,JUSTDIAL,27-Apr-17,290,PE,0,0,0,9.2,0,0,0,0,0,17-Apr-17
OPTSTK,JUSTDIAL,27-Apr-17,300,PE,0,0,0,11.65,0,0,0,0,0,17-Apr-17
OPTSTK,JUSTDIAL,27-Apr-17,310,PE,0,0,0,14.5,0,0,0,0,0,17-Apr-17
OPTSTK,JUSTDIAL,27-Apr-17,320,PE,0,0,0,17.75,0,0,0,0,0,17-Apr-17
OPTSTK,JUSTDIAL,27-Apr-17,330,PE,0,0,0,21.45,0,0,0,0,0,17-Apr-17
OPTSTK,JUSTDIAL,27-Apr-17,340,PE,0,0,0,25.55,0,0,0,0,0,17-Apr-17
OPTSTK,JUSTDIAL,27-Apr-17,350,PE,0,0,0,30.1,0,0,0,0,0,17-Apr-17
OPTSTK,JUSTDIAL,27-Apr-17,360,PE,0,0,0,35.05,0,0,0,0,0,17-Apr-17
OPTSTK,JUSTDIAL,27-Apr-17,370,PE,0,0,0,40.4,0,0,0,0,0,17-Apr-17
OPTSTK,JUSTDIAL,27-Apr-17,380,PE,0,0,0,46.1,0,0,0,0,0,17-Apr-17
OPTSTK,JUSTDIAL,27-Apr-17,390,PE,0,0,0,52.2,0,0,0,0,0,17-Apr-17
OPTSTK,JUSTDIAL,27-Apr-17,400,PE,0,0,0,58.65,0.05,0,0,0,0,17-Apr-17
OPTSTK,JUSTDIAL,27-Apr-17,410,PE,0,0,0,65.45,0.05,0,0,0,0,17-Apr-17
OPTSTK,JUSTDIAL,27-Apr-17,420,PE,0,0,0,72.5,0.1,0,0,0,0,17-Apr-17
OPTSTK,JUSTDIAL,27-Apr-17,430,PE,0,0,0,1.25,0.25,0,0,2400,0,17-Apr-17
OPTSTK,JUSTDIAL,27-Apr-17,440,PE,1.8,2.5,1.5,1.85,1.85,28,148.47,21600,6000,17-Apr-17
OPTSTK,JUSTDIAL,27-Apr-17,450,PE,1.75,2.5,1.75,2.5,2.5,5,27.13,9600,3600,17-Apr-17
OPTSTK,JUSTDIAL,27-Apr-17,460,PE,3.95,4.5,3,3.55,3.55,44,244.84,36000,8400,17-Apr-17
OPTSTK,JUSTDIAL,27-Apr-17,470,PE,6.6,7.4,4.05,5.4,5.4,14,79.93,18000,2400,17-Apr-17
OPTSTK,JUSTDIAL,27-Apr-17,480,PE,7,9.5,6.7,7.45,7.45,151,883.72,67200,39600,17-Apr-17
OPTSTK,JUSTDIAL,27-Apr-17,490,PE,11,13,9.7,11.25,11.25,37,222.55,15600,9600,17-Apr-17
OPTSTK,JUSTDIAL,27-Apr-17,500,PE,9.5,18,9.5,15.25,15.25,573,3541.85,176400,19200,17-Apr-17
OPTSTK,JUSTDIAL,27-Apr-17,510,PE,18.85,22.4,18.7,22,22,24,152.83,20400,1200,17-Apr-17
OPTSTK,JUSTDIAL,27-Apr-17,520,PE,17.75,30.35,17.75,27.45,27.45,104,681.87,63600,-24000,17-Apr-17
OPTSTK,JUSTDIAL,27-Apr-17,530,PE,25.55,35.55,25.55,32.75,32.75,14,94.75,49200,-8400,17-Apr-17
OPTSTK,JUSTDIAL,27-Apr-17,540,PE,30.1,46,30.1,42,42,15,104.16,48000,0,17-Apr-17
OPTSTK,JUSTDIAL,27-Apr-17,550,PE,49.45,49.45,49.45,49.45,49.45,1,7.19,18000,0,17-Apr-17
OPTSTK,JUSTDIAL,27-Apr-17,560,PE,0,0,0,38.55,55.2,0,0,13200,0,17-Apr-17
OPTSTK,JUSTDIAL,27-Apr-17,570,PE,0,0,0,56.25,64.4,0,0,1200,0,17-Apr-17
OPTSTK,JUSTDIAL,27-Apr-17,580,PE,0,0,0,62.05,73.85,0,0,3600,0,17-Apr-17
OPTSTK,JUSTDIAL,27-Apr-17,590,PE,0,0,0,47.5,83.55,0,0,1200,0,17-Apr-17
OPTSTK,JUSTDIAL,27-Apr-17,600,PE,0,0,0,70,93.3,0,0,7200,0,17-Apr-17
OPTSTK,JUSTDIAL,27-Apr-17,610,PE,0,0,0,71.1,103.2,0,0,1200,0,17-Apr-17
OPTSTK,JUSTDIAL,27-Apr-17,620,PE,0,0,0,88,113.1,0,0,2400,0,17-Apr-17
OPTSTK,JUSTDIAL,27-Apr-17,630,PE,0,0,0,149.55,123.05,0,0,0,0,17-Apr-17
OPTSTK,JUSTDIAL,27-Apr-17,640,PE,0,0,0,158.2,133,0,0,0,0,17-Apr-17
OPTSTK,JUSTDIAL,27-Apr-17,650,PE,0,0,0,149.8,143,0,0,0,0,17-Apr-17
OPTSTK,JUSTDIAL,27-Apr-17,660,PE,0,0,0,158.3,153,0,0,0,0,17-Apr-17
OPTSTK,JUSTDIAL,27-Apr-17,670,PE,0,0,0,166.9,162.95,0,0,0,0,17-Apr-17
OPTSTK,JUSTDIAL,27-Apr-17,680,PE,0,0,0,157.75,172.95,0,0,0,0,17-Apr-17
OPTSTK,JUSTDIAL,27-Apr-17,690,PE,0,0,0,166.2,182.9,0,0,0,0,17-Apr-17
OPTSTK,JUSTDIAL,25-May-17,370,CE,0,0,0,176.65,138.85,0,0,0,0,17-Apr-17
OPTSTK,JUSTDIAL,25-May-17,380,CE,0,0,0,168.15,129.2,0,0,0,0,17-Apr-17
OPTSTK,JUSTDIAL,25-May-17,390,CE,0,0,0,159.9,119.65,0,0,0,0,17-Apr-17
OPTSTK,JUSTDIAL,25-May-17,400,CE,0,0,0,151.85,110.3,0,0,0,0,17-Apr-17
OPTSTK,JUSTDIAL,25-May-17,410,CE,0,0,0,144,101.15,0,0,0,0,17-Apr-17
OPTSTK,JUSTDIAL,25-May-17,420,CE,0,0,0,136.35,92.25,0,0,0,0,17-Apr-17
OPTSTK,JUSTDIAL,25-May-17,430,CE,0,0,0,129,83.65,0,0,0,0,17-Apr-17
OPTSTK,JUSTDIAL,25-May-17,440,CE,0,0,0,121.9,75.4,0,0,0,0,17-Apr-17
OPTSTK,JUSTDIAL,25-May-17,450,CE,0,0,0,115.05,67.6,0,0,0,0,17-Apr-17
OPTSTK,JUSTDIAL,25-May-17,460,CE,0,0,0,108.45,60.2,0,0,0,0,17-Apr-17
OPTSTK,JUSTDIAL,25-May-17,470,CE,0,0,0,102.05,53.25,0,0,0,0,17-Apr-17
OPTSTK,JUSTDIAL,25-May-17,480,CE,0,0,0,96,46.8,0,0,0,0,17-Apr-17
OPTSTK,JUSTDIAL,25-May-17,490,CE,0,0,0,90.2,40.9,0,0,0,0,17-Apr-17
OPTSTK,JUSTDIAL,25-May-17,500,CE,0,0,0,84.65,35.5,0,0,0,0,17-Apr-17
OPTSTK,JUSTDIAL,25-May-17,510,CE,0,0,0,79.35,30.6,0,0,0,0,17-Apr-17
OPTSTK,JUSTDIAL,25-May-17,520,CE,0,0,0,74.3,26.2,0,0,0,0,17-Apr-17
OPTSTK,JUSTDIAL,25-May-17,530,CE,0,0,0,39,22.35,0,0,1200,0,17-Apr-17
OPTSTK,JUSTDIAL,25-May-17,540,CE,0,0,0,65,18.9,0,0,0,0,17-Apr-17
OPTSTK,JUSTDIAL,25-May-17,550,CE,0,0,0,60.7,15.9,0,0,0,0,17-Apr-17
OPTSTK,JUSTDIAL,25-May-17,560,CE,0,0,0,56.65,13.3,0,0,0,0,17-Apr-17
OPTSTK,JUSTDIAL,25-May-17,570,CE,0,0,0,52.8,11.1,0,0,0,0,17-Apr-17
OPTSTK,JUSTDIAL,25-May-17,580,CE,0,0,0,49.2,9.15,0,0,0,0,17-Apr-17
OPTSTK,JUSTDIAL,25-May-17,590,CE,0,0,0,45.8,7.5,0,0,0,0,17-Apr-17
OPTSTK,JUSTDIAL,25-May-17,600,CE,0,0,0,14.5,6.15,0,0,3600,0,17-Apr-17
OPTSTK,JUSTDIAL,25-May-17,610,CE,0,0,0,39.6,5,0,0,0,0,17-Apr-17
OPTSTK,JUSTDIAL,25-May-17,620,CE,0,0,0,36.8,4.05,0,0,0,0,17-Apr-17
OPTSTK,JUSTDIAL,25-May-17,630,CE,0,0,0,34.15,3.25,0,0,0,0,17-Apr-17
OPTSTK,JUSTDIAL,25-May-17,640,CE,0,0,0,31.7,2.65,0,0,0,0,17-Apr-17
OPTSTK,JUSTDIAL,25-May-17,650,CE,0,0,0,29.4,2.1,0,0,0,0,17-Apr-17
OPTSTK,JUSTDIAL,25-May-17,660,CE,0,0,0,27.25,1.65,0,0,0,0,17-Apr-17
OPTSTK,JUSTDIAL,25-May-17,670,CE,0,0,0,25.25,1.35,0,0,0,0,17-Apr-17
OPTSTK,JUSTDIAL,25-May-17,680,CE,0,0,0,23.4,1.05,0,0,0,0,17-Apr-17
OPTSTK,JUSTDIAL,25-May-17,690,CE,0,0,0,21.65,0.85,0,0,0,0,17-Apr-17
OPTSTK,JUSTDIAL,25-May-17,370,PE,0,0,0,6.25,0.45,0,0,0,0,17-Apr-17
OPTSTK,JUSTDIAL,25-May-17,380,PE,0,0,0,7.6,0.75,0,0,0,0,17-Apr-17
OPTSTK,JUSTDIAL,25-May-17,390,PE,0,0,0,9.15,1.15,0,0,0,0,17-Apr-17
OPTSTK,JUSTDIAL,25-May-17,400,PE,0,0,0,10.95,1.7,0,0,0,0,17-Apr-17
OPTSTK,JUSTDIAL,25-May-17,410,PE,0,0,0,12.95,2.5,0,0,0,0,17-Apr-17
OPTSTK,JUSTDIAL,25-May-17,420,PE,0,0,0,15.2,3.5,0,0,0,0,17-Apr-17
OPTSTK,JUSTDIAL,25-May-17,430,PE,0,0,0,17.65,4.85,0,0,0,0,17-Apr-17
OPTSTK,JUSTDIAL,25-May-17,440,PE,0,0,0,20.4,6.55,0,0,0,0,17-Apr-17
OPTSTK,JUSTDIAL,25-May-17,450,PE,0,0,0,23.35,8.65,0,0,0,0,17-Apr-17
OPTSTK,JUSTDIAL,25-May-17,460,PE,0,0,0,26.6,11.2,0,0,0,0,17-Apr-17
OPTSTK,JUSTDIAL,25-May-17,470,PE,0,0,0,30.1,14.15,0,0,0,0,17-Apr-17
OPTSTK,JUSTDIAL,25-May-17,480,PE,0,0,0,33.85,17.65,0,0,0,0,17-Apr-17
OPTSTK,JUSTDIAL,25-May-17,490,PE,0,0,0,37.9,21.7,0,0,0,0,17-Apr-17
OPTSTK,JUSTDIAL,25-May-17,500,PE,0,0,0,42.2,26.2,0,0,0,0,17-Apr-17
OPTSTK,JUSTDIAL,25-May-17,510,PE,42.7,42.7,42.7,42.7,42.7,1,6.63,1200,1200,17-Apr-17
OPTSTK,JUSTDIAL,25-May-17,520,PE,0,0,0,51.55,36.8,0,0,0,0,17-Apr-17
OPTSTK,JUSTDIAL,25-May-17,530,PE,0,0,0,56.6,42.85,0,0,0,0,17-Apr-17
OPTSTK,JUSTDIAL,25-May-17,540,PE,0,0,0,61.9,49.35,0,0,0,0,17-Apr-17
OPTSTK,JUSTDIAL,25-May-17,550,PE,0,0,0,67.45,56.3,0,0,0,0,17-Apr-17
OPTSTK,JUSTDIAL,25-May-17,560,PE,0,0,0,73.25,63.65,0,0,0,0,17-Apr-17
OPTSTK,JUSTDIAL,25-May-17,570,PE,0,0,0,79.25,71.35,0,0,0,0,17-Apr-17
OPTSTK,JUSTDIAL,25-May-17,580,PE,0,0,0,85.5,79.35,0,0,0,0,17-Apr-17
OPTSTK,JUSTDIAL,25-May-17,590,PE,0,0,0,91.95,87.65,0,0,0,0,17-Apr-17
OPTSTK,JUSTDIAL,25-May-17,600,PE,0,0,0,98.6,96.2,0,0,0,0,17-Apr-17
OPTSTK,JUSTDIAL,25-May-17,610,PE,0,0,0,105.45,105,0,0,0,0,17-Apr-17
OPTSTK,JUSTDIAL,25-May-17,620,PE,0,0,0,112.45,114,0,0,0,0,17-Apr-17
OPTSTK,JUSTDIAL,25-May-17,630,PE,0,0,0,119.65,123.1,0,0,0,0,17-Apr-17
OPTSTK,JUSTDIAL,25-May-17,640,PE,0,0,0,127.05,132.4,0,0,0,0,17-Apr-17
OPTSTK,JUSTDIAL,25-May-17,650,PE,0,0,0,134.6,141.8,0,0,0,0,17-Apr-17
OPTSTK,JUSTDIAL,25-May-17,660,PE,0,0,0,142.3,151.3,0,0,0,0,17-Apr-17
OPTSTK,JUSTDIAL,25-May-17,670,PE,0,0,0,150.15,160.9,0,0,0,0,17-Apr-17
OPTSTK,JUSTDIAL,25-May-17,680,PE,0,0,0,158.1,170.55,0,0,0,0,17-Apr-17
OPTSTK,JUSTDIAL,25-May-17,690,PE,0,0,0,166.2,180.25,0,0,0,0,17-Apr-17
OPTSTK,JUSTDIAL,29-Jun-17,380,CE,0,0,0,172.2,134.15,0,0,0,0,17-Apr-17
OPTSTK,JUSTDIAL,29-Jun-17,400,CE,0,0,0,154.45,116.75,0,0,0,0,17-Apr-17
OPTSTK,JUSTDIAL,29-Jun-17,420,CE,0,0,0,137.5,100.45,0,0,0,0,17-Apr-17
OPTSTK,JUSTDIAL,29-Jun-17,440,CE,0,0,0,121.45,85.35,0,0,0,0,17-Apr-17
OPTSTK,JUSTDIAL,29-Jun-17,460,CE,0,0,0,106.5,71.65,0,0,0,0,17-Apr-17
OPTSTK,JUSTDIAL,29-Jun-17,480,CE,0,0,0,92.65,59.45,0,0,0,0,17-Apr-17
OPTSTK,JUSTDIAL,29-Jun-17,500,CE,0,0,0,80,48.75,0,0,0,0,17-Apr-17
OPTSTK,JUSTDIAL,29-Jun-17,520,CE,0,0,0,68.6,39.5,0,0,0,0,17-Apr-17
OPTSTK,JUSTDIAL,29-Jun-17,540,CE,0,0,0,58.45,31.7,0,0,0,0,17-Apr-17
OPTSTK,JUSTDIAL,29-Jun-17,560,CE,0,0,0,49.45,25.15,0,0,0,0,17-Apr-17
OPTSTK,JUSTDIAL,29-Jun-17,580,CE,0,0,0,41.55,19.8,0,0,0,0,17-Apr-17
OPTSTK,JUSTDIAL,29-Jun-17,600,CE,0,0,0,34.75,15.45,0,0,0,0,17-Apr-17
OPTSTK,JUSTDIAL,29-Jun-17,620,CE,0,0,0,28.9,11.95,0,0,0,0,17-Apr-17
OPTSTK,JUSTDIAL,29-Jun-17,640,CE,0,0,0,23.9,9.15,0,0,0,0,17-Apr-17
OPTSTK,JUSTDIAL,29-Jun-17,660,CE,0,0,0,19.7,7,0,0,0,0,17-Apr-17
OPTSTK,JUSTDIAL,29-Jun-17,680,CE,0,0,0,16.15,5.3,0,0,0,0,17-Apr-17
OPTSTK,JUSTDIAL,29-Jun-17,380,PE,0,0,0,3.05,3.35,0,0,0,0,17-Apr-17
OPTSTK,JUSTDIAL,29-Jun-17,400,PE,0,0,0,5,5.7,0,0,0,0,17-Apr-17
OPTSTK,JUSTDIAL,29-Jun-17,420,PE,0,0,0,7.7,9.1,0,0,0,0,17-Apr-17
OPTSTK,JUSTDIAL,29-Jun-17,440,PE,0,0,0,11.35,13.8,0,0,0,0,17-Apr-17
OPTSTK,JUSTDIAL,29-Jun-17,460,PE,0,0,0,16.05,19.8,0,0,0,0,17-Apr-17
OPTSTK,JUSTDIAL,29-Jun-17,480,PE,0,0,0,21.9,27.35,0,0,0,0,17-Apr-17
OPTSTK,JUSTDIAL,29-Jun-17,500,PE,0,0,0,28.9,36.4,0,0,0,0,17-Apr-17
OPTSTK,JUSTDIAL,29-Jun-17,520,PE,0,0,0,37.2,46.9,0,0,0,0,17-Apr-17
OPTSTK,JUSTDIAL,29-Jun-17,540,PE,0,0,0,46.65,58.8,0,0,0,0,17-Apr-17
OPTSTK,JUSTDIAL,29-Jun-17,560,PE,0,0,0,57.35,72.05,0,0,0,0,17-Apr-17
OPTSTK,JUSTDIAL,29-Jun-17,580,PE,0,0,0,69.15,86.4,0,0,0,0,17-Apr-17
OPTSTK,JUSTDIAL,29-Jun-17,600,PE,0,0,0,82,101.8,0,0,0,0,17-Apr-17
OPTSTK,JUSTDIAL,29-Jun-17,620,PE,0,0,0,95.8,118.05,0,0,0,0,17-Apr-17
OPTSTK,JUSTDIAL,29-Jun-17,640,PE,0,0,0,110.5,135,0,0,0,0,17-Apr-17
OPTSTK,JUSTDIAL,29-Jun-17,660,PE,0,0,0,126,152.55,0,0,0,0,17-Apr-17
OPTSTK,JUSTDIAL,29-Jun-17,680,PE,0,0,0,142.1,170.6,0,0,0,0,17-Apr-17
OPTSTK,KOTAKBANK,27-Apr-17,600,CE,0,0,0,208.15,288.65,0,0,0,0,17-Apr-17
OPTSTK,KOTAKBANK,27-Apr-17,610,CE,0,0,0,199,278.7,0,0,0,0,17-Apr-17
OPTSTK,KOTAKBANK,27-Apr-17,620,CE,0,0,0,190.05,268.7,0,0,0,0,17-Apr-17
OPTSTK,KOTAKBANK,27-Apr-17,630,CE,0,0,0,181.2,258.7,0,0,0,0,17-Apr-17
OPTSTK,KOTAKBANK,27-Apr-17,640,CE,0,0,0,172.5,248.75,0,0,0,0,17-Apr-17
OPTSTK,KOTAKBANK,27-Apr-17,650,CE,0,0,0,164,238.75,0,0,0,0,17-Apr-17
OPTSTK,KOTAKBANK,27-Apr-17,660,CE,0,0,0,155.65,228.75,0,0,0,0,17-Apr-17
OPTSTK,KOTAKBANK,27-Apr-17,670,CE,0,0,0,147.5,218.8,0,0,0,0,17-Apr-17
OPTSTK,KOTAKBANK,27-Apr-17,680,CE,0,0,0,139.55,208.8,0,0,0,0,17-Apr-17
OPTSTK,KOTAKBANK,27-Apr-17,690,CE,0,0,0,131.85,198.8,0,0,0,0,17-Apr-17
OPTSTK,KOTAKBANK,27-Apr-17,700,CE,0,0,0,124.35,188.85,0,0,0,0,17-Apr-17
OPTSTK,KOTAKBANK,27-Apr-17,710,CE,0,0,0,117.1,178.85,0,0,0,0,17-Apr-17
OPTSTK,KOTAKBANK,27-Apr-17,720,CE,0,0,0,110.1,168.85,0,0,0,0,17-Apr-17
OPTSTK,KOTAKBANK,27-Apr-17,730,CE,0,0,0,103.3,158.9,0,0,0,0,17-Apr-17
OPTSTK,KOTAKBANK,27-Apr-17,740,CE,0,0,0,96.8,148.9,0,0,0,0,17-Apr-17
OPTSTK,KOTAKBANK,27-Apr-17,750,CE,0,0,0,90.55,138.95,0,0,0,0,17-Apr-17
OPTSTK,KOTAKBANK,27-Apr-17,760,CE,0,0,0,103.6,128.95,0,0,4800,0,17-Apr-17
OPTSTK,KOTAKBANK,27-Apr-17,770,CE,0,0,0,98.5,118.95,0,0,1600,0,17-Apr-17
OPTSTK,KOTAKBANK,27-Apr-17,780,CE,0,0,0,99.7,109,0,0,2400,0,17-Apr-17
OPTSTK,KOTAKBANK,27-Apr-17,790,CE,0,0,0,89.7,99,0,0,4000,0,17-Apr-17
OPTSTK,KOTAKBANK,27-Apr-17,800,CE,0,0,0,80.45,89,0,0,6400,0,17-Apr-17
OPTSTK,KOTAKBANK,27-Apr-17,810,CE,74.15,74.15,74.15,74.15,74.15,1,7.07,4000,0,17-Apr-17
OPTSTK,KOTAKBANK,27-Apr-17,820,CE,0,0,0,50,69.1,0,0,800,0,17-Apr-17
OPTSTK,KOTAKBANK,27-Apr-17,830,CE,0,0,0,43.1,59.25,0,0,1600,0,17-Apr-17
OPTSTK,KOTAKBANK,27-Apr-17,840,CE,0,0,0,37.85,49.5,0,0,7200,0,17-Apr-17
OPTSTK,KOTAKBANK,27-Apr-17,850,CE,40,40,40,40,40,2,14.24,12800,0,17-Apr-17
OPTSTK,KOTAKBANK,27-Apr-17,860,CE,29.25,31.7,29.25,31.7,31.7,3,21.38,80800,-800,17-Apr-17
OPTSTK,KOTAKBANK,27-Apr-17,870,CE,21.05,25.4,21,24.5,24.5,16,114.22,79200,0,17-Apr-17
OPTSTK,KOTAKBANK,27-Apr-17,880,CE,11,19.5,11,18.15,18.15,111,795.75,248800,-19200,17-Apr-17
OPTSTK,KOTAKBANK,27-Apr-17,890,CE,10.35,14,8.2,12.9,12.9,100,721.35,172800,4000,17-Apr-17
OPTSTK,KOTAKBANK,27-Apr-17,900,CE,6.3,10.2,5.9,9,9,338,2456.89,404000,6400,17-Apr-17
OPTSTK,KOTAKBANK,27-Apr-17,910,CE,4.1,7,4.1,5.9,5.9,63,461.68,101600,9600,17-Apr-17
OPTSTK,KOTAKBANK,27-Apr-17,920,CE,2.55,4.45,2.55,4,4,18,133.02,65600,-1600,17-Apr-17
OPTSTK,KOTAKBANK,27-Apr-17,930,CE,0,0,0,2.3,1.1,0,0,35200,0,17-Apr-17
OPTSTK,KOTAKBANK,27-Apr-17,940,CE,1.55,1.65,1.55,1.65,1.65,3,22.59,40000,0,17-Apr-17
OPTSTK,KOTAKBANK,27-Apr-17,950,CE,0.95,1,0.95,1,1,5,38.03,56800,-4000,17-Apr-17
OPTSTK,KOTAKBANK,27-Apr-17,960,CE,0,0,0,1.95,0.1,0,0,8000,0,17-Apr-17
OPTSTK,KOTAKBANK,27-Apr-17,970,CE,0,0,0,14.4,0.05,0,0,0,0,17-Apr-17
OPTSTK,KOTAKBANK,27-Apr-17,980,CE,0,0,0,2.45,0.05,0,0,800,0,17-Apr-17
OPTSTK,KOTAKBANK,27-Apr-17,1000,CE,0,0,0,10.65,0,0,0,0,0,17-Apr-17
OPTSTK,KOTAKBANK,27-Apr-17,1020,CE,0,0,0,1.05,0,0,0,0,0,17-Apr-17
OPTSTK,KOTAKBANK,27-Apr-17,1040,CE,0,0,0,0.1,0,0,0,0,0,17-Apr-17
OPTSTK,KOTAKBANK,27-Apr-17,1060,CE,0,0,0,0.05,0,0,0,0,0,17-Apr-17
OPTSTK,KOTAKBANK,27-Apr-17,1080,CE,0,0,0,0.05,0,0,0,0,0,17-Apr-17
OPTSTK,KOTAKBANK,27-Apr-17,600,PE,0,0,0,3.1,0,0,0,0,0,17-Apr-17
OPTSTK,KOTAKBANK,27-Apr-17,610,PE,0,0,0,3.8,0,0,0,0,0,17-Apr-17
OPTSTK,KOTAKBANK,27-Apr-17,620,PE,0,0,0,4.65,0,0,0,0,0,17-Apr-17
OPTSTK,KOTAKBANK,27-Apr-17,630,PE,0,0,0,5.65,0,0,0,0,0,17-Apr-17
OPTSTK,KOTAKBANK,27-Apr-17,640,PE,0,0,0,6.8,0,0,0,0,0,17-Apr-17
OPTSTK,KOTAKBANK,27-Apr-17,650,PE,0,0,0,8.1,0,0,0,0,0,17-Apr-17
OPTSTK,KOTAKBANK,27-Apr-17,660,PE,0,0,0,9.6,0,0,0,0,0,17-Apr-17
OPTSTK,KOTAKBANK,27-Apr-17,670,PE,0,0,0,11.3,0,0,0,0,0,17-Apr-17
OPTSTK,KOTAKBANK,27-Apr-17,680,PE,0,0,0,13.2,0,0,0,0,0,17-Apr-17
OPTSTK,KOTAKBANK,27-Apr-17,690,PE,0,0,0,15.3,0,0,0,0,0,17-Apr-17
OPTSTK,KOTAKBANK,27-Apr-17,700,PE,0,0,0,17.65,0,0,0,0,0,17-Apr-17
OPTSTK,KOTAKBANK,27-Apr-17,710,PE,0,0,0,20.25,0,0,0,0,0,17-Apr-17
OPTSTK,KOTAKBANK,27-Apr-17,720,PE,0,0,0,23.05,0,0,0,0,0,17-Apr-17
OPTSTK,KOTAKBANK,27-Apr-17,730,PE,0,0,0,26.1,0,0,0,0,0,17-Apr-17
OPTSTK,KOTAKBANK,27-Apr-17,740,PE,0,0,0,29.45,0,0,0,0,0,17-Apr-17
OPTSTK,KOTAKBANK,27-Apr-17,750,PE,0,0,0,33.05,0,0,0,0,0,17-Apr-17
OPTSTK,KOTAKBANK,27-Apr-17,760,PE,0,0,0,0.15,0,0,0,800,0,17-Apr-17
OPTSTK,KOTAKBANK,27-Apr-17,770,PE,0,0,0,0.05,0,0,0,3200,0,17-Apr-17
OPTSTK,KOTAKBANK,27-Apr-17,780,PE,0,0,0,0.05,0,0,0,5600,0,17-Apr-17
OPTSTK,KOTAKBANK,27-Apr-17,790,PE,0,0,0,0.1,0,0,0,3200,0,17-Apr-17
OPTSTK,KOTAKBANK,27-Apr-17,800,PE,0.15,0.15,0.15,0.15,0.15,1,6.4,60800,0,17-Apr-17
OPTSTK,KOTAKBANK,27-Apr-17,810,PE,0.2,0.2,0.2,0.2,0.2,1,6.48,16000,0,17-Apr-17
OPTSTK,KOTAKBANK,27-Apr-17,820,PE,0.55,0.55,0.55,0.55,0.55,2,13.12,33600,0,17-Apr-17
OPTSTK,KOTAKBANK,27-Apr-17,830,PE,0.6,0.7,0.6,0.65,0.65,18,119.61,412800,-4000,17-Apr-17
OPTSTK,KOTAKBANK,27-Apr-17,840,PE,1.5,1.6,1,1,1,27,181.71,79200,-3200,17-Apr-17
OPTSTK,KOTAKBANK,27-Apr-17,850,PE,2.95,3.05,1.8,2.15,2.15,40,272.75,162400,-800,17-Apr-17
OPTSTK,KOTAKBANK,27-Apr-17,860,PE,6,6,3.1,3.4,3.4,78,539.21,276000,-12800,17-Apr-17
OPTSTK,KOTAKBANK,27-Apr-17,870,PE,9,9,5.65,5.9,5.9,51,357.78,60800,4800,17-Apr-17
OPTSTK,KOTAKBANK,27-Apr-17,880,PE,8,13.2,8,9.65,9.65,49,349.1,105600,4000,17-Apr-17
OPTSTK,KOTAKBANK,27-Apr-17,890,PE,14,14,14,14,14,1,7.23,12800,0,17-Apr-17
OPTSTK,KOTAKBANK,27-Apr-17,900,PE,20.25,21.8,20.25,20.55,20.55,3,22.1,12000,800,17-Apr-17
OPTSTK,KOTAKBANK,27-Apr-17,910,PE,0,0,0,36.55,24.8,0,0,1600,0,17-Apr-17
OPTSTK,KOTAKBANK,27-Apr-17,920,PE,0,0,0,41,33,0,0,800,0,17-Apr-17
OPTSTK,KOTAKBANK,27-Apr-17,930,PE,0,0,0,140.65,41.9,0,0,0,0,17-Apr-17
OPTSTK,KOTAKBANK,27-Apr-17,940,PE,0,0,0,148.6,51.3,0,0,0,0,17-Apr-17
OPTSTK,KOTAKBANK,27-Apr-17,950,PE,0,0,0,156.7,61,0,0,0,0,17-Apr-17
OPTSTK,KOTAKBANK,27-Apr-17,960,PE,0,0,0,86,70.85,0,0,1600,0,17-Apr-17
OPTSTK,KOTAKBANK,27-Apr-17,970,PE,0,0,0,173.25,80.75,0,0,0,0,17-Apr-17
OPTSTK,KOTAKBANK,27-Apr-17,980,PE,0,0,0,181.75,90.7,0,0,0,0,17-Apr-17
OPTSTK,KOTAKBANK,27-Apr-17,1000,PE,0,0,0,199.05,110.7,0,0,0,0,17-Apr-17
OPTSTK,KOTAKBANK,27-Apr-17,1020,PE,0,0,0,186.55,130.65,0,0,0,0,17-Apr-17
OPTSTK,KOTAKBANK,27-Apr-17,1040,PE,0,0,0,195.85,150.6,0,0,0,0,17-Apr-17
OPTSTK,KOTAKBANK,27-Apr-17,1060,PE,0,0,0,193.45,170.55,0,0,0,0,17-Apr-17
OPTSTK,KOTAKBANK,27-Apr-17,1080,PE,0,0,0,194.45,190.55,0,0,0,0,17-Apr-17
OPTSTK,KOTAKBANK,25-May-17,610,CE,0,0,0,210.75,281.75,0,0,0,0,17-Apr-17
OPTSTK,KOTAKBANK,25-May-17,620,CE,0,0,0,201,271.8,0,0,0,0,17-Apr-17
OPTSTK,KOTAKBANK,25-May-17,630,CE,0,0,0,191.3,261.85,0,0,0,0,17-Apr-17
OPTSTK,KOTAKBANK,25-May-17,640,CE,0,0,0,181.7,251.95,0,0,0,0,17-Apr-17
OPTSTK,KOTAKBANK,25-May-17,650,CE,0,0,0,172.1,242,0,0,0,0,17-Apr-17
OPTSTK,KOTAKBANK,25-May-17,660,CE,0,0,0,162.6,232.05,0,0,0,0,17-Apr-17
OPTSTK,KOTAKBANK,25-May-17,670,CE,0,0,0,153.25,222.15,0,0,0,0,17-Apr-17
OPTSTK,KOTAKBANK,25-May-17,680,CE,0,0,0,144,212.2,0,0,0,0,17-Apr-17
OPTSTK,KOTAKBANK,25-May-17,690,CE,0,0,0,134.9,202.25,0,0,0,0,17-Apr-17
OPTSTK,KOTAKBANK,25-May-17,700,CE,0,0,0,126,192.35,0,0,0,0,17-Apr-17
OPTSTK,KOTAKBANK,25-May-17,710,CE,0,0,0,117.3,182.4,0,0,0,0,17-Apr-17
OPTSTK,KOTAKBANK,25-May-17,720,CE,0,0,0,108.8,172.5,0,0,0,0,17-Apr-17
OPTSTK,KOTAKBANK,25-May-17,730,CE,0,0,0,100.6,162.55,0,0,0,0,17-Apr-17
OPTSTK,KOTAKBANK,25-May-17,740,CE,0,0,0,92.65,152.65,0,0,0,0,17-Apr-17
OPTSTK,KOTAKBANK,25-May-17,750,CE,0,0,0,85,142.7,0,0,0,0,17-Apr-17
OPTSTK,KOTAKBANK,25-May-17,760,CE,0,0,0,77.75,132.85,0,0,0,0,17-Apr-17
OPTSTK,KOTAKBANK,25-May-17,770,CE,0,0,0,70.75,122.95,0,0,0,0,17-Apr-17
OPTSTK,KOTAKBANK,25-May-17,780,CE,0,0,0,64.2,113.15,0,0,0,0,17-Apr-17
OPTSTK,KOTAKBANK,25-May-17,790,CE,0,0,0,58,103.45,0,0,0,0,17-Apr-17
OPTSTK,KOTAKBANK,25-May-17,800,CE,0,0,0,52.2,93.85,0,0,0,0,17-Apr-17
OPTSTK,KOTAKBANK,25-May-17,810,CE,0,0,0,46.8,84.4,0,0,0,0,17-Apr-17
OPTSTK,KOTAKBANK,25-May-17,820,CE,0,0,0,41.75,75.25,0,0,0,0,17-Apr-17
OPTSTK,KOTAKBANK,25-May-17,830,CE,0,0,0,37.1,66.35,0,0,0,0,17-Apr-17
OPTSTK,KOTAKBANK,25-May-17,840,CE,0,0,0,32.85,57.9,0,0,0,0,17-Apr-17
OPTSTK,KOTAKBANK,25-May-17,850,CE,0,0,0,29,49.9,0,0,0,0,17-Apr-17
OPTSTK,KOTAKBANK,25-May-17,860,CE,0,0,0,25.45,42.45,0,0,0,0,17-Apr-17
OPTSTK,KOTAKBANK,25-May-17,870,CE,0,0,0,22.25,35.65,0,0,0,0,17-Apr-17
OPTSTK,KOTAKBANK,25-May-17,880,CE,0,0,0,19.4,29.45,0,0,0,0,17-Apr-17
OPTSTK,KOTAKBANK,25-May-17,890,CE,0,0,0,16.85,24,0,0,0,0,17-Apr-17
OPTSTK,KOTAKBANK,25-May-17,900,CE,0,0,0,17,19.25,0,0,59200,0,17-Apr-17
OPTSTK,KOTAKBANK,25-May-17,910,CE,0,0,0,12.55,15.2,0,0,0,0,17-Apr-17
OPTSTK,KOTAKBANK,25-May-17,920,CE,0,0,0,10.75,11.85,0,0,0,0,17-Apr-17
OPTSTK,KOTAKBANK,25-May-17,930,CE,0,0,0,9.2,9.1,0,0,0,0,17-Apr-17
OPTSTK,KOTAKBANK,25-May-17,940,CE,0,0,0,7.85,6.8,0,0,0,0,17-Apr-17
OPTSTK,KOTAKBANK,25-May-17,950,CE,0,0,0,6.65,5.05,0,0,0,0,17-Apr-17
OPTSTK,KOTAKBANK,25-May-17,960,CE,0,0,0,5.6,3.65,0,0,0,0,17-Apr-17
OPTSTK,KOTAKBANK,25-May-17,970,CE,0,0,0,4.75,2.6,0,0,0,0,17-Apr-17
OPTSTK,KOTAKBANK,25-May-17,980,CE,0,0,0,4,1.85,0,0,0,0,17-Apr-17
OPTSTK,KOTAKBANK,25-May-17,1000,CE,0,0,0,2.8,0.9,0,0,0,0,17-Apr-17
OPTSTK,KOTAKBANK,25-May-17,1020,CE,0,0,0,3.25,0.4,0,0,0,0,17-Apr-17
OPTSTK,KOTAKBANK,25-May-17,1040,CE,0,0,0,0.75,0.15,0,0,0,0,17-Apr-17
OPTSTK,KOTAKBANK,25-May-17,1060,CE,0,0,0,0.35,0.1,0,0,0,0,17-Apr-17
OPTSTK,KOTAKBANK,25-May-17,1080,CE,0,0,0,0.25,0.05,0,0,0,0,17-Apr-17
OPTSTK,KOTAKBANK,25-May-17,610,PE,0,0,0,0.25,0,0,0,0,0,17-Apr-17
OPTSTK,KOTAKBANK,25-May-17,620,PE,0,0,0,0.35,0,0,0,0,0,17-Apr-17
OPTSTK,KOTAKBANK,25-May-17,630,PE,0,0,0,0.5,0,0,0,0,0,17-Apr-17
OPTSTK,KOTAKBANK,25-May-17,640,PE,0,0,0,0.7,0,0,0,0,0,17-Apr-17
OPTSTK,KOTAKBANK,25-May-17,650,PE,0,0,0,0.95,0,0,0,0,0,17-Apr-17
OPTSTK,KOTAKBANK,25-May-17,660,PE,0,0,0,1.3,0,0,0,0,0,17-Apr-17
OPTSTK,KOTAKBANK,25-May-17,670,PE,0,0,0,1.8,0,0,0,0,0,17-Apr-17
OPTSTK,KOTAKBANK,25-May-17,680,PE,0,0,0,2.35,0,0,0,0,0,17-Apr-17
OPTSTK,KOTAKBANK,25-May-17,690,PE,0,0,0,3.1,0,0,0,0,0,17-Apr-17
OPTSTK,KOTAKBANK,25-May-17,700,PE,0,0,0,4.05,0,0,0,0,0,17-Apr-17
OPTSTK,KOTAKBANK,25-May-17,710,PE,0,0,0,5.2,0,0,0,0,0,17-Apr-17
OPTSTK,KOTAKBANK,25-May-17,720,PE,0,0,0,6.55,0,0,0,0,0,17-Apr-17
OPTSTK,KOTAKBANK,25-May-17,730,PE,0,0,0,8.2,0.05,0,0,0,0,17-Apr-17
OPTSTK,KOTAKBANK,25-May-17,740,PE,0,0,0,10.1,0.05,0,0,0,0,17-Apr-17
OPTSTK,KOTAKBANK,25-May-17,750,PE,0,0,0,12.3,0.05,0,0,0,0,17-Apr-17
OPTSTK,KOTAKBANK,25-May-17,760,PE,0,0,0,14.9,0.1,0,0,0,0,17-Apr-17
OPTSTK,KOTAKBANK,25-May-17,770,PE,0,0,0,17.75,0.15,0,0,0,0,17-Apr-17
OPTSTK,KOTAKBANK,25-May-17,780,PE,0,0,0,21,0.3,0,0,0,0,17-Apr-17
OPTSTK,KOTAKBANK,25-May-17,790,PE,0,0,0,24.65,0.5,0,0,0,0,17-Apr-17
OPTSTK,KOTAKBANK,25-May-17,800,PE,0,0,0,28.7,0.85,0,0,0,0,17-Apr-17
OPTSTK,KOTAKBANK,25-May-17,810,PE,0,0,0,33.15,1.35,0,0,0,0,17-Apr-17
OPTSTK,KOTAKBANK,25-May-17,820,PE,0,0,0,37.95,2.1,0,0,0,0,17-Apr-17
OPTSTK,KOTAKBANK,25-May-17,830,PE,0,0,0,43.15,3.2,0,0,0,0,17-Apr-17
OPTSTK,KOTAKBANK,25-May-17,840,PE,0,0,0,48.75,4.65,0,0,0,0,17-Apr-17
OPTSTK,KOTAKBANK,25-May-17,850,PE,0,0,0,54.7,6.55,0,0,0,0,17-Apr-17
OPTSTK,KOTAKBANK,25-May-17,860,PE,0,0,0,61,9.05,0,0,0,0,17-Apr-17
OPTSTK,KOTAKBANK,25-May-17,870,PE,0,0,0,67.65,12.15,0,0,0,0,17-Apr-17
OPTSTK,KOTAKBANK,25-May-17,880,PE,18,18,18,18,18,2,14.36,2400,1600,17-Apr-17
OPTSTK,KOTAKBANK,25-May-17,890,PE,0,0,0,81.95,20.4,0,0,0,0,17-Apr-17
OPTSTK,KOTAKBANK,25-May-17,900,PE,0,0,0,89.5,25.6,0,0,0,0,17-Apr-17
OPTSTK,KOTAKBANK,25-May-17,910,PE,0,0,0,97.3,31.5,0,0,0,0,17-Apr-17
OPTSTK,KOTAKBANK,25-May-17,920,PE,0,0,0,105.35,38,0,0,0,0,17-Apr-17
OPTSTK,KOTAKBANK,25-May-17,930,PE,0,0,0,113.65,45.2,0,0,0,0,17-Apr-17
OPTSTK,KOTAKBANK,25-May-17,940,PE,0,0,0,122.15,52.85,0,0,0,0,17-Apr-17
OPTSTK,KOTAKBANK,25-May-17,950,PE,0,0,0,130.8,61.05,0,0,0,0,17-Apr-17
OPTSTK,KOTAKBANK,25-May-17,960,PE,0,0,0,139.6,69.6,0,0,0,0,17-Apr-17
OPTSTK,KOTAKBANK,25-May-17,970,PE,0,0,0,148.55,78.5,0,0,0,0,17-Apr-17
OPTSTK,KOTAKBANK,25-May-17,980,PE,0,0,0,157.65,87.65,0,0,0,0,17-Apr-17
OPTSTK,KOTAKBANK,25-May-17,1000,PE,0,0,0,176.15,106.55,0,0,0,0,17-Apr-17
OPTSTK,KOTAKBANK,25-May-17,1020,PE,0,0,0,183.7,125.9,0,0,0,0,17-Apr-17
OPTSTK,KOTAKBANK,25-May-17,1040,PE,0,0,0,191.35,145.55,0,0,0,0,17-Apr-17
OPTSTK,KOTAKBANK,25-May-17,1060,PE,0,0,0,188.45,165.35,0,0,0,0,17-Apr-17
OPTSTK,KOTAKBANK,25-May-17,1080,PE,0,0,0,189.25,185.15,0,0,0,0,17-Apr-17
OPTSTK,KOTAKBANK,29-Jun-17,620,CE,0,0,0,255.4,275.65,0,0,0,0,17-Apr-17
OPTSTK,KOTAKBANK,29-Jun-17,640,CE,0,0,0,235.75,255.9,0,0,0,0,17-Apr-17
OPTSTK,KOTAKBANK,29-Jun-17,660,CE,0,0,0,216.1,236.15,0,0,0,0,17-Apr-17
OPTSTK,KOTAKBANK,29-Jun-17,680,CE,0,0,0,196.5,216.4,0,0,0,0,17-Apr-17
OPTSTK,KOTAKBANK,29-Jun-17,700,CE,0,0,0,176.95,196.7,0,0,0,0,17-Apr-17
OPTSTK,KOTAKBANK,29-Jun-17,720,CE,0,0,0,157.65,177.05,0,0,0,0,17-Apr-17
OPTSTK,KOTAKBANK,29-Jun-17,740,CE,0,0,0,138.6,157.5,0,0,0,0,17-Apr-17
OPTSTK,KOTAKBANK,29-Jun-17,760,CE,0,0,0,120.1,138.15,0,0,0,0,17-Apr-17
OPTSTK,KOTAKBANK,29-Jun-17,780,CE,0,0,0,102.3,119.25,0,0,0,0,17-Apr-17
OPTSTK,KOTAKBANK,29-Jun-17,800,CE,0,0,0,85.55,100.95,0,0,0,0,17-Apr-17
OPTSTK,KOTAKBANK,29-Jun-17,820,CE,0,0,0,70.15,83.7,0,0,0,0,17-Apr-17
OPTSTK,KOTAKBANK,29-Jun-17,840,CE,0,0,0,56.25,67.7,0,0,0,0,17-Apr-17
OPTSTK,KOTAKBANK,29-Jun-17,860,CE,0,0,0,44.1,53.35,0,0,0,0,17-Apr-17
OPTSTK,KOTAKBANK,29-Jun-17,880,CE,0,0,0,33.75,40.85,0,0,0,0,17-Apr-17
OPTSTK,KOTAKBANK,29-Jun-17,900,CE,0,0,0,25.2,30.4,0,0,0,0,17-Apr-17
OPTSTK,KOTAKBANK,29-Jun-17,920,CE,0,0,0,18.4,21.95,0,0,0,0,17-Apr-17
OPTSTK,KOTAKBANK,29-Jun-17,940,CE,0,0,0,13.15,15.35,0,0,0,0,17-Apr-17
OPTSTK,KOTAKBANK,29-Jun-17,960,CE,0,0,0,11.5,10.45,0,0,800,0,17-Apr-17
OPTSTK,KOTAKBANK,29-Jun-17,980,CE,0,0,0,6.2,6.85,0,0,0,0,17-Apr-17
OPTSTK,KOTAKBANK,29-Jun-17,1000,CE,0,0,0,4.1,4.4,0,0,0,0,17-Apr-17
OPTSTK,KOTAKBANK,29-Jun-17,1020,CE,0,0,0,2.65,2.7,0,0,0,0,17-Apr-17
OPTSTK,KOTAKBANK,29-Jun-17,1040,CE,0,0,0,1.7,1.65,0,0,0,0,17-Apr-17
OPTSTK,KOTAKBANK,29-Jun-17,1060,CE,0,0,0,1.05,0.95,0,0,0,0,17-Apr-17
OPTSTK,KOTAKBANK,29-Jun-17,1080,CE,0,0,0,0.65,0.55,0,0,0,0,17-Apr-17
OPTSTK,KOTAKBANK,29-Jun-17,620,PE,0,0,0,0.05,0,0,0,0,0,17-Apr-17
OPTSTK,KOTAKBANK,29-Jun-17,640,PE,0,0,0,0.05,0,0,0,0,0,17-Apr-17
OPTSTK,KOTAKBANK,29-Jun-17,660,PE,0,0,0,0.05,0,0,0,0,0,17-Apr-17
OPTSTK,KOTAKBANK,29-Jun-17,680,PE,0,0,0,0.1,0.05,0,0,0,0,17-Apr-17
OPTSTK,KOTAKBANK,29-Jun-17,700,PE,0,0,0,0.3,0.05,0,0,0,0,17-Apr-17
OPTSTK,KOTAKBANK,29-Jun-17,720,PE,0,0,0,0.6,0.15,0,0,0,0,17-Apr-17
OPTSTK,KOTAKBANK,29-Jun-17,740,PE,0,0,0,1.25,0.3,0,0,0,0,17-Apr-17
OPTSTK,KOTAKBANK,29-Jun-17,760,PE,0,0,0,2.4,0.75,0,0,0,0,17-Apr-17
OPTSTK,KOTAKBANK,29-Jun-17,780,PE,0,0,0,4.3,1.55,0,0,0,0,17-Apr-17
OPTSTK,KOTAKBANK,29-Jun-17,800,PE,0,0,0,7.25,3.05,0,0,0,0,17-Apr-17
OPTSTK,KOTAKBANK,29-Jun-17,820,PE,0,0,0,11.45,5.5,0,0,0,0,17-Apr-17
OPTSTK,KOTAKBANK,29-Jun-17,840,PE,0,0,0,17.2,9.25,0,0,0,0,17-Apr-17
OPTSTK,KOTAKBANK,29-Jun-17,860,PE,0,0,0,24.75,14.65,0,0,0,0,17-Apr-17
OPTSTK,KOTAKBANK,29-Jun-17,880,PE,0,0,0,34.1,21.9,0,0,0,0,17-Apr-17
OPTSTK,KOTAKBANK,29-Jun-17,900,PE,0,0,0,45.2,31.2,0,0,0,0,17-Apr-17
OPTSTK,KOTAKBANK,29-Jun-17,920,PE,0,0,0,58.05,42.45,0,0,0,0,17-Apr-17
OPTSTK,KOTAKBANK,29-Jun-17,940,PE,0,0,0,72.5,55.6,0,0,0,0,17-Apr-17
OPTSTK,KOTAKBANK,29-Jun-17,960,PE,0,0,0,88.15,70.45,0,0,0,0,17-Apr-17
OPTSTK,KOTAKBANK,29-Jun-17,980,PE,0,0,0,104.9,86.6,0,0,0,0,17-Apr-17
OPTSTK,KOTAKBANK,29-Jun-17,1000,PE,0,0,0,122.45,103.85,0,0,0,0,17-Apr-17
OPTSTK,KOTAKBANK,29-Jun-17,1020,PE,0,0,0,140.7,121.95,0,0,0,0,17-Apr-17
OPTSTK,KOTAKBANK,29-Jun-17,1040,PE,0,0,0,159.4,140.6,0,0,0,0,17-Apr-17
OPTSTK,KOTAKBANK,29-Jun-17,1060,PE,0,0,0,178.45,159.7,0,0,0,0,17-Apr-17
OPTSTK,KOTAKBANK,29-Jun-17,1080,PE,0,0,0,197.7,179,0,0,0,0,17-Apr-17
OPTSTK,KPIT,27-Apr-17,85,CE,0,0,0,50.75,43.75,0,0,0,0,17-Apr-17
OPTSTK,KPIT,27-Apr-17,87.5,CE,0,0,0,43.6,41.25,0,0,0,0,17-Apr-17
OPTSTK,KPIT,27-Apr-17,90,CE,0,0,0,45.85,38.8,0,0,0,0,17-Apr-17
OPTSTK,KPIT,27-Apr-17,92.5,CE,0,0,0,38.65,36.3,0,0,0,0,17-Apr-17
OPTSTK,KPIT,27-Apr-17,95,CE,0,0,0,40.95,33.8,0,0,0,0,17-Apr-17
OPTSTK,KPIT,27-Apr-17,97.5,CE,0,0,0,33.65,31.3,0,0,0,0,17-Apr-17
OPTSTK,KPIT,27-Apr-17,100,CE,0,0,0,36.1,28.8,0,0,0,0,17-Apr-17
OPTSTK,KPIT,27-Apr-17,102.5,CE,0,0,0,28.7,26.3,0,0,0,0,17-Apr-17
OPTSTK,KPIT,27-Apr-17,105,CE,0,0,0,31.35,23.8,0,0,0,0,17-Apr-17
OPTSTK,KPIT,27-Apr-17,107.5,CE,0,0,0,23.7,21.3,0,0,0,0,17-Apr-17
OPTSTK,KPIT,27-Apr-17,110,CE,0,0,0,26.75,18.8,0,0,0,0,17-Apr-17
OPTSTK,KPIT,27-Apr-17,112.5,CE,0,0,0,18.75,16.3,0,0,0,0,17-Apr-17
OPTSTK,KPIT,27-Apr-17,115,CE,0,0,0,22.35,13.8,0,0,0,0,17-Apr-17
OPTSTK,KPIT,27-Apr-17,117.5,CE,0,0,0,13.85,11.35,0,0,0,0,17-Apr-17
OPTSTK,KPIT,27-Apr-17,120,CE,0,0,0,18.3,8.85,0,0,0,0,17-Apr-17
OPTSTK,KPIT,27-Apr-17,122.5,CE,0,0,0,9.2,6.45,0,0,0,0,17-Apr-17
OPTSTK,KPIT,27-Apr-17,125,CE,0,0,0,9,4.25,0,0,16000,0,17-Apr-17
OPTSTK,KPIT,27-Apr-17,127.5,CE,0,0,0,6.25,2.45,0,0,4000,0,17-Apr-17
OPTSTK,KPIT,27-Apr-17,130,CE,2.95,2.95,2.95,2.95,2.95,1,5.31,76000,0,17-Apr-17
OPTSTK,KPIT,27-Apr-17,132.5,CE,0,0,0,2.55,0.5,0,0,0,0,17-Apr-17
OPTSTK,KPIT,27-Apr-17,135,CE,0,0,0,1.5,0.2,0,0,168000,0,17-Apr-17
OPTSTK,KPIT,27-Apr-17,137.5,CE,0,0,0,1.7,0.05,0,0,4000,0,17-Apr-17
OPTSTK,KPIT,27-Apr-17,140,CE,0.6,0.6,0.55,0.55,0.55,2,11.24,80000,0,17-Apr-17
OPTSTK,KPIT,27-Apr-17,142.5,CE,0,0,0,0.35,0,0,0,0,0,17-Apr-17
OPTSTK,KPIT,27-Apr-17,145,CE,0,0,0,0.65,0,0,0,24000,0,17-Apr-17
OPTSTK,KPIT,27-Apr-17,147.5,CE,0,0,0,0.1,0,0,0,0,0,17-Apr-17
OPTSTK,KPIT,27-Apr-17,150,CE,0,0,0,0.35,0,0,0,16000,0,17-Apr-17
OPTSTK,KPIT,27-Apr-17,152.5,CE,0,0,0,0.05,0,0,0,0,0,17-Apr-17
OPTSTK,KPIT,27-Apr-17,155,CE,0,0,0,2.35,0,0,0,0,0,17-Apr-17
OPTSTK,KPIT,27-Apr-17,157.5,CE,0,0,0,0.05,0,0,0,0,0,17-Apr-17
OPTSTK,KPIT,27-Apr-17,160,CE,0,0,0,0.3,0,0,0,4000,0,17-Apr-17
OPTSTK,KPIT,27-Apr-17,162.5,CE,0,0,0,0.05,0,0,0,0,0,17-Apr-17
OPTSTK,KPIT,27-Apr-17,165,CE,0,0,0,1.05,0,0,0,0,0,17-Apr-17
OPTSTK,KPIT,27-Apr-17,167.5,CE,0,0,0,0.05,0,0,0,0,0,17-Apr-17
OPTSTK,KPIT,27-Apr-17,170,CE,0,0,0,0.7,0,0,0,0,0,17-Apr-17
OPTSTK,KPIT,27-Apr-17,172.5,CE,0,0,0,0.05,0,0,0,0,0,17-Apr-17
OPTSTK,KPIT,27-Apr-17,175,CE,0,0,0,0.45,0,0,0,0,0,17-Apr-17
OPTSTK,KPIT,27-Apr-17,177.5,CE,0,0,0,0.05,0,0,0,0,0,17-Apr-17
OPTSTK,KPIT,27-Apr-17,180,CE,0,0,0,0.3,0,0,0,0,0,17-Apr-17
OPTSTK,KPIT,27-Apr-17,185,CE,0,0,0,0.2,0,0,0,0,0,17-Apr-17
OPTSTK,KPIT,27-Apr-17,85,PE,0,0,0,0.05,0,0,0,0,0,17-Apr-17
OPTSTK,KPIT,27-Apr-17,87.5,PE,0,0,0,0.05,0,0,0,0,0,17-Apr-17
OPTSTK,KPIT,27-Apr-17,90,PE,0,0,0,0.05,0,0,0,0,0,17-Apr-17
OPTSTK,KPIT,27-Apr-17,92.5,PE,0,0,0,0.05,0,0,0,0,0,17-Apr-17
OPTSTK,KPIT,27-Apr-17,95,PE,0,0,0,0.05,0,0,0,0,0,17-Apr-17
OPTSTK,KPIT,27-Apr-17,97.5,PE,0,0,0,0.05,0,0,0,0,0,17-Apr-17
OPTSTK,KPIT,27-Apr-17,100,PE,0,0,0,0.15,0,0,0,0,0,17-Apr-17
OPTSTK,KPIT,27-Apr-17,102.5,PE,0,0,0,0.05,0,0,0,0,0,17-Apr-17
OPTSTK,KPIT,27-Apr-17,105,PE,0,0,0,0.3,0,0,0,0,0,17-Apr-17
OPTSTK,KPIT,27-Apr-17,107.5,PE,0,0,0,0.05,0,0,0,0,0,17-Apr-17
OPTSTK,KPIT,27-Apr-17,110,PE,0,0,0,0.6,0,0,0,0,0,17-Apr-17
OPTSTK,KPIT,27-Apr-17,112.5,PE,0,0,0,0.05,0,0,0,0,0,17-Apr-17
OPTSTK,KPIT,27-Apr-17,115,PE,0,0,0,1.15,0,0,0,0,0,17-Apr-17
OPTSTK,KPIT,27-Apr-17,117.5,PE,0,0,0,0.1,0,0,0,0,0,17-Apr-17
OPTSTK,KPIT,27-Apr-17,120,PE,0.5,0.5,0.5,0.5,0.5,2,9.64,80000,8000,17-Apr-17
OPTSTK,KPIT,27-Apr-17,122.5,PE,0,0,0,0.45,0.15,0,0,0,0,17-Apr-17
OPTSTK,KPIT,27-Apr-17,125,PE,0,0,0,1.5,0.45,0,0,72000,0,17-Apr-17
OPTSTK,KPIT,27-Apr-17,127.5,PE,0,0,0,2,1.15,0,0,12000,0,17-Apr-17
OPTSTK,KPIT,27-Apr-17,130,PE,4.25,4.25,4.25,4.25,4.25,1,5.37,48000,0,17-Apr-17
OPTSTK,KPIT,27-Apr-17,132.5,PE,0,0,0,4.45,4.15,0,0,0,0,17-Apr-17
OPTSTK,KPIT,27-Apr-17,135,PE,0,0,0,8.2,6.35,0,0,0,0,17-Apr-17
OPTSTK,KPIT,27-Apr-17,137.5,PE,0,0,0,7.15,8.7,0,0,0,0,17-Apr-17
OPTSTK,KPIT,27-Apr-17,140,PE,0,0,0,11.1,11.2,0,0,24000,0,17-Apr-17
OPTSTK,KPIT,27-Apr-17,142.5,PE,0,0,0,11.45,13.65,0,0,0,0,17-Apr-17
OPTSTK,KPIT,27-Apr-17,145,PE,0,0,0,14,16.15,0,0,8000,0,17-Apr-17
OPTSTK,KPIT,27-Apr-17,147.5,PE,0,0,0,16.2,18.65,0,0,0,0,17-Apr-17
OPTSTK,KPIT,27-Apr-17,150,PE,0,0,0,19,21.15,0,0,60000,0,17-Apr-17
OPTSTK,KPIT,27-Apr-17,152.5,PE,0,0,0,21.15,23.65,0,0,0,0,17-Apr-17
OPTSTK,KPIT,27-Apr-17,155,PE,0,0,0,20.45,26.15,0,0,0,0,17-Apr-17
OPTSTK,KPIT,27-Apr-17,157.5,PE,0,0,0,26.1,28.65,0,0,0,0,17-Apr-17
OPTSTK,KPIT,27-Apr-17,160,PE,0,0,0,26.8,31.15,0,0,4000,0,17-Apr-17
OPTSTK,KPIT,27-Apr-17,162.5,PE,0,0,0,31.05,33.65,0,0,0,0,17-Apr-17
OPTSTK,KPIT,27-Apr-17,165,PE,0,0,0,29,36.15,0,0,0,0,17-Apr-17
OPTSTK,KPIT,27-Apr-17,167.5,PE,0,0,0,36.05,38.65,0,0,0,0,17-Apr-17
OPTSTK,KPIT,27-Apr-17,170,PE,0,0,0,33.55,41.1,0,0,0,0,17-Apr-17
OPTSTK,KPIT,27-Apr-17,172.5,PE,0,0,0,41,43.6,0,0,0,0,17-Apr-17
OPTSTK,KPIT,27-Apr-17,175,PE,0,0,0,38.25,46.1,0,0,0,0,17-Apr-17
OPTSTK,KPIT,27-Apr-17,177.5,PE,0,0,0,46,48.6,0,0,0,0,17-Apr-17
OPTSTK,KPIT,27-Apr-17,180,PE,0,0,0,43,51.1,0,0,0,0,17-Apr-17
OPTSTK,KPIT,27-Apr-17,185,PE,0,0,0,47.8,56.1,0,0,0,0,17-Apr-17
OPTSTK,KPIT,25-May-17,85,CE,0,0,0,54.5,44.2,0,0,0,0,17-Apr-17
OPTSTK,KPIT,25-May-17,87.5,CE,0,0,0,44.05,41.7,0,0,0,0,17-Apr-17
OPTSTK,KPIT,25-May-17,90,CE,0,0,0,49.6,39.25,0,0,0,0,17-Apr-17
OPTSTK,KPIT,25-May-17,92.5,CE,0,0,0,39.1,36.75,0,0,0,0,17-Apr-17
OPTSTK,KPIT,25-May-17,95,CE,0,0,0,44.7,34.25,0,0,0,0,17-Apr-17
OPTSTK,KPIT,25-May-17,97.5,CE,0,0,0,34.15,31.8,0,0,0,0,17-Apr-17
OPTSTK,KPIT,25-May-17,100,CE,0,0,0,39.8,29.3,0,0,0,0,17-Apr-17
OPTSTK,KPIT,25-May-17,102.5,CE,0,0,0,29.2,26.8,0,0,0,0,17-Apr-17
OPTSTK,KPIT,25-May-17,105,CE,0,0,0,34.95,24.35,0,0,0,0,17-Apr-17
OPTSTK,KPIT,25-May-17,107.5,CE,0,0,0,24.3,21.85,0,0,0,0,17-Apr-17
OPTSTK,KPIT,25-May-17,110,CE,0,0,0,30.25,19.4,0,0,0,0,17-Apr-17
OPTSTK,KPIT,25-May-17,112.5,CE,0,0,0,19.4,16.9,0,0,0,0,17-Apr-17
OPTSTK,KPIT,25-May-17,115,CE,0,0,0,25.7,14.5,0,0,0,0,17-Apr-17
OPTSTK,KPIT,25-May-17,117.5,CE,0,0,0,14.75,12.15,0,0,0,0,17-Apr-17
OPTSTK,KPIT,25-May-17,120,CE,0,0,0,21.4,9.9,0,0,0,0,17-Apr-17
OPTSTK,KPIT,25-May-17,122.5,CE,0,0,0,10.5,7.85,0,0,0,0,17-Apr-17
OPTSTK,KPIT,25-May-17,125,CE,0,0,0,22.2,5.95,0,0,0,0,17-Apr-17
OPTSTK,KPIT,25-May-17,127.5,CE,0,0,0,6.9,4.4,0,0,0,0,17-Apr-17
OPTSTK,KPIT,25-May-17,130,CE,7,7,7,7,7,1,5.48,4000,4000,17-Apr-17
OPTSTK,KPIT,25-May-17,132.5,CE,0,0,0,4.15,2.1,0,0,0,0,17-Apr-17
OPTSTK,KPIT,25-May-17,135,CE,0,0,0,10.8,1.35,0,0,0,0,17-Apr-17
OPTSTK,KPIT,25-May-17,137.5,CE,0,0,0,2.25,0.85,0,0,0,0,17-Apr-17
OPTSTK,KPIT,25-May-17,140,CE,0,0,0,8.2,0.5,0,0,0,0,17-Apr-17
OPTSTK,KPIT,25-May-17,142.5,CE,0,0,0,1.15,0.3,0,0,0,0,17-Apr-17
OPTSTK,KPIT,25-May-17,145,CE,0,0,0,6.1,0.15,0,0,0,0,17-Apr-17
OPTSTK,KPIT,25-May-17,147.5,CE,0,0,0,0.5,0.1,0,0,0,0,17-Apr-17
OPTSTK,KPIT,25-May-17,150,CE,0,0,0,4.4,0.05,0,0,0,0,17-Apr-17
OPTSTK,KPIT,25-May-17,152.5,CE,0,0,0,0.2,0.05,0,0,0,0,17-Apr-17
OPTSTK,KPIT,25-May-17,155,CE,0,0,0,3.15,0.05,0,0,0,0,17-Apr-17
OPTSTK,KPIT,25-May-17,157.5,CE,0,0,0,0.1,0,0,0,0,0,17-Apr-17
OPTSTK,KPIT,25-May-17,160,CE,0,0,0,2.15,0,0,0,0,0,17-Apr-17
OPTSTK,KPIT,25-May-17,162.5,CE,0,0,0,0.05,0,0,0,0,0,17-Apr-17
OPTSTK,KPIT,25-May-17,165,CE,0,0,0,1.5,0,0,0,0,0,17-Apr-17
OPTSTK,KPIT,25-May-17,167.5,CE,0,0,0,0.05,0,0,0,0,0,17-Apr-17
OPTSTK,KPIT,25-May-17,170,CE,0,0,0,1,0,0,0,0,0,17-Apr-17
OPTSTK,KPIT,25-May-17,172.5,CE,0,0,0,0.05,0,0,0,0,0,17-Apr-17
OPTSTK,KPIT,25-May-17,175,CE,0,0,0,0.65,0,0,0,0,0,17-Apr-17
OPTSTK,KPIT,25-May-17,177.5,CE,0,0,0,0.05,0,0,0,0,0,17-Apr-17
OPTSTK,KPIT,25-May-17,180,CE,0,0,0,0.45,0,0,0,0,0,17-Apr-17
OPTSTK,KPIT,25-May-17,185,CE,0,0,0,0.3,0,0,0,0,0,17-Apr-17
OPTSTK,KPIT,25-May-17,85,PE,0,0,0,0.05,0,0,0,0,0,17-Apr-17
OPTSTK,KPIT,25-May-17,87.5,PE,0,0,0,0.05,0,0,0,0,0,17-Apr-17
OPTSTK,KPIT,25-May-17,90,PE,0,0,0,0.05,0,0,0,0,0,17-Apr-17
OPTSTK,KPIT,25-May-17,92.5,PE,0,0,0,0.05,0,0,0,0,0,17-Apr-17
OPTSTK,KPIT,25-May-17,95,PE,0,0,0,0.05,0,0,0,0,0,17-Apr-17
OPTSTK,KPIT,25-May-17,97.5,PE,0,0,0,0.05,0,0,0,0,0,17-Apr-17
OPTSTK,KPIT,25-May-17,100,PE,0,0,0,0.1,0,0,0,0,0,17-Apr-17
OPTSTK,KPIT,25-May-17,102.5,PE,0,0,0,0.05,0,0,0,0,0,17-Apr-17
OPTSTK,KPIT,25-May-17,105,PE,0,0,0,0.15,0,0,0,0,0,17-Apr-17
OPTSTK,KPIT,25-May-17,107.5,PE,0,0,0,0.05,0,0,0,0,0,17-Apr-17
OPTSTK,KPIT,25-May-17,110,PE,0,0,0,0.35,0.05,0,0,0,0,17-Apr-17
OPTSTK,KPIT,25-May-17,112.5,PE,0,0,0,0.15,0.05,0,0,0,0,17-Apr-17
OPTSTK,KPIT,25-May-17,115,PE,0,0,0,0.75,0.1,0,0,0,0,17-Apr-17
OPTSTK,KPIT,25-May-17,117.5,PE,0,0,0,0.4,0.25,0,0,0,0,17-Apr-17
OPTSTK,KPIT,25-May-17,120,PE,0,0,0,1.35,0.5,0,0,0,0,17-Apr-17
OPTSTK,KPIT,25-May-17,122.5,PE,0,0,0,1.1,0.9,0,0,0,0,17-Apr-17
OPTSTK,KPIT,25-May-17,125,PE,0,0,0,2.3,1.55,0,0,0,0,17-Apr-17
OPTSTK,KPIT,25-May-17,127.5,PE,0,0,0,2.45,2.4,0,0,0,0,17-Apr-17
OPTSTK,KPIT,25-May-17,130,PE,0,0,0,3.7,3.6,0,0,0,0,17-Apr-17
OPTSTK,KPIT,25-May-17,132.5,PE,0,0,0,4.65,5.1,0,0,0,0,17-Apr-17
OPTSTK,KPIT,25-May-17,135,PE,0,0,0,5.5,6.85,0,0,0,0,17-Apr-17
OPTSTK,KPIT,25-May-17,137.5,PE,0,0,0,7.7,8.8,0,0,0,0,17-Apr-17
OPTSTK,KPIT,25-May-17,140,PE,0,0,0,7.85,10.95,0,0,0,0,17-Apr-17
OPTSTK,KPIT,25-May-17,142.5,PE,0,0,0,11.55,13.2,0,0,0,0,17-Apr-17
OPTSTK,KPIT,25-May-17,145,PE,0,0,0,10.65,15.6,0,0,0,0,17-Apr-17
OPTSTK,KPIT,25-May-17,147.5,PE,0,0,0,15.85,18,0,0,0,0,17-Apr-17
OPTSTK,KPIT,25-May-17,150,PE,0,0,0,13.9,20.45,0,0,0,0,17-Apr-17
OPTSTK,KPIT,25-May-17,152.5,PE,0,0,0,20.5,22.9,0,0,0,0,17-Apr-17
OPTSTK,KPIT,25-May-17,155,PE,0,0,0,17.55,25.4,0,0,0,0,17-Apr-17
OPTSTK,KPIT,25-May-17,157.5,PE,0,0,0,25.35,27.85,0,0,0,0,17-Apr-17
OPTSTK,KPIT,25-May-17,160,PE,0,0,0,21.5,30.35,0,0,0,0,17-Apr-17
OPTSTK,KPIT,25-May-17,162.5,PE,0,0,0,30.25,32.8,0,0,0,0,17-Apr-17
OPTSTK,KPIT,25-May-17,165,PE,0,0,0,25.75,35.3,0,0,0,0,17-Apr-17
OPTSTK,KPIT,25-May-17,167.5,PE,0,0,0,35.15,37.8,0,0,0,0,17-Apr-17
OPTSTK,KPIT,25-May-17,170,PE,0,0,0,30.15,40.25,0,0,0,0,17-Apr-17
OPTSTK,KPIT,25-May-17,172.5,PE,0,0,0,40.1,42.75,0,0,0,0,17-Apr-17
OPTSTK,KPIT,25-May-17,175,PE,0,0,0,34.75,45.25,0,0,0,0,17-Apr-17
OPTSTK,KPIT,25-May-17,177.5,PE,0,0,0,45.05,47.7,0,0,0,0,17-Apr-17
OPTSTK,KPIT,25-May-17,180,PE,0,0,0,39.45,50.2,0,0,0,0,17-Apr-17
OPTSTK,KPIT,25-May-17,185,PE,0,0,0,44.2,55.15,0,0,0,0,17-Apr-17
OPTSTK,KPIT,29-Jun-17,85,CE,0,0,0,47.05,44.7,0,0,0,0,17-Apr-17
OPTSTK,KPIT,29-Jun-17,87.5,CE,0,0,0,44.6,42.25,0,0,0,0,17-Apr-17
OPTSTK,KPIT,29-Jun-17,90,CE,0,0,0,42.15,39.8,0,0,0,0,17-Apr-17
OPTSTK,KPIT,29-Jun-17,92.5,CE,0,0,0,39.7,37.3,0,0,0,0,17-Apr-17
OPTSTK,KPIT,29-Jun-17,95,CE,0,0,0,37.25,34.85,0,0,0,0,17-Apr-17
OPTSTK,KPIT,29-Jun-17,97.5,CE,0,0,0,34.8,32.4,0,0,0,0,17-Apr-17
OPTSTK,KPIT,29-Jun-17,100,CE,0,0,0,32.35,29.9,0,0,0,0,17-Apr-17
OPTSTK,KPIT,29-Jun-17,102.5,CE,0,0,0,29.9,27.45,0,0,0,0,17-Apr-17
OPTSTK,KPIT,29-Jun-17,105,CE,0,0,0,27.45,25,0,0,0,0,17-Apr-17
OPTSTK,KPIT,29-Jun-17,107.5,CE,0,0,0,25.05,22.55,0,0,0,0,17-Apr-17
OPTSTK,KPIT,29-Jun-17,110,CE,0,0,0,22.7,20.15,0,0,0,0,17-Apr-17
OPTSTK,KPIT,29-Jun-17,112.5,CE,0,0,0,20.35,17.8,0,0,0,0,17-Apr-17
OPTSTK,KPIT,29-Jun-17,115,CE,0,0,0,18.1,15.5,0,0,0,0,17-Apr-17
OPTSTK,KPIT,29-Jun-17,117.5,CE,0,0,0,15.9,13.3,0,0,0,0,17-Apr-17
OPTSTK,KPIT,29-Jun-17,120,CE,0,0,0,13.85,11.25,0,0,0,0,17-Apr-17
OPTSTK,KPIT,29-Jun-17,122.5,CE,0,0,0,11.9,9.35,0,0,0,0,17-Apr-17
OPTSTK,KPIT,29-Jun-17,125,CE,0,0,0,10.1,7.6,0,0,0,0,17-Apr-17
OPTSTK,KPIT,29-Jun-17,127.5,CE,0,0,0,8.5,6.05,0,0,0,0,17-Apr-17
OPTSTK,KPIT,29-Jun-17,130,CE,0,0,0,7.05,4.75,0,0,0,0,17-Apr-17
OPTSTK,KPIT,29-Jun-17,132.5,CE,0,0,0,5.75,3.65,0,0,0,0,17-Apr-17
OPTSTK,KPIT,29-Jun-17,135,CE,0,0,0,4.6,2.75,0,0,0,0,17-Apr-17
OPTSTK,KPIT,29-Jun-17,137.5,CE,0,0,0,3.65,2,0,0,0,0,17-Apr-17
OPTSTK,KPIT,29-Jun-17,140,CE,0,0,0,4.2,1.45,0,0,8000,0,17-Apr-17
OPTSTK,KPIT,29-Jun-17,142.5,CE,0,0,0,2.25,1,0,0,0,0,17-Apr-17
OPTSTK,KPIT,29-Jun-17,145,CE,0,0,0,1.7,0.7,0,0,0,0,17-Apr-17
OPTSTK,KPIT,29-Jun-17,147.5,CE,0,0,0,1.3,0.5,0,0,0,0,17-Apr-17
OPTSTK,KPIT,29-Jun-17,150,CE,0,0,0,0.95,0.35,0,0,0,0,17-Apr-17
OPTSTK,KPIT,29-Jun-17,152.5,CE,0,0,0,0.7,0.2,0,0,0,0,17-Apr-17
OPTSTK,KPIT,29-Jun-17,155,CE,0,0,0,0.5,0.15,0,0,0,0,17-Apr-17
OPTSTK,KPIT,29-Jun-17,157.5,CE,0,0,0,0.4,0.1,0,0,0,0,17-Apr-17
OPTSTK,KPIT,29-Jun-17,160,CE,0,0,0,0.25,0.05,0,0,0,0,17-Apr-17
OPTSTK,KPIT,29-Jun-17,162.5,CE,0,0,0,0.2,0.05,0,0,0,0,17-Apr-17
OPTSTK,KPIT,29-Jun-17,165,CE,0,0,0,0.15,0.05,0,0,0,0,17-Apr-17
OPTSTK,KPIT,29-Jun-17,167.5,CE,0,0,0,0.1,0.05,0,0,0,0,17-Apr-17
OPTSTK,KPIT,29-Jun-17,170,CE,0,0,0,0.1,0.05,0,0,0,0,17-Apr-17
OPTSTK,KPIT,29-Jun-17,172.5,CE,0,0,0,0.05,0,0,0,0,0,17-Apr-17
OPTSTK,KPIT,29-Jun-17,175,CE,0,0,0,0.05,0,0,0,0,0,17-Apr-17
OPTSTK,KPIT,29-Jun-17,177.5,CE,0,0,0,0.05,0,0,0,0,0,17-Apr-17
OPTSTK,KPIT,29-Jun-17,180,CE,0,0,0,0.05,0,0,0,0,0,17-Apr-17
OPTSTK,KPIT,29-Jun-17,85,PE,0,0,0,0.05,0,0,0,0,0,17-Apr-17
OPTSTK,KPIT,29-Jun-17,87.5,PE,0,0,0,0.05,0,0,0,0,0,17-Apr-17
OPTSTK,KPIT,29-Jun-17,90,PE,0,0,0,0.05,0,0,0,0,0,17-Apr-17
OPTSTK,KPIT,29-Jun-17,92.5,PE,0,0,0,0.05,0,0,0,0,0,17-Apr-17
OPTSTK,KPIT,29-Jun-17,95,PE,0,0,0,0.05,0,0,0,0,0,17-Apr-17
OPTSTK,KPIT,29-Jun-17,97.5,PE,0,0,0,0.05,0,0,0,0,0,17-Apr-17
OPTSTK,KPIT,29-Jun-17,100,PE,0,0,0,0.05,0,0,0,0,0,17-Apr-17
OPTSTK,KPIT,29-Jun-17,102.5,PE,0,0,0,0.05,0.05,0,0,0,0,17-Apr-17
OPTSTK,KPIT,29-Jun-17,105,PE,0,0,0,0.1,0.05,0,0,0,0,17-Apr-17
OPTSTK,KPIT,29-Jun-17,107.5,PE,0,0,0,0.15,0.1,0,0,0,0,17-Apr-17
OPTSTK,KPIT,29-Jun-17,110,PE,0,0,0,0.2,0.15,0,0,0,0,17-Apr-17
OPTSTK,KPIT,29-Jun-17,112.5,PE,0,0,0,0.35,0.25,0,0,0,0,17-Apr-17
OPTSTK,KPIT,29-Jun-17,115,PE,0,0,0,0.55,0.4,0,0,0,0,17-Apr-17
OPTSTK,KPIT,29-Jun-17,117.5,PE,0,0,0,0.85,0.7,0,0,0,0,17-Apr-17
OPTSTK,KPIT,29-Jun-17,120,PE,0,0,0,1.25,1.1,0,0,0,0,17-Apr-17
OPTSTK,KPIT,29-Jun-17,122.5,PE,0,0,0,1.75,1.65,0,0,0,0,17-Apr-17
OPTSTK,KPIT,29-Jun-17,125,PE,0,0,0,2.4,2.4,0,0,0,0,17-Apr-17
OPTSTK,KPIT,29-Jun-17,127.5,PE,0,0,0,3.25,3.3,0,0,0,0,17-Apr-17
OPTSTK,KPIT,29-Jun-17,130,PE,0,0,0,4.25,4.45,0,0,0,0,17-Apr-17
OPTSTK,KPIT,29-Jun-17,132.5,PE,0,0,0,5.4,5.85,0,0,0,0,17-Apr-17
OPTSTK,KPIT,29-Jun-17,135,PE,0,0,0,6.75,7.4,0,0,0,0,17-Apr-17
OPTSTK,KPIT,29-Jun-17,137.5,PE,0,0,0,8.25,9.15,0,0,0,0,17-Apr-17
OPTSTK,KPIT,29-Jun-17,140,PE,0,0,0,9.9,11.05,0,0,0,0,17-Apr-17
OPTSTK,KPIT,29-Jun-17,142.5,PE,0,0,0,11.75,13.1,0,0,0,0,17-Apr-17
OPTSTK,KPIT,29-Jun-17,145,PE,0,0,0,13.65,15.25,0,0,0,0,17-Apr-17
OPTSTK,KPIT,29-Jun-17,147.5,PE,0,0,0,15.7,17.5,0,0,0,0,17-Apr-17
OPTSTK,KPIT,29-Jun-17,150,PE,0,0,0,17.85,19.8,0,0,0,0,17-Apr-17
OPTSTK,KPIT,29-Jun-17,152.5,PE,0,0,0,20.05,22.15,0,0,0,0,17-Apr-17
OPTSTK,KPIT,29-Jun-17,155,PE,0,0,0,22.3,24.55,0,0,0,0,17-Apr-17
OPTSTK,KPIT,29-Jun-17,157.5,PE,0,0,0,24.65,26.95,0,0,0,0,17-Apr-17
OPTSTK,KPIT,29-Jun-17,160,PE,0,0,0,27,29.4,0,0,0,0,17-Apr-17
OPTSTK,KPIT,29-Jun-17,162.5,PE,0,0,0,29.35,31.85,0,0,0,0,17-Apr-17
OPTSTK,KPIT,29-Jun-17,165,PE,0,0,0,31.75,34.3,0,0,0,0,17-Apr-17
OPTSTK,KPIT,29-Jun-17,167.5,PE,0,0,0,34.2,36.75,0,0,0,0,17-Apr-17
OPTSTK,KPIT,29-Jun-17,170,PE,0,0,0,36.6,39.25,0,0,0,0,17-Apr-17
OPTSTK,KPIT,29-Jun-17,172.5,PE,0,0,0,39.05,41.7,0,0,0,0,17-Apr-17
OPTSTK,KPIT,29-Jun-17,175,PE,0,0,0,41.5,44.15,0,0,0,0,17-Apr-17
OPTSTK,KPIT,29-Jun-17,177.5,PE,0,0,0,43.95,46.65,0,0,0,0,17-Apr-17
OPTSTK,KPIT,29-Jun-17,180,PE,0,0,0,46.4,49.1,0,0,0,0,17-Apr-17
OPTSTK,KSCL,27-Apr-17,330,CE,0,0,0,166.85,216.55,0,0,0,0,17-Apr-17
OPTSTK,KSCL,27-Apr-17,340,CE,0,0,0,157.3,206.55,0,0,0,0,17-Apr-17
OPTSTK,KSCL,27-Apr-17,350,CE,0,0,0,147.85,196.6,0,0,0,0,17-Apr-17
OPTSTK,KSCL,27-Apr-17,360,CE,0,0,0,138.55,186.6,0,0,0,0,17-Apr-17
OPTSTK,KSCL,27-Apr-17,370,CE,0,0,0,129.45,176.6,0,0,0,0,17-Apr-17
OPTSTK,KSCL,27-Apr-17,380,CE,0,0,0,120.5,166.65,0,0,0,0,17-Apr-17
OPTSTK,KSCL,27-Apr-17,390,CE,0,0,0,111.8,156.65,0,0,0,0,17-Apr-17
OPTSTK,KSCL,27-Apr-17,400,CE,0,0,0,103.4,146.65,0,0,0,0,17-Apr-17
OPTSTK,KSCL,27-Apr-17,410,CE,0,0,0,95.25,136.7,0,0,0,0,17-Apr-17
OPTSTK,KSCL,27-Apr-17,420,CE,0,0,0,87.45,126.7,0,0,0,0,17-Apr-17
OPTSTK,KSCL,27-Apr-17,430,CE,0,0,0,80,116.7,0,0,0,0,17-Apr-17
OPTSTK,KSCL,27-Apr-17,440,CE,0,0,0,72.9,106.75,0,0,0,0,17-Apr-17
OPTSTK,KSCL,27-Apr-17,450,CE,0,0,0,66.15,96.75,0,0,0,0,17-Apr-17
OPTSTK,KSCL,27-Apr-17,460,CE,0,0,0,59.85,86.75,0,0,0,0,17-Apr-17
OPTSTK,KSCL,27-Apr-17,470,CE,0,0,0,53.95,76.8,0,0,0,0,17-Apr-17
OPTSTK,KSCL,27-Apr-17,480,CE,0,0,0,65,66.85,0,0,1500,0,17-Apr-17
OPTSTK,KSCL,27-Apr-17,490,CE,0,0,0,43.35,57,0,0,0,0,17-Apr-17
OPTSTK,KSCL,27-Apr-17,500,CE,0,0,0,50.2,47.35,0,0,9000,0,17-Apr-17
OPTSTK,KSCL,27-Apr-17,510,CE,0,0,0,34.4,38.05,0,0,0,0,17-Apr-17
OPTSTK,KSCL,27-Apr-17,520,CE,0,0,0,30.45,29.45,0,0,0,0,17-Apr-17
OPTSTK,KSCL,27-Apr-17,530,CE,0,0,0,26.9,21.75,0,0,0,0,17-Apr-17
OPTSTK,KSCL,27-Apr-17,540,CE,18,18,18,18,18,1,8.37,10500,0,17-Apr-17
OPTSTK,KSCL,27-Apr-17,550,CE,11.85,14.2,11.85,12.2,12.2,4,33.78,16500,1500,17-Apr-17
OPTSTK,KSCL,27-Apr-17,560,CE,6.95,11,6.95,9.75,9.75,14,119.59,52500,0,17-Apr-17
OPTSTK,KSCL,27-Apr-17,570,CE,5.85,5.85,5.85,5.85,5.85,1,8.63,48000,1500,17-Apr-17
OPTSTK,KSCL,27-Apr-17,580,CE,4.15,4.8,4,4.8,4.8,4,35.06,78000,1500,17-Apr-17
OPTSTK,KSCL,27-Apr-17,590,CE,3,3,3,3,3,2,17.79,15000,3000,17-Apr-17
OPTSTK,KSCL,27-Apr-17,600,CE,1.9,2.05,1.35,1.5,1.5,6,54.15,55500,1500,17-Apr-17
OPTSTK,KSCL,27-Apr-17,610,CE,0,0,0,3,0.25,0,0,7500,0,17-Apr-17
OPTSTK,KSCL,27-Apr-17,620,CE,0.65,0.65,0.65,0.65,0.65,1,9.3,30000,-1500,17-Apr-17
OPTSTK,KSCL,27-Apr-17,630,CE,0,0,0,6.65,0.05,0,0,0,0,17-Apr-17
OPTSTK,KSCL,27-Apr-17,640,CE,0,0,0,1.9,0.05,0,0,3000,0,17-Apr-17
OPTSTK,KSCL,27-Apr-17,650,CE,0,0,0,4.9,0,0,0,0,0,17-Apr-17
OPTSTK,KSCL,27-Apr-17,660,CE,0,0,0,3.15,0,0,0,0,0,17-Apr-17
OPTSTK,KSCL,27-Apr-17,330,PE,0,0,0,0.6,0,0,0,0,0,17-Apr-17
OPTSTK,KSCL,27-Apr-17,340,PE,0,0,0,0.85,0,0,0,0,0,17-Apr-17
OPTSTK,KSCL,27-Apr-17,350,PE,0,0,0,1.25,0,0,0,0,0,17-Apr-17
OPTSTK,KSCL,27-Apr-17,360,PE,0,0,0,1.8,0,0,0,0,0,17-Apr-17
OPTSTK,KSCL,27-Apr-17,370,PE,0,0,0,2.5,0,0,0,0,0,17-Apr-17
OPTSTK,KSCL,27-Apr-17,380,PE,0,0,0,3.45,0,0,0,0,0,17-Apr-17
OPTSTK,KSCL,27-Apr-17,390,PE,0,0,0,4.55,0,0,0,0,0,17-Apr-17
OPTSTK,KSCL,27-Apr-17,400,PE,0,0,0,5.95,0,0,0,0,0,17-Apr-17
OPTSTK,KSCL,27-Apr-17,410,PE,0,0,0,7.65,0,0,0,0,0,17-Apr-17
OPTSTK,KSCL,27-Apr-17,420,PE,0,0,0,9.7,0,0,0,0,0,17-Apr-17
OPTSTK,KSCL,27-Apr-17,430,PE,0,0,0,12.1,0,0,0,0,0,17-Apr-17
OPTSTK,KSCL,27-Apr-17,440,PE,0,0,0,14.8,0,0,0,0,0,17-Apr-17
OPTSTK,KSCL,27-Apr-17,450,PE,0,0,0,17.9,0,0,0,0,0,17-Apr-17
OPTSTK,KSCL,27-Apr-17,460,PE,0,0,0,21.45,0,0,0,0,0,17-Apr-17
OPTSTK,KSCL,27-Apr-17,470,PE,0,0,0,25.4,0.05,0,0,0,0,17-Apr-17
OPTSTK,KSCL,27-Apr-17,480,PE,0,0,0,29.7,0.1,0,0,0,0,17-Apr-17
OPTSTK,KSCL,27-Apr-17,490,PE,0,0,0,2.7,0.2,0,0,19500,0,17-Apr-17
OPTSTK,KSCL,27-Apr-17,500,PE,1,1,1,1,1,1,7.51,46500,0,17-Apr-17
OPTSTK,KSCL,27-Apr-17,510,PE,0,0,0,45.15,1.25,0,0,0,0,17-Apr-17
OPTSTK,KSCL,27-Apr-17,520,PE,0,0,0,5,2.6,0,0,36000,0,17-Apr-17
OPTSTK,KSCL,27-Apr-17,530,PE,0,0,0,7.5,4.85,0,0,7500,0,17-Apr-17
OPTSTK,KSCL,27-Apr-17,540,PE,11.35,11.35,11.35,11.35,11.35,1,8.27,76500,0,17-Apr-17
OPTSTK,KSCL,27-Apr-17,550,PE,13.1,15.9,13.1,15.9,15.9,2,16.93,22500,-1500,17-Apr-17
OPTSTK,KSCL,27-Apr-17,560,PE,0,0,0,23.5,19.35,0,0,7500,0,17-Apr-17
OPTSTK,KSCL,27-Apr-17,570,PE,0,0,0,24.05,26.75,0,0,1500,0,17-Apr-17
OPTSTK,KSCL,27-Apr-17,580,PE,0,0,0,30.1,35.05,0,0,3000,0,17-Apr-17
OPTSTK,KSCL,27-Apr-17,590,PE,0,0,0,101.5,44.05,0,0,0,0,17-Apr-17
OPTSTK,KSCL,27-Apr-17,600,PE,0,0,0,109.7,53.5,0,0,0,0,17-Apr-17
OPTSTK,KSCL,27-Apr-17,610,PE,0,0,0,118.1,63.25,0,0,0,0,17-Apr-17
OPTSTK,KSCL,27-Apr-17,620,PE,0,0,0,75.85,73.1,0,0,4500,0,17-Apr-17
OPTSTK,KSCL,27-Apr-17,630,PE,0,0,0,92.05,83,0,0,1500,0,17-Apr-17
OPTSTK,KSCL,27-Apr-17,640,PE,0,0,0,144.35,92.95,0,0,0,0,17-Apr-17
OPTSTK,KSCL,27-Apr-17,650,PE,0,0,0,153.35,102.95,0,0,0,0,17-Apr-17
OPTSTK,KSCL,27-Apr-17,660,PE,0,0,0,159.7,112.9,0,0,0,0,17-Apr-17
OPTSTK,KSCL,25-May-17,330,CE,0,0,0,130.5,218.2,0,0,0,0,17-Apr-17
OPTSTK,KSCL,25-May-17,340,CE,0,0,0,121.05,208.25,0,0,0,0,17-Apr-17
OPTSTK,KSCL,25-May-17,350,CE,0,0,0,111.75,198.35,0,0,0,0,17-Apr-17
OPTSTK,KSCL,25-May-17,360,CE,0,0,0,102.65,188.4,0,0,0,0,17-Apr-17
OPTSTK,KSCL,25-May-17,370,CE,0,0,0,93.85,178.45,0,0,0,0,17-Apr-17
OPTSTK,KSCL,25-May-17,380,CE,0,0,0,85.35,168.55,0,0,0,0,17-Apr-17
OPTSTK,KSCL,25-May-17,390,CE,0,0,0,77.15,158.6,0,0,0,0,17-Apr-17
OPTSTK,KSCL,25-May-17,400,CE,0,0,0,69.35,148.7,0,0,0,0,17-Apr-17
OPTSTK,KSCL,25-May-17,410,CE,0,0,0,62.05,138.75,0,0,0,0,17-Apr-17
OPTSTK,KSCL,25-May-17,420,CE,0,0,0,55.1,128.85,0,0,0,0,17-Apr-17
OPTSTK,KSCL,25-May-17,430,CE,0,0,0,48.7,119,0,0,0,0,17-Apr-17
OPTSTK,KSCL,25-May-17,440,CE,0,0,0,42.75,109.2,0,0,0,0,17-Apr-17
OPTSTK,KSCL,25-May-17,450,CE,0,0,0,37.35,99.5,0,0,0,0,17-Apr-17
OPTSTK,KSCL,25-May-17,460,CE,0,0,0,32.45,89.95,0,0,0,0,17-Apr-17
OPTSTK,KSCL,25-May-17,470,CE,0,0,0,28,80.6,0,0,0,0,17-Apr-17
OPTSTK,KSCL,25-May-17,480,CE,0,0,0,24.05,71.55,0,0,0,0,17-Apr-17
OPTSTK,KSCL,25-May-17,490,CE,0,0,0,20.55,62.8,0,0,0,0,17-Apr-17
OPTSTK,KSCL,25-May-17,500,CE,0,0,0,17.45,54.55,0,0,0,0,17-Apr-17
OPTSTK,KSCL,25-May-17,510,CE,0,0,0,14.75,46.8,0,0,0,0,17-Apr-17
OPTSTK,KSCL,25-May-17,520,CE,0,0,0,12.45,39.65,0,0,0,0,17-Apr-17
OPTSTK,KSCL,25-May-17,530,CE,0,0,0,10.4,33.15,0,0,0,0,17-Apr-17
OPTSTK,KSCL,25-May-17,540,CE,0,0,0,8.65,27.4,0,0,0,0,17-Apr-17
OPTSTK,KSCL,25-May-17,550,CE,0,0,0,7.2,22.3,0,0,0,0,17-Apr-17
OPTSTK,KSCL,25-May-17,560,CE,0,0,0,5.95,17.9,0,0,0,0,17-Apr-17
OPTSTK,KSCL,25-May-17,570,CE,0,0,0,4.9,14.15,0,0,0,0,17-Apr-17
OPTSTK,KSCL,25-May-17,580,CE,0,0,0,4,11.05,0,0,0,0,17-Apr-17
OPTSTK,KSCL,25-May-17,590,CE,0,0,0,3.25,8.55,0,0,0,0,17-Apr-17
OPTSTK,KSCL,25-May-17,600,CE,0,0,0,2.65,6.5,0,0,0,0,17-Apr-17
OPTSTK,KSCL,25-May-17,610,CE,0,0,0,2.15,4.85,0,0,0,0,17-Apr-17
OPTSTK,KSCL,25-May-17,620,CE,0,0,0,2.65,3.6,0,0,0,0,17-Apr-17
OPTSTK,KSCL,25-May-17,630,CE,0,0,0,2.2,2.65,0,0,0,0,17-Apr-17
OPTSTK,KSCL,25-May-17,640,CE,0,0,0,9.2,1.9,0,0,0,0,17-Apr-17
OPTSTK,KSCL,25-May-17,650,CE,0,0,0,8.1,1.35,0,0,0,0,17-Apr-17
OPTSTK,KSCL,25-May-17,660,CE,0,0,0,7.1,0.95,0,0,0,0,17-Apr-17
OPTSTK,KSCL,25-May-17,330,PE,0,0,0,0.7,0,0,0,0,0,17-Apr-17
OPTSTK,KSCL,25-May-17,340,PE,0,0,0,1.1,0,0,0,0,0,17-Apr-17
OPTSTK,KSCL,25-May-17,350,PE,0,0,0,1.65,0,0,0,0,0,17-Apr-17
OPTSTK,KSCL,25-May-17,360,PE,0,0,0,2.45,0,0,0,0,0,17-Apr-17
OPTSTK,KSCL,25-May-17,370,PE,0,0,0,3.45,0,0,0,0,0,17-Apr-17
OPTSTK,KSCL,25-May-17,380,PE,0,0,0,4.75,0,0,0,0,0,17-Apr-17
OPTSTK,KSCL,25-May-17,390,PE,0,0,0,6.45,0.05,0,0,0,0,17-Apr-17
OPTSTK,KSCL,25-May-17,400,PE,0,0,0,8.5,0.05,0,0,0,0,17-Apr-17
OPTSTK,KSCL,25-May-17,410,PE,0,0,0,11,0.05,0,0,0,0,17-Apr-17
OPTSTK,KSCL,25-May-17,420,PE,0,0,0,13.9,0.1,0,0,0,0,17-Apr-17
OPTSTK,KSCL,25-May-17,430,PE,0,0,0,17.35,0.15,0,0,0,0,17-Apr-17
OPTSTK,KSCL,25-May-17,440,PE,0,0,0,21.25,0.3,0,0,0,0,17-Apr-17
OPTSTK,KSCL,25-May-17,450,PE,0,0,0,25.7,0.55,0,0,0,0,17-Apr-17
OPTSTK,KSCL,25-May-17,460,PE,0,0,0,30.6,0.9,0,0,0,0,17-Apr-17
OPTSTK,KSCL,25-May-17,470,PE,0,0,0,36.05,1.5,0,0,0,0,17-Apr-17
OPTSTK,KSCL,25-May-17,480,PE,0,0,0,41.9,2.35,0,0,0,0,17-Apr-17
OPTSTK,KSCL,25-May-17,490,PE,0,0,0,48.25,3.55,0,0,0,0,17-Apr-17
OPTSTK,KSCL,25-May-17,500,PE,0,0,0,55,5.25,0,0,0,0,17-Apr-17
OPTSTK,KSCL,25-May-17,510,PE,0,0,0,62.15,7.4,0,0,0,0,17-Apr-17
OPTSTK,KSCL,25-May-17,520,PE,0,0,0,69.65,10.2,0,0,0,0,17-Apr-17
OPTSTK,KSCL,25-May-17,530,PE,0,0,0,77.5,13.65,0,0,0,0,17-Apr-17
OPTSTK,KSCL,25-May-17,540,PE,0,0,0,85.6,17.8,0,0,0,0,17-Apr-17
OPTSTK,KSCL,25-May-17,550,PE,0,0,0,93.95,22.65,0,0,0,0,17-Apr-17
OPTSTK,KSCL,25-May-17,560,PE,0,0,0,102.55,28.15,0,0,0,0,17-Apr-17
OPTSTK,KSCL,25-May-17,570,PE,0,0,0,111.35,34.35,0,0,0,0,17-Apr-17
OPTSTK,KSCL,25-May-17,580,PE,0,0,0,120.3,41.2,0,0,0,0,17-Apr-17
OPTSTK,KSCL,25-May-17,590,PE,0,0,0,129.4,48.6,0,0,0,0,17-Apr-17
OPTSTK,KSCL,25-May-17,600,PE,0,0,0,138.65,56.5,0,0,0,0,17-Apr-17
OPTSTK,KSCL,25-May-17,610,PE,0,0,0,148,64.8,0,0,0,0,17-Apr-17
OPTSTK,KSCL,25-May-17,620,PE,0,0,0,147,73.45,0,0,0,0,17-Apr-17
OPTSTK,KSCL,25-May-17,630,PE,0,0,0,156.35,82.45,0,0,0,0,17-Apr-17
OPTSTK,KSCL,25-May-17,640,PE,0,0,0,142.8,91.65,0,0,0,0,17-Apr-17
OPTSTK,KSCL,25-May-17,650,PE,0,0,0,151.55,101,0,0,0,0,17-Apr-17
OPTSTK,KSCL,25-May-17,660,PE,0,0,0,160.4,110.55,0,0,0,0,17-Apr-17
OPTSTK,KSCL,29-Jun-17,340,CE,0,0,0,207.9,210.35,0,0,0,0,17-Apr-17
OPTSTK,KSCL,29-Jun-17,350,CE,0,0,0,198.15,200.5,0,0,0,0,17-Apr-17
OPTSTK,KSCL,29-Jun-17,360,CE,0,0,0,188.45,190.65,0,0,0,0,17-Apr-17
OPTSTK,KSCL,29-Jun-17,370,CE,0,0,0,178.85,180.8,0,0,0,0,17-Apr-17
OPTSTK,KSCL,29-Jun-17,380,CE,0,0,0,169.3,170.95,0,0,0,0,17-Apr-17
OPTSTK,KSCL,29-Jun-17,390,CE,0,0,0,159.85,161.15,0,0,0,0,17-Apr-17
OPTSTK,KSCL,29-Jun-17,400,CE,0,0,0,150.55,151.4,0,0,0,0,17-Apr-17
OPTSTK,KSCL,29-Jun-17,410,CE,0,0,0,141.4,141.7,0,0,0,0,17-Apr-17
OPTSTK,KSCL,29-Jun-17,420,CE,0,0,0,132.4,132.1,0,0,0,0,17-Apr-17
OPTSTK,KSCL,29-Jun-17,430,CE,0,0,0,123.6,122.6,0,0,0,0,17-Apr-17
OPTSTK,KSCL,29-Jun-17,440,CE,0,0,0,115.05,113.25,0,0,0,0,17-Apr-17
OPTSTK,KSCL,29-Jun-17,450,CE,0,0,0,106.75,104.1,0,0,0,0,17-Apr-17
OPTSTK,KSCL,29-Jun-17,460,CE,0,0,0,98.75,95.2,0,0,0,0,17-Apr-17
OPTSTK,KSCL,29-Jun-17,470,CE,0,0,0,91.05,86.6,0,0,0,0,17-Apr-17
OPTSTK,KSCL,29-Jun-17,480,CE,0,0,0,83.7,78.3,0,0,0,0,17-Apr-17
OPTSTK,KSCL,29-Jun-17,490,CE,0,0,0,76.7,70.4,0,0,0,0,17-Apr-17
OPTSTK,KSCL,29-Jun-17,500,CE,0,0,0,70,62.9,0,0,0,0,17-Apr-17
OPTSTK,KSCL,29-Jun-17,510,CE,0,0,0,63.75,55.85,0,0,0,0,17-Apr-17
OPTSTK,KSCL,29-Jun-17,520,CE,0,0,0,57.85,49.25,0,0,0,0,17-Apr-17
OPTSTK,KSCL,29-Jun-17,530,CE,0,0,0,52.3,43.2,0,0,0,0,17-Apr-17
OPTSTK,KSCL,29-Jun-17,540,CE,0,0,0,47.15,37.6,0,0,0,0,17-Apr-17
OPTSTK,KSCL,29-Jun-17,550,CE,0,0,0,42.4,32.55,0,0,0,0,17-Apr-17
OPTSTK,KSCL,29-Jun-17,560,CE,0,0,0,38,28,0,0,0,0,17-Apr-17
OPTSTK,KSCL,29-Jun-17,570,CE,0,0,0,33.95,23.9,0,0,0,0,17-Apr-17
OPTSTK,KSCL,29-Jun-17,580,CE,0,0,0,30.25,20.3,0,0,0,0,17-Apr-17
OPTSTK,KSCL,29-Jun-17,590,CE,0,0,0,26.9,17.15,0,0,0,0,17-Apr-17
OPTSTK,KSCL,29-Jun-17,600,CE,0,0,0,23.8,14.35,0,0,0,0,17-Apr-17
OPTSTK,KSCL,29-Jun-17,610,CE,0,0,0,21.05,12,0,0,0,0,17-Apr-17
OPTSTK,KSCL,29-Jun-17,620,CE,0,0,0,18.6,9.95,0,0,0,0,17-Apr-17
OPTSTK,KSCL,29-Jun-17,630,CE,0,0,0,16.35,8.2,0,0,0,0,17-Apr-17
OPTSTK,KSCL,29-Jun-17,640,CE,0,0,0,14.3,6.7,0,0,0,0,17-Apr-17
OPTSTK,KSCL,29-Jun-17,650,CE,0,0,0,12.55,5.5,0,0,0,0,17-Apr-17
OPTSTK,KSCL,29-Jun-17,660,CE,0,0,0,10.95,4.45,0,0,0,0,17-Apr-17
OPTSTK,KSCL,29-Jun-17,340,PE,0,0,0,0.2,0.05,0,0,0,0,17-Apr-17
OPTSTK,KSCL,29-Jun-17,350,PE,0,0,0,0.3,0.05,0,0,0,0,17-Apr-17
OPTSTK,KSCL,29-Jun-17,360,PE,0,0,0,0.45,0.05,0,0,0,0,17-Apr-17
OPTSTK,KSCL,29-Jun-17,370,PE,0,0,0,0.65,0.05,0,0,0,0,17-Apr-17
OPTSTK,KSCL,29-Jun-17,380,PE,0,0,0,0.95,0.1,0,0,0,0,17-Apr-17
OPTSTK,KSCL,29-Jun-17,390,PE,0,0,0,1.35,0.15,0,0,0,0,17-Apr-17
OPTSTK,KSCL,29-Jun-17,400,PE,0,0,0,1.85,0.3,0,0,0,0,17-Apr-17
OPTSTK,KSCL,29-Jun-17,410,PE,0,0,0,2.5,0.45,0,0,0,0,17-Apr-17
OPTSTK,KSCL,29-Jun-17,420,PE,0,0,0,3.35,0.7,0,0,0,0,17-Apr-17
OPTSTK,KSCL,29-Jun-17,430,PE,0,0,0,4.4,1.1,0,0,0,0,17-Apr-17
OPTSTK,KSCL,29-Jun-17,440,PE,0,0,0,5.7,1.65,0,0,0,0,17-Apr-17
OPTSTK,KSCL,29-Jun-17,450,PE,0,0,0,7.25,2.35,0,0,0,0,17-Apr-17
OPTSTK,KSCL,29-Jun-17,460,PE,0,0,0,9.1,3.35,0,0,0,0,17-Apr-17
OPTSTK,KSCL,29-Jun-17,470,PE,0,0,0,11.2,4.6,0,0,0,0,17-Apr-17
OPTSTK,KSCL,29-Jun-17,480,PE,0,0,0,13.7,6.15,0,0,0,0,17-Apr-17
OPTSTK,KSCL,29-Jun-17,490,PE,0,0,0,16.5,8.1,0,0,0,0,17-Apr-17
OPTSTK,KSCL,29-Jun-17,500,PE,0,0,0,19.65,10.5,0,0,0,0,17-Apr-17
OPTSTK,KSCL,29-Jun-17,510,PE,0,0,0,23.25,13.3,0,0,0,0,17-Apr-17
OPTSTK,KSCL,29-Jun-17,520,PE,0,0,0,27.15,16.6,0,0,0,0,17-Apr-17
OPTSTK,KSCL,29-Jun-17,530,PE,0,0,0,31.45,20.4,0,0,0,0,17-Apr-17
OPTSTK,KSCL,29-Jun-17,540,PE,0,0,0,36.15,24.7,0,0,0,0,17-Apr-17
OPTSTK,KSCL,29-Jun-17,550,PE,0,0,0,41.25,29.5,0,0,0,0,17-Apr-17
OPTSTK,KSCL,29-Jun-17,560,PE,0,0,0,46.65,34.8,0,0,0,0,17-Apr-17
OPTSTK,KSCL,29-Jun-17,570,PE,0,0,0,52.45,40.6,0,0,0,0,17-Apr-17
OPTSTK,KSCL,29-Jun-17,580,PE,0,0,0,58.6,46.85,0,0,0,0,17-Apr-17
OPTSTK,KSCL,29-Jun-17,590,PE,0,0,0,65.05,53.55,0,0,0,0,17-Apr-17
OPTSTK,KSCL,29-Jun-17,600,PE,0,0,0,71.8,60.65,0,0,0,0,17-Apr-17
OPTSTK,KSCL,29-Jun-17,610,PE,0,0,0,78.9,68.2,0,0,0,0,17-Apr-17
OPTSTK,KSCL,29-Jun-17,620,PE,0,0,0,86.25,76,0,0,0,0,17-Apr-17
OPTSTK,KSCL,29-Jun-17,630,PE,0,0,0,93.85,84.1,0,0,0,0,17-Apr-17
OPTSTK,KSCL,29-Jun-17,640,PE,0,0,0,101.65,92.5,0,0,0,0,17-Apr-17
OPTSTK,KSCL,29-Jun-17,650,PE,0,0,0,109.7,101.15,0,0,0,0,17-Apr-17
OPTSTK,KSCL,29-Jun-17,660,PE,0,0,0,117.95,109.95,0,0,0,0,17-Apr-17
OPTSTK,KTKBANK,27-Apr-17,65,CE,0,0,0,50.3,87.3,0,0,0,0,17-Apr-17
OPTSTK,KTKBANK,27-Apr-17,70,CE,0,0,0,45.4,82.3,0,0,0,0,17-Apr-17
OPTSTK,KTKBANK,27-Apr-17,75,CE,0,0,0,40.55,77.3,0,0,0,0,17-Apr-17
OPTSTK,KTKBANK,27-Apr-17,80,CE,0,0,0,35.75,72.3,0,0,0,0,17-Apr-17
OPTSTK,KTKBANK,27-Apr-17,85,CE,0,0,0,31.1,67.3,0,0,0,0,17-Apr-17
OPTSTK,KTKBANK,27-Apr-17,90,CE,0,0,0,26.65,62.35,0,0,0,0,17-Apr-17
OPTSTK,KTKBANK,27-Apr-17,95,CE,0,0,0,22.45,57.35,0,0,0,0,17-Apr-17
OPTSTK,KTKBANK,27-Apr-17,100,CE,0,0,0,18.6,52.35,0,0,0,0,17-Apr-17
OPTSTK,KTKBANK,27-Apr-17,105,CE,0,0,0,15.15,47.35,0,0,0,0,17-Apr-17
OPTSTK,KTKBANK,27-Apr-17,110,CE,0,0,0,12.1,42.35,0,0,0,0,17-Apr-17
OPTSTK,KTKBANK,27-Apr-17,115,CE,0,0,0,35.5,37.35,0,0,14750,0,17-Apr-17
OPTSTK,KTKBANK,27-Apr-17,120,CE,0,0,0,21.8,32.4,0,0,14750,0,17-Apr-17
OPTSTK,KTKBANK,27-Apr-17,125,CE,0,0,0,16.65,27.4,0,0,36875,0,17-Apr-17
OPTSTK,KTKBANK,27-Apr-17,130,CE,0,0,0,12.5,22.5,0,0,36875,0,17-Apr-17
OPTSTK,KTKBANK,27-Apr-17,135,CE,0,0,0,14.2,17.7,0,0,36875,0,17-Apr-17
OPTSTK,KTKBANK,27-Apr-17,140,CE,15.1,15.1,13.3,13.65,13.65,8,91.06,324500,-22125,17-Apr-17
OPTSTK,KTKBANK,27-Apr-17,145,CE,9.25,9.6,8.7,8.75,8.75,8,90.85,538375,-44250,17-Apr-17
OPTSTK,KTKBANK,27-Apr-17,150,CE,6.4,6.5,4.65,4.7,4.7,71,815.29,1371750,7375,17-Apr-17
OPTSTK,KTKBANK,27-Apr-17,155,CE,3.8,4.65,2.55,2.6,2.6,194,2261.82,1393875,236000,17-Apr-17
OPTSTK,KTKBANK,27-Apr-17,160,CE,2.3,2.8,1.25,1.3,1.3,388,4625.51,2891000,-140125,17-Apr-17
OPTSTK,KTKBANK,27-Apr-17,165,CE,1.2,1.45,0.75,0.8,0.8,146,1787,1534000,22125,17-Apr-17
OPTSTK,KTKBANK,27-Apr-17,170,CE,0.8,0.8,0.2,0.45,0.45,127,1597.01,1615125,51625,17-Apr-17
OPTSTK,KTKBANK,27-Apr-17,175,CE,0.4,0.4,0.25,0.25,0.25,25,323.19,789125,-36875,17-Apr-17
OPTSTK,KTKBANK,27-Apr-17,180,CE,0.3,0.3,0.2,0.2,0.2,22,292.4,715375,-22125,17-Apr-17
OPTSTK,KTKBANK,27-Apr-17,185,CE,0.2,0.2,0.2,0.2,0.2,1,13.65,36875,7375,17-Apr-17
OPTSTK,KTKBANK,27-Apr-17,190,CE,0,0,0,0.95,0.05,0,0,0,0,17-Apr-17
OPTSTK,KTKBANK,27-Apr-17,65,PE,0,0,0,0.05,0,0,0,0,0,17-Apr-17
OPTSTK,KTKBANK,27-Apr-17,70,PE,0,0,0,0.05,0,0,0,0,0,17-Apr-17
OPTSTK,KTKBANK,27-Apr-17,75,PE,0,0,0,0.1,0,0,0,0,0,17-Apr-17
OPTSTK,KTKBANK,27-Apr-17,80,PE,0,0,0,0.25,0,0,0,0,0,17-Apr-17
OPTSTK,KTKBANK,27-Apr-17,85,PE,0,0,0,0.5,0,0,0,14750,0,17-Apr-17
OPTSTK,KTKBANK,27-Apr-17,90,PE,0,0,0,0.4,0,0,0,7375,0,17-Apr-17
OPTSTK,KTKBANK,27-Apr-17,95,PE,0,0,0,1.7,0,0,0,0,0,17-Apr-17
OPTSTK,KTKBANK,27-Apr-17,100,PE,0,0,0,2.75,0,0,0,0,0,17-Apr-17
OPTSTK,KTKBANK,27-Apr-17,105,PE,0,0,0,4.2,0,0,0,0,0,17-Apr-17
OPTSTK,KTKBANK,27-Apr-17,110,PE,0,0,0,6.1,0,0,0,0,0,17-Apr-17
OPTSTK,KTKBANK,27-Apr-17,115,PE,0,0,0,0.05,0,0,0,22125,0,17-Apr-17
OPTSTK,KTKBANK,27-Apr-17,120,PE,0.05,0.05,0.05,0.05,0.05,1,8.85,81125,-7375,17-Apr-17
OPTSTK,KTKBANK,27-Apr-17,125,PE,0,0,0,0.15,0.05,0,0,103250,0,17-Apr-17
OPTSTK,KTKBANK,27-Apr-17,130,PE,0.1,0.1,0.1,0.1,0.1,3,28.78,368750,-7375,17-Apr-17
OPTSTK,KTKBANK,27-Apr-17,135,PE,0.15,0.25,0.15,0.25,0.25,5,49.85,324500,-22125,17-Apr-17
OPTSTK,KTKBANK,27-Apr-17,140,PE,0.35,0.45,0.2,0.45,0.45,34,351.92,685875,-88500,17-Apr-17
OPTSTK,KTKBANK,27-Apr-17,145,PE,0.6,1.1,0.6,0.95,0.95,38,408.79,789125,-7375,17-Apr-17
OPTSTK,KTKBANK,27-Apr-17,150,PE,1.65,2.7,1.6,2.3,2.3,131,1469.59,1445500,-191750,17-Apr-17
OPTSTK,KTKBANK,27-Apr-17,155,PE,3.65,5.25,3.65,4.95,4.95,50,588.6,1032500,-22125,17-Apr-17
OPTSTK,KTKBANK,27-Apr-17,160,PE,7.5,8.85,7.1,8.65,8.65,13,161.23,958750,-36875,17-Apr-17
OPTSTK,KTKBANK,27-Apr-17,165,PE,0,0,0,9,13.6,0,0,0,0,17-Apr-17
OPTSTK,KTKBANK,27-Apr-17,170,PE,0,0,0,18,18.05,0,0,7375,0,17-Apr-17
OPTSTK,KTKBANK,27-Apr-17,175,PE,0,0,0,50.6,22.8,0,0,0,0,17-Apr-17
OPTSTK,KTKBANK,27-Apr-17,180,PE,0,0,0,50.6,27.65,0,0,0,0,17-Apr-17
OPTSTK,KTKBANK,27-Apr-17,185,PE,0,0,0,46.55,32.6,0,0,0,0,17-Apr-17
OPTSTK,KTKBANK,27-Apr-17,190,PE,0,0,0,51.2,37.55,0,0,0,0,17-Apr-17
OPTSTK,KTKBANK,25-May-17,80,CE,0,0,0,51.25,72.7,0,0,0,0,17-Apr-17
OPTSTK,KTKBANK,25-May-17,85,CE,0,0,0,46.4,67.75,0,0,0,0,17-Apr-17
OPTSTK,KTKBANK,25-May-17,90,CE,0,0,0,41.65,62.8,0,0,0,0,17-Apr-17
OPTSTK,KTKBANK,25-May-17,95,CE,0,0,0,37,57.8,0,0,0,0,17-Apr-17
OPTSTK,KTKBANK,25-May-17,100,CE,0,0,0,32.5,52.85,0,0,0,0,17-Apr-17
OPTSTK,KTKBANK,25-May-17,105,CE,0,0,0,28.25,47.9,0,0,0,0,17-Apr-17
OPTSTK,KTKBANK,25-May-17,110,CE,0,0,0,24.25,43,0,0,0,0,17-Apr-17
OPTSTK,KTKBANK,25-May-17,115,CE,0,0,0,20.6,38.2,0,0,0,0,17-Apr-17
OPTSTK,KTKBANK,25-May-17,120,CE,0,0,0,17.25,33.5,0,0,0,0,17-Apr-17
OPTSTK,KTKBANK,25-May-17,125,CE,0,0,0,14.3,28.95,0,0,0,0,17-Apr-17
OPTSTK,KTKBANK,25-May-17,130,CE,0,0,0,11.75,24.65,0,0,0,0,17-Apr-17
OPTSTK,KTKBANK,25-May-17,135,CE,0,0,0,9.5,20.65,0,0,0,0,17-Apr-17
OPTSTK,KTKBANK,25-May-17,140,CE,0,0,0,7.65,17,0,0,0,0,17-Apr-17
OPTSTK,KTKBANK,25-May-17,145,CE,0,0,0,6.05,13.75,0,0,0,0,17-Apr-17
OPTSTK,KTKBANK,25-May-17,150,CE,0,0,0,4.8,10.95,0,0,0,0,17-Apr-17
OPTSTK,KTKBANK,25-May-17,155,CE,7.8,7.8,5.85,5.85,5.85,5,59.59,29500,14750,17-Apr-17
OPTSTK,KTKBANK,25-May-17,160,CE,4.4,4.4,4.4,4.4,4.4,1,12.12,59000,7375,17-Apr-17
OPTSTK,KTKBANK,25-May-17,165,CE,0,0,0,2.2,4.95,0,0,0,0,17-Apr-17
OPTSTK,KTKBANK,25-May-17,170,CE,2,2,2,2,2,1,12.68,236000,0,17-Apr-17
OPTSTK,KTKBANK,25-May-17,175,CE,0,0,0,1.95,2.7,0,0,44250,0,17-Apr-17
OPTSTK,KTKBANK,25-May-17,180,CE,0.75,0.75,0.75,0.75,0.75,4,53.32,29500,29500,17-Apr-17
OPTSTK,KTKBANK,25-May-17,185,CE,0,0,0,0.75,1.4,0,0,7375,0,17-Apr-17
OPTSTK,KTKBANK,25-May-17,190,CE,0,0,0,2.15,1,0,0,0,0,17-Apr-17
OPTSTK,KTKBANK,25-May-17,80,PE,0,0,0,0.1,0,0,0,0,0,17-Apr-17
OPTSTK,KTKBANK,25-May-17,85,PE,0,0,0,0.15,0,0,0,0,0,17-Apr-17
OPTSTK,KTKBANK,25-May-17,90,PE,0,0,0,0.3,0,0,0,0,0,17-Apr-17
OPTSTK,KTKBANK,25-May-17,95,PE,0,0,0,0.6,0,0,0,0,0,17-Apr-17
OPTSTK,KTKBANK,25-May-17,100,PE,0,0,0,1.05,0.05,0,0,0,0,17-Apr-17
OPTSTK,KTKBANK,25-May-17,105,PE,0,0,0,1.7,0.05,0,0,0,0,17-Apr-17
OPTSTK,KTKBANK,25-May-17,110,PE,0,0,0,2.65,0.15,0,0,0,0,17-Apr-17
OPTSTK,KTKBANK,25-May-17,115,PE,0,0,0,3.9,0.25,0,0,0,0,17-Apr-17
OPTSTK,KTKBANK,25-May-17,120,PE,0,0,0,5.5,0.5,0,0,0,0,17-Apr-17
OPTSTK,KTKBANK,25-May-17,125,PE,0,0,0,7.45,0.95,0,0,0,0,17-Apr-17
OPTSTK,KTKBANK,25-May-17,130,PE,0,0,0,9.8,1.6,0,0,0,0,17-Apr-17
OPTSTK,KTKBANK,25-May-17,135,PE,0,0,0,12.5,2.6,0,0,0,0,17-Apr-17
OPTSTK,KTKBANK,25-May-17,140,PE,1.75,1.75,1.75,1.75,1.75,1,10.45,22125,0,17-Apr-17
OPTSTK,KTKBANK,25-May-17,145,PE,2.85,2.85,2.85,2.85,2.85,1,10.9,7375,7375,17-Apr-17
OPTSTK,KTKBANK,25-May-17,150,PE,4.5,5.25,4.5,5.25,5.25,2,22.84,22125,14750,17-Apr-17
OPTSTK,KTKBANK,25-May-17,155,PE,0,0,0,5.3,10.35,0,0,14750,0,17-Apr-17
OPTSTK,KTKBANK,25-May-17,160,PE,0,0,0,30.5,13.35,0,0,0,0,17-Apr-17
OPTSTK,KTKBANK,25-May-17,165,PE,0,0,0,34.75,16.7,0,0,0,0,17-Apr-17
OPTSTK,KTKBANK,25-May-17,170,PE,0,0,0,39.15,20.4,0,0,0,0,17-Apr-17
OPTSTK,KTKBANK,25-May-17,175,PE,0,0,0,43.65,24.4,0,0,0,0,17-Apr-17
OPTSTK,KTKBANK,25-May-17,180,PE,0,0,0,48.25,28.6,0,0,0,0,17-Apr-17
OPTSTK,KTKBANK,25-May-17,185,PE,0,0,0,47,33,0,0,0,0,17-Apr-17
OPTSTK,KTKBANK,25-May-17,190,PE,0,0,0,51.45,37.55,0,0,0,0,17-Apr-17
OPTSTK,KTKBANK,29-Jun-17,80,CE,0,0,0,61.45,73.2,0,0,0,0,17-Apr-17
OPTSTK,KTKBANK,29-Jun-17,85,CE,0,0,0,56.5,68.3,0,0,0,0,17-Apr-17
OPTSTK,KTKBANK,29-Jun-17,90,CE,0,0,0,51.6,63.4,0,0,0,0,17-Apr-17
OPTSTK,KTKBANK,29-Jun-17,95,CE,0,0,0,46.7,58.5,0,0,0,0,17-Apr-17
OPTSTK,KTKBANK,29-Jun-17,100,CE,0,0,0,41.85,53.65,0,0,0,0,17-Apr-17
OPTSTK,KTKBANK,29-Jun-17,105,CE,0,0,0,37,48.9,0,0,0,0,17-Apr-17
OPTSTK,KTKBANK,29-Jun-17,110,CE,0,0,0,32.3,44.25,0,0,0,0,17-Apr-17
OPTSTK,KTKBANK,29-Jun-17,115,CE,0,0,0,27.7,39.75,0,0,0,0,17-Apr-17
OPTSTK,KTKBANK,29-Jun-17,120,CE,0,0,0,23.4,35.45,0,0,0,0,17-Apr-17
OPTSTK,KTKBANK,29-Jun-17,125,CE,0,0,0,19.35,31.3,0,0,0,0,17-Apr-17
OPTSTK,KTKBANK,29-Jun-17,130,CE,0,0,0,15.75,27.45,0,0,0,0,17-Apr-17
OPTSTK,KTKBANK,29-Jun-17,135,CE,0,0,0,12.5,23.85,0,0,0,0,17-Apr-17
OPTSTK,KTKBANK,29-Jun-17,140,CE,0,0,0,9.75,20.6,0,0,0,0,17-Apr-17
OPTSTK,KTKBANK,29-Jun-17,145,CE,0,0,0,7.45,17.6,0,0,0,0,17-Apr-17
OPTSTK,KTKBANK,29-Jun-17,150,CE,0,0,0,5.55,14.95,0,0,0,0,17-Apr-17
OPTSTK,KTKBANK,29-Jun-17,155,CE,0,0,0,4.1,12.6,0,0,0,0,17-Apr-17
OPTSTK,KTKBANK,29-Jun-17,160,CE,0,0,0,2.95,10.5,0,0,0,0,17-Apr-17
OPTSTK,KTKBANK,29-Jun-17,165,CE,0,0,0,2.1,8.75,0,0,0,0,17-Apr-17
OPTSTK,KTKBANK,29-Jun-17,170,CE,0,0,0,1.45,7.2,0,0,0,0,17-Apr-17
OPTSTK,KTKBANK,29-Jun-17,175,CE,0,0,0,1,5.9,0,0,0,0,17-Apr-17
OPTSTK,KTKBANK,29-Jun-17,180,CE,0,0,0,0.7,4.8,0,0,0,0,17-Apr-17
OPTSTK,KTKBANK,29-Jun-17,185,CE,0,0,0,0.45,3.9,0,0,0,0,17-Apr-17
OPTSTK,KTKBANK,29-Jun-17,190,CE,0,0,0,0.3,3.15,0,0,0,0,17-Apr-17
OPTSTK,KTKBANK,29-Jun-17,80,PE,0,0,0,0.05,0.05,0,0,0,0,17-Apr-17
OPTSTK,KTKBANK,29-Jun-17,85,PE,0,0,0,0.05,0.05,0,0,0,0,17-Apr-17
OPTSTK,KTKBANK,29-Jun-17,90,PE,0,0,0,0.05,0.05,0,0,0,0,17-Apr-17
OPTSTK,KTKBANK,29-Jun-17,95,PE,0,0,0,0.05,0.1,0,0,0,0,17-Apr-17
OPTSTK,KTKBANK,29-Jun-17,100,PE,0,0,0,0.1,0.25,0,0,0,0,17-Apr-17
OPTSTK,KTKBANK,29-Jun-17,105,PE,0,0,0,0.2,0.4,0,0,0,0,17-Apr-17
OPTSTK,KTKBANK,29-Jun-17,110,PE,0,0,0,0.35,0.7,0,0,0,0,17-Apr-17
OPTSTK,KTKBANK,29-Jun-17,115,PE,0,0,0,0.75,1.1,0,0,0,0,17-Apr-17
OPTSTK,KTKBANK,29-Jun-17,120,PE,0,0,0,1.3,1.75,0,0,0,0,17-Apr-17
OPTSTK,KTKBANK,29-Jun-17,125,PE,0,0,0,2.2,2.55,0,0,0,0,17-Apr-17
OPTSTK,KTKBANK,29-Jun-17,130,PE,0,0,0,3.5,3.6,0,0,0,0,17-Apr-17
OPTSTK,KTKBANK,29-Jun-17,135,PE,0,0,0,5.2,5,0,0,0,0,17-Apr-17
OPTSTK,KTKBANK,29-Jun-17,140,PE,0,0,0,7.35,6.6,0,0,0,0,17-Apr-17
OPTSTK,KTKBANK,29-Jun-17,145,PE,0,0,0,9.95,8.6,0,0,0,0,17-Apr-17
OPTSTK,KTKBANK,29-Jun-17,150,PE,0,0,0,13,10.85,0,0,0,0,17-Apr-17
OPTSTK,KTKBANK,29-Jun-17,155,PE,0,0,0,16.45,13.45,0,0,0,0,17-Apr-17
OPTSTK,KTKBANK,29-Jun-17,160,PE,0,0,0,20.2,16.3,0,0,0,0,17-Apr-17
OPTSTK,KTKBANK,29-Jun-17,165,PE,0,0,0,24.25,19.45,0,0,0,0,17-Apr-17
OPTSTK,KTKBANK,29-Jun-17,170,PE,0,0,0,28.55,22.85,0,0,0,0,17-Apr-17
OPTSTK,KTKBANK,29-Jun-17,175,PE,0,0,0,33,26.5,0,0,0,0,17-Apr-17
OPTSTK,KTKBANK,29-Jun-17,180,PE,0,0,0,37.6,30.35,0,0,0,0,17-Apr-17
OPTSTK,KTKBANK,29-Jun-17,185,PE,0,0,0,42.3,34.35,0,0,0,0,17-Apr-17
OPTSTK,KTKBANK,29-Jun-17,190,PE,0,0,0,47.05,38.55,0,0,0,0,17-Apr-17
OPTSTK,L&TFH,27-Apr-17,65,CE,0,0,0,37.15,58.3,0,0,0,0,17-Apr-17
OPTSTK,L&TFH,27-Apr-17,67.5,CE,0,0,0,34.75,55.8,0,0,0,0,17-Apr-17
OPTSTK,L&TFH,27-Apr-17,70,CE,0,0,0,32.35,53.3,0,0,0,0,17-Apr-17
OPTSTK,L&TFH,27-Apr-17,72.5,CE,0,0,0,30,50.8,0,0,0,0,17-Apr-17
OPTSTK,L&TFH,27-Apr-17,75,CE,0,0,0,27.7,48.3,0,0,0,0,17-Apr-17
OPTSTK,L&TFH,27-Apr-17,77.5,CE,0,0,0,25.45,45.8,0,0,0,0,17-Apr-17
OPTSTK,L&TFH,27-Apr-17,80,CE,0,0,0,23.25,43.3,0,0,0,0,17-Apr-17
OPTSTK,L&TFH,27-Apr-17,82.5,CE,0,0,0,21.15,40.8,0,0,0,0,17-Apr-17
OPTSTK,L&TFH,27-Apr-17,85,CE,0,0,0,19.15,38.3,0,0,0,0,17-Apr-17
OPTSTK,L&TFH,27-Apr-17,87.5,CE,0,0,0,17.25,35.8,0,0,0,0,17-Apr-17
OPTSTK,L&TFH,27-Apr-17,90,CE,0,0,0,33.5,33.35,0,0,9000,0,17-Apr-17
OPTSTK,L&TFH,27-Apr-17,92.5,CE,0,0,0,31.05,30.85,0,0,18000,0,17-Apr-17
OPTSTK,L&TFH,27-Apr-17,95,CE,0,0,0,28.9,28.35,0,0,63000,0,17-Apr-17
OPTSTK,L&TFH,27-Apr-17,97.5,CE,0,0,0,26.3,25.85,0,0,18000,0,17-Apr-17
OPTSTK,L&TFH,27-Apr-17,100,CE,0,0,0,9.45,23.35,0,0,0,0,17-Apr-17
OPTSTK,L&TFH,27-Apr-17,102.5,CE,0,0,0,8.25,20.85,0,0,0,0,17-Apr-17
OPTSTK,L&TFH,27-Apr-17,105,CE,0,0,0,17,18.35,0,0,18000,0,17-Apr-17
OPTSTK,L&TFH,27-Apr-17,107.5,CE,0,0,0,16.9,15.85,0,0,9000,0,17-Apr-17
OPTSTK,L&TFH,27-Apr-17,110,CE,0,0,0,14.8,13.35,0,0,72000,0,17-Apr-17
OPTSTK,L&TFH,27-Apr-17,112.5,CE,0,0,0,4.55,10.9,0,0,0,0,17-Apr-17
OPTSTK,L&TFH,27-Apr-17,115,CE,0,0,0,8.9,8.5,0,0,81000,0,17-Apr-17
OPTSTK,L&TFH,27-Apr-17,117.5,CE,0,0,0,3.3,6.3,0,0,0,0,17-Apr-17
OPTSTK,L&TFH,27-Apr-17,120,CE,4.2,5.15,3.6,5,5,38,426.04,1206000,234000,17-Apr-17
OPTSTK,L&TFH,27-Apr-17,122.5,CE,2.55,3.4,2.25,3.3,3.3,87,981.8,441000,0,17-Apr-17
OPTSTK,L&TFH,27-Apr-17,125,CE,1.6,2.4,1.4,2.2,2.2,203,2318.96,1449000,126000,17-Apr-17
OPTSTK,L&TFH,27-Apr-17,127.5,CE,0.85,1.45,0.85,1.4,1.4,25,289.57,396000,63000,17-Apr-17
OPTSTK,L&TFH,27-Apr-17,130,CE,0.65,0.9,0.45,0.85,0.85,58,682.39,1224000,72000,17-Apr-17
OPTSTK,L&TFH,27-Apr-17,132.5,CE,0.35,0.6,0.3,0.6,0.6,5,59.81,216000,9000,17-Apr-17
OPTSTK,L&TFH,27-Apr-17,135,CE,0.2,0.3,0.2,0.3,0.3,14,170.43,531000,18000,17-Apr-17
OPTSTK,L&TFH,27-Apr-17,137.5,CE,0,0,0,0.25,0.05,0,0,63000,0,17-Apr-17
OPTSTK,L&TFH,27-Apr-17,140,CE,0.1,0.15,0.05,0.1,0.1,23,289.99,594000,9000,17-Apr-17
OPTSTK,L&TFH,27-Apr-17,142.5,CE,0,0,0,0.2,0,0,0,45000,0,17-Apr-17
OPTSTK,L&TFH,27-Apr-17,145,CE,0,0,0,0.05,0,0,0,45000,0,17-Apr-17
OPTSTK,L&TFH,27-Apr-17,147.5,CE,0,0,0,0.2,0,0,0,9000,0,17-Apr-17
OPTSTK,L&TFH,27-Apr-17,150,CE,0,0,0,1.2,0,0,0,0,0,17-Apr-17
OPTSTK,L&TFH,27-Apr-17,65,PE,0,0,0,0.1,0,0,0,0,0,17-Apr-17
OPTSTK,L&TFH,27-Apr-17,67.5,PE,0,0,0,0.15,0,0,0,0,0,17-Apr-17
OPTSTK,L&TFH,27-Apr-17,70,PE,0,0,0,0.2,0,0,0,0,0,17-Apr-17
OPTSTK,L&TFH,27-Apr-17,72.5,PE,0,0,0,0.3,0,0,0,0,0,17-Apr-17
OPTSTK,L&TFH,27-Apr-17,75,PE,0,0,0,0.45,0,0,0,0,0,17-Apr-17
OPTSTK,L&TFH,27-Apr-17,77.5,PE,0,0,0,0.7,0,0,0,0,0,17-Apr-17
OPTSTK,L&TFH,27-Apr-17,80,PE,0,0,0,0.95,0,0,0,0,0,17-Apr-17
OPTSTK,L&TFH,27-Apr-17,82.5,PE,0,0,0,1.3,0,0,0,0,0,17-Apr-17
OPTSTK,L&TFH,27-Apr-17,85,PE,0,0,0,1.75,0,0,0,0,0,17-Apr-17
OPTSTK,L&TFH,27-Apr-17,87.5,PE,0,0,0,2.3,0,0,0,0,0,17-Apr-17
OPTSTK,L&TFH,27-Apr-17,90,PE,0,0,0,2.95,0,0,0,0,0,17-Apr-17
OPTSTK,L&TFH,27-Apr-17,92.5,PE,0,0,0,3.75,0,0,0,0,0,17-Apr-17
OPTSTK,L&TFH,27-Apr-17,95,PE,0,0,0,4.65,0,0,0,0,0,17-Apr-17
OPTSTK,L&TFH,27-Apr-17,97.5,PE,0,0,0,5.65,0,0,0,0,0,17-Apr-17
OPTSTK,L&TFH,27-Apr-17,100,PE,0,0,0,6.8,0,0,0,0,0,17-Apr-17
OPTSTK,L&TFH,27-Apr-17,102.5,PE,0,0,0,8.05,0,0,0,0,0,17-Apr-17
OPTSTK,L&TFH,27-Apr-17,105,PE,0,0,0,0.15,0,0,0,90000,0,17-Apr-17
OPTSTK,L&TFH,27-Apr-17,107.5,PE,0,0,0,0.15,0,0,0,9000,0,17-Apr-17
OPTSTK,L&TFH,27-Apr-17,110,PE,0.1,0.1,0.1,0.1,0.1,4,39.63,270000,-9000,17-Apr-17
OPTSTK,L&TFH,27-Apr-17,112.5,PE,0,0,0,0.25,0.05,0,0,63000,0,17-Apr-17
OPTSTK,L&TFH,27-Apr-17,115,PE,0.6,0.6,0.35,0.45,0.45,24,249.33,369000,-9000,17-Apr-17
OPTSTK,L&TFH,27-Apr-17,117.5,PE,0.9,0.95,0.75,0.85,0.85,14,149.08,522000,90000,17-Apr-17
OPTSTK,L&TFH,27-Apr-17,120,PE,1.9,1.9,1.25,1.35,1.35,80,875.17,1026000,180000,17-Apr-17
OPTSTK,L&TFH,27-Apr-17,122.5,PE,2.9,3.1,2.1,2.25,2.25,30,337.55,441000,18000,17-Apr-17
OPTSTK,L&TFH,27-Apr-17,125,PE,4.2,4.2,3.5,3.5,3.5,2,23.19,297000,9000,17-Apr-17
OPTSTK,L&TFH,27-Apr-17,127.5,PE,0,0,0,4.1,4.95,0,0,0,0,17-Apr-17
OPTSTK,L&TFH,27-Apr-17,130,PE,8.8,8.8,8.8,8.8,8.8,1,12.49,18000,0,17-Apr-17
OPTSTK,L&TFH,27-Apr-17,132.5,PE,0,0,0,30.5,9.3,0,0,0,0,17-Apr-17
OPTSTK,L&TFH,27-Apr-17,135,PE,0,0,0,32.75,11.7,0,0,0,0,17-Apr-17
OPTSTK,L&TFH,27-Apr-17,137.5,PE,0,0,0,33.75,14.15,0,0,0,0,17-Apr-17
OPTSTK,L&TFH,27-Apr-17,140,PE,0,0,0,17.15,16.65,0,0,9000,0,17-Apr-17
OPTSTK,L&TFH,27-Apr-17,142.5,PE,0,0,0,33.55,19.1,0,0,0,0,17-Apr-17
OPTSTK,L&TFH,27-Apr-17,145,PE,0,0,0,34.4,21.6,0,0,0,0,17-Apr-17
OPTSTK,L&TFH,27-Apr-17,147.5,PE,0,0,0,34.15,24.1,0,0,0,0,17-Apr-17
OPTSTK,L&TFH,27-Apr-17,150,PE,0,0,0,34.9,26.6,0,0,0,0,17-Apr-17
OPTSTK,L&TFH,25-May-17,82.5,CE,0,0,0,35.45,41.25,0,0,0,0,17-Apr-17
OPTSTK,L&TFH,25-May-17,85,CE,0,0,0,33.1,38.75,0,0,0,0,17-Apr-17
OPTSTK,L&TFH,25-May-17,87.5,CE,0,0,0,30.8,36.25,0,0,0,0,17-Apr-17
OPTSTK,L&TFH,25-May-17,90,CE,0,0,0,28.6,33.8,0,0,0,0,17-Apr-17
OPTSTK,L&TFH,25-May-17,92.5,CE,0,0,0,26.4,31.3,0,0,0,0,17-Apr-17
OPTSTK,L&TFH,25-May-17,95,CE,0,0,0,24.3,28.8,0,0,0,0,17-Apr-17
OPTSTK,L&TFH,25-May-17,97.5,CE,0,0,0,22.25,26.35,0,0,0,0,17-Apr-17
OPTSTK,L&TFH,25-May-17,100,CE,0,0,0,20.35,23.85,0,0,0,0,17-Apr-17
OPTSTK,L&TFH,25-May-17,102.5,CE,0,0,0,18.5,21.4,0,0,0,0,17-Apr-17
OPTSTK,L&TFH,25-May-17,105,CE,0,0,0,16.75,19,0,0,0,0,17-Apr-17
OPTSTK,L&TFH,25-May-17,107.5,CE,0,0,0,15.1,16.65,0,0,0,0,17-Apr-17
OPTSTK,L&TFH,25-May-17,110,CE,0,0,0,13.55,14.35,0,0,0,0,17-Apr-17
OPTSTK,L&TFH,25-May-17,112.5,CE,0,0,0,12.1,12.15,0,0,0,0,17-Apr-17
OPTSTK,L&TFH,25-May-17,115,CE,0,0,0,10.8,10.15,0,0,0,0,17-Apr-17
OPTSTK,L&TFH,25-May-17,117.5,CE,0,0,0,9.6,8.25,0,0,0,0,17-Apr-17
OPTSTK,L&TFH,25-May-17,120,CE,0,0,0,8.45,6.6,0,0,0,0,17-Apr-17
OPTSTK,L&TFH,25-May-17,122.5,CE,0,0,0,7.45,5.15,0,0,0,0,17-Apr-17
OPTSTK,L&TFH,25-May-17,125,CE,0,0,0,4.2,3.95,0,0,108000,0,17-Apr-17
OPTSTK,L&TFH,25-May-17,127.5,CE,0,0,0,5.75,2.95,0,0,0,0,17-Apr-17
OPTSTK,L&TFH,25-May-17,130,CE,2.9,2.9,2.9,2.9,2.9,1,11.96,9000,9000,17-Apr-17
OPTSTK,L&TFH,25-May-17,132.5,CE,0,0,0,2.15,1.55,0,0,9000,0,17-Apr-17
OPTSTK,L&TFH,25-May-17,135,CE,0,0,0,3.75,1.1,0,0,0,0,17-Apr-17
OPTSTK,L&TFH,25-May-17,137.5,CE,0,0,0,3.25,0.75,0,0,0,0,17-Apr-17
OPTSTK,L&TFH,25-May-17,140,CE,0,0,0,2.8,0.5,0,0,0,0,17-Apr-17
OPTSTK,L&TFH,25-May-17,142.5,CE,0,0,0,2.4,0.35,0,0,0,0,17-Apr-17
OPTSTK,L&TFH,25-May-17,145,CE,0,0,0,2.05,0.2,0,0,0,0,17-Apr-17
OPTSTK,L&TFH,25-May-17,147.5,CE,0,0,0,1.75,0.15,0,0,0,0,17-Apr-17
OPTSTK,L&TFH,25-May-17,150,CE,0,0,0,1.5,0.1,0,0,0,0,17-Apr-17
OPTSTK,L&TFH,25-May-17,82.5,PE,0,0,0,0.3,0,0,0,0,0,17-Apr-17
OPTSTK,L&TFH,25-May-17,85,PE,0,0,0,0.4,0,0,0,0,0,17-Apr-17
OPTSTK,L&TFH,25-May-17,87.5,PE,0,0,0,0.6,0,0,0,0,0,17-Apr-17
OPTSTK,L&TFH,25-May-17,90,PE,0,0,0,0.8,0,0,0,0,0,17-Apr-17
OPTSTK,L&TFH,25-May-17,92.5,PE,0,0,0,1.1,0,0,0,0,0,17-Apr-17
OPTSTK,L&TFH,25-May-17,95,PE,0,0,0,1.45,0,0,0,0,0,17-Apr-17
OPTSTK,L&TFH,25-May-17,97.5,PE,0,0,0,1.9,0.05,0,0,0,0,17-Apr-17
OPTSTK,L&TFH,25-May-17,100,PE,0,0,0,2.4,0.05,0,0,0,0,17-Apr-17
OPTSTK,L&TFH,25-May-17,102.5,PE,0,0,0,3.05,0.1,0,0,0,0,17-Apr-17
OPTSTK,L&TFH,25-May-17,105,PE,0,0,0,3.75,0.15,0,0,0,0,17-Apr-17
OPTSTK,L&TFH,25-May-17,107.5,PE,0,0,0,4.55,0.25,0,0,0,0,17-Apr-17
OPTSTK,L&TFH,25-May-17,110,PE,0,0,0,1.2,0.45,0,0,18000,0,17-Apr-17
OPTSTK,L&TFH,25-May-17,112.5,PE,0,0,0,6.5,0.75,0,0,0,0,17-Apr-17
OPTSTK,L&TFH,25-May-17,115,PE,0,0,0,7.65,1.2,0,0,0,0,17-Apr-17
OPTSTK,L&TFH,25-May-17,117.5,PE,0,0,0,8.9,1.85,0,0,0,0,17-Apr-17
OPTSTK,L&TFH,25-May-17,120,PE,0,0,0,10.25,2.65,0,0,0,0,17-Apr-17
OPTSTK,L&TFH,25-May-17,122.5,PE,0,0,0,11.7,3.7,0,0,0,0,17-Apr-17
OPTSTK,L&TFH,25-May-17,125,PE,0,0,0,5.25,4.95,0,0,36000,0,17-Apr-17
OPTSTK,L&TFH,25-May-17,127.5,PE,0,0,0,14.9,6.45,0,0,0,0,17-Apr-17
OPTSTK,L&TFH,25-May-17,130,PE,0,0,0,16.6,8.15,0,0,0,0,17-Apr-17
OPTSTK,L&TFH,25-May-17,132.5,PE,0,0,0,18.4,10,0,0,0,0,17-Apr-17
OPTSTK,L&TFH,25-May-17,135,PE,0,0,0,20.3,12,0,0,0,0,17-Apr-17
OPTSTK,L&TFH,25-May-17,137.5,PE,0,0,0,22.25,14.15,0,0,0,0,17-Apr-17
OPTSTK,L&TFH,25-May-17,140,PE,0,0,0,24.25,16.4,0,0,0,0,17-Apr-17
OPTSTK,L&TFH,25-May-17,142.5,PE,0,0,0,26.3,18.7,0,0,0,0,17-Apr-17
OPTSTK,L&TFH,25-May-17,145,PE,0,0,0,28.45,21.1,0,0,0,0,17-Apr-17
OPTSTK,L&TFH,25-May-17,147.5,PE,0,0,0,30.6,23.5,0,0,0,0,17-Apr-17
OPTSTK,L&TFH,25-May-17,150,PE,0,0,0,32.8,25.95,0,0,0,0,17-Apr-17
OPTSTK,L&TFH,29-Jun-17,82.5,CE,0,0,0,42.3,41.75,0,0,0,0,17-Apr-17
OPTSTK,L&TFH,29-Jun-17,85,CE,0,0,0,39.85,39.25,0,0,0,0,17-Apr-17
OPTSTK,L&TFH,29-Jun-17,87.5,CE,0,0,0,37.4,36.8,0,0,0,0,17-Apr-17
OPTSTK,L&TFH,29-Jun-17,90,CE,0,0,0,34.95,34.35,0,0,0,0,17-Apr-17
OPTSTK,L&TFH,29-Jun-17,92.5,CE,0,0,0,32.55,31.9,0,0,0,0,17-Apr-17
OPTSTK,L&TFH,29-Jun-17,95,CE,0,0,0,30.15,29.45,0,0,0,0,17-Apr-17
OPTSTK,L&TFH,29-Jun-17,97.5,CE,0,0,0,27.75,27.05,0,0,0,0,17-Apr-17
OPTSTK,L&TFH,29-Jun-17,100,CE,0,0,0,25.45,24.65,0,0,0,0,17-Apr-17
OPTSTK,L&TFH,29-Jun-17,102.5,CE,0,0,0,23.15,22.35,0,0,0,0,17-Apr-17
OPTSTK,L&TFH,29-Jun-17,105,CE,0,0,0,20.95,20.05,0,0,0,0,17-Apr-17
OPTSTK,L&TFH,29-Jun-17,107.5,CE,0,0,0,18.85,17.85,0,0,0,0,17-Apr-17
OPTSTK,L&TFH,29-Jun-17,110,CE,0,0,0,16.85,15.75,0,0,0,0,17-Apr-17
OPTSTK,L&TFH,29-Jun-17,112.5,CE,0,0,0,14.9,13.75,0,0,0,0,17-Apr-17
OPTSTK,L&TFH,29-Jun-17,115,CE,0,0,0,13.1,11.9,0,0,0,0,17-Apr-17
OPTSTK,L&TFH,29-Jun-17,117.5,CE,0,0,0,11.45,10.2,0,0,0,0,17-Apr-17
OPTSTK,L&TFH,29-Jun-17,120,CE,0,0,0,9.9,8.65,0,0,0,0,17-Apr-17
OPTSTK,L&TFH,29-Jun-17,122.5,CE,0,0,0,8.5,7.25,0,0,0,0,17-Apr-17
OPTSTK,L&TFH,29-Jun-17,125,CE,0,0,0,7.25,6,0,0,0,0,17-Apr-17
OPTSTK,L&TFH,29-Jun-17,127.5,CE,0,0,0,6.15,4.95,0,0,0,0,17-Apr-17
OPTSTK,L&TFH,29-Jun-17,130,CE,0,0,0,5.15,4,0,0,0,0,17-Apr-17
OPTSTK,L&TFH,29-Jun-17,132.5,CE,0,0,0,4.3,3.2,0,0,0,0,17-Apr-17
OPTSTK,L&TFH,29-Jun-17,135,CE,0,0,0,3.55,2.55,0,0,0,0,17-Apr-17
OPTSTK,L&TFH,29-Jun-17,137.5,CE,0,0,0,2.95,2,0,0,0,0,17-Apr-17
OPTSTK,L&TFH,29-Jun-17,140,CE,0,0,0,2.4,1.55,0,0,0,0,17-Apr-17
OPTSTK,L&TFH,29-Jun-17,142.5,CE,0,0,0,1.95,1.2,0,0,0,0,17-Apr-17
OPTSTK,L&TFH,29-Jun-17,145,CE,0,0,0,1.55,0.95,0,0,0,0,17-Apr-17
OPTSTK,L&TFH,29-Jun-17,147.5,CE,0,0,0,1.25,0.7,0,0,0,0,17-Apr-17
OPTSTK,L&TFH,29-Jun-17,150,CE,0,0,0,1,0.55,0,0,0,0,17-Apr-17
OPTSTK,L&TFH,29-Jun-17,82.5,PE,0,0,0,0.05,0,0,0,0,0,17-Apr-17
OPTSTK,L&TFH,29-Jun-17,85,PE,0,0,0,0.05,0,0,0,0,0,17-Apr-17
OPTSTK,L&TFH,29-Jun-17,87.5,PE,0,0,0,0.05,0.05,0,0,0,0,17-Apr-17
OPTSTK,L&TFH,29-Jun-17,90,PE,0,0,0,0.05,0.05,0,0,0,0,17-Apr-17
OPTSTK,L&TFH,29-Jun-17,92.5,PE,0,0,0,0.1,0.05,0,0,0,0,17-Apr-17
OPTSTK,L&TFH,29-Jun-17,95,PE,0,0,0,0.15,0.1,0,0,0,0,17-Apr-17
OPTSTK,L&TFH,29-Jun-17,97.5,PE,0,0,0,0.25,0.15,0,0,0,0,17-Apr-17
OPTSTK,L&TFH,29-Jun-17,100,PE,0,0,0,0.4,0.25,0,0,0,0,17-Apr-17
OPTSTK,L&TFH,29-Jun-17,102.5,PE,0,0,0,0.6,0.35,0,0,0,0,17-Apr-17
OPTSTK,L&TFH,29-Jun-17,105,PE,0,0,0,0.85,0.55,0,0,0,0,17-Apr-17
OPTSTK,L&TFH,29-Jun-17,107.5,PE,0,0,0,1.2,0.8,0,0,0,0,17-Apr-17
OPTSTK,L&TFH,29-Jun-17,110,PE,0,0,0,1.6,1.2,0,0,0,0,17-Apr-17
OPTSTK,L&TFH,29-Jun-17,112.5,PE,0,0,0,2.15,1.65,0,0,0,0,17-Apr-17
OPTSTK,L&TFH,29-Jun-17,115,PE,0,0,0,2.8,2.3,0,0,0,0,17-Apr-17
OPTSTK,L&TFH,29-Jun-17,117.5,PE,0,0,0,3.6,3.05,0,0,0,0,17-Apr-17
OPTSTK,L&TFH,29-Jun-17,120,PE,0,0,0,4.55,3.95,0,0,0,0,17-Apr-17
OPTSTK,L&TFH,29-Jun-17,122.5,PE,0,0,0,5.6,5,0,0,0,0,17-Apr-17
OPTSTK,L&TFH,29-Jun-17,125,PE,0,0,0,6.8,6.25,0,0,0,0,17-Apr-17
OPTSTK,L&TFH,29-Jun-17,127.5,PE,0,0,0,8.15,7.65,0,0,0,0,17-Apr-17
OPTSTK,L&TFH,29-Jun-17,130,PE,0,0,0,9.6,9.15,0,0,0,0,17-Apr-17
OPTSTK,L&TFH,29-Jun-17,132.5,PE,0,0,0,11.2,10.85,0,0,0,0,17-Apr-17
OPTSTK,L&TFH,29-Jun-17,135,PE,0,0,0,12.95,12.65,0,0,0,0,17-Apr-17
OPTSTK,L&TFH,29-Jun-17,137.5,PE,0,0,0,14.75,14.6,0,0,0,0,17-Apr-17
OPTSTK,L&TFH,29-Jun-17,140,PE,0,0,0,16.7,16.6,0,0,0,0,17-Apr-17
OPTSTK,L&TFH,29-Jun-17,142.5,PE,0,0,0,18.7,18.7,0,0,0,0,17-Apr-17
OPTSTK,L&TFH,29-Jun-17,145,PE,0,0,0,20.75,20.9,0,0,0,0,17-Apr-17
OPTSTK,L&TFH,29-Jun-17,147.5,PE,0,0,0,22.9,23.15,0,0,0,0,17-Apr-17
OPTSTK,L&TFH,29-Jun-17,150,PE,0,0,0,25.1,25.45,0,0,0,0,17-Apr-17
OPTSTK,LICHSGFIN,27-Apr-17,380,CE,0,0,0,172.95,258.15,0,0,0,0,17-Apr-17
OPTSTK,LICHSGFIN,27-Apr-17,400,CE,0,0,0,153.95,238.15,0,0,0,0,17-Apr-17
OPTSTK,LICHSGFIN,27-Apr-17,420,CE,0,0,0,135.45,218.2,0,0,0,0,17-Apr-17
OPTSTK,LICHSGFIN,27-Apr-17,430,CE,0,0,0,194.55,208.2,0,0,0,0,17-Apr-17
OPTSTK,LICHSGFIN,27-Apr-17,440,CE,0,0,0,117.7,198.25,0,0,0,0,17-Apr-17
OPTSTK,LICHSGFIN,27-Apr-17,450,CE,0,0,0,174.65,188.25,0,0,0,0,17-Apr-17
OPTSTK,LICHSGFIN,27-Apr-17,460,CE,0,0,0,100.9,178.25,0,0,0,0,17-Apr-17
OPTSTK,LICHSGFIN,27-Apr-17,470,CE,0,0,0,154.75,168.3,0,0,0,0,17-Apr-17
OPTSTK,LICHSGFIN,27-Apr-17,480,CE,0,0,0,85.3,158.3,0,0,0,0,17-Apr-17
OPTSTK,LICHSGFIN,27-Apr-17,490,CE,0,0,0,134.85,148.3,0,0,0,0,17-Apr-17
OPTSTK,LICHSGFIN,27-Apr-17,500,CE,0,0,0,122.4,138.35,0,0,1100,0,17-Apr-17
OPTSTK,LICHSGFIN,27-Apr-17,510,CE,0,0,0,114.95,128.35,0,0,0,0,17-Apr-17
OPTSTK,LICHSGFIN,27-Apr-17,520,CE,0,0,0,99.6,118.4,0,0,1100,0,17-Apr-17
OPTSTK,LICHSGFIN,27-Apr-17,530,CE,0,0,0,95.1,108.4,0,0,0,0,17-Apr-17
OPTSTK,LICHSGFIN,27-Apr-17,540,CE,0,0,0,57,98.4,0,0,11000,0,17-Apr-17
OPTSTK,LICHSGFIN,27-Apr-17,550,CE,0,0,0,75.45,88.45,0,0,0,0,17-Apr-17
OPTSTK,LICHSGFIN,27-Apr-17,560,CE,0,0,0,67.3,78.45,0,0,11000,0,17-Apr-17
OPTSTK,LICHSGFIN,27-Apr-17,570,CE,0,0,0,56.4,68.45,0,0,0,0,17-Apr-17
OPTSTK,LICHSGFIN,27-Apr-17,580,CE,0,0,0,54.5,58.5,0,0,12100,0,17-Apr-17
OPTSTK,LICHSGFIN,27-Apr-17,590,CE,0,0,0,39,48.55,0,0,0,0,17-Apr-17
OPTSTK,LICHSGFIN,27-Apr-17,600,CE,39.55,39.55,39.55,39.55,39.55,1,7.03,57200,0,17-Apr-17
OPTSTK,LICHSGFIN,27-Apr-17,610,CE,0,0,0,25.5,29.1,0,0,4400,0,17-Apr-17
OPTSTK,LICHSGFIN,27-Apr-17,620,CE,20,24,17.05,23.45,23.45,15,105.64,101200,-8800,17-Apr-17
OPTSTK,LICHSGFIN,27-Apr-17,630,CE,14.7,17.85,11.9,16.1,16.1,131,928.98,79200,-6600,17-Apr-17
OPTSTK,LICHSGFIN,27-Apr-17,640,CE,10.45,12.7,7.75,11.55,11.55,266,1903.48,256300,6600,17-Apr-17
OPTSTK,LICHSGFIN,27-Apr-17,650,CE,6.85,8.05,4.9,7.4,7.4,74,534.64,72600,14300,17-Apr-17
OPTSTK,LICHSGFIN,27-Apr-17,660,CE,3.3,5,2.85,4.5,4.5,124,905.62,123200,7700,17-Apr-17
OPTSTK,LICHSGFIN,27-Apr-17,670,CE,1.6,2.85,1.6,2.4,2.4,13,96.12,50600,8800,17-Apr-17
OPTSTK,LICHSGFIN,27-Apr-17,680,CE,0.85,1.7,0.85,1.45,1.45,34,254.84,57200,-1100,17-Apr-17
OPTSTK,LICHSGFIN,27-Apr-17,690,CE,0.9,0.9,0.9,0.9,0.9,1,7.59,14300,1100,17-Apr-17
OPTSTK,LICHSGFIN,27-Apr-17,700,CE,0,0,0,0.75,0.05,0,0,6600,0,17-Apr-17
OPTSTK,LICHSGFIN,27-Apr-17,710,CE,0,0,0,0.35,0,0,0,0,0,17-Apr-17
OPTSTK,LICHSGFIN,27-Apr-17,720,CE,0,0,0,4.05,0,0,0,0,0,17-Apr-17
OPTSTK,LICHSGFIN,27-Apr-17,730,CE,0,0,0,0.1,0,0,0,0,0,17-Apr-17
OPTSTK,LICHSGFIN,27-Apr-17,740,CE,0,0,0,2.9,0,0,0,0,0,17-Apr-17
OPTSTK,LICHSGFIN,27-Apr-17,380,PE,0,0,0,0.6,0,0,0,0,0,17-Apr-17
OPTSTK,LICHSGFIN,27-Apr-17,400,PE,0,0,0,1.25,0,0,0,0,0,17-Apr-17
OPTSTK,LICHSGFIN,27-Apr-17,420,PE,0,0,0,2.45,0,0,0,0,0,17-Apr-17
OPTSTK,LICHSGFIN,27-Apr-17,430,PE,0,0,0,0.05,0,0,0,0,0,17-Apr-17
OPTSTK,LICHSGFIN,27-Apr-17,440,PE,0,0,0,4.35,0,0,0,0,0,17-Apr-17
OPTSTK,LICHSGFIN,27-Apr-17,450,PE,0,0,0,0.05,0,0,0,0,0,17-Apr-17
OPTSTK,LICHSGFIN,27-Apr-17,460,PE,0,0,0,7.25,0,0,0,0,0,17-Apr-17
OPTSTK,LICHSGFIN,27-Apr-17,470,PE,0,0,0,0.05,0,0,0,0,0,17-Apr-17
OPTSTK,LICHSGFIN,27-Apr-17,480,PE,0,0,0,11.3,0,0,0,0,0,17-Apr-17
OPTSTK,LICHSGFIN,27-Apr-17,490,PE,0,0,0,0.05,0,0,0,0,0,17-Apr-17
OPTSTK,LICHSGFIN,27-Apr-17,500,PE,0,0,0,16.8,0,0,0,0,0,17-Apr-17
OPTSTK,LICHSGFIN,27-Apr-17,510,PE,0,0,0,0.05,0,0,0,0,0,17-Apr-17
OPTSTK,LICHSGFIN,27-Apr-17,520,PE,0,0,0,1,0,0,0,2200,0,17-Apr-17
OPTSTK,LICHSGFIN,27-Apr-17,530,PE,0,0,0,0.05,0,0,0,0,0,17-Apr-17
OPTSTK,LICHSGFIN,27-Apr-17,540,PE,0,0,0,0.2,0,0,0,7700,0,17-Apr-17
OPTSTK,LICHSGFIN,27-Apr-17,550,PE,0,0,0,0.3,0,0,0,0,0,17-Apr-17
OPTSTK,LICHSGFIN,27-Apr-17,560,PE,0,0,0,0.35,0,0,0,41800,0,17-Apr-17
OPTSTK,LICHSGFIN,27-Apr-17,570,PE,0,0,0,3.2,0,0,0,1100,0,17-Apr-17
OPTSTK,LICHSGFIN,27-Apr-17,580,PE,0.7,0.75,0.4,0.45,0.45,12,76.62,91300,-2200,17-Apr-17
OPTSTK,LICHSGFIN,27-Apr-17,590,PE,0,0,0,1.3,0.05,0,0,24200,0,17-Apr-17
OPTSTK,LICHSGFIN,27-Apr-17,600,PE,2.35,2.7,1.5,1.65,1.65,53,350.89,159500,-2200,17-Apr-17
OPTSTK,LICHSGFIN,27-Apr-17,610,PE,4.15,5,2.5,2.65,2.65,30,202.33,52800,7700,17-Apr-17
OPTSTK,LICHSGFIN,27-Apr-17,620,PE,7.6,8.2,4.45,4.95,4.95,58,399.56,130900,-3300,17-Apr-17
OPTSTK,LICHSGFIN,27-Apr-17,630,PE,11.5,12.5,7.3,8.3,8.3,45,316.59,40700,8800,17-Apr-17
OPTSTK,LICHSGFIN,27-Apr-17,640,PE,16.5,16.5,11.6,12.5,12.5,10,71.81,17600,1100,17-Apr-17
OPTSTK,LICHSGFIN,27-Apr-17,650,PE,0,0,0,31,14.85,0,0,0,0,17-Apr-17
OPTSTK,LICHSGFIN,27-Apr-17,660,PE,0,0,0,113.2,22.85,0,0,0,0,17-Apr-17
OPTSTK,LICHSGFIN,27-Apr-17,670,PE,0,0,0,47.15,31.9,0,0,0,0,17-Apr-17
OPTSTK,LICHSGFIN,27-Apr-17,680,PE,0,0,0,47,41.55,0,0,1100,0,17-Apr-17
OPTSTK,LICHSGFIN,27-Apr-17,690,PE,0,0,0,65.25,51.4,0,0,0,0,17-Apr-17
OPTSTK,LICHSGFIN,27-Apr-17,700,PE,0,0,0,147.95,61.35,0,0,0,0,17-Apr-17
OPTSTK,LICHSGFIN,27-Apr-17,710,PE,0,0,0,84.45,71.35,0,0,0,0,17-Apr-17
OPTSTK,LICHSGFIN,27-Apr-17,720,PE,0,0,0,166.1,81.3,0,0,0,0,17-Apr-17
OPTSTK,LICHSGFIN,27-Apr-17,730,PE,0,0,0,104.1,91.3,0,0,0,0,17-Apr-17
OPTSTK,LICHSGFIN,27-Apr-17,740,PE,0,0,0,184.65,101.3,0,0,0,0,17-Apr-17
OPTSTK,LICHSGFIN,25-May-17,380,CE,0,0,0,191.7,260.05,0,0,0,0,17-Apr-17
OPTSTK,LICHSGFIN,25-May-17,400,CE,0,0,0,172.05,240.15,0,0,0,0,17-Apr-17
OPTSTK,LICHSGFIN,25-May-17,420,CE,0,0,0,152.45,220.3,0,0,0,0,17-Apr-17
OPTSTK,LICHSGFIN,25-May-17,430,CE,0,0,0,196.8,210.35,0,0,0,0,17-Apr-17
OPTSTK,LICHSGFIN,25-May-17,440,CE,0,0,0,133.05,200.45,0,0,0,0,17-Apr-17
OPTSTK,LICHSGFIN,25-May-17,450,CE,0,0,0,177,190.5,0,0,0,0,17-Apr-17
OPTSTK,LICHSGFIN,25-May-17,460,CE,0,0,0,114,180.55,0,0,0,0,17-Apr-17
OPTSTK,LICHSGFIN,25-May-17,470,CE,0,0,0,157.2,170.65,0,0,0,0,17-Apr-17
OPTSTK,LICHSGFIN,25-May-17,480,CE,0,0,0,95.6,160.7,0,0,0,0,17-Apr-17
OPTSTK,LICHSGFIN,25-May-17,490,CE,0,0,0,137.45,150.75,0,0,0,0,17-Apr-17
OPTSTK,LICHSGFIN,25-May-17,500,CE,0,0,0,78.25,140.85,0,0,0,0,17-Apr-17
OPTSTK,LICHSGFIN,25-May-17,510,CE,0,0,0,117.75,130.9,0,0,0,0,17-Apr-17
OPTSTK,LICHSGFIN,25-May-17,520,CE,0,0,0,62.35,121,0,0,0,0,17-Apr-17
OPTSTK,LICHSGFIN,25-May-17,530,CE,0,0,0,98.35,111.05,0,0,0,0,17-Apr-17
OPTSTK,LICHSGFIN,25-May-17,540,CE,0,0,0,48.2,101.15,0,0,0,0,17-Apr-17
OPTSTK,LICHSGFIN,25-May-17,550,CE,0,0,0,79.55,91.25,0,0,0,0,17-Apr-17
OPTSTK,LICHSGFIN,25-May-17,560,CE,0,0,0,36.2,81.4,0,0,0,0,17-Apr-17
OPTSTK,LICHSGFIN,25-May-17,570,CE,0,0,0,61.85,71.65,0,0,0,0,17-Apr-17
OPTSTK,LICHSGFIN,25-May-17,580,CE,0,0,0,26.35,62.05,0,0,0,0,17-Apr-17
OPTSTK,LICHSGFIN,25-May-17,590,CE,0,0,0,45.9,52.75,0,0,0,0,17-Apr-17
OPTSTK,LICHSGFIN,25-May-17,600,CE,0,0,0,18.6,43.9,0,0,0,0,17-Apr-17
OPTSTK,LICHSGFIN,25-May-17,610,CE,39.5,39.5,39.5,39.5,39.5,1,7.14,2200,1100,17-Apr-17
OPTSTK,LICHSGFIN,25-May-17,620,CE,0,0,0,16,28.2,0,0,0,0,17-Apr-17
OPTSTK,LICHSGFIN,25-May-17,630,CE,0,0,0,21.55,21.65,0,0,0,0,17-Apr-17
OPTSTK,LICHSGFIN,25-May-17,640,CE,20.5,20.5,20.5,20.5,20.5,1,7.26,1100,1100,17-Apr-17
OPTSTK,LICHSGFIN,25-May-17,650,CE,0,0,0,13.55,11.55,0,0,0,0,17-Apr-17
OPTSTK,LICHSGFIN,25-May-17,660,CE,0,0,0,5.45,8.05,0,0,0,0,17-Apr-17
OPTSTK,LICHSGFIN,25-May-17,670,CE,0,0,0,8,5.4,0,0,0,0,17-Apr-17
OPTSTK,LICHSGFIN,25-May-17,680,CE,0,0,0,3.45,3.5,0,0,0,0,17-Apr-17
OPTSTK,LICHSGFIN,25-May-17,690,CE,0,0,0,4.45,2.2,0,0,0,0,17-Apr-17
OPTSTK,LICHSGFIN,25-May-17,700,CE,0,0,0,2.1,1.3,0,0,0,0,17-Apr-17
OPTSTK,LICHSGFIN,25-May-17,710,CE,0,0,0,2.35,0.75,0,0,0,0,17-Apr-17
OPTSTK,LICHSGFIN,25-May-17,720,CE,0,0,0,1.25,0.45,0,0,0,0,17-Apr-17
OPTSTK,LICHSGFIN,25-May-17,730,CE,0,0,0,1.2,0.25,0,0,0,0,17-Apr-17
OPTSTK,LICHSGFIN,25-May-17,740,CE,0,0,0,0.75,0.15,0,0,0,0,17-Apr-17
OPTSTK,LICHSGFIN,25-May-17,380,PE,0,0,0,0.05,0,0,0,0,0,17-Apr-17
OPTSTK,LICHSGFIN,25-May-17,400,PE,0,0,0,0.05,0,0,0,0,0,17-Apr-17
OPTSTK,LICHSGFIN,25-May-17,420,PE,0,0,0,0.15,0,0,0,0,0,17-Apr-17
OPTSTK,LICHSGFIN,25-May-17,430,PE,0,0,0,0.05,0,0,0,0,0,17-Apr-17
OPTSTK,LICHSGFIN,25-May-17,440,PE,0,0,0,0.45,0,0,0,0,0,17-Apr-17
OPTSTK,LICHSGFIN,25-May-17,450,PE,0,0,0,0.05,0,0,0,0,0,17-Apr-17
OPTSTK,LICHSGFIN,25-May-17,460,PE,0,0,0,1.05,0,0,0,0,0,17-Apr-17
OPTSTK,LICHSGFIN,25-May-17,470,PE,0,0,0,0.05,0,0,0,0,0,17-Apr-17
OPTSTK,LICHSGFIN,25-May-17,480,PE,0,0,0,2.35,0,0,0,0,0,17-Apr-17
OPTSTK,LICHSGFIN,25-May-17,490,PE,0,0,0,0.05,0,0,0,0,0,17-Apr-17
OPTSTK,LICHSGFIN,25-May-17,500,PE,0,0,0,4.7,0,0,0,0,0,17-Apr-17
OPTSTK,LICHSGFIN,25-May-17,510,PE,0,0,0,0.2,0,0,0,0,0,17-Apr-17
OPTSTK,LICHSGFIN,25-May-17,520,PE,0,0,0,8.45,0,0,0,0,0,17-Apr-17
OPTSTK,LICHSGFIN,25-May-17,530,PE,0,0,0,0.55,0.05,0,0,0,0,17-Apr-17
OPTSTK,LICHSGFIN,25-May-17,540,PE,0,0,0,14.05,0.05,0,0,0,0,17-Apr-17
OPTSTK,LICHSGFIN,25-May-17,550,PE,0,0,0,1.55,0.05,0,0,0,0,17-Apr-17
OPTSTK,LICHSGFIN,25-May-17,560,PE,0,0,0,21.7,0.15,0,0,0,0,17-Apr-17
OPTSTK,LICHSGFIN,25-May-17,570,PE,0,0,0,3.6,0.35,0,0,0,0,17-Apr-17
OPTSTK,LICHSGFIN,25-May-17,580,PE,0,0,0,31.55,0.7,0,0,0,0,17-Apr-17
OPTSTK,LICHSGFIN,25-May-17,590,PE,0,0,0,7.5,1.35,0,0,0,0,17-Apr-17
OPTSTK,LICHSGFIN,25-May-17,600,PE,0,0,0,43.45,2.4,0,0,0,0,17-Apr-17
OPTSTK,LICHSGFIN,25-May-17,610,PE,0,0,0,13.75,4.1,0,0,0,0,17-Apr-17
OPTSTK,LICHSGFIN,25-May-17,620,PE,0,0,0,20.7,6.55,0,0,3300,0,17-Apr-17
OPTSTK,LICHSGFIN,25-May-17,630,PE,0,0,0,22.75,9.95,0,0,0,0,17-Apr-17
OPTSTK,LICHSGFIN,25-May-17,640,PE,0,0,0,72.7,14.3,0,0,0,0,17-Apr-17
OPTSTK,LICHSGFIN,25-May-17,650,PE,0,0,0,34.5,19.75,0,0,0,0,17-Apr-17
OPTSTK,LICHSGFIN,25-May-17,660,PE,0,0,0,89.4,26.15,0,0,0,0,17-Apr-17
OPTSTK,LICHSGFIN,25-May-17,670,PE,0,0,0,48.8,33.4,0,0,0,0,17-Apr-17
OPTSTK,LICHSGFIN,25-May-17,680,PE,0,0,0,107.05,41.45,0,0,0,0,17-Apr-17
OPTSTK,LICHSGFIN,25-May-17,690,PE,0,0,0,65.05,50.1,0,0,0,0,17-Apr-17
OPTSTK,LICHSGFIN,25-May-17,700,PE,0,0,0,125.4,59.15,0,0,0,0,17-Apr-17
OPTSTK,LICHSGFIN,25-May-17,710,PE,0,0,0,82.75,68.55,0,0,0,0,17-Apr-17
OPTSTK,LICHSGFIN,25-May-17,720,PE,0,0,0,144.25,78.15,0,0,0,0,17-Apr-17
OPTSTK,LICHSGFIN,25-May-17,730,PE,0,0,0,101.35,87.85,0,0,0,0,17-Apr-17
OPTSTK,LICHSGFIN,25-May-17,740,PE,0,0,0,163.45,97.7,0,0,0,0,17-Apr-17
OPTSTK,LICHSGFIN,29-Jun-17,420,CE,0,0,0,209.35,222.9,0,0,0,0,17-Apr-17
OPTSTK,LICHSGFIN,29-Jun-17,430,CE,0,0,0,199.5,213,0,0,0,0,17-Apr-17
OPTSTK,LICHSGFIN,29-Jun-17,440,CE,0,0,0,189.7,203.15,0,0,0,0,17-Apr-17
OPTSTK,LICHSGFIN,29-Jun-17,450,CE,0,0,0,179.85,193.3,0,0,0,0,17-Apr-17
OPTSTK,LICHSGFIN,29-Jun-17,460,CE,0,0,0,170.05,183.4,0,0,0,0,17-Apr-17
OPTSTK,LICHSGFIN,29-Jun-17,470,CE,0,0,0,160.25,173.55,0,0,0,0,17-Apr-17
OPTSTK,LICHSGFIN,29-Jun-17,480,CE,0,0,0,150.5,163.65,0,0,0,0,17-Apr-17
OPTSTK,LICHSGFIN,29-Jun-17,490,CE,0,0,0,140.75,153.8,0,0,0,0,17-Apr-17
OPTSTK,LICHSGFIN,29-Jun-17,500,CE,0,0,0,131.1,143.95,0,0,0,0,17-Apr-17
OPTSTK,LICHSGFIN,29-Jun-17,510,CE,0,0,0,121.55,134.1,0,0,0,0,17-Apr-17
OPTSTK,LICHSGFIN,29-Jun-17,520,CE,0,0,0,112.1,124.25,0,0,0,0,17-Apr-17
OPTSTK,LICHSGFIN,29-Jun-17,530,CE,0,0,0,102.8,114.45,0,0,0,0,17-Apr-17
OPTSTK,LICHSGFIN,29-Jun-17,540,CE,0,0,0,93.75,104.7,0,0,0,0,17-Apr-17
OPTSTK,LICHSGFIN,29-Jun-17,550,CE,0,0,0,84.9,95.05,0,0,0,0,17-Apr-17
OPTSTK,LICHSGFIN,29-Jun-17,560,CE,0,0,0,76.45,85.55,0,0,0,0,17-Apr-17
OPTSTK,LICHSGFIN,29-Jun-17,570,CE,0,0,0,68.3,76.25,0,0,0,0,17-Apr-17
OPTSTK,LICHSGFIN,29-Jun-17,580,CE,0,0,0,60.6,67.25,0,0,0,0,17-Apr-17
OPTSTK,LICHSGFIN,29-Jun-17,590,CE,0,0,0,53.35,58.6,0,0,0,0,17-Apr-17
OPTSTK,LICHSGFIN,29-Jun-17,600,CE,0,0,0,46.55,50.45,0,0,0,0,17-Apr-17
OPTSTK,LICHSGFIN,29-Jun-17,610,CE,0,0,0,40.35,42.85,0,0,0,0,17-Apr-17
OPTSTK,LICHSGFIN,29-Jun-17,620,CE,0,0,0,34.65,35.8,0,0,0,0,17-Apr-17
OPTSTK,LICHSGFIN,29-Jun-17,630,CE,0,0,0,29.55,29.5,0,0,0,0,17-Apr-17
OPTSTK,LICHSGFIN,29-Jun-17,640,CE,0,0,0,24.95,23.95,0,0,0,0,17-Apr-17
OPTSTK,LICHSGFIN,29-Jun-17,650,CE,0,0,0,20.9,19.1,0,0,0,0,17-Apr-17
OPTSTK,LICHSGFIN,29-Jun-17,660,CE,0,0,0,17.35,15,0,0,0,0,17-Apr-17
OPTSTK,LICHSGFIN,29-Jun-17,670,CE,0,0,0,14.3,11.6,0,0,0,0,17-Apr-17
OPTSTK,LICHSGFIN,29-Jun-17,680,CE,0,0,0,11.7,8.85,0,0,0,0,17-Apr-17
OPTSTK,LICHSGFIN,29-Jun-17,690,CE,0,0,0,9.5,6.6,0,0,0,0,17-Apr-17
OPTSTK,LICHSGFIN,29-Jun-17,700,CE,0,0,0,7.65,4.85,0,0,0,0,17-Apr-17
OPTSTK,LICHSGFIN,29-Jun-17,710,CE,0,0,0,6.1,3.5,0,0,0,0,17-Apr-17
OPTSTK,LICHSGFIN,29-Jun-17,720,CE,0,0,0,4.85,2.5,0,0,0,0,17-Apr-17
OPTSTK,LICHSGFIN,29-Jun-17,730,CE,0,0,0,3.8,1.75,0,0,0,0,17-Apr-17
OPTSTK,LICHSGFIN,29-Jun-17,740,CE,0,0,0,2.95,1.2,0,0,0,0,17-Apr-17
OPTSTK,LICHSGFIN,29-Jun-17,420,PE,0,0,0,0.05,0,0,0,0,0,17-Apr-17
OPTSTK,LICHSGFIN,29-Jun-17,430,PE,0,0,0,0.05,0,0,0,0,0,17-Apr-17
OPTSTK,LICHSGFIN,29-Jun-17,440,PE,0,0,0,0.05,0,0,0,0,0,17-Apr-17
OPTSTK,LICHSGFIN,29-Jun-17,450,PE,0,0,0,0.05,0,0,0,0,0,17-Apr-17
OPTSTK,LICHSGFIN,29-Jun-17,460,PE,0,0,0,0.05,0,0,0,0,0,17-Apr-17
OPTSTK,LICHSGFIN,29-Jun-17,470,PE,0,0,0,0.1,0,0,0,0,0,17-Apr-17
OPTSTK,LICHSGFIN,29-Jun-17,480,PE,0,0,0,0.15,0,0,0,0,0,17-Apr-17
OPTSTK,LICHSGFIN,29-Jun-17,490,PE,0,0,0,0.3,0.05,0,0,0,0,17-Apr-17
OPTSTK,LICHSGFIN,29-Jun-17,500,PE,0,0,0,0.45,0.05,0,0,0,0,17-Apr-17
OPTSTK,LICHSGFIN,29-Jun-17,510,PE,0,0,0,0.7,0.05,0,0,0,0,17-Apr-17
OPTSTK,LICHSGFIN,29-Jun-17,520,PE,0,0,0,1.1,0.1,0,0,0,0,17-Apr-17
OPTSTK,LICHSGFIN,29-Jun-17,530,PE,0,0,0,1.65,0.15,0,0,0,0,17-Apr-17
OPTSTK,LICHSGFIN,29-Jun-17,540,PE,0,0,0,2.45,0.3,0,0,0,0,17-Apr-17
OPTSTK,LICHSGFIN,29-Jun-17,550,PE,0,0,0,3.45,0.5,0,0,0,0,17-Apr-17
OPTSTK,LICHSGFIN,29-Jun-17,560,PE,0,0,0,4.8,0.9,0,0,0,0,17-Apr-17
OPTSTK,LICHSGFIN,29-Jun-17,570,PE,0,0,0,6.5,1.45,0,0,0,0,17-Apr-17
OPTSTK,LICHSGFIN,29-Jun-17,580,PE,0,0,0,8.6,2.3,0,0,0,0,17-Apr-17
OPTSTK,LICHSGFIN,29-Jun-17,590,PE,0,0,0,11.2,3.55,0,0,0,0,17-Apr-17
OPTSTK,LICHSGFIN,29-Jun-17,600,PE,0,0,0,14.25,5.25,0,0,0,0,17-Apr-17
OPTSTK,LICHSGFIN,29-Jun-17,610,PE,0,0,0,17.85,7.5,0,0,0,0,17-Apr-17
OPTSTK,LICHSGFIN,29-Jun-17,620,PE,0,0,0,22.05,10.35,0,0,0,0,17-Apr-17
OPTSTK,LICHSGFIN,29-Jun-17,630,PE,0,0,0,26.75,13.95,0,0,0,0,17-Apr-17
OPTSTK,LICHSGFIN,29-Jun-17,640,PE,0,0,0,32,18.25,0,0,0,0,17-Apr-17
OPTSTK,LICHSGFIN,29-Jun-17,650,PE,0,0,0,37.8,23.25,0,0,0,0,17-Apr-17
OPTSTK,LICHSGFIN,29-Jun-17,660,PE,0,0,0,44.1,29.05,0,0,0,0,17-Apr-17
OPTSTK,LICHSGFIN,29-Jun-17,670,PE,0,0,0,50.85,35.5,0,0,0,0,17-Apr-17
OPTSTK,LICHSGFIN,29-Jun-17,680,PE,0,0,0,58.1,42.6,0,0,0,0,17-Apr-17
OPTSTK,LICHSGFIN,29-Jun-17,690,PE,0,0,0,65.7,50.2,0,0,0,0,17-Apr-17
OPTSTK,LICHSGFIN,29-Jun-17,700,PE,0,0,0,73.7,58.35,0,0,0,0,17-Apr-17
OPTSTK,LICHSGFIN,29-Jun-17,710,PE,0,0,0,82,66.9,0,0,0,0,17-Apr-17
OPTSTK,LICHSGFIN,29-Jun-17,720,PE,0,0,0,90.55,75.75,0,0,0,0,17-Apr-17
OPTSTK,LICHSGFIN,29-Jun-17,730,PE,0,0,0,99.35,84.85,0,0,0,0,17-Apr-17
OPTSTK,LICHSGFIN,29-Jun-17,740,PE,0,0,0,108.35,94.2,0,0,0,0,17-Apr-17
OPTSTK,LT,27-Apr-17,1080,CE,0,0,0,387.8,603.25,0,0,0,0,17-Apr-17
OPTSTK,LT,27-Apr-17,1100,CE,0,0,0,368.35,583.3,0,0,0,0,17-Apr-17
OPTSTK,LT,27-Apr-17,1120,CE,0,0,0,348.9,563.3,0,0,0,0,17-Apr-17
OPTSTK,LT,27-Apr-17,1140,CE,0,0,0,329.65,543.35,0,0,0,0,17-Apr-17
OPTSTK,LT,27-Apr-17,1160,CE,0,0,0,310.5,523.4,0,0,0,0,17-Apr-17
OPTSTK,LT,27-Apr-17,1180,CE,0,0,0,291.55,503.4,0,0,0,0,17-Apr-17
OPTSTK,LT,27-Apr-17,1200,CE,0,0,0,272.85,483.45,0,0,0,0,17-Apr-17
OPTSTK,LT,27-Apr-17,1220,CE,0,0,0,254.45,463.5,0,0,0,0,17-Apr-17
OPTSTK,LT,27-Apr-17,1240,CE,0,0,0,236.4,443.55,0,0,0,0,17-Apr-17
OPTSTK,LT,27-Apr-17,1260,CE,0,0,0,218.8,423.55,0,0,0,0,17-Apr-17
OPTSTK,LT,27-Apr-17,1280,CE,0,0,0,201.65,403.6,0,0,0,0,17-Apr-17
OPTSTK,LT,27-Apr-17,1300,CE,0,0,0,185.05,383.65,0,0,0,0,17-Apr-17
OPTSTK,LT,27-Apr-17,1320,CE,0,0,0,169.1,363.65,0,0,0,0,17-Apr-17
OPTSTK,LT,27-Apr-17,1340,CE,0,0,0,153.8,343.7,0,0,0,0,17-Apr-17
OPTSTK,LT,27-Apr-17,1360,CE,0,0,0,139.3,323.75,0,0,0,0,17-Apr-17
OPTSTK,LT,27-Apr-17,1380,CE,0,0,0,125.45,303.75,0,0,0,0,17-Apr-17
OPTSTK,LT,27-Apr-17,1400,CE,0,0,0,235.1,283.8,0,0,2500,0,17-Apr-17
OPTSTK,LT,27-Apr-17,1420,CE,0,0,0,100.4,263.85,0,0,0,0,17-Apr-17
OPTSTK,LT,27-Apr-17,1440,CE,0,0,0,127,243.9,0,0,1500,0,17-Apr-17
OPTSTK,LT,27-Apr-17,1460,CE,0,0,0,103.35,223.95,0,0,1500,0,17-Apr-17
OPTSTK,LT,27-Apr-17,1480,CE,0,0,0,84.25,204,0,0,1500,0,17-Apr-17
OPTSTK,LT,27-Apr-17,1500,CE,0,0,0,187.1,184.15,0,0,49000,0,17-Apr-17
OPTSTK,LT,27-Apr-17,1520,CE,0,0,0,165,164.4,0,0,10000,0,17-Apr-17
OPTSTK,LT,27-Apr-17,1540,CE,0,0,0,156,144.9,0,0,10000,0,17-Apr-17
OPTSTK,LT,27-Apr-17,1560,CE,0,0,0,127.65,125.8,0,0,18500,0,17-Apr-17
OPTSTK,LT,27-Apr-17,1580,CE,113,113,113,113,113,1,8.46,29500,0,17-Apr-17
OPTSTK,LT,27-Apr-17,1600,CE,90.05,93,82,90.55,90.55,16,135.06,85500,-2000,17-Apr-17
OPTSTK,LT,27-Apr-17,1620,CE,73.05,73.65,73.05,73.35,73.35,2,16.93,85000,-500,17-Apr-17
OPTSTK,LT,27-Apr-17,1640,CE,49.9,54.25,48,54.25,54.25,3,25.36,96000,-500,17-Apr-17
OPTSTK,LT,27-Apr-17,1660,CE,39.1,44.8,37.6,41.95,41.95,45,382.84,98500,-4000,17-Apr-17
OPTSTK,LT,27-Apr-17,1680,CE,32.9,33.25,25,29.95,29.95,236,2017.09,73500,-4500,17-Apr-17
OPTSTK,LT,27-Apr-17,1700,CE,22.1,24.95,16.9,20.35,20.35,995,8558.67,345500,24000,17-Apr-17
OPTSTK,LT,27-Apr-17,1720,CE,14.4,15.85,11.25,13.55,13.55,382,3311.43,241000,500,17-Apr-17
OPTSTK,LT,27-Apr-17,1740,CE,10,10.25,7.4,8.45,8.45,240,2098.57,185000,500,17-Apr-17
OPTSTK,LT,27-Apr-17,1760,CE,6.35,6.5,4.5,5.05,5.05,142,1253.45,203000,8500,17-Apr-17
OPTSTK,LT,27-Apr-17,1780,CE,4.55,4.55,2.9,3.15,3.15,81,722.25,97500,8500,17-Apr-17
OPTSTK,LT,27-Apr-17,1800,CE,2.65,2.7,1.8,1.95,1.95,253,2279.76,276500,11000,17-Apr-17
OPTSTK,LT,27-Apr-17,1820,CE,1.5,1.5,1.15,1.15,1.15,25,227.66,34000,-4000,17-Apr-17
OPTSTK,LT,27-Apr-17,1840,CE,1,1,0.75,0.85,0.85,6,55.22,80500,0,17-Apr-17
OPTSTK,LT,27-Apr-17,1860,CE,0,0,0,0.95,0.55,0,0,27500,0,17-Apr-17
OPTSTK,LT,27-Apr-17,1880,CE,0,0,0,0.8,0.3,0,0,500,0,17-Apr-17
OPTSTK,LT,27-Apr-17,1900,CE,0.5,0.5,0.5,0.5,0.5,2,19,8000,1000,17-Apr-17
OPTSTK,LT,27-Apr-17,1080,PE,0,0,0,0.35,0,0,0,0,0,17-Apr-17
OPTSTK,LT,27-Apr-17,1100,PE,0,0,0,0.5,0,0,0,0,0,17-Apr-17
OPTSTK,LT,27-Apr-17,1120,PE,0,0,0,0.8,0,0,0,0,0,17-Apr-17
OPTSTK,LT,27-Apr-17,1140,PE,0,0,0,1.15,0,0,0,0,0,17-Apr-17
OPTSTK,LT,27-Apr-17,1160,PE,0,0,0,1.7,0,0,0,0,0,17-Apr-17
OPTSTK,LT,27-Apr-17,1180,PE,0,0,0,2.45,0,0,0,0,0,17-Apr-17
OPTSTK,LT,27-Apr-17,1200,PE,0,0,0,3.4,0,0,0,0,0,17-Apr-17
OPTSTK,LT,27-Apr-17,1220,PE,0,0,0,4.65,0,0,0,0,0,17-Apr-17
OPTSTK,LT,27-Apr-17,1240,PE,0,0,0,6.3,0,0,0,0,0,17-Apr-17
OPTSTK,LT,27-Apr-17,1260,PE,0,0,0,8.35,0,0,0,0,0,17-Apr-17
OPTSTK,LT,27-Apr-17,1280,PE,0,0,0,10.9,0,0,0,0,0,17-Apr-17
OPTSTK,LT,27-Apr-17,1300,PE,0,0,0,13.95,0,0,0,0,0,17-Apr-17
OPTSTK,LT,27-Apr-17,1320,PE,0,0,0,17.7,0,0,0,0,0,17-Apr-17
OPTSTK,LT,27-Apr-17,1340,PE,0,0,0,22.05,0,0,0,0,0,17-Apr-17
OPTSTK,LT,27-Apr-17,1360,PE,0,0,0,27.2,0,0,0,0,0,17-Apr-17
OPTSTK,LT,27-Apr-17,1380,PE,0,0,0,33.05,0,0,0,0,0,17-Apr-17
OPTSTK,LT,27-Apr-17,1400,PE,1,1,1,1,1,1,7,5000,500,17-Apr-17
OPTSTK,LT,27-Apr-17,1420,PE,0,0,0,47.35,0,0,0,0,0,17-Apr-17
OPTSTK,LT,27-Apr-17,1440,PE,0,0,0,0.5,0.05,0,0,3000,0,17-Apr-17
OPTSTK,LT,27-Apr-17,1460,PE,0,0,0,0.25,0.05,0,0,10500,0,17-Apr-17
OPTSTK,LT,27-Apr-17,1480,PE,0,0,0,0.8,0.1,0,0,23500,0,17-Apr-17
OPTSTK,LT,27-Apr-17,1500,PE,0.75,0.75,0.75,0.75,0.75,1,7.5,101500,-500,17-Apr-17
OPTSTK,LT,27-Apr-17,1520,PE,0.85,0.85,0.85,0.85,0.85,1,7.6,54500,-500,17-Apr-17
OPTSTK,LT,27-Apr-17,1540,PE,1.1,1.1,0.75,0.95,0.95,16,123.28,65500,1000,17-Apr-17
OPTSTK,LT,27-Apr-17,1560,PE,1.5,1.5,1,1.15,1.15,11,85.86,69000,-2500,17-Apr-17
OPTSTK,LT,27-Apr-17,1580,PE,2.4,2.95,1.75,1.9,1.9,38,300.61,67500,2000,17-Apr-17
OPTSTK,LT,27-Apr-17,1600,PE,3.45,4.45,2.9,3.1,3.1,162,1298.81,311000,8500,17-Apr-17
OPTSTK,LT,27-Apr-17,1620,PE,5.85,7,4.6,5.05,5.05,62,504.07,117000,0,17-Apr-17
OPTSTK,LT,27-Apr-17,1640,PE,10.1,12,7.9,8.5,8.5,338,2787.66,191500,3000,17-Apr-17
OPTSTK,LT,27-Apr-17,1660,PE,15,18.35,12.9,13.7,13.7,239,2001.95,133500,8000,17-Apr-17
OPTSTK,LT,27-Apr-17,1680,PE,22.05,27.65,20.1,21.4,21.4,270,2299.02,110500,5500,17-Apr-17
OPTSTK,LT,27-Apr-17,1700,PE,32.65,39.3,29.6,31.9,31.9,71,615.21,105000,1500,17-Apr-17
OPTSTK,LT,27-Apr-17,1720,PE,0,0,0,47.9,53,0,0,35000,0,17-Apr-17
OPTSTK,LT,27-Apr-17,1740,PE,0,0,0,59.85,67.4,0,0,41500,0,17-Apr-17
OPTSTK,LT,27-Apr-17,1760,PE,0,0,0,58.65,83.35,0,0,47000,0,17-Apr-17
OPTSTK,LT,27-Apr-17,1780,PE,0,0,0,111.7,100.45,0,0,29500,0,17-Apr-17
OPTSTK,LT,27-Apr-17,1800,PE,0,0,0,120,118.5,0,0,64000,0,17-Apr-17
OPTSTK,LT,27-Apr-17,1820,PE,0,0,0,344.15,137.25,0,0,0,0,17-Apr-17
OPTSTK,LT,27-Apr-17,1840,PE,0,0,0,363.1,156.45,0,0,0,0,17-Apr-17
OPTSTK,LT,27-Apr-17,1860,PE,0,0,0,346,175.95,0,0,0,0,17-Apr-17
OPTSTK,LT,27-Apr-17,1880,PE,0,0,0,364.85,195.7,0,0,0,0,17-Apr-17
OPTSTK,LT,27-Apr-17,1900,PE,0,0,0,383.85,215.5,0,0,0,0,17-Apr-17
OPTSTK,LT,25-May-17,1080,CE,0,0,0,423.55,608.65,0,0,0,0,17-Apr-17
OPTSTK,LT,25-May-17,1100,CE,0,0,0,403.9,588.8,0,0,0,0,17-Apr-17
OPTSTK,LT,25-May-17,1120,CE,0,0,0,384.2,568.9,0,0,0,0,17-Apr-17
OPTSTK,LT,25-May-17,1140,CE,0,0,0,364.55,549.05,0,0,0,0,17-Apr-17
OPTSTK,LT,25-May-17,1160,CE,0,0,0,344.9,529.2,0,0,0,0,17-Apr-17
OPTSTK,LT,25-May-17,1180,CE,0,0,0,325.25,509.35,0,0,0,0,17-Apr-17
OPTSTK,LT,25-May-17,1200,CE,0,0,0,305.65,489.45,0,0,0,0,17-Apr-17
OPTSTK,LT,25-May-17,1220,CE,0,0,0,286.15,469.6,0,0,0,0,17-Apr-17
OPTSTK,LT,25-May-17,1240,CE,0,0,0,266.75,449.75,0,0,0,0,17-Apr-17
OPTSTK,LT,25-May-17,1260,CE,0,0,0,247.45,429.9,0,0,0,0,17-Apr-17
OPTSTK,LT,25-May-17,1280,CE,0,0,0,228.4,410.05,0,0,0,0,17-Apr-17
OPTSTK,LT,25-May-17,1300,CE,0,0,0,209.65,390.2,0,0,0,0,17-Apr-17
OPTSTK,LT,25-May-17,1320,CE,0,0,0,191.2,370.4,0,0,0,0,17-Apr-17
OPTSTK,LT,25-May-17,1340,CE,0,0,0,173.3,350.65,0,0,0,0,17-Apr-17
OPTSTK,LT,25-May-17,1360,CE,0,0,0,155.9,330.95,0,0,0,0,17-Apr-17
OPTSTK,LT,25-May-17,1380,CE,0,0,0,139.25,311.35,0,0,0,0,17-Apr-17
OPTSTK,LT,25-May-17,1400,CE,0,0,0,123.35,291.85,0,0,0,0,17-Apr-17
OPTSTK,LT,25-May-17,1420,CE,0,0,0,108.45,272.5,0,0,0,0,17-Apr-17
OPTSTK,LT,25-May-17,1440,CE,0,0,0,94.35,253.35,0,0,0,0,17-Apr-17
OPTSTK,LT,25-May-17,1460,CE,0,0,0,90,234.55,0,0,500,0,17-Apr-17
OPTSTK,LT,25-May-17,1480,CE,0,0,0,69.65,216.05,0,0,0,0,17-Apr-17
OPTSTK,LT,25-May-17,1500,CE,0,0,0,220,197.95,0,0,1500,0,17-Apr-17
OPTSTK,LT,25-May-17,1520,CE,0,0,0,49.5,180.4,0,0,0,0,17-Apr-17
OPTSTK,LT,25-May-17,1540,CE,0,0,0,41.1,163.45,0,0,0,0,17-Apr-17
OPTSTK,LT,25-May-17,1560,CE,0,0,0,33.8,147.2,0,0,0,0,17-Apr-17
OPTSTK,LT,25-May-17,1580,CE,0,0,0,27.55,131.75,0,0,0,0,17-Apr-17
OPTSTK,LT,25-May-17,1600,CE,100.45,100.45,100.45,100.45,100.45,2,17,2000,500,17-Apr-17
OPTSTK,LT,25-May-17,1620,CE,0,0,0,17.75,103.35,0,0,0,0,17-Apr-17
OPTSTK,LT,25-May-17,1640,CE,0,0,0,85,90.6,0,0,500,0,17-Apr-17
OPTSTK,LT,25-May-17,1660,CE,0,0,0,11,78.85,0,0,0,0,17-Apr-17
OPTSTK,LT,25-May-17,1680,CE,0,0,0,71.6,68.1,0,0,500,0,17-Apr-17
OPTSTK,LT,25-May-17,1700,CE,45.45,50.45,45.45,48,48,18,157.34,10500,3000,17-Apr-17
OPTSTK,LT,25-May-17,1720,CE,38,38,38,38,38,1,8.79,1000,500,17-Apr-17
OPTSTK,LT,25-May-17,1740,CE,0,0,0,35,41.95,0,0,16000,0,17-Apr-17
OPTSTK,LT,25-May-17,1760,CE,0,0,0,34,35.15,0,0,7000,0,17-Apr-17
OPTSTK,LT,25-May-17,1780,CE,0,0,0,20.9,29.25,0,0,500,0,17-Apr-17
OPTSTK,LT,25-May-17,1800,CE,16,16,16,16,16,1,9.08,3500,500,17-Apr-17
OPTSTK,LT,25-May-17,1820,CE,0,0,0,1.15,19.8,0,0,0,0,17-Apr-17
OPTSTK,LT,25-May-17,1840,CE,0,0,0,0.8,16.1,0,0,0,0,17-Apr-17
OPTSTK,LT,25-May-17,1860,CE,0,0,0,0.6,13,0,0,0,0,17-Apr-17
OPTSTK,LT,25-May-17,1880,CE,0,0,0,0.4,10.4,0,0,0,0,17-Apr-17
OPTSTK,LT,25-May-17,1900,CE,0,0,0,0.05,8.3,0,0,0,0,17-Apr-17
OPTSTK,LT,25-May-17,1080,PE,0,0,0,0.05,0,0,0,0,0,17-Apr-17
OPTSTK,LT,25-May-17,1100,PE,0,0,0,0.05,0,0,0,0,0,17-Apr-17
OPTSTK,LT,25-May-17,1120,PE,0,0,0,0.05,0,0,0,0,0,17-Apr-17
OPTSTK,LT,25-May-17,1140,PE,0,0,0,0.05,0,0,0,0,0,17-Apr-17
OPTSTK,LT,25-May-17,1160,PE,0,0,0,0.1,0,0,0,0,0,17-Apr-17
OPTSTK,LT,25-May-17,1180,PE,0,0,0,0.15,0,0,0,0,0,17-Apr-17
OPTSTK,LT,25-May-17,1200,PE,0,0,0,0.25,0,0,0,0,0,17-Apr-17
OPTSTK,LT,25-May-17,1220,PE,0,0,0,0.4,0.05,0,0,0,0,17-Apr-17
OPTSTK,LT,25-May-17,1240,PE,0,0,0,0.7,0.05,0,0,0,0,17-Apr-17
OPTSTK,LT,25-May-17,1260,PE,0,0,0,1.1,0.05,0,0,0,0,17-Apr-17
OPTSTK,LT,25-May-17,1280,PE,0,0,0,1.7,0.05,0,0,0,0,17-Apr-17
OPTSTK,LT,25-May-17,1300,PE,0,0,0,2.65,0.1,0,0,0,0,17-Apr-17
OPTSTK,LT,25-May-17,1320,PE,0,0,0,3.9,0.15,0,0,0,0,17-Apr-17
OPTSTK,LT,25-May-17,1340,PE,0,0,0,5.65,0.25,0,0,0,0,17-Apr-17
OPTSTK,LT,25-May-17,1360,PE,0,0,0,8,0.45,0,0,0,0,17-Apr-17
OPTSTK,LT,25-May-17,1380,PE,0,0,0,11,0.65,0,0,0,0,17-Apr-17
OPTSTK,LT,25-May-17,1400,PE,0,0,0,14.8,1.05,0,0,0,0,17-Apr-17
OPTSTK,LT,25-May-17,1420,PE,0,0,0,19.55,1.55,0,0,0,0,17-Apr-17
OPTSTK,LT,25-May-17,1440,PE,0,0,0,25.15,2.3,0,0,0,0,17-Apr-17
OPTSTK,LT,25-May-17,1460,PE,0,0,0,31.95,3.35,0,0,0,0,17-Apr-17
OPTSTK,LT,25-May-17,1480,PE,0,0,0,39.85,4.7,0,0,0,0,17-Apr-17
OPTSTK,LT,25-May-17,1500,PE,0,0,0,48.85,6.5,0,0,0,0,17-Apr-17
OPTSTK,LT,25-May-17,1520,PE,0,0,0,59.05,8.8,0,0,0,0,17-Apr-17
OPTSTK,LT,25-May-17,1540,PE,0,0,0,70.35,11.75,0,0,0,0,17-Apr-17
OPTSTK,LT,25-May-17,1560,PE,0,0,0,14,15.35,0,0,5500,0,17-Apr-17
OPTSTK,LT,25-May-17,1580,PE,0,0,0,96.15,19.7,0,0,0,0,17-Apr-17
OPTSTK,LT,25-May-17,1600,PE,17.95,20,17.95,20,20,6,48.57,5000,2500,17-Apr-17
OPTSTK,LT,25-May-17,1620,PE,0,0,0,125.75,31.05,0,0,0,0,17-Apr-17
OPTSTK,LT,25-May-17,1640,PE,0,0,0,28.65,38.2,0,0,500,0,17-Apr-17
OPTSTK,LT,25-May-17,1660,PE,33,34,33,34,34,5,42.34,2500,2500,17-Apr-17
OPTSTK,LT,25-May-17,1680,PE,0,0,0,39.5,55.4,0,0,6000,0,17-Apr-17
OPTSTK,LT,25-May-17,1700,PE,53,53,52,52,52,2,17.52,25500,1000,17-Apr-17
OPTSTK,LT,25-May-17,1720,PE,0,0,0,211.4,76.75,0,0,0,0,17-Apr-17
OPTSTK,LT,25-May-17,1740,PE,0,0,0,229.85,88.85,0,0,0,0,17-Apr-17
OPTSTK,LT,25-May-17,1760,PE,0,0,0,248.6,101.95,0,0,0,0,17-Apr-17
OPTSTK,LT,25-May-17,1780,PE,0,0,0,267.55,115.9,0,0,0,0,17-Apr-17
OPTSTK,LT,25-May-17,1800,PE,0,0,0,286.7,130.75,0,0,0,0,17-Apr-17
OPTSTK,LT,25-May-17,1820,PE,0,0,0,305.95,146.15,0,0,0,0,17-Apr-17
OPTSTK,LT,25-May-17,1840,PE,0,0,0,325.35,162.35,0,0,0,0,17-Apr-17
OPTSTK,LT,25-May-17,1860,PE,0,0,0,344.8,179.1,0,0,0,0,17-Apr-17
OPTSTK,LT,25-May-17,1880,PE,0,0,0,364.3,196.4,0,0,0,0,17-Apr-17
OPTSTK,LT,25-May-17,1900,PE,0,0,0,383.9,214.1,0,0,0,0,17-Apr-17
OPTSTK,LT,29-Jun-17,1160,CE,0,0,0,416.65,536.4,0,0,0,0,17-Apr-17
OPTSTK,LT,29-Jun-17,1180,CE,0,0,0,397.05,516.7,0,0,0,0,17-Apr-17
OPTSTK,LT,29-Jun-17,1200,CE,0,0,0,377.45,497.05,0,0,0,0,17-Apr-17
OPTSTK,LT,29-Jun-17,1220,CE,0,0,0,357.9,477.4,0,0,0,0,17-Apr-17
OPTSTK,LT,29-Jun-17,1240,CE,0,0,0,338.4,457.75,0,0,0,0,17-Apr-17
OPTSTK,LT,29-Jun-17,1260,CE,0,0,0,319,438.2,0,0,0,0,17-Apr-17
OPTSTK,LT,29-Jun-17,1280,CE,0,0,0,299.7,418.7,0,0,0,0,17-Apr-17
OPTSTK,LT,29-Jun-17,1300,CE,0,0,0,280.6,399.3,0,0,0,0,17-Apr-17
OPTSTK,LT,29-Jun-17,1320,CE,0,0,0,261.7,380.05,0,0,0,0,17-Apr-17
OPTSTK,LT,29-Jun-17,1340,CE,0,0,0,243.1,360.9,0,0,0,0,17-Apr-17
OPTSTK,LT,29-Jun-17,1360,CE,0,0,0,224.85,341.95,0,0,0,0,17-Apr-17
OPTSTK,LT,29-Jun-17,1380,CE,0,0,0,206.95,323.2,0,0,0,0,17-Apr-17
OPTSTK,LT,29-Jun-17,1400,CE,0,0,0,189.6,304.7,0,0,0,0,17-Apr-17
OPTSTK,LT,29-Jun-17,1420,CE,0,0,0,172.8,286.55,0,0,0,0,17-Apr-17
OPTSTK,LT,29-Jun-17,1440,CE,0,0,0,156.6,268.7,0,0,0,0,17-Apr-17
OPTSTK,LT,29-Jun-17,1460,CE,0,0,0,141.2,251.25,0,0,0,0,17-Apr-17
OPTSTK,LT,29-Jun-17,1480,CE,0,0,0,126.55,234.2,0,0,0,0,17-Apr-17
OPTSTK,LT,29-Jun-17,1500,CE,0,0,0,112.7,217.7,0,0,0,0,17-Apr-17
OPTSTK,LT,29-Jun-17,1520,CE,0,0,0,99.8,201.7,0,0,0,0,17-Apr-17
OPTSTK,LT,29-Jun-17,1540,CE,0,0,0,87.8,186.25,0,0,0,0,17-Apr-17
OPTSTK,LT,29-Jun-17,1560,CE,0,0,0,76.8,171.5,0,0,0,0,17-Apr-17
OPTSTK,LT,29-Jun-17,1580,CE,0,0,0,66.7,157.25,0,0,0,0,17-Apr-17
OPTSTK,LT,29-Jun-17,1600,CE,0,0,0,57.6,143.8,0,0,0,0,17-Apr-17
OPTSTK,LT,29-Jun-17,1620,CE,0,0,0,49.4,131,0,0,0,0,17-Apr-17
OPTSTK,LT,29-Jun-17,1640,CE,0,0,0,42.1,118.95,0,0,0,0,17-Apr-17
OPTSTK,LT,29-Jun-17,1660,CE,0,0,0,35.65,107.6,0,0,0,0,17-Apr-17
OPTSTK,LT,29-Jun-17,1680,CE,0,0,0,29.95,97.05,0,0,0,0,17-Apr-17
OPTSTK,LT,29-Jun-17,1700,CE,0,0,0,25.15,87.2,0,0,0,0,17-Apr-17
OPTSTK,LT,29-Jun-17,1720,CE,0,0,0,20.85,78.05,0,0,0,0,17-Apr-17
OPTSTK,LT,29-Jun-17,1740,CE,0,0,0,17.2,69.65,0,0,0,0,17-Apr-17
OPTSTK,LT,29-Jun-17,1760,CE,0,0,0,14.1,61.9,0,0,0,0,17-Apr-17
OPTSTK,LT,29-Jun-17,1780,CE,0,0,0,11.5,54.85,0,0,0,0,17-Apr-17
OPTSTK,LT,29-Jun-17,1800,CE,0,0,0,9.3,48.4,0,0,0,0,17-Apr-17
OPTSTK,LT,29-Jun-17,1820,CE,0,0,0,7.5,42.6,0,0,0,0,17-Apr-17
OPTSTK,LT,29-Jun-17,1840,CE,0,0,0,6,37.4,0,0,0,0,17-Apr-17
OPTSTK,LT,29-Jun-17,1860,CE,0,0,0,4.8,32.75,0,0,0,0,17-Apr-17
OPTSTK,LT,29-Jun-17,1880,CE,0,0,0,3.8,28.45,0,0,0,0,17-Apr-17
OPTSTK,LT,29-Jun-17,1900,CE,0,0,0,3,24.7,0,0,0,0,17-Apr-17
OPTSTK,LT,29-Jun-17,1160,PE,0,0,0,0.1,0.1,0,0,0,0,17-Apr-17
OPTSTK,LT,29-Jun-17,1180,PE,0,0,0,0.1,0.15,0,0,0,0,17-Apr-17
OPTSTK,LT,29-Jun-17,1200,PE,0,0,0,0.2,0.2,0,0,0,0,17-Apr-17
OPTSTK,LT,29-Jun-17,1220,PE,0,0,0,0.3,0.25,0,0,0,0,17-Apr-17
OPTSTK,LT,29-Jun-17,1240,PE,0,0,0,0.5,0.4,0,0,0,0,17-Apr-17
OPTSTK,LT,29-Jun-17,1260,PE,0,0,0,0.75,0.6,0,0,0,0,17-Apr-17
OPTSTK,LT,29-Jun-17,1280,PE,0,0,0,1.15,0.85,0,0,0,0,17-Apr-17
OPTSTK,LT,29-Jun-17,1300,PE,0,0,0,1.7,1.2,0,0,0,0,17-Apr-17
OPTSTK,LT,29-Jun-17,1320,PE,0,0,0,2.5,1.65,0,0,0,0,17-Apr-17
OPTSTK,LT,29-Jun-17,1340,PE,0,0,0,3.55,2.25,0,0,0,0,17-Apr-17
OPTSTK,LT,29-Jun-17,1360,PE,0,0,0,4.95,3.05,0,0,0,0,17-Apr-17
OPTSTK,LT,29-Jun-17,1380,PE,0,0,0,6.75,4.05,0,0,0,0,17-Apr-17
OPTSTK,LT,29-Jun-17,1400,PE,0,0,0,9.05,5.3,0,0,0,0,17-Apr-17
OPTSTK,LT,29-Jun-17,1420,PE,0,0,0,11.9,6.85,0,0,0,0,17-Apr-17
OPTSTK,LT,29-Jun-17,1440,PE,0,0,0,15.4,8.75,0,0,0,0,17-Apr-17
OPTSTK,LT,29-Jun-17,1460,PE,0,0,0,19.65,11,0,0,0,0,17-Apr-17
OPTSTK,LT,29-Jun-17,1480,PE,0,0,0,24.7,13.75,0,0,0,0,17-Apr-17
OPTSTK,LT,29-Jun-17,1500,PE,0,0,0,30.5,16.95,0,0,0,0,17-Apr-17
OPTSTK,LT,29-Jun-17,1520,PE,0,0,0,37.25,20.7,0,0,0,0,17-Apr-17
OPTSTK,LT,29-Jun-17,1540,PE,0,0,0,44.95,25,0,0,0,0,17-Apr-17
OPTSTK,LT,29-Jun-17,1560,PE,0,0,0,53.6,30,0,0,0,0,17-Apr-17
OPTSTK,LT,29-Jun-17,1580,PE,0,0,0,63.2,35.5,0,0,0,0,17-Apr-17
OPTSTK,LT,29-Jun-17,1600,PE,0,0,0,73.75,41.75,0,0,0,0,17-Apr-17
OPTSTK,LT,29-Jun-17,1620,PE,0,0,0,85.2,48.75,0,0,0,0,17-Apr-17
OPTSTK,LT,29-Jun-17,1640,PE,0,0,0,97.6,56.4,0,0,0,0,17-Apr-17
OPTSTK,LT,29-Jun-17,1660,PE,0,0,0,110.8,64.85,0,0,0,0,17-Apr-17
OPTSTK,LT,29-Jun-17,1680,PE,0,0,0,124.8,74,0,0,0,0,17-Apr-17
OPTSTK,LT,29-Jun-17,1700,PE,0,0,0,139.65,83.85,0,0,0,0,17-Apr-17
OPTSTK,LT,29-Jun-17,1720,PE,0,0,0,155,94.5,0,0,0,0,17-Apr-17
OPTSTK,LT,29-Jun-17,1740,PE,0,0,0,171.05,105.8,0,0,0,0,17-Apr-17
OPTSTK,LT,29-Jun-17,1760,PE,0,0,0,187.65,117.8,0,0,0,0,17-Apr-17
OPTSTK,LT,29-Jun-17,1780,PE,0,0,0,204.7,130.5,0,0,0,0,17-Apr-17
OPTSTK,LT,29-Jun-17,1800,PE,0,0,0,222.2,143.8,0,0,0,0,17-Apr-17
OPTSTK,LT,29-Jun-17,1820,PE,0,0,0,240.05,157.75,0,0,0,0,17-Apr-17
OPTSTK,LT,29-Jun-17,1840,PE,0,0,0,258.2,172.3,0,0,0,0,17-Apr-17
OPTSTK,LT,29-Jun-17,1860,PE,0,0,0,276.65,187.35,0,0,0,0,17-Apr-17
OPTSTK,LT,29-Jun-17,1880,PE,0,0,0,295.35,202.85,0,0,0,0,17-Apr-17
OPTSTK,LT,29-Jun-17,1900,PE,0,0,0,314.2,218.8,0,0,0,0,17-Apr-17
OPTSTK,LUPIN,27-Apr-17,1050,CE,0,0,0,486.6,368.8,0,0,0,0,17-Apr-17
OPTSTK,LUPIN,27-Apr-17,1060,CE,0,0,0,392.25,358.8,0,0,0,0,17-Apr-17
OPTSTK,LUPIN,27-Apr-17,1080,CE,0,0,0,372.35,338.85,0,0,0,0,17-Apr-17
OPTSTK,LUPIN,27-Apr-17,1100,CE,0,0,0,437.55,318.9,0,0,0,0,17-Apr-17
OPTSTK,LUPIN,27-Apr-17,1120,CE,0,0,0,332.5,298.9,0,0,0,0,17-Apr-17
OPTSTK,LUPIN,27-Apr-17,1140,CE,0,0,0,312.6,278.95,0,0,0,0,17-Apr-17
OPTSTK,LUPIN,27-Apr-17,1150,CE,0,0,0,388.85,268.95,0,0,0,0,17-Apr-17
OPTSTK,LUPIN,27-Apr-17,1160,CE,0,0,0,292.7,259,0,0,0,0,17-Apr-17
OPTSTK,LUPIN,27-Apr-17,1180,CE,0,0,0,272.8,239,0,0,0,0,17-Apr-17
OPTSTK,LUPIN,27-Apr-17,1200,CE,0,0,0,260,219.05,0,0,400,0,17-Apr-17
OPTSTK,LUPIN,27-Apr-17,1220,CE,0,0,0,233,199.1,0,0,0,0,17-Apr-17
OPTSTK,LUPIN,27-Apr-17,1240,CE,0,0,0,213.15,179.15,0,0,0,0,17-Apr-17
OPTSTK,LUPIN,27-Apr-17,1250,CE,0,0,0,293.65,169.15,0,0,0,0,17-Apr-17
OPTSTK,LUPIN,27-Apr-17,1260,CE,0,0,0,193.25,159.15,0,0,0,0,17-Apr-17
OPTSTK,LUPIN,27-Apr-17,1280,CE,0,0,0,173.4,139.2,0,0,0,0,17-Apr-17
OPTSTK,LUPIN,27-Apr-17,1300,CE,0,0,0,248.4,119.3,0,0,0,0,17-Apr-17
OPTSTK,LUPIN,27-Apr-17,1320,CE,0,0,0,134.05,99.45,0,0,0,0,17-Apr-17
OPTSTK,LUPIN,27-Apr-17,1340,CE,0,0,0,114.8,79.95,0,0,0,0,17-Apr-17
OPTSTK,LUPIN,27-Apr-17,1350,CE,0,0,0,205.75,70.5,0,0,0,0,17-Apr-17
OPTSTK,LUPIN,27-Apr-17,1360,CE,0,0,0,96.15,61.3,0,0,0,0,17-Apr-17
OPTSTK,LUPIN,27-Apr-17,1380,CE,0,0,0,78.45,44.15,0,0,0,0,17-Apr-17
OPTSTK,LUPIN,27-Apr-17,1400,CE,41,41,31,35.5,35.5,14,80.48,44400,1200,17-Apr-17
OPTSTK,LUPIN,27-Apr-17,1420,CE,30.5,30.5,21,22.65,22.65,43,248.44,24000,9600,17-Apr-17
OPTSTK,LUPIN,27-Apr-17,1440,CE,18,20.5,13.1,14.95,14.95,62,360.94,34000,8400,17-Apr-17
OPTSTK,LUPIN,27-Apr-17,1450,CE,22.05,23,10.55,11.6,11.6,685,4012.4,205200,-3600,17-Apr-17
OPTSTK,LUPIN,27-Apr-17,1460,CE,17.5,17.5,8.5,9.5,9.5,108,635.53,46800,2000,17-Apr-17
OPTSTK,LUPIN,27-Apr-17,1480,CE,11.7,11.7,5.95,6.55,6.55,48,285.65,46400,-2400,17-Apr-17
OPTSTK,LUPIN,27-Apr-17,1500,CE,8,8.45,4.25,4.9,4.9,304,1830.89,506000,11200,17-Apr-17
OPTSTK,LUPIN,27-Apr-17,1520,CE,5.45,5.45,3,3,3,9,54.85,21600,400,17-Apr-17
OPTSTK,LUPIN,27-Apr-17,1540,CE,1,2.65,1,2.5,2.5,4,24.67,6000,-800,17-Apr-17
OPTSTK,LUPIN,27-Apr-17,1550,CE,2.25,2.5,1.95,2.25,2.25,41,254.54,109600,400,17-Apr-17
OPTSTK,LUPIN,27-Apr-17,1560,CE,0,0,0,2.25,0.05,0,0,800,0,17-Apr-17
OPTSTK,LUPIN,27-Apr-17,1580,CE,0,0,0,2.05,0.05,0,0,1200,0,17-Apr-17
OPTSTK,LUPIN,27-Apr-17,1600,CE,0.8,2.25,0.55,1.75,1.75,71,454.82,76000,-2800,17-Apr-17
OPTSTK,LUPIN,27-Apr-17,1620,CE,0,0,0,2.3,0,0,0,1600,0,17-Apr-17
OPTSTK,LUPIN,27-Apr-17,1640,CE,0,0,0,0.15,0,0,0,0,0,17-Apr-17
OPTSTK,LUPIN,27-Apr-17,1650,CE,0,0,0,0.1,0,0,0,800,0,17-Apr-17
OPTSTK,LUPIN,27-Apr-17,1660,CE,0,0,0,0.1,0,0,0,0,0,17-Apr-17
OPTSTK,LUPIN,27-Apr-17,1680,CE,0,0,0,0.05,0,0,0,0,0,17-Apr-17
OPTSTK,LUPIN,27-Apr-17,1700,CE,0,0,0,0.85,0,0,0,4800,0,17-Apr-17
OPTSTK,LUPIN,27-Apr-17,1720,CE,0,0,0,0.05,0,0,0,0,0,17-Apr-17
OPTSTK,LUPIN,27-Apr-17,1740,CE,0,0,0,0.05,0,0,0,0,0,17-Apr-17
OPTSTK,LUPIN,27-Apr-17,1750,CE,0,0,0,0.35,0,0,0,400,0,17-Apr-17
OPTSTK,LUPIN,27-Apr-17,1760,CE,0,0,0,0.05,0,0,0,0,0,17-Apr-17
OPTSTK,LUPIN,27-Apr-17,1780,CE,0,0,0,0.05,0,0,0,0,0,17-Apr-17
OPTSTK,LUPIN,27-Apr-17,1800,CE,0,0,0,12.5,0,0,0,0,0,17-Apr-17
OPTSTK,LUPIN,27-Apr-17,1820,CE,0,0,0,0.05,0,0,0,0,0,17-Apr-17
OPTSTK,LUPIN,27-Apr-17,1840,CE,0,0,0,0.05,0,0,0,0,0,17-Apr-17
OPTSTK,LUPIN,27-Apr-17,1850,CE,0,0,0,8.15,0,0,0,0,0,17-Apr-17
OPTSTK,LUPIN,27-Apr-17,1900,CE,0,0,0,5.2,0,0,0,0,0,17-Apr-17
OPTSTK,LUPIN,27-Apr-17,1950,CE,0,0,0,3.25,0,0,0,0,0,17-Apr-17
OPTSTK,LUPIN,27-Apr-17,2000,CE,0,0,0,2,0,0,0,0,0,17-Apr-17
OPTSTK,LUPIN,27-Apr-17,2050,CE,0,0,0,1.2,0,0,0,0,0,17-Apr-17
OPTSTK,LUPIN,27-Apr-17,1050,PE,0,0,0,0.1,0,0,0,0,0,17-Apr-17
OPTSTK,LUPIN,27-Apr-17,1060,PE,0,0,0,0.05,0,0,0,0,0,17-Apr-17
OPTSTK,LUPIN,27-Apr-17,1080,PE,0,0,0,0.05,0,0,0,0,0,17-Apr-17
OPTSTK,LUPIN,27-Apr-17,1100,PE,0,0,0,0.25,0,0,0,0,0,17-Apr-17
OPTSTK,LUPIN,27-Apr-17,1120,PE,0,0,0,0.05,0,0,0,0,0,17-Apr-17
OPTSTK,LUPIN,27-Apr-17,1140,PE,0,0,0,0.05,0,0,0,0,0,17-Apr-17
OPTSTK,LUPIN,27-Apr-17,1150,PE,0,0,0,0.7,0,0,0,0,0,17-Apr-17
OPTSTK,LUPIN,27-Apr-17,1160,PE,0,0,0,0.05,0,0,0,0,0,17-Apr-17
OPTSTK,LUPIN,27-Apr-17,1180,PE,0,0,0,0.05,0,0,0,0,0,17-Apr-17
OPTSTK,LUPIN,27-Apr-17,1200,PE,0,0,0,1.45,0,0,0,2800,0,17-Apr-17
OPTSTK,LUPIN,27-Apr-17,1220,PE,0,0,0,0.05,0,0,0,0,0,17-Apr-17
OPTSTK,LUPIN,27-Apr-17,1240,PE,0,0,0,1.95,0,0,0,400,0,17-Apr-17
OPTSTK,LUPIN,27-Apr-17,1250,PE,0,0,0,1.5,0,0,0,7200,0,17-Apr-17
OPTSTK,LUPIN,27-Apr-17,1260,PE,0.4,0.4,0.4,0.4,0.4,1,5.04,400,400,17-Apr-17
OPTSTK,LUPIN,27-Apr-17,1280,PE,0.6,0.6,0.6,0.6,0.6,1,5.12,400,400,17-Apr-17
OPTSTK,LUPIN,27-Apr-17,1300,PE,1.25,1.5,1.1,1.3,1.3,15,78.08,109600,-1600,17-Apr-17
OPTSTK,LUPIN,27-Apr-17,1320,PE,1.3,1.3,1.3,1.3,1.3,1,5.28,6000,-400,17-Apr-17
OPTSTK,LUPIN,27-Apr-17,1340,PE,1.65,1.65,1.65,1.65,1.65,2,10.73,3600,0,17-Apr-17
OPTSTK,LUPIN,27-Apr-17,1350,PE,2.75,3.7,2.3,2.95,2.95,100,541.17,75200,-400,17-Apr-17
OPTSTK,LUPIN,27-Apr-17,1360,PE,3.7,4.7,2.95,4.7,4.7,9,49.08,7600,1200,17-Apr-17
OPTSTK,LUPIN,27-Apr-17,1380,PE,5.7,8,5.1,7.5,7.5,37,205.13,46400,-2400,17-Apr-17
OPTSTK,LUPIN,27-Apr-17,1400,PE,9.45,13.9,8.7,12,12,323,1822.56,197200,-3600,17-Apr-17
OPTSTK,LUPIN,27-Apr-17,1420,PE,15.7,21.4,15.7,19.25,19.25,64,368.08,42400,-3600,17-Apr-17
OPTSTK,LUPIN,27-Apr-17,1440,PE,29,32.9,24.9,27.3,27.3,17,99.88,15200,-1600,17-Apr-17
OPTSTK,LUPIN,27-Apr-17,1450,PE,35.05,41.3,29.5,36.55,36.55,57,338.73,162400,-6800,17-Apr-17
OPTSTK,LUPIN,27-Apr-17,1460,PE,0,0,0,40,45.4,0,0,800,0,17-Apr-17
OPTSTK,LUPIN,27-Apr-17,1480,PE,0,0,0,42.55,62.65,0,0,0,0,17-Apr-17
OPTSTK,LUPIN,27-Apr-17,1500,PE,0,0,0,63.25,81.3,0,0,52000,0,17-Apr-17
OPTSTK,LUPIN,27-Apr-17,1520,PE,0,0,0,72.3,100.7,0,0,0,0,17-Apr-17
OPTSTK,LUPIN,27-Apr-17,1540,PE,0,0,0,89.4,120.5,0,0,0,0,17-Apr-17
OPTSTK,LUPIN,27-Apr-17,1550,PE,0,0,0,104,130.4,0,0,5200,0,17-Apr-17
OPTSTK,LUPIN,27-Apr-17,1560,PE,0,0,0,107.6,140.4,0,0,0,0,17-Apr-17
OPTSTK,LUPIN,27-Apr-17,1580,PE,0,0,0,126.45,160.3,0,0,0,0,17-Apr-17
OPTSTK,LUPIN,27-Apr-17,1600,PE,174.95,184.5,174.95,181,181,65,463.05,23200,-19600,17-Apr-17
OPTSTK,LUPIN,27-Apr-17,1620,PE,0,0,0,165.35,200.25,0,0,0,0,17-Apr-17
OPTSTK,LUPIN,27-Apr-17,1640,PE,0,0,0,185.1,220.2,0,0,0,0,17-Apr-17
OPTSTK,LUPIN,27-Apr-17,1650,PE,0,0,0,182,230.2,0,0,800,0,17-Apr-17
OPTSTK,LUPIN,27-Apr-17,1660,PE,0,0,0,204.9,240.2,0,0,0,0,17-Apr-17
OPTSTK,LUPIN,27-Apr-17,1680,PE,0,0,0,224.75,260.15,0,0,0,0,17-Apr-17
OPTSTK,LUPIN,27-Apr-17,1700,PE,0,0,0,244.8,280.1,0,0,4800,0,17-Apr-17
OPTSTK,LUPIN,27-Apr-17,1720,PE,0,0,0,264.55,300.1,0,0,0,0,17-Apr-17
OPTSTK,LUPIN,27-Apr-17,1740,PE,0,0,0,284.45,320.05,0,0,0,0,17-Apr-17
OPTSTK,LUPIN,27-Apr-17,1750,PE,0,0,0,294.5,330,0,0,400,0,17-Apr-17
OPTSTK,LUPIN,27-Apr-17,1760,PE,0,0,0,304.35,340,0,0,0,0,17-Apr-17
OPTSTK,LUPIN,27-Apr-17,1780,PE,0,0,0,324.25,359.95,0,0,0,0,17-Apr-17
OPTSTK,LUPIN,27-Apr-17,1800,PE,0,0,0,263.7,379.95,0,0,0,0,17-Apr-17
OPTSTK,LUPIN,27-Apr-17,1820,PE,0,0,0,364.05,399.9,0,0,0,0,17-Apr-17
OPTSTK,LUPIN,27-Apr-17,1840,PE,0,0,0,383.95,419.85,0,0,0,0,17-Apr-17
OPTSTK,LUPIN,27-Apr-17,1850,PE,0,0,0,308.5,429.85,0,0,0,0,17-Apr-17
OPTSTK,LUPIN,27-Apr-17,1900,PE,0,0,0,354.75,479.75,0,0,0,0,17-Apr-17
OPTSTK,LUPIN,27-Apr-17,1950,PE,0,0,0,401.95,529.7,0,0,0,0,17-Apr-17
OPTSTK,LUPIN,27-Apr-17,2000,PE,0,0,0,449.9,579.6,0,0,0,0,17-Apr-17
OPTSTK,LUPIN,27-Apr-17,2050,PE,0,0,0,498.3,629.5,0,0,0,0,17-Apr-17
OPTSTK,LUPIN,25-May-17,1050,CE,0,0,0,416.5,374.05,0,0,0,0,17-Apr-17
OPTSTK,LUPIN,25-May-17,1060,CE,0,0,0,397.75,364.1,0,0,0,0,17-Apr-17
OPTSTK,LUPIN,25-May-17,1080,CE,0,0,0,377.95,344.25,0,0,0,0,17-Apr-17
OPTSTK,LUPIN,25-May-17,1100,CE,0,0,0,367.4,324.4,0,0,0,0,17-Apr-17
OPTSTK,LUPIN,25-May-17,1120,CE,0,0,0,338.35,304.5,0,0,0,0,17-Apr-17
OPTSTK,LUPIN,25-May-17,1140,CE,0,0,0,318.6,284.65,0,0,0,0,17-Apr-17
OPTSTK,LUPIN,25-May-17,1150,CE,0,0,0,318.5,274.75,0,0,0,0,17-Apr-17
OPTSTK,LUPIN,25-May-17,1160,CE,0,0,0,298.8,264.8,0,0,0,0,17-Apr-17
OPTSTK,LUPIN,25-May-17,1180,CE,0,0,0,279,244.95,0,0,0,0,17-Apr-17
OPTSTK,LUPIN,25-May-17,1200,CE,0,0,0,270.3,225.15,0,0,0,0,17-Apr-17
OPTSTK,LUPIN,25-May-17,1220,CE,0,0,0,239.5,205.35,0,0,0,0,17-Apr-17
OPTSTK,LUPIN,25-May-17,1240,CE,0,0,0,219.8,185.7,0,0,0,0,17-Apr-17
OPTSTK,LUPIN,25-May-17,1250,CE,0,0,0,223.4,175.95,0,0,0,0,17-Apr-17
OPTSTK,LUPIN,25-May-17,1260,CE,0,0,0,200.25,166.25,0,0,0,0,17-Apr-17
OPTSTK,LUPIN,25-May-17,1280,CE,0,0,0,180.85,147.05,0,0,0,0,17-Apr-17
OPTSTK,LUPIN,25-May-17,1300,CE,0,0,0,178.95,128.35,0,0,0,0,17-Apr-17
OPTSTK,LUPIN,25-May-17,1320,CE,0,0,0,143.05,110.35,0,0,0,0,17-Apr-17
OPTSTK,LUPIN,25-May-17,1340,CE,0,0,0,125,93.3,0,0,0,0,17-Apr-17
OPTSTK,LUPIN,25-May-17,1350,CE,0,0,0,138.3,85.15,0,0,0,0,17-Apr-17
OPTSTK,LUPIN,25-May-17,1360,CE,0,0,0,107.7,77.4,0,0,0,0,17-Apr-17
OPTSTK,LUPIN,25-May-17,1380,CE,0,0,0,91.4,62.85,0,0,0,0,17-Apr-17
OPTSTK,LUPIN,25-May-17,1400,CE,0,0,0,66,50,0,0,800,0,17-Apr-17
OPTSTK,LUPIN,25-May-17,1420,CE,0,0,0,65.95,38.85,0,0,400,0,17-Apr-17
OPTSTK,LUPIN,25-May-17,1440,CE,0,0,0,50,29.45,0,0,2000,0,17-Apr-17
OPTSTK,LUPIN,25-May-17,1450,CE,43.4,43.4,40.55,40.55,40.55,2,11.93,3600,0,17-Apr-17
OPTSTK,LUPIN,25-May-17,1460,CE,0,0,0,58.45,21.8,0,0,800,0,17-Apr-17
OPTSTK,LUPIN,25-May-17,1480,CE,0,0,0,30.85,15.7,0,0,0,0,17-Apr-17
OPTSTK,LUPIN,25-May-17,1500,CE,21,24,21,23.35,23.35,4,24.36,9200,800,17-Apr-17
OPTSTK,LUPIN,25-May-17,1520,CE,0,0,0,17.4,7.55,0,0,0,0,17-Apr-17
OPTSTK,LUPIN,25-May-17,1540,CE,0,0,0,12.7,5.05,0,0,0,0,17-Apr-17
OPTSTK,LUPIN,25-May-17,1550,CE,0,0,0,21,4.1,0,0,400,0,17-Apr-17
OPTSTK,LUPIN,25-May-17,1560,CE,0,0,0,9.05,3.3,0,0,0,0,17-Apr-17
OPTSTK,LUPIN,25-May-17,1580,CE,0,0,0,6.3,2.1,0,0,0,0,17-Apr-17
OPTSTK,LUPIN,25-May-17,1600,CE,0,0,0,20.1,1.3,0,0,0,0,17-Apr-17
OPTSTK,LUPIN,25-May-17,1620,CE,0,0,0,2.9,0.8,0,0,0,0,17-Apr-17
OPTSTK,LUPIN,25-May-17,1640,CE,0,0,0,1.9,0.45,0,0,0,0,17-Apr-17
OPTSTK,LUPIN,25-May-17,1650,CE,0,0,0,11.95,0.35,0,0,0,0,17-Apr-17
OPTSTK,LUPIN,25-May-17,1660,CE,0,0,0,1.2,0.25,0,0,0,0,17-Apr-17
OPTSTK,LUPIN,25-May-17,1680,CE,0,0,0,0.8,0.15,0,0,0,0,17-Apr-17
OPTSTK,LUPIN,25-May-17,1700,CE,0,0,0,6.85,0.1,0,0,0,0,17-Apr-17
OPTSTK,LUPIN,25-May-17,1720,CE,0,0,0,0.3,0.05,0,0,0,0,17-Apr-17
OPTSTK,LUPIN,25-May-17,1740,CE,0,0,0,0.2,0.05,0,0,0,0,17-Apr-17
OPTSTK,LUPIN,25-May-17,1750,CE,0,0,0,3.75,0.05,0,0,0,0,17-Apr-17
OPTSTK,LUPIN,25-May-17,1760,CE,0,0,0,0.1,0.05,0,0,0,0,17-Apr-17
OPTSTK,LUPIN,25-May-17,1780,CE,0,0,0,0.05,0.05,0,0,0,0,17-Apr-17
OPTSTK,LUPIN,25-May-17,1800,CE,0,0,0,2,0,0,0,0,0,17-Apr-17
OPTSTK,LUPIN,25-May-17,1820,CE,0,0,0,0.05,0,0,0,0,0,17-Apr-17
OPTSTK,LUPIN,25-May-17,1840,CE,0,0,0,0.05,0,0,0,0,0,17-Apr-17
OPTSTK,LUPIN,25-May-17,1850,CE,0,0,0,1,0,0,0,0,0,17-Apr-17
OPTSTK,LUPIN,25-May-17,1900,CE,0,0,0,0.5,0,0,0,0,0,17-Apr-17
OPTSTK,LUPIN,25-May-17,1950,CE,0,0,0,0.25,0,0,0,0,0,17-Apr-17
OPTSTK,LUPIN,25-May-17,2000,CE,0,0,0,0.15,0,0,0,0,0,17-Apr-17
OPTSTK,LUPIN,25-May-17,2050,CE,0,0,0,0.05,0,0,0,0,0,17-Apr-17
OPTSTK,LUPIN,25-May-17,1050,PE,0,0,0,0.05,0,0,0,0,0,17-Apr-17
OPTSTK,LUPIN,25-May-17,1060,PE,0,0,0,0.05,0,0,0,0,0,17-Apr-17
OPTSTK,LUPIN,25-May-17,1080,PE,0,0,0,0.05,0,0,0,0,0,17-Apr-17
OPTSTK,LUPIN,25-May-17,1100,PE,0,0,0,0.15,0,0,0,0,0,17-Apr-17
OPTSTK,LUPIN,25-May-17,1120,PE,0,0,0,0.05,0,0,0,0,0,17-Apr-17
OPTSTK,LUPIN,25-May-17,1140,PE,0,0,0,0.05,0,0,0,0,0,17-Apr-17
OPTSTK,LUPIN,25-May-17,1150,PE,0,0,0,0.5,0.05,0,0,0,0,17-Apr-17
OPTSTK,LUPIN,25-May-17,1160,PE,0,0,0,0.05,0.05,0,0,0,0,17-Apr-17
OPTSTK,LUPIN,25-May-17,1180,PE,0,0,0,0.05,0.05,0,0,0,0,17-Apr-17
OPTSTK,LUPIN,25-May-17,1200,PE,0,0,0,1.45,0.1,0,0,0,0,17-Apr-17
OPTSTK,LUPIN,25-May-17,1220,PE,0,0,0,0.1,0.2,0,0,0,0,17-Apr-17
OPTSTK,LUPIN,25-May-17,1240,PE,0,0,0,0.25,0.4,0,0,0,0,17-Apr-17
OPTSTK,LUPIN,25-May-17,1250,PE,0,0,0,3.8,0.55,0,0,0,0,17-Apr-17
OPTSTK,LUPIN,25-May-17,1260,PE,0,0,0,0.45,0.8,0,0,0,0,17-Apr-17
OPTSTK,LUPIN,25-May-17,1280,PE,0,0,0,0.85,1.5,0,0,0,0,17-Apr-17
OPTSTK,LUPIN,25-May-17,1300,PE,0,0,0,7.9,2.65,0,0,400,0,17-Apr-17
OPTSTK,LUPIN,25-May-17,1320,PE,0,0,0,2.7,4.5,0,0,0,0,17-Apr-17
OPTSTK,LUPIN,25-May-17,1340,PE,0,0,0,4.4,7.3,0,0,0,0,17-Apr-17
OPTSTK,LUPIN,25-May-17,1350,PE,0,0,0,17.1,9.1,0,0,0,0,17-Apr-17
OPTSTK,LUPIN,25-May-17,1360,PE,0,0,0,6.9,11.25,0,0,0,0,17-Apr-17
OPTSTK,LUPIN,25-May-17,1380,PE,0,0,0,10.4,16.6,0,0,0,0,17-Apr-17
OPTSTK,LUPIN,25-May-17,1400,PE,35,38.6,31.6,38.6,38.6,19,109.03,23200,7200,17-Apr-17
OPTSTK,LUPIN,25-May-17,1420,PE,0,0,0,21.2,32.3,0,0,0,0,17-Apr-17
OPTSTK,LUPIN,25-May-17,1440,PE,0,0,0,28.85,42.8,0,0,0,0,17-Apr-17
OPTSTK,LUPIN,25-May-17,1450,PE,60,60,60,60,60,4,24.16,2800,1600,17-Apr-17
OPTSTK,LUPIN,25-May-17,1460,PE,0,0,0,38.05,55,0,0,0,0,17-Apr-17
OPTSTK,LUPIN,25-May-17,1480,PE,0,0,0,74.2,68.8,0,0,800,0,17-Apr-17
OPTSTK,LUPIN,25-May-17,1500,PE,0,0,0,100.85,84,0,0,2000,0,17-Apr-17
OPTSTK,LUPIN,25-May-17,1520,PE,0,0,0,75,100.35,0,0,0,0,17-Apr-17
OPTSTK,LUPIN,25-May-17,1540,PE,0,0,0,90.05,117.7,0,0,0,0,17-Apr-17
OPTSTK,LUPIN,25-May-17,1550,PE,0,0,0,108,126.7,0,0,0,0,17-Apr-17
OPTSTK,LUPIN,25-May-17,1560,PE,0,0,0,106.2,135.8,0,0,0,0,17-Apr-17
OPTSTK,LUPIN,25-May-17,1580,PE,0,0,0,123.3,154.5,0,0,0,0,17-Apr-17
OPTSTK,LUPIN,25-May-17,1600,PE,0,0,0,145,173.55,0,0,0,0,17-Apr-17
OPTSTK,LUPIN,25-May-17,1620,PE,0,0,0,159.45,192.9,0,0,0,0,17-Apr-17
OPTSTK,LUPIN,25-May-17,1640,PE,0,0,0,178.25,212.45,0,0,0,0,17-Apr-17
OPTSTK,LUPIN,25-May-17,1650,PE,0,0,0,186.1,222.3,0,0,0,0,17-Apr-17
OPTSTK,LUPIN,25-May-17,1660,PE,0,0,0,197.35,232.15,0,0,0,0,17-Apr-17
OPTSTK,LUPIN,25-May-17,1680,PE,0,0,0,216.7,251.9,0,0,0,0,17-Apr-17
OPTSTK,LUPIN,25-May-17,1700,PE,0,0,0,230.15,271.7,0,0,0,0,17-Apr-17
OPTSTK,LUPIN,25-May-17,1720,PE,0,0,0,255.85,291.5,0,0,0,0,17-Apr-17
OPTSTK,LUPIN,25-May-17,1740,PE,0,0,0,275.5,311.35,0,0,0,0,17-Apr-17
OPTSTK,LUPIN,25-May-17,1750,PE,0,0,0,276.3,321.3,0,0,0,0,17-Apr-17
OPTSTK,LUPIN,25-May-17,1760,PE,0,0,0,295.25,331.2,0,0,0,0,17-Apr-17
OPTSTK,LUPIN,25-May-17,1780,PE,0,0,0,315,351.05,0,0,0,0,17-Apr-17
OPTSTK,LUPIN,25-May-17,1800,PE,0,0,0,323.75,370.95,0,0,0,0,17-Apr-17
OPTSTK,LUPIN,25-May-17,1820,PE,0,0,0,354.55,390.8,0,0,0,0,17-Apr-17
OPTSTK,LUPIN,25-May-17,1840,PE,0,0,0,374.35,410.65,0,0,0,0,17-Apr-17
OPTSTK,LUPIN,25-May-17,1850,PE,0,0,0,372,420.6,0,0,0,0,17-Apr-17
OPTSTK,LUPIN,25-May-17,1900,PE,0,0,0,420.7,470.25,0,0,0,0,17-Apr-17
OPTSTK,LUPIN,25-May-17,1950,PE,0,0,0,469.65,519.9,0,0,0,0,17-Apr-17
OPTSTK,LUPIN,25-May-17,2000,PE,0,0,0,518.75,569.6,0,0,0,0,17-Apr-17
OPTSTK,LUPIN,25-May-17,2050,PE,0,0,0,567.9,619.25,0,0,0,0,17-Apr-17
OPTSTK,LUPIN,29-Jun-17,1060,CE,0,0,0,404.45,370.65,0,0,0,0,17-Apr-17
OPTSTK,LUPIN,29-Jun-17,1080,CE,0,0,0,384.8,350.95,0,0,0,0,17-Apr-17
OPTSTK,LUPIN,29-Jun-17,1100,CE,0,0,0,365.1,331.2,0,0,0,0,17-Apr-17
OPTSTK,LUPIN,29-Jun-17,1120,CE,0,0,0,345.45,311.5,0,0,0,0,17-Apr-17
OPTSTK,LUPIN,29-Jun-17,1140,CE,0,0,0,325.8,291.85,0,0,0,0,17-Apr-17
OPTSTK,LUPIN,29-Jun-17,1160,CE,0,0,0,306.2,272.2,0,0,0,0,17-Apr-17
OPTSTK,LUPIN,29-Jun-17,1180,CE,0,0,0,286.6,252.7,0,0,0,0,17-Apr-17
OPTSTK,LUPIN,29-Jun-17,1200,CE,0,0,0,267.1,233.3,0,0,0,0,17-Apr-17
OPTSTK,LUPIN,29-Jun-17,1220,CE,0,0,0,247.7,214.1,0,0,0,0,17-Apr-17
OPTSTK,LUPIN,29-Jun-17,1240,CE,0,0,0,228.45,195.2,0,0,0,0,17-Apr-17
OPTSTK,LUPIN,29-Jun-17,1260,CE,0,0,0,209.4,176.7,0,0,0,0,17-Apr-17
OPTSTK,LUPIN,29-Jun-17,1280,CE,0,0,0,190.65,158.65,0,0,0,0,17-Apr-17
OPTSTK,LUPIN,29-Jun-17,1300,CE,0,0,0,172.35,141.25,0,0,0,0,17-Apr-17
OPTSTK,LUPIN,29-Jun-17,1320,CE,0,0,0,154.6,124.65,0,0,0,0,17-Apr-17
OPTSTK,LUPIN,29-Jun-17,1340,CE,0,0,0,137.45,108.9,0,0,0,0,17-Apr-17
OPTSTK,LUPIN,29-Jun-17,1360,CE,0,0,0,121.15,94.2,0,0,0,0,17-Apr-17
OPTSTK,LUPIN,29-Jun-17,1380,CE,0,0,0,105.75,80.55,0,0,0,0,17-Apr-17
OPTSTK,LUPIN,29-Jun-17,1400,CE,0,0,0,91.3,68.2,0,0,0,0,17-Apr-17
OPTSTK,LUPIN,29-Jun-17,1420,CE,0,0,0,78.05,57.05,0,0,0,0,17-Apr-17
OPTSTK,LUPIN,29-Jun-17,1440,CE,0,0,0,66,47.15,0,0,0,0,17-Apr-17
OPTSTK,LUPIN,29-Jun-17,1460,CE,0,0,0,55.2,38.55,0,0,0,0,17-Apr-17
OPTSTK,LUPIN,29-Jun-17,1480,CE,0,0,0,45.6,31.1,0,0,0,0,17-Apr-17
OPTSTK,LUPIN,29-Jun-17,1500,CE,0,0,0,60.2,24.8,0,0,400,0,17-Apr-17
OPTSTK,LUPIN,29-Jun-17,1520,CE,0,0,0,30.1,19.6,0,0,0,0,17-Apr-17
OPTSTK,LUPIN,29-Jun-17,1540,CE,0,0,0,24,15.25,0,0,0,0,17-Apr-17
OPTSTK,LUPIN,29-Jun-17,1560,CE,0,0,0,19,11.75,0,0,0,0,17-Apr-17
OPTSTK,LUPIN,29-Jun-17,1580,CE,0,0,0,14.75,8.9,0,0,0,0,17-Apr-17
OPTSTK,LUPIN,29-Jun-17,1600,CE,0,0,0,11.35,6.7,0,0,0,0,17-Apr-17
OPTSTK,LUPIN,29-Jun-17,1620,CE,0,0,0,8.65,5,0,0,0,0,17-Apr-17
OPTSTK,LUPIN,29-Jun-17,1640,CE,0,0,0,6.5,3.65,0,0,0,0,17-Apr-17
OPTSTK,LUPIN,29-Jun-17,1660,CE,0,0,0,4.85,2.65,0,0,0,0,17-Apr-17
OPTSTK,LUPIN,29-Jun-17,1680,CE,0,0,0,3.55,1.9,0,0,0,0,17-Apr-17
OPTSTK,LUPIN,29-Jun-17,1700,CE,0,0,0,2.6,1.35,0,0,0,0,17-Apr-17
OPTSTK,LUPIN,29-Jun-17,1720,CE,0,0,0,1.85,0.95,0,0,0,0,17-Apr-17
OPTSTK,LUPIN,29-Jun-17,1740,CE,0,0,0,1.35,0.65,0,0,0,0,17-Apr-17
OPTSTK,LUPIN,29-Jun-17,1760,CE,0,0,0,0.95,0.45,0,0,0,0,17-Apr-17
OPTSTK,LUPIN,29-Jun-17,1780,CE,0,0,0,0.65,0.35,0,0,0,0,17-Apr-17
OPTSTK,LUPIN,29-Jun-17,1800,CE,0,0,0,0.45,0.25,0,0,0,0,17-Apr-17
OPTSTK,LUPIN,29-Jun-17,1820,CE,0,0,0,0.3,0.15,0,0,0,0,17-Apr-17
OPTSTK,LUPIN,29-Jun-17,1840,CE,0,0,0,0.2,0.1,0,0,0,0,17-Apr-17
OPTSTK,LUPIN,29-Jun-17,1060,PE,0,0,0,0.05,0.05,0,0,0,0,17-Apr-17
OPTSTK,LUPIN,29-Jun-17,1080,PE,0,0,0,0.05,0.05,0,0,0,0,17-Apr-17
OPTSTK,LUPIN,29-Jun-17,1100,PE,0,0,0,0.05,0.05,0,0,0,0,17-Apr-17
OPTSTK,LUPIN,29-Jun-17,1120,PE,0,0,0,0.05,0.1,0,0,0,0,17-Apr-17
OPTSTK,LUPIN,29-Jun-17,1140,PE,0,0,0,0.05,0.15,0,0,0,0,17-Apr-17
OPTSTK,LUPIN,29-Jun-17,1160,PE,0,0,0,0.1,0.3,0,0,0,0,17-Apr-17
OPTSTK,LUPIN,29-Jun-17,1180,PE,0,0,0,0.2,0.5,0,0,0,0,17-Apr-17
OPTSTK,LUPIN,29-Jun-17,1200,PE,0,0,0,0.35,0.85,0,0,0,0,17-Apr-17
OPTSTK,LUPIN,29-Jun-17,1220,PE,0,0,0,0.6,1.4,0,0,0,0,17-Apr-17
OPTSTK,LUPIN,29-Jun-17,1240,PE,0,0,0,1.05,2.25,0,0,0,0,17-Apr-17
OPTSTK,LUPIN,29-Jun-17,1260,PE,0,0,0,1.65,3.45,0,0,0,0,17-Apr-17
OPTSTK,LUPIN,29-Jun-17,1280,PE,0,0,0,2.6,5.2,0,0,0,0,17-Apr-17
OPTSTK,LUPIN,29-Jun-17,1300,PE,0,0,0,4,7.55,0,0,0,0,17-Apr-17
OPTSTK,LUPIN,29-Jun-17,1320,PE,0,0,0,5.85,10.65,0,0,0,0,17-Apr-17
OPTSTK,LUPIN,29-Jun-17,1340,PE,0,0,0,8.4,14.65,0,0,0,0,17-Apr-17
OPTSTK,LUPIN,29-Jun-17,1360,PE,0,0,0,11.75,19.7,0,0,0,0,17-Apr-17
OPTSTK,LUPIN,29-Jun-17,1380,PE,0,0,0,16,25.8,0,0,0,0,17-Apr-17
OPTSTK,LUPIN,29-Jun-17,1400,PE,0,0,0,21.3,33.15,0,0,0,0,17-Apr-17
OPTSTK,LUPIN,29-Jun-17,1420,PE,0,0,0,27.7,41.75,0,0,0,0,17-Apr-17
OPTSTK,LUPIN,29-Jun-17,1440,PE,0,0,0,35.3,51.6,0,0,0,0,17-Apr-17
OPTSTK,LUPIN,29-Jun-17,1460,PE,0,0,0,44.15,62.7,0,0,0,0,17-Apr-17
OPTSTK,LUPIN,29-Jun-17,1480,PE,0,0,0,54.25,75.05,0,0,0,0,17-Apr-17
OPTSTK,LUPIN,29-Jun-17,1500,PE,0,0,0,65.55,88.5,0,0,0,0,17-Apr-17
OPTSTK,LUPIN,29-Jun-17,1520,PE,0,0,0,78.05,103.05,0,0,0,0,17-Apr-17
OPTSTK,LUPIN,29-Jun-17,1540,PE,0,0,0,91.65,118.4,0,0,0,0,17-Apr-17
OPTSTK,LUPIN,29-Jun-17,1560,PE,0,0,0,106.3,134.65,0,0,0,0,17-Apr-17
OPTSTK,LUPIN,29-Jun-17,1580,PE,0,0,0,121.75,151.55,0,0,0,0,17-Apr-17
OPTSTK,LUPIN,29-Jun-17,1600,PE,0,0,0,138.05,169.1,0,0,0,0,17-Apr-17
OPTSTK,LUPIN,29-Jun-17,1620,PE,0,0,0,155,187.1,0,0,0,0,17-Apr-17
OPTSTK,LUPIN,29-Jun-17,1640,PE,0,0,0,172.5,205.55,0,0,0,0,17-Apr-17
OPTSTK,LUPIN,29-Jun-17,1660,PE,0,0,0,190.5,224.25,0,0,0,0,17-Apr-17
OPTSTK,LUPIN,29-Jun-17,1680,PE,0,0,0,208.9,243.25,0,0,0,0,17-Apr-17
OPTSTK,LUPIN,29-Jun-17,1700,PE,0,0,0,227.6,262.45,0,0,0,0,17-Apr-17
OPTSTK,LUPIN,29-Jun-17,1720,PE,0,0,0,246.55,281.8,0,0,0,0,17-Apr-17
OPTSTK,LUPIN,29-Jun-17,1740,PE,0,0,0,265.7,301.25,0,0,0,0,17-Apr-17
OPTSTK,LUPIN,29-Jun-17,1760,PE,0,0,0,284.95,320.8,0,0,0,0,17-Apr-17
OPTSTK,LUPIN,29-Jun-17,1780,PE,0,0,0,304.35,340.4,0,0,0,0,17-Apr-17
OPTSTK,LUPIN,29-Jun-17,1800,PE,0,0,0,323.85,360.05,0,0,0,0,17-Apr-17
OPTSTK,LUPIN,29-Jun-17,1820,PE,0,0,0,343.35,379.7,0,0,0,0,17-Apr-17
OPTSTK,LUPIN,29-Jun-17,1840,PE,0,0,0,362.95,399.4,0,0,0,0,17-Apr-17
OPTSTK,M&M,27-Apr-17,940,CE,0,0,0,319.95,331,0,0,0,0,17-Apr-17
OPTSTK,M&M,27-Apr-17,960,CE,0,0,0,300.7,311.05,0,0,0,0,17-Apr-17
OPTSTK,M&M,27-Apr-17,980,CE,0,0,0,281.6,291.1,0,0,0,0,17-Apr-17
OPTSTK,M&M,27-Apr-17,1000,CE,0,0,0,262.75,271.1,0,0,0,0,17-Apr-17
OPTSTK,M&M,27-Apr-17,1020,CE,0,0,0,244.15,251.15,0,0,0,0,17-Apr-17
OPTSTK,M&M,27-Apr-17,1040,CE,0,0,0,225.95,231.2,0,0,0,0,17-Apr-17
OPTSTK,M&M,27-Apr-17,1060,CE,0,0,0,208.15,211.2,0,0,0,0,17-Apr-17
OPTSTK,M&M,27-Apr-17,1080,CE,0,0,0,190.9,191.25,0,0,0,0,17-Apr-17
OPTSTK,M&M,27-Apr-17,1100,CE,0,0,0,174.2,171.3,0,0,0,0,17-Apr-17
OPTSTK,M&M,27-Apr-17,1120,CE,0,0,0,158.15,151.3,0,0,0,0,17-Apr-17
OPTSTK,M&M,27-Apr-17,1140,CE,0,0,0,142.85,131.35,0,0,0,0,17-Apr-17
OPTSTK,M&M,27-Apr-17,1160,CE,0,0,0,128.35,111.4,0,0,0,0,17-Apr-17
OPTSTK,M&M,27-Apr-17,1180,CE,0,0,0,114.65,91.45,0,0,0,0,17-Apr-17
OPTSTK,M&M,27-Apr-17,1200,CE,0,0,0,101.9,71.65,0,0,0,0,17-Apr-17
OPTSTK,M&M,27-Apr-17,1220,CE,0,0,0,68.5,52.4,0,0,500,0,17-Apr-17
OPTSTK,M&M,27-Apr-17,1240,CE,0,0,0,65.4,34.75,0,0,1000,0,17-Apr-17
OPTSTK,M&M,27-Apr-17,1260,CE,24.25,24.3,21.4,21.85,21.85,9,57.73,9500,-3000,17-Apr-17
OPTSTK,M&M,27-Apr-17,1280,CE,14.3,15.1,12.1,12.6,12.6,61,394.6,73500,14000,17-Apr-17
OPTSTK,M&M,27-Apr-17,1300,CE,7.9,11.5,6.15,7.1,7.1,136,889.63,232000,-1500,17-Apr-17
OPTSTK,M&M,27-Apr-17,1320,CE,5.3,5.35,4.05,4.1,4.1,43,284.86,87500,5000,17-Apr-17
OPTSTK,M&M,27-Apr-17,1340,CE,3,3.5,2.45,2.5,2.5,16,107.42,100500,-1500,17-Apr-17
OPTSTK,M&M,27-Apr-17,1360,CE,1.3,2,1.3,1.8,1.8,30,204.28,50500,5000,17-Apr-17
OPTSTK,M&M,27-Apr-17,1380,CE,1.3,1.4,1.1,1.1,1.1,16,110.5,31000,6000,17-Apr-17
OPTSTK,M&M,27-Apr-17,1400,CE,0,0,0,1,0,0,0,26000,0,17-Apr-17
OPTSTK,M&M,27-Apr-17,1420,CE,0,0,0,1.5,0,0,0,500,0,17-Apr-17
OPTSTK,M&M,27-Apr-17,1440,CE,0,0,0,16.1,0,0,0,0,0,17-Apr-17
OPTSTK,M&M,27-Apr-17,1460,CE,0,0,0,13.35,0,0,0,0,0,17-Apr-17
OPTSTK,M&M,27-Apr-17,1480,CE,0,0,0,11,0,0,0,0,0,17-Apr-17
OPTSTK,M&M,27-Apr-17,1500,CE,0,0,0,9.05,0,0,0,0,0,17-Apr-17
OPTSTK,M&M,27-Apr-17,1520,CE,0,0,0,7.4,0,0,0,0,0,17-Apr-17
OPTSTK,M&M,27-Apr-17,1540,CE,0,0,0,6,0,0,0,0,0,17-Apr-17
OPTSTK,M&M,27-Apr-17,1560,CE,0,0,0,4.85,0,0,0,0,0,17-Apr-17
OPTSTK,M&M,27-Apr-17,940,PE,0,0,0,0.75,0,0,0,0,0,17-Apr-17
OPTSTK,M&M,27-Apr-17,960,PE,0,0,0,1.15,0,0,0,0,0,17-Apr-17
OPTSTK,M&M,27-Apr-17,980,PE,0,0,0,1.7,0,0,0,0,0,17-Apr-17
OPTSTK,M&M,27-Apr-17,1000,PE,0,0,0,2.5,0,0,0,0,0,17-Apr-17
OPTSTK,M&M,27-Apr-17,1020,PE,0,0,0,3.6,0,0,0,0,0,17-Apr-17
OPTSTK,M&M,27-Apr-17,1040,PE,0,0,0,5.05,0,0,0,0,0,17-Apr-17
OPTSTK,M&M,27-Apr-17,1060,PE,0,0,0,6.95,0,0,0,0,0,17-Apr-17
OPTSTK,M&M,27-Apr-17,1080,PE,0,0,0,9.35,0,0,0,0,0,17-Apr-17
OPTSTK,M&M,27-Apr-17,1100,PE,0,0,0,1.2,0,0,0,500,0,17-Apr-17
OPTSTK,M&M,27-Apr-17,1120,PE,0,0,0,15.95,0,0,0,0,0,17-Apr-17
OPTSTK,M&M,27-Apr-17,1140,PE,0,0,0,20.35,0,0,0,0,0,17-Apr-17
OPTSTK,M&M,27-Apr-17,1160,PE,0,0,0,0.8,0,0,0,1000,0,17-Apr-17
OPTSTK,M&M,27-Apr-17,1180,PE,0,0,0,0.6,0.05,0,0,14000,0,17-Apr-17
OPTSTK,M&M,27-Apr-17,1200,PE,1,1,1,1,1,1,6,28500,0,17-Apr-17
OPTSTK,M&M,27-Apr-17,1220,PE,2.95,2.95,2.4,2.4,2.4,14,85.58,13000,-500,17-Apr-17
OPTSTK,M&M,27-Apr-17,1240,PE,5.15,6.9,5.15,5.85,5.85,24,149.52,41500,1000,17-Apr-17
OPTSTK,M&M,27-Apr-17,1260,PE,11,13.7,11,12,12,54,343.51,82000,11000,17-Apr-17
OPTSTK,M&M,27-Apr-17,1280,PE,23.5,24,21.3,22.45,22.45,19,123.74,50500,1000,17-Apr-17
OPTSTK,M&M,27-Apr-17,1300,PE,35,35,35,35,35,1,6.67,48500,500,17-Apr-17
OPTSTK,M&M,27-Apr-17,1320,PE,0,0,0,40.75,49.7,0,0,2500,0,17-Apr-17
OPTSTK,M&M,27-Apr-17,1340,PE,70,70,70,70,70,1,7.05,1500,0,17-Apr-17
OPTSTK,M&M,27-Apr-17,1360,PE,91,91,90,90,90,2,14.5,8000,0,17-Apr-17
OPTSTK,M&M,27-Apr-17,1380,PE,0,0,0,110,108.3,0,0,500,0,17-Apr-17
OPTSTK,M&M,27-Apr-17,1400,PE,0,0,0,122.4,128.25,0,0,5000,0,17-Apr-17
OPTSTK,M&M,27-Apr-17,1420,PE,0,0,0,172.2,148.2,0,0,0,0,17-Apr-17
OPTSTK,M&M,27-Apr-17,1440,PE,0,0,0,188.65,168.15,0,0,0,0,17-Apr-17
OPTSTK,M&M,27-Apr-17,1460,PE,0,0,0,205.55,188.15,0,0,0,0,17-Apr-17
OPTSTK,M&M,27-Apr-17,1480,PE,0,0,0,222.9,208.1,0,0,0,0,17-Apr-17
OPTSTK,M&M,27-Apr-17,1500,PE,0,0,0,240.6,228.05,0,0,0,0,17-Apr-17
OPTSTK,M&M,27-Apr-17,1520,PE,0,0,0,258.65,248,0,0,0,0,17-Apr-17
OPTSTK,M&M,27-Apr-17,1540,PE,0,0,0,276.9,268,0,0,0,0,17-Apr-17
OPTSTK,M&M,27-Apr-17,1560,PE,0,0,0,295.45,287.95,0,0,0,0,17-Apr-17
OPTSTK,M&M,25-May-17,940,CE,0,0,0,379.7,335.7,0,0,0,0,17-Apr-17
OPTSTK,M&M,25-May-17,960,CE,0,0,0,360.1,315.85,0,0,0,0,17-Apr-17
OPTSTK,M&M,25-May-17,980,CE,0,0,0,340.55,296,0,0,0,0,17-Apr-17
OPTSTK,M&M,25-May-17,1000,CE,0,0,0,321.1,276.1,0,0,0,0,17-Apr-17
OPTSTK,M&M,25-May-17,1020,CE,0,0,0,301.7,256.25,0,0,0,0,17-Apr-17
OPTSTK,M&M,25-May-17,1040,CE,0,0,0,282.45,236.4,0,0,0,0,17-Apr-17
OPTSTK,M&M,25-May-17,1060,CE,0,0,0,263.45,216.5,0,0,0,0,17-Apr-17
OPTSTK,M&M,25-May-17,1080,CE,0,0,0,244.65,196.65,0,0,0,0,17-Apr-17
OPTSTK,M&M,25-May-17,1100,CE,0,0,0,226.25,176.85,0,0,0,0,17-Apr-17
OPTSTK,M&M,25-May-17,1120,CE,0,0,0,208.2,157.05,0,0,0,0,17-Apr-17
OPTSTK,M&M,25-May-17,1140,CE,0,0,0,190.6,137.4,0,0,0,0,17-Apr-17
OPTSTK,M&M,25-May-17,1160,CE,0,0,0,173.65,118,0,0,0,0,17-Apr-17
OPTSTK,M&M,25-May-17,1180,CE,0,0,0,157.3,99.15,0,0,0,0,17-Apr-17
OPTSTK,M&M,25-May-17,1200,CE,0,0,0,141.65,81.1,0,0,0,0,17-Apr-17
OPTSTK,M&M,25-May-17,1220,CE,0,0,0,126.9,64.35,0,0,0,0,17-Apr-17
OPTSTK,M&M,25-May-17,1240,CE,0,0,0,112.9,49.25,0,0,0,0,17-Apr-17
OPTSTK,M&M,25-May-17,1260,CE,0,0,0,99.85,36.3,0,0,0,0,17-Apr-17
OPTSTK,M&M,25-May-17,1280,CE,33,33,33,33,33,1,6.56,500,500,17-Apr-17
OPTSTK,M&M,25-May-17,1300,CE,0,0,0,33,17.3,0,0,4000,0,17-Apr-17
OPTSTK,M&M,25-May-17,1320,CE,0,0,0,66.55,11.15,0,0,0,0,17-Apr-17
OPTSTK,M&M,25-May-17,1340,CE,0,0,0,57.4,6.85,0,0,0,0,17-Apr-17
OPTSTK,M&M,25-May-17,1360,CE,0,0,0,49.2,4,0,0,0,0,17-Apr-17
OPTSTK,M&M,25-May-17,1380,CE,0,0,0,41.9,2.25,0,0,0,0,17-Apr-17
OPTSTK,M&M,25-May-17,1400,CE,0,0,0,35.45,1.2,0,0,0,0,17-Apr-17
OPTSTK,M&M,25-May-17,1420,CE,0,0,0,29.8,0.6,0,0,0,0,17-Apr-17
OPTSTK,M&M,25-May-17,1440,CE,0,0,0,25,0.3,0,0,0,0,17-Apr-17
OPTSTK,M&M,25-May-17,1460,CE,0,0,0,20.75,0.15,0,0,0,0,17-Apr-17
OPTSTK,M&M,25-May-17,1480,CE,0,0,0,17.1,0.1,0,0,0,0,17-Apr-17
OPTSTK,M&M,25-May-17,1500,CE,0,0,0,14.05,0.05,0,0,0,0,17-Apr-17
OPTSTK,M&M,25-May-17,1520,CE,0,0,0,11.5,0.05,0,0,0,0,17-Apr-17
OPTSTK,M&M,25-May-17,1540,CE,0,0,0,9.3,0,0,0,0,0,17-Apr-17
OPTSTK,M&M,25-May-17,1560,CE,0,0,0,7.5,0,0,0,0,0,17-Apr-17
OPTSTK,M&M,25-May-17,940,PE,0,0,0,0.1,0,0,0,0,0,17-Apr-17
OPTSTK,M&M,25-May-17,960,PE,0,0,0,0.2,0,0,0,0,0,17-Apr-17
OPTSTK,M&M,25-May-17,980,PE,0,0,0,0.35,0,0,0,0,0,17-Apr-17
OPTSTK,M&M,25-May-17,1000,PE,0,0,0,0.55,0,0,0,0,0,17-Apr-17
OPTSTK,M&M,25-May-17,1020,PE,0,0,0,0.85,0,0,0,0,0,17-Apr-17
OPTSTK,M&M,25-May-17,1040,PE,0,0,0,1.3,0,0,0,0,0,17-Apr-17
OPTSTK,M&M,25-May-17,1060,PE,0,0,0,1.95,0,0,0,0,0,17-Apr-17
OPTSTK,M&M,25-May-17,1080,PE,0,0,0,2.9,0.05,0,0,0,0,17-Apr-17
OPTSTK,M&M,25-May-17,1100,PE,0,0,0,4.1,0.05,0,0,0,0,17-Apr-17
OPTSTK,M&M,25-May-17,1120,PE,0,0,0,5.75,0.15,0,0,0,0,17-Apr-17
OPTSTK,M&M,25-May-17,1140,PE,0,0,0,7.9,0.35,0,0,0,0,17-Apr-17
OPTSTK,M&M,25-May-17,1160,PE,0,0,0,10.6,0.85,0,0,0,0,17-Apr-17
OPTSTK,M&M,25-May-17,1180,PE,0,0,0,13.9,1.8,0,0,0,0,17-Apr-17
OPTSTK,M&M,25-May-17,1200,PE,0,0,0,18,3.65,0,0,0,0,17-Apr-17
OPTSTK,M&M,25-May-17,1220,PE,0,0,0,22.9,6.75,0,0,0,0,17-Apr-17
OPTSTK,M&M,25-May-17,1240,PE,0,0,0,28.6,11.55,0,0,0,0,17-Apr-17
OPTSTK,M&M,25-May-17,1260,PE,0,0,0,35.25,18.45,0,0,0,0,17-Apr-17
OPTSTK,M&M,25-May-17,1280,PE,0,0,0,30.6,27.65,0,0,1000,0,17-Apr-17
OPTSTK,M&M,25-May-17,1300,PE,0,0,0,51.25,39.2,0,0,500,0,17-Apr-17
OPTSTK,M&M,25-May-17,1320,PE,0,0,0,61,52.9,0,0,0,0,17-Apr-17
OPTSTK,M&M,25-May-17,1340,PE,0,0,0,71.55,68.45,0,0,0,0,17-Apr-17
OPTSTK,M&M,25-May-17,1360,PE,0,0,0,83,85.5,0,0,0,0,17-Apr-17
OPTSTK,M&M,25-May-17,1380,PE,0,0,0,95.4,103.6,0,0,0,0,17-Apr-17
OPTSTK,M&M,25-May-17,1400,PE,0,0,0,108.65,122.4,0,0,0,0,17-Apr-17
OPTSTK,M&M,25-May-17,1420,PE,0,0,0,122.7,141.7,0,0,0,0,17-Apr-17
OPTSTK,M&M,25-May-17,1440,PE,0,0,0,137.55,161.25,0,0,0,0,17-Apr-17
OPTSTK,M&M,25-May-17,1460,PE,0,0,0,152.95,180.95,0,0,0,0,17-Apr-17
OPTSTK,M&M,25-May-17,1480,PE,0,0,0,169.05,200.75,0,0,0,0,17-Apr-17
OPTSTK,M&M,25-May-17,1500,PE,0,0,0,185.65,220.6,0,0,0,0,17-Apr-17
OPTSTK,M&M,25-May-17,1520,PE,0,0,0,202.75,240.45,0,0,0,0,17-Apr-17
OPTSTK,M&M,25-May-17,1540,PE,0,0,0,220.3,260.3,0,0,0,0,17-Apr-17
OPTSTK,M&M,25-May-17,1560,PE,0,0,0,238.2,280.15,0,0,0,0,17-Apr-17
OPTSTK,M&M,29-Jun-17,940,CE,0,0,0,355.4,341.5,0,0,0,0,17-Apr-17
OPTSTK,M&M,29-Jun-17,960,CE,0,0,0,335.75,321.75,0,0,0,0,17-Apr-17
OPTSTK,M&M,29-Jun-17,980,CE,0,0,0,316.1,302.05,0,0,0,0,17-Apr-17
OPTSTK,M&M,29-Jun-17,1000,CE,0,0,0,296.55,282.3,0,0,0,0,17-Apr-17
OPTSTK,M&M,29-Jun-17,1020,CE,0,0,0,277,262.55,0,0,0,0,17-Apr-17
OPTSTK,M&M,29-Jun-17,1040,CE,0,0,0,257.55,242.85,0,0,0,0,17-Apr-17
OPTSTK,M&M,29-Jun-17,1060,CE,0,0,0,238.3,223.15,0,0,0,0,17-Apr-17
OPTSTK,M&M,29-Jun-17,1080,CE,0,0,0,219.2,203.55,0,0,0,0,17-Apr-17
OPTSTK,M&M,29-Jun-17,1100,CE,0,0,0,200.4,184.05,0,0,0,0,17-Apr-17
OPTSTK,M&M,29-Jun-17,1120,CE,0,0,0,182.05,164.8,0,0,0,0,17-Apr-17
OPTSTK,M&M,29-Jun-17,1140,CE,0,0,0,164.15,145.85,0,0,0,0,17-Apr-17
OPTSTK,M&M,29-Jun-17,1160,CE,0,0,0,146.85,127.45,0,0,0,0,17-Apr-17
OPTSTK,M&M,29-Jun-17,1180,CE,0,0,0,130.3,109.8,0,0,0,0,17-Apr-17
OPTSTK,M&M,29-Jun-17,1200,CE,0,0,0,114.65,93.05,0,0,0,0,17-Apr-17
OPTSTK,M&M,29-Jun-17,1220,CE,0,0,0,99.95,77.5,0,0,0,0,17-Apr-17
OPTSTK,M&M,29-Jun-17,1240,CE,0,0,0,86.25,63.3,0,0,0,0,17-Apr-17
OPTSTK,M&M,29-Jun-17,1260,CE,0,0,0,73.75,50.7,0,0,0,0,17-Apr-17
OPTSTK,M&M,29-Jun-17,1280,CE,0,0,0,62.45,39.8,0,0,0,0,17-Apr-17
OPTSTK,M&M,29-Jun-17,1300,CE,0,0,0,52.3,30.55,0,0,0,0,17-Apr-17
OPTSTK,M&M,29-Jun-17,1320,CE,0,0,0,43.4,22.9,0,0,0,0,17-Apr-17
OPTSTK,M&M,29-Jun-17,1340,CE,0,0,0,35.6,16.8,0,0,0,0,17-Apr-17
OPTSTK,M&M,29-Jun-17,1360,CE,0,0,0,28.95,12.1,0,0,0,0,17-Apr-17
OPTSTK,M&M,29-Jun-17,1380,CE,0,0,0,23.25,8.45,0,0,0,0,17-Apr-17
OPTSTK,M&M,29-Jun-17,1400,CE,0,0,0,18.55,5.8,0,0,0,0,17-Apr-17
OPTSTK,M&M,29-Jun-17,1420,CE,0,0,0,14.6,3.9,0,0,0,0,17-Apr-17
OPTSTK,M&M,29-Jun-17,1440,CE,0,0,0,11.4,2.55,0,0,0,0,17-Apr-17
OPTSTK,M&M,29-Jun-17,1460,CE,0,0,0,8.8,1.65,0,0,0,0,17-Apr-17
OPTSTK,M&M,29-Jun-17,1480,CE,0,0,0,6.75,1.05,0,0,0,0,17-Apr-17
OPTSTK,M&M,29-Jun-17,1500,CE,0,0,0,5.1,0.65,0,0,0,0,17-Apr-17
OPTSTK,M&M,29-Jun-17,1520,CE,0,0,0,3.85,0.4,0,0,0,0,17-Apr-17
OPTSTK,M&M,29-Jun-17,1540,CE,0,0,0,2.85,0.25,0,0,0,0,17-Apr-17
OPTSTK,M&M,29-Jun-17,1560,CE,0,0,0,2.1,0.15,0,0,0,0,17-Apr-17
OPTSTK,M&M,29-Jun-17,940,PE,0,0,0,0.05,0,0,0,0,0,17-Apr-17
OPTSTK,M&M,29-Jun-17,960,PE,0,0,0,0.05,0,0,0,0,0,17-Apr-17
OPTSTK,M&M,29-Jun-17,980,PE,0,0,0,0.1,0,0,0,0,0,17-Apr-17
OPTSTK,M&M,29-Jun-17,1000,PE,0,0,0,0.2,0.05,0,0,0,0,17-Apr-17
OPTSTK,M&M,29-Jun-17,1020,PE,0,0,0,0.35,0.05,0,0,0,0,17-Apr-17
OPTSTK,M&M,29-Jun-17,1040,PE,0,0,0,0.55,0.05,0,0,0,0,17-Apr-17
OPTSTK,M&M,29-Jun-17,1060,PE,0,0,0,0.95,0.1,0,0,0,0,17-Apr-17
OPTSTK,M&M,29-Jun-17,1080,PE,0,0,0,1.55,0.25,0,0,0,0,17-Apr-17
OPTSTK,M&M,29-Jun-17,1100,PE,0,0,0,2.45,0.5,0,0,0,0,17-Apr-17
OPTSTK,M&M,29-Jun-17,1120,PE,0,0,0,3.7,1,0,0,0,0,17-Apr-17
OPTSTK,M&M,29-Jun-17,1140,PE,0,0,0,5.5,1.8,0,0,0,0,17-Apr-17
OPTSTK,M&M,29-Jun-17,1160,PE,0,0,0,7.85,3.15,0,0,0,0,17-Apr-17
OPTSTK,M&M,29-Jun-17,1180,PE,0,0,0,11,5.2,0,0,0,0,17-Apr-17
OPTSTK,M&M,29-Jun-17,1200,PE,0,0,0,15,8.2,0,0,0,0,17-Apr-17
OPTSTK,M&M,29-Jun-17,1220,PE,0,0,0,20,12.4,0,0,0,0,17-Apr-17
OPTSTK,M&M,29-Jun-17,1240,PE,0,0,0,25.95,17.95,0,0,0,0,17-Apr-17
OPTSTK,M&M,29-Jun-17,1260,PE,0,0,0,33.15,25.1,0,0,0,0,17-Apr-17
OPTSTK,M&M,29-Jun-17,1280,PE,0,0,0,41.5,33.9,0,0,0,0,17-Apr-17
OPTSTK,M&M,29-Jun-17,1300,PE,0,0,0,51.05,44.4,0,0,0,0,17-Apr-17
OPTSTK,M&M,29-Jun-17,1320,PE,0,0,0,61.8,56.55,0,0,0,0,17-Apr-17
OPTSTK,M&M,29-Jun-17,1340,PE,0,0,0,73.65,70.15,0,0,0,0,17-Apr-17
OPTSTK,M&M,29-Jun-17,1360,PE,0,0,0,86.65,85.15,0,0,0,0,17-Apr-17
OPTSTK,M&M,29-Jun-17,1380,PE,0,0,0,100.65,101.3,0,0,0,0,17-Apr-17
OPTSTK,M&M,29-Jun-17,1400,PE,0,0,0,115.6,118.4,0,0,0,0,17-Apr-17
OPTSTK,M&M,29-Jun-17,1420,PE,0,0,0,131.35,136.2,0,0,0,0,17-Apr-17
OPTSTK,M&M,29-Jun-17,1440,PE,0,0,0,147.8,154.6,0,0,0,0,17-Apr-17
OPTSTK,M&M,29-Jun-17,1460,PE,0,0,0,164.85,173.45,0,0,0,0,17-Apr-17
OPTSTK,M&M,29-Jun-17,1480,PE,0,0,0,182.5,192.55,0,0,0,0,17-Apr-17
OPTSTK,M&M,29-Jun-17,1500,PE,0,0,0,200.5,211.9,0,0,0,0,17-Apr-17
OPTSTK,M&M,29-Jun-17,1520,PE,0,0,0,218.9,231.4,0,0,0,0,17-Apr-17
OPTSTK,M&M,29-Jun-17,1540,PE,0,0,0,237.6,251,0,0,0,0,17-Apr-17
OPTSTK,M&M,29-Jun-17,1560,PE,0,0,0,256.5,270.65,0,0,0,0,17-Apr-17
OPTSTK,M&MFIN,27-Apr-17,180,CE,0,0,0,109.7,157.35,0,0,0,0,17-Apr-17
OPTSTK,M&MFIN,27-Apr-17,190,CE,0,0,0,100.25,147.35,0,0,0,0,17-Apr-17
OPTSTK,M&MFIN,27-Apr-17,200,CE,0,0,0,91,137.35,0,0,0,0,17-Apr-17
OPTSTK,M&MFIN,27-Apr-17,210,CE,0,0,0,82,127.4,0,0,0,0,17-Apr-17
OPTSTK,M&MFIN,27-Apr-17,220,CE,0,0,0,73.4,117.4,0,0,0,0,17-Apr-17
OPTSTK,M&MFIN,27-Apr-17,230,CE,0,0,0,65.25,107.4,0,0,0,0,17-Apr-17
OPTSTK,M&MFIN,27-Apr-17,240,CE,0,0,0,57.55,97.45,0,0,0,0,17-Apr-17
OPTSTK,M&MFIN,27-Apr-17,250,CE,0,0,0,50.4,87.45,0,0,0,0,17-Apr-17
OPTSTK,M&MFIN,27-Apr-17,260,CE,0,0,0,43.8,77.45,0,0,0,0,17-Apr-17
OPTSTK,M&MFIN,27-Apr-17,270,CE,0,0,0,37.8,67.5,0,0,0,0,17-Apr-17
OPTSTK,M&MFIN,27-Apr-17,280,CE,0,0,0,45,57.5,0,0,2500,0,17-Apr-17
OPTSTK,M&MFIN,27-Apr-17,290,CE,0,0,0,33.25,47.55,0,0,2500,0,17-Apr-17
OPTSTK,M&MFIN,27-Apr-17,300,CE,0,0,0,39.8,37.7,0,0,15000,0,17-Apr-17
OPTSTK,M&MFIN,27-Apr-17,310,CE,0,0,0,29.4,28.25,0,0,10000,0,17-Apr-17
OPTSTK,M&MFIN,27-Apr-17,320,CE,18.15,23.15,18.15,21,21,8,68.03,115000,2500,17-Apr-17
OPTSTK,M&MFIN,27-Apr-17,330,CE,11,16.3,11,15,15,26,223.76,212500,7500,17-Apr-17
OPTSTK,M&MFIN,27-Apr-17,340,CE,7,10.9,7,9.8,9.8,508,4435.39,832500,77500,17-Apr-17
OPTSTK,M&MFIN,27-Apr-17,350,CE,4.3,7,4.15,6.2,6.2,219,1949.26,727500,47500,17-Apr-17
OPTSTK,M&MFIN,27-Apr-17,360,CE,2.5,4.15,2.5,3.5,3.5,68,618.09,285000,20000,17-Apr-17
OPTSTK,M&MFIN,27-Apr-17,370,CE,1.35,2.4,1.2,1.95,1.95,33,306.79,250000,35000,17-Apr-17
OPTSTK,M&MFIN,27-Apr-17,380,CE,0.8,1,0.8,0.95,0.95,12,114.24,95000,22500,17-Apr-17
OPTSTK,M&MFIN,27-Apr-17,390,CE,0.5,0.6,0.45,0.45,0.45,14,136.67,85000,-7500,17-Apr-17
OPTSTK,M&MFIN,27-Apr-17,400,CE,0.5,0.5,0.5,0.5,0.5,1,10.01,5000,0,17-Apr-17
OPTSTK,M&MFIN,27-Apr-17,180,PE,0,0,0,0.45,0,0,0,0,0,17-Apr-17
OPTSTK,M&MFIN,27-Apr-17,190,PE,0,0,0,0.6,0,0,0,7500,0,17-Apr-17
OPTSTK,M&MFIN,27-Apr-17,200,PE,0,0,0,1.4,0,0,0,0,0,17-Apr-17
OPTSTK,M&MFIN,27-Apr-17,210,PE,0,0,0,2.25,0,0,0,0,0,17-Apr-17
OPTSTK,M&MFIN,27-Apr-17,220,PE,0,0,0,3.5,0,0,0,0,0,17-Apr-17
OPTSTK,M&MFIN,27-Apr-17,230,PE,0,0,0,5.15,0,0,0,0,0,17-Apr-17
OPTSTK,M&MFIN,27-Apr-17,240,PE,0,0,0,7.3,0,0,0,0,0,17-Apr-17
OPTSTK,M&MFIN,27-Apr-17,250,PE,0,0,0,10,0,0,0,0,0,17-Apr-17
OPTSTK,M&MFIN,27-Apr-17,260,PE,0,0,0,0.2,0,0,0,5000,0,17-Apr-17
OPTSTK,M&MFIN,27-Apr-17,270,PE,0,0,0,0.25,0,0,0,20000,0,17-Apr-17
OPTSTK,M&MFIN,27-Apr-17,280,PE,0,0,0,0.5,0,0,0,35000,0,17-Apr-17
OPTSTK,M&MFIN,27-Apr-17,290,PE,0.95,0.95,0.45,0.45,0.45,19,138.03,250000,25000,17-Apr-17
OPTSTK,M&MFIN,27-Apr-17,300,PE,1.5,1.95,1.35,1.5,1.5,42,316.75,392500,57500,17-Apr-17
OPTSTK,M&MFIN,27-Apr-17,310,PE,2.95,3.3,2.35,2.45,2.45,41,320.56,385000,0,17-Apr-17
OPTSTK,M&MFIN,27-Apr-17,320,PE,5.25,5.8,3.95,4.15,4.15,33,267.85,172500,7500,17-Apr-17
OPTSTK,M&MFIN,27-Apr-17,330,PE,8.95,10.1,7,7.1,7.1,59,498.9,105000,15000,17-Apr-17
OPTSTK,M&MFIN,27-Apr-17,340,PE,14.55,15.65,11.1,11.6,11.6,35,308.69,92500,17500,17-Apr-17
OPTSTK,M&MFIN,27-Apr-17,350,PE,0,0,0,17.55,15.9,0,0,10000,0,17-Apr-17
OPTSTK,M&MFIN,27-Apr-17,360,PE,27,27,27,27,27,1,9.67,25000,0,17-Apr-17
OPTSTK,M&MFIN,27-Apr-17,370,PE,0,0,0,37.9,32.95,0,0,10000,0,17-Apr-17
OPTSTK,M&MFIN,27-Apr-17,380,PE,0,0,0,40,42.55,0,0,2500,0,17-Apr-17
OPTSTK,M&MFIN,27-Apr-17,390,PE,0,0,0,101.45,52.4,0,0,0,0,17-Apr-17
OPTSTK,M&MFIN,27-Apr-17,400,PE,0,0,0,110.5,62.35,0,0,0,0,17-Apr-17
OPTSTK,M&MFIN,25-May-17,180,CE,0,0,0,114.2,158.25,0,0,0,0,17-Apr-17
OPTSTK,M&MFIN,25-May-17,190,CE,0,0,0,104.55,148.3,0,0,0,0,17-Apr-17
OPTSTK,M&MFIN,25-May-17,200,CE,0,0,0,95,138.35,0,0,0,0,17-Apr-17
OPTSTK,M&MFIN,25-May-17,210,CE,0,0,0,85.7,128.45,0,0,0,0,17-Apr-17
OPTSTK,M&MFIN,25-May-17,220,CE,0,0,0,76.65,118.5,0,0,0,0,17-Apr-17
OPTSTK,M&MFIN,25-May-17,230,CE,0,0,0,68,108.55,0,0,0,0,17-Apr-17
OPTSTK,M&MFIN,25-May-17,240,CE,0,0,0,59.8,98.65,0,0,0,0,17-Apr-17
OPTSTK,M&MFIN,25-May-17,250,CE,0,0,0,52.1,88.75,0,0,0,0,17-Apr-17
OPTSTK,M&MFIN,25-May-17,260,CE,0,0,0,45,78.9,0,0,0,0,17-Apr-17
OPTSTK,M&MFIN,25-May-17,270,CE,0,0,0,38.5,69.2,0,0,0,0,17-Apr-17
OPTSTK,M&MFIN,25-May-17,280,CE,0,0,0,32.65,59.65,0,0,0,0,17-Apr-17
OPTSTK,M&MFIN,25-May-17,290,CE,0,0,0,27.45,50.5,0,0,0,0,17-Apr-17
OPTSTK,M&MFIN,25-May-17,300,CE,0,0,0,22.9,41.85,0,0,0,0,17-Apr-17
OPTSTK,M&MFIN,25-May-17,310,CE,0,0,0,18.95,33.9,0,0,0,0,17-Apr-17
OPTSTK,M&MFIN,25-May-17,320,CE,0,0,0,15.55,26.75,0,0,0,0,17-Apr-17
OPTSTK,M&MFIN,25-May-17,330,CE,0,0,0,12.7,20.6,0,0,0,0,17-Apr-17
OPTSTK,M&MFIN,25-May-17,340,CE,0,0,0,10.3,15.4,0,0,0,0,17-Apr-17
OPTSTK,M&MFIN,25-May-17,350,CE,0,0,0,11.85,11.25,0,0,27500,0,17-Apr-17
OPTSTK,M&MFIN,25-May-17,360,CE,0,0,0,6.6,7.95,0,0,0,0,17-Apr-17
OPTSTK,M&MFIN,25-May-17,370,CE,0,0,0,8.25,5.5,0,0,5000,0,17-Apr-17
OPTSTK,M&MFIN,25-May-17,380,CE,0,0,0,4.15,3.7,0,0,0,0,17-Apr-17
OPTSTK,M&MFIN,25-May-17,390,CE,0,0,0,3.3,2.45,0,0,0,0,17-Apr-17
OPTSTK,M&MFIN,25-May-17,400,CE,0,0,0,2.55,1.55,0,0,0,0,17-Apr-17
OPTSTK,M&MFIN,25-May-17,180,PE,0,0,0,0.2,0,0,0,0,0,17-Apr-17
OPTSTK,M&MFIN,25-May-17,190,PE,0,0,0,0.35,0,0,0,0,0,17-Apr-17
OPTSTK,M&MFIN,25-May-17,200,PE,0,0,0,0.7,0,0,0,0,0,17-Apr-17
OPTSTK,M&MFIN,25-May-17,210,PE,0,0,0,1.2,0,0,0,0,0,17-Apr-17
OPTSTK,M&MFIN,25-May-17,220,PE,0,0,0,2,0,0,0,0,0,17-Apr-17
OPTSTK,M&MFIN,25-May-17,230,PE,0,0,0,3.2,0,0,0,0,0,17-Apr-17
OPTSTK,M&MFIN,25-May-17,240,PE,0,0,0,4.85,0.05,0,0,0,0,17-Apr-17
OPTSTK,M&MFIN,25-May-17,250,PE,0,0,0,7,0.05,0,0,0,0,17-Apr-17
OPTSTK,M&MFIN,25-May-17,260,PE,0,0,0,9.7,0.15,0,0,0,0,17-Apr-17
OPTSTK,M&MFIN,25-May-17,270,PE,0,0,0,13.05,0.35,0,0,0,0,17-Apr-17
OPTSTK,M&MFIN,25-May-17,280,PE,0,0,0,17.05,0.8,0,0,0,0,17-Apr-17
OPTSTK,M&MFIN,25-May-17,290,PE,0,0,0,21.7,1.55,0,0,0,0,17-Apr-17
OPTSTK,M&MFIN,25-May-17,300,PE,0,0,0,27,2.8,0,0,0,0,17-Apr-17
OPTSTK,M&MFIN,25-May-17,310,PE,0,0,0,32.9,4.8,0,0,0,0,17-Apr-17
OPTSTK,M&MFIN,25-May-17,320,PE,0,0,0,39.35,7.6,0,0,0,0,17-Apr-17
OPTSTK,M&MFIN,25-May-17,330,PE,0,0,0,46.3,11.35,0,0,0,0,17-Apr-17
OPTSTK,M&MFIN,25-May-17,340,PE,0,0,0,53.75,16.1,0,0,0,0,17-Apr-17
OPTSTK,M&MFIN,25-May-17,350,PE,0,0,0,61.6,21.85,0,0,0,0,17-Apr-17
OPTSTK,M&MFIN,25-May-17,360,PE,0,0,0,69.75,28.55,0,0,0,0,17-Apr-17
OPTSTK,M&MFIN,25-May-17,370,PE,0,0,0,78.25,36,0,0,0,0,17-Apr-17
OPTSTK,M&MFIN,25-May-17,380,PE,0,0,0,87,44.15,0,0,0,0,17-Apr-17
OPTSTK,M&MFIN,25-May-17,390,PE,0,0,0,95.95,52.8,0,0,0,0,17-Apr-17
OPTSTK,M&MFIN,25-May-17,400,PE,0,0,0,105.1,61.85,0,0,0,0,17-Apr-17
OPTSTK,M&MFIN,29-Jun-17,190,CE,0,0,0,128.15,149.5,0,0,0,0,17-Apr-17
OPTSTK,M&MFIN,29-Jun-17,200,CE,0,0,0,118.45,139.6,0,0,0,0,17-Apr-17
OPTSTK,M&MFIN,29-Jun-17,210,CE,0,0,0,108.85,129.75,0,0,0,0,17-Apr-17
OPTSTK,M&MFIN,29-Jun-17,220,CE,0,0,0,99.35,119.9,0,0,0,0,17-Apr-17
OPTSTK,M&MFIN,29-Jun-17,230,CE,0,0,0,90.1,110.1,0,0,0,0,17-Apr-17
OPTSTK,M&MFIN,29-Jun-17,240,CE,0,0,0,81.1,100.35,0,0,0,0,17-Apr-17
OPTSTK,M&MFIN,29-Jun-17,250,CE,0,0,0,72.5,90.75,0,0,0,0,17-Apr-17
OPTSTK,M&MFIN,29-Jun-17,260,CE,0,0,0,64.25,81.3,0,0,0,0,17-Apr-17
OPTSTK,M&MFIN,29-Jun-17,270,CE,0,0,0,56.5,72.1,0,0,0,0,17-Apr-17
OPTSTK,M&MFIN,29-Jun-17,280,CE,0,0,0,49.35,63.3,0,0,0,0,17-Apr-17
OPTSTK,M&MFIN,29-Jun-17,290,CE,0,0,0,42.7,54.9,0,0,0,0,17-Apr-17
OPTSTK,M&MFIN,29-Jun-17,300,CE,0,0,0,36.65,47.1,0,0,0,0,17-Apr-17
OPTSTK,M&MFIN,29-Jun-17,310,CE,0,0,0,31.25,39.9,0,0,0,0,17-Apr-17
OPTSTK,M&MFIN,29-Jun-17,320,CE,0,0,0,26.45,33.35,0,0,0,0,17-Apr-17
OPTSTK,M&MFIN,29-Jun-17,330,CE,0,0,0,22.2,27.55,0,0,0,0,17-Apr-17
OPTSTK,M&MFIN,29-Jun-17,340,CE,0,0,0,18.55,22.45,0,0,0,0,17-Apr-17
OPTSTK,M&MFIN,29-Jun-17,350,CE,0,0,0,15.35,18.1,0,0,0,0,17-Apr-17
OPTSTK,M&MFIN,29-Jun-17,360,CE,0,0,0,12.65,14.4,0,0,0,0,17-Apr-17
OPTSTK,M&MFIN,29-Jun-17,370,CE,0,0,0,10.4,11.35,0,0,0,0,17-Apr-17
OPTSTK,M&MFIN,29-Jun-17,380,CE,0,0,0,8.45,8.85,0,0,0,0,17-Apr-17
OPTSTK,M&MFIN,29-Jun-17,390,CE,0,0,0,6.85,6.8,0,0,0,0,17-Apr-17
OPTSTK,M&MFIN,29-Jun-17,400,CE,0,0,0,5.5,5.2,0,0,0,0,17-Apr-17
OPTSTK,M&MFIN,29-Jun-17,190,PE,0,0,0,0.15,0,0,0,0,0,17-Apr-17
OPTSTK,M&MFIN,29-Jun-17,200,PE,0,0,0,0.25,0.05,0,0,0,0,17-Apr-17
OPTSTK,M&MFIN,29-Jun-17,210,PE,0,0,0,0.45,0.05,0,0,0,0,17-Apr-17
OPTSTK,M&MFIN,29-Jun-17,220,PE,0,0,0,0.85,0.05,0,0,0,0,17-Apr-17
OPTSTK,M&MFIN,29-Jun-17,230,PE,0,0,0,1.4,0.15,0,0,0,0,17-Apr-17
OPTSTK,M&MFIN,29-Jun-17,240,PE,0,0,0,2.25,0.25,0,0,0,0,17-Apr-17
OPTSTK,M&MFIN,29-Jun-17,250,PE,0,0,0,3.45,0.5,0,0,0,0,17-Apr-17
OPTSTK,M&MFIN,29-Jun-17,260,PE,0,0,0,5.05,0.95,0,0,0,0,17-Apr-17
OPTSTK,M&MFIN,29-Jun-17,270,PE,0,0,0,7.15,1.65,0,0,0,0,17-Apr-17
OPTSTK,M&MFIN,29-Jun-17,280,PE,0,0,0,9.8,2.7,0,0,0,0,17-Apr-17
OPTSTK,M&MFIN,29-Jun-17,290,PE,0,0,0,13,4.15,0,0,0,0,17-Apr-17
OPTSTK,M&MFIN,29-Jun-17,300,PE,0,0,0,16.8,6.2,0,0,0,0,17-Apr-17
OPTSTK,M&MFIN,29-Jun-17,310,PE,0,0,0,21.25,8.9,0,0,0,0,17-Apr-17
OPTSTK,M&MFIN,29-Jun-17,320,PE,0,0,0,26.25,12.2,0,0,0,0,17-Apr-17
OPTSTK,M&MFIN,29-Jun-17,330,PE,0,0,0,31.85,16.3,0,0,0,0,17-Apr-17
OPTSTK,M&MFIN,29-Jun-17,340,PE,0,0,0,38.05,21.05,0,0,0,0,17-Apr-17
OPTSTK,M&MFIN,29-Jun-17,350,PE,0,0,0,44.7,26.55,0,0,0,0,17-Apr-17
OPTSTK,M&MFIN,29-Jun-17,360,PE,0,0,0,51.85,32.75,0,0,0,0,17-Apr-17
OPTSTK,M&MFIN,29-Jun-17,370,PE,0,0,0,59.35,39.55,0,0,0,0,17-Apr-17
OPTSTK,M&MFIN,29-Jun-17,380,PE,0,0,0,67.25,46.9,0,0,0,0,17-Apr-17
OPTSTK,M&MFIN,29-Jun-17,390,PE,0,0,0,75.5,54.75,0,0,0,0,17-Apr-17
OPTSTK,M&MFIN,29-Jun-17,400,PE,0,0,0,84,63,0,0,0,0,17-Apr-17
OPTSTK,MARICO,27-Apr-17,185,CE,0,0,0,73.95,116.3,0,0,0,0,17-Apr-17
OPTSTK,MARICO,27-Apr-17,190,CE,0,0,0,69.05,111.3,0,0,0,0,17-Apr-17
OPTSTK,MARICO,27-Apr-17,195,CE,0,0,0,64.15,106.3,0,0,0,0,17-Apr-17
OPTSTK,MARICO,27-Apr-17,200,CE,0,0,0,59.3,101.3,0,0,0,0,17-Apr-17
OPTSTK,MARICO,27-Apr-17,205,CE,0,0,0,54.5,96.35,0,0,0,0,17-Apr-17
OPTSTK,MARICO,27-Apr-17,210,CE,0,0,0,49.75,91.35,0,0,0,0,17-Apr-17
OPTSTK,MARICO,27-Apr-17,215,CE,0,0,0,45.1,86.35,0,0,0,0,17-Apr-17
OPTSTK,MARICO,27-Apr-17,220,CE,0,0,0,40.55,81.35,0,0,0,0,17-Apr-17
OPTSTK,MARICO,27-Apr-17,225,CE,0,0,0,36.2,76.35,0,0,0,0,17-Apr-17
OPTSTK,MARICO,27-Apr-17,230,CE,0,0,0,32,71.35,0,0,0,0,17-Apr-17
OPTSTK,MARICO,27-Apr-17,235,CE,0,0,0,28.05,66.4,0,0,0,0,17-Apr-17
OPTSTK,MARICO,27-Apr-17,240,CE,0,0,0,24.3,61.4,0,0,0,0,17-Apr-17
OPTSTK,MARICO,27-Apr-17,245,CE,0,0,0,20.85,56.4,0,0,0,0,17-Apr-17
OPTSTK,MARICO,27-Apr-17,250,CE,0,0,0,17.75,51.4,0,0,0,0,17-Apr-17
OPTSTK,MARICO,27-Apr-17,255,CE,0,0,0,14.9,46.4,0,0,0,0,17-Apr-17
OPTSTK,MARICO,27-Apr-17,260,CE,0,0,0,12.4,41.4,0,0,0,0,17-Apr-17
OPTSTK,MARICO,27-Apr-17,265,CE,0,0,0,10.2,36.45,0,0,0,0,17-Apr-17
OPTSTK,MARICO,27-Apr-17,270,CE,0,0,0,8.3,31.45,0,0,0,0,17-Apr-17
OPTSTK,MARICO,27-Apr-17,275,CE,0,0,0,6.7,26.45,0,0,0,0,17-Apr-17
OPTSTK,MARICO,27-Apr-17,280,CE,0,0,0,19.6,21.5,0,0,2600,0,17-Apr-17
OPTSTK,MARICO,27-Apr-17,285,CE,0,0,0,4.25,16.7,0,0,0,0,17-Apr-17
OPTSTK,MARICO,27-Apr-17,290,CE,0,0,0,12.9,12.15,0,0,44200,0,17-Apr-17
OPTSTK,MARICO,27-Apr-17,295,CE,0,0,0,8.55,8.15,0,0,0,0,17-Apr-17
OPTSTK,MARICO,27-Apr-17,300,CE,6.05,6.05,5.65,5.65,5.65,4,31.81,39000,-2600,17-Apr-17
OPTSTK,MARICO,27-Apr-17,305,CE,0,0,0,1.5,2.7,0,0,0,0,17-Apr-17
OPTSTK,MARICO,27-Apr-17,310,CE,0,0,0,2.3,1.3,0,0,78000,0,17-Apr-17
OPTSTK,MARICO,27-Apr-17,315,CE,0,0,0,0.85,0.55,0,0,0,0,17-Apr-17
OPTSTK,MARICO,27-Apr-17,320,CE,0,0,0,0.65,0.2,0,0,0,0,17-Apr-17
OPTSTK,MARICO,27-Apr-17,325,CE,0,0,0,1,0.1,0,0,2600,0,17-Apr-17
OPTSTK,MARICO,27-Apr-17,330,CE,0,0,0,0.35,0.05,0,0,0,0,17-Apr-17
OPTSTK,MARICO,27-Apr-17,335,CE,0,0,0,0.25,0,0,0,0,0,17-Apr-17
OPTSTK,MARICO,27-Apr-17,340,CE,0,0,0,0.2,0,0,0,0,0,17-Apr-17
OPTSTK,MARICO,27-Apr-17,345,CE,0,0,0,0.15,0,0,0,0,0,17-Apr-17
OPTSTK,MARICO,27-Apr-17,350,CE,0,0,0,0.1,0,0,0,0,0,17-Apr-17
OPTSTK,MARICO,27-Apr-17,355,CE,0,0,0,0.1,0,0,0,0,0,17-Apr-17
OPTSTK,MARICO,27-Apr-17,185,PE,0,0,0,0.05,0,0,0,0,0,17-Apr-17
OPTSTK,MARICO,27-Apr-17,190,PE,0,0,0,0.05,0,0,0,0,0,17-Apr-17
OPTSTK,MARICO,27-Apr-17,195,PE,0,0,0,0.1,0,0,0,0,0,17-Apr-17
OPTSTK,MARICO,27-Apr-17,200,PE,0,0,0,0.15,0,0,0,0,0,17-Apr-17
OPTSTK,MARICO,27-Apr-17,205,PE,0,0,0,0.25,0,0,0,0,0,17-Apr-17
OPTSTK,MARICO,27-Apr-17,210,PE,0,0,0,0.45,0,0,0,0,0,17-Apr-17
OPTSTK,MARICO,27-Apr-17,215,PE,0,0,0,0.7,0,0,0,0,0,17-Apr-17
OPTSTK,MARICO,27-Apr-17,220,PE,0,0,0,1.1,0,0,0,0,0,17-Apr-17
OPTSTK,MARICO,27-Apr-17,225,PE,0,0,0,1.65,0,0,0,0,0,17-Apr-17
OPTSTK,MARICO,27-Apr-17,230,PE,0,0,0,2.35,0,0,0,0,0,17-Apr-17
OPTSTK,MARICO,27-Apr-17,235,PE,0,0,0,3.3,0,0,0,0,0,17-Apr-17
OPTSTK,MARICO,27-Apr-17,240,PE,0,0,0,4.55,0,0,0,0,0,17-Apr-17
OPTSTK,MARICO,27-Apr-17,245,PE,0,0,0,6,0,0,0,0,0,17-Apr-17
OPTSTK,MARICO,27-Apr-17,250,PE,0,0,0,7.8,0,0,0,0,0,17-Apr-17
OPTSTK,MARICO,27-Apr-17,255,PE,0,0,0,9.9,0,0,0,0,0,17-Apr-17
OPTSTK,MARICO,27-Apr-17,260,PE,0,0,0,12.3,0,0,0,0,0,17-Apr-17
OPTSTK,MARICO,27-Apr-17,265,PE,0,0,0,15,0,0,0,0,0,17-Apr-17
OPTSTK,MARICO,27-Apr-17,270,PE,0,0,0,18.05,0,0,0,0,0,17-Apr-17
OPTSTK,MARICO,27-Apr-17,275,PE,0,0,0,21.35,0.05,0,0,0,0,17-Apr-17
OPTSTK,MARICO,27-Apr-17,280,PE,0,0,0,1.2,0.1,0,0,13000,0,17-Apr-17
OPTSTK,MARICO,27-Apr-17,285,PE,0,0,0,7.7,0.25,0,0,0,0,17-Apr-17
OPTSTK,MARICO,27-Apr-17,290,PE,0.65,0.65,0.65,0.65,0.65,1,7.55,36400,0,17-Apr-17
OPTSTK,MARICO,27-Apr-17,295,PE,0,0,0,36.85,1.7,0,0,0,0,17-Apr-17
OPTSTK,MARICO,27-Apr-17,300,PE,3,3.75,3,3.75,3.75,2,15.77,2600,0,17-Apr-17
OPTSTK,MARICO,27-Apr-17,305,PE,0,0,0,45.65,6.2,0,0,0,0,17-Apr-17
OPTSTK,MARICO,27-Apr-17,310,PE,0,0,0,13.2,9.8,0,0,2600,0,17-Apr-17
OPTSTK,MARICO,27-Apr-17,315,PE,0,0,0,54.8,14.05,0,0,0,0,17-Apr-17
OPTSTK,MARICO,27-Apr-17,320,PE,0,0,0,59.55,18.7,0,0,0,0,17-Apr-17
OPTSTK,MARICO,27-Apr-17,325,PE,0,0,0,64.3,23.55,0,0,0,0,17-Apr-17
OPTSTK,MARICO,27-Apr-17,330,PE,0,0,0,69.1,28.5,0,0,0,0,17-Apr-17
OPTSTK,MARICO,27-Apr-17,335,PE,0,0,0,73.9,33.5,0,0,0,0,17-Apr-17
OPTSTK,MARICO,27-Apr-17,340,PE,0,0,0,78.75,38.5,0,0,0,0,17-Apr-17
OPTSTK,MARICO,27-Apr-17,345,PE,0,0,0,83.6,43.45,0,0,0,0,17-Apr-17
OPTSTK,MARICO,27-Apr-17,350,PE,0,0,0,88.5,48.45,0,0,0,0,17-Apr-17
OPTSTK,MARICO,27-Apr-17,355,PE,0,0,0,93.4,53.45,0,0,0,0,17-Apr-17
OPTSTK,MARICO,25-May-17,185,CE,0,0,0,86.85,117.2,0,0,0,0,17-Apr-17
OPTSTK,MARICO,25-May-17,190,CE,0,0,0,81.95,112.25,0,0,0,0,17-Apr-17
OPTSTK,MARICO,25-May-17,195,CE,0,0,0,77.05,107.3,0,0,0,0,17-Apr-17
OPTSTK,MARICO,25-May-17,200,CE,0,0,0,72.15,102.3,0,0,0,0,17-Apr-17
OPTSTK,MARICO,25-May-17,205,CE,0,0,0,67.3,97.35,0,0,0,0,17-Apr-17
OPTSTK,MARICO,25-May-17,210,CE,0,0,0,62.5,92.4,0,0,0,0,17-Apr-17
OPTSTK,MARICO,25-May-17,215,CE,0,0,0,57.75,87.4,0,0,0,0,17-Apr-17
OPTSTK,MARICO,25-May-17,220,CE,0,0,0,53.1,82.45,0,0,0,0,17-Apr-17
OPTSTK,MARICO,25-May-17,225,CE,0,0,0,48.55,77.5,0,0,0,0,17-Apr-17
OPTSTK,MARICO,25-May-17,230,CE,0,0,0,44.1,72.5,0,0,0,0,17-Apr-17
OPTSTK,MARICO,25-May-17,235,CE,0,0,0,39.8,67.55,0,0,0,0,17-Apr-17
OPTSTK,MARICO,25-May-17,240,CE,0,0,0,35.7,62.6,0,0,0,0,17-Apr-17
OPTSTK,MARICO,25-May-17,245,CE,0,0,0,31.8,57.65,0,0,0,0,17-Apr-17
OPTSTK,MARICO,25-May-17,250,CE,0,0,0,28.1,52.65,0,0,0,0,17-Apr-17
OPTSTK,MARICO,25-May-17,255,CE,0,0,0,24.65,47.7,0,0,0,0,17-Apr-17
OPTSTK,MARICO,25-May-17,260,CE,0,0,0,21.5,42.8,0,0,0,0,17-Apr-17
OPTSTK,MARICO,25-May-17,265,CE,0,0,0,18.6,37.95,0,0,0,0,17-Apr-17
OPTSTK,MARICO,25-May-17,270,CE,0,0,0,15.95,33.15,0,0,0,0,17-Apr-17
OPTSTK,MARICO,25-May-17,275,CE,0,0,0,13.6,28.5,0,0,0,0,17-Apr-17
OPTSTK,MARICO,25-May-17,280,CE,0,0,0,11.5,24.05,0,0,0,0,17-Apr-17
OPTSTK,MARICO,25-May-17,285,CE,0,0,0,9.65,19.85,0,0,0,0,17-Apr-17
OPTSTK,MARICO,25-May-17,290,CE,0,0,0,8,16.05,0,0,0,0,17-Apr-17
OPTSTK,MARICO,25-May-17,295,CE,0,0,0,6.65,12.6,0,0,0,0,17-Apr-17
OPTSTK,MARICO,25-May-17,300,CE,0,0,0,5.45,9.65,0,0,0,0,17-Apr-17
OPTSTK,MARICO,25-May-17,305,CE,0,0,0,4.45,7.2,0,0,0,0,17-Apr-17
OPTSTK,MARICO,25-May-17,310,CE,0,0,0,3.6,5.2,0,0,0,0,17-Apr-17
OPTSTK,MARICO,25-May-17,315,CE,0,0,0,2.9,3.65,0,0,0,0,17-Apr-17
OPTSTK,MARICO,25-May-17,320,CE,0,0,0,2.3,2.5,0,0,0,0,17-Apr-17
OPTSTK,MARICO,25-May-17,325,CE,0,0,0,1.85,1.65,0,0,0,0,17-Apr-17
OPTSTK,MARICO,25-May-17,330,CE,0,0,0,1.45,1.05,0,0,0,0,17-Apr-17
OPTSTK,MARICO,25-May-17,335,CE,0,0,0,1.15,0.65,0,0,0,0,17-Apr-17
OPTSTK,MARICO,25-May-17,340,CE,0,0,0,0.9,0.4,0,0,0,0,17-Apr-17
OPTSTK,MARICO,25-May-17,345,CE,0,0,0,0.7,0.25,0,0,0,0,17-Apr-17
OPTSTK,MARICO,25-May-17,350,CE,0,0,0,0.55,0.15,0,0,0,0,17-Apr-17
OPTSTK,MARICO,25-May-17,355,CE,0,0,0,0.4,0.1,0,0,0,0,17-Apr-17
OPTSTK,MARICO,25-May-17,185,PE,0,0,0,0.05,0,0,0,0,0,17-Apr-17
OPTSTK,MARICO,25-May-17,190,PE,0,0,0,0.05,0,0,0,0,0,17-Apr-17
OPTSTK,MARICO,25-May-17,195,PE,0,0,0,0.1,0,0,0,0,0,17-Apr-17
OPTSTK,MARICO,25-May-17,200,PE,0,0,0,0.15,0,0,0,0,0,17-Apr-17
OPTSTK,MARICO,25-May-17,205,PE,0,0,0,0.2,0,0,0,0,0,17-Apr-17
OPTSTK,MARICO,25-May-17,210,PE,0,0,0,0.3,0,0,0,0,0,17-Apr-17
OPTSTK,MARICO,25-May-17,215,PE,0,0,0,0.5,0,0,0,0,0,17-Apr-17
OPTSTK,MARICO,25-May-17,220,PE,0,0,0,0.75,0,0,0,0,0,17-Apr-17
OPTSTK,MARICO,25-May-17,225,PE,0,0,0,1.1,0,0,0,0,0,17-Apr-17
OPTSTK,MARICO,25-May-17,230,PE,0,0,0,1.6,0,0,0,0,0,17-Apr-17
OPTSTK,MARICO,25-May-17,235,PE,0,0,0,2.2,0,0,0,0,0,17-Apr-17
OPTSTK,MARICO,25-May-17,240,PE,0,0,0,3.05,0,0,0,0,0,17-Apr-17
OPTSTK,MARICO,25-May-17,245,PE,0,0,0,4.05,0,0,0,0,0,17-Apr-17
OPTSTK,MARICO,25-May-17,250,PE,0,0,0,5.3,0.05,0,0,0,0,17-Apr-17
OPTSTK,MARICO,25-May-17,255,PE,0,0,0,6.75,0.05,0,0,0,0,17-Apr-17
OPTSTK,MARICO,25-May-17,260,PE,0,0,0,8.5,0.1,0,0,0,0,17-Apr-17
OPTSTK,MARICO,25-May-17,265,PE,0,0,0,10.55,0.2,0,0,0,0,17-Apr-17
OPTSTK,MARICO,25-May-17,270,PE,0,0,0,12.8,0.35,0,0,0,0,17-Apr-17
OPTSTK,MARICO,25-May-17,275,PE,0,0,0,15.35,0.7,0,0,0,0,17-Apr-17
OPTSTK,MARICO,25-May-17,280,PE,0,0,0,18.2,1.2,0,0,0,0,17-Apr-17
OPTSTK,MARICO,25-May-17,285,PE,0,0,0,21.25,2,0,0,0,0,17-Apr-17
OPTSTK,MARICO,25-May-17,290,PE,0,0,0,24.55,3.15,0,0,0,0,17-Apr-17
OPTSTK,MARICO,25-May-17,295,PE,0,0,0,28.1,4.65,0,0,0,0,17-Apr-17
OPTSTK,MARICO,25-May-17,300,PE,0,0,0,31.85,6.7,0,0,0,0,17-Apr-17
OPTSTK,MARICO,25-May-17,305,PE,0,0,0,35.75,9.2,0,0,0,0,17-Apr-17
OPTSTK,MARICO,25-May-17,310,PE,0,0,0,39.85,12.15,0,0,0,0,17-Apr-17
OPTSTK,MARICO,25-May-17,315,PE,0,0,0,44.05,15.6,0,0,0,0,17-Apr-17
OPTSTK,MARICO,25-May-17,320,PE,0,0,0,48.4,19.4,0,0,0,0,17-Apr-17
OPTSTK,MARICO,25-May-17,325,PE,0,0,0,52.85,23.5,0,0,0,0,17-Apr-17
OPTSTK,MARICO,25-May-17,330,PE,0,0,0,57.4,27.9,0,0,0,0,17-Apr-17
OPTSTK,MARICO,25-May-17,335,PE,0,0,0,62,32.45,0,0,0,0,17-Apr-17
OPTSTK,MARICO,25-May-17,340,PE,0,0,0,66.65,37.15,0,0,0,0,17-Apr-17
OPTSTK,MARICO,25-May-17,345,PE,0,0,0,71.4,41.95,0,0,0,0,17-Apr-17
OPTSTK,MARICO,25-May-17,350,PE,0,0,0,76.15,46.85,0,0,0,0,17-Apr-17
OPTSTK,MARICO,25-May-17,355,PE,0,0,0,80.95,51.75,0,0,0,0,17-Apr-17
OPTSTK,MARICO,29-Jun-17,195,CE,0,0,0,104.75,108.5,0,0,0,0,17-Apr-17
OPTSTK,MARICO,29-Jun-17,200,CE,0,0,0,99.85,103.55,0,0,0,0,17-Apr-17
OPTSTK,MARICO,29-Jun-17,205,CE,0,0,0,94.9,98.6,0,0,0,0,17-Apr-17
OPTSTK,MARICO,29-Jun-17,210,CE,0,0,0,90,93.7,0,0,0,0,17-Apr-17
OPTSTK,MARICO,29-Jun-17,215,CE,0,0,0,85.1,88.75,0,0,0,0,17-Apr-17
OPTSTK,MARICO,29-Jun-17,220,CE,0,0,0,80.25,83.8,0,0,0,0,17-Apr-17
OPTSTK,MARICO,29-Jun-17,225,CE,0,0,0,75.4,78.9,0,0,0,0,17-Apr-17
OPTSTK,MARICO,29-Jun-17,230,CE,0,0,0,70.6,73.95,0,0,0,0,17-Apr-17
OPTSTK,MARICO,29-Jun-17,235,CE,0,0,0,65.8,69.05,0,0,0,0,17-Apr-17
OPTSTK,MARICO,29-Jun-17,240,CE,0,0,0,61.1,64.1,0,0,0,0,17-Apr-17
OPTSTK,MARICO,29-Jun-17,245,CE,0,0,0,56.45,59.2,0,0,0,0,17-Apr-17
OPTSTK,MARICO,29-Jun-17,250,CE,0,0,0,51.95,54.35,0,0,0,0,17-Apr-17
OPTSTK,MARICO,29-Jun-17,255,CE,0,0,0,47.55,49.55,0,0,0,0,17-Apr-17
OPTSTK,MARICO,29-Jun-17,260,CE,0,0,0,43.25,44.8,0,0,0,0,17-Apr-17
OPTSTK,MARICO,29-Jun-17,265,CE,0,0,0,39.15,40.15,0,0,0,0,17-Apr-17
OPTSTK,MARICO,29-Jun-17,270,CE,0,0,0,35.25,35.65,0,0,0,0,17-Apr-17
OPTSTK,MARICO,29-Jun-17,275,CE,0,0,0,31.55,31.35,0,0,0,0,17-Apr-17
OPTSTK,MARICO,29-Jun-17,280,CE,0,0,0,28,27.25,0,0,0,0,17-Apr-17
OPTSTK,MARICO,29-Jun-17,285,CE,0,0,0,24.75,23.4,0,0,0,0,17-Apr-17
OPTSTK,MARICO,29-Jun-17,290,CE,0,0,0,21.75,19.85,0,0,0,0,17-Apr-17
OPTSTK,MARICO,29-Jun-17,295,CE,0,0,0,18.95,16.65,0,0,0,0,17-Apr-17
OPTSTK,MARICO,29-Jun-17,300,CE,0,0,0,16.45,13.75,0,0,0,0,17-Apr-17
OPTSTK,MARICO,29-Jun-17,305,CE,0,0,0,14.15,11.2,0,0,0,0,17-Apr-17
OPTSTK,MARICO,29-Jun-17,310,CE,0,0,0,12.1,9,0,0,0,0,17-Apr-17
OPTSTK,MARICO,29-Jun-17,315,CE,0,0,0,10.3,7.15,0,0,0,0,17-Apr-17
OPTSTK,MARICO,29-Jun-17,320,CE,0,0,0,8.7,5.6,0,0,0,0,17-Apr-17
OPTSTK,MARICO,29-Jun-17,325,CE,0,0,0,7.3,4.3,0,0,0,0,17-Apr-17
OPTSTK,MARICO,29-Jun-17,330,CE,0,0,0,6.15,3.25,0,0,0,0,17-Apr-17
OPTSTK,MARICO,29-Jun-17,335,CE,0,0,0,5.1,2.45,0,0,0,0,17-Apr-17
OPTSTK,MARICO,29-Jun-17,340,CE,0,0,0,4.2,1.8,0,0,0,0,17-Apr-17
OPTSTK,MARICO,29-Jun-17,345,CE,0,0,0,3.45,1.35,0,0,0,0,17-Apr-17
OPTSTK,MARICO,29-Jun-17,350,CE,0,0,0,2.8,0.95,0,0,0,0,17-Apr-17
OPTSTK,MARICO,29-Jun-17,355,CE,0,0,0,2.3,0.7,0,0,0,0,17-Apr-17
OPTSTK,MARICO,29-Jun-17,195,PE,0,0,0,0.05,0,0,0,0,0,17-Apr-17
OPTSTK,MARICO,29-Jun-17,200,PE,0,0,0,0.05,0,0,0,0,0,17-Apr-17
OPTSTK,MARICO,29-Jun-17,205,PE,0,0,0,0.05,0,0,0,0,0,17-Apr-17
OPTSTK,MARICO,29-Jun-17,210,PE,0,0,0,0.05,0,0,0,0,0,17-Apr-17
OPTSTK,MARICO,29-Jun-17,215,PE,0,0,0,0.1,0,0,0,0,0,17-Apr-17
OPTSTK,MARICO,29-Jun-17,220,PE,0,0,0,0.1,0,0,0,0,0,17-Apr-17
OPTSTK,MARICO,29-Jun-17,225,PE,0,0,0,0.2,0,0,0,0,0,17-Apr-17
OPTSTK,MARICO,29-Jun-17,230,PE,0,0,0,0.3,0.05,0,0,0,0,17-Apr-17
OPTSTK,MARICO,29-Jun-17,235,PE,0,0,0,0.45,0.05,0,0,0,0,17-Apr-17
OPTSTK,MARICO,29-Jun-17,240,PE,0,0,0,0.65,0.05,0,0,0,0,17-Apr-17
OPTSTK,MARICO,29-Jun-17,245,PE,0,0,0,0.95,0.1,0,0,0,0,17-Apr-17
OPTSTK,MARICO,29-Jun-17,250,PE,0,0,0,1.3,0.2,0,0,0,0,17-Apr-17
OPTSTK,MARICO,29-Jun-17,255,PE,0,0,0,1.8,0.3,0,0,0,0,17-Apr-17
OPTSTK,MARICO,29-Jun-17,260,PE,0,0,0,2.45,0.5,0,0,0,0,17-Apr-17
OPTSTK,MARICO,29-Jun-17,265,PE,0,0,0,3.3,0.8,0,0,0,0,17-Apr-17
OPTSTK,MARICO,29-Jun-17,270,PE,0,0,0,4.3,1.25,0,0,0,0,17-Apr-17
OPTSTK,MARICO,29-Jun-17,275,PE,0,0,0,5.5,1.85,0,0,0,0,17-Apr-17
OPTSTK,MARICO,29-Jun-17,280,PE,0,0,0,6.9,2.7,0,0,0,0,17-Apr-17
OPTSTK,MARICO,29-Jun-17,285,PE,0,0,0,8.55,3.8,0,0,0,0,17-Apr-17
OPTSTK,MARICO,29-Jun-17,290,PE,0,0,0,10.45,5.15,0,0,0,0,17-Apr-17
OPTSTK,MARICO,29-Jun-17,295,PE,0,0,0,12.6,6.85,0,0,0,0,17-Apr-17
OPTSTK,MARICO,29-Jun-17,300,PE,0,0,0,15,8.9,0,0,0,0,17-Apr-17
OPTSTK,MARICO,29-Jun-17,305,PE,0,0,0,17.6,11.3,0,0,0,0,17-Apr-17
OPTSTK,MARICO,29-Jun-17,310,PE,0,0,0,20.5,14.05,0,0,0,0,17-Apr-17
OPTSTK,MARICO,29-Jun-17,315,PE,0,0,0,23.6,17.1,0,0,0,0,17-Apr-17
OPTSTK,MARICO,29-Jun-17,320,PE,0,0,0,26.95,20.5,0,0,0,0,17-Apr-17
OPTSTK,MARICO,29-Jun-17,325,PE,0,0,0,30.45,24.15,0,0,0,0,17-Apr-17
OPTSTK,MARICO,29-Jun-17,330,PE,0,0,0,34.2,28.05,0,0,0,0,17-Apr-17
OPTSTK,MARICO,29-Jun-17,335,PE,0,0,0,38.05,32.2,0,0,0,0,17-Apr-17
OPTSTK,MARICO,29-Jun-17,340,PE,0,0,0,42.1,36.5,0,0,0,0,17-Apr-17
OPTSTK,MARICO,29-Jun-17,345,PE,0,0,0,46.25,40.9,0,0,0,0,17-Apr-17
OPTSTK,MARICO,29-Jun-17,350,PE,0,0,0,50.55,45.5,0,0,0,0,17-Apr-17
OPTSTK,MARICO,29-Jun-17,355,PE,0,0,0,54.95,50.15,0,0,0,0,17-Apr-17
OPTSTK,MARUTI,27-Apr-17,4800,CE,0,0,0,1166.45,1323.95,0,0,7650,0,17-Apr-17
OPTSTK,MARUTI,27-Apr-17,4850,CE,0,0,0,1044.1,1274,0,0,0,0,17-Apr-17
OPTSTK,MARUTI,27-Apr-17,4900,CE,0,0,0,997.75,1224.1,0,0,0,0,17-Apr-17
OPTSTK,MARUTI,27-Apr-17,4950,CE,0,0,0,951.95,1174.2,0,0,0,0,17-Apr-17
OPTSTK,MARUTI,27-Apr-17,5000,CE,0,0,0,981.6,1124.25,0,0,150,0,17-Apr-17
OPTSTK,MARUTI,27-Apr-17,5050,CE,0,0,0,862.2,1074.35,0,0,0,0,17-Apr-17
OPTSTK,MARUTI,27-Apr-17,5100,CE,0,0,0,945,1024.45,0,0,300,0,17-Apr-17
OPTSTK,MARUTI,27-Apr-17,5150,CE,0,0,0,775.45,974.55,0,0,0,0,17-Apr-17
OPTSTK,MARUTI,27-Apr-17,5200,CE,0,0,0,820,924.6,0,0,150,0,17-Apr-17
OPTSTK,MARUTI,27-Apr-17,5250,CE,0,0,0,692.2,874.7,0,0,0,0,17-Apr-17
OPTSTK,MARUTI,27-Apr-17,5300,CE,0,0,0,652.05,824.8,0,0,0,0,17-Apr-17
OPTSTK,MARUTI,27-Apr-17,5350,CE,0,0,0,613.05,774.9,0,0,0,0,17-Apr-17
OPTSTK,MARUTI,27-Apr-17,5400,CE,0,0,0,598,725.05,0,0,4500,0,17-Apr-17
OPTSTK,MARUTI,27-Apr-17,5450,CE,0,0,0,538.7,675.2,0,0,0,0,17-Apr-17
OPTSTK,MARUTI,27-Apr-17,5500,CE,0,0,0,838,625.4,0,0,750,0,17-Apr-17
OPTSTK,MARUTI,27-Apr-17,5550,CE,0,0,0,468.95,575.8,0,0,0,0,17-Apr-17
OPTSTK,MARUTI,27-Apr-17,5600,CE,0,0,0,593.4,526.4,0,0,7800,0,17-Apr-17
OPTSTK,MARUTI,27-Apr-17,5650,CE,0,0,0,380,477.45,0,0,150,0,17-Apr-17
OPTSTK,MARUTI,27-Apr-17,5700,CE,0,0,0,493.15,429.05,0,0,3150,0,17-Apr-17
OPTSTK,MARUTI,27-Apr-17,5750,CE,0,0,0,300,381.65,0,0,150,0,17-Apr-17
OPTSTK,MARUTI,27-Apr-17,5800,CE,277.1,298.75,274.95,298.75,298.75,4,36.49,2100,150,17-Apr-17
OPTSTK,MARUTI,27-Apr-17,5850,CE,0,0,0,344.25,291.1,0,0,300,0,17-Apr-17
OPTSTK,MARUTI,27-Apr-17,5900,CE,250,250,250,250,250,1,9.22,1050,0,17-Apr-17
OPTSTK,MARUTI,27-Apr-17,5950,CE,0,0,0,241.6,209.55,0,0,2250,0,17-Apr-17
OPTSTK,MARUTI,27-Apr-17,6000,CE,150,170,104.1,156.3,156.3,47,432.25,17550,750,17-Apr-17
OPTSTK,MARUTI,27-Apr-17,6050,CE,80,140,80,133,133,61,563.93,6150,900,17-Apr-17
OPTSTK,MARUTI,27-Apr-17,6100,CE,80.1,114.5,60.35,103.95,103.95,1170,10857.22,86400,6000,17-Apr-17
OPTSTK,MARUTI,27-Apr-17,6150,CE,66.6,88.2,42,79.2,79.2,370,3455.48,24450,5550,17-Apr-17
OPTSTK,MARUTI,27-Apr-17,6200,CE,41.8,67.3,32.85,59.85,59.85,2151,20175.03,153900,23400,17-Apr-17
OPTSTK,MARUTI,27-Apr-17,6250,CE,35.7,50.7,23.85,44.5,44.5,213,2009.93,36300,1350,17-Apr-17
OPTSTK,MARUTI,27-Apr-17,6300,CE,22.4,37.5,17.1,33.1,33.1,1718,16307.99,210150,-2250,17-Apr-17
OPTSTK,MARUTI,27-Apr-17,6350,CE,18.7,28.85,14.85,24.35,24.35,175,1672.95,74100,1350,17-Apr-17
OPTSTK,MARUTI,27-Apr-17,6400,CE,13.5,21.1,10,18.1,18.1,1289,12404.89,218700,4050,17-Apr-17
OPTSTK,MARUTI,27-Apr-17,6450,CE,5.5,19.9,5.2,11.7,11.7,20,193.85,13500,-450,17-Apr-17
OPTSTK,MARUTI,27-Apr-17,6500,CE,8.3,12,5.95,10.1,10.1,833,8133.02,179400,9750,17-Apr-17
OPTSTK,MARUTI,27-Apr-17,6550,CE,0,0,0,12,5.3,0,0,11400,0,17-Apr-17
OPTSTK,MARUTI,27-Apr-17,6600,CE,4.05,7,3.3,5.95,5.95,549,5439.58,111450,-5100,17-Apr-17
OPTSTK,MARUTI,27-Apr-17,6650,CE,4,4,4,4,4,2,19.96,600,300,17-Apr-17
OPTSTK,MARUTI,27-Apr-17,6700,CE,3.85,4.65,3.05,4.05,4.05,154,1548.58,79950,750,17-Apr-17
OPTSTK,MARUTI,27-Apr-17,6750,CE,0,0,0,12,0.75,0,0,0,0,17-Apr-17
OPTSTK,MARUTI,27-Apr-17,6800,CE,3,3,3,3,3,2,20.4,12600,0,17-Apr-17
OPTSTK,MARUTI,27-Apr-17,6850,CE,0,0,0,53.15,0.25,0,0,0,0,17-Apr-17
OPTSTK,MARUTI,27-Apr-17,4800,PE,0,0,0,9.55,0,0,0,0,0,17-Apr-17
OPTSTK,MARUTI,27-Apr-17,4850,PE,0,0,0,11.9,0,0,0,0,0,17-Apr-17
OPTSTK,MARUTI,27-Apr-17,4900,PE,0,0,0,14.75,0,0,0,0,0,17-Apr-17
OPTSTK,MARUTI,27-Apr-17,4950,PE,0,0,0,18.15,0,0,0,0,0,17-Apr-17
OPTSTK,MARUTI,27-Apr-17,5000,PE,0,0,0,22.1,0,0,0,0,0,17-Apr-17
OPTSTK,MARUTI,27-Apr-17,5050,PE,0,0,0,26.75,0,0,0,0,0,17-Apr-17
OPTSTK,MARUTI,27-Apr-17,5100,PE,0,0,0,32.15,0,0,0,0,0,17-Apr-17
OPTSTK,MARUTI,27-Apr-17,5150,PE,0,0,0,38.35,0,0,0,0,0,17-Apr-17
OPTSTK,MARUTI,27-Apr-17,5200,PE,0,0,0,45.4,0,0,0,0,0,17-Apr-17
OPTSTK,MARUTI,27-Apr-17,5250,PE,0,0,0,53.45,0,0,0,0,0,17-Apr-17
OPTSTK,MARUTI,27-Apr-17,5300,PE,0,0,0,62.5,0.05,0,0,0,0,17-Apr-17
OPTSTK,MARUTI,27-Apr-17,5350,PE,0,0,0,72.65,0.05,0,0,0,0,17-Apr-17
OPTSTK,MARUTI,27-Apr-17,5400,PE,0,0,0,1,0.1,0,0,6300,0,17-Apr-17
OPTSTK,MARUTI,27-Apr-17,5450,PE,0,0,0,96.65,0.15,0,0,0,0,17-Apr-17
OPTSTK,MARUTI,27-Apr-17,5500,PE,1.9,2,1.9,2,2,2,16.5,8250,-300,17-Apr-17
OPTSTK,MARUTI,27-Apr-17,5550,PE,0,0,0,41.15,0.6,0,0,150,0,17-Apr-17
OPTSTK,MARUTI,27-Apr-17,5600,PE,4,4,2.35,2.35,2.35,47,395.04,15000,900,17-Apr-17
OPTSTK,MARUTI,27-Apr-17,5650,PE,0,0,0,159.6,2.05,0,0,0,0,17-Apr-17
OPTSTK,MARUTI,27-Apr-17,5700,PE,4.4,9,3.55,3.8,3.8,264,2259.62,22500,-3000,17-Apr-17
OPTSTK,MARUTI,27-Apr-17,5750,PE,0,0,0,55,6.05,0,0,1200,0,17-Apr-17
OPTSTK,MARUTI,27-Apr-17,5800,PE,9.4,17.45,7.05,7.65,7.65,664,5788.13,42900,-4650,17-Apr-17
OPTSTK,MARUTI,27-Apr-17,5850,PE,20,20,20,20,20,1,8.8,2250,-150,17-Apr-17
OPTSTK,MARUTI,27-Apr-17,5900,PE,20.05,34.7,15.25,15.65,15.65,1256,11156.23,48000,10200,17-Apr-17
OPTSTK,MARUTI,27-Apr-17,5950,PE,26,45.5,20,22.05,22.05,128,1149.7,5550,-9000,17-Apr-17
OPTSTK,MARUTI,27-Apr-17,6000,PE,38,66.55,32.4,33.35,33.35,1287,11668.68,102600,5100,17-Apr-17
OPTSTK,MARUTI,27-Apr-17,6050,PE,61,85.9,47,48,48,108,989.98,14250,3600,17-Apr-17
OPTSTK,MARUTI,27-Apr-17,6100,PE,84.6,115,65,67.1,67.1,715,6627.48,71550,300,17-Apr-17
OPTSTK,MARUTI,27-Apr-17,6150,PE,93.2,132.5,87.8,90.55,90.55,108,1012.1,29100,-900,17-Apr-17
OPTSTK,MARUTI,27-Apr-17,6200,PE,139.75,172,115,119.75,119.75,81,769.57,123900,-300,17-Apr-17
OPTSTK,MARUTI,27-Apr-17,6250,PE,192.35,218.2,170.7,170.7,170.7,10,96.75,18750,-600,17-Apr-17
OPTSTK,MARUTI,27-Apr-17,6300,PE,251.75,272.45,189,208.55,208.55,46,450.41,18450,-3900,17-Apr-17
OPTSTK,MARUTI,27-Apr-17,6350,PE,299.3,299.3,226.6,235,235,6,59.53,5400,300,17-Apr-17
OPTSTK,MARUTI,27-Apr-17,6400,PE,338.6,338.6,338.6,338.6,338.6,2,20.21,5100,300,17-Apr-17
OPTSTK,MARUTI,27-Apr-17,6450,PE,0,0,0,260,335.5,0,0,150,0,17-Apr-17
OPTSTK,MARUTI,27-Apr-17,6500,PE,436.05,436.05,436.05,436.05,436.05,1,10.4,300,0,17-Apr-17
OPTSTK,MARUTI,27-Apr-17,6550,PE,0,0,0,712.2,428.3,0,0,0,0,17-Apr-17
OPTSTK,MARUTI,27-Apr-17,6600,PE,0,0,0,330,476.3,0,0,1500,0,17-Apr-17
OPTSTK,MARUTI,27-Apr-17,6650,PE,0,0,0,795.4,524.95,0,0,0,0,17-Apr-17
OPTSTK,MARUTI,27-Apr-17,6700,PE,0,0,0,686.3,574.05,0,0,3450,0,17-Apr-17
OPTSTK,MARUTI,27-Apr-17,6750,PE,0,0,0,881.4,623.45,0,0,0,0,17-Apr-17
OPTSTK,MARUTI,27-Apr-17,6800,PE,0,0,0,925.3,673.05,0,0,0,0,17-Apr-17
OPTSTK,MARUTI,27-Apr-17,6850,PE,0,0,0,878.15,722.75,0,0,0,0,17-Apr-17
OPTSTK,MARUTI,25-May-17,5050,CE,0,0,0,1080.3,1100.45,0,0,0,0,17-Apr-17
OPTSTK,MARUTI,25-May-17,5100,CE,0,0,0,1035,1051.2,0,0,0,0,17-Apr-17
OPTSTK,MARUTI,25-May-17,5150,CE,0,0,0,990.3,1002.1,0,0,0,0,17-Apr-17
OPTSTK,MARUTI,25-May-17,5200,CE,0,0,0,946.2,953.2,0,0,0,0,17-Apr-17
OPTSTK,MARUTI,25-May-17,5250,CE,0,0,0,902.85,904.55,0,0,0,0,17-Apr-17
OPTSTK,MARUTI,25-May-17,5300,CE,0,0,0,860.25,856.25,0,0,0,0,17-Apr-17
OPTSTK,MARUTI,25-May-17,5350,CE,0,0,0,818.45,808.4,0,0,0,0,17-Apr-17
OPTSTK,MARUTI,25-May-17,5400,CE,0,0,0,777.55,761.05,0,0,0,0,17-Apr-17
OPTSTK,MARUTI,25-May-17,5450,CE,0,0,0,737.55,714.3,0,0,0,0,17-Apr-17
OPTSTK,MARUTI,25-May-17,5500,CE,0,0,0,698.55,668.3,0,0,0,0,17-Apr-17
OPTSTK,MARUTI,25-May-17,5550,CE,0,0,0,660.55,623.2,0,0,0,0,17-Apr-17
OPTSTK,MARUTI,25-May-17,5600,CE,0,0,0,623.8,579.1,0,0,0,0,17-Apr-17
OPTSTK,MARUTI,25-May-17,5650,CE,0,0,0,587.95,536.1,0,0,0,0,17-Apr-17
OPTSTK,MARUTI,25-May-17,5700,CE,0,0,0,553.05,494.4,0,0,0,0,17-Apr-17
OPTSTK,MARUTI,25-May-17,5750,CE,0,0,0,519.6,454.1,0,0,0,0,17-Apr-17
OPTSTK,MARUTI,25-May-17,5800,CE,0,0,0,487.35,415.35,0,0,0,0,17-Apr-17
OPTSTK,MARUTI,25-May-17,5850,CE,0,0,0,456.35,378.45,0,0,0,0,17-Apr-17
OPTSTK,MARUTI,25-May-17,5900,CE,313.45,313.45,313.45,313.45,313.45,1,9.32,150,150,17-Apr-17
OPTSTK,MARUTI,25-May-17,5950,CE,0,0,0,398.15,309.5,0,0,0,0,17-Apr-17
OPTSTK,MARUTI,25-May-17,6000,CE,0,0,0,421.6,278,0,0,450,0,17-Apr-17
OPTSTK,MARUTI,25-May-17,6050,CE,0,0,0,345,248.55,0,0,0,0,17-Apr-17
OPTSTK,MARUTI,25-May-17,6100,CE,0,0,0,317.4,221.15,0,0,1050,0,17-Apr-17
OPTSTK,MARUTI,25-May-17,6150,CE,0,0,0,296.9,195.75,0,0,0,0,17-Apr-17
OPTSTK,MARUTI,25-May-17,6200,CE,144.75,150,140,149.2,149.2,12,114.23,1800,600,17-Apr-17
OPTSTK,MARUTI,25-May-17,6250,CE,0,0,0,253.8,151.15,0,0,0,0,17-Apr-17
OPTSTK,MARUTI,25-May-17,6300,CE,0,0,0,234.05,131.75,0,0,0,0,17-Apr-17
OPTSTK,MARUTI,25-May-17,6350,CE,0,0,0,215.5,114.3,0,0,0,0,17-Apr-17
OPTSTK,MARUTI,25-May-17,6400,CE,72.7,75,72.7,75,75,4,38.84,750,300,17-Apr-17
OPTSTK,MARUTI,25-May-17,6450,CE,0,0,0,181.7,84.65,0,0,0,0,17-Apr-17
OPTSTK,MARUTI,25-May-17,6500,CE,0,0,0,69,72.65,0,0,150,0,17-Apr-17
OPTSTK,MARUTI,25-May-17,6550,CE,0,0,0,106,61.5,0,0,300,0,17-Apr-17
OPTSTK,MARUTI,25-May-17,6600,CE,0,0,0,139,52,0,0,0,0,17-Apr-17
OPTSTK,MARUTI,25-May-17,6650,CE,0,0,0,72.15,43.75,0,0,150,0,17-Apr-17
OPTSTK,MARUTI,25-May-17,6700,CE,0,0,0,115.65,36.6,0,0,0,0,17-Apr-17
OPTSTK,MARUTI,25-May-17,6750,CE,0,0,0,104.9,30.45,0,0,0,0,17-Apr-17
OPTSTK,MARUTI,25-May-17,6800,CE,0,0,0,95.2,25.2,0,0,0,0,17-Apr-17
OPTSTK,MARUTI,25-May-17,6850,CE,0,0,0,86.25,20.8,0,0,0,0,17-Apr-17
OPTSTK,MARUTI,25-May-17,5050,PE,0,0,0,20.05,0.85,0,0,0,0,17-Apr-17
OPTSTK,MARUTI,25-May-17,5100,PE,0,0,0,23.95,1.25,0,0,0,0,17-Apr-17
OPTSTK,MARUTI,25-May-17,5150,PE,0,0,0,28.45,1.8,0,0,0,0,17-Apr-17
OPTSTK,MARUTI,25-May-17,5200,PE,0,0,0,33.6,2.6,0,0,0,0,17-Apr-17
OPTSTK,MARUTI,25-May-17,5250,PE,0,0,0,39.45,3.6,0,0,0,0,17-Apr-17
OPTSTK,MARUTI,25-May-17,5300,PE,0,0,0,46.1,5,0,0,0,0,17-Apr-17
OPTSTK,MARUTI,25-May-17,5350,PE,0,0,0,53.5,6.75,0,0,0,0,17-Apr-17
OPTSTK,MARUTI,25-May-17,5400,PE,0,0,0,61.8,9.05,0,0,0,0,17-Apr-17
OPTSTK,MARUTI,25-May-17,5450,PE,0,0,0,71.05,12,0,0,0,0,17-Apr-17
OPTSTK,MARUTI,25-May-17,5500,PE,0,0,0,81.25,15.7,0,0,0,0,17-Apr-17
OPTSTK,MARUTI,25-May-17,5550,PE,0,0,0,92.45,20.2,0,0,0,0,17-Apr-17
OPTSTK,MARUTI,25-May-17,5600,PE,21,22,21,21.8,21.8,11,92.75,1650,1650,17-Apr-17
OPTSTK,MARUTI,25-May-17,5650,PE,0,0,0,118.3,32.45,0,0,0,0,17-Apr-17
OPTSTK,MARUTI,25-May-17,5700,PE,0,0,0,132.6,40.4,0,0,0,0,17-Apr-17
OPTSTK,MARUTI,25-May-17,5750,PE,0,0,0,148.35,49.75,0,0,0,0,17-Apr-17
OPTSTK,MARUTI,25-May-17,5800,PE,0,0,0,49,60.7,0,0,150,0,17-Apr-17
OPTSTK,MARUTI,25-May-17,5850,PE,0,0,0,183.55,73.45,0,0,0,0,17-Apr-17
OPTSTK,MARUTI,25-May-17,5900,PE,0,0,0,72,87.55,0,0,450,0,17-Apr-17
OPTSTK,MARUTI,25-May-17,5950,PE,0,0,0,223.75,103.8,0,0,0,0,17-Apr-17
OPTSTK,MARUTI,25-May-17,6000,PE,99,99,99,99,99,1,9.14,450,150,17-Apr-17
OPTSTK,MARUTI,25-May-17,6050,PE,0,0,0,97,142.2,0,0,300,0,17-Apr-17
OPTSTK,MARUTI,25-May-17,6100,PE,147.85,147.85,133,133,133,12,112.33,1500,1500,17-Apr-17
OPTSTK,MARUTI,25-May-17,6150,PE,0,0,0,147.55,188.75,0,0,300,0,17-Apr-17
OPTSTK,MARUTI,25-May-17,6200,PE,198.7,198.7,198.7,198.7,198.7,2,19.19,1500,0,17-Apr-17
OPTSTK,MARUTI,25-May-17,6250,PE,0,0,0,194.1,243.45,0,0,300,0,17-Apr-17
OPTSTK,MARUTI,25-May-17,6300,PE,0,0,0,404.2,273.75,0,0,0,0,17-Apr-17
OPTSTK,MARUTI,25-May-17,6350,PE,0,0,0,434.85,305.95,0,0,0,0,17-Apr-17
OPTSTK,MARUTI,25-May-17,6400,PE,0,0,0,466.6,339.9,0,0,0,0,17-Apr-17
OPTSTK,MARUTI,25-May-17,6450,PE,0,0,0,499.5,375.6,0,0,0,0,17-Apr-17
OPTSTK,MARUTI,25-May-17,6500,PE,0,0,0,533.45,413.25,0,0,0,0,17-Apr-17
OPTSTK,MARUTI,25-May-17,6550,PE,0,0,0,568.45,451.8,0,0,0,0,17-Apr-17
OPTSTK,MARUTI,25-May-17,6600,PE,0,0,0,604.4,491.95,0,0,0,0,17-Apr-17
OPTSTK,MARUTI,25-May-17,6650,PE,0,0,0,641.65,533.35,0,0,0,0,17-Apr-17
OPTSTK,MARUTI,25-May-17,6700,PE,0,0,0,679.55,575.85,0,0,0,0,17-Apr-17
OPTSTK,MARUTI,25-May-17,6750,PE,0,0,0,718,619.4,0,0,0,0,17-Apr-17
OPTSTK,MARUTI,25-May-17,6800,PE,0,0,0,757.5,663.8,0,0,0,0,17-Apr-17
OPTSTK,MARUTI,25-May-17,6850,PE,0,0,0,797.75,709.05,0,0,0,0,17-Apr-17
OPTSTK,MARUTI,29-Jun-17,5050,CE,0,0,0,996.15,1138,0,0,0,0,17-Apr-17
OPTSTK,MARUTI,29-Jun-17,5100,CE,0,0,0,948.85,1090.55,0,0,0,0,17-Apr-17
OPTSTK,MARUTI,29-Jun-17,5150,CE,0,0,0,902,1043.5,0,0,0,0,17-Apr-17
OPTSTK,MARUTI,29-Jun-17,5200,CE,0,0,0,855.65,996.9,0,0,0,0,17-Apr-17
OPTSTK,MARUTI,29-Jun-17,5250,CE,0,0,0,809.95,950.85,0,0,0,0,17-Apr-17
OPTSTK,MARUTI,29-Jun-17,5300,CE,0,0,0,764.95,905.4,0,0,0,0,17-Apr-17
OPTSTK,MARUTI,29-Jun-17,5350,CE,0,0,0,720.7,860.55,0,0,0,0,17-Apr-17
OPTSTK,MARUTI,29-Jun-17,5400,CE,0,0,0,677.35,816.5,0,0,0,0,17-Apr-17
OPTSTK,MARUTI,29-Jun-17,5450,CE,0,0,0,635,773.2,0,0,0,0,17-Apr-17
OPTSTK,MARUTI,29-Jun-17,5500,CE,0,0,0,593.75,730.8,0,0,0,0,17-Apr-17
OPTSTK,MARUTI,29-Jun-17,5550,CE,0,0,0,553.6,689.35,0,0,0,0,17-Apr-17
OPTSTK,MARUTI,29-Jun-17,5600,CE,0,0,0,514.8,648.95,0,0,0,0,17-Apr-17
OPTSTK,MARUTI,29-Jun-17,5650,CE,0,0,0,477.3,609.65,0,0,0,0,17-Apr-17
OPTSTK,MARUTI,29-Jun-17,5700,CE,0,0,0,441.35,571.5,0,0,0,0,17-Apr-17
OPTSTK,MARUTI,29-Jun-17,5750,CE,0,0,0,406.55,534.8,0,0,0,0,17-Apr-17
OPTSTK,MARUTI,29-Jun-17,5800,CE,0,0,0,373.55,498.85,0,0,0,0,17-Apr-17
OPTSTK,MARUTI,29-Jun-17,5850,CE,0,0,0,342.2,464.55,0,0,0,0,17-Apr-17
OPTSTK,MARUTI,29-Jun-17,5900,CE,0,0,0,312.45,431.65,0,0,0,0,17-Apr-17
OPTSTK,MARUTI,29-Jun-17,5950,CE,0,0,0,284.4,400.15,0,0,0,0,17-Apr-17
OPTSTK,MARUTI,29-Jun-17,6000,CE,0,0,0,258,370.05,0,0,0,0,17-Apr-17
OPTSTK,MARUTI,29-Jun-17,6050,CE,0,0,0,233.3,341.45,0,0,0,0,17-Apr-17
OPTSTK,MARUTI,29-Jun-17,6100,CE,0,0,0,210.3,314.35,0,0,0,0,17-Apr-17
OPTSTK,MARUTI,29-Jun-17,6150,CE,0,0,0,188.9,288.65,0,0,0,0,17-Apr-17
OPTSTK,MARUTI,29-Jun-17,6200,CE,0,0,0,169.15,264.45,0,0,0,0,17-Apr-17
OPTSTK,MARUTI,29-Jun-17,6250,CE,0,0,0,150.95,241.7,0,0,0,0,17-Apr-17
OPTSTK,MARUTI,29-Jun-17,6300,CE,0,0,0,134.25,220.35,0,0,0,0,17-Apr-17
OPTSTK,MARUTI,29-Jun-17,6350,CE,0,0,0,119,200.45,0,0,0,0,17-Apr-17
OPTSTK,MARUTI,29-Jun-17,6400,CE,0,0,0,105.15,181.9,0,0,0,0,17-Apr-17
OPTSTK,MARUTI,29-Jun-17,6450,CE,0,0,0,92.9,164.65,0,0,0,0,17-Apr-17
OPTSTK,MARUTI,29-Jun-17,6500,CE,0,0,0,176.6,148.7,0,0,150,0,17-Apr-17
OPTSTK,MARUTI,29-Jun-17,6550,CE,0,0,0,71.2,133.95,0,0,0,0,17-Apr-17
OPTSTK,MARUTI,29-Jun-17,6600,CE,0,0,0,62.1,120.4,0,0,0,0,17-Apr-17
OPTSTK,MARUTI,29-Jun-17,6650,CE,0,0,0,54,108.25,0,0,0,0,17-Apr-17
OPTSTK,MARUTI,29-Jun-17,6700,CE,0,0,0,123.8,96.95,0,0,150,0,17-Apr-17
OPTSTK,MARUTI,29-Jun-17,6750,CE,0,0,0,40.4,86.3,0,0,0,0,17-Apr-17
OPTSTK,MARUTI,29-Jun-17,6800,CE,0,0,0,34.8,76.85,0,0,0,0,17-Apr-17
OPTSTK,MARUTI,29-Jun-17,6850,CE,0,0,0,29.85,68.3,0,0,0,0,17-Apr-17
OPTSTK,MARUTI,29-Jun-17,5050,PE,0,0,0,6.25,7.25,0,0,0,0,17-Apr-17
OPTSTK,MARUTI,29-Jun-17,5100,PE,0,0,0,8.15,9.15,0,0,0,0,17-Apr-17
OPTSTK,MARUTI,29-Jun-17,5150,PE,0,0,0,10.45,11.45,0,0,0,0,17-Apr-17
OPTSTK,MARUTI,29-Jun-17,5200,PE,0,0,0,13.3,14.2,0,0,0,0,17-Apr-17
OPTSTK,MARUTI,29-Jun-17,5250,PE,0,0,0,16.75,17.5,0,0,0,0,17-Apr-17
OPTSTK,MARUTI,29-Jun-17,5300,PE,0,0,0,20.95,21.35,0,0,0,0,17-Apr-17
OPTSTK,MARUTI,29-Jun-17,5350,PE,0,0,0,25.9,25.9,0,0,0,0,17-Apr-17
OPTSTK,MARUTI,29-Jun-17,5400,PE,0,0,0,31.7,31.2,0,0,0,0,17-Apr-17
OPTSTK,MARUTI,29-Jun-17,5450,PE,0,0,0,38.55,37.25,0,0,0,0,17-Apr-17
OPTSTK,MARUTI,29-Jun-17,5500,PE,0,0,0,46.45,44.2,0,0,0,0,17-Apr-17
OPTSTK,MARUTI,29-Jun-17,5550,PE,0,0,0,55.5,52.15,0,0,0,0,17-Apr-17
OPTSTK,MARUTI,29-Jun-17,5600,PE,0,0,0,65.8,61.1,0,0,0,0,17-Apr-17
OPTSTK,MARUTI,29-Jun-17,5650,PE,0,0,0,77.5,71.15,0,0,0,0,17-Apr-17
OPTSTK,MARUTI,29-Jun-17,5700,PE,0,0,0,90.75,82.35,0,0,0,0,17-Apr-17
OPTSTK,MARUTI,29-Jun-17,5750,PE,0,0,0,105.15,94.95,0,0,0,0,17-Apr-17
OPTSTK,MARUTI,29-Jun-17,5800,PE,0,0,0,121.3,108.4,0,0,0,0,17-Apr-17
OPTSTK,MARUTI,29-Jun-17,5850,PE,0,0,0,139.1,123.45,0,0,0,0,17-Apr-17
OPTSTK,MARUTI,29-Jun-17,5900,PE,0,0,0,158.55,139.9,0,0,0,0,17-Apr-17
OPTSTK,MARUTI,29-Jun-17,5950,PE,0,0,0,179.65,157.75,0,0,0,0,17-Apr-17
OPTSTK,MARUTI,29-Jun-17,6000,PE,0,0,0,202.45,177.05,0,0,0,0,17-Apr-17
OPTSTK,MARUTI,29-Jun-17,6050,PE,0,0,0,226.9,197.8,0,0,0,0,17-Apr-17
OPTSTK,MARUTI,29-Jun-17,6100,PE,0,0,0,253.1,220,0,0,0,0,17-Apr-17
OPTSTK,MARUTI,29-Jun-17,6150,PE,0,0,0,280.9,243.7,0,0,0,0,17-Apr-17
OPTSTK,MARUTI,29-Jun-17,6200,PE,0,0,0,310.3,268.8,0,0,0,0,17-Apr-17
OPTSTK,MARUTI,29-Jun-17,6250,PE,0,0,0,341.25,295.4,0,0,0,0,17-Apr-17
OPTSTK,MARUTI,29-Jun-17,6300,PE,0,0,0,373.75,323.45,0,0,0,0,17-Apr-17
OPTSTK,MARUTI,29-Jun-17,6350,PE,0,0,0,407.7,352.9,0,0,0,0,17-Apr-17
OPTSTK,MARUTI,29-Jun-17,6400,PE,0,0,0,443,383.65,0,0,0,0,17-Apr-17
OPTSTK,MARUTI,29-Jun-17,6450,PE,0,0,0,479.9,415.8,0,0,0,0,17-Apr-17
OPTSTK,MARUTI,29-Jun-17,6500,PE,0,0,0,517.55,449.2,0,0,0,0,17-Apr-17
OPTSTK,MARUTI,29-Jun-17,6550,PE,0,0,0,556.6,483.8,0,0,0,0,17-Apr-17
OPTSTK,MARUTI,29-Jun-17,6600,PE,0,0,0,596.65,519.6,0,0,0,0,17-Apr-17
OPTSTK,MARUTI,29-Jun-17,6650,PE,0,0,0,637.7,556.8,0,0,0,0,17-Apr-17
OPTSTK,MARUTI,29-Jun-17,6700,PE,0,0,0,679.7,594.85,0,0,0,0,17-Apr-17
OPTSTK,MARUTI,29-Jun-17,6750,PE,0,0,0,722.5,633.55,0,0,0,0,17-Apr-17
OPTSTK,MARUTI,29-Jun-17,6800,PE,0,0,0,766.05,673.5,0,0,0,0,17-Apr-17
OPTSTK,MARUTI,29-Jun-17,6850,PE,0,0,0,810.3,714.25,0,0,0,0,17-Apr-17
OPTSTK,MCDOWELL-N,27-Apr-17,1400,CE,0,0,0,819.4,527.3,0,0,0,0,17-Apr-17
OPTSTK,MCDOWELL-N,27-Apr-17,1450,CE,0,0,0,771.5,477.4,0,0,0,0,17-Apr-17
OPTSTK,MCDOWELL-N,27-Apr-17,1500,CE,0,0,0,724.15,427.5,0,0,0,0,17-Apr-17
OPTSTK,MCDOWELL-N,27-Apr-17,1550,CE,0,0,0,677.5,377.6,0,0,0,0,17-Apr-17
OPTSTK,MCDOWELL-N,27-Apr-17,1600,CE,0,0,0,631.75,327.85,0,0,0,0,17-Apr-17
OPTSTK,MCDOWELL-N,27-Apr-17,1650,CE,0,0,0,587,278.45,0,0,0,0,17-Apr-17
OPTSTK,MCDOWELL-N,27-Apr-17,1700,CE,0,0,0,543.45,229.95,0,0,0,0,17-Apr-17
OPTSTK,MCDOWELL-N,27-Apr-17,1750,CE,0,0,0,501.3,183.4,0,0,0,0,17-Apr-17
OPTSTK,MCDOWELL-N,27-Apr-17,1800,CE,135,140,135,140,140,7,33.91,2000,-1500,17-Apr-17
OPTSTK,MCDOWELL-N,27-Apr-17,1850,CE,84.8,97.7,84.15,97.7,97.7,12,58.32,22500,-2750,17-Apr-17
OPTSTK,MCDOWELL-N,27-Apr-17,1900,CE,52.7,64.5,48.7,58.4,58.4,272,1330.92,97750,-9000,17-Apr-17
OPTSTK,MCDOWELL-N,27-Apr-17,1950,CE,30,37,25.9,30,30,311,1540.62,90000,22000,17-Apr-17
OPTSTK,MCDOWELL-N,27-Apr-17,2000,CE,16.2,22.2,14.1,16.65,16.65,418,2108.3,87500,2250,17-Apr-17
OPTSTK,MCDOWELL-N,27-Apr-17,2050,CE,7.05,13,7.05,8.15,8.15,42,216.22,46250,1750,17-Apr-17
OPTSTK,MCDOWELL-N,27-Apr-17,2100,CE,7.3,8.6,5.1,6.15,6.15,202,1063.7,106000,-1000,17-Apr-17
OPTSTK,MCDOWELL-N,27-Apr-17,2150,CE,3.55,3.65,3.55,3.65,3.65,2,10.76,9250,-500,17-Apr-17
OPTSTK,MCDOWELL-N,27-Apr-17,2200,CE,3.5,4.05,2.9,3.4,3.4,84,462.71,80000,3500,17-Apr-17
OPTSTK,MCDOWELL-N,27-Apr-17,2250,CE,2.7,2.75,2.7,2.75,2.75,10,56.31,15250,-2000,17-Apr-17
OPTSTK,MCDOWELL-N,27-Apr-17,2300,CE,2.35,2.6,2.2,2.5,2.5,47,270.53,196500,250,17-Apr-17
OPTSTK,MCDOWELL-N,27-Apr-17,2350,CE,0,0,0,1.7,0.15,0,0,18750,0,17-Apr-17
OPTSTK,MCDOWELL-N,27-Apr-17,2400,CE,1.7,2.5,1.7,2.2,2.2,26,156.12,99750,250,17-Apr-17
OPTSTK,MCDOWELL-N,27-Apr-17,2450,CE,0,0,0,1.2,0.05,0,0,2500,0,17-Apr-17
OPTSTK,MCDOWELL-N,27-Apr-17,2500,CE,2,2,2,2,2,1,6.25,3750,0,17-Apr-17
OPTSTK,MCDOWELL-N,27-Apr-17,2550,CE,0,0,0,1,0,0,0,250,0,17-Apr-17
OPTSTK,MCDOWELL-N,27-Apr-17,2600,CE,0,0,0,3.5,0,0,0,250,0,17-Apr-17
OPTSTK,MCDOWELL-N,27-Apr-17,2650,CE,0,0,0,63.9,0,0,0,0,0,17-Apr-17
OPTSTK,MCDOWELL-N,27-Apr-17,2700,CE,0,0,0,55.35,0,0,0,0,0,17-Apr-17
OPTSTK,MCDOWELL-N,27-Apr-17,2750,CE,0,0,0,47.85,0,0,0,0,0,17-Apr-17
OPTSTK,MCDOWELL-N,27-Apr-17,2800,CE,0,0,0,41.3,0,0,0,0,0,17-Apr-17
OPTSTK,MCDOWELL-N,27-Apr-17,1400,PE,0,0,0,2.25,0,0,0,0,0,17-Apr-17
OPTSTK,MCDOWELL-N,27-Apr-17,1450,PE,0,0,0,3.55,0,0,0,0,0,17-Apr-17
OPTSTK,MCDOWELL-N,27-Apr-17,1500,PE,0,0,0,2,0.05,0,0,750,0,17-Apr-17
OPTSTK,MCDOWELL-N,27-Apr-17,1550,PE,1.5,2.6,1.5,2.6,2.6,10,38.8,5500,-500,17-Apr-17
OPTSTK,MCDOWELL-N,27-Apr-17,1600,PE,2.55,3.75,1.65,3.05,3.05,13,52.08,14000,-750,17-Apr-17
OPTSTK,MCDOWELL-N,27-Apr-17,1650,PE,5.05,5.9,2.2,4.2,4.2,11,45.45,16750,-250,17-Apr-17
OPTSTK,MCDOWELL-N,27-Apr-17,1700,PE,5.6,6.45,2.9,5.45,5.45,79,336.61,37000,-4500,17-Apr-17
OPTSTK,MCDOWELL-N,27-Apr-17,1750,PE,8,9,5.9,8.15,8.15,50,219.62,26000,-2500,17-Apr-17
OPTSTK,MCDOWELL-N,27-Apr-17,1800,PE,17.75,17.75,8.4,10.1,10.1,199,900.84,85250,-9750,17-Apr-17
OPTSTK,MCDOWELL-N,27-Apr-17,1850,PE,23,23.9,14.4,18.2,18.2,66,308.11,35250,-3000,17-Apr-17
OPTSTK,MCDOWELL-N,27-Apr-17,1900,PE,43.45,43.45,25,30,30,271,1308.22,84500,0,17-Apr-17
OPTSTK,MCDOWELL-N,27-Apr-17,1950,PE,62.1,65.75,47.3,51.6,51.6,43,215.38,19500,3750,17-Apr-17
OPTSTK,MCDOWELL-N,27-Apr-17,2000,PE,86,96.2,80.2,95.9,95.9,11,57.36,34500,-750,17-Apr-17
OPTSTK,MCDOWELL-N,27-Apr-17,2050,PE,126,126,126,126,126,4,21.76,73250,-1000,17-Apr-17
OPTSTK,MCDOWELL-N,27-Apr-17,2100,PE,175,175,175,175,175,2,11.37,12750,-500,17-Apr-17
OPTSTK,MCDOWELL-N,27-Apr-17,2150,PE,0,0,0,240,225.6,0,0,4000,0,17-Apr-17
OPTSTK,MCDOWELL-N,27-Apr-17,2200,PE,0,0,0,308.9,273.3,0,0,38000,0,17-Apr-17
OPTSTK,MCDOWELL-N,27-Apr-17,2250,PE,0,0,0,95,322.1,0,0,250,0,17-Apr-17
OPTSTK,MCDOWELL-N,27-Apr-17,2300,PE,0,0,0,152.8,371.5,0,0,1000,0,17-Apr-17
OPTSTK,MCDOWELL-N,27-Apr-17,2350,PE,0,0,0,260,421.2,0,0,0,0,17-Apr-17
OPTSTK,MCDOWELL-N,27-Apr-17,2400,PE,0,0,0,196,471.05,0,0,1000,0,17-Apr-17
OPTSTK,MCDOWELL-N,27-Apr-17,2450,PE,0,0,0,249.35,520.9,0,0,750,0,17-Apr-17
OPTSTK,MCDOWELL-N,27-Apr-17,2500,PE,0,0,0,455,570.8,0,0,750,0,17-Apr-17
OPTSTK,MCDOWELL-N,27-Apr-17,2550,PE,0,0,0,398.45,620.75,0,0,0,0,17-Apr-17
OPTSTK,MCDOWELL-N,27-Apr-17,2600,PE,0,0,0,436.8,670.65,0,0,0,0,17-Apr-17
OPTSTK,MCDOWELL-N,27-Apr-17,2650,PE,0,0,0,476.25,720.55,0,0,0,0,17-Apr-17
OPTSTK,MCDOWELL-N,27-Apr-17,2700,PE,0,0,0,516.9,770.45,0,0,0,0,17-Apr-17
OPTSTK,MCDOWELL-N,27-Apr-17,2750,PE,0,0,0,558.55,820.4,0,0,0,0,17-Apr-17
OPTSTK,MCDOWELL-N,27-Apr-17,2800,PE,0,0,0,900,870.3,0,0,0,0,17-Apr-17
OPTSTK,MCDOWELL-N,25-May-17,1450,CE,0,0,0,841.35,486.3,0,0,0,0,17-Apr-17
OPTSTK,MCDOWELL-N,25-May-17,1500,CE,0,0,0,843.65,438.2,0,0,0,0,17-Apr-17
OPTSTK,MCDOWELL-N,25-May-17,1550,CE,0,0,0,808.15,391.1,0,0,0,0,17-Apr-17
OPTSTK,MCDOWELL-N,25-May-17,1600,CE,0,0,0,760.3,345.4,0,0,0,0,17-Apr-17
OPTSTK,MCDOWELL-N,25-May-17,1650,CE,0,0,0,713,301.65,0,0,0,0,17-Apr-17
OPTSTK,MCDOWELL-N,25-May-17,1700,CE,0,0,0,666.4,260.3,0,0,0,0,17-Apr-17
OPTSTK,MCDOWELL-N,25-May-17,1750,CE,0,0,0,620.7,221.85,0,0,0,0,17-Apr-17
OPTSTK,MCDOWELL-N,25-May-17,1800,CE,0,0,0,576.05,186.45,0,0,0,0,17-Apr-17
OPTSTK,MCDOWELL-N,25-May-17,1850,CE,0,0,0,532.6,154.7,0,0,0,0,17-Apr-17
OPTSTK,MCDOWELL-N,25-May-17,1900,CE,100,100,100,100,100,1,5,750,250,17-Apr-17
OPTSTK,MCDOWELL-N,25-May-17,1950,CE,0,0,0,450.05,102.2,0,0,0,0,17-Apr-17
OPTSTK,MCDOWELL-N,25-May-17,2000,CE,0,0,0,60,81.4,0,0,2000,0,17-Apr-17
OPTSTK,MCDOWELL-N,25-May-17,2050,CE,0,0,0,70,63.95,0,0,750,0,17-Apr-17
OPTSTK,MCDOWELL-N,25-May-17,2100,CE,0,0,0,80.85,49.6,0,0,250,0,17-Apr-17
OPTSTK,MCDOWELL-N,25-May-17,2150,CE,0,0,0,306.4,38.05,0,0,0,0,17-Apr-17
OPTSTK,MCDOWELL-N,25-May-17,2200,CE,0,0,0,275.6,28.8,0,0,0,0,17-Apr-17
OPTSTK,MCDOWELL-N,25-May-17,2250,CE,0,0,0,246.9,21.5,0,0,0,0,17-Apr-17
OPTSTK,MCDOWELL-N,25-May-17,2300,CE,0,0,0,220.35,15.9,0,0,0,0,17-Apr-17
OPTSTK,MCDOWELL-N,25-May-17,2350,CE,0,0,0,195.9,11.6,0,0,0,0,17-Apr-17
OPTSTK,MCDOWELL-N,25-May-17,2400,CE,0,0,0,173.55,8.4,0,0,0,0,17-Apr-17
OPTSTK,MCDOWELL-N,25-May-17,2450,CE,0,0,0,153.15,6,0,0,0,0,17-Apr-17
OPTSTK,MCDOWELL-N,25-May-17,2500,CE,0,0,0,6,4.25,0,0,500,0,17-Apr-17
OPTSTK,MCDOWELL-N,25-May-17,2550,CE,0,0,0,118.1,3,0,0,0,0,17-Apr-17
OPTSTK,MCDOWELL-N,25-May-17,2600,CE,0,0,0,103.15,2.1,0,0,0,0,17-Apr-17
OPTSTK,MCDOWELL-N,25-May-17,2650,CE,0,0,0,89.8,1.45,0,0,0,0,17-Apr-17
OPTSTK,MCDOWELL-N,25-May-17,2700,CE,0,0,0,78.1,1,0,0,0,0,17-Apr-17
OPTSTK,MCDOWELL-N,25-May-17,2750,CE,0,0,0,67.65,0.7,0,0,0,0,17-Apr-17
OPTSTK,MCDOWELL-N,25-May-17,2800,CE,0,0,0,58.3,0.45,0,0,0,0,17-Apr-17
OPTSTK,MCDOWELL-N,25-May-17,1450,PE,0,0,0,0.2,1.7,0,0,0,0,17-Apr-17
OPTSTK,MCDOWELL-N,25-May-17,1500,PE,0,0,0,1.3,3.2,0,0,0,0,17-Apr-17
OPTSTK,MCDOWELL-N,25-May-17,1550,PE,0,0,0,2.5,5.8,0,0,0,0,17-Apr-17
OPTSTK,MCDOWELL-N,25-May-17,1600,PE,0,0,0,3.85,9.8,0,0,0,0,17-Apr-17
OPTSTK,MCDOWELL-N,25-May-17,1650,PE,0,0,0,5.75,15.7,0,0,0,0,17-Apr-17
OPTSTK,MCDOWELL-N,25-May-17,1700,PE,0,0,0,8.4,23.95,0,0,0,0,17-Apr-17
OPTSTK,MCDOWELL-N,25-May-17,1750,PE,0,0,0,11.9,35.2,0,0,0,0,17-Apr-17
OPTSTK,MCDOWELL-N,25-May-17,1800,PE,0,0,0,16.45,49.45,0,0,0,0,17-Apr-17
OPTSTK,MCDOWELL-N,25-May-17,1850,PE,0,0,0,22.2,67.35,0,0,0,0,17-Apr-17
OPTSTK,MCDOWELL-N,25-May-17,1900,PE,0,0,0,29.35,88.95,0,0,0,0,17-Apr-17
OPTSTK,MCDOWELL-N,25-May-17,1950,PE,0,0,0,38.1,114.2,0,0,0,0,17-Apr-17
OPTSTK,MCDOWELL-N,25-May-17,2000,PE,0,0,0,48.55,143.05,0,0,0,0,17-Apr-17
OPTSTK,MCDOWELL-N,25-May-17,2050,PE,0,0,0,60.9,175.3,0,0,0,0,17-Apr-17
OPTSTK,MCDOWELL-N,25-May-17,2100,PE,0,0,0,75.1,210.6,0,0,0,0,17-Apr-17
OPTSTK,MCDOWELL-N,25-May-17,2150,PE,0,0,0,91.3,248.7,0,0,0,0,17-Apr-17
OPTSTK,MCDOWELL-N,25-May-17,2200,PE,0,0,0,109.7,289.1,0,0,0,0,17-Apr-17
OPTSTK,MCDOWELL-N,25-May-17,2250,PE,0,0,0,130.25,331.5,0,0,0,0,17-Apr-17
OPTSTK,MCDOWELL-N,25-May-17,2300,PE,0,0,0,152.9,375.55,0,0,0,0,17-Apr-17
OPTSTK,MCDOWELL-N,25-May-17,2350,PE,0,0,0,177.7,420.95,0,0,0,0,17-Apr-17
OPTSTK,MCDOWELL-N,25-May-17,2400,PE,0,0,0,204.55,467.35,0,0,0,0,17-Apr-17
OPTSTK,MCDOWELL-N,25-May-17,2450,PE,0,0,0,233.4,514.65,0,0,0,0,17-Apr-17
OPTSTK,MCDOWELL-N,25-May-17,2500,PE,0,0,0,264.15,562.55,0,0,0,0,17-Apr-17
OPTSTK,MCDOWELL-N,25-May-17,2550,PE,0,0,0,296.7,610.95,0,0,0,0,17-Apr-17
OPTSTK,MCDOWELL-N,25-May-17,2600,PE,0,0,0,331,659.7,0,0,0,0,17-Apr-17
OPTSTK,MCDOWELL-N,25-May-17,2650,PE,0,0,0,366.9,708.7,0,0,0,0,17-Apr-17
OPTSTK,MCDOWELL-N,25-May-17,2700,PE,0,0,0,404.4,757.95,0,0,0,0,17-Apr-17
OPTSTK,MCDOWELL-N,25-May-17,2750,PE,0,0,0,443.15,807.3,0,0,0,0,17-Apr-17
OPTSTK,MCDOWELL-N,25-May-17,2800,PE,0,0,0,483.05,856.75,0,0,0,0,17-Apr-17
OPTSTK,MCDOWELL-N,29-Jun-17,1450,CE,0,0,0,768.2,502.6,0,0,0,0,17-Apr-17
OPTSTK,MCDOWELL-N,29-Jun-17,1500,CE,0,0,0,719.25,457.75,0,0,0,0,17-Apr-17
OPTSTK,MCDOWELL-N,29-Jun-17,1550,CE,0,0,0,670.45,414.45,0,0,0,0,17-Apr-17
OPTSTK,MCDOWELL-N,29-Jun-17,1600,CE,0,0,0,621.95,372.9,0,0,0,0,17-Apr-17
OPTSTK,MCDOWELL-N,29-Jun-17,1650,CE,0,0,0,573.85,333.45,0,0,0,0,17-Apr-17
OPTSTK,MCDOWELL-N,29-Jun-17,1700,CE,0,0,0,526.45,296.35,0,0,0,0,17-Apr-17
OPTSTK,MCDOWELL-N,29-Jun-17,1750,CE,0,0,0,479.9,261.55,0,0,0,0,17-Apr-17
OPTSTK,MCDOWELL-N,29-Jun-17,1800,CE,0,0,0,434.5,229.5,0,0,0,0,17-Apr-17
OPTSTK,MCDOWELL-N,29-Jun-17,1850,CE,0,0,0,390.6,200.05,0,0,0,0,17-Apr-17
OPTSTK,MCDOWELL-N,29-Jun-17,1900,CE,0,0,0,348.45,173.35,0,0,0,0,17-Apr-17
OPTSTK,MCDOWELL-N,29-Jun-17,1950,CE,0,0,0,308.45,149.25,0,0,0,0,17-Apr-17
OPTSTK,MCDOWELL-N,29-Jun-17,2000,CE,0,0,0,270.85,127.75,0,0,0,0,17-Apr-17
OPTSTK,MCDOWELL-N,29-Jun-17,2050,CE,0,0,0,235.65,108.75,0,0,0,0,17-Apr-17
OPTSTK,MCDOWELL-N,29-Jun-17,2100,CE,0,0,0,203.4,92,0,0,0,0,17-Apr-17
OPTSTK,MCDOWELL-N,29-Jun-17,2150,CE,0,0,0,174.1,77.45,0,0,0,0,17-Apr-17
OPTSTK,MCDOWELL-N,29-Jun-17,2200,CE,0,0,0,147.7,64.95,0,0,0,0,17-Apr-17
OPTSTK,MCDOWELL-N,29-Jun-17,2250,CE,0,0,0,124.25,54.15,0,0,0,0,17-Apr-17
OPTSTK,MCDOWELL-N,29-Jun-17,2300,CE,0,0,0,103.65,44.85,0,0,0,0,17-Apr-17
OPTSTK,MCDOWELL-N,29-Jun-17,2350,CE,0,0,0,85.75,37.05,0,0,0,0,17-Apr-17
OPTSTK,MCDOWELL-N,29-Jun-17,2400,CE,0,0,0,70.35,30.45,0,0,0,0,17-Apr-17
OPTSTK,MCDOWELL-N,29-Jun-17,2450,CE,0,0,0,57.4,24.95,0,0,0,0,17-Apr-17
OPTSTK,MCDOWELL-N,29-Jun-17,2500,CE,0,0,0,46.35,20.3,0,0,0,0,17-Apr-17
OPTSTK,MCDOWELL-N,29-Jun-17,2550,CE,0,0,0,37.15,16.5,0,0,0,0,17-Apr-17
OPTSTK,MCDOWELL-N,29-Jun-17,2600,CE,0,0,0,29.6,13.35,0,0,0,0,17-Apr-17
OPTSTK,MCDOWELL-N,29-Jun-17,2650,CE,0,0,0,23.4,10.75,0,0,0,0,17-Apr-17
OPTSTK,MCDOWELL-N,29-Jun-17,2700,CE,0,0,0,18.35,8.65,0,0,0,0,17-Apr-17
OPTSTK,MCDOWELL-N,29-Jun-17,2750,CE,0,0,0,14.35,6.95,0,0,0,0,17-Apr-17
OPTSTK,MCDOWELL-N,29-Jun-17,2800,CE,0,0,0,11.1,5.55,0,0,0,0,17-Apr-17
OPTSTK,MCDOWELL-N,29-Jun-17,1450,PE,0,0,0,0.2,9,0,0,0,0,17-Apr-17
OPTSTK,MCDOWELL-N,29-Jun-17,1500,PE,0,0,0,0.4,13.5,0,0,0,0,17-Apr-17
OPTSTK,MCDOWELL-N,29-Jun-17,1550,PE,0,0,0,0.8,19.55,0,0,0,0,17-Apr-17
OPTSTK,MCDOWELL-N,29-Jun-17,1600,PE,0,0,0,1.45,27.4,0,0,0,0,17-Apr-17
OPTSTK,MCDOWELL-N,29-Jun-17,1650,PE,0,0,0,2.55,37.3,0,0,0,0,17-Apr-17
OPTSTK,MCDOWELL-N,29-Jun-17,1700,PE,0,0,0,4.3,49.55,0,0,0,0,17-Apr-17
OPTSTK,MCDOWELL-N,29-Jun-17,1750,PE,0,0,0,6.95,64.1,0,0,0,0,17-Apr-17
OPTSTK,MCDOWELL-N,29-Jun-17,1800,PE,0,0,0,10.75,81.4,0,0,0,0,17-Apr-17
OPTSTK,MCDOWELL-N,29-Jun-17,1850,PE,0,0,0,16,101.3,0,0,0,0,17-Apr-17
OPTSTK,MCDOWELL-N,29-Jun-17,1900,PE,0,0,0,23.05,123.95,0,0,0,0,17-Apr-17
OPTSTK,MCDOWELL-N,29-Jun-17,1950,PE,0,0,0,32.15,149.2,0,0,0,0,17-Apr-17
OPTSTK,MCDOWELL-N,29-Jun-17,2000,PE,0,0,0,43.75,177.1,0,0,0,0,17-Apr-17
OPTSTK,MCDOWELL-N,29-Jun-17,2050,PE,0,0,0,57.75,207.4,0,0,0,0,17-Apr-17
OPTSTK,MCDOWELL-N,29-Jun-17,2100,PE,0,0,0,74.7,240.05,0,0,0,0,17-Apr-17
OPTSTK,MCDOWELL-N,29-Jun-17,2150,PE,0,0,0,94.55,274.8,0,0,0,0,17-Apr-17
OPTSTK,MCDOWELL-N,29-Jun-17,2200,PE,0,0,0,117.35,311.7,0,0,0,0,17-Apr-17
OPTSTK,MCDOWELL-N,29-Jun-17,2250,PE,0,0,0,143.05,350.25,0,0,0,0,17-Apr-17
OPTSTK,MCDOWELL-N,29-Jun-17,2300,PE,0,0,0,171.65,390.3,0,0,0,0,17-Apr-17
OPTSTK,MCDOWELL-N,29-Jun-17,2350,PE,0,0,0,202.9,431.85,0,0,0,0,17-Apr-17
OPTSTK,MCDOWELL-N,29-Jun-17,2400,PE,0,0,0,236.7,474.6,0,0,0,0,17-Apr-17
OPTSTK,MCDOWELL-N,29-Jun-17,2450,PE,0,0,0,272.9,518.45,0,0,0,0,17-Apr-17
OPTSTK,MCDOWELL-N,29-Jun-17,2500,PE,0,0,0,311,563.2,0,0,0,0,17-Apr-17
OPTSTK,MCDOWELL-N,29-Jun-17,2550,PE,0,0,0,351,608.7,0,0,0,0,17-Apr-17
OPTSTK,MCDOWELL-N,29-Jun-17,2600,PE,0,0,0,392.6,654.9,0,0,0,0,17-Apr-17
OPTSTK,MCDOWELL-N,29-Jun-17,2650,PE,0,0,0,435.6,701.7,0,0,0,0,17-Apr-17
OPTSTK,MCDOWELL-N,29-Jun-17,2700,PE,0,0,0,479.75,748.95,0,0,0,0,17-Apr-17
OPTSTK,MCDOWELL-N,29-Jun-17,2750,PE,0,0,0,524.85,796.55,0,0,0,0,17-Apr-17
OPTSTK,MCDOWELL-N,29-Jun-17,2800,PE,0,0,0,570.85,844.55,0,0,0,0,17-Apr-17
OPTSTK,MFSL,27-Apr-17,470,CE,0,0,0,105.15,190.1,0,0,0,0,17-Apr-17
OPTSTK,MFSL,27-Apr-17,480,CE,0,0,0,95.3,180.1,0,0,0,0,17-Apr-17
OPTSTK,MFSL,27-Apr-17,490,CE,0,0,0,85.5,170.1,0,0,0,0,17-Apr-17
OPTSTK,MFSL,27-Apr-17,500,CE,0,0,0,75.9,160.15,0,0,0,0,17-Apr-17
OPTSTK,MFSL,27-Apr-17,510,CE,0,0,0,66.5,150.15,0,0,0,0,17-Apr-17
OPTSTK,MFSL,27-Apr-17,520,CE,0,0,0,57.45,140.2,0,0,0,0,17-Apr-17
OPTSTK,MFSL,27-Apr-17,530,CE,0,0,0,48.85,130.2,0,0,0,0,17-Apr-17
OPTSTK,MFSL,27-Apr-17,540,CE,0,0,0,40.85,120.2,0,0,0,0,17-Apr-17
OPTSTK,MFSL,27-Apr-17,550,CE,0,0,0,59.3,110.25,0,0,1000,0,17-Apr-17
OPTSTK,MFSL,27-Apr-17,560,CE,0,0,0,26.9,100.3,0,0,0,0,17-Apr-17
OPTSTK,MFSL,27-Apr-17,570,CE,0,0,0,38.45,90.4,0,0,2000,0,17-Apr-17
OPTSTK,MFSL,27-Apr-17,580,CE,0,0,0,55.2,80.55,0,0,106000,0,17-Apr-17
OPTSTK,MFSL,27-Apr-17,590,CE,0,0,0,79,70.9,0,0,20000,0,17-Apr-17
OPTSTK,MFSL,27-Apr-17,600,CE,0,0,0,60.45,61.45,0,0,399000,0,17-Apr-17
OPTSTK,MFSL,27-Apr-17,610,CE,0,0,0,58.4,52.35,0,0,33000,0,17-Apr-17
OPTSTK,MFSL,27-Apr-17,620,CE,45.2,52,45.2,48.15,48.15,55,368.06,80000,36000,17-Apr-17
OPTSTK,MFSL,27-Apr-17,630,CE,0,0,0,29.05,35.75,0,0,42000,0,17-Apr-17
OPTSTK,MFSL,27-Apr-17,640,CE,33,33,33,33,33,1,6.73,119000,0,17-Apr-17
OPTSTK,MFSL,27-Apr-17,650,CE,0,0,0,22.75,22.2,0,0,44000,0,17-Apr-17
OPTSTK,MFSL,27-Apr-17,660,CE,15,21,14.5,18.75,18.75,22,148.95,62000,-3000,17-Apr-17
OPTSTK,MFSL,27-Apr-17,670,CE,14.25,16,13.5,14.05,14.05,10,68.43,63000,5000,17-Apr-17
OPTSTK,MFSL,27-Apr-17,680,CE,9.5,12.6,8.5,10.1,10.1,27,186.52,83000,6000,17-Apr-17
OPTSTK,MFSL,27-Apr-17,690,CE,7.1,8.5,6.45,6.45,6.45,9,62.8,19000,4000,17-Apr-17
OPTSTK,MFSL,27-Apr-17,700,CE,4.5,6.7,3.4,4.8,4.8,16,112.78,56000,-4000,17-Apr-17
OPTSTK,MFSL,27-Apr-17,710,CE,0,0,0,5.55,2.75,0,0,11000,0,17-Apr-17
OPTSTK,MFSL,27-Apr-17,720,CE,2,2,2,2,2,9,64.98,19000,-6000,17-Apr-17
OPTSTK,MFSL,27-Apr-17,730,CE,0,0,0,0.05,1.1,0,0,0,0,17-Apr-17
OPTSTK,MFSL,27-Apr-17,740,CE,0,0,0,0.05,0.65,0,0,0,0,17-Apr-17
OPTSTK,MFSL,27-Apr-17,750,CE,0,0,0,0.05,0.4,0,0,0,0,17-Apr-17
OPTSTK,MFSL,27-Apr-17,760,CE,0,0,0,0.05,0.25,0,0,0,0,17-Apr-17
OPTSTK,MFSL,27-Apr-17,470,PE,0,0,0,0.1,0,0,0,0,0,17-Apr-17
OPTSTK,MFSL,27-Apr-17,480,PE,0,0,0,0.2,0,0,0,0,0,17-Apr-17
OPTSTK,MFSL,27-Apr-17,490,PE,0,0,0,0.4,0,0,0,0,0,17-Apr-17
OPTSTK,MFSL,27-Apr-17,500,PE,0,0,0,0.7,0,0,0,0,0,17-Apr-17
OPTSTK,MFSL,27-Apr-17,510,PE,0,0,0,1.3,0,0,0,0,0,17-Apr-17
OPTSTK,MFSL,27-Apr-17,520,PE,0,0,0,2.2,0,0,0,0,0,17-Apr-17
OPTSTK,MFSL,27-Apr-17,530,PE,0,0,0,1,0,0,0,9000,0,17-Apr-17
OPTSTK,MFSL,27-Apr-17,540,PE,0,0,0,4.5,0.05,0,0,4000,0,17-Apr-17
OPTSTK,MFSL,27-Apr-17,550,PE,0,0,0,0.5,0.05,0,0,9000,0,17-Apr-17
OPTSTK,MFSL,27-Apr-17,560,PE,0,0,0,1.2,0.05,0,0,201000,0,17-Apr-17
OPTSTK,MFSL,27-Apr-17,570,PE,0,0,0,2,0.15,0,0,11000,0,17-Apr-17
OPTSTK,MFSL,27-Apr-17,580,PE,1.5,1.5,0.85,0.85,0.85,2,11.62,92000,1000,17-Apr-17
OPTSTK,MFSL,27-Apr-17,590,PE,0,0,0,3.85,0.6,0,0,23000,0,17-Apr-17
OPTSTK,MFSL,27-Apr-17,600,PE,2,2,2,2,2,1,6.02,163000,1000,17-Apr-17
OPTSTK,MFSL,27-Apr-17,610,PE,4,4,3.5,4,4,5,30.69,33000,-1000,17-Apr-17
OPTSTK,MFSL,27-Apr-17,620,PE,5.9,7,5,7,7,12,75.11,32000,-4000,17-Apr-17
OPTSTK,MFSL,27-Apr-17,630,PE,9.4,9.4,6.15,8,8,6,38.24,20000,0,17-Apr-17
OPTSTK,MFSL,27-Apr-17,640,PE,10.5,13.4,10,10.05,10.05,4,26.03,47000,2000,17-Apr-17
OPTSTK,MFSL,27-Apr-17,650,PE,12,12,12,12,12,1,6.62,43000,0,17-Apr-17
OPTSTK,MFSL,27-Apr-17,660,PE,14.5,17.95,14.5,17.95,17.95,2,13.52,29000,-1000,17-Apr-17
OPTSTK,MFSL,27-Apr-17,670,PE,0,0,0,25,22,0,0,14000,0,17-Apr-17
OPTSTK,MFSL,27-Apr-17,680,PE,0,0,0,32,28.45,0,0,11000,0,17-Apr-17
OPTSTK,MFSL,27-Apr-17,690,PE,0,0,0,114.1,35.75,0,0,0,0,17-Apr-17
OPTSTK,MFSL,27-Apr-17,700,PE,0,0,0,47,43.7,0,0,5000,0,17-Apr-17
OPTSTK,MFSL,27-Apr-17,710,PE,0,0,0,133.85,52.25,0,0,0,0,17-Apr-17
OPTSTK,MFSL,27-Apr-17,720,PE,0,0,0,143.8,61.25,0,0,0,0,17-Apr-17
OPTSTK,MFSL,27-Apr-17,730,PE,0,0,0,153.7,70.55,0,0,0,0,17-Apr-17
OPTSTK,MFSL,27-Apr-17,740,PE,0,0,0,163.65,80.1,0,0,0,0,17-Apr-17
OPTSTK,MFSL,27-Apr-17,750,PE,0,0,0,173.6,89.85,0,0,0,0,17-Apr-17
OPTSTK,MFSL,27-Apr-17,760,PE,0,0,0,183.55,99.65,0,0,0,0,17-Apr-17
OPTSTK,MFSL,25-May-17,470,CE,0,0,0,108.3,192.5,0,0,0,0,17-Apr-17
OPTSTK,MFSL,25-May-17,480,CE,0,0,0,98.85,182.6,0,0,0,0,17-Apr-17
OPTSTK,MFSL,25-May-17,490,CE,0,0,0,89.65,172.75,0,0,0,0,17-Apr-17
OPTSTK,MFSL,25-May-17,500,CE,0,0,0,80.65,162.9,0,0,0,0,17-Apr-17
OPTSTK,MFSL,25-May-17,510,CE,0,0,0,72.05,153.1,0,0,0,0,17-Apr-17
OPTSTK,MFSL,25-May-17,520,CE,0,0,0,63.8,143.4,0,0,0,0,17-Apr-17
OPTSTK,MFSL,25-May-17,530,CE,0,0,0,56,133.8,0,0,0,0,17-Apr-17
OPTSTK,MFSL,25-May-17,540,CE,0,0,0,48.75,124.35,0,0,0,0,17-Apr-17
OPTSTK,MFSL,25-May-17,550,CE,0,0,0,41.95,115.05,0,0,0,0,17-Apr-17
OPTSTK,MFSL,25-May-17,560,CE,0,0,0,35.8,105.9,0,0,0,0,17-Apr-17
OPTSTK,MFSL,25-May-17,570,CE,0,0,0,30.3,97.05,0,0,0,0,17-Apr-17
OPTSTK,MFSL,25-May-17,580,CE,0,0,0,25.35,88.45,0,0,0,0,17-Apr-17
OPTSTK,MFSL,25-May-17,590,CE,0,0,0,21,80.2,0,0,0,0,17-Apr-17
OPTSTK,MFSL,25-May-17,600,CE,0,0,0,17.2,72.3,0,0,0,0,17-Apr-17
OPTSTK,MFSL,25-May-17,610,CE,0,0,0,14,64.8,0,0,0,0,17-Apr-17
OPTSTK,MFSL,25-May-17,620,CE,0,0,0,4.55,57.7,0,0,2000,0,17-Apr-17
OPTSTK,MFSL,25-May-17,630,CE,0,0,0,8.95,51.1,0,0,0,0,17-Apr-17
OPTSTK,MFSL,25-May-17,640,CE,0,0,0,7.1,45,0,0,0,0,17-Apr-17
OPTSTK,MFSL,25-May-17,650,CE,0,0,0,5.55,39.35,0,0,0,0,17-Apr-17
OPTSTK,MFSL,25-May-17,660,CE,0,0,0,4.3,34.2,0,0,0,0,17-Apr-17
OPTSTK,MFSL,25-May-17,670,CE,0,0,0,3.3,29.55,0,0,0,0,17-Apr-17
OPTSTK,MFSL,25-May-17,680,CE,0,0,0,2.5,25.35,0,0,0,0,17-Apr-17
OPTSTK,MFSL,25-May-17,690,CE,0,0,0,1.9,21.6,0,0,0,0,17-Apr-17
OPTSTK,MFSL,25-May-17,700,CE,0,0,0,1.4,18.3,0,0,0,0,17-Apr-17
OPTSTK,MFSL,25-May-17,710,CE,0,0,0,1.05,15.45,0,0,0,0,17-Apr-17
OPTSTK,MFSL,25-May-17,720,CE,0,0,0,0.8,12.95,0,0,0,0,17-Apr-17
OPTSTK,MFSL,25-May-17,730,CE,0,0,0,0.55,10.75,0,0,0,0,17-Apr-17
OPTSTK,MFSL,25-May-17,740,CE,0,0,0,0.4,8.9,0,0,0,0,17-Apr-17
OPTSTK,MFSL,25-May-17,750,CE,0,0,0,0.3,7.35,0,0,0,0,17-Apr-17
OPTSTK,MFSL,25-May-17,760,CE,0,0,0,0.25,6,0,0,0,0,17-Apr-17
OPTSTK,MFSL,25-May-17,470,PE,0,0,0,0.8,0.05,0,0,0,0,17-Apr-17
OPTSTK,MFSL,25-May-17,480,PE,0,0,0,1.25,0.1,0,0,0,0,17-Apr-17
OPTSTK,MFSL,25-May-17,490,PE,0,0,0,1.95,0.2,0,0,0,0,17-Apr-17
OPTSTK,MFSL,25-May-17,500,PE,0,0,0,2.9,0.3,0,0,0,0,17-Apr-17
OPTSTK,MFSL,25-May-17,510,PE,0,0,0,4.15,0.45,0,0,0,0,17-Apr-17
OPTSTK,MFSL,25-May-17,520,PE,0,0,0,5.8,0.65,0,0,0,0,17-Apr-17
OPTSTK,MFSL,25-May-17,530,PE,0,0,0,7.9,1,0,0,0,0,17-Apr-17
OPTSTK,MFSL,25-May-17,540,PE,0,0,0,10.55,1.45,0,0,0,0,17-Apr-17
OPTSTK,MFSL,25-May-17,550,PE,0,0,0,13.65,2.05,0,0,0,0,17-Apr-17
OPTSTK,MFSL,25-May-17,560,PE,0,0,0,17.4,2.9,0,0,0,0,17-Apr-17
OPTSTK,MFSL,25-May-17,570,PE,0,0,0,21.75,3.95,0,0,0,0,17-Apr-17
OPTSTK,MFSL,25-May-17,580,PE,0,0,0,26.75,5.3,0,0,0,0,17-Apr-17
OPTSTK,MFSL,25-May-17,590,PE,0,0,0,32.3,6.95,0,0,0,0,17-Apr-17
OPTSTK,MFSL,25-May-17,600,PE,0,0,0,38.4,9,0,0,0,0,17-Apr-17
OPTSTK,MFSL,25-May-17,610,PE,0,0,0,45.05,11.45,0,0,0,0,17-Apr-17
OPTSTK,MFSL,25-May-17,620,PE,0,0,0,52.25,14.3,0,0,0,0,17-Apr-17
OPTSTK,MFSL,25-May-17,630,PE,0,0,0,59.85,17.6,0,0,0,0,17-Apr-17
OPTSTK,MFSL,25-May-17,640,PE,0,0,0,67.85,21.4,0,0,0,0,17-Apr-17
OPTSTK,MFSL,25-May-17,650,PE,0,0,0,76.2,25.7,0,0,0,0,17-Apr-17
OPTSTK,MFSL,25-May-17,660,PE,0,0,0,84.85,30.5,0,0,0,0,17-Apr-17
OPTSTK,MFSL,25-May-17,670,PE,0,0,0,93.75,35.75,0,0,0,0,17-Apr-17
OPTSTK,MFSL,25-May-17,680,PE,0,0,0,102.9,41.5,0,0,0,0,17-Apr-17
OPTSTK,MFSL,25-May-17,690,PE,0,0,0,112.15,47.7,0,0,0,0,17-Apr-17
OPTSTK,MFSL,25-May-17,700,PE,0,0,0,121.6,54.35,0,0,0,0,17-Apr-17
OPTSTK,MFSL,25-May-17,710,PE,0,0,0,131.15,61.4,0,0,0,0,17-Apr-17
OPTSTK,MFSL,25-May-17,720,PE,0,0,0,140.75,68.85,0,0,0,0,17-Apr-17
OPTSTK,MFSL,25-May-17,730,PE,0,0,0,150.45,76.6,0,0,0,0,17-Apr-17
OPTSTK,MFSL,25-May-17,740,PE,0,0,0,160.2,84.65,0,0,0,0,17-Apr-17
OPTSTK,MFSL,25-May-17,750,PE,0,0,0,169.95,93,0,0,0,0,17-Apr-17
OPTSTK,MFSL,25-May-17,760,PE,0,0,0,179.8,101.6,0,0,0,0,17-Apr-17
OPTSTK,MFSL,29-Jun-17,470,CE,0,0,0,112.8,196.05,0,0,0,0,17-Apr-17
OPTSTK,MFSL,29-Jun-17,480,CE,0,0,0,103.85,186.45,0,0,0,0,17-Apr-17
OPTSTK,MFSL,29-Jun-17,490,CE,0,0,0,95.15,176.95,0,0,0,0,17-Apr-17
OPTSTK,MFSL,29-Jun-17,500,CE,0,0,0,86.8,167.55,0,0,0,0,17-Apr-17
OPTSTK,MFSL,29-Jun-17,510,CE,0,0,0,78.75,158.25,0,0,0,0,17-Apr-17
OPTSTK,MFSL,29-Jun-17,520,CE,0,0,0,71.05,149.15,0,0,0,0,17-Apr-17
OPTSTK,MFSL,29-Jun-17,530,CE,0,0,0,63.8,140.2,0,0,0,0,17-Apr-17
OPTSTK,MFSL,29-Jun-17,540,CE,0,0,0,56.95,131.45,0,0,0,0,17-Apr-17
OPTSTK,MFSL,29-Jun-17,550,CE,0,0,0,50.55,122.9,0,0,0,0,17-Apr-17
OPTSTK,MFSL,29-Jun-17,560,CE,0,0,0,44.6,114.6,0,0,0,0,17-Apr-17
OPTSTK,MFSL,29-Jun-17,570,CE,0,0,0,39.2,106.55,0,0,0,0,17-Apr-17
OPTSTK,MFSL,29-Jun-17,580,CE,0,0,0,34.2,98.8,0,0,0,0,17-Apr-17
OPTSTK,MFSL,29-Jun-17,590,CE,0,0,0,29.7,91.35,0,0,0,0,17-Apr-17
OPTSTK,MFSL,29-Jun-17,600,CE,0,0,0,25.65,84.2,0,0,0,0,17-Apr-17
OPTSTK,MFSL,29-Jun-17,610,CE,0,0,0,22,77.4,0,0,0,0,17-Apr-17
OPTSTK,MFSL,29-Jun-17,620,CE,0,0,0,18.8,70.9,0,0,0,0,17-Apr-17
OPTSTK,MFSL,29-Jun-17,630,CE,0,0,0,15.95,64.8,0,0,0,0,17-Apr-17
OPTSTK,MFSL,29-Jun-17,640,CE,0,0,0,13.5,59.05,0,0,0,0,17-Apr-17
OPTSTK,MFSL,29-Jun-17,650,CE,0,0,0,11.35,53.65,0,0,0,0,17-Apr-17
OPTSTK,MFSL,29-Jun-17,660,CE,0,0,0,9.5,48.6,0,0,0,0,17-Apr-17
OPTSTK,MFSL,29-Jun-17,670,CE,0,0,0,7.9,43.9,0,0,0,0,17-Apr-17
OPTSTK,MFSL,29-Jun-17,680,CE,0,0,0,6.55,39.55,0,0,0,0,17-Apr-17
OPTSTK,MFSL,29-Jun-17,690,CE,0,0,0,5.4,35.5,0,0,0,0,17-Apr-17
OPTSTK,MFSL,29-Jun-17,700,CE,0,0,0,4.45,31.8,0,0,0,0,17-Apr-17
OPTSTK,MFSL,29-Jun-17,710,CE,0,0,0,3.65,28.4,0,0,0,0,17-Apr-17
OPTSTK,MFSL,29-Jun-17,720,CE,0,0,0,2.95,25.3,0,0,0,0,17-Apr-17
OPTSTK,MFSL,29-Jun-17,730,CE,0,0,0,2.4,22.5,0,0,0,0,17-Apr-17
OPTSTK,MFSL,29-Jun-17,740,CE,0,0,0,1.95,20,0,0,0,0,17-Apr-17
OPTSTK,MFSL,29-Jun-17,750,CE,0,0,0,1.55,17.7,0,0,0,0,17-Apr-17
OPTSTK,MFSL,29-Jun-17,760,CE,0,0,0,1.25,15.6,0,0,0,0,17-Apr-17
OPTSTK,MFSL,29-Jun-17,470,PE,0,0,0,2.35,0.7,0,0,0,0,17-Apr-17
OPTSTK,MFSL,29-Jun-17,480,PE,0,0,0,3.25,1,0,0,0,0,17-Apr-17
OPTSTK,MFSL,29-Jun-17,490,PE,0,0,0,4.4,1.35,0,0,0,0,17-Apr-17
OPTSTK,MFSL,29-Jun-17,500,PE,0,0,0,5.85,1.8,0,0,0,0,17-Apr-17
OPTSTK,MFSL,29-Jun-17,510,PE,0,0,0,7.65,2.4,0,0,0,0,17-Apr-17
OPTSTK,MFSL,29-Jun-17,520,PE,0,0,0,9.8,3.15,0,0,0,0,17-Apr-17
OPTSTK,MFSL,29-Jun-17,530,PE,0,0,0,12.35,4.1,0,0,0,0,17-Apr-17
OPTSTK,MFSL,29-Jun-17,540,PE,0,0,0,15.35,5.2,0,0,0,0,17-Apr-17
OPTSTK,MFSL,29-Jun-17,550,PE,0,0,0,18.75,6.55,0,0,0,0,17-Apr-17
OPTSTK,MFSL,29-Jun-17,560,PE,0,0,0,22.7,8.1,0,0,0,0,17-Apr-17
OPTSTK,MFSL,29-Jun-17,570,PE,0,0,0,27.1,9.95,0,0,0,0,17-Apr-17
OPTSTK,MFSL,29-Jun-17,580,PE,0,0,0,31.95,12.05,0,0,0,0,17-Apr-17
OPTSTK,MFSL,29-Jun-17,590,PE,0,0,0,37.25,14.5,0,0,0,0,17-Apr-17
OPTSTK,MFSL,29-Jun-17,600,PE,0,0,0,43.05,17.2,0,0,0,0,17-Apr-17
OPTSTK,MFSL,29-Jun-17,610,PE,0,0,0,49.25,20.25,0,0,0,0,17-Apr-17
OPTSTK,MFSL,29-Jun-17,620,PE,0,0,0,55.85,23.65,0,0,0,0,17-Apr-17
OPTSTK,MFSL,29-Jun-17,630,PE,0,0,0,62.9,27.4,0,0,0,0,17-Apr-17
OPTSTK,MFSL,29-Jun-17,640,PE,0,0,0,70.25,31.55,0,0,0,0,17-Apr-17
OPTSTK,MFSL,29-Jun-17,650,PE,0,0,0,77.95,36,0,0,0,0,17-Apr-17
OPTSTK,MFSL,29-Jun-17,660,PE,0,0,0,85.9,40.85,0,0,0,0,17-Apr-17
OPTSTK,MFSL,29-Jun-17,670,PE,0,0,0,94.15,46,0,0,0,0,17-Apr-17
OPTSTK,MFSL,29-Jun-17,680,PE,0,0,0,102.65,51.5,0,0,0,0,17-Apr-17
OPTSTK,MFSL,29-Jun-17,690,PE,0,0,0,111.35,57.35,0,0,0,0,17-Apr-17
OPTSTK,MFSL,29-Jun-17,700,PE,0,0,0,120.2,63.55,0,0,0,0,17-Apr-17
OPTSTK,MFSL,29-Jun-17,710,PE,0,0,0,129.25,70,0,0,0,0,17-Apr-17
OPTSTK,MFSL,29-Jun-17,720,PE,0,0,0,138.4,76.75,0,0,0,0,17-Apr-17
OPTSTK,MFSL,29-Jun-17,730,PE,0,0,0,147.65,83.85,0,0,0,0,17-Apr-17
OPTSTK,MFSL,29-Jun-17,740,PE,0,0,0,157.05,91.15,0,0,0,0,17-Apr-17
OPTSTK,MFSL,29-Jun-17,750,PE,0,0,0,166.5,98.75,0,0,0,0,17-Apr-17
OPTSTK,MFSL,29-Jun-17,760,PE,0,0,0,176,106.5,0,0,0,0,17-Apr-17
OPTSTK,MINDTREE,27-Apr-17,320,CE,0,0,0,147.2,116.8,0,0,0,0,17-Apr-17
OPTSTK,MINDTREE,27-Apr-17,330,CE,0,0,0,124.85,106.8,0,0,0,0,17-Apr-17
OPTSTK,MINDTREE,27-Apr-17,340,CE,0,0,0,128.05,96.8,0,0,0,0,17-Apr-17
OPTSTK,MINDTREE,27-Apr-17,350,CE,0,0,0,104.95,86.85,0,0,0,0,17-Apr-17
OPTSTK,MINDTREE,27-Apr-17,360,CE,0,0,0,109.45,76.85,0,0,0,0,17-Apr-17
OPTSTK,MINDTREE,27-Apr-17,370,CE,0,0,0,85.05,66.85,0,0,0,0,17-Apr-17
OPTSTK,MINDTREE,27-Apr-17,380,CE,0,0,0,91.7,56.9,0,0,0,0,17-Apr-17
OPTSTK,MINDTREE,27-Apr-17,390,CE,0,0,0,65.25,46.9,0,0,0,0,17-Apr-17
OPTSTK,MINDTREE,27-Apr-17,400,CE,0,0,0,75.2,36.95,0,0,0,0,17-Apr-17
OPTSTK,MINDTREE,27-Apr-17,410,CE,0,0,0,45.95,27.15,0,0,0,0,17-Apr-17
OPTSTK,MINDTREE,27-Apr-17,420,CE,0,0,0,60.3,18,0,0,0,0,17-Apr-17
OPTSTK,MINDTREE,27-Apr-17,430,CE,21.05,21.05,21.05,21.05,21.05,1,5.41,2400,1200,17-Apr-17
OPTSTK,MINDTREE,27-Apr-17,440,CE,0,0,0,47.25,4.9,0,0,0,0,17-Apr-17
OPTSTK,MINDTREE,27-Apr-17,450,CE,7,7,6,6.25,6.25,9,49.3,14400,-1200,17-Apr-17
OPTSTK,MINDTREE,27-Apr-17,460,CE,5.05,5.05,4,4,4,7,38.99,66000,2400,17-Apr-17
OPTSTK,MINDTREE,27-Apr-17,470,CE,1,1.7,1,1.7,1.7,2,11.31,7200,1200,17-Apr-17
OPTSTK,MINDTREE,27-Apr-17,480,CE,1.5,3.65,1.5,3.65,3.65,2,11.58,50400,2400,17-Apr-17
OPTSTK,MINDTREE,27-Apr-17,490,CE,0,0,0,2.2,0,0,0,0,0,17-Apr-17
OPTSTK,MINDTREE,27-Apr-17,500,CE,0,0,0,1.1,0,0,0,49200,0,17-Apr-17
OPTSTK,MINDTREE,27-Apr-17,510,CE,0,0,0,0.6,0,0,0,0,0,17-Apr-17
OPTSTK,MINDTREE,27-Apr-17,520,CE,0,0,0,2.3,0,0,0,1200,0,17-Apr-17
OPTSTK,MINDTREE,27-Apr-17,530,CE,0,0,0,0.15,0,0,0,0,0,17-Apr-17
OPTSTK,MINDTREE,27-Apr-17,540,CE,0,0,0,1.1,0,0,0,1200,0,17-Apr-17
OPTSTK,MINDTREE,27-Apr-17,550,CE,0,0,0,0.05,0,0,0,0,0,17-Apr-17
OPTSTK,MINDTREE,27-Apr-17,560,CE,0,0,0,6.9,0,0,0,0,0,17-Apr-17
OPTSTK,MINDTREE,27-Apr-17,570,CE,0,0,0,0.05,0,0,0,0,0,17-Apr-17
OPTSTK,MINDTREE,27-Apr-17,580,CE,0,0,0,4.65,0,0,0,0,0,17-Apr-17
OPTSTK,MINDTREE,27-Apr-17,590,CE,0,0,0,0.05,0,0,0,0,0,17-Apr-17
OPTSTK,MINDTREE,27-Apr-17,600,CE,0,0,0,3.1,0,0,0,0,0,17-Apr-17
OPTSTK,MINDTREE,27-Apr-17,610,CE,0,0,0,0.05,0,0,0,0,0,17-Apr-17
OPTSTK,MINDTREE,27-Apr-17,620,CE,0,0,0,2.05,0,0,0,0,0,17-Apr-17
OPTSTK,MINDTREE,27-Apr-17,630,CE,0,0,0,0.05,0,0,0,0,0,17-Apr-17
OPTSTK,MINDTREE,27-Apr-17,640,CE,0,0,0,1.35,0,0,0,0,0,17-Apr-17
OPTSTK,MINDTREE,27-Apr-17,320,PE,0,0,0,0.3,0,0,0,0,0,17-Apr-17
OPTSTK,MINDTREE,27-Apr-17,330,PE,0,0,0,0.05,0,0,0,0,0,17-Apr-17
OPTSTK,MINDTREE,27-Apr-17,340,PE,0,0,0,0.8,0,0,0,0,0,17-Apr-17
OPTSTK,MINDTREE,27-Apr-17,350,PE,0,0,0,0.05,0,0,0,0,0,17-Apr-17
OPTSTK,MINDTREE,27-Apr-17,360,PE,0,0,0,1.85,0,0,0,0,0,17-Apr-17
OPTSTK,MINDTREE,27-Apr-17,370,PE,0,0,0,0.05,0,0,0,0,0,17-Apr-17
OPTSTK,MINDTREE,27-Apr-17,380,PE,0,0,0,3.8,0,0,0,0,0,17-Apr-17
OPTSTK,MINDTREE,27-Apr-17,390,PE,0,0,0,0.1,0,0,0,0,0,17-Apr-17
OPTSTK,MINDTREE,27-Apr-17,400,PE,0,0,0,7,0.05,0,0,0,0,17-Apr-17
OPTSTK,MINDTREE,27-Apr-17,410,PE,0,0,0,0.75,0.25,0,0,0,0,17-Apr-17
OPTSTK,MINDTREE,27-Apr-17,420,PE,0,0,0,2.5,1.1,0,0,2400,0,17-Apr-17
OPTSTK,MINDTREE,27-Apr-17,430,PE,0,0,0,5.3,3.4,0,0,1200,0,17-Apr-17
OPTSTK,MINDTREE,27-Apr-17,440,PE,0,0,0,9,7.95,0,0,8400,0,17-Apr-17
OPTSTK,MINDTREE,27-Apr-17,450,PE,0,0,0,15.05,14.9,0,0,1200,0,17-Apr-17
OPTSTK,MINDTREE,27-Apr-17,460,PE,24,24,24,24,24,1,5.8,20400,0,17-Apr-17
OPTSTK,MINDTREE,27-Apr-17,470,PE,0,0,0,30.35,33.15,0,0,1200,0,17-Apr-17
OPTSTK,MINDTREE,27-Apr-17,480,PE,0,0,0,32,43,0,0,9600,0,17-Apr-17
OPTSTK,MINDTREE,27-Apr-17,490,PE,0,0,0,36.55,52.95,0,0,0,0,17-Apr-17
OPTSTK,MINDTREE,27-Apr-17,500,PE,0,0,0,50,62.95,0,0,2400,0,17-Apr-17
OPTSTK,MINDTREE,27-Apr-17,510,PE,0,0,0,54.9,72.95,0,0,0,0,17-Apr-17
OPTSTK,MINDTREE,27-Apr-17,520,PE,0,0,0,64,82.9,0,0,0,0,17-Apr-17
OPTSTK,MINDTREE,27-Apr-17,530,PE,0,0,0,74.3,92.9,0,0,0,0,17-Apr-17
OPTSTK,MINDTREE,27-Apr-17,540,PE,0,0,0,79.45,102.9,0,0,0,0,17-Apr-17
OPTSTK,MINDTREE,27-Apr-17,550,PE,0,0,0,94.1,112.85,0,0,0,0,17-Apr-17
OPTSTK,MINDTREE,27-Apr-17,560,PE,0,0,0,96.05,122.85,0,0,0,0,17-Apr-17
OPTSTK,MINDTREE,27-Apr-17,570,PE,0,0,0,114,132.85,0,0,0,0,17-Apr-17
OPTSTK,MINDTREE,27-Apr-17,580,PE,0,0,0,119.3,142.8,0,0,1200,0,17-Apr-17
OPTSTK,MINDTREE,27-Apr-17,590,PE,0,0,0,133.9,152.8,0,0,0,0,17-Apr-17
OPTSTK,MINDTREE,27-Apr-17,600,PE,0,0,0,131.6,162.8,0,0,0,0,17-Apr-17
OPTSTK,MINDTREE,27-Apr-17,610,PE,0,0,0,153.8,172.75,0,0,0,0,17-Apr-17
OPTSTK,MINDTREE,27-Apr-17,620,PE,0,0,0,150.25,182.75,0,0,0,0,17-Apr-17
OPTSTK,MINDTREE,27-Apr-17,630,PE,0,0,0,173.7,192.7,0,0,0,0,17-Apr-17
OPTSTK,MINDTREE,27-Apr-17,640,PE,0,0,0,169.2,202.7,0,0,0,0,17-Apr-17
OPTSTK,MINDTREE,25-May-17,320,CE,0,0,0,155,118.4,0,0,0,0,17-Apr-17
OPTSTK,MINDTREE,25-May-17,330,CE,0,0,0,126.6,108.45,0,0,0,0,17-Apr-17
OPTSTK,MINDTREE,25-May-17,340,CE,0,0,0,135.55,98.5,0,0,0,0,17-Apr-17
OPTSTK,MINDTREE,25-May-17,350,CE,0,0,0,106.8,88.6,0,0,0,0,17-Apr-17
OPTSTK,MINDTREE,25-May-17,360,CE,0,0,0,116.35,78.65,0,0,0,0,17-Apr-17
OPTSTK,MINDTREE,25-May-17,370,CE,0,0,0,87.15,68.8,0,0,0,0,17-Apr-17
OPTSTK,MINDTREE,25-May-17,380,CE,0,0,0,97.75,59,0,0,0,0,17-Apr-17
OPTSTK,MINDTREE,25-May-17,390,CE,0,0,0,67.9,49.4,0,0,0,0,17-Apr-17
OPTSTK,MINDTREE,25-May-17,400,CE,0,0,0,80.2,40.2,0,0,0,0,17-Apr-17
OPTSTK,MINDTREE,25-May-17,410,CE,0,0,0,49.8,31.6,0,0,0,0,17-Apr-17
OPTSTK,MINDTREE,25-May-17,420,CE,0,0,0,64.05,23.85,0,0,0,0,17-Apr-17
OPTSTK,MINDTREE,25-May-17,430,CE,0,0,0,33.9,17.25,0,0,0,0,17-Apr-17
OPTSTK,MINDTREE,25-May-17,440,CE,0,0,0,49.7,11.85,0,0,0,0,17-Apr-17
OPTSTK,MINDTREE,25-May-17,450,CE,0,0,0,21.1,7.75,0,0,0,0,17-Apr-17
OPTSTK,MINDTREE,25-May-17,460,CE,0,0,0,37.45,4.85,0,0,0,0,17-Apr-17
OPTSTK,MINDTREE,25-May-17,470,CE,0,0,0,11.95,2.85,0,0,0,0,17-Apr-17
OPTSTK,MINDTREE,25-May-17,480,CE,0,0,0,27.4,1.6,0,0,0,0,17-Apr-17
OPTSTK,MINDTREE,25-May-17,490,CE,0,0,0,6.15,0.85,0,0,0,0,17-Apr-17
OPTSTK,MINDTREE,25-May-17,500,CE,0,0,0,19.45,0.45,0,0,0,0,17-Apr-17
OPTSTK,MINDTREE,25-May-17,510,CE,0,0,0,2.9,0.2,0,0,0,0,17-Apr-17
OPTSTK,MINDTREE,25-May-17,520,CE,0,0,0,13.45,0.1,0,0,0,0,17-Apr-17
OPTSTK,MINDTREE,25-May-17,530,CE,0,0,0,1.25,0.05,0,0,0,0,17-Apr-17
OPTSTK,MINDTREE,25-May-17,540,CE,0,0,0,9.05,0.05,0,0,0,0,17-Apr-17
OPTSTK,MINDTREE,25-May-17,550,CE,0,0,0,0.5,0.05,0,0,0,0,17-Apr-17
OPTSTK,MINDTREE,25-May-17,560,CE,0,0,0,5.95,0,0,0,0,0,17-Apr-17
OPTSTK,MINDTREE,25-May-17,570,CE,0,0,0,0.2,0,0,0,0,0,17-Apr-17
OPTSTK,MINDTREE,25-May-17,580,CE,0,0,0,3.8,0,0,0,0,0,17-Apr-17
OPTSTK,MINDTREE,25-May-17,590,CE,0,0,0,0.05,0,0,0,0,0,17-Apr-17
OPTSTK,MINDTREE,25-May-17,600,CE,0,0,0,2.4,0,0,0,0,0,17-Apr-17
OPTSTK,MINDTREE,25-May-17,610,CE,0,0,0,0.05,0,0,0,0,0,17-Apr-17
OPTSTK,MINDTREE,25-May-17,620,CE,0,0,0,1.45,0,0,0,0,0,17-Apr-17
OPTSTK,MINDTREE,25-May-17,630,CE,0,0,0,0.05,0,0,0,0,0,17-Apr-17
OPTSTK,MINDTREE,25-May-17,640,CE,0,0,0,0.9,0,0,0,0,0,17-Apr-17
OPTSTK,MINDTREE,25-May-17,320,PE,0,0,0,0.1,0,0,0,0,0,17-Apr-17
OPTSTK,MINDTREE,25-May-17,330,PE,0,0,0,0.05,0,0,0,0,0,17-Apr-17
OPTSTK,MINDTREE,25-May-17,340,PE,0,0,0,0.3,0,0,0,0,0,17-Apr-17
OPTSTK,MINDTREE,25-May-17,350,PE,0,0,0,0.05,0,0,0,0,0,17-Apr-17
OPTSTK,MINDTREE,25-May-17,360,PE,0,0,0,0.8,0.05,0,0,0,0,17-Apr-17
OPTSTK,MINDTREE,25-May-17,370,PE,0,0,0,0.2,0.1,0,0,0,0,17-Apr-17
OPTSTK,MINDTREE,25-May-17,380,PE,0,0,0,1.9,0.25,0,0,0,0,17-Apr-17
OPTSTK,MINDTREE,25-May-17,390,PE,0,0,0,0.75,0.55,0,0,0,0,17-Apr-17
OPTSTK,MINDTREE,25-May-17,400,PE,0,0,0,4,1.3,0,0,0,0,17-Apr-17
OPTSTK,MINDTREE,25-May-17,410,PE,0,0,0,2.45,2.6,0,0,0,0,17-Apr-17
OPTSTK,MINDTREE,25-May-17,420,PE,0,0,0,7.55,4.85,0,0,0,0,17-Apr-17
OPTSTK,MINDTREE,25-May-17,430,PE,0,0,0,6.35,8.15,0,0,0,0,17-Apr-17
OPTSTK,MINDTREE,25-May-17,440,PE,0,0,0,12.85,12.7,0,0,0,0,17-Apr-17
OPTSTK,MINDTREE,25-May-17,450,PE,0,0,0,13.35,18.55,0,0,0,0,17-Apr-17
OPTSTK,MINDTREE,25-May-17,460,PE,0,0,0,20.3,25.55,0,0,0,0,17-Apr-17
OPTSTK,MINDTREE,25-May-17,470,PE,0,0,0,24,33.5,0,0,0,0,17-Apr-17
OPTSTK,MINDTREE,25-May-17,480,PE,0,0,0,29.95,42.15,0,0,0,0,17-Apr-17
OPTSTK,MINDTREE,25-May-17,490,PE,0,0,0,37.95,51.35,0,0,0,0,17-Apr-17
OPTSTK,MINDTREE,25-May-17,500,PE,0,0,0,41.7,60.85,0,0,0,0,17-Apr-17
OPTSTK,MINDTREE,25-May-17,510,PE,0,0,0,54.5,70.6,0,0,0,0,17-Apr-17
OPTSTK,MINDTREE,25-May-17,520,PE,0,0,0,55.35,80.4,0,0,0,0,17-Apr-17
OPTSTK,MINDTREE,25-May-17,530,PE,0,0,0,72.65,90.3,0,0,0,0,17-Apr-17
OPTSTK,MINDTREE,25-May-17,540,PE,0,0,0,70.65,100.2,0,0,0,0,17-Apr-17
OPTSTK,MINDTREE,25-May-17,550,PE,0,0,0,91.7,110.1,0,0,0,0,17-Apr-17
OPTSTK,MINDTREE,25-May-17,560,PE,0,0,0,87.25,120.05,0,0,0,0,17-Apr-17
OPTSTK,MINDTREE,25-May-17,570,PE,0,0,0,111.2,130,0,0,0,0,17-Apr-17
OPTSTK,MINDTREE,25-May-17,580,PE,0,0,0,104.8,139.9,0,0,0,0,17-Apr-17
OPTSTK,MINDTREE,25-May-17,590,PE,0,0,0,130.85,149.85,0,0,0,0,17-Apr-17
OPTSTK,MINDTREE,25-May-17,600,PE,0,0,0,123.05,159.75,0,0,0,0,17-Apr-17
OPTSTK,MINDTREE,25-May-17,610,PE,0,0,0,150.65,169.7,0,0,0,0,17-Apr-17
OPTSTK,MINDTREE,25-May-17,620,PE,0,0,0,141.85,179.65,0,0,0,0,17-Apr-17
OPTSTK,MINDTREE,25-May-17,630,PE,0,0,0,170.4,189.55,0,0,0,0,17-Apr-17
OPTSTK,MINDTREE,25-May-17,640,PE,0,0,0,160.95,199.5,0,0,0,0,17-Apr-17
OPTSTK,MINDTREE,29-Jun-17,320,CE,0,0,0,138.5,120.35,0,0,0,0,17-Apr-17
OPTSTK,MINDTREE,29-Jun-17,330,CE,0,0,0,128.7,110.5,0,0,0,0,17-Apr-17
OPTSTK,MINDTREE,29-Jun-17,340,CE,0,0,0,118.9,100.65,0,0,0,0,17-Apr-17
OPTSTK,MINDTREE,29-Jun-17,350,CE,0,0,0,109.15,90.85,0,0,0,0,17-Apr-17
OPTSTK,MINDTREE,29-Jun-17,360,CE,0,0,0,99.5,81.1,0,0,0,0,17-Apr-17
OPTSTK,MINDTREE,29-Jun-17,370,CE,0,0,0,90,71.55,0,0,0,0,17-Apr-17
OPTSTK,MINDTREE,29-Jun-17,380,CE,0,0,0,80.65,62.15,0,0,0,0,17-Apr-17
OPTSTK,MINDTREE,29-Jun-17,390,CE,0,0,0,71.55,53.15,0,0,0,0,17-Apr-17
OPTSTK,MINDTREE,29-Jun-17,400,CE,0,0,0,62.8,44.65,0,0,0,0,17-Apr-17
OPTSTK,MINDTREE,29-Jun-17,410,CE,0,0,0,54.5,36.75,0,0,0,0,17-Apr-17
OPTSTK,MINDTREE,29-Jun-17,420,CE,0,0,0,46.75,29.6,0,0,0,0,17-Apr-17
OPTSTK,MINDTREE,29-Jun-17,430,CE,0,0,0,39.55,23.3,0,0,0,0,17-Apr-17
OPTSTK,MINDTREE,29-Jun-17,440,CE,0,0,0,33.05,17.9,0,0,0,0,17-Apr-17
OPTSTK,MINDTREE,29-Jun-17,450,CE,0,0,0,27.25,13.45,0,0,0,0,17-Apr-17
OPTSTK,MINDTREE,29-Jun-17,460,CE,0,0,0,22.15,9.85,0,0,0,0,17-Apr-17
OPTSTK,MINDTREE,29-Jun-17,470,CE,0,0,0,17.75,7.05,0,0,0,0,17-Apr-17
OPTSTK,MINDTREE,29-Jun-17,480,CE,0,0,0,14.05,4.95,0,0,0,0,17-Apr-17
OPTSTK,MINDTREE,29-Jun-17,490,CE,0,0,0,10.95,3.35,0,0,0,0,17-Apr-17
OPTSTK,MINDTREE,29-Jun-17,500,CE,0,0,0,8.45,2.25,0,0,0,0,17-Apr-17
OPTSTK,MINDTREE,29-Jun-17,510,CE,0,0,0,6.4,1.45,0,0,0,0,17-Apr-17
OPTSTK,MINDTREE,29-Jun-17,520,CE,0,0,0,4.8,0.95,0,0,0,0,17-Apr-17
OPTSTK,MINDTREE,29-Jun-17,530,CE,0,0,0,3.55,0.6,0,0,0,0,17-Apr-17
OPTSTK,MINDTREE,29-Jun-17,540,CE,0,0,0,2.6,0.35,0,0,0,0,17-Apr-17
OPTSTK,MINDTREE,29-Jun-17,550,CE,0,0,0,1.9,0.25,0,0,0,0,17-Apr-17
OPTSTK,MINDTREE,29-Jun-17,560,CE,0,0,0,1.35,0.15,0,0,0,0,17-Apr-17
OPTSTK,MINDTREE,29-Jun-17,570,CE,0,0,0,0.95,0.1,0,0,0,0,17-Apr-17
OPTSTK,MINDTREE,29-Jun-17,580,CE,0,0,0,0.7,0.05,0,0,0,0,17-Apr-17
OPTSTK,MINDTREE,29-Jun-17,590,CE,0,0,0,0.5,0.05,0,0,0,0,17-Apr-17
OPTSTK,MINDTREE,29-Jun-17,600,CE,0,0,0,0.35,0.05,0,0,0,0,17-Apr-17
OPTSTK,MINDTREE,29-Jun-17,610,CE,0,0,0,0.25,0.05,0,0,0,0,17-Apr-17
OPTSTK,MINDTREE,29-Jun-17,620,CE,0,0,0,0.15,0,0,0,0,0,17-Apr-17
OPTSTK,MINDTREE,29-Jun-17,630,CE,0,0,0,0.1,0,0,0,0,0,17-Apr-17
OPTSTK,MINDTREE,29-Jun-17,640,CE,0,0,0,0.1,0,0,0,0,0,17-Apr-17
OPTSTK,MINDTREE,29-Jun-17,320,PE,0,0,0,0.05,0,0,0,0,0,17-Apr-17
OPTSTK,MINDTREE,29-Jun-17,330,PE,0,0,0,0.05,0.05,0,0,0,0,17-Apr-17
OPTSTK,MINDTREE,29-Jun-17,340,PE,0,0,0,0.1,0.05,0,0,0,0,17-Apr-17
OPTSTK,MINDTREE,29-Jun-17,350,PE,0,0,0,0.2,0.15,0,0,0,0,17-Apr-17
OPTSTK,MINDTREE,29-Jun-17,360,PE,0,0,0,0.4,0.25,0,0,0,0,17-Apr-17
OPTSTK,MINDTREE,29-Jun-17,370,PE,0,0,0,0.7,0.55,0,0,0,0,17-Apr-17
OPTSTK,MINDTREE,29-Jun-17,380,PE,0,0,0,1.15,1.05,0,0,0,0,17-Apr-17
OPTSTK,MINDTREE,29-Jun-17,390,PE,0,0,0,1.9,1.9,0,0,0,0,17-Apr-17
OPTSTK,MINDTREE,29-Jun-17,400,PE,0,0,0,3.05,3.25,0,0,0,0,17-Apr-17
OPTSTK,MINDTREE,29-Jun-17,410,PE,0,0,0,4.55,5.25,0,0,0,0,17-Apr-17
OPTSTK,MINDTREE,29-Jun-17,420,PE,0,0,0,6.6,7.95,0,0,0,0,17-Apr-17
OPTSTK,MINDTREE,29-Jun-17,430,PE,0,0,0,9.25,11.55,0,0,0,0,17-Apr-17
OPTSTK,MINDTREE,29-Jun-17,440,PE,0,0,0,12.6,16.05,0,0,0,0,17-Apr-17
OPTSTK,MINDTREE,29-Jun-17,450,PE,0,0,0,16.6,21.45,0,0,0,0,17-Apr-17
OPTSTK,MINDTREE,29-Jun-17,460,PE,0,0,0,21.35,27.7,0,0,0,0,17-Apr-17
OPTSTK,MINDTREE,29-Jun-17,470,PE,0,0,0,26.8,34.8,0,0,0,0,17-Apr-17
OPTSTK,MINDTREE,29-Jun-17,480,PE,0,0,0,32.95,42.55,0,0,0,0,17-Apr-17
OPTSTK,MINDTREE,29-Jun-17,490,PE,0,0,0,39.7,50.85,0,0,0,0,17-Apr-17
OPTSTK,MINDTREE,29-Jun-17,500,PE,0,0,0,47,59.6,0,0,0,0,17-Apr-17
OPTSTK,MINDTREE,29-Jun-17,510,PE,0,0,0,54.8,68.7,0,0,0,0,17-Apr-17
OPTSTK,MINDTREE,29-Jun-17,520,PE,0,0,0,63.05,78,0,0,0,0,17-Apr-17
OPTSTK,MINDTREE,29-Jun-17,530,PE,0,0,0,71.65,87.55,0,0,0,0,17-Apr-17
OPTSTK,MINDTREE,29-Jun-17,540,PE,0,0,0,80.5,97.2,0,0,0,0,17-Apr-17
OPTSTK,MINDTREE,29-Jun-17,550,PE,0,0,0,89.6,106.9,0,0,0,0,17-Apr-17
OPTSTK,MINDTREE,29-Jun-17,560,PE,0,0,0,98.9,116.7,0,0,0,0,17-Apr-17
OPTSTK,MINDTREE,29-Jun-17,570,PE,0,0,0,108.35,126.55,0,0,0,0,17-Apr-17
OPTSTK,MINDTREE,29-Jun-17,580,PE,0,0,0,117.9,136.35,0,0,0,0,17-Apr-17
OPTSTK,MINDTREE,29-Jun-17,590,PE,0,0,0,127.55,146.2,0,0,0,0,17-Apr-17
OPTSTK,MINDTREE,29-Jun-17,600,PE,0,0,0,137.25,156.1,0,0,0,0,17-Apr-17
OPTSTK,MINDTREE,29-Jun-17,610,PE,0,0,0,146.95,165.95,0,0,0,0,17-Apr-17
OPTSTK,MINDTREE,29-Jun-17,620,PE,0,0,0,156.75,175.8,0,0,0,0,17-Apr-17
OPTSTK,MINDTREE,29-Jun-17,630,PE,0,0,0,166.5,185.7,0,0,0,0,17-Apr-17
OPTSTK,MINDTREE,29-Jun-17,640,PE,0,0,0,176.35,195.55,0,0,0,0,17-Apr-17
OPTSTK,MOTHERSUMI,27-Apr-17,210,CE,0,0,0,124.95,163.3,0,0,0,0,17-Apr-17
OPTSTK,MOTHERSUMI,27-Apr-17,220,CE,0,0,0,115.15,153.3,0,0,0,0,17-Apr-17
OPTSTK,MOTHERSUMI,27-Apr-17,230,CE,0,0,0,105.35,143.3,0,0,0,0,17-Apr-17
OPTSTK,MOTHERSUMI,27-Apr-17,240,CE,0,0,0,95.6,133.35,0,0,0,0,17-Apr-17
OPTSTK,MOTHERSUMI,27-Apr-17,250,CE,0,0,0,85.95,123.35,0,0,0,0,17-Apr-17
OPTSTK,MOTHERSUMI,27-Apr-17,260,CE,0,0,0,76.45,113.35,0,0,0,0,17-Apr-17
OPTSTK,MOTHERSUMI,27-Apr-17,270,CE,0,0,0,67.2,103.4,0,0,0,0,17-Apr-17
OPTSTK,MOTHERSUMI,27-Apr-17,280,CE,0,0,0,58.3,93.4,0,0,0,0,17-Apr-17
OPTSTK,MOTHERSUMI,27-Apr-17,290,CE,0,0,0,49.85,83.4,0,0,0,0,17-Apr-17
OPTSTK,MOTHERSUMI,27-Apr-17,300,CE,0,0,0,42.05,73.45,0,0,0,0,17-Apr-17
OPTSTK,MOTHERSUMI,27-Apr-17,310,CE,0,0,0,34.85,63.45,0,0,0,0,17-Apr-17
OPTSTK,MOTHERSUMI,27-Apr-17,320,CE,0,0,0,28.45,53.5,0,0,0,0,17-Apr-17
OPTSTK,MOTHERSUMI,27-Apr-17,330,CE,0,0,0,22.85,43.5,0,0,0,0,17-Apr-17
OPTSTK,MOTHERSUMI,27-Apr-17,340,CE,0,0,0,18.05,33.55,0,0,0,0,17-Apr-17
OPTSTK,MOTHERSUMI,27-Apr-17,350,CE,0,0,0,27,23.85,0,0,2500,0,17-Apr-17
OPTSTK,MOTHERSUMI,27-Apr-17,360,CE,0,0,0,24.7,14.95,0,0,12500,0,17-Apr-17
OPTSTK,MOTHERSUMI,27-Apr-17,370,CE,10.35,10.35,9.15,9.5,9.5,3,28.47,47500,0,17-Apr-17
OPTSTK,MOTHERSUMI,27-Apr-17,380,CE,5.1,6.5,4.3,4.75,4.75,56,539.44,235000,37500,17-Apr-17
OPTSTK,MOTHERSUMI,27-Apr-17,390,CE,3.7,3.7,2.2,2.4,2.4,49,480.98,215000,2500,17-Apr-17
OPTSTK,MOTHERSUMI,27-Apr-17,400,CE,1.15,1.25,0.9,1.1,1.1,19,190.52,230000,-2500,17-Apr-17
OPTSTK,MOTHERSUMI,27-Apr-17,410,CE,0.65,0.65,0.4,0.4,0.4,8,82.11,95000,-12500,17-Apr-17
OPTSTK,MOTHERSUMI,27-Apr-17,420,CE,0.2,0.25,0.2,0.2,0.2,4,42.02,77500,-10000,17-Apr-17
OPTSTK,MOTHERSUMI,27-Apr-17,430,CE,0,0,0,0.45,0,0,0,10000,0,17-Apr-17
OPTSTK,MOTHERSUMI,27-Apr-17,440,CE,0,0,0,0.8,0,0,0,0,0,17-Apr-17
OPTSTK,MOTHERSUMI,27-Apr-17,450,CE,0,0,0,0.55,0,0,0,0,0,17-Apr-17
OPTSTK,MOTHERSUMI,27-Apr-17,460,CE,0,0,0,0.35,0,0,0,0,0,17-Apr-17
OPTSTK,MOTHERSUMI,27-Apr-17,210,PE,0,0,0,0.05,0,0,0,0,0,17-Apr-17
OPTSTK,MOTHERSUMI,27-Apr-17,220,PE,0,0,0,0.05,0,0,0,0,0,17-Apr-17
OPTSTK,MOTHERSUMI,27-Apr-17,230,PE,0,0,0,0.1,0,0,0,0,0,17-Apr-17
OPTSTK,MOTHERSUMI,27-Apr-17,240,PE,0,0,0,0.15,0,0,0,0,0,17-Apr-17
OPTSTK,MOTHERSUMI,27-Apr-17,250,PE,0,0,0,0.35,0,0,0,0,0,17-Apr-17
OPTSTK,MOTHERSUMI,27-Apr-17,260,PE,0,0,0,0.7,0,0,0,0,0,17-Apr-17
OPTSTK,MOTHERSUMI,27-Apr-17,270,PE,0,0,0,1.25,0,0,0,0,0,17-Apr-17
OPTSTK,MOTHERSUMI,27-Apr-17,280,PE,0,0,0,2.2,0,0,0,0,0,17-Apr-17
OPTSTK,MOTHERSUMI,27-Apr-17,290,PE,0,0,0,3.6,0,0,0,0,0,17-Apr-17
OPTSTK,MOTHERSUMI,27-Apr-17,300,PE,0,0,0,5.6,0,0,0,0,0,17-Apr-17
OPTSTK,MOTHERSUMI,27-Apr-17,310,PE,0,0,0,8.25,0,0,0,0,0,17-Apr-17
OPTSTK,MOTHERSUMI,27-Apr-17,320,PE,0,0,0,11.7,0,0,0,0,0,17-Apr-17
OPTSTK,MOTHERSUMI,27-Apr-17,330,PE,0,0,0,15.95,0,0,0,0,0,17-Apr-17
OPTSTK,MOTHERSUMI,27-Apr-17,340,PE,0,0,0,0.75,0.05,0,0,60000,0,17-Apr-17
OPTSTK,MOTHERSUMI,27-Apr-17,350,PE,0,0,0,1,0.35,0,0,90000,0,17-Apr-17
OPTSTK,MOTHERSUMI,27-Apr-17,360,PE,2.1,2.1,2,2.1,2.1,6,54.3,115000,-7500,17-Apr-17
OPTSTK,MOTHERSUMI,27-Apr-17,370,PE,5.5,5.5,4.65,4.8,4.8,9,84.36,107500,-10000,17-Apr-17
OPTSTK,MOTHERSUMI,27-Apr-17,380,PE,9.5,11,9.5,11,11,2,19.51,87500,0,17-Apr-17
OPTSTK,MOTHERSUMI,27-Apr-17,390,PE,17.5,17.5,17.5,17.5,17.5,2,20.37,10000,0,17-Apr-17
OPTSTK,MOTHERSUMI,27-Apr-17,400,PE,0,0,0,65.15,26.7,0,0,0,0,17-Apr-17
OPTSTK,MOTHERSUMI,27-Apr-17,410,PE,0,0,0,74.05,36.45,0,0,0,0,17-Apr-17
OPTSTK,MOTHERSUMI,27-Apr-17,420,PE,0,0,0,83.2,46.4,0,0,0,0,17-Apr-17
OPTSTK,MOTHERSUMI,27-Apr-17,430,PE,0,0,0,92.55,56.35,0,0,0,0,17-Apr-17
OPTSTK,MOTHERSUMI,27-Apr-17,440,PE,0,0,0,102.05,66.35,0,0,0,0,17-Apr-17
OPTSTK,MOTHERSUMI,27-Apr-17,450,PE,0,0,0,111.65,76.35,0,0,0,0,17-Apr-17
OPTSTK,MOTHERSUMI,27-Apr-17,460,PE,0,0,0,121.3,86.3,0,0,0,0,17-Apr-17
OPTSTK,MOTHERSUMI,25-May-17,210,CE,0,0,0,142.6,164.35,0,0,0,0,17-Apr-17
OPTSTK,MOTHERSUMI,25-May-17,220,CE,0,0,0,132.75,154.4,0,0,0,0,17-Apr-17
OPTSTK,MOTHERSUMI,25-May-17,230,CE,0,0,0,122.95,144.45,0,0,0,0,17-Apr-17
OPTSTK,MOTHERSUMI,25-May-17,240,CE,0,0,0,113.1,134.55,0,0,0,0,17-Apr-17
OPTSTK,MOTHERSUMI,25-May-17,250,CE,0,0,0,103.3,124.6,0,0,0,0,17-Apr-17
OPTSTK,MOTHERSUMI,25-May-17,260,CE,0,0,0,93.6,114.65,0,0,0,0,17-Apr-17
OPTSTK,MOTHERSUMI,25-May-17,270,CE,0,0,0,83.95,104.75,0,0,0,0,17-Apr-17
OPTSTK,MOTHERSUMI,25-May-17,280,CE,0,0,0,74.45,94.8,0,0,0,0,17-Apr-17
OPTSTK,MOTHERSUMI,25-May-17,290,CE,0,0,0,65.3,84.9,0,0,0,0,17-Apr-17
OPTSTK,MOTHERSUMI,25-May-17,300,CE,0,0,0,56.45,74.95,0,0,0,0,17-Apr-17
OPTSTK,MOTHERSUMI,25-May-17,310,CE,0,0,0,48.1,65.05,0,0,0,0,17-Apr-17
OPTSTK,MOTHERSUMI,25-May-17,320,CE,0,0,0,40.4,55.25,0,0,0,0,17-Apr-17
OPTSTK,MOTHERSUMI,25-May-17,330,CE,0,0,0,33.35,45.7,0,0,0,0,17-Apr-17
OPTSTK,MOTHERSUMI,25-May-17,340,CE,0,0,0,27.1,36.55,0,0,0,0,17-Apr-17
OPTSTK,MOTHERSUMI,25-May-17,350,CE,0,0,0,21.65,28.05,0,0,0,0,17-Apr-17
OPTSTK,MOTHERSUMI,25-May-17,360,CE,0,0,0,17,20.6,0,0,0,0,17-Apr-17
OPTSTK,MOTHERSUMI,25-May-17,370,CE,20.65,20.65,20.65,20.65,20.65,1,9.76,2500,2500,17-Apr-17
OPTSTK,MOTHERSUMI,25-May-17,380,CE,0,0,0,9.95,9.5,0,0,0,0,17-Apr-17
OPTSTK,MOTHERSUMI,25-May-17,390,CE,0,0,0,7.5,5.95,0,0,0,0,17-Apr-17
OPTSTK,MOTHERSUMI,25-May-17,400,CE,0,0,0,8.5,3.5,0,0,2500,0,17-Apr-17
OPTSTK,MOTHERSUMI,25-May-17,410,CE,0,0,0,4,1.95,0,0,0,0,17-Apr-17
OPTSTK,MOTHERSUMI,25-May-17,420,CE,0,0,0,2.85,1.05,0,0,0,0,17-Apr-17
OPTSTK,MOTHERSUMI,25-May-17,430,CE,0,0,0,2,0.5,0,0,0,0,17-Apr-17
OPTSTK,MOTHERSUMI,25-May-17,440,CE,0,0,0,1.4,0.25,0,0,0,0,17-Apr-17
OPTSTK,MOTHERSUMI,25-May-17,450,CE,0,0,0,1,0.15,0,0,0,0,17-Apr-17
OPTSTK,MOTHERSUMI,25-May-17,460,CE,0,0,0,0.65,0.05,0,0,0,0,17-Apr-17
OPTSTK,MOTHERSUMI,25-May-17,210,PE,0,0,0,0.05,0,0,0,0,0,17-Apr-17
OPTSTK,MOTHERSUMI,25-May-17,220,PE,0,0,0,0.05,0,0,0,0,0,17-Apr-17
OPTSTK,MOTHERSUMI,25-May-17,230,PE,0,0,0,0.05,0,0,0,0,0,17-Apr-17
OPTSTK,MOTHERSUMI,25-May-17,240,PE,0,0,0,0.05,0,0,0,0,0,17-Apr-17
OPTSTK,MOTHERSUMI,25-May-17,250,PE,0,0,0,0.1,0,0,0,0,0,17-Apr-17
OPTSTK,MOTHERSUMI,25-May-17,260,PE,0,0,0,0.2,0,0,0,0,0,17-Apr-17
OPTSTK,MOTHERSUMI,25-May-17,270,PE,0,0,0,0.4,0,0,0,0,0,17-Apr-17
OPTSTK,MOTHERSUMI,25-May-17,280,PE,0,0,0,0.8,0,0,0,0,0,17-Apr-17
OPTSTK,MOTHERSUMI,25-May-17,290,PE,0,0,0,1.4,0,0,0,0,0,17-Apr-17
OPTSTK,MOTHERSUMI,25-May-17,300,PE,0,0,0,2.45,0.05,0,0,0,0,17-Apr-17
OPTSTK,MOTHERSUMI,25-May-17,310,PE,0,0,0,3.95,0.1,0,0,0,0,17-Apr-17
OPTSTK,MOTHERSUMI,25-May-17,320,PE,0,0,0,6.05,0.2,0,0,0,0,17-Apr-17
OPTSTK,MOTHERSUMI,25-May-17,330,PE,0,0,0,8.85,0.55,0,0,0,0,17-Apr-17
OPTSTK,MOTHERSUMI,25-May-17,340,PE,0,0,0,12.45,1.35,0,0,0,0,17-Apr-17
OPTSTK,MOTHERSUMI,25-May-17,350,PE,0,0,0,16.85,2.8,0,0,0,0,17-Apr-17
OPTSTK,MOTHERSUMI,25-May-17,360,PE,0,0,0,22.05,5.25,0,0,0,0,17-Apr-17
OPTSTK,MOTHERSUMI,25-May-17,370,PE,11,11,11,11,11,1,9.52,5000,2500,17-Apr-17
OPTSTK,MOTHERSUMI,25-May-17,380,PE,0,0,0,34.7,14.05,0,0,0,0,17-Apr-17
OPTSTK,MOTHERSUMI,25-May-17,390,PE,0,0,0,42.05,20.4,0,0,0,0,17-Apr-17
OPTSTK,MOTHERSUMI,25-May-17,400,PE,0,0,0,49.95,27.9,0,0,0,0,17-Apr-17
OPTSTK,MOTHERSUMI,25-May-17,410,PE,0,0,0,58.25,36.3,0,0,0,0,17-Apr-17
OPTSTK,MOTHERSUMI,25-May-17,420,PE,0,0,0,66.95,45.3,0,0,0,0,17-Apr-17
OPTSTK,MOTHERSUMI,25-May-17,430,PE,0,0,0,75.95,54.7,0,0,0,0,17-Apr-17
OPTSTK,MOTHERSUMI,25-May-17,440,PE,0,0,0,85.2,64.4,0,0,0,0,17-Apr-17
OPTSTK,MOTHERSUMI,25-May-17,450,PE,0,0,0,94.6,74.2,0,0,0,0,17-Apr-17
OPTSTK,MOTHERSUMI,25-May-17,460,PE,0,0,0,104.15,84.05,0,0,0,0,17-Apr-17
OPTSTK,MOTHERSUMI,29-Jun-17,220,CE,0,0,0,162.25,155.75,0,0,0,0,17-Apr-17
OPTSTK,MOTHERSUMI,29-Jun-17,230,CE,0,0,0,152.4,145.9,0,0,0,0,17-Apr-17
OPTSTK,MOTHERSUMI,29-Jun-17,240,CE,0,0,0,142.6,136,0,0,0,0,17-Apr-17
OPTSTK,MOTHERSUMI,29-Jun-17,250,CE,0,0,0,132.75,126.15,0,0,0,0,17-Apr-17
OPTSTK,MOTHERSUMI,29-Jun-17,260,CE,0,0,0,122.9,116.3,0,0,0,0,17-Apr-17
OPTSTK,MOTHERSUMI,29-Jun-17,270,CE,0,0,0,113.1,106.4,0,0,0,0,17-Apr-17
OPTSTK,MOTHERSUMI,29-Jun-17,280,CE,0,0,0,103.35,96.55,0,0,0,0,17-Apr-17
OPTSTK,MOTHERSUMI,29-Jun-17,290,CE,0,0,0,93.6,86.75,0,0,0,0,17-Apr-17
OPTSTK,MOTHERSUMI,29-Jun-17,300,CE,0,0,0,84,77,0,0,0,0,17-Apr-17
OPTSTK,MOTHERSUMI,29-Jun-17,310,CE,0,0,0,74.55,67.4,0,0,0,0,17-Apr-17
OPTSTK,MOTHERSUMI,29-Jun-17,320,CE,0,0,0,65.4,58.05,0,0,0,0,17-Apr-17
OPTSTK,MOTHERSUMI,29-Jun-17,330,CE,0,0,0,56.6,49.05,0,0,0,0,17-Apr-17
OPTSTK,MOTHERSUMI,29-Jun-17,340,CE,0,0,0,48.3,40.6,0,0,0,0,17-Apr-17
OPTSTK,MOTHERSUMI,29-Jun-17,350,CE,0,0,0,40.6,32.9,0,0,0,0,17-Apr-17
OPTSTK,MOTHERSUMI,29-Jun-17,360,CE,0,0,0,33.55,25.95,0,0,0,0,17-Apr-17
OPTSTK,MOTHERSUMI,29-Jun-17,370,CE,0,0,0,27.3,20,0,0,0,0,17-Apr-17
OPTSTK,MOTHERSUMI,29-Jun-17,380,CE,0,0,0,21.85,15,0,0,0,0,17-Apr-17
OPTSTK,MOTHERSUMI,29-Jun-17,390,CE,0,0,0,17.2,10.95,0,0,0,0,17-Apr-17
OPTSTK,MOTHERSUMI,29-Jun-17,400,CE,0,0,0,13.3,7.8,0,0,0,0,17-Apr-17
OPTSTK,MOTHERSUMI,29-Jun-17,410,CE,0,0,0,10.1,5.4,0,0,0,0,17-Apr-17
OPTSTK,MOTHERSUMI,29-Jun-17,420,CE,0,0,0,7.6,3.65,0,0,0,0,17-Apr-17
OPTSTK,MOTHERSUMI,29-Jun-17,430,CE,0,0,0,5.6,2.4,0,0,0,0,17-Apr-17
OPTSTK,MOTHERSUMI,29-Jun-17,440,CE,0,0,0,4.05,1.55,0,0,0,0,17-Apr-17
OPTSTK,MOTHERSUMI,29-Jun-17,450,CE,0,0,0,2.9,1,0,0,0,0,17-Apr-17
OPTSTK,MOTHERSUMI,29-Jun-17,460,CE,0,0,0,2.05,0.6,0,0,0,0,17-Apr-17
OPTSTK,MOTHERSUMI,29-Jun-17,220,PE,0,0,0,0.05,0,0,0,0,0,17-Apr-17
OPTSTK,MOTHERSUMI,29-Jun-17,230,PE,0,0,0,0.05,0,0,0,0,0,17-Apr-17
OPTSTK,MOTHERSUMI,29-Jun-17,240,PE,0,0,0,0.05,0,0,0,0,0,17-Apr-17
OPTSTK,MOTHERSUMI,29-Jun-17,250,PE,0,0,0,0.05,0,0,0,0,0,17-Apr-17
OPTSTK,MOTHERSUMI,29-Jun-17,260,PE,0,0,0,0.05,0,0,0,0,0,17-Apr-17
OPTSTK,MOTHERSUMI,29-Jun-17,270,PE,0,0,0,0.05,0.05,0,0,0,0,17-Apr-17
OPTSTK,MOTHERSUMI,29-Jun-17,280,PE,0,0,0,0.1,0.05,0,0,0,0,17-Apr-17
OPTSTK,MOTHERSUMI,29-Jun-17,290,PE,0,0,0,0.25,0.1,0,0,0,0,17-Apr-17
OPTSTK,MOTHERSUMI,29-Jun-17,300,PE,0,0,0,0.45,0.25,0,0,0,0,17-Apr-17
OPTSTK,MOTHERSUMI,29-Jun-17,310,PE,0,0,0,0.85,0.5,0,0,0,0,17-Apr-17
OPTSTK,MOTHERSUMI,29-Jun-17,320,PE,0,0,0,1.55,1,0,0,0,0,17-Apr-17
OPTSTK,MOTHERSUMI,29-Jun-17,330,PE,0,0,0,2.55,1.9,0,0,0,0,17-Apr-17
OPTSTK,MOTHERSUMI,29-Jun-17,340,PE,0,0,0,4.1,3.3,0,0,0,0,17-Apr-17
OPTSTK,MOTHERSUMI,29-Jun-17,350,PE,0,0,0,6.2,5.45,0,0,0,0,17-Apr-17
OPTSTK,MOTHERSUMI,29-Jun-17,360,PE,0,0,0,9.05,8.4,0,0,0,0,17-Apr-17
OPTSTK,MOTHERSUMI,29-Jun-17,370,PE,0,0,0,12.6,12.3,0,0,0,0,17-Apr-17
OPTSTK,MOTHERSUMI,29-Jun-17,380,PE,0,0,0,17,17.2,0,0,0,0,17-Apr-17
OPTSTK,MOTHERSUMI,29-Jun-17,390,PE,0,0,0,22.15,23,0,0,0,0,17-Apr-17
OPTSTK,MOTHERSUMI,29-Jun-17,400,PE,0,0,0,28.1,29.7,0,0,0,0,17-Apr-17
OPTSTK,MOTHERSUMI,29-Jun-17,410,PE,0,0,0,34.75,37.2,0,0,0,0,17-Apr-17
OPTSTK,MOTHERSUMI,29-Jun-17,420,PE,0,0,0,42.05,45.35,0,0,0,0,17-Apr-17
OPTSTK,MOTHERSUMI,29-Jun-17,430,PE,0,0,0,49.9,53.95,0,0,0,0,17-Apr-17
OPTSTK,MOTHERSUMI,29-Jun-17,440,PE,0,0,0,58.2,62.95,0,0,0,0,17-Apr-17
OPTSTK,MOTHERSUMI,29-Jun-17,450,PE,0,0,0,66.9,72.25,0,0,0,0,17-Apr-17
OPTSTK,MOTHERSUMI,29-Jun-17,460,PE,0,0,0,75.85,81.75,0,0,0,0,17-Apr-17
OPTSTK,MRF,27-Apr-17,49250,CE,0,0,0,3950.75,12784.35,0,0,0,0,17-Apr-17
OPTSTK,MRF,27-Apr-17,49300,CE,0,0,0,3923.3,12734.4,0,0,0,0,17-Apr-17
OPTSTK,MRF,27-Apr-17,49350,CE,0,0,0,3896,12684.5,0,0,0,0,17-Apr-17
OPTSTK,MRF,27-Apr-17,49400,CE,0,0,0,3868.8,12634.6,0,0,0,0,17-Apr-17
OPTSTK,MRF,27-Apr-17,49450,CE,0,0,0,3841.75,12584.7,0,0,0,0,17-Apr-17
OPTSTK,MRF,27-Apr-17,49500,CE,0,0,0,3814.8,12534.75,0,0,0,0,17-Apr-17
OPTSTK,MRF,27-Apr-17,49550,CE,0,0,0,3788,12484.85,0,0,0,0,17-Apr-17
OPTSTK,MRF,27-Apr-17,49600,CE,0,0,0,3761.35,12434.95,0,0,0,0,17-Apr-17
OPTSTK,MRF,27-Apr-17,49650,CE,0,0,0,3734.8,12385.05,0,0,0,0,17-Apr-17
OPTSTK,MRF,27-Apr-17,49700,CE,0,0,0,3708.35,12335.15,0,0,0,0,17-Apr-17
OPTSTK,MRF,27-Apr-17,49750,CE,0,0,0,3682.1,12285.2,0,0,0,0,17-Apr-17
OPTSTK,MRF,27-Apr-17,49800,CE,0,0,0,3655.9,12235.3,0,0,0,0,17-Apr-17
OPTSTK,MRF,27-Apr-17,49850,CE,0,0,0,3629.9,12185.4,0,0,0,0,17-Apr-17
OPTSTK,MRF,27-Apr-17,49900,CE,0,0,0,3604,12135.5,0,0,0,0,17-Apr-17
OPTSTK,MRF,27-Apr-17,49950,CE,0,0,0,3578.2,12085.6,0,0,0,0,17-Apr-17
OPTSTK,MRF,27-Apr-17,50000,CE,0,0,0,3552.55,12035.65,0,0,0,0,17-Apr-17
OPTSTK,MRF,27-Apr-17,50050,CE,0,0,0,4051.55,11985.75,0,0,0,0,17-Apr-17
OPTSTK,MRF,27-Apr-17,50100,CE,0,0,0,4024.15,11935.85,0,0,0,0,17-Apr-17
OPTSTK,MRF,27-Apr-17,50150,CE,0,0,0,3996.85,11885.95,0,0,0,0,17-Apr-17
OPTSTK,MRF,27-Apr-17,50200,CE,0,0,0,3969.7,11836.05,0,0,0,0,17-Apr-17
OPTSTK,MRF,27-Apr-17,50250,CE,0,0,0,3942.65,11786.15,0,0,0,0,17-Apr-17
OPTSTK,MRF,27-Apr-17,50300,CE,0,0,0,3915.75,11736.2,0,0,0,0,17-Apr-17
OPTSTK,MRF,27-Apr-17,50350,CE,0,0,0,3888.95,11686.3,0,0,0,0,17-Apr-17
OPTSTK,MRF,27-Apr-17,50400,CE,0,0,0,3862.25,11636.4,0,0,0,0,17-Apr-17
OPTSTK,MRF,27-Apr-17,50450,CE,0,0,0,3835.75,11586.5,0,0,0,0,17-Apr-17
OPTSTK,MRF,27-Apr-17,50500,CE,0,0,0,3809.3,11536.6,0,0,0,0,17-Apr-17
OPTSTK,MRF,27-Apr-17,50550,CE,0,0,0,3783,11486.7,0,0,0,0,17-Apr-17
OPTSTK,MRF,27-Apr-17,50600,CE,0,0,0,4212.6,11436.8,0,0,0,0,17-Apr-17
OPTSTK,MRF,27-Apr-17,50650,CE,0,0,0,4256.85,11386.9,0,0,0,0,17-Apr-17
OPTSTK,MRF,27-Apr-17,50700,CE,0,0,0,4229.6,11337,0,0,0,0,17-Apr-17
OPTSTK,MRF,27-Apr-17,50750,CE,0,0,0,4202.45,11287.1,0,0,0,0,17-Apr-17
OPTSTK,MRF,27-Apr-17,50800,CE,0,0,0,4175.45,11237.15,0,0,0,0,17-Apr-17
OPTSTK,MRF,27-Apr-17,50850,CE,0,0,0,4148.6,11187.25,0,0,0,0,17-Apr-17
OPTSTK,MRF,27-Apr-17,50900,CE,0,0,0,4121.8,11137.35,0,0,0,0,17-Apr-17
OPTSTK,MRF,27-Apr-17,50950,CE,0,0,0,4376.2,11087.45,0,0,0,0,17-Apr-17
OPTSTK,MRF,27-Apr-17,51000,CE,0,0,0,4349.2,11037.55,0,0,0,0,17-Apr-17
OPTSTK,MRF,27-Apr-17,51050,CE,0,0,0,4322.35,10987.7,0,0,0,0,17-Apr-17
OPTSTK,MRF,27-Apr-17,51100,CE,0,0,0,4295.6,10937.8,0,0,0,0,17-Apr-17
OPTSTK,MRF,27-Apr-17,51150,CE,0,0,0,4268.95,10887.9,0,0,0,0,17-Apr-17
OPTSTK,MRF,27-Apr-17,51200,CE,0,0,0,4242.45,10838,0,0,0,0,17-Apr-17
OPTSTK,MRF,27-Apr-17,51250,CE,0,0,0,4216.05,10788.1,0,0,0,0,17-Apr-17
OPTSTK,MRF,27-Apr-17,51300,CE,0,0,0,4189.75,10738.2,0,0,0,0,17-Apr-17
OPTSTK,MRF,27-Apr-17,51350,CE,0,0,0,4163.55,10688.3,0,0,0,0,17-Apr-17
OPTSTK,MRF,27-Apr-17,51400,CE,0,0,0,4137.5,10638.4,0,0,0,0,17-Apr-17
OPTSTK,MRF,27-Apr-17,51450,CE,0,0,0,4111.55,10588.55,0,0,0,0,17-Apr-17
OPTSTK,MRF,27-Apr-17,51500,CE,0,0,0,4085.7,10538.65,0,0,0,0,17-Apr-17
OPTSTK,MRF,27-Apr-17,51550,CE,0,0,0,4059.95,10488.75,0,0,0,0,17-Apr-17
OPTSTK,MRF,27-Apr-17,51600,CE,0,0,0,4034.35,10438.9,0,0,0,0,17-Apr-17
OPTSTK,MRF,27-Apr-17,51650,CE,0,0,0,4008.85,10389,0,0,0,0,17-Apr-17
OPTSTK,MRF,27-Apr-17,51700,CE,0,0,0,3983.45,10339.1,0,0,0,0,17-Apr-17
OPTSTK,MRF,27-Apr-17,51750,CE,0,0,0,3958.2,10289.25,0,0,0,0,17-Apr-17
OPTSTK,MRF,27-Apr-17,51800,CE,0,0,0,3933.05,10239.35,0,0,0,0,17-Apr-17
OPTSTK,MRF,27-Apr-17,51850,CE,0,0,0,3908,10189.5,0,0,0,0,17-Apr-17
OPTSTK,MRF,27-Apr-17,51900,CE,0,0,0,3883.05,10139.65,0,0,0,0,17-Apr-17
OPTSTK,MRF,27-Apr-17,51950,CE,0,0,0,3858.25,10089.75,0,0,0,0,17-Apr-17
OPTSTK,MRF,27-Apr-17,52000,CE,0,0,0,3833.5,10039.9,0,0,0,0,17-Apr-17
OPTSTK,MRF,27-Apr-17,52050,CE,0,0,0,4536.45,9990.05,0,0,0,0,17-Apr-17
OPTSTK,MRF,27-Apr-17,52100,CE,0,0,0,4509.45,9940.2,0,0,0,0,17-Apr-17
OPTSTK,MRF,27-Apr-17,52150,CE,0,0,0,4482.55,9890.3,0,0,0,0,17-Apr-17
OPTSTK,MRF,27-Apr-17,52200,CE,0,0,0,4455.75,9840.45,0,0,0,0,17-Apr-17
OPTSTK,MRF,27-Apr-17,52250,CE,0,0,0,4429.05,9790.6,0,0,0,0,17-Apr-17
OPTSTK,MRF,27-Apr-17,52300,CE,0,0,0,4402.5,9740.8,0,0,0,0,17-Apr-17
OPTSTK,MRF,27-Apr-17,52350,CE,0,0,0,4376,9690.95,0,0,0,0,17-Apr-17
OPTSTK,MRF,27-Apr-17,52400,CE,0,0,0,4349.65,9641.1,0,0,0,0,17-Apr-17
OPTSTK,MRF,27-Apr-17,52450,CE,0,0,0,4323.4,9591.25,0,0,0,0,17-Apr-17
OPTSTK,MRF,27-Apr-17,52500,CE,0,0,0,4297.3,9541.45,0,0,0,0,17-Apr-17
OPTSTK,MRF,27-Apr-17,52550,CE,0,0,0,4271.25,9491.6,0,0,0,0,17-Apr-17
OPTSTK,MRF,27-Apr-17,52600,CE,0,0,0,4245.35,9441.8,0,0,0,0,17-Apr-17
OPTSTK,MRF,27-Apr-17,52650,CE,0,0,0,4219.55,9392,0,0,0,0,17-Apr-17
OPTSTK,MRF,27-Apr-17,52700,CE,0,0,0,4193.85,9342.15,0,0,0,0,17-Apr-17
OPTSTK,MRF,27-Apr-17,52750,CE,0,0,0,4168.25,9292.35,0,0,0,0,17-Apr-17
OPTSTK,MRF,27-Apr-17,52800,CE,0,0,0,4142.75,9242.55,0,0,0,0,17-Apr-17
OPTSTK,MRF,27-Apr-17,52850,CE,0,0,0,4117.4,9192.8,0,0,0,0,17-Apr-17
OPTSTK,MRF,27-Apr-17,52900,CE,0,0,0,4092.15,9143,0,0,0,0,17-Apr-17
OPTSTK,MRF,27-Apr-17,52950,CE,0,0,0,4067,9093.2,0,0,0,0,17-Apr-17
OPTSTK,MRF,27-Apr-17,53000,CE,0,0,0,4041.95,9043.45,0,0,0,0,17-Apr-17
OPTSTK,MRF,27-Apr-17,53050,CE,0,0,0,4017,8993.7,0,0,0,0,17-Apr-17
OPTSTK,MRF,27-Apr-17,53100,CE,0,0,0,3992.2,8943.95,0,0,0,0,17-Apr-17
OPTSTK,MRF,27-Apr-17,53150,CE,0,0,0,3967.45,8894.2,0,0,0,0,17-Apr-17
OPTSTK,MRF,27-Apr-17,53200,CE,0,0,0,3942.65,8844.45,0,0,0,0,17-Apr-17
OPTSTK,MRF,27-Apr-17,53250,CE,0,0,0,3918.15,8794.7,0,0,0,0,17-Apr-17
OPTSTK,MRF,27-Apr-17,53300,CE,0,0,0,3893.75,8745,0,0,0,0,17-Apr-17
OPTSTK,MRF,27-Apr-17,53350,CE,0,0,0,3869.5,8695.3,0,0,0,0,17-Apr-17
OPTSTK,MRF,27-Apr-17,53400,CE,0,0,0,3845.3,8645.6,0,0,0,0,17-Apr-17
OPTSTK,MRF,27-Apr-17,53450,CE,0,0,0,3821.25,8595.9,0,0,0,0,17-Apr-17
OPTSTK,MRF,27-Apr-17,53500,CE,0,0,0,3797.3,8546.2,0,0,0,0,17-Apr-17
OPTSTK,MRF,27-Apr-17,53550,CE,0,0,0,3773.45,8496.55,0,0,0,0,17-Apr-17
OPTSTK,MRF,27-Apr-17,53600,CE,0,0,0,3749.7,8446.9,0,0,0,0,17-Apr-17
OPTSTK,MRF,27-Apr-17,53650,CE,0,0,0,3726.1,8397.25,0,0,0,0,17-Apr-17
OPTSTK,MRF,27-Apr-17,53700,CE,0,0,0,3702.55,8347.65,0,0,0,0,17-Apr-17
OPTSTK,MRF,27-Apr-17,53750,CE,0,0,0,3679.15,8298,0,0,0,0,17-Apr-17
OPTSTK,MRF,27-Apr-17,53800,CE,0,0,0,3655.85,8248.4,0,0,0,0,17-Apr-17
OPTSTK,MRF,27-Apr-17,53850,CE,0,0,0,3632.65,8198.85,0,0,0,0,17-Apr-17
OPTSTK,MRF,27-Apr-17,53900,CE,0,0,0,3609.55,8149.25,0,0,0,0,17-Apr-17
OPTSTK,MRF,27-Apr-17,53950,CE,0,0,0,3586.55,8099.7,0,0,0,0,17-Apr-17
OPTSTK,MRF,27-Apr-17,54000,CE,0,0,0,3563.65,8050.15,0,0,0,0,17-Apr-17
OPTSTK,MRF,27-Apr-17,54050,CE,0,0,0,3540.9,8000.65,0,0,0,0,17-Apr-17
OPTSTK,MRF,27-Apr-17,54100,CE,0,0,0,3492.65,7951.15,0,0,0,0,17-Apr-17
OPTSTK,MRF,27-Apr-17,54150,CE,0,0,0,3469.45,7901.65,0,0,0,0,17-Apr-17
OPTSTK,MRF,27-Apr-17,54200,CE,0,0,0,3446.4,7852.2,0,0,0,0,17-Apr-17
OPTSTK,MRF,27-Apr-17,54250,CE,0,0,0,3423.4,7802.75,0,0,0,0,17-Apr-17
OPTSTK,MRF,27-Apr-17,54300,CE,0,0,0,3400.55,7753.3,0,0,0,0,17-Apr-17
OPTSTK,MRF,27-Apr-17,54350,CE,0,0,0,3377.8,7703.9,0,0,0,0,17-Apr-17
OPTSTK,MRF,27-Apr-17,54400,CE,0,0,0,4751.75,7654.55,0,0,0,0,17-Apr-17
OPTSTK,MRF,27-Apr-17,54450,CE,0,0,0,4721.3,7605.2,0,0,0,0,17-Apr-17
OPTSTK,MRF,27-Apr-17,54500,CE,0,0,0,4690.95,7555.85,0,0,0,0,17-Apr-17
OPTSTK,MRF,27-Apr-17,54550,CE,0,0,0,4660.7,7506.55,0,0,0,0,17-Apr-17
OPTSTK,MRF,27-Apr-17,54600,CE,0,0,0,4630.6,7457.25,0,0,0,0,17-Apr-17
OPTSTK,MRF,27-Apr-17,54650,CE,0,0,0,4600.6,7408,0,0,0,0,17-Apr-17
OPTSTK,MRF,27-Apr-17,54700,CE,0,0,0,4570.75,7358.75,0,0,0,0,17-Apr-17
OPTSTK,MRF,27-Apr-17,54750,CE,0,0,0,4541,7309.55,0,0,0,0,17-Apr-17
OPTSTK,MRF,27-Apr-17,54800,CE,0,0,0,4511.4,7260.4,0,0,0,0,17-Apr-17
OPTSTK,MRF,27-Apr-17,54850,CE,0,0,0,4481.9,7211.25,0,0,0,0,17-Apr-17
OPTSTK,MRF,27-Apr-17,54900,CE,0,0,0,4452.55,7162.15,0,0,0,0,17-Apr-17
OPTSTK,MRF,27-Apr-17,54950,CE,0,0,0,4423.3,7113.1,0,0,0,0,17-Apr-17
OPTSTK,MRF,27-Apr-17,55000,CE,0,0,0,4394.2,7064.05,0,0,0,0,17-Apr-17
OPTSTK,MRF,27-Apr-17,55050,CE,0,0,0,4365.2,7015.05,0,0,0,0,17-Apr-17
OPTSTK,MRF,27-Apr-17,55100,CE,0,0,0,4336.35,6966.1,0,0,0,0,17-Apr-17
OPTSTK,MRF,27-Apr-17,55150,CE,0,0,0,4307.6,6917.15,0,0,0,0,17-Apr-17
OPTSTK,MRF,27-Apr-17,55200,CE,0,0,0,4279,6868.25,0,0,0,0,17-Apr-17
OPTSTK,MRF,27-Apr-17,55250,CE,0,0,0,4250.5,6819.4,0,0,0,0,17-Apr-17
OPTSTK,MRF,27-Apr-17,55300,CE,0,0,0,4222.15,6770.6,0,0,0,0,17-Apr-17
OPTSTK,MRF,27-Apr-17,55350,CE,0,0,0,4193.9,6721.85,0,0,0,0,17-Apr-17
OPTSTK,MRF,27-Apr-17,55400,CE,0,0,0,4165.75,6673.1,0,0,0,0,17-Apr-17
OPTSTK,MRF,27-Apr-17,55450,CE,0,0,0,4137.75,6624.45,0,0,0,0,17-Apr-17
OPTSTK,MRF,27-Apr-17,55500,CE,0,0,0,4109.9,6575.8,0,0,0,0,17-Apr-17
OPTSTK,MRF,27-Apr-17,55550,CE,0,0,0,4082.15,6527.2,0,0,0,0,17-Apr-17
OPTSTK,MRF,27-Apr-17,55600,CE,0,0,0,4054.55,6478.7,0,0,0,0,17-Apr-17
OPTSTK,MRF,27-Apr-17,55650,CE,0,0,0,4027.05,6430.2,0,0,0,0,17-Apr-17
OPTSTK,MRF,27-Apr-17,55700,CE,0,0,0,3999.65,6381.75,0,0,0,0,17-Apr-17
OPTSTK,MRF,27-Apr-17,55750,CE,0,0,0,3972.45,6333.4,0,0,0,0,17-Apr-17
OPTSTK,MRF,27-Apr-17,55800,CE,0,0,0,3945.3,6285.1,0,0,0,0,17-Apr-17
OPTSTK,MRF,27-Apr-17,55850,CE,0,0,0,3918.3,6236.8,0,0,0,0,17-Apr-17
OPTSTK,MRF,27-Apr-17,55900,CE,0,0,0,3891.45,6188.6,0,0,0,0,17-Apr-17
OPTSTK,MRF,27-Apr-17,55950,CE,0,0,0,3864.7,6140.45,0,0,0,0,17-Apr-17
OPTSTK,MRF,27-Apr-17,56000,CE,0,0,0,3838.05,6092.4,0,0,0,0,17-Apr-17
OPTSTK,MRF,27-Apr-17,56050,CE,0,0,0,3811.55,6044.4,0,0,0,0,17-Apr-17
OPTSTK,MRF,27-Apr-17,56100,CE,0,0,0,3785.2,5996.45,0,0,0,0,17-Apr-17
OPTSTK,MRF,27-Apr-17,56150,CE,0,0,0,3758.95,5948.55,0,0,0,0,17-Apr-17
OPTSTK,MRF,27-Apr-17,56200,CE,0,0,0,3732.85,5900.75,0,0,0,0,17-Apr-17
OPTSTK,MRF,27-Apr-17,56250,CE,0,0,0,3706.85,5853,0,0,0,0,17-Apr-17
OPTSTK,MRF,27-Apr-17,56300,CE,0,0,0,3680.95,5805.35,0,0,0,0,17-Apr-17
OPTSTK,MRF,27-Apr-17,56350,CE,0,0,0,3655.2,5757.75,0,0,0,0,17-Apr-17
OPTSTK,MRF,27-Apr-17,56400,CE,0,0,0,3629.6,5710.2,0,0,0,0,17-Apr-17
OPTSTK,MRF,27-Apr-17,56450,CE,0,0,0,3604.05,5662.8,0,0,0,0,17-Apr-17
OPTSTK,MRF,27-Apr-17,56500,CE,0,0,0,3578.7,5615.4,0,0,0,0,17-Apr-17
OPTSTK,MRF,27-Apr-17,56550,CE,0,0,0,3553.45,5568.15,0,0,0,0,17-Apr-17
OPTSTK,MRF,27-Apr-17,56600,CE,0,0,0,3528.3,5520.95,0,0,0,0,17-Apr-17
OPTSTK,MRF,27-Apr-17,56650,CE,0,0,0,3503.3,5473.85,0,0,0,0,17-Apr-17
OPTSTK,MRF,27-Apr-17,56700,CE,0,0,0,3478.4,5426.85,0,0,0,0,17-Apr-17
OPTSTK,MRF,27-Apr-17,56750,CE,0,0,0,3453.45,5379.95,0,0,0,0,17-Apr-17
OPTSTK,MRF,27-Apr-17,56800,CE,0,0,0,3428.8,5333.1,0,0,0,0,17-Apr-17
OPTSTK,MRF,27-Apr-17,56850,CE,0,0,0,3404.3,5286.35,0,0,0,0,17-Apr-17
OPTSTK,MRF,27-Apr-17,56900,CE,0,0,0,3379.9,5239.75,0,0,0,0,17-Apr-17
OPTSTK,MRF,27-Apr-17,56950,CE,0,0,0,3355.65,5193.2,0,0,0,0,17-Apr-17
OPTSTK,MRF,27-Apr-17,57000,CE,0,0,0,3331.5,5146.75,0,0,0,0,17-Apr-17
OPTSTK,MRF,27-Apr-17,57050,CE,0,0,0,3307.45,5100.45,0,0,0,0,17-Apr-17
OPTSTK,MRF,27-Apr-17,57100,CE,0,0,0,3283.55,5054.2,0,0,0,0,17-Apr-17
OPTSTK,MRF,27-Apr-17,57150,CE,0,0,0,3259.8,5008.1,0,0,0,0,17-Apr-17
OPTSTK,MRF,27-Apr-17,57200,CE,0,0,0,3236.15,4962.1,0,0,0,0,17-Apr-17
OPTSTK,MRF,27-Apr-17,57250,CE,0,0,0,3212.6,4916.2,0,0,0,0,17-Apr-17
OPTSTK,MRF,27-Apr-17,57300,CE,0,0,0,3189.2,4870.45,0,0,0,0,17-Apr-17
OPTSTK,MRF,27-Apr-17,57350,CE,0,0,0,3165.9,4824.8,0,0,0,0,17-Apr-17
OPTSTK,MRF,27-Apr-17,57400,CE,0,0,0,3142.75,4779.25,0,0,0,0,17-Apr-17
OPTSTK,MRF,27-Apr-17,57450,CE,0,0,0,3119.7,4733.85,0,0,0,0,17-Apr-17
OPTSTK,MRF,27-Apr-17,57500,CE,0,0,0,3096.75,4688.55,0,0,0,0,17-Apr-17
OPTSTK,MRF,27-Apr-17,57550,CE,0,0,0,3073.95,4643.4,0,0,0,0,17-Apr-17
OPTSTK,MRF,27-Apr-17,57600,CE,0,0,0,3051.3,4598.4,0,0,0,0,17-Apr-17
OPTSTK,MRF,27-Apr-17,57650,CE,0,0,0,3028.75,4553.5,0,0,0,0,17-Apr-17
OPTSTK,MRF,27-Apr-17,57700,CE,0,0,0,3006.3,4508.75,0,0,0,0,17-Apr-17
OPTSTK,MRF,27-Apr-17,57750,CE,0,0,0,2983.95,4464.15,0,0,0,0,17-Apr-17
OPTSTK,MRF,27-Apr-17,57800,CE,0,0,0,2961.75,4419.65,0,0,0,0,17-Apr-17
OPTSTK,MRF,27-Apr-17,57850,CE,0,0,0,2939.7,4375.3,0,0,0,0,17-Apr-17
OPTSTK,MRF,27-Apr-17,57900,CE,0,0,0,3291.1,4331.15,0,0,0,0,17-Apr-17
OPTSTK,MRF,27-Apr-17,57950,CE,0,0,0,3266,4287.1,0,0,0,0,17-Apr-17
OPTSTK,MRF,27-Apr-17,58000,CE,0,0,0,3241.3,4243.2,0,0,0,0,17-Apr-17
OPTSTK,MRF,27-Apr-17,58050,CE,0,0,0,3216.7,4199.45,0,0,0,0,17-Apr-17
OPTSTK,MRF,27-Apr-17,58100,CE,0,0,0,3192.2,4155.9,0,0,0,0,17-Apr-17
OPTSTK,MRF,27-Apr-17,58150,CE,0,0,0,3167.9,4112.45,0,0,0,0,17-Apr-17
OPTSTK,MRF,27-Apr-17,58200,CE,0,0,0,3143.7,4069.2,0,0,0,0,17-Apr-17
OPTSTK,MRF,27-Apr-17,58250,CE,0,0,0,3119.6,4026.1,0,0,0,0,17-Apr-17
OPTSTK,MRF,27-Apr-17,58300,CE,0,0,0,3095.65,3983.2,0,0,0,0,17-Apr-17
OPTSTK,MRF,27-Apr-17,58350,CE,0,0,0,3071.85,3940.4,0,0,0,0,17-Apr-17
OPTSTK,MRF,27-Apr-17,58400,CE,0,0,0,3048.15,3897.85,0,0,0,0,17-Apr-17
OPTSTK,MRF,27-Apr-17,58450,CE,0,0,0,3024.6,3855.4,0,0,0,0,17-Apr-17
OPTSTK,MRF,27-Apr-17,58500,CE,0,0,0,3001.15,3813.2,0,0,0,0,17-Apr-17
OPTSTK,MRF,27-Apr-17,58550,CE,0,0,0,2977.85,3771.1,0,0,0,0,17-Apr-17
OPTSTK,MRF,27-Apr-17,58600,CE,0,0,0,2954.7,3729.25,0,0,0,0,17-Apr-17
OPTSTK,MRF,27-Apr-17,58650,CE,0,0,0,2931.65,3687.55,0,0,0,0,17-Apr-17
OPTSTK,MRF,27-Apr-17,58700,CE,0,0,0,2908.75,3646.05,0,0,0,0,17-Apr-17
OPTSTK,MRF,27-Apr-17,58750,CE,0,0,0,2885.95,3604.75,0,0,0,0,17-Apr-17
OPTSTK,MRF,27-Apr-17,58800,CE,0,0,0,2863.3,3563.6,0,0,0,0,17-Apr-17
OPTSTK,MRF,27-Apr-17,58850,CE,0,0,0,2840.75,3522.65,0,0,0,0,17-Apr-17
OPTSTK,MRF,27-Apr-17,58900,CE,0,0,0,2818.35,3481.95,0,0,0,0,17-Apr-17
OPTSTK,MRF,27-Apr-17,58950,CE,0,0,0,2796.05,3441.4,0,0,0,0,17-Apr-17
OPTSTK,MRF,27-Apr-17,59000,CE,0,0,0,2773.9,3401.05,0,0,0,0,17-Apr-17
OPTSTK,MRF,27-Apr-17,59050,CE,0,0,0,2751.9,3360.95,0,0,0,0,17-Apr-17
OPTSTK,MRF,27-Apr-17,59100,CE,0,0,0,3392.75,3321.05,0,0,0,0,17-Apr-17
OPTSTK,MRF,27-Apr-17,59150,CE,0,0,0,3367.15,3281.3,0,0,0,0,17-Apr-17
OPTSTK,MRF,27-Apr-17,59200,CE,0,0,0,3341.7,3241.8,0,0,0,0,17-Apr-17
OPTSTK,MRF,27-Apr-17,59250,CE,0,0,0,3316.4,3202.55,0,0,0,0,17-Apr-17
OPTSTK,MRF,27-Apr-17,59300,CE,0,0,0,3291.2,3163.45,0,0,0,0,17-Apr-17
OPTSTK,MRF,27-Apr-17,59350,CE,0,0,0,3266.15,3124.6,0,0,0,0,17-Apr-17
OPTSTK,MRF,27-Apr-17,59400,CE,0,0,0,3241.25,3086,0,0,0,0,17-Apr-17
OPTSTK,MRF,27-Apr-17,59450,CE,0,0,0,3216.2,3047.6,0,0,0,0,17-Apr-17
OPTSTK,MRF,27-Apr-17,59500,CE,0,0,0,3191.55,3009.4,0,0,0,0,17-Apr-17
OPTSTK,MRF,27-Apr-17,59550,CE,0,0,0,3167,2971.45,0,0,0,0,17-Apr-17
OPTSTK,MRF,27-Apr-17,59600,CE,0,0,0,3142.6,2933.75,0,0,0,0,17-Apr-17
OPTSTK,MRF,27-Apr-17,59650,CE,0,0,0,3118.35,2896.25,0,0,0,0,17-Apr-17
OPTSTK,MRF,27-Apr-17,59700,CE,0,0,0,3094.2,2861.35,0,0,0,0,17-Apr-17
OPTSTK,MRF,27-Apr-17,59750,CE,0,0,0,3070.2,2824.2,0,0,0,0,17-Apr-17
OPTSTK,MRF,27-Apr-17,59800,CE,0,0,0,3046.35,2787.3,0,0,0,0,17-Apr-17
OPTSTK,MRF,27-Apr-17,59850,CE,0,0,0,3022.6,2750.65,0,0,0,0,17-Apr-17
OPTSTK,MRF,27-Apr-17,59900,CE,0,0,0,2998.95,2711.8,0,0,0,0,17-Apr-17
OPTSTK,MRF,27-Apr-17,59950,CE,0,0,0,2975.5,2675.75,0,0,0,0,17-Apr-17
OPTSTK,MRF,27-Apr-17,60000,CE,1605,2300,1605,2300,2300,3,27.92,90,0,17-Apr-17
OPTSTK,MRF,27-Apr-17,60050,CE,0,0,0,2928.9,2604.45,0,0,0,0,17-Apr-17
OPTSTK,MRF,27-Apr-17,60100,CE,0,0,0,2905.8,2569.15,0,0,0,0,17-Apr-17
OPTSTK,MRF,27-Apr-17,60150,CE,0,0,0,2882.85,2534.15,0,0,0,0,17-Apr-17
OPTSTK,MRF,27-Apr-17,60200,CE,0,0,0,2860.05,2499.35,0,0,0,0,17-Apr-17
OPTSTK,MRF,27-Apr-17,60250,CE,0,0,0,2837.3,2464.85,0,0,0,0,17-Apr-17
OPTSTK,MRF,27-Apr-17,60300,CE,0,0,0,2814.75,2430.55,0,0,0,0,17-Apr-17
OPTSTK,MRF,27-Apr-17,60350,CE,0,0,0,2792.3,2396.55,0,0,0,0,17-Apr-17
OPTSTK,MRF,27-Apr-17,60400,CE,0,0,0,2770,2362.8,0,0,0,0,17-Apr-17
OPTSTK,MRF,27-Apr-17,60450,CE,0,0,0,2747.8,2329.35,0,0,0,0,17-Apr-17
OPTSTK,MRF,27-Apr-17,60500,CE,0,0,0,2725.75,2296.15,0,0,0,0,17-Apr-17
OPTSTK,MRF,27-Apr-17,60550,CE,0,0,0,2545.3,2263.2,0,0,0,0,17-Apr-17
OPTSTK,MRF,27-Apr-17,60600,CE,0,0,0,2522.6,2230.5,0,0,0,0,17-Apr-17
OPTSTK,MRF,27-Apr-17,60650,CE,0,0,0,2500,2198.1,0,0,0,0,17-Apr-17
OPTSTK,MRF,27-Apr-17,60700,CE,0,0,0,2477.55,2165.95,0,0,0,0,17-Apr-17
OPTSTK,MRF,27-Apr-17,60750,CE,0,0,0,2455.3,2134.1,0,0,0,0,17-Apr-17
OPTSTK,MRF,27-Apr-17,60800,CE,0,0,0,2433.15,2102.5,0,0,0,0,17-Apr-17
OPTSTK,MRF,27-Apr-17,60850,CE,0,0,0,2411.15,2071.15,0,0,0,0,17-Apr-17
OPTSTK,MRF,27-Apr-17,60900,CE,0,0,0,2389.25,2040.1,0,0,0,0,17-Apr-17
OPTSTK,MRF,27-Apr-17,60950,CE,0,0,0,2576.3,2009.35,0,0,0,0,17-Apr-17
OPTSTK,MRF,27-Apr-17,61000,CE,0,0,0,2551.6,1978.85,0,0,0,0,17-Apr-17
OPTSTK,MRF,27-Apr-17,61050,CE,0,0,0,2527.05,1948.6,0,0,0,0,17-Apr-17
OPTSTK,MRF,27-Apr-17,61100,CE,0,0,0,2502.65,1918.65,0,0,0,0,17-Apr-17
OPTSTK,MRF,27-Apr-17,61150,CE,0,0,0,2478.4,1889,0,0,0,0,17-Apr-17
OPTSTK,MRF,27-Apr-17,61200,CE,0,0,0,2454.35,1859.6,0,0,0,0,17-Apr-17
OPTSTK,MRF,27-Apr-17,61250,CE,0,0,0,2430.45,1830.5,0,0,0,0,17-Apr-17
OPTSTK,MRF,27-Apr-17,61300,CE,0,0,0,2406.7,1801.7,0,0,0,0,17-Apr-17
OPTSTK,MRF,27-Apr-17,61350,CE,0,0,0,2383.1,1773.15,0,0,0,0,17-Apr-17
OPTSTK,MRF,27-Apr-17,61400,CE,0,0,0,2359.65,1744.9,0,0,0,0,17-Apr-17
OPTSTK,MRF,27-Apr-17,61450,CE,0,0,0,2336.4,1716.9,0,0,0,0,17-Apr-17
OPTSTK,MRF,27-Apr-17,61500,CE,0,0,0,2313.3,1689.25,0,0,0,0,17-Apr-17
OPTSTK,MRF,27-Apr-17,61550,CE,0,0,0,2290.35,1661.8,0,0,0,0,17-Apr-17
OPTSTK,MRF,27-Apr-17,61600,CE,0,0,0,2267.55,1634.7,0,0,0,0,17-Apr-17
OPTSTK,MRF,27-Apr-17,61650,CE,0,0,0,2244.95,1607.85,0,0,0,0,17-Apr-17
OPTSTK,MRF,27-Apr-17,61700,CE,0,0,0,2222.45,1581.3,0,0,0,0,17-Apr-17
OPTSTK,MRF,27-Apr-17,61750,CE,0,0,0,2200.15,1555,0,0,0,0,17-Apr-17
OPTSTK,MRF,27-Apr-17,61800,CE,0,0,0,2178,1529.05,0,0,0,0,17-Apr-17
OPTSTK,MRF,27-Apr-17,61850,CE,0,0,0,2156,1503.3,0,0,0,0,17-Apr-17
OPTSTK,MRF,27-Apr-17,61900,CE,0,0,0,2134.2,1477.9,0,0,0,0,17-Apr-17
OPTSTK,MRF,27-Apr-17,61950,CE,0,0,0,2112.5,1452.75,0,0,0,0,17-Apr-17
OPTSTK,MRF,27-Apr-17,62000,CE,0,0,0,1927.35,1427.65,0,0,0,0,17-Apr-17
OPTSTK,MRF,27-Apr-17,62050,CE,0,0,0,1729.3,1403.1,0,0,0,0,17-Apr-17
OPTSTK,MRF,27-Apr-17,62100,CE,0,0,0,1708.05,1378.8,0,0,0,0,17-Apr-17
OPTSTK,MRF,27-Apr-17,62150,CE,0,0,0,1784.35,1354.8,0,0,0,0,17-Apr-17
OPTSTK,MRF,27-Apr-17,62200,CE,0,0,0,1759.85,1331.05,0,0,0,0,17-Apr-17
OPTSTK,MRF,27-Apr-17,62250,CE,0,0,0,1735.55,1307.65,0,0,0,0,17-Apr-17
OPTSTK,MRF,27-Apr-17,62300,CE,0,0,0,1711.5,1284.45,0,0,0,0,17-Apr-17
OPTSTK,MRF,27-Apr-17,62350,CE,0,0,0,1687.65,1261.6,0,0,0,0,17-Apr-17
OPTSTK,MRF,27-Apr-17,62400,CE,0,0,0,1664.05,1239,0,0,0,0,17-Apr-17
OPTSTK,MRF,27-Apr-17,62450,CE,0,0,0,1640.7,1216.65,0,0,0,0,17-Apr-17
OPTSTK,MRF,27-Apr-17,62500,CE,0,0,0,1617.55,1194.65,0,0,0,0,17-Apr-17
OPTSTK,MRF,27-Apr-17,62550,CE,0,0,0,1594.6,1172.85,0,0,0,0,17-Apr-17
OPTSTK,MRF,27-Apr-17,49250,PE,0,0,0,2254.45,0.05,0,0,0,0,17-Apr-17
OPTSTK,MRF,27-Apr-17,49300,PE,0,0,0,2276.3,0.05,0,0,0,0,17-Apr-17
OPTSTK,MRF,27-Apr-17,49350,PE,0,0,0,2298.25,0.05,0,0,0,0,17-Apr-17
OPTSTK,MRF,27-Apr-17,49400,PE,0,0,0,2320.35,0.05,0,0,0,0,17-Apr-17
OPTSTK,MRF,27-Apr-17,49450,PE,0,0,0,2342.6,0.05,0,0,0,0,17-Apr-17
OPTSTK,MRF,27-Apr-17,49500,PE,0,0,0,2364.95,0.05,0,0,0,0,17-Apr-17
OPTSTK,MRF,27-Apr-17,49550,PE,0,0,0,2387.4,0.05,0,0,0,0,17-Apr-17
OPTSTK,MRF,27-Apr-17,49600,PE,0,0,0,2410.05,0.05,0,0,0,0,17-Apr-17
OPTSTK,MRF,27-Apr-17,49650,PE,0,0,0,2432.75,0.05,0,0,0,0,17-Apr-17
OPTSTK,MRF,27-Apr-17,49700,PE,0,0,0,2455.6,0.05,0,0,0,0,17-Apr-17
OPTSTK,MRF,27-Apr-17,49750,PE,0,0,0,2478.6,0.05,0,0,0,0,17-Apr-17
OPTSTK,MRF,27-Apr-17,49800,PE,0,0,0,2501.75,0.05,0,0,0,0,17-Apr-17
OPTSTK,MRF,27-Apr-17,49850,PE,0,0,0,2525,0.05,0,0,0,0,17-Apr-17
OPTSTK,MRF,27-Apr-17,49900,PE,0,0,0,2548.35,0.05,0,0,0,0,17-Apr-17
OPTSTK,MRF,27-Apr-17,49950,PE,0,0,0,2571.85,0.05,0,0,0,0,17-Apr-17
OPTSTK,MRF,27-Apr-17,50000,PE,0,0,0,2595.5,0.05,0,0,0,0,17-Apr-17
OPTSTK,MRF,27-Apr-17,50050,PE,0,0,0,2315.5,0.05,0,0,0,0,17-Apr-17
OPTSTK,MRF,27-Apr-17,50100,PE,0,0,0,2337.35,0.1,0,0,0,0,17-Apr-17
OPTSTK,MRF,27-Apr-17,50150,PE,0,0,0,2359.3,0.1,0,0,0,0,17-Apr-17
OPTSTK,MRF,27-Apr-17,50200,PE,0,0,0,2381.45,0.1,0,0,0,0,17-Apr-17
OPTSTK,MRF,27-Apr-17,50250,PE,0,0,0,2403.65,0.1,0,0,0,0,17-Apr-17
OPTSTK,MRF,27-Apr-17,50300,PE,0,0,0,2426,0.1,0,0,0,0,17-Apr-17
OPTSTK,MRF,27-Apr-17,50350,PE,0,0,0,2448.5,0.1,0,0,0,0,17-Apr-17
OPTSTK,MRF,27-Apr-17,50400,PE,0,0,0,2471.1,0.1,0,0,0,0,17-Apr-17
OPTSTK,MRF,27-Apr-17,50450,PE,0,0,0,2493.85,0.1,0,0,0,0,17-Apr-17
OPTSTK,MRF,27-Apr-17,50500,PE,0,0,0,2516.7,0.15,0,0,0,0,17-Apr-17
OPTSTK,MRF,27-Apr-17,50550,PE,0,0,0,2539.7,0.15,0,0,0,0,17-Apr-17
OPTSTK,MRF,27-Apr-17,50600,PE,0,0,0,2457.8,0.15,0,0,0,0,17-Apr-17
OPTSTK,MRF,27-Apr-17,50650,PE,0,0,0,2459.9,0.15,0,0,0,0,17-Apr-17
OPTSTK,MRF,27-Apr-17,50700,PE,0,0,0,2481.9,0.15,0,0,0,0,17-Apr-17
OPTSTK,MRF,27-Apr-17,50750,PE,0,0,0,2504,0.15,0,0,0,0,17-Apr-17
OPTSTK,MRF,27-Apr-17,50800,PE,0,0,0,2526.2,0.2,0,0,0,0,17-Apr-17
OPTSTK,MRF,27-Apr-17,50850,PE,0,0,0,2548.55,0.2,0,0,0,0,17-Apr-17
OPTSTK,MRF,27-Apr-17,50900,PE,0,0,0,2571,0.2,0,0,0,0,17-Apr-17
OPTSTK,MRF,27-Apr-17,50950,PE,0,0,0,2596.25,0.2,0,0,0,0,17-Apr-17
OPTSTK,MRF,27-Apr-17,51000,PE,0,0,0,2618.5,0.25,0,0,0,0,17-Apr-17
OPTSTK,MRF,27-Apr-17,51050,PE,0,0,0,2640.85,0.25,0,0,0,0,17-Apr-17
OPTSTK,MRF,27-Apr-17,51100,PE,0,0,0,2663.3,0.25,0,0,0,0,17-Apr-17
OPTSTK,MRF,27-Apr-17,51150,PE,0,0,0,2685.9,0.3,0,0,0,0,17-Apr-17
OPTSTK,MRF,27-Apr-17,51200,PE,0,0,0,2708.6,0.3,0,0,0,0,17-Apr-17
OPTSTK,MRF,27-Apr-17,51250,PE,0,0,0,2731.4,0.3,0,0,0,0,17-Apr-17
OPTSTK,MRF,27-Apr-17,51300,PE,0,0,0,2754.3,0.35,0,0,0,0,17-Apr-17
OPTSTK,MRF,27-Apr-17,51350,PE,0,0,0,2777.35,0.35,0,0,0,0,17-Apr-17
OPTSTK,MRF,27-Apr-17,51400,PE,0,0,0,2800.5,0.4,0,0,0,0,17-Apr-17
OPTSTK,MRF,27-Apr-17,51450,PE,0,0,0,2823.75,0.4,0,0,0,0,17-Apr-17
OPTSTK,MRF,27-Apr-17,51500,PE,0,0,0,2847.15,0.45,0,0,0,0,17-Apr-17
OPTSTK,MRF,27-Apr-17,51550,PE,0,0,0,2870.6,0.45,0,0,0,0,17-Apr-17
OPTSTK,MRF,27-Apr-17,51600,PE,0,0,0,2894.2,0.5,0,0,0,0,17-Apr-17
OPTSTK,MRF,27-Apr-17,51650,PE,0,0,0,2917.95,0.55,0,0,0,0,17-Apr-17
OPTSTK,MRF,27-Apr-17,51700,PE,0,0,0,2941.75,0.55,0,0,0,0,17-Apr-17
OPTSTK,MRF,27-Apr-17,51750,PE,0,0,0,2965.7,0.6,0,0,0,0,17-Apr-17
OPTSTK,MRF,27-Apr-17,51800,PE,0,0,0,2989.75,0.65,0,0,0,0,17-Apr-17
OPTSTK,MRF,27-Apr-17,51850,PE,0,0,0,3013.9,0.7,0,0,0,0,17-Apr-17
OPTSTK,MRF,27-Apr-17,51900,PE,0,0,0,3038.2,0.7,0,0,0,0,17-Apr-17
OPTSTK,MRF,27-Apr-17,51950,PE,0,0,0,3062.6,0.75,0,0,0,0,17-Apr-17
OPTSTK,MRF,27-Apr-17,52000,PE,0,0,0,3087.1,0.8,0,0,0,0,17-Apr-17
OPTSTK,MRF,27-Apr-17,52050,PE,0,0,0,2665.2,0.85,0,0,0,0,17-Apr-17
OPTSTK,MRF,27-Apr-17,52100,PE,0,0,0,2687.35,0.9,0,0,0,0,17-Apr-17
OPTSTK,MRF,27-Apr-17,52150,PE,0,0,0,2709.65,1,0,0,0,0,17-Apr-17
OPTSTK,MRF,27-Apr-17,52200,PE,0,0,0,2732,1.05,0,0,0,0,17-Apr-17
OPTSTK,MRF,27-Apr-17,52250,PE,0,0,0,2754.5,1.1,0,0,0,0,17-Apr-17
OPTSTK,MRF,27-Apr-17,52300,PE,0,0,0,2777.1,1.15,0,0,0,0,17-Apr-17
OPTSTK,MRF,27-Apr-17,52350,PE,0,0,0,2799.8,1.25,0,0,0,0,17-Apr-17
OPTSTK,MRF,27-Apr-17,52400,PE,0,0,0,2822.65,1.3,0,0,0,0,17-Apr-17
OPTSTK,MRF,27-Apr-17,52450,PE,0,0,0,2845.6,1.4,0,0,0,0,17-Apr-17
OPTSTK,MRF,27-Apr-17,52500,PE,0,0,0,2868.6,1.5,0,0,0,0,17-Apr-17
OPTSTK,MRF,27-Apr-17,52550,PE,0,0,0,2891.75,1.55,0,0,0,0,17-Apr-17
OPTSTK,MRF,27-Apr-17,52600,PE,0,0,0,2915.05,1.65,0,0,0,0,17-Apr-17
OPTSTK,MRF,27-Apr-17,52650,PE,0,0,0,2938.4,1.75,0,0,0,0,17-Apr-17
OPTSTK,MRF,27-Apr-17,52700,PE,0,0,0,2961.9,1.85,0,0,0,0,17-Apr-17
OPTSTK,MRF,27-Apr-17,52750,PE,0,0,0,2985.5,2,0,0,0,0,17-Apr-17
OPTSTK,MRF,27-Apr-17,52800,PE,0,0,0,3009.2,2.1,0,0,0,0,17-Apr-17
OPTSTK,MRF,27-Apr-17,52850,PE,0,0,0,3033,2.2,0,0,0,0,17-Apr-17
OPTSTK,MRF,27-Apr-17,52900,PE,0,0,0,3056.9,2.35,0,0,0,0,17-Apr-17
OPTSTK,MRF,27-Apr-17,52950,PE,0,0,0,3080.95,2.5,0,0,0,0,17-Apr-17
OPTSTK,MRF,27-Apr-17,53000,PE,0,0,0,3105.05,2.65,0,0,0,0,17-Apr-17
OPTSTK,MRF,27-Apr-17,53050,PE,0,0,0,3129.3,2.8,0,0,0,0,17-Apr-17
OPTSTK,MRF,27-Apr-17,53100,PE,0,0,0,3153.65,2.95,0,0,0,0,17-Apr-17
OPTSTK,MRF,27-Apr-17,53150,PE,0,0,0,3178.15,3.1,0,0,0,0,17-Apr-17
OPTSTK,MRF,27-Apr-17,53200,PE,0,0,0,3202.5,3.3,0,0,0,0,17-Apr-17
OPTSTK,MRF,27-Apr-17,53250,PE,0,0,0,3227.2,3.45,0,0,0,0,17-Apr-17
OPTSTK,MRF,27-Apr-17,53300,PE,0,0,0,3252,3.65,0,0,0,0,17-Apr-17
OPTSTK,MRF,27-Apr-17,53350,PE,0,0,0,3276.85,3.85,0,0,0,0,17-Apr-17
OPTSTK,MRF,27-Apr-17,53400,PE,0,0,0,3301.9,4.05,0,0,0,0,17-Apr-17
OPTSTK,MRF,27-Apr-17,53450,PE,0,0,0,3327,4.3,0,0,0,0,17-Apr-17
OPTSTK,MRF,27-Apr-17,53500,PE,0,0,0,3352.2,4.55,0,0,0,0,17-Apr-17
OPTSTK,MRF,27-Apr-17,53550,PE,0,0,0,3377.55,4.8,0,0,0,0,17-Apr-17
OPTSTK,MRF,27-Apr-17,53600,PE,0,0,0,3403,5.05,0,0,0,0,17-Apr-17
OPTSTK,MRF,27-Apr-17,53650,PE,0,0,0,3428.55,5.3,0,0,0,0,17-Apr-17
OPTSTK,MRF,27-Apr-17,53700,PE,0,0,0,3454.2,5.6,0,0,0,0,17-Apr-17
OPTSTK,MRF,27-Apr-17,53750,PE,0,0,0,3479.95,5.9,0,0,0,0,17-Apr-17
OPTSTK,MRF,27-Apr-17,53800,PE,0,0,0,3505.85,6.2,0,0,0,0,17-Apr-17
OPTSTK,MRF,27-Apr-17,53850,PE,0,0,0,3531.8,6.55,0,0,0,0,17-Apr-17
OPTSTK,MRF,27-Apr-17,53900,PE,0,0,0,3557.9,6.85,0,0,0,0,17-Apr-17
OPTSTK,MRF,27-Apr-17,53950,PE,0,0,0,3584.1,7.25,0,0,0,0,17-Apr-17
OPTSTK,MRF,27-Apr-17,54000,PE,0,0,0,3610.4,7.6,0,0,0,0,17-Apr-17
OPTSTK,MRF,27-Apr-17,54050,PE,0,0,0,3636.8,8,0,0,0,0,17-Apr-17
OPTSTK,MRF,27-Apr-17,54100,PE,0,0,0,3391.7,8.4,0,0,0,0,17-Apr-17
OPTSTK,MRF,27-Apr-17,54150,PE,0,0,0,3417.7,8.85,0,0,0,0,17-Apr-17
OPTSTK,MRF,27-Apr-17,54200,PE,0,0,0,3443.85,9.3,0,0,0,0,17-Apr-17
OPTSTK,MRF,27-Apr-17,54250,PE,0,0,0,3470.1,9.75,0,0,0,0,17-Apr-17
OPTSTK,MRF,27-Apr-17,54300,PE,0,0,0,3496.45,10.25,0,0,0,0,17-Apr-17
OPTSTK,MRF,27-Apr-17,54350,PE,0,0,0,3522.9,10.75,0,0,0,0,17-Apr-17
OPTSTK,MRF,27-Apr-17,54400,PE,0,0,0,1899.55,11.3,0,0,0,0,17-Apr-17
OPTSTK,MRF,27-Apr-17,54450,PE,0,0,0,1918.7,11.85,0,0,0,0,17-Apr-17
OPTSTK,MRF,27-Apr-17,54500,PE,0,0,0,1937.95,12.4,0,0,0,0,17-Apr-17
OPTSTK,MRF,27-Apr-17,54550,PE,0,0,0,1957.35,13,0,0,0,0,17-Apr-17
OPTSTK,MRF,27-Apr-17,54600,PE,0,0,0,1976.85,13.65,0,0,0,0,17-Apr-17
OPTSTK,MRF,27-Apr-17,54650,PE,0,0,0,1996.5,14.3,0,0,0,0,17-Apr-17
OPTSTK,MRF,27-Apr-17,54700,PE,0,0,0,2016.25,15,0,0,0,0,17-Apr-17
OPTSTK,MRF,27-Apr-17,54750,PE,0,0,0,2036.15,15.7,0,0,0,0,17-Apr-17
OPTSTK,MRF,27-Apr-17,54800,PE,0,0,0,2056.15,16.45,0,0,0,0,17-Apr-17
OPTSTK,MRF,27-Apr-17,54850,PE,0,0,0,2076.25,17.25,0,0,0,0,17-Apr-17
OPTSTK,MRF,27-Apr-17,54900,PE,0,0,0,2096.5,18.05,0,0,0,0,17-Apr-17
OPTSTK,MRF,27-Apr-17,54950,PE,0,0,0,2116.9,18.85,0,0,0,0,17-Apr-17
OPTSTK,MRF,27-Apr-17,55000,PE,0,0,0,2137.4,19.75,0,0,0,0,17-Apr-17
OPTSTK,MRF,27-Apr-17,55050,PE,0,0,0,2158.05,20.65,0,0,0,0,17-Apr-17
OPTSTK,MRF,27-Apr-17,55100,PE,0,0,0,2178.8,21.6,0,0,0,0,17-Apr-17
OPTSTK,MRF,27-Apr-17,55150,PE,0,0,0,2199.65,22.6,0,0,0,0,17-Apr-17
OPTSTK,MRF,27-Apr-17,55200,PE,0,0,0,2220.65,23.6,0,0,0,0,17-Apr-17
OPTSTK,MRF,27-Apr-17,55250,PE,0,0,0,2241.8,24.65,0,0,0,0,17-Apr-17
OPTSTK,MRF,27-Apr-17,55300,PE,0,0,0,2263.05,25.75,0,0,0,0,17-Apr-17
OPTSTK,MRF,27-Apr-17,55350,PE,0,0,0,2284.4,26.9,0,0,0,0,17-Apr-17
OPTSTK,MRF,27-Apr-17,55400,PE,0,0,0,2305.9,28.1,0,0,0,0,17-Apr-17
OPTSTK,MRF,27-Apr-17,55450,PE,0,0,0,2327.55,29.35,0,0,0,0,17-Apr-17
OPTSTK,MRF,27-Apr-17,55500,PE,0,0,0,2349.3,30.65,0,0,0,0,17-Apr-17
OPTSTK,MRF,27-Apr-17,55550,PE,0,0,0,2371.15,31.95,0,0,0,0,17-Apr-17
OPTSTK,MRF,27-Apr-17,55600,PE,0,0,0,2393.15,33.35,0,0,0,0,17-Apr-17
OPTSTK,MRF,27-Apr-17,55650,PE,0,0,0,2415.3,34.75,0,0,0,0,17-Apr-17
OPTSTK,MRF,27-Apr-17,55700,PE,0,0,0,2437.55,36.25,0,0,0,0,17-Apr-17
OPTSTK,MRF,27-Apr-17,55750,PE,0,0,0,2459.9,37.8,0,0,0,0,17-Apr-17
OPTSTK,MRF,27-Apr-17,55800,PE,0,0,0,2482.4,39.4,0,0,0,0,17-Apr-17
OPTSTK,MRF,27-Apr-17,55850,PE,0,0,0,2505,41.05,0,0,0,0,17-Apr-17
OPTSTK,MRF,27-Apr-17,55900,PE,0,0,0,2527.75,42.75,0,0,0,0,17-Apr-17
OPTSTK,MRF,27-Apr-17,55950,PE,0,0,0,2550.65,44.5,0,0,0,0,17-Apr-17
OPTSTK,MRF,27-Apr-17,56000,PE,0,0,0,2573.65,46.35,0,0,0,0,17-Apr-17
OPTSTK,MRF,27-Apr-17,56050,PE,0,0,0,2596.75,48.25,0,0,0,0,17-Apr-17
OPTSTK,MRF,27-Apr-17,56100,PE,0,0,0,2620,50.2,0,0,0,0,17-Apr-17
OPTSTK,MRF,27-Apr-17,56150,PE,0,0,0,2643.35,52.25,0,0,0,0,17-Apr-17
OPTSTK,MRF,27-Apr-17,56200,PE,0,0,0,2666.85,54.35,0,0,0,0,17-Apr-17
OPTSTK,MRF,27-Apr-17,56250,PE,0,0,0,2690.5,56.5,0,0,0,0,17-Apr-17
OPTSTK,MRF,27-Apr-17,56300,PE,0,0,0,2714.2,58.75,0,0,0,0,17-Apr-17
OPTSTK,MRF,27-Apr-17,56350,PE,0,0,0,2738.1,61.1,0,0,0,0,17-Apr-17
OPTSTK,MRF,27-Apr-17,56400,PE,0,0,0,2762.1,63.5,0,0,0,0,17-Apr-17
OPTSTK,MRF,27-Apr-17,56450,PE,0,0,0,2786.2,65.95,0,0,0,0,17-Apr-17
OPTSTK,MRF,27-Apr-17,56500,PE,0,0,0,2810.45,68.5,0,0,0,0,17-Apr-17
OPTSTK,MRF,27-Apr-17,56550,PE,0,0,0,2834.8,71.15,0,0,0,0,17-Apr-17
OPTSTK,MRF,27-Apr-17,56600,PE,0,0,0,2859.3,73.85,0,0,0,0,17-Apr-17
OPTSTK,MRF,27-Apr-17,56650,PE,0,0,0,2883.9,76.7,0,0,0,0,17-Apr-17
OPTSTK,MRF,27-Apr-17,56700,PE,0,0,0,2908.65,79.6,0,0,0,0,17-Apr-17
OPTSTK,MRF,27-Apr-17,56750,PE,0,0,0,2933.25,82.6,0,0,0,0,17-Apr-17
OPTSTK,MRF,27-Apr-17,56800,PE,0,0,0,2958.25,85.65,0,0,0,0,17-Apr-17
OPTSTK,MRF,27-Apr-17,56850,PE,0,0,0,2983.35,88.85,0,0,0,0,17-Apr-17
OPTSTK,MRF,27-Apr-17,56900,PE,0,0,0,3008.6,92.1,0,0,0,0,17-Apr-17
OPTSTK,MRF,27-Apr-17,56950,PE,0,0,0,3033.95,95.5,0,0,0,0,17-Apr-17
OPTSTK,MRF,27-Apr-17,57000,PE,0,0,0,3059.4,99,0,0,0,0,17-Apr-17
OPTSTK,MRF,27-Apr-17,57050,PE,0,0,0,3085,102.55,0,0,0,0,17-Apr-17
OPTSTK,MRF,27-Apr-17,57100,PE,0,0,0,3110.7,106.25,0,0,0,0,17-Apr-17
OPTSTK,MRF,27-Apr-17,57150,PE,0,0,0,3136.55,110.05,0,0,0,0,17-Apr-17
OPTSTK,MRF,27-Apr-17,57200,PE,0,0,0,3162.5,113.95,0,0,0,0,17-Apr-17
OPTSTK,MRF,27-Apr-17,57250,PE,0,0,0,3188.6,118,0,0,0,0,17-Apr-17
OPTSTK,MRF,27-Apr-17,57300,PE,0,0,0,3214.8,122.15,0,0,0,0,17-Apr-17
OPTSTK,MRF,27-Apr-17,57350,PE,0,0,0,3241.15,126.4,0,0,0,0,17-Apr-17
OPTSTK,MRF,27-Apr-17,57400,PE,0,0,0,3267.6,130.8,0,0,0,0,17-Apr-17
OPTSTK,MRF,27-Apr-17,57450,PE,0,0,0,3294.2,135.3,0,0,0,0,17-Apr-17
OPTSTK,MRF,27-Apr-17,57500,PE,0,0,0,3320.85,139.9,0,0,0,0,17-Apr-17
OPTSTK,MRF,27-Apr-17,57550,PE,0,0,0,3347.7,144.65,0,0,0,0,17-Apr-17
OPTSTK,MRF,27-Apr-17,57600,PE,0,0,0,3374.6,149.55,0,0,0,0,17-Apr-17
OPTSTK,MRF,27-Apr-17,57650,PE,0,0,0,3401.7,154.6,0,0,0,0,17-Apr-17
OPTSTK,MRF,27-Apr-17,57700,PE,0,0,0,3428.85,159.75,0,0,0,0,17-Apr-17
OPTSTK,MRF,27-Apr-17,57750,PE,0,0,0,3456.15,165.05,0,0,0,0,17-Apr-17
OPTSTK,MRF,27-Apr-17,57800,PE,0,0,0,3483.6,170.45,0,0,0,0,17-Apr-17
OPTSTK,MRF,27-Apr-17,57850,PE,0,0,0,3511.1,176.05,0,0,0,0,17-Apr-17
OPTSTK,MRF,27-Apr-17,57900,PE,0,0,0,2761.05,181.8,0,0,0,0,17-Apr-17
OPTSTK,MRF,27-Apr-17,57950,PE,0,0,0,2785.6,187.65,0,0,0,0,17-Apr-17
OPTSTK,MRF,27-Apr-17,58000,PE,0,0,0,2810.55,193.7,0,0,0,0,17-Apr-17
OPTSTK,MRF,27-Apr-17,58050,PE,0,0,0,2835.65,199.85,0,0,0,0,17-Apr-17
OPTSTK,MRF,27-Apr-17,58100,PE,0,0,0,2860.85,206.2,0,0,0,0,17-Apr-17
OPTSTK,MRF,27-Apr-17,58150,PE,0,0,0,2886.15,212.7,0,0,0,0,17-Apr-17
OPTSTK,MRF,27-Apr-17,58200,PE,0,0,0,2911.6,219.35,0,0,0,0,17-Apr-17
OPTSTK,MRF,27-Apr-17,58250,PE,0,0,0,2937.2,226.15,0,0,0,0,17-Apr-17
OPTSTK,MRF,27-Apr-17,58300,PE,0,0,0,2962.95,233.15,0,0,0,0,17-Apr-17
OPTSTK,MRF,27-Apr-17,58350,PE,0,0,0,2988.8,240.3,0,0,0,0,17-Apr-17
OPTSTK,MRF,27-Apr-17,58400,PE,0,0,0,3014.75,247.6,0,0,0,0,17-Apr-17
OPTSTK,MRF,27-Apr-17,58450,PE,0,0,0,3040.85,255.1,0,0,0,0,17-Apr-17
OPTSTK,MRF,27-Apr-17,58500,PE,0,0,0,3067.1,262.8,0,0,0,0,17-Apr-17
OPTSTK,MRF,27-Apr-17,58550,PE,0,0,0,3093.5,270.65,0,0,0,0,17-Apr-17
OPTSTK,MRF,27-Apr-17,58600,PE,0,0,0,3119.95,278.65,0,0,0,0,17-Apr-17
OPTSTK,MRF,27-Apr-17,58650,PE,0,0,0,3146.6,286.9,0,0,0,0,17-Apr-17
OPTSTK,MRF,27-Apr-17,58700,PE,0,0,0,3173.35,295.3,0,0,0,0,17-Apr-17
OPTSTK,MRF,27-Apr-17,58750,PE,0,0,0,3200.25,303.9,0,0,0,0,17-Apr-17
OPTSTK,MRF,27-Apr-17,58800,PE,0,0,0,3227.25,312.7,0,0,0,0,17-Apr-17
OPTSTK,MRF,27-Apr-17,58850,PE,0,0,0,3254.35,321.65,0,0,0,0,17-Apr-17
OPTSTK,MRF,27-Apr-17,58900,PE,0,0,0,3281.65,330.85,0,0,0,0,17-Apr-17
OPTSTK,MRF,27-Apr-17,58950,PE,0,0,0,3309.05,340.25,0,0,0,0,17-Apr-17
OPTSTK,MRF,27-Apr-17,59000,PE,0,0,0,3336.55,349.8,0,0,0,0,17-Apr-17
OPTSTK,MRF,27-Apr-17,59050,PE,0,0,0,3364.2,359.6,0,0,0,0,17-Apr-17
OPTSTK,MRF,27-Apr-17,59100,PE,0,0,0,2612.8,369.6,0,0,0,0,17-Apr-17
OPTSTK,MRF,27-Apr-17,59150,PE,0,0,0,2636.9,379.8,0,0,0,0,17-Apr-17
OPTSTK,MRF,27-Apr-17,59200,PE,0,0,0,2661.15,390.2,0,0,0,0,17-Apr-17
OPTSTK,MRF,27-Apr-17,59250,PE,0,0,0,2685.5,400.85,0,0,0,0,17-Apr-17
OPTSTK,MRF,27-Apr-17,59300,PE,0,0,0,2710,411.65,0,0,0,0,17-Apr-17
OPTSTK,MRF,27-Apr-17,59350,PE,0,0,0,2734.65,422.75,0,0,0,0,17-Apr-17
OPTSTK,MRF,27-Apr-17,59400,PE,0,0,0,2759.4,434,0,0,0,0,17-Apr-17
OPTSTK,MRF,27-Apr-17,59450,PE,0,0,0,2784.05,445.55,0,0,0,0,17-Apr-17
OPTSTK,MRF,27-Apr-17,59500,PE,0,0,0,2809.05,457.25,0,0,0,0,17-Apr-17
OPTSTK,MRF,27-Apr-17,59550,PE,0,0,0,2834.2,469.25,0,0,0,0,17-Apr-17
OPTSTK,MRF,27-Apr-17,59600,PE,0,0,0,2859.5,481.4,0,0,0,0,17-Apr-17
OPTSTK,MRF,27-Apr-17,59650,PE,0,0,0,2884.95,493.85,0,0,0,0,17-Apr-17
OPTSTK,MRF,27-Apr-17,59700,PE,0,0,0,2910.5,508.85,0,0,0,0,17-Apr-17
OPTSTK,MRF,27-Apr-17,59750,PE,0,0,0,2936.15,521.65,0,0,0,0,17-Apr-17
OPTSTK,MRF,27-Apr-17,59800,PE,0,0,0,2961.95,534.65,0,0,0,0,17-Apr-17
OPTSTK,MRF,27-Apr-17,59850,PE,0,0,0,2987.9,547.9,0,0,0,0,17-Apr-17
OPTSTK,MRF,27-Apr-17,59900,PE,0,0,0,3014,558.95,0,0,0,0,17-Apr-17
OPTSTK,MRF,27-Apr-17,59950,PE,0,0,0,3040.2,572.85,0,0,0,0,17-Apr-17
OPTSTK,MRF,27-Apr-17,60000,PE,600,600,600,600,600,1,9.09,75,0,17-Apr-17
OPTSTK,MRF,27-Apr-17,60050,PE,0,0,0,3092.95,601.35,0,0,0,0,17-Apr-17
OPTSTK,MRF,27-Apr-17,60100,PE,0,0,0,3119.55,616,0,0,0,0,17-Apr-17
OPTSTK,MRF,27-Apr-17,60150,PE,0,0,0,3146.3,630.85,0,0,0,0,17-Apr-17
OPTSTK,MRF,27-Apr-17,60200,PE,0,0,0,3173.15,646,0,0,0,0,17-Apr-17
OPTSTK,MRF,27-Apr-17,60250,PE,0,0,0,3200.1,661.4,0,0,0,0,17-Apr-17
OPTSTK,MRF,27-Apr-17,60300,PE,0,0,0,3227.25,677.05,0,0,0,0,17-Apr-17
OPTSTK,MRF,27-Apr-17,60350,PE,0,0,0,3254.45,692.95,0,0,0,0,17-Apr-17
OPTSTK,MRF,27-Apr-17,60400,PE,0,0,0,3281.85,709.1,0,0,0,0,17-Apr-17
OPTSTK,MRF,27-Apr-17,60450,PE,0,0,0,3309.3,725.55,0,0,0,0,17-Apr-17
OPTSTK,MRF,27-Apr-17,60500,PE,0,0,0,3336.95,742.25,0,0,0,0,17-Apr-17
OPTSTK,MRF,27-Apr-17,60550,PE,0,0,0,2869.9,759.2,0,0,0,0,17-Apr-17
OPTSTK,MRF,27-Apr-17,60600,PE,0,0,0,2896.9,776.45,0,0,0,0,17-Apr-17
OPTSTK,MRF,27-Apr-17,60650,PE,0,0,0,2924,793.95,0,0,0,0,17-Apr-17
OPTSTK,MRF,27-Apr-17,60700,PE,0,0,0,2951.3,811.7,0,0,0,0,17-Apr-17
OPTSTK,MRF,27-Apr-17,60750,PE,0,0,0,2978.75,829.75,0,0,0,0,17-Apr-17
OPTSTK,MRF,27-Apr-17,60800,PE,0,0,0,3006.3,848.1,0,0,0,0,17-Apr-17
OPTSTK,MRF,27-Apr-17,60850,PE,0,0,0,3034.05,866.65,0,0,0,0,17-Apr-17
OPTSTK,MRF,27-Apr-17,60900,PE,0,0,0,3061.9,885.55,0,0,0,0,17-Apr-17
OPTSTK,MRF,27-Apr-17,60950,PE,0,0,0,2296.55,904.65,0,0,0,0,17-Apr-17
OPTSTK,MRF,27-Apr-17,61000,PE,0,0,0,2321.6,924.1,0,0,0,0,17-Apr-17
OPTSTK,MRF,27-Apr-17,61050,PE,0,0,0,2346.8,943.8,0,0,0,0,17-Apr-17
OPTSTK,MRF,27-Apr-17,61100,PE,0,0,0,2372.2,963.75,0,0,0,0,17-Apr-17
OPTSTK,MRF,27-Apr-17,61150,PE,0,0,0,2397.75,984,0,0,0,0,17-Apr-17
OPTSTK,MRF,27-Apr-17,61200,PE,0,0,0,2423.45,1004.55,0,0,0,0,17-Apr-17
OPTSTK,MRF,27-Apr-17,61250,PE,0,0,0,2449.3,1025.35,0,0,0,0,17-Apr-17
OPTSTK,MRF,27-Apr-17,61300,PE,0,0,0,2475.35,1046.45,0,0,0,0,17-Apr-17
OPTSTK,MRF,27-Apr-17,61350,PE,0,0,0,2501.5,1067.8,0,0,0,0,17-Apr-17
OPTSTK,MRF,27-Apr-17,61400,PE,0,0,0,2527.85,1089.45,0,0,0,0,17-Apr-17
OPTSTK,MRF,27-Apr-17,61450,PE,0,0,0,2554.35,1111.4,0,0,0,0,17-Apr-17
OPTSTK,MRF,27-Apr-17,61500,PE,0,0,0,2581.05,1133.6,0,0,0,0,17-Apr-17
OPTSTK,MRF,27-Apr-17,61550,PE,0,0,0,2607.85,1156.1,0,0,0,0,17-Apr-17
OPTSTK,MRF,27-Apr-17,61600,PE,0,0,0,2634.85,1178.9,0,0,0,0,17-Apr-17
OPTSTK,MRF,27-Apr-17,61650,PE,0,0,0,2662,1201.95,0,0,0,0,17-Apr-17
OPTSTK,MRF,27-Apr-17,61700,PE,0,0,0,2689.3,1225.35,0,0,0,0,17-Apr-17
OPTSTK,MRF,27-Apr-17,61750,PE,0,0,0,2716.8,1248.95,0,0,0,0,17-Apr-17
OPTSTK,MRF,27-Apr-17,61800,PE,0,0,0,2744.4,1272.9,0,0,0,0,17-Apr-17
OPTSTK,MRF,27-Apr-17,61850,PE,0,0,0,2772.2,1297.1,0,0,0,0,17-Apr-17
OPTSTK,MRF,27-Apr-17,61900,PE,0,0,0,2800.15,1321.6,0,0,0,0,17-Apr-17
OPTSTK,MRF,27-Apr-17,61950,PE,0,0,0,2828.2,1346.35,0,0,0,0,17-Apr-17
OPTSTK,MRF,27-Apr-17,62000,PE,0,0,0,2681.55,1371.15,0,0,0,0,17-Apr-17
OPTSTK,MRF,27-Apr-17,62050,PE,0,0,0,2447.1,1396.5,0,0,0,0,17-Apr-17
OPTSTK,MRF,27-Apr-17,62100,PE,0,0,0,2475.7,1422.15,0,0,0,0,17-Apr-17
OPTSTK,MRF,27-Apr-17,62150,PE,0,0,0,1697.4,1448.05,0,0,0,0,17-Apr-17
OPTSTK,MRF,27-Apr-17,62200,PE,0,0,0,1722.75,1474.25,0,0,0,0,17-Apr-17
OPTSTK,MRF,27-Apr-17,62250,PE,0,0,0,1748.3,1500.7,0,0,0,0,17-Apr-17
OPTSTK,MRF,27-Apr-17,62300,PE,0,0,0,1774.1,1527.45,0,0,0,0,17-Apr-17
OPTSTK,MRF,27-Apr-17,62350,PE,0,0,0,1800.15,1554.5,0,0,0,0,17-Apr-17
OPTSTK,MRF,27-Apr-17,62400,PE,0,0,0,1826.4,1581.8,0,0,0,0,17-Apr-17
OPTSTK,MRF,27-Apr-17,62450,PE,0,0,0,1852.9,1609.4,0,0,0,0,17-Apr-17
OPTSTK,MRF,27-Apr-17,62500,PE,0,0,0,1879.6,1637.25,0,0,0,0,17-Apr-17
OPTSTK,MRF,27-Apr-17,62550,PE,0,0,0,1906.5,1665.4,0,0,0,0,17-Apr-17
OPTSTK,MRF,25-May-17,50500,CE,0,0,0,3957.85,11855.5,0,0,0,0,17-Apr-17
OPTSTK,MRF,25-May-17,50550,CE,0,0,0,3930.05,11807.45,0,0,0,0,17-Apr-17
OPTSTK,MRF,25-May-17,50600,CE,0,0,0,3902.4,11759.4,0,0,0,0,17-Apr-17
OPTSTK,MRF,25-May-17,50650,CE,0,0,0,3874.85,11711.4,0,0,0,0,17-Apr-17
OPTSTK,MRF,25-May-17,50700,CE,0,0,0,3847.45,11663.45,0,0,0,0,17-Apr-17
OPTSTK,MRF,25-May-17,50750,CE,0,0,0,3820.2,11615.5,0,0,0,0,17-Apr-17
OPTSTK,MRF,25-May-17,50800,CE,0,0,0,3793.05,11567.6,0,0,0,0,17-Apr-17
OPTSTK,MRF,25-May-17,50850,CE,0,0,0,3766.05,11519.75,0,0,0,0,17-Apr-17
OPTSTK,MRF,25-May-17,50900,CE,0,0,0,3739.2,11471.9,0,0,0,0,17-Apr-17
OPTSTK,MRF,25-May-17,50950,CE,0,0,0,3712.45,11424.15,0,0,0,0,17-Apr-17
OPTSTK,MRF,25-May-17,51000,CE,0,0,0,3685.8,11376.35,0,0,0,0,17-Apr-17
OPTSTK,MRF,25-May-17,51050,CE,0,0,0,3659.3,11328.65,0,0,0,0,17-Apr-17
OPTSTK,MRF,25-May-17,51100,CE,0,0,0,3632.95,11281,0,0,0,0,17-Apr-17
OPTSTK,MRF,25-May-17,51150,CE,0,0,0,3606.75,11233.35,0,0,0,0,17-Apr-17
OPTSTK,MRF,25-May-17,51200,CE,0,0,0,3580.65,11185.75,0,0,0,0,17-Apr-17
OPTSTK,MRF,25-May-17,51250,CE,0,0,0,3554.65,11138.15,0,0,0,0,17-Apr-17
OPTSTK,MRF,25-May-17,51300,CE,0,0,0,3528.8,11090.65,0,0,0,0,17-Apr-17
OPTSTK,MRF,25-May-17,51350,CE,0,0,0,3503.1,11043.15,0,0,0,0,17-Apr-17
OPTSTK,MRF,25-May-17,51400,CE,0,0,0,3477.5,10995.7,0,0,0,0,17-Apr-17
OPTSTK,MRF,25-May-17,51450,CE,0,0,0,3452.05,10948.3,0,0,0,0,17-Apr-17
OPTSTK,MRF,25-May-17,51500,CE,0,0,0,3426.75,10900.95,0,0,0,0,17-Apr-17
OPTSTK,MRF,25-May-17,51550,CE,0,0,0,3401.55,10853.65,0,0,0,0,17-Apr-17
OPTSTK,MRF,25-May-17,51600,CE,0,0,0,3376.5,10806.35,0,0,0,0,17-Apr-17
OPTSTK,MRF,25-May-17,51650,CE,0,0,0,3351.55,10759.15,0,0,0,0,17-Apr-17
OPTSTK,MRF,25-May-17,51700,CE,0,0,0,3326.75,10711.95,0,0,0,0,17-Apr-17
OPTSTK,MRF,25-May-17,51750,CE,0,0,0,3302.05,10664.8,0,0,0,0,17-Apr-17
OPTSTK,MRF,25-May-17,51800,CE,0,0,0,3277.3,10617.75,0,0,0,0,17-Apr-17
OPTSTK,MRF,25-May-17,51850,CE,0,0,0,3252.85,10570.7,0,0,0,0,17-Apr-17
OPTSTK,MRF,25-May-17,51900,CE,0,0,0,3228.6,10523.7,0,0,0,0,17-Apr-17
OPTSTK,MRF,25-May-17,51950,CE,0,0,0,3204.4,10476.75,0,0,0,0,17-Apr-17
OPTSTK,MRF,25-May-17,52000,CE,0,0,0,3180.35,10429.8,0,0,0,0,17-Apr-17
OPTSTK,MRF,25-May-17,52050,CE,0,0,0,3156.45,10382.95,0,0,0,0,17-Apr-17
OPTSTK,MRF,25-May-17,52100,CE,0,0,0,3132.7,10336.15,0,0,0,0,17-Apr-17
OPTSTK,MRF,25-May-17,52150,CE,0,0,0,3109,10289.4,0,0,0,0,17-Apr-17
OPTSTK,MRF,25-May-17,52200,CE,0,0,0,3085.5,10242.7,0,0,0,0,17-Apr-17
OPTSTK,MRF,25-May-17,52250,CE,0,0,0,3062.1,10196.05,0,0,0,0,17-Apr-17
OPTSTK,MRF,25-May-17,52300,CE,0,0,0,3038.8,10149.45,0,0,0,0,17-Apr-17
OPTSTK,MRF,25-May-17,52350,CE,0,0,0,3015.65,10102.9,0,0,0,0,17-Apr-17
OPTSTK,MRF,25-May-17,52400,CE,0,0,0,2992.65,10056.4,0,0,0,0,17-Apr-17
OPTSTK,MRF,25-May-17,52450,CE,0,0,0,2969.75,10009.95,0,0,0,0,17-Apr-17
OPTSTK,MRF,25-May-17,52500,CE,0,0,0,2947,9963.55,0,0,0,0,17-Apr-17
OPTSTK,MRF,25-May-17,52550,CE,0,0,0,2900.35,9917.2,0,0,0,0,17-Apr-17
OPTSTK,MRF,25-May-17,52600,CE,0,0,0,2876.95,9870.95,0,0,0,0,17-Apr-17
OPTSTK,MRF,25-May-17,52650,CE,0,0,0,2853.65,9824.7,0,0,0,0,17-Apr-17
OPTSTK,MRF,25-May-17,52700,CE,0,0,0,2830.45,9778.55,0,0,0,0,17-Apr-17
OPTSTK,MRF,25-May-17,52750,CE,0,0,0,2807.45,9732.45,0,0,0,0,17-Apr-17
OPTSTK,MRF,25-May-17,52800,CE,0,0,0,2784.55,9686.4,0,0,0,0,17-Apr-17
OPTSTK,MRF,25-May-17,52850,CE,0,0,0,2761.8,9640.4,0,0,0,0,17-Apr-17
OPTSTK,MRF,25-May-17,52900,CE,0,0,0,3300.05,9594.5,0,0,0,0,17-Apr-17
OPTSTK,MRF,25-May-17,52950,CE,0,0,0,3274.95,9548.6,0,0,0,0,17-Apr-17
OPTSTK,MRF,25-May-17,53000,CE,0,0,0,3250,9502.8,0,0,0,0,17-Apr-17
OPTSTK,MRF,25-May-17,53050,CE,0,0,0,3225.15,9457.05,0,0,0,0,17-Apr-17
OPTSTK,MRF,25-May-17,53100,CE,0,0,0,3200.45,9411.4,0,0,0,0,17-Apr-17
OPTSTK,MRF,25-May-17,53150,CE,0,0,0,3175.65,9365.75,0,0,0,0,17-Apr-17
OPTSTK,MRF,25-May-17,53200,CE,0,0,0,3151.2,9320.2,0,0,0,0,17-Apr-17
OPTSTK,MRF,25-May-17,53250,CE,0,0,0,3126.9,9274.7,0,0,0,0,17-Apr-17
OPTSTK,MRF,25-May-17,53300,CE,0,0,0,3102.7,9229.3,0,0,0,0,17-Apr-17
OPTSTK,MRF,25-May-17,53350,CE,0,0,0,3078.65,9183.95,0,0,0,0,17-Apr-17
OPTSTK,MRF,25-May-17,53400,CE,0,0,0,3054.75,9138.65,0,0,0,0,17-Apr-17
OPTSTK,MRF,25-May-17,53450,CE,0,0,0,3030.95,9093.4,0,0,0,0,17-Apr-17
OPTSTK,MRF,25-May-17,53500,CE,0,0,0,3007.3,9048.25,0,0,0,0,17-Apr-17
OPTSTK,MRF,25-May-17,53550,CE,0,0,0,2983.8,9003.15,0,0,0,0,17-Apr-17
OPTSTK,MRF,25-May-17,53600,CE,0,0,0,2960.4,8958.15,0,0,0,0,17-Apr-17
OPTSTK,MRF,25-May-17,53650,CE,0,0,0,2937.15,8913.2,0,0,0,0,17-Apr-17
OPTSTK,MRF,25-May-17,53700,CE,0,0,0,2914,8868.35,0,0,0,0,17-Apr-17
OPTSTK,MRF,25-May-17,53750,CE,0,0,0,2891,8823.5,0,0,0,0,17-Apr-17
OPTSTK,MRF,25-May-17,53800,CE,0,0,0,2868.15,8778.8,0,0,0,0,17-Apr-17
OPTSTK,MRF,25-May-17,53850,CE,0,0,0,2317,8734.15,0,0,0,0,17-Apr-17
OPTSTK,MRF,25-May-17,53900,CE,0,0,0,2294.1,8689.55,0,0,0,0,17-Apr-17
OPTSTK,MRF,25-May-17,53950,CE,0,0,0,2271.35,8645.05,0,0,0,0,17-Apr-17
OPTSTK,MRF,25-May-17,54000,CE,0,0,0,2248.75,8600.6,0,0,0,0,17-Apr-17
OPTSTK,MRF,25-May-17,54050,CE,0,0,0,5955.9,8556.25,0,0,0,0,17-Apr-17
OPTSTK,MRF,25-May-17,54100,CE,0,0,0,5926.25,8511.95,0,0,0,0,17-Apr-17
OPTSTK,MRF,25-May-17,54150,CE,0,0,0,5896.75,8467.75,0,0,0,0,17-Apr-17
OPTSTK,MRF,25-May-17,54200,CE,0,0,0,5867.3,8423.6,0,0,0,0,17-Apr-17
OPTSTK,MRF,25-May-17,54250,CE,0,0,0,5838,8379.55,0,0,0,0,17-Apr-17
OPTSTK,MRF,25-May-17,54300,CE,0,0,0,5808.75,8335.6,0,0,0,0,17-Apr-17
OPTSTK,MRF,25-May-17,54350,CE,0,0,0,5779.65,8291.7,0,0,0,0,17-Apr-17
OPTSTK,MRF,25-May-17,54400,CE,0,0,0,5750.6,8247.9,0,0,0,0,17-Apr-17
OPTSTK,MRF,25-May-17,54450,CE,0,0,0,5721.65,8204.2,0,0,0,0,17-Apr-17
OPTSTK,MRF,25-May-17,54500,CE,0,0,0,5692.8,8160.55,0,0,0,0,17-Apr-17
OPTSTK,MRF,25-May-17,54550,CE,0,0,0,5664.05,8116.95,0,0,0,0,17-Apr-17
OPTSTK,MRF,25-May-17,54600,CE,0,0,0,5635.4,8073.5,0,0,0,0,17-Apr-17
OPTSTK,MRF,25-May-17,54650,CE,0,0,0,5606.85,8030.1,0,0,0,0,17-Apr-17
OPTSTK,MRF,25-May-17,54700,CE,0,0,0,5578.4,7986.8,0,0,0,0,17-Apr-17
OPTSTK,MRF,25-May-17,54750,CE,0,0,0,5550.05,7943.6,0,0,0,0,17-Apr-17
OPTSTK,MRF,25-May-17,54800,CE,0,0,0,5521.8,7900.45,0,0,0,0,17-Apr-17
OPTSTK,MRF,25-May-17,54850,CE,0,0,0,5493.65,7857.4,0,0,0,0,17-Apr-17
OPTSTK,MRF,25-May-17,54900,CE,0,0,0,5465.55,7814.45,0,0,0,0,17-Apr-17
OPTSTK,MRF,25-May-17,54950,CE,0,0,0,5437.6,7771.55,0,0,0,0,17-Apr-17
OPTSTK,MRF,25-May-17,55000,CE,0,0,0,5409.75,7728.8,0,0,0,0,17-Apr-17
OPTSTK,MRF,25-May-17,55050,CE,0,0,0,5381.95,7686.1,0,0,0,0,17-Apr-17
OPTSTK,MRF,25-May-17,55100,CE,0,0,0,5354.3,7643.5,0,0,0,0,17-Apr-17
OPTSTK,MRF,25-May-17,55150,CE,0,0,0,5326.7,7601,0,0,0,0,17-Apr-17
OPTSTK,MRF,25-May-17,55200,CE,0,0,0,5299.25,7558.6,0,0,0,0,17-Apr-17
OPTSTK,MRF,25-May-17,55250,CE,0,0,0,5271.85,7516.25,0,0,0,0,17-Apr-17
OPTSTK,MRF,25-May-17,55300,CE,0,0,0,5244.55,7474.05,0,0,0,0,17-Apr-17
OPTSTK,MRF,25-May-17,55350,CE,0,0,0,5217.35,7431.9,0,0,0,0,17-Apr-17
OPTSTK,MRF,25-May-17,55400,CE,0,0,0,5190.3,7389.9,0,0,0,0,17-Apr-17
OPTSTK,MRF,25-May-17,55450,CE,0,0,0,5163.3,7347.95,0,0,0,0,17-Apr-17
OPTSTK,MRF,25-May-17,55500,CE,0,0,0,5136.4,7306.1,0,0,0,0,17-Apr-17
OPTSTK,MRF,25-May-17,55550,CE,0,0,0,5109.6,7264.35,0,0,0,0,17-Apr-17
OPTSTK,MRF,25-May-17,55600,CE,0,0,0,5082.9,7222.7,0,0,0,0,17-Apr-17
OPTSTK,MRF,25-May-17,55650,CE,0,0,0,5056.3,7181.15,0,0,0,0,17-Apr-17
OPTSTK,MRF,25-May-17,55700,CE,0,0,0,5029.8,7139.7,0,0,0,0,17-Apr-17
OPTSTK,MRF,25-May-17,55750,CE,0,0,0,5003.35,7098.35,0,0,0,0,17-Apr-17
OPTSTK,MRF,25-May-17,55800,CE,0,0,0,4977.05,7057.15,0,0,0,0,17-Apr-17
OPTSTK,MRF,25-May-17,55850,CE,0,0,0,4950.85,7016,0,0,0,0,17-Apr-17
OPTSTK,MRF,25-May-17,55900,CE,0,0,0,4924.7,6974.95,0,0,0,0,17-Apr-17
OPTSTK,MRF,25-May-17,55950,CE,0,0,0,4898.7,6934,0,0,0,0,17-Apr-17
OPTSTK,MRF,25-May-17,56000,CE,0,0,0,4872.75,6893.15,0,0,0,0,17-Apr-17
OPTSTK,MRF,25-May-17,56050,CE,0,0,0,4846.95,6852.45,0,0,0,0,17-Apr-17
OPTSTK,MRF,25-May-17,56100,CE,0,0,0,4821.2,6811.8,0,0,0,0,17-Apr-17
OPTSTK,MRF,25-May-17,56150,CE,0,0,0,4795.55,6771.3,0,0,0,0,17-Apr-17
OPTSTK,MRF,25-May-17,56200,CE,0,0,0,4770,6730.9,0,0,0,0,17-Apr-17
OPTSTK,MRF,25-May-17,56250,CE,0,0,0,4744.6,6690.6,0,0,0,0,17-Apr-17
OPTSTK,MRF,25-May-17,56300,CE,0,0,0,4719.25,6650.4,0,0,0,0,17-Apr-17
OPTSTK,MRF,25-May-17,56350,CE,0,0,0,4694,6610.3,0,0,0,0,17-Apr-17
OPTSTK,MRF,25-May-17,56400,CE,0,0,0,4668.85,6570.3,0,0,0,0,17-Apr-17
OPTSTK,MRF,25-May-17,56450,CE,0,0,0,4643.75,6530.45,0,0,0,0,17-Apr-17
OPTSTK,MRF,25-May-17,56500,CE,0,0,0,4618.8,6490.7,0,0,0,0,17-Apr-17
OPTSTK,MRF,25-May-17,56550,CE,0,0,0,4593.95,6451.05,0,0,0,0,17-Apr-17
OPTSTK,MRF,25-May-17,56600,CE,0,0,0,4569.15,6411.5,0,0,0,0,17-Apr-17
OPTSTK,MRF,25-May-17,56650,CE,0,0,0,4544.25,6372.1,0,0,0,0,17-Apr-17
OPTSTK,MRF,25-May-17,56700,CE,0,0,0,4519.7,6332.75,0,0,0,0,17-Apr-17
OPTSTK,MRF,25-May-17,56750,CE,0,0,0,4495.2,6293.55,0,0,0,0,17-Apr-17
OPTSTK,MRF,25-May-17,56800,CE,0,0,0,4470.8,6254.5,0,0,0,0,17-Apr-17
OPTSTK,MRF,25-May-17,56850,CE,0,0,0,4446.5,6215.5,0,0,0,0,17-Apr-17
OPTSTK,MRF,25-May-17,56900,CE,0,0,0,4422.3,6176.65,0,0,0,0,17-Apr-17
OPTSTK,MRF,25-May-17,56950,CE,0,0,0,4398.2,6137.95,0,0,0,0,17-Apr-17
OPTSTK,MRF,25-May-17,57000,CE,0,0,0,4374.2,6099.3,0,0,0,0,17-Apr-17
OPTSTK,MRF,25-May-17,57050,CE,0,0,0,4350.3,6060.8,0,0,0,0,17-Apr-17
OPTSTK,MRF,25-May-17,57100,CE,0,0,0,4326.5,6022.45,0,0,0,0,17-Apr-17
OPTSTK,MRF,25-May-17,57150,CE,0,0,0,4302.75,5984.15,0,0,0,0,17-Apr-17
OPTSTK,MRF,25-May-17,57200,CE,0,0,0,4279.15,5946.05,0,0,0,0,17-Apr-17
OPTSTK,MRF,25-May-17,57250,CE,0,0,0,4255.6,5908,0,0,0,0,17-Apr-17
OPTSTK,MRF,25-May-17,57300,CE,0,0,0,4232.15,5870.1,0,0,0,0,17-Apr-17
OPTSTK,MRF,25-May-17,57350,CE,0,0,0,4208.8,5832.3,0,0,0,0,17-Apr-17
OPTSTK,MRF,25-May-17,57400,CE,0,0,0,4185.55,5794.65,0,0,0,0,17-Apr-17
OPTSTK,MRF,25-May-17,57450,CE,0,0,0,4162.4,5757.1,0,0,0,0,17-Apr-17
OPTSTK,MRF,25-May-17,57500,CE,0,0,0,4139.35,5719.7,0,0,0,0,17-Apr-17
OPTSTK,MRF,25-May-17,57550,CE,0,0,0,4116.4,5682.4,0,0,0,0,17-Apr-17
OPTSTK,MRF,25-May-17,57600,CE,0,0,0,4093.5,5645.25,0,0,0,0,17-Apr-17
OPTSTK,MRF,25-May-17,57650,CE,0,0,0,4070.75,5610.5,0,0,0,0,17-Apr-17
OPTSTK,MRF,25-May-17,57700,CE,0,0,0,4048.05,5573.5,0,0,0,0,17-Apr-17
OPTSTK,MRF,25-May-17,57750,CE,0,0,0,4025.45,5536.65,0,0,0,0,17-Apr-17
OPTSTK,MRF,25-May-17,57800,CE,0,0,0,4002.95,5499.9,0,0,0,0,17-Apr-17
OPTSTK,MRF,25-May-17,57850,CE,0,0,0,3980.55,5463.3,0,0,0,0,17-Apr-17
OPTSTK,MRF,25-May-17,57900,CE,0,0,0,4411.85,5426.85,0,0,0,0,17-Apr-17
OPTSTK,MRF,25-May-17,57950,CE,0,0,0,4387.3,5390.5,0,0,0,0,17-Apr-17
OPTSTK,MRF,25-May-17,58000,CE,0,0,0,4362.8,5354.25,0,0,0,0,17-Apr-17
OPTSTK,MRF,25-May-17,58050,CE,0,0,0,4338.45,5318.15,0,0,0,0,17-Apr-17
OPTSTK,MRF,25-May-17,58100,CE,0,0,0,4314.2,5282.2,0,0,0,0,17-Apr-17
OPTSTK,MRF,25-May-17,58150,CE,0,0,0,4290,5246.4,0,0,0,0,17-Apr-17
OPTSTK,MRF,25-May-17,58200,CE,0,0,0,4265.95,5210.7,0,0,0,0,17-Apr-17
OPTSTK,MRF,25-May-17,58250,CE,0,0,0,4241.95,5175.1,0,0,0,0,17-Apr-17
OPTSTK,MRF,25-May-17,58300,CE,0,0,0,4218.1,5139.7,0,0,0,0,17-Apr-17
OPTSTK,MRF,25-May-17,58350,CE,0,0,0,4194.3,5101.9,0,0,0,0,17-Apr-17
OPTSTK,MRF,25-May-17,58400,CE,0,0,0,4170.6,5066.8,0,0,0,0,17-Apr-17
OPTSTK,MRF,25-May-17,58450,CE,0,0,0,4147.05,5031.8,0,0,0,0,17-Apr-17
OPTSTK,MRF,25-May-17,58500,CE,0,0,0,4123.55,4996.95,0,0,0,0,17-Apr-17
OPTSTK,MRF,25-May-17,58550,CE,0,0,0,4100.15,4962.25,0,0,0,0,17-Apr-17
OPTSTK,MRF,25-May-17,58600,CE,0,0,0,4076.85,4927.7,0,0,0,0,17-Apr-17
OPTSTK,MRF,25-May-17,58650,CE,0,0,0,4053.65,4893.25,0,0,0,0,17-Apr-17
OPTSTK,MRF,25-May-17,58700,CE,0,0,0,4030.55,4858.95,0,0,0,0,17-Apr-17
OPTSTK,MRF,25-May-17,58750,CE,0,0,0,4007.55,4824.8,0,0,0,0,17-Apr-17
OPTSTK,MRF,25-May-17,58800,CE,0,0,0,3984.65,4790.8,0,0,0,0,17-Apr-17
OPTSTK,MRF,25-May-17,58850,CE,0,0,0,3961.8,4756.9,0,0,0,0,17-Apr-17
OPTSTK,MRF,25-May-17,58900,CE,0,0,0,3939.1,4723.15,0,0,0,0,17-Apr-17
OPTSTK,MRF,25-May-17,58950,CE,0,0,0,3916.5,4689.5,0,0,0,0,17-Apr-17
OPTSTK,MRF,25-May-17,59000,CE,0,0,0,3893.95,4656.05,0,0,0,0,17-Apr-17
OPTSTK,MRF,25-May-17,59050,CE,0,0,0,3871.5,4622.7,0,0,0,0,17-Apr-17
OPTSTK,MRF,25-May-17,59100,CE,0,0,0,4555.95,4589.5,0,0,0,0,17-Apr-17
OPTSTK,MRF,25-May-17,59150,CE,0,0,0,4530.85,4556.4,0,0,0,0,17-Apr-17
OPTSTK,MRF,25-May-17,59200,CE,0,0,0,4505.8,4523.5,0,0,0,0,17-Apr-17
OPTSTK,MRF,25-May-17,59250,CE,0,0,0,4480.9,4490.7,0,0,0,0,17-Apr-17
OPTSTK,MRF,25-May-17,59300,CE,0,0,0,4456.1,4458.05,0,0,0,0,17-Apr-17
OPTSTK,MRF,25-May-17,59350,CE,0,0,0,4431.15,4425.55,0,0,0,0,17-Apr-17
OPTSTK,MRF,25-May-17,59400,CE,0,0,0,4406.5,4393.15,0,0,0,0,17-Apr-17
OPTSTK,MRF,25-May-17,59450,CE,0,0,0,4382,4360.95,0,0,0,0,17-Apr-17
OPTSTK,MRF,25-May-17,59500,CE,0,0,0,4357.6,4328.85,0,0,0,0,17-Apr-17
OPTSTK,MRF,25-May-17,59550,CE,0,0,0,4333.25,4296.9,0,0,0,0,17-Apr-17
OPTSTK,MRF,25-May-17,59600,CE,0,0,0,4309,4265.1,0,0,0,0,17-Apr-17
OPTSTK,MRF,25-May-17,59650,CE,0,0,0,4284.9,4233.45,0,0,0,0,17-Apr-17
OPTSTK,MRF,25-May-17,59700,CE,0,0,0,4260.85,4201.9,0,0,0,0,17-Apr-17
OPTSTK,MRF,25-May-17,59750,CE,0,0,0,4236.9,4170.5,0,0,0,0,17-Apr-17
OPTSTK,MRF,25-May-17,59800,CE,0,0,0,4213.05,4139.3,0,0,0,0,17-Apr-17
OPTSTK,MRF,25-May-17,59850,CE,0,0,0,4189.35,4108.2,0,0,0,0,17-Apr-17
OPTSTK,MRF,25-May-17,59900,CE,0,0,0,4165.7,4077.2,0,0,0,0,17-Apr-17
OPTSTK,MRF,25-May-17,59950,CE,0,0,0,4142.15,4046.4,0,0,0,0,17-Apr-17
OPTSTK,MRF,25-May-17,60000,CE,0,0,0,4118.65,4015.75,0,0,0,0,17-Apr-17
OPTSTK,MRF,25-May-17,60050,CE,0,0,0,4095.3,3985.2,0,0,0,0,17-Apr-17
OPTSTK,MRF,25-May-17,60100,CE,0,0,0,4072.05,3954.8,0,0,0,0,17-Apr-17
OPTSTK,MRF,25-May-17,60150,CE,0,0,0,4048.9,3924.6,0,0,0,0,17-Apr-17
OPTSTK,MRF,25-May-17,60200,CE,0,0,0,4025.8,3894.5,0,0,0,0,17-Apr-17
OPTSTK,MRF,25-May-17,60250,CE,0,0,0,4002.85,3864.5,0,0,0,0,17-Apr-17
OPTSTK,MRF,25-May-17,60300,CE,0,0,0,3979.95,3834.7,0,0,0,0,17-Apr-17
OPTSTK,MRF,25-May-17,60350,CE,0,0,0,3957.2,3805.05,0,0,0,0,17-Apr-17
OPTSTK,MRF,25-May-17,60400,CE,0,0,0,3934.5,3775.55,0,0,0,0,17-Apr-17
OPTSTK,MRF,25-May-17,60450,CE,0,0,0,3911.9,3746.15,0,0,0,0,17-Apr-17
OPTSTK,MRF,25-May-17,60500,CE,0,0,0,3889.4,3716.9,0,0,0,0,17-Apr-17
OPTSTK,MRF,25-May-17,60550,CE,0,0,0,3709.1,3687.85,0,0,0,0,17-Apr-17
OPTSTK,MRF,25-May-17,60600,CE,0,0,0,3686,3658.9,0,0,0,0,17-Apr-17
OPTSTK,MRF,25-May-17,60650,CE,0,0,0,3663,3630.1,0,0,0,0,17-Apr-17
OPTSTK,MRF,25-May-17,60700,CE,0,0,0,3640.1,3601.45,0,0,0,0,17-Apr-17
OPTSTK,MRF,25-May-17,60750,CE,0,0,0,3617.35,3572.95,0,0,0,0,17-Apr-17
OPTSTK,MRF,25-May-17,60800,CE,0,0,0,3594.65,3544.55,0,0,0,0,17-Apr-17
OPTSTK,MRF,25-May-17,60850,CE,0,0,0,3572.05,3516.35,0,0,0,0,17-Apr-17
OPTSTK,MRF,25-May-17,60900,CE,0,0,0,3549.6,3488.25,0,0,0,0,17-Apr-17
OPTSTK,MRF,25-May-17,60950,CE,0,0,0,3836.95,3460.35,0,0,0,0,17-Apr-17
OPTSTK,MRF,25-May-17,61000,CE,0,0,0,3812.35,3432.55,0,0,0,0,17-Apr-17
OPTSTK,MRF,25-May-17,61050,CE,0,0,0,3787.9,3404.95,0,0,0,0,17-Apr-17
OPTSTK,MRF,25-May-17,61100,CE,0,0,0,3763.5,3377.45,0,0,0,0,17-Apr-17
OPTSTK,MRF,25-May-17,61150,CE,0,0,0,3739.25,3350.1,0,0,0,0,17-Apr-17
OPTSTK,MRF,25-May-17,61200,CE,0,0,0,3715.15,3322.9,0,0,0,0,17-Apr-17
OPTSTK,MRF,25-May-17,61250,CE,0,0,0,3691.1,3295.85,0,0,0,0,17-Apr-17
OPTSTK,MRF,25-May-17,61300,CE,0,0,0,3667.2,3268.95,0,0,0,0,17-Apr-17
OPTSTK,MRF,25-May-17,61350,CE,0,0,0,3643.4,3242.15,0,0,0,0,17-Apr-17
OPTSTK,MRF,25-May-17,61400,CE,0,0,0,3619.7,3215.55,0,0,0,0,17-Apr-17
OPTSTK,MRF,25-May-17,61450,CE,0,0,0,3596.1,3189.1,0,0,0,0,17-Apr-17
OPTSTK,MRF,25-May-17,61500,CE,0,0,0,3572.65,3162.75,0,0,0,0,17-Apr-17
OPTSTK,MRF,25-May-17,61550,CE,0,0,0,3549.25,3136.55,0,0,0,0,17-Apr-17
OPTSTK,MRF,25-May-17,61600,CE,0,0,0,3526,3110.55,0,0,0,0,17-Apr-17
OPTSTK,MRF,25-May-17,61650,CE,0,0,0,3502.85,3084.65,0,0,0,0,17-Apr-17
OPTSTK,MRF,25-May-17,61700,CE,0,0,0,3479.8,3058.9,0,0,0,0,17-Apr-17
OPTSTK,MRF,25-May-17,61750,CE,0,0,0,3456.9,3033.3,0,0,0,0,17-Apr-17
OPTSTK,MRF,25-May-17,61800,CE,0,0,0,3434.05,3007.85,0,0,0,0,17-Apr-17
OPTSTK,MRF,25-May-17,61850,CE,0,0,0,3411.35,2982.55,0,0,0,0,17-Apr-17
OPTSTK,MRF,25-May-17,61900,CE,0,0,0,3388.75,2957.35,0,0,0,0,17-Apr-17
OPTSTK,MRF,25-May-17,61950,CE,0,0,0,3366.25,2932.35,0,0,0,0,17-Apr-17
OPTSTK,MRF,25-May-17,62000,CE,0,0,0,3176.2,2907.25,0,0,0,0,17-Apr-17
OPTSTK,MRF,25-May-17,62050,CE,0,0,0,2951,2882.5,0,0,0,0,17-Apr-17
OPTSTK,MRF,25-May-17,62100,CE,0,0,0,2928.6,2857.9,0,0,0,0,17-Apr-17
OPTSTK,MRF,25-May-17,62150,CE,0,0,0,3081.55,2833.5,0,0,0,0,17-Apr-17
OPTSTK,MRF,25-May-17,62200,CE,0,0,0,3056.9,2809.2,0,0,0,0,17-Apr-17
OPTSTK,MRF,25-May-17,62250,CE,0,0,0,3032.35,2785.05,0,0,0,0,17-Apr-17
OPTSTK,MRF,25-May-17,62300,CE,0,0,0,3007.95,2761,0,0,0,0,17-Apr-17
OPTSTK,MRF,25-May-17,62350,CE,0,0,0,2983.7,2737.15,0,0,0,0,17-Apr-17
OPTSTK,MRF,25-May-17,62400,CE,0,0,0,2959.55,2713.45,0,0,0,0,17-Apr-17
OPTSTK,MRF,25-May-17,62450,CE,0,0,0,2935.6,2689.85,0,0,0,0,17-Apr-17
OPTSTK,MRF,25-May-17,62500,CE,0,0,0,2911.7,2666.4,0,0,0,0,17-Apr-17
OPTSTK,MRF,25-May-17,62550,CE,0,0,0,2888,2643.15,0,0,0,0,17-Apr-17
OPTSTK,MRF,25-May-17,50500,PE,0,0,0,2166.4,66.35,0,0,0,0,17-Apr-17
OPTSTK,MRF,25-May-17,50550,PE,0,0,0,2187.8,67.95,0,0,0,0,17-Apr-17
OPTSTK,MRF,25-May-17,50600,PE,0,0,0,2209.35,69.6,0,0,0,0,17-Apr-17
OPTSTK,MRF,25-May-17,50650,PE,0,0,0,2231.05,71.25,0,0,0,0,17-Apr-17
OPTSTK,MRF,25-May-17,50700,PE,0,0,0,2252.85,72.95,0,0,0,0,17-Apr-17
OPTSTK,MRF,25-May-17,50750,PE,0,0,0,2274.8,74.7,0,0,0,0,17-Apr-17
OPTSTK,MRF,25-May-17,50800,PE,0,0,0,2296.9,76.45,0,0,0,0,17-Apr-17
OPTSTK,MRF,25-May-17,50850,PE,0,0,0,2319.1,78.25,0,0,0,0,17-Apr-17
OPTSTK,MRF,25-May-17,50900,PE,0,0,0,2341.45,80.1,0,0,0,0,17-Apr-17
OPTSTK,MRF,25-May-17,50950,PE,0,0,0,2363.9,81.95,0,0,0,0,17-Apr-17
OPTSTK,MRF,25-May-17,51000,PE,0,0,0,2386.5,83.85,0,0,0,0,17-Apr-17
OPTSTK,MRF,25-May-17,51050,PE,0,0,0,2409.2,85.8,0,0,0,0,17-Apr-17
OPTSTK,MRF,25-May-17,51100,PE,0,0,0,2432.05,87.8,0,0,0,0,17-Apr-17
OPTSTK,MRF,25-May-17,51150,PE,0,0,0,2455.05,89.8,0,0,0,0,17-Apr-17
OPTSTK,MRF,25-May-17,51200,PE,0,0,0,2478.15,91.9,0,0,0,0,17-Apr-17
OPTSTK,MRF,25-May-17,51250,PE,0,0,0,2501.4,93.95,0,0,0,0,17-Apr-17
OPTSTK,MRF,25-May-17,51300,PE,0,0,0,2524.8,96.1,0,0,0,0,17-Apr-17
OPTSTK,MRF,25-May-17,51350,PE,0,0,0,2548.3,98.3,0,0,0,0,17-Apr-17
OPTSTK,MRF,25-May-17,51400,PE,0,0,0,2571.95,100.5,0,0,0,0,17-Apr-17
OPTSTK,MRF,25-May-17,51450,PE,0,0,0,2595.7,102.8,0,0,0,0,17-Apr-17
OPTSTK,MRF,25-May-17,51500,PE,0,0,0,2619.6,105.1,0,0,0,0,17-Apr-17
OPTSTK,MRF,25-May-17,51550,PE,0,0,0,2643.6,107.45,0,0,0,0,17-Apr-17
OPTSTK,MRF,25-May-17,51600,PE,0,0,0,2667.75,109.8,0,0,0,0,17-Apr-17
OPTSTK,MRF,25-May-17,51650,PE,0,0,0,2692.05,112.25,0,0,0,0,17-Apr-17
OPTSTK,MRF,25-May-17,51700,PE,0,0,0,2716.45,114.75,0,0,0,0,17-Apr-17
OPTSTK,MRF,25-May-17,51750,PE,0,0,0,2740.95,117.25,0,0,0,0,17-Apr-17
OPTSTK,MRF,25-May-17,51800,PE,0,0,0,2765.45,119.8,0,0,0,0,17-Apr-17
OPTSTK,MRF,25-May-17,51850,PE,0,0,0,2790.2,122.45,0,0,0,0,17-Apr-17
OPTSTK,MRF,25-May-17,51900,PE,0,0,0,2815.15,125.1,0,0,0,0,17-Apr-17
OPTSTK,MRF,25-May-17,51950,PE,0,0,0,2840.2,127.8,0,0,0,0,17-Apr-17
OPTSTK,MRF,25-May-17,52000,PE,0,0,0,2865.35,130.55,0,0,0,0,17-Apr-17
OPTSTK,MRF,25-May-17,52050,PE,0,0,0,2890.65,133.35,0,0,0,0,17-Apr-17
OPTSTK,MRF,25-May-17,52100,PE,0,0,0,2916.1,136.25,0,0,0,0,17-Apr-17
OPTSTK,MRF,25-May-17,52150,PE,0,0,0,2941.65,139.15,0,0,0,0,17-Apr-17
OPTSTK,MRF,25-May-17,52200,PE,0,0,0,2967.35,142.1,0,0,0,0,17-Apr-17
OPTSTK,MRF,25-May-17,52250,PE,0,0,0,2993.15,145.1,0,0,0,0,17-Apr-17
OPTSTK,MRF,25-May-17,52300,PE,0,0,0,3019.1,148.15,0,0,0,0,17-Apr-17
OPTSTK,MRF,25-May-17,52350,PE,0,0,0,3045.15,151.25,0,0,0,0,17-Apr-17
OPTSTK,MRF,25-May-17,52400,PE,0,0,0,3071.35,154.45,0,0,0,0,17-Apr-17
OPTSTK,MRF,25-May-17,52450,PE,0,0,0,3097.7,157.65,0,0,0,0,17-Apr-17
OPTSTK,MRF,25-May-17,52500,PE,0,0,0,3124.15,160.95,0,0,0,0,17-Apr-17
OPTSTK,MRF,25-May-17,52550,PE,0,0,0,2811.75,164.25,0,0,0,0,17-Apr-17
OPTSTK,MRF,25-May-17,52600,PE,0,0,0,2837.55,167.65,0,0,0,0,17-Apr-17
OPTSTK,MRF,25-May-17,52650,PE,0,0,0,2863.5,171.1,0,0,0,0,17-Apr-17
OPTSTK,MRF,25-May-17,52700,PE,0,0,0,2889.55,174.6,0,0,0,0,17-Apr-17
OPTSTK,MRF,25-May-17,52750,PE,0,0,0,2915.8,178.15,0,0,0,0,17-Apr-17
OPTSTK,MRF,25-May-17,52800,PE,0,0,0,2942.1,181.75,0,0,0,0,17-Apr-17
OPTSTK,MRF,25-May-17,52850,PE,0,0,0,2968.6,185.45,0,0,0,0,17-Apr-17
OPTSTK,MRF,25-May-17,52900,PE,0,0,0,2581.1,189.15,0,0,0,0,17-Apr-17
OPTSTK,MRF,25-May-17,52950,PE,0,0,0,2605.25,192.95,0,0,0,0,17-Apr-17
OPTSTK,MRF,25-May-17,53000,PE,0,0,0,2629.5,196.8,0,0,0,0,17-Apr-17
OPTSTK,MRF,25-May-17,53050,PE,0,0,0,2653.9,200.75,0,0,0,0,17-Apr-17
OPTSTK,MRF,25-May-17,53100,PE,0,0,0,2678.45,204.7,0,0,0,0,17-Apr-17
OPTSTK,MRF,25-May-17,53150,PE,0,0,0,2702.9,208.75,0,0,0,0,17-Apr-17
OPTSTK,MRF,25-May-17,53200,PE,0,0,0,2727.7,212.85,0,0,0,0,17-Apr-17
OPTSTK,MRF,25-May-17,53250,PE,0,0,0,2752.65,217.05,0,0,0,0,17-Apr-17
OPTSTK,MRF,25-May-17,53300,PE,0,0,0,2777.7,221.25,0,0,0,0,17-Apr-17
OPTSTK,MRF,25-May-17,53350,PE,0,0,0,2802.9,225.6,0,0,0,0,17-Apr-17
OPTSTK,MRF,25-May-17,53400,PE,0,0,0,2828.2,229.95,0,0,0,0,17-Apr-17
OPTSTK,MRF,25-May-17,53450,PE,0,0,0,2853.7,234.4,0,0,0,0,17-Apr-17
OPTSTK,MRF,25-May-17,53500,PE,0,0,0,2879.25,238.9,0,0,0,0,17-Apr-17
OPTSTK,MRF,25-May-17,53550,PE,0,0,0,2905,243.45,0,0,0,0,17-Apr-17
OPTSTK,MRF,25-May-17,53600,PE,0,0,0,2930.85,248.1,0,0,0,0,17-Apr-17
OPTSTK,MRF,25-May-17,53650,PE,0,0,0,2956.8,252.8,0,0,0,0,17-Apr-17
OPTSTK,MRF,25-May-17,53700,PE,0,0,0,2982.95,257.6,0,0,0,0,17-Apr-17
OPTSTK,MRF,25-May-17,53750,PE,0,0,0,3009.2,262.45,0,0,0,0,17-Apr-17
OPTSTK,MRF,25-May-17,53800,PE,0,0,0,3035.55,267.4,0,0,0,0,17-Apr-17
OPTSTK,MRF,25-May-17,53850,PE,0,0,0,2497.05,272.4,0,0,0,0,17-Apr-17
OPTSTK,MRF,25-May-17,53900,PE,0,0,0,2523.5,277.5,0,0,0,0,17-Apr-17
OPTSTK,MRF,25-May-17,53950,PE,0,0,0,2550.1,282.65,0,0,0,0,17-Apr-17
OPTSTK,MRF,25-May-17,54000,PE,0,0,0,2576.9,287.85,0,0,0,0,17-Apr-17
OPTSTK,MRF,25-May-17,54050,PE,0,0,0,2489.15,293.15,0,0,0,0,17-Apr-17
OPTSTK,MRF,25-May-17,54100,PE,0,0,0,2508.9,298.55,0,0,0,0,17-Apr-17
OPTSTK,MRF,25-May-17,54150,PE,0,0,0,2528.75,304,0,0,0,0,17-Apr-17
OPTSTK,MRF,25-May-17,54200,PE,0,0,0,2548.7,309.55,0,0,0,0,17-Apr-17
OPTSTK,MRF,25-May-17,54250,PE,0,0,0,2568.75,315.15,0,0,0,0,17-Apr-17
OPTSTK,MRF,25-May-17,54300,PE,0,0,0,2588.9,320.85,0,0,0,0,17-Apr-17
OPTSTK,MRF,25-May-17,54350,PE,0,0,0,2609.1,326.6,0,0,0,0,17-Apr-17
OPTSTK,MRF,25-May-17,54400,PE,0,0,0,2629.45,332.45,0,0,0,0,17-Apr-17
OPTSTK,MRF,25-May-17,54450,PE,0,0,0,2649.9,338.4,0,0,0,0,17-Apr-17
OPTSTK,MRF,25-May-17,54500,PE,0,0,0,2670.4,344.4,0,0,0,0,17-Apr-17
OPTSTK,MRF,25-May-17,54550,PE,0,0,0,2691.05,350.5,0,0,0,0,17-Apr-17
OPTSTK,MRF,25-May-17,54600,PE,0,0,0,2711.75,356.7,0,0,0,0,17-Apr-17
OPTSTK,MRF,25-May-17,54650,PE,0,0,0,2732.6,363,0,0,0,0,17-Apr-17
OPTSTK,MRF,25-May-17,54700,PE,0,0,0,2753.5,369.35,0,0,0,0,17-Apr-17
OPTSTK,MRF,25-May-17,54750,PE,0,0,0,2774.5,375.8,0,0,0,0,17-Apr-17
OPTSTK,MRF,25-May-17,54800,PE,0,0,0,2795.6,382.3,0,0,0,0,17-Apr-17
OPTSTK,MRF,25-May-17,54850,PE,0,0,0,2816.85,388.9,0,0,0,0,17-Apr-17
OPTSTK,MRF,25-May-17,54900,PE,0,0,0,2838.15,395.65,0,0,0,0,17-Apr-17
OPTSTK,MRF,25-May-17,54950,PE,0,0,0,2859.55,402.4,0,0,0,0,17-Apr-17
OPTSTK,MRF,25-May-17,55000,PE,0,0,0,2881.05,409.3,0,0,0,0,17-Apr-17
OPTSTK,MRF,25-May-17,55050,PE,0,0,0,2902.65,416.3,0,0,0,0,17-Apr-17
OPTSTK,MRF,25-May-17,55100,PE,0,0,0,2924.35,423.35,0,0,0,0,17-Apr-17
OPTSTK,MRF,25-May-17,55150,PE,0,0,0,2946.15,430.5,0,0,0,0,17-Apr-17
OPTSTK,MRF,25-May-17,55200,PE,0,0,0,2968,437.75,0,0,0,0,17-Apr-17
OPTSTK,MRF,25-May-17,55250,PE,0,0,0,2990,445.1,0,0,0,0,17-Apr-17
OPTSTK,MRF,25-May-17,55300,PE,0,0,0,3012.1,452.55,0,0,0,0,17-Apr-17
OPTSTK,MRF,25-May-17,55350,PE,0,0,0,3034.3,460.05,0,0,0,0,17-Apr-17
OPTSTK,MRF,25-May-17,55400,PE,0,0,0,3056.55,467.7,0,0,0,0,17-Apr-17
OPTSTK,MRF,25-May-17,55450,PE,0,0,0,3078.95,475.4,0,0,0,0,17-Apr-17
OPTSTK,MRF,25-May-17,55500,PE,0,0,0,3101.4,483.25,0,0,0,0,17-Apr-17
OPTSTK,MRF,25-May-17,55550,PE,0,0,0,3124,491.15,0,0,0,0,17-Apr-17
OPTSTK,MRF,25-May-17,55600,PE,0,0,0,3146.65,499.2,0,0,0,0,17-Apr-17
OPTSTK,MRF,25-May-17,55650,PE,0,0,0,3169.4,507.3,0,0,0,0,17-Apr-17
OPTSTK,MRF,25-May-17,55700,PE,0,0,0,3192.3,515.5,0,0,0,0,17-Apr-17
OPTSTK,MRF,25-May-17,55750,PE,0,0,0,3215.25,523.85,0,0,0,0,17-Apr-17
OPTSTK,MRF,25-May-17,55800,PE,0,0,0,3238.3,532.25,0,0,0,0,17-Apr-17
OPTSTK,MRF,25-May-17,55850,PE,0,0,0,3261.45,540.75,0,0,0,0,17-Apr-17
OPTSTK,MRF,25-May-17,55900,PE,0,0,0,3284.7,549.4,0,0,0,0,17-Apr-17
OPTSTK,MRF,25-May-17,55950,PE,0,0,0,3308.05,558.1,0,0,0,0,17-Apr-17
OPTSTK,MRF,25-May-17,56000,PE,0,0,0,3331.5,566.95,0,0,0,0,17-Apr-17
OPTSTK,MRF,25-May-17,56050,PE,0,0,0,3355.05,575.85,0,0,0,0,17-Apr-17
OPTSTK,MRF,25-May-17,56100,PE,0,0,0,3378.65,584.9,0,0,0,0,17-Apr-17
OPTSTK,MRF,25-May-17,56150,PE,0,0,0,3402.4,594.05,0,0,0,0,17-Apr-17
OPTSTK,MRF,25-May-17,56200,PE,0,0,0,3426.25,603.3,0,0,0,0,17-Apr-17
OPTSTK,MRF,25-May-17,56250,PE,0,0,0,3450.15,612.65,0,0,0,0,17-Apr-17
OPTSTK,MRF,25-May-17,56300,PE,0,0,0,3474.2,622.15,0,0,0,0,17-Apr-17
OPTSTK,MRF,25-May-17,56350,PE,0,0,0,3498.3,631.7,0,0,0,0,17-Apr-17
OPTSTK,MRF,25-May-17,56400,PE,0,0,0,3522.5,641.4,0,0,0,0,17-Apr-17
OPTSTK,MRF,25-May-17,56450,PE,0,0,0,3546.85,651.2,0,0,0,0,17-Apr-17
OPTSTK,MRF,25-May-17,56500,PE,0,0,0,3571.25,661.1,0,0,0,0,17-Apr-17
OPTSTK,MRF,25-May-17,56550,PE,0,0,0,3595.75,671.1,0,0,0,0,17-Apr-17
OPTSTK,MRF,25-May-17,56600,PE,0,0,0,3620.35,681.25,0,0,0,0,17-Apr-17
OPTSTK,MRF,25-May-17,56650,PE,0,0,0,3644.8,691.45,0,0,0,0,17-Apr-17
OPTSTK,MRF,25-May-17,56700,PE,0,0,0,3669.6,701.8,0,0,0,0,17-Apr-17
OPTSTK,MRF,25-May-17,56750,PE,0,0,0,3694.5,712.3,0,0,0,0,17-Apr-17
OPTSTK,MRF,25-May-17,56800,PE,0,0,0,3719.45,722.85,0,0,0,0,17-Apr-17
OPTSTK,MRF,25-May-17,56850,PE,0,0,0,3744.55,733.55,0,0,0,0,17-Apr-17
OPTSTK,MRF,25-May-17,56900,PE,0,0,0,3769.75,744.35,0,0,0,0,17-Apr-17
OPTSTK,MRF,25-May-17,56950,PE,0,0,0,3795,755.3,0,0,0,0,17-Apr-17
OPTSTK,MRF,25-May-17,57000,PE,0,0,0,3820.35,766.35,0,0,0,0,17-Apr-17
OPTSTK,MRF,25-May-17,57050,PE,0,0,0,3845.8,777.5,0,0,0,0,17-Apr-17
OPTSTK,MRF,25-May-17,57100,PE,0,0,0,3871.35,788.8,0,0,0,0,17-Apr-17
OPTSTK,MRF,25-May-17,57150,PE,0,0,0,3897,800.2,0,0,0,0,17-Apr-17
OPTSTK,MRF,25-May-17,57200,PE,0,0,0,3922.75,811.7,0,0,0,0,17-Apr-17
OPTSTK,MRF,25-May-17,57250,PE,0,0,0,3948.6,823.35,0,0,0,0,17-Apr-17
OPTSTK,MRF,25-May-17,57300,PE,0,0,0,3974.55,835.1,0,0,0,0,17-Apr-17
OPTSTK,MRF,25-May-17,57350,PE,0,0,0,4000.55,847,0,0,0,0,17-Apr-17
OPTSTK,MRF,25-May-17,57400,PE,0,0,0,4026.7,859,0,0,0,0,17-Apr-17
OPTSTK,MRF,25-May-17,57450,PE,0,0,0,4052.9,871.1,0,0,0,0,17-Apr-17
OPTSTK,MRF,25-May-17,57500,PE,0,0,0,4079.2,883.35,0,0,0,0,17-Apr-17
OPTSTK,MRF,25-May-17,57550,PE,0,0,0,4105.6,895.7,0,0,0,0,17-Apr-17
OPTSTK,MRF,25-May-17,57600,PE,0,0,0,4132.1,908.2,0,0,0,0,17-Apr-17
OPTSTK,MRF,25-May-17,57650,PE,0,0,0,4158.7,923.15,0,0,0,0,17-Apr-17
OPTSTK,MRF,25-May-17,57700,PE,0,0,0,4185.4,935.8,0,0,0,0,17-Apr-17
OPTSTK,MRF,25-May-17,57750,PE,0,0,0,4212.15,948.6,0,0,0,0,17-Apr-17
OPTSTK,MRF,25-May-17,57800,PE,0,0,0,4239.05,961.55,0,0,0,0,17-Apr-17
OPTSTK,MRF,25-May-17,57850,PE,0,0,0,4266,974.6,0,0,0,0,17-Apr-17
OPTSTK,MRF,25-May-17,57900,PE,0,0,0,3592.2,987.8,0,0,0,0,17-Apr-17
OPTSTK,MRF,25-May-17,57950,PE,0,0,0,3617.05,1001.1,0,0,0,0,17-Apr-17
OPTSTK,MRF,25-May-17,58000,PE,0,0,0,3642,1014.55,0,0,0,0,17-Apr-17
OPTSTK,MRF,25-May-17,58050,PE,0,0,0,3667.05,1028.1,0,0,0,0,17-Apr-17
OPTSTK,MRF,25-May-17,58100,PE,0,0,0,3692.2,1041.8,0,0,0,0,17-Apr-17
OPTSTK,MRF,25-May-17,58150,PE,0,0,0,3717.45,1055.65,0,0,0,0,17-Apr-17
OPTSTK,MRF,25-May-17,58200,PE,0,0,0,3742.8,1069.6,0,0,0,0,17-Apr-17
OPTSTK,MRF,25-May-17,58250,PE,0,0,0,3768.25,1083.7,0,0,0,0,17-Apr-17
OPTSTK,MRF,25-May-17,58300,PE,0,0,0,3793.75,1097.95,0,0,0,0,17-Apr-17
OPTSTK,MRF,25-May-17,58350,PE,0,0,0,3819.4,1109.8,0,0,0,0,17-Apr-17
OPTSTK,MRF,25-May-17,58400,PE,0,0,0,3845.15,1124.35,0,0,0,0,17-Apr-17
OPTSTK,MRF,25-May-17,58450,PE,0,0,0,3870.95,1139.05,0,0,0,0,17-Apr-17
OPTSTK,MRF,25-May-17,58500,PE,0,0,0,3896.9,1153.9,0,0,0,0,17-Apr-17
OPTSTK,MRF,25-May-17,58550,PE,0,0,0,3922.95,1168.85,0,0,0,0,17-Apr-17
OPTSTK,MRF,25-May-17,58600,PE,0,0,0,3949.05,1183.95,0,0,0,0,17-Apr-17
OPTSTK,MRF,25-May-17,58650,PE,0,0,0,3975.25,1199.15,0,0,0,0,17-Apr-17
OPTSTK,MRF,25-May-17,58700,PE,0,0,0,4001.6,1214.55,0,0,0,0,17-Apr-17
OPTSTK,MRF,25-May-17,58750,PE,0,0,0,4028,1230.05,0,0,0,0,17-Apr-17
OPTSTK,MRF,25-May-17,58800,PE,0,0,0,4054.5,1245.65,0,0,0,0,17-Apr-17
OPTSTK,MRF,25-May-17,58850,PE,0,0,0,4081.1,1261.45,0,0,0,0,17-Apr-17
OPTSTK,MRF,25-May-17,58900,PE,0,0,0,4107.8,1277.35,0,0,0,0,17-Apr-17
OPTSTK,MRF,25-May-17,58950,PE,0,0,0,4134.6,1293.4,0,0,0,0,17-Apr-17
OPTSTK,MRF,25-May-17,59000,PE,0,0,0,4161.5,1309.6,0,0,0,0,17-Apr-17
OPTSTK,MRF,25-May-17,59050,PE,0,0,0,4188.45,1325.9,0,0,0,0,17-Apr-17
OPTSTK,MRF,25-May-17,59100,PE,0,0,0,3479.4,1342.35,0,0,0,0,17-Apr-17
OPTSTK,MRF,25-May-17,59150,PE,0,0,0,3503.75,1358.95,0,0,0,0,17-Apr-17
OPTSTK,MRF,25-May-17,59200,PE,0,0,0,3528.15,1375.7,0,0,0,0,17-Apr-17
OPTSTK,MRF,25-May-17,59250,PE,0,0,0,3552.7,1392.55,0,0,0,0,17-Apr-17
OPTSTK,MRF,25-May-17,59300,PE,0,0,0,3577.3,1409.55,0,0,0,0,17-Apr-17
OPTSTK,MRF,25-May-17,59350,PE,0,0,0,3601.8,1426.7,0,0,0,0,17-Apr-17
OPTSTK,MRF,25-May-17,59400,PE,0,0,0,3626.6,1444,0,0,0,0,17-Apr-17
OPTSTK,MRF,25-May-17,59450,PE,0,0,0,3651.5,1461.45,0,0,0,0,17-Apr-17
OPTSTK,MRF,25-May-17,59500,PE,0,0,0,3676.5,1479,0,0,0,0,17-Apr-17
OPTSTK,MRF,25-May-17,59550,PE,0,0,0,3701.6,1496.75,0,0,0,0,17-Apr-17
OPTSTK,MRF,25-May-17,59600,PE,0,0,0,3726.8,1514.6,0,0,0,0,17-Apr-17
OPTSTK,MRF,25-May-17,59650,PE,0,0,0,3752.1,1532.6,0,0,0,0,17-Apr-17
OPTSTK,MRF,25-May-17,59700,PE,0,0,0,3777.5,1550.7,0,0,0,0,17-Apr-17
OPTSTK,MRF,25-May-17,59750,PE,0,0,0,3803,1569,0,0,0,0,17-Apr-17
OPTSTK,MRF,25-May-17,59800,PE,0,0,0,3828.6,1587.4,0,0,0,0,17-Apr-17
OPTSTK,MRF,25-May-17,59850,PE,0,0,0,3854.3,1606,0,0,0,0,17-Apr-17
OPTSTK,MRF,25-May-17,59900,PE,0,0,0,3880.1,1624.7,0,0,0,0,17-Apr-17
OPTSTK,MRF,25-May-17,59950,PE,0,0,0,3905.95,1643.55,0,0,0,0,17-Apr-17
OPTSTK,MRF,25-May-17,60000,PE,0,0,0,3931.95,1662.55,0,0,0,0,17-Apr-17
OPTSTK,MRF,25-May-17,60050,PE,0,0,0,3958,1681.65,0,0,0,0,17-Apr-17
OPTSTK,MRF,25-May-17,60100,PE,0,0,0,3984.2,1700.95,0,0,0,0,17-Apr-17
OPTSTK,MRF,25-May-17,60150,PE,0,0,0,4010.45,1720.35,0,0,0,0,17-Apr-17
OPTSTK,MRF,25-May-17,60200,PE,0,0,0,4036.85,1739.9,0,0,0,0,17-Apr-17
OPTSTK,MRF,25-May-17,60250,PE,0,0,0,4063.3,1759.65,0,0,0,0,17-Apr-17
OPTSTK,MRF,25-May-17,60300,PE,0,0,0,4089.85,1779.5,0,0,0,0,17-Apr-17
OPTSTK,MRF,25-May-17,60350,PE,0,0,0,4116.5,1799.5,0,0,0,0,17-Apr-17
OPTSTK,MRF,25-May-17,60400,PE,0,0,0,4143.25,1819.6,0,0,0,0,17-Apr-17
OPTSTK,MRF,25-May-17,60450,PE,0,0,0,4170.1,1839.9,0,0,0,0,17-Apr-17
OPTSTK,MRF,25-May-17,60500,PE,0,0,0,4197,1860.35,0,0,0,0,17-Apr-17
OPTSTK,MRF,25-May-17,60550,PE,0,0,0,3731,1880.9,0,0,0,0,17-Apr-17
OPTSTK,MRF,25-May-17,60600,PE,0,0,0,3757.35,1901.65,0,0,0,0,17-Apr-17
OPTSTK,MRF,25-May-17,60650,PE,0,0,0,3783.8,1922.5,0,0,0,0,17-Apr-17
OPTSTK,MRF,25-May-17,60700,PE,0,0,0,3810.4,1943.5,0,0,0,0,17-Apr-17
OPTSTK,MRF,25-May-17,60750,PE,0,0,0,3837.1,1964.65,0,0,0,0,17-Apr-17
OPTSTK,MRF,25-May-17,60800,PE,0,0,0,3863.85,1985.95,0,0,0,0,17-Apr-17
OPTSTK,MRF,25-May-17,60850,PE,0,0,0,3890.75,2007.4,0,0,0,0,17-Apr-17
OPTSTK,MRF,25-May-17,60900,PE,0,0,0,3917.75,2029,0,0,0,0,17-Apr-17
OPTSTK,MRF,25-May-17,60950,PE,0,0,0,3245,2050.75,0,0,0,0,17-Apr-17
OPTSTK,MRF,25-May-17,61000,PE,0,0,0,3269.95,2072.6,0,0,0,0,17-Apr-17
OPTSTK,MRF,25-May-17,61050,PE,0,0,0,3295,2094.65,0,0,0,0,17-Apr-17
OPTSTK,MRF,25-May-17,61100,PE,0,0,0,3320.15,2116.8,0,0,0,0,17-Apr-17
OPTSTK,MRF,25-May-17,61150,PE,0,0,0,3345.45,2139.15,0,0,0,0,17-Apr-17
OPTSTK,MRF,25-May-17,61200,PE,0,0,0,3370.8,2161.6,0,0,0,0,17-Apr-17
OPTSTK,MRF,25-May-17,61250,PE,0,0,0,3396.3,2184.2,0,0,0,0,17-Apr-17
OPTSTK,MRF,25-May-17,61300,PE,0,0,0,3421.9,2206.95,0,0,0,0,17-Apr-17
OPTSTK,MRF,25-May-17,61350,PE,0,0,0,3447.6,2229.85,0,0,0,0,17-Apr-17
OPTSTK,MRF,25-May-17,61400,PE,0,0,0,3473.45,2252.9,0,0,0,0,17-Apr-17
OPTSTK,MRF,25-May-17,61450,PE,0,0,0,3499.35,2276.1,0,0,0,0,17-Apr-17
OPTSTK,MRF,25-May-17,61500,PE,0,0,0,3525.4,2299.45,0,0,0,0,17-Apr-17
OPTSTK,MRF,25-May-17,61550,PE,0,0,0,3551.55,2322.9,0,0,0,0,17-Apr-17
OPTSTK,MRF,25-May-17,61600,PE,0,0,0,3577.85,2346.55,0,0,0,0,17-Apr-17
OPTSTK,MRF,25-May-17,61650,PE,0,0,0,3604.2,2370.3,0,0,0,0,17-Apr-17
OPTSTK,MRF,25-May-17,61700,PE,0,0,0,3630.7,2394.25,0,0,0,0,17-Apr-17
OPTSTK,MRF,25-May-17,61750,PE,0,0,0,3657.25,2418.3,0,0,0,0,17-Apr-17
OPTSTK,MRF,25-May-17,61800,PE,0,0,0,3683.95,2442.5,0,0,0,0,17-Apr-17
OPTSTK,MRF,25-May-17,61850,PE,0,0,0,3710.75,2466.85,0,0,0,0,17-Apr-17
OPTSTK,MRF,25-May-17,61900,PE,0,0,0,3737.7,2491.35,0,0,0,0,17-Apr-17
OPTSTK,MRF,25-May-17,61950,PE,0,0,0,3764.7,2516,0,0,0,0,17-Apr-17
OPTSTK,MRF,25-May-17,62000,PE,0,0,0,3616.95,2540.55,0,0,0,0,17-Apr-17
OPTSTK,MRF,25-May-17,62050,PE,0,0,0,3357.9,2565.45,0,0,0,0,17-Apr-17
OPTSTK,MRF,25-May-17,62100,PE,0,0,0,3385.05,2590.55,0,0,0,0,17-Apr-17
OPTSTK,MRF,25-May-17,62150,PE,0,0,0,2683.85,2615.75,0,0,0,0,17-Apr-17
OPTSTK,MRF,25-May-17,62200,PE,0,0,0,2708.75,2641.15,0,0,0,0,17-Apr-17
OPTSTK,MRF,25-May-17,62250,PE,0,0,0,2733.85,2666.65,0,0,0,0,17-Apr-17
OPTSTK,MRF,25-May-17,62300,PE,0,0,0,2759.05,2692.3,0,0,0,0,17-Apr-17
OPTSTK,MRF,25-May-17,62350,PE,0,0,0,2784.4,2718.1,0,0,0,0,17-Apr-17
OPTSTK,MRF,25-May-17,62400,PE,0,0,0,2809.9,2744.05,0,0,0,0,17-Apr-17
OPTSTK,MRF,25-May-17,62450,PE,0,0,0,2835.5,2770.15,0,0,0,0,17-Apr-17
OPTSTK,MRF,25-May-17,62500,PE,0,0,0,2861.25,2796.35,0,0,0,0,17-Apr-17
OPTSTK,MRF,25-May-17,62550,PE,0,0,0,2887.15,2822.75,0,0,0,0,17-Apr-17
OPTSTK,MRF,29-Jun-17,58800,CE,0,0,0,5572.1,5940.45,0,0,0,0,17-Apr-17
OPTSTK,MRF,29-Jun-17,58850,CE,0,0,0,5546,5909.1,0,0,0,0,17-Apr-17
OPTSTK,MRF,29-Jun-17,58900,CE,0,0,0,5519.95,5877.85,0,0,0,0,17-Apr-17
OPTSTK,MRF,29-Jun-17,58950,CE,0,0,0,5494,5846.7,0,0,0,0,17-Apr-17
OPTSTK,MRF,29-Jun-17,59000,CE,0,0,0,5468.15,5815.65,0,0,0,0,17-Apr-17
OPTSTK,MRF,29-Jun-17,59050,CE,0,0,0,5442.4,5784.7,0,0,0,0,17-Apr-17
OPTSTK,MRF,29-Jun-17,59100,CE,0,0,0,5416.7,5753.85,0,0,0,0,17-Apr-17
OPTSTK,MRF,29-Jun-17,59150,CE,0,0,0,5391.1,5723.1,0,0,0,0,17-Apr-17
OPTSTK,MRF,29-Jun-17,59200,CE,0,0,0,5365.6,5692.45,0,0,0,0,17-Apr-17
OPTSTK,MRF,29-Jun-17,59250,CE,0,0,0,5340.2,5661.9,0,0,0,0,17-Apr-17
OPTSTK,MRF,29-Jun-17,59300,CE,0,0,0,5314.85,5631.5,0,0,0,0,17-Apr-17
OPTSTK,MRF,29-Jun-17,59350,CE,0,0,0,5289.6,5601.15,0,0,0,0,17-Apr-17
OPTSTK,MRF,29-Jun-17,59400,CE,0,0,0,5264.45,5570.95,0,0,0,0,17-Apr-17
OPTSTK,MRF,29-Jun-17,59450,CE,0,0,0,5239.35,5540.8,0,0,0,0,17-Apr-17
OPTSTK,MRF,29-Jun-17,59500,CE,0,0,0,5214.35,5510.8,0,0,0,0,17-Apr-17
OPTSTK,MRF,29-Jun-17,59550,CE,0,0,0,5189.45,5480.9,0,0,0,0,17-Apr-17
OPTSTK,MRF,29-Jun-17,59600,CE,0,0,0,5164.6,5451.1,0,0,0,0,17-Apr-17
OPTSTK,MRF,29-Jun-17,59650,CE,0,0,0,5139.9,5421.4,0,0,0,0,17-Apr-17
OPTSTK,MRF,29-Jun-17,59700,CE,0,0,0,5115.25,5391.8,0,0,0,0,17-Apr-17
OPTSTK,MRF,29-Jun-17,59750,CE,0,0,0,5090.45,5362.3,0,0,0,0,17-Apr-17
OPTSTK,MRF,29-Jun-17,59800,CE,0,0,0,5065.95,5332.9,0,0,0,0,17-Apr-17
OPTSTK,MRF,29-Jun-17,59850,CE,0,0,0,5041.55,5303.6,0,0,0,0,17-Apr-17
OPTSTK,MRF,29-Jun-17,59900,CE,0,0,0,5017.25,5274.45,0,0,0,0,17-Apr-17
OPTSTK,MRF,29-Jun-17,59950,CE,0,0,0,4993,5245.35,0,0,0,0,17-Apr-17
OPTSTK,MRF,29-Jun-17,60000,CE,0,0,0,4968.9,5216.4,0,0,0,0,17-Apr-17
OPTSTK,MRF,29-Jun-17,60050,CE,0,0,0,4944.8,5187.5,0,0,0,0,17-Apr-17
OPTSTK,MRF,29-Jun-17,60100,CE,0,0,0,4920.85,5158.75,0,0,0,0,17-Apr-17
OPTSTK,MRF,29-Jun-17,60150,CE,0,0,0,4896.95,5130.1,0,0,0,0,17-Apr-17
OPTSTK,MRF,29-Jun-17,60200,CE,0,0,0,4873.15,5101.55,0,0,0,0,17-Apr-17
OPTSTK,MRF,29-Jun-17,60250,CE,0,0,0,4849.45,5073.1,0,0,0,0,17-Apr-17
OPTSTK,MRF,29-Jun-17,60300,CE,0,0,0,4825.8,5044.75,0,0,0,0,17-Apr-17
OPTSTK,MRF,29-Jun-17,60350,CE,0,0,0,4802.25,5016.5,0,0,0,0,17-Apr-17
OPTSTK,MRF,29-Jun-17,60400,CE,0,0,0,4778.8,4988.4,0,0,0,0,17-Apr-17
OPTSTK,MRF,29-Jun-17,60450,CE,0,0,0,4755.45,4960.35,0,0,0,0,17-Apr-17
OPTSTK,MRF,29-Jun-17,60500,CE,0,0,0,4732.15,4932.45,0,0,0,0,17-Apr-17
OPTSTK,MRF,29-Jun-17,60550,CE,0,0,0,4708.9,4904.6,0,0,0,0,17-Apr-17
OPTSTK,MRF,29-Jun-17,60600,CE,0,0,0,4685.8,4876.9,0,0,0,0,17-Apr-17
OPTSTK,MRF,29-Jun-17,60650,CE,0,0,0,4662.75,4849.3,0,0,0,0,17-Apr-17
OPTSTK,MRF,29-Jun-17,60700,CE,0,0,0,4639.8,4821.8,0,0,0,0,17-Apr-17
OPTSTK,MRF,29-Jun-17,60750,CE,0,0,0,4616.9,4794.4,0,0,0,0,17-Apr-17
OPTSTK,MRF,29-Jun-17,60800,CE,0,0,0,4594.15,4767.1,0,0,0,0,17-Apr-17
OPTSTK,MRF,29-Jun-17,60850,CE,0,0,0,5089.85,4739.9,0,0,0,0,17-Apr-17
OPTSTK,MRF,29-Jun-17,60900,CE,0,0,0,5065.05,4712.8,0,0,0,0,17-Apr-17
OPTSTK,MRF,29-Jun-17,60950,CE,0,0,0,5040.6,4685.85,0,0,0,0,17-Apr-17
OPTSTK,MRF,29-Jun-17,61000,CE,0,0,0,5016.2,4658.95,0,0,0,0,17-Apr-17
OPTSTK,MRF,29-Jun-17,61050,CE,0,0,0,4991.9,4632.2,0,0,0,0,17-Apr-17
OPTSTK,MRF,29-Jun-17,61100,CE,0,0,0,4967.65,4605.55,0,0,0,0,17-Apr-17
OPTSTK,MRF,29-Jun-17,61150,CE,0,0,0,4943.5,4578.95,0,0,0,0,17-Apr-17
OPTSTK,MRF,29-Jun-17,61200,CE,0,0,0,4919.45,4552.5,0,0,0,0,17-Apr-17
OPTSTK,MRF,29-Jun-17,61250,CE,0,0,0,4895.5,4526.15,0,0,0,0,17-Apr-17
OPTSTK,MRF,29-Jun-17,61300,CE,0,0,0,4871.6,4499.9,0,0,0,0,17-Apr-17
OPTSTK,MRF,29-Jun-17,61350,CE,0,0,0,4847.8,4473.8,0,0,0,0,17-Apr-17
OPTSTK,MRF,29-Jun-17,61400,CE,0,0,0,4824.1,4447.75,0,0,0,0,17-Apr-17
OPTSTK,MRF,29-Jun-17,61450,CE,0,0,0,4800.5,4421.8,0,0,0,0,17-Apr-17
OPTSTK,MRF,29-Jun-17,61500,CE,0,0,0,4776.95,4396,0,0,0,0,17-Apr-17
OPTSTK,MRF,29-Jun-17,61550,CE,0,0,0,4753.5,4370.25,0,0,0,0,17-Apr-17
OPTSTK,MRF,29-Jun-17,61600,CE,0,0,0,4730.1,4344.65,0,0,0,0,17-Apr-17
OPTSTK,MRF,29-Jun-17,61650,CE,0,0,0,4706.8,4319.1,0,0,0,0,17-Apr-17
OPTSTK,MRF,29-Jun-17,61700,CE,0,0,0,4683.6,4293.7,0,0,0,0,17-Apr-17
OPTSTK,MRF,29-Jun-17,61750,CE,0,0,0,4660.5,4268.4,0,0,0,0,17-Apr-17
OPTSTK,MRF,29-Jun-17,61800,CE,0,0,0,4637.45,4243.2,0,0,0,0,17-Apr-17
OPTSTK,MRF,29-Jun-17,61850,CE,0,0,0,4614.5,4218.1,0,0,0,0,17-Apr-17
OPTSTK,MRF,29-Jun-17,61900,CE,0,0,0,4591.65,4193.1,0,0,0,0,17-Apr-17
OPTSTK,MRF,29-Jun-17,61950,CE,0,0,0,4568.85,4168.2,0,0,0,0,17-Apr-17
OPTSTK,MRF,29-Jun-17,62000,CE,0,0,0,4360.95,4143.45,0,0,0,0,17-Apr-17
OPTSTK,MRF,29-Jun-17,62050,CE,0,0,0,4097.3,4118.5,0,0,0,0,17-Apr-17
OPTSTK,MRF,29-Jun-17,62100,CE,0,0,0,4074.4,4093.9,0,0,0,0,17-Apr-17
OPTSTK,MRF,29-Jun-17,62150,CE,0,0,0,4246.15,4069.45,0,0,0,0,17-Apr-17
OPTSTK,MRF,29-Jun-17,62200,CE,0,0,0,4221.25,4045.05,0,0,0,0,17-Apr-17
OPTSTK,MRF,29-Jun-17,62250,CE,0,0,0,4196.7,4020.8,0,0,0,0,17-Apr-17
OPTSTK,MRF,29-Jun-17,62300,CE,0,0,0,4172.25,3996.65,0,0,0,0,17-Apr-17
OPTSTK,MRF,29-Jun-17,62350,CE,0,0,0,4147.9,3972.55,0,0,0,0,17-Apr-17
OPTSTK,MRF,29-Jun-17,62400,CE,0,0,0,4123.65,3948.6,0,0,0,0,17-Apr-17
OPTSTK,MRF,29-Jun-17,62450,CE,0,0,0,4099.5,3924.75,0,0,0,0,17-Apr-17
OPTSTK,MRF,29-Jun-17,62500,CE,0,0,0,4075.45,3901,0,0,0,0,17-Apr-17
OPTSTK,MRF,29-Jun-17,62550,CE,0,0,0,4051.5,3877.35,0,0,0,0,17-Apr-17
OPTSTK,MRF,29-Jun-17,58800,PE,0,0,0,3578.75,2032.45,0,0,0,0,17-Apr-17
OPTSTK,MRF,29-Jun-17,58850,PE,0,0,0,3601.8,2050.45,0,0,0,0,17-Apr-17
OPTSTK,MRF,29-Jun-17,58900,PE,0,0,0,3624.95,2068.55,0,0,0,0,17-Apr-17
OPTSTK,MRF,29-Jun-17,58950,PE,0,0,0,3648.2,2086.75,0,0,0,0,17-Apr-17
OPTSTK,MRF,29-Jun-17,59000,PE,0,0,0,3671.5,2105.05,0,0,0,0,17-Apr-17
OPTSTK,MRF,29-Jun-17,59050,PE,0,0,0,3694.9,2123.45,0,0,0,0,17-Apr-17
OPTSTK,MRF,29-Jun-17,59100,PE,0,0,0,3718.4,2141.95,0,0,0,0,17-Apr-17
OPTSTK,MRF,29-Jun-17,59150,PE,0,0,0,3742,2160.55,0,0,0,0,17-Apr-17
OPTSTK,MRF,29-Jun-17,59200,PE,0,0,0,3765.65,2179.3,0,0,0,0,17-Apr-17
OPTSTK,MRF,29-Jun-17,59250,PE,0,0,0,3789.4,2198.1,0,0,0,0,17-Apr-17
OPTSTK,MRF,29-Jun-17,59300,PE,0,0,0,3813.25,2217,0,0,0,0,17-Apr-17
OPTSTK,MRF,29-Jun-17,59350,PE,0,0,0,3837.15,2236.05,0,0,0,0,17-Apr-17
OPTSTK,MRF,29-Jun-17,59400,PE,0,0,0,3861.15,2255.2,0,0,0,0,17-Apr-17
OPTSTK,MRF,29-Jun-17,59450,PE,0,0,0,3885.25,2274.4,0,0,0,0,17-Apr-17
OPTSTK,MRF,29-Jun-17,59500,PE,0,0,0,3909.45,2293.75,0,0,0,0,17-Apr-17
OPTSTK,MRF,29-Jun-17,59550,PE,0,0,0,3933.7,2313.2,0,0,0,0,17-Apr-17
OPTSTK,MRF,29-Jun-17,59600,PE,0,0,0,3958.05,2332.75,0,0,0,0,17-Apr-17
OPTSTK,MRF,29-Jun-17,59650,PE,0,0,0,3982.5,2352.4,0,0,0,0,17-Apr-17
OPTSTK,MRF,29-Jun-17,59700,PE,0,0,0,4007,2372.15,0,0,0,0,17-Apr-17
OPTSTK,MRF,29-Jun-17,59750,PE,0,0,0,4031.4,2392,0,0,0,0,17-Apr-17
OPTSTK,MRF,29-Jun-17,59800,PE,0,0,0,4056.1,2412,0,0,0,0,17-Apr-17
OPTSTK,MRF,29-Jun-17,59850,PE,0,0,0,4080.85,2432.05,0,0,0,0,17-Apr-17
OPTSTK,MRF,29-Jun-17,59900,PE,0,0,0,4105.75,2452.2,0,0,0,0,17-Apr-17
OPTSTK,MRF,29-Jun-17,59950,PE,0,0,0,4130.7,2472.5,0,0,0,0,17-Apr-17
OPTSTK,MRF,29-Jun-17,60000,PE,0,0,0,4155.7,2492.9,0,0,0,0,17-Apr-17
OPTSTK,MRF,29-Jun-17,60050,PE,0,0,0,4180.85,2513.35,0,0,0,0,17-Apr-17
OPTSTK,MRF,29-Jun-17,60100,PE,0,0,0,4206.05,2533.95,0,0,0,0,17-Apr-17
OPTSTK,MRF,29-Jun-17,60150,PE,0,0,0,4231.35,2554.65,0,0,0,0,17-Apr-17
OPTSTK,MRF,29-Jun-17,60200,PE,0,0,0,4256.7,2575.45,0,0,0,0,17-Apr-17
OPTSTK,MRF,29-Jun-17,60250,PE,0,0,0,4282.15,2596.35,0,0,0,0,17-Apr-17
OPTSTK,MRF,29-Jun-17,60300,PE,0,0,0,4307.7,2617.4,0,0,0,0,17-Apr-17
OPTSTK,MRF,29-Jun-17,60350,PE,0,0,0,4333.35,2638.5,0,0,0,0,17-Apr-17
OPTSTK,MRF,29-Jun-17,60400,PE,0,0,0,4359.05,2659.7,0,0,0,0,17-Apr-17
OPTSTK,MRF,29-Jun-17,60450,PE,0,0,0,4384.85,2681.05,0,0,0,0,17-Apr-17
OPTSTK,MRF,29-Jun-17,60500,PE,0,0,0,4410.75,2702.45,0,0,0,0,17-Apr-17
OPTSTK,MRF,29-Jun-17,60550,PE,0,0,0,4436.7,2724,0,0,0,0,17-Apr-17
OPTSTK,MRF,29-Jun-17,60600,PE,0,0,0,4462.75,2745.65,0,0,0,0,17-Apr-17
OPTSTK,MRF,29-Jun-17,60650,PE,0,0,0,4488.85,2767.4,0,0,0,0,17-Apr-17
OPTSTK,MRF,29-Jun-17,60700,PE,0,0,0,4515.1,2789.25,0,0,0,0,17-Apr-17
OPTSTK,MRF,29-Jun-17,60750,PE,0,0,0,4541.4,2811.2,0,0,0,0,17-Apr-17
OPTSTK,MRF,29-Jun-17,60800,PE,0,0,0,4567.8,2833.25,0,0,0,0,17-Apr-17
OPTSTK,MRF,29-Jun-17,60850,PE,0,0,0,4014.7,2855.4,0,0,0,0,17-Apr-17
OPTSTK,MRF,29-Jun-17,60900,PE,0,0,0,4039.1,2877.7,0,0,0,0,17-Apr-17
OPTSTK,MRF,29-Jun-17,60950,PE,0,0,0,4063.85,2900.05,0,0,0,0,17-Apr-17
OPTSTK,MRF,29-Jun-17,61000,PE,0,0,0,4088.65,2922.55,0,0,0,0,17-Apr-17
OPTSTK,MRF,29-Jun-17,61050,PE,0,0,0,4113.55,2945.15,0,0,0,0,17-Apr-17
OPTSTK,MRF,29-Jun-17,61100,PE,0,0,0,4138.5,2967.8,0,0,0,0,17-Apr-17
OPTSTK,MRF,29-Jun-17,61150,PE,0,0,0,4163.6,2990.6,0,0,0,0,17-Apr-17
OPTSTK,MRF,29-Jun-17,61200,PE,0,0,0,4188.75,3013.5,0,0,0,0,17-Apr-17
OPTSTK,MRF,29-Jun-17,61250,PE,0,0,0,4213.95,3036.5,0,0,0,0,17-Apr-17
OPTSTK,MRF,29-Jun-17,61300,PE,0,0,0,4239.3,3059.6,0,0,0,0,17-Apr-17
OPTSTK,MRF,29-Jun-17,61350,PE,0,0,0,4264.7,3082.85,0,0,0,0,17-Apr-17
OPTSTK,MRF,29-Jun-17,61400,PE,0,0,0,4290.2,3106.15,0,0,0,0,17-Apr-17
OPTSTK,MRF,29-Jun-17,61450,PE,0,0,0,4315.75,3129.6,0,0,0,0,17-Apr-17
OPTSTK,MRF,29-Jun-17,61500,PE,0,0,0,4341.4,3153.1,0,0,0,0,17-Apr-17
OPTSTK,MRF,29-Jun-17,61550,PE,0,0,0,4367.15,3176.75,0,0,0,0,17-Apr-17
OPTSTK,MRF,29-Jun-17,61600,PE,0,0,0,4393,3200.45,0,0,0,0,17-Apr-17
OPTSTK,MRF,29-Jun-17,61650,PE,0,0,0,4418.9,3224.3,0,0,0,0,17-Apr-17
OPTSTK,MRF,29-Jun-17,61700,PE,0,0,0,4444.9,3248.25,0,0,0,0,17-Apr-17
OPTSTK,MRF,29-Jun-17,61750,PE,0,0,0,4470.95,3272.3,0,0,0,0,17-Apr-17
OPTSTK,MRF,29-Jun-17,61800,PE,0,0,0,4497.15,3296.45,0,0,0,0,17-Apr-17
OPTSTK,MRF,29-Jun-17,61850,PE,0,0,0,4523.4,3320.7,0,0,0,0,17-Apr-17
OPTSTK,MRF,29-Jun-17,61900,PE,0,0,0,4549.7,3345.05,0,0,0,0,17-Apr-17
OPTSTK,MRF,29-Jun-17,61950,PE,0,0,0,4576.15,3369.55,0,0,0,0,17-Apr-17
OPTSTK,MRF,29-Jun-17,62000,PE,0,0,0,4416.45,3394.1,0,0,0,0,17-Apr-17
OPTSTK,MRF,29-Jun-17,62050,PE,0,0,0,4122.55,3418.5,0,0,0,0,17-Apr-17
OPTSTK,MRF,29-Jun-17,62100,PE,0,0,0,4148.95,3443.3,0,0,0,0,17-Apr-17
OPTSTK,MRF,29-Jun-17,62150,PE,0,0,0,3465.85,3468.15,0,0,0,0,17-Apr-17
OPTSTK,MRF,29-Jun-17,62200,PE,0,0,0,3490.25,3493.15,0,0,0,0,17-Apr-17
OPTSTK,MRF,29-Jun-17,62250,PE,0,0,0,3515,3518.25,0,0,0,0,17-Apr-17
OPTSTK,MRF,29-Jun-17,62300,PE,0,0,0,3539.85,3543.45,0,0,0,0,17-Apr-17
OPTSTK,MRF,29-Jun-17,62350,PE,0,0,0,3564.8,3568.7,0,0,0,0,17-Apr-17
OPTSTK,MRF,29-Jun-17,62400,PE,0,0,0,3589.85,3594.1,0,0,0,0,17-Apr-17
OPTSTK,MRF,29-Jun-17,62450,PE,0,0,0,3615,3619.6,0,0,0,0,17-Apr-17
OPTSTK,MRF,29-Jun-17,62500,PE,0,0,0,3640.25,3645.2,0,0,0,0,17-Apr-17
OPTSTK,MRF,29-Jun-17,62550,PE,0,0,0,3665.6,3670.9,0,0,0,0,17-Apr-17
OPTSTK,MUTHOOTFIN,27-Apr-17,290,CE,0,0,0,85.55,105.2,0,0,0,0,17-Apr-17
OPTSTK,MUTHOOTFIN,27-Apr-17,300,CE,0,0,0,82.5,95.25,0,0,1500,0,17-Apr-17
OPTSTK,MUTHOOTFIN,27-Apr-17,310,CE,0,0,0,72.65,85.25,0,0,1500,0,17-Apr-17
OPTSTK,MUTHOOTFIN,27-Apr-17,320,CE,0,0,0,57.6,75.3,0,0,0,0,17-Apr-17
OPTSTK,MUTHOOTFIN,27-Apr-17,330,CE,0,0,0,49.05,65.35,0,0,0,0,17-Apr-17
OPTSTK,MUTHOOTFIN,27-Apr-17,340,CE,0,0,0,41.15,55.55,0,0,0,0,17-Apr-17
OPTSTK,MUTHOOTFIN,27-Apr-17,350,CE,0,0,0,33.9,45.95,0,0,0,0,17-Apr-17
OPTSTK,MUTHOOTFIN,27-Apr-17,360,CE,0,0,0,27.5,36.75,0,0,0,0,17-Apr-17
OPTSTK,MUTHOOTFIN,27-Apr-17,370,CE,0,0,0,21.9,28.3,0,0,0,0,17-Apr-17
OPTSTK,MUTHOOTFIN,27-Apr-17,380,CE,15.4,20.5,14.25,20.5,20.5,3,17.85,24000,-1500,17-Apr-17
OPTSTK,MUTHOOTFIN,27-Apr-17,390,CE,10.5,15.25,9.25,14.1,14.1,21,126.73,30000,10500,17-Apr-17
OPTSTK,MUTHOOTFIN,27-Apr-17,400,CE,8.6,10.3,5.85,9.75,9.75,50,306.04,79500,4500,17-Apr-17
OPTSTK,MUTHOOTFIN,27-Apr-17,410,CE,3.5,6.5,3.5,5.95,5.95,6,37.42,33000,-6000,17-Apr-17
OPTSTK,MUTHOOTFIN,27-Apr-17,420,CE,3.5,3.5,3.5,3.5,3.5,1,6.35,36000,1500,17-Apr-17
OPTSTK,MUTHOOTFIN,27-Apr-17,430,CE,1.9,1.9,1.9,1.9,1.9,1,6.47,10500,1500,17-Apr-17
OPTSTK,MUTHOOTFIN,27-Apr-17,440,CE,0.95,1,0.8,1,1,3,19.84,9000,3000,17-Apr-17
OPTSTK,MUTHOOTFIN,27-Apr-17,450,CE,0,0,0,1,0.55,0,0,3000,0,17-Apr-17
OPTSTK,MUTHOOTFIN,27-Apr-17,460,CE,0,0,0,1,0.25,0,0,1500,0,17-Apr-17
OPTSTK,MUTHOOTFIN,27-Apr-17,470,CE,0,0,0,0.9,0.15,0,0,0,0,17-Apr-17
OPTSTK,MUTHOOTFIN,27-Apr-17,480,CE,0,0,0,0.6,0.05,0,0,0,0,17-Apr-17
OPTSTK,MUTHOOTFIN,27-Apr-17,290,PE,0,0,0,0.35,0,0,0,0,0,17-Apr-17
OPTSTK,MUTHOOTFIN,27-Apr-17,300,PE,0,0,0,0.7,0,0,0,0,0,17-Apr-17
OPTSTK,MUTHOOTFIN,27-Apr-17,310,PE,0,0,0,1.3,0,0,0,0,0,17-Apr-17
OPTSTK,MUTHOOTFIN,27-Apr-17,320,PE,0,0,0,2.25,0.05,0,0,0,0,17-Apr-17
OPTSTK,MUTHOOTFIN,27-Apr-17,330,PE,0,0,0,3.7,0.1,0,0,0,0,17-Apr-17
OPTSTK,MUTHOOTFIN,27-Apr-17,340,PE,0,0,0,1,0.25,0,0,1500,0,17-Apr-17
OPTSTK,MUTHOOTFIN,27-Apr-17,350,PE,0,0,0,2.05,0.6,0,0,1500,0,17-Apr-17
OPTSTK,MUTHOOTFIN,27-Apr-17,360,PE,2.45,2.45,1.55,1.55,1.55,8,43.47,12000,6000,17-Apr-17
OPTSTK,MUTHOOTFIN,27-Apr-17,370,PE,3.15,3.15,3.15,3.15,3.15,1,5.59,12000,1500,17-Apr-17
OPTSTK,MUTHOOTFIN,27-Apr-17,380,PE,8,8,4.6,4.6,4.6,4,23.18,18000,1500,17-Apr-17
OPTSTK,MUTHOOTFIN,27-Apr-17,390,PE,9,9,9,9,9,1,5.98,7500,0,17-Apr-17
OPTSTK,MUTHOOTFIN,27-Apr-17,400,PE,15.75,15.75,15.75,15.75,15.75,1,6.23,13500,1500,17-Apr-17
OPTSTK,MUTHOOTFIN,27-Apr-17,410,PE,0,0,0,27.3,20.7,0,0,1500,0,17-Apr-17
OPTSTK,MUTHOOTFIN,27-Apr-17,420,PE,0,0,0,40.35,28.2,0,0,3000,0,17-Apr-17
OPTSTK,MUTHOOTFIN,27-Apr-17,430,PE,42.5,42.5,42.5,42.5,42.5,1,7.08,1500,0,17-Apr-17
OPTSTK,MUTHOOTFIN,27-Apr-17,440,PE,0,0,0,66.8,45.6,0,0,0,0,17-Apr-17
OPTSTK,MUTHOOTFIN,27-Apr-17,450,PE,0,0,0,62,55.05,0,0,0,0,17-Apr-17
OPTSTK,MUTHOOTFIN,27-Apr-17,460,PE,0,0,0,85.25,64.75,0,0,0,0,17-Apr-17
OPTSTK,MUTHOOTFIN,27-Apr-17,470,PE,0,0,0,94.8,74.6,0,0,0,0,17-Apr-17
OPTSTK,MUTHOOTFIN,27-Apr-17,480,PE,0,0,0,104.45,84.55,0,0,0,0,17-Apr-17
OPTSTK,MUTHOOTFIN,25-May-17,290,CE,0,0,0,88.65,106.95,0,0,0,0,17-Apr-17
OPTSTK,MUTHOOTFIN,25-May-17,300,CE,0,0,0,79.75,97.25,0,0,0,0,17-Apr-17
OPTSTK,MUTHOOTFIN,25-May-17,310,CE,0,0,0,71.25,87.75,0,0,0,0,17-Apr-17
OPTSTK,MUTHOOTFIN,25-May-17,320,CE,0,0,0,63.15,78.45,0,0,0,0,17-Apr-17
OPTSTK,MUTHOOTFIN,25-May-17,330,CE,0,0,0,55.5,69.45,0,0,0,0,17-Apr-17
OPTSTK,MUTHOOTFIN,25-May-17,340,CE,0,0,0,48.45,60.9,0,0,0,0,17-Apr-17
OPTSTK,MUTHOOTFIN,25-May-17,350,CE,0,0,0,41.9,52.8,0,0,0,0,17-Apr-17
OPTSTK,MUTHOOTFIN,25-May-17,360,CE,0,0,0,35.95,45.25,0,0,0,0,17-Apr-17
OPTSTK,MUTHOOTFIN,25-May-17,370,CE,0,0,0,30.65,38.35,0,0,0,0,17-Apr-17
OPTSTK,MUTHOOTFIN,25-May-17,380,CE,0,0,0,25.9,32.1,0,0,0,0,17-Apr-17
OPTSTK,MUTHOOTFIN,25-May-17,390,CE,0,0,0,21.7,26.6,0,0,0,0,17-Apr-17
OPTSTK,MUTHOOTFIN,25-May-17,400,CE,0,0,0,18.1,21.75,0,0,0,0,17-Apr-17
OPTSTK,MUTHOOTFIN,25-May-17,410,CE,0,0,0,14.95,17.55,0,0,0,0,17-Apr-17
OPTSTK,MUTHOOTFIN,25-May-17,420,CE,0,0,0,12.3,14.05,0,0,0,0,17-Apr-17
OPTSTK,MUTHOOTFIN,25-May-17,430,CE,0,0,0,10.05,11.1,0,0,0,0,17-Apr-17
OPTSTK,MUTHOOTFIN,25-May-17,440,CE,0,0,0,8.15,8.7,0,0,0,0,17-Apr-17
OPTSTK,MUTHOOTFIN,25-May-17,450,CE,0,0,0,6.55,6.7,0,0,0,0,17-Apr-17
OPTSTK,MUTHOOTFIN,25-May-17,460,CE,0,0,0,5.25,5.15,0,0,0,0,17-Apr-17
OPTSTK,MUTHOOTFIN,25-May-17,470,CE,0,0,0,4.2,3.9,0,0,0,0,17-Apr-17
OPTSTK,MUTHOOTFIN,25-May-17,480,CE,0,0,0,3.3,2.9,0,0,0,0,17-Apr-17
OPTSTK,MUTHOOTFIN,25-May-17,290,PE,0,0,0,1.95,0.3,0,0,0,0,17-Apr-17
OPTSTK,MUTHOOTFIN,25-May-17,300,PE,0,0,0,2.95,0.55,0,0,0,0,17-Apr-17
OPTSTK,MUTHOOTFIN,25-May-17,310,PE,0,0,0,4.3,0.95,0,0,0,0,17-Apr-17
OPTSTK,MUTHOOTFIN,25-May-17,320,PE,0,0,0,6.1,1.6,0,0,0,0,17-Apr-17
OPTSTK,MUTHOOTFIN,25-May-17,330,PE,0,0,0,8.4,2.55,0,0,0,0,17-Apr-17
OPTSTK,MUTHOOTFIN,25-May-17,340,PE,0,0,0,11.2,3.9,0,0,0,0,17-Apr-17
OPTSTK,MUTHOOTFIN,25-May-17,350,PE,0,0,0,14.6,5.75,0,0,0,0,17-Apr-17
OPTSTK,MUTHOOTFIN,25-May-17,360,PE,0,0,0,18.55,8.15,0,0,0,0,17-Apr-17
OPTSTK,MUTHOOTFIN,25-May-17,370,PE,0,0,0,23.1,11.15,0,0,0,0,17-Apr-17
OPTSTK,MUTHOOTFIN,25-May-17,380,PE,0,0,0,28.3,14.85,0,0,0,0,17-Apr-17
OPTSTK,MUTHOOTFIN,25-May-17,390,PE,0,0,0,34,19.25,0,0,0,0,17-Apr-17
OPTSTK,MUTHOOTFIN,25-May-17,400,PE,0,0,0,40.25,24.35,0,0,0,0,17-Apr-17
OPTSTK,MUTHOOTFIN,25-May-17,410,PE,0,0,0,47.05,30.1,0,0,0,0,17-Apr-17
OPTSTK,MUTHOOTFIN,25-May-17,420,PE,0,0,0,54.25,36.5,0,0,0,0,17-Apr-17
OPTSTK,MUTHOOTFIN,25-May-17,430,PE,0,0,0,61.9,43.5,0,0,0,0,17-Apr-17
OPTSTK,MUTHOOTFIN,25-May-17,440,PE,0,0,0,69.9,51,0,0,0,0,17-Apr-17
OPTSTK,MUTHOOTFIN,25-May-17,450,PE,0,0,0,78.2,58.95,0,0,0,0,17-Apr-17
OPTSTK,MUTHOOTFIN,25-May-17,460,PE,0,0,0,86.8,67.35,0,0,0,0,17-Apr-17
OPTSTK,MUTHOOTFIN,25-May-17,470,PE,0,0,0,95.65,76,0,0,0,0,17-Apr-17
OPTSTK,MUTHOOTFIN,25-May-17,480,PE,0,0,0,104.7,85,0,0,0,0,17-Apr-17
OPTSTK,MUTHOOTFIN,29-Jun-17,290,CE,0,0,0,93.05,110.1,0,0,0,0,17-Apr-17
OPTSTK,MUTHOOTFIN,29-Jun-17,300,CE,0,0,0,84.8,101,0,0,0,0,17-Apr-17
OPTSTK,MUTHOOTFIN,29-Jun-17,310,CE,0,0,0,76.95,92.2,0,0,0,0,17-Apr-17
OPTSTK,MUTHOOTFIN,29-Jun-17,320,CE,0,0,0,69.5,83.7,0,0,0,0,17-Apr-17
OPTSTK,MUTHOOTFIN,29-Jun-17,330,CE,0,0,0,62.5,75.6,0,0,0,0,17-Apr-17
OPTSTK,MUTHOOTFIN,29-Jun-17,340,CE,0,0,0,55.9,67.9,0,0,0,0,17-Apr-17
OPTSTK,MUTHOOTFIN,29-Jun-17,350,CE,0,0,0,49.85,60.65,0,0,0,0,17-Apr-17
OPTSTK,MUTHOOTFIN,29-Jun-17,360,CE,0,0,0,44.2,53.85,0,0,0,0,17-Apr-17
OPTSTK,MUTHOOTFIN,29-Jun-17,370,CE,0,0,0,39.05,47.55,0,0,0,0,17-Apr-17
OPTSTK,MUTHOOTFIN,29-Jun-17,380,CE,0,0,0,34.35,41.75,0,0,0,0,17-Apr-17
OPTSTK,MUTHOOTFIN,29-Jun-17,390,CE,0,0,0,30.1,36.5,0,0,0,0,17-Apr-17
OPTSTK,MUTHOOTFIN,29-Jun-17,400,CE,0,0,0,26.3,31.7,0,0,0,0,17-Apr-17
OPTSTK,MUTHOOTFIN,29-Jun-17,410,CE,0,0,0,22.9,27.4,0,0,0,0,17-Apr-17
OPTSTK,MUTHOOTFIN,29-Jun-17,420,CE,0,0,0,19.85,23.6,0,0,0,0,17-Apr-17
OPTSTK,MUTHOOTFIN,29-Jun-17,430,CE,0,0,0,17.15,20.2,0,0,0,0,17-Apr-17
OPTSTK,MUTHOOTFIN,29-Jun-17,440,CE,0,0,0,14.8,17.2,0,0,0,0,17-Apr-17
OPTSTK,MUTHOOTFIN,29-Jun-17,450,CE,0,0,0,12.7,14.6,0,0,0,0,17-Apr-17
OPTSTK,MUTHOOTFIN,29-Jun-17,460,CE,0,0,0,10.85,12.35,0,0,0,0,17-Apr-17
OPTSTK,MUTHOOTFIN,29-Jun-17,470,CE,0,0,0,9.3,10.4,0,0,0,0,17-Apr-17
OPTSTK,MUTHOOTFIN,29-Jun-17,480,CE,0,0,0,7.9,8.7,0,0,0,0,17-Apr-17
OPTSTK,MUTHOOTFIN,29-Jun-17,290,PE,0,0,0,4.5,1.65,0,0,0,0,17-Apr-17
OPTSTK,MUTHOOTFIN,29-Jun-17,300,PE,0,0,0,6.1,2.45,0,0,0,0,17-Apr-17
OPTSTK,MUTHOOTFIN,29-Jun-17,310,PE,0,0,0,8.1,3.5,0,0,0,0,17-Apr-17
OPTSTK,MUTHOOTFIN,29-Jun-17,320,PE,0,0,0,10.5,4.9,0,0,0,0,17-Apr-17
OPTSTK,MUTHOOTFIN,29-Jun-17,330,PE,0,0,0,13.3,6.65,0,0,0,0,17-Apr-17
OPTSTK,MUTHOOTFIN,29-Jun-17,340,PE,0,0,0,16.55,8.8,0,0,0,0,17-Apr-17
OPTSTK,MUTHOOTFIN,29-Jun-17,350,PE,0,0,0,20.3,11.4,0,0,0,0,17-Apr-17
OPTSTK,MUTHOOTFIN,29-Jun-17,360,PE,0,0,0,24.55,14.5,0,0,0,0,17-Apr-17
OPTSTK,MUTHOOTFIN,29-Jun-17,370,PE,0,0,0,29.2,18.05,0,0,0,0,17-Apr-17
OPTSTK,MUTHOOTFIN,29-Jun-17,380,PE,0,0,0,34.35,22.15,0,0,0,0,17-Apr-17
OPTSTK,MUTHOOTFIN,29-Jun-17,390,PE,0,0,0,39.95,26.75,0,0,0,0,17-Apr-17
OPTSTK,MUTHOOTFIN,29-Jun-17,400,PE,0,0,0,45.95,31.85,0,0,0,0,17-Apr-17
OPTSTK,MUTHOOTFIN,29-Jun-17,410,PE,0,0,0,52.35,37.4,0,0,0,0,17-Apr-17
OPTSTK,MUTHOOTFIN,29-Jun-17,420,PE,0,0,0,59.15,43.45,0,0,0,0,17-Apr-17
OPTSTK,MUTHOOTFIN,29-Jun-17,430,PE,0,0,0,66.3,49.95,0,0,0,0,17-Apr-17
OPTSTK,MUTHOOTFIN,29-Jun-17,440,PE,0,0,0,73.75,56.8,0,0,0,0,17-Apr-17
OPTSTK,MUTHOOTFIN,29-Jun-17,450,PE,0,0,0,81.55,64.1,0,0,0,0,17-Apr-17
OPTSTK,MUTHOOTFIN,29-Jun-17,460,PE,0,0,0,89.55,71.7,0,0,0,0,17-Apr-17
OPTSTK,MUTHOOTFIN,29-Jun-17,470,PE,0,0,0,97.8,79.6,0,0,0,0,17-Apr-17
OPTSTK,MUTHOOTFIN,29-Jun-17,480,PE,0,0,0,106.25,87.8,0,0,0,0,17-Apr-17
OPTSTK,NCC,27-Apr-17,55,CE,0,0,0,27.35,39.1,0,0,0,0,17-Apr-17
OPTSTK,NCC,27-Apr-17,57.5,CE,0,0,0,23.6,36.6,0,0,0,0,17-Apr-17
OPTSTK,NCC,27-Apr-17,60,CE,0,0,0,22.55,34.1,0,0,0,0,17-Apr-17
OPTSTK,NCC,27-Apr-17,62.5,CE,0,0,0,18.65,31.65,0,0,0,0,17-Apr-17
OPTSTK,NCC,27-Apr-17,65,CE,0,0,0,17.95,29.15,0,0,0,0,17-Apr-17
OPTSTK,NCC,27-Apr-17,67.5,CE,0,0,0,13.65,26.65,0,0,0,0,17-Apr-17
OPTSTK,NCC,27-Apr-17,70,CE,0,0,0,13.7,24.15,0,0,0,0,17-Apr-17
OPTSTK,NCC,27-Apr-17,72.5,CE,0,0,0,8.85,21.65,0,0,0,0,17-Apr-17
OPTSTK,NCC,27-Apr-17,75,CE,0,0,0,10,19.15,0,0,0,0,17-Apr-17
OPTSTK,NCC,27-Apr-17,77.5,CE,0,0,0,4.7,16.65,0,0,0,0,17-Apr-17
OPTSTK,NCC,27-Apr-17,80,CE,0,0,0,12.7,14.15,0,0,88000,0,17-Apr-17
OPTSTK,NCC,27-Apr-17,82.5,CE,0,0,0,1.95,11.7,0,0,0,0,17-Apr-17
OPTSTK,NCC,27-Apr-17,85,CE,6.55,10.45,6.55,9.7,9.7,11,82.39,352000,-48000,17-Apr-17
OPTSTK,NCC,27-Apr-17,87.5,CE,7.4,8,7.2,8,8,3,22.8,208000,0,17-Apr-17
OPTSTK,NCC,27-Apr-17,90,CE,3.9,6.35,3,5.3,5.3,182,1380.46,1520000,0,17-Apr-17
OPTSTK,NCC,27-Apr-17,92.5,CE,2,4.8,1.95,3.85,3.85,83,637.34,168000,-48000,17-Apr-17
OPTSTK,NCC,27-Apr-17,95,CE,1.75,3.55,1.1,2.75,2.75,597,4659.25,1160000,128000,17-Apr-17
OPTSTK,NCC,27-Apr-17,97.5,CE,1.9,2.7,1.7,2.05,2.05,17,135.4,96000,80000,17-Apr-17
OPTSTK,NCC,27-Apr-17,100,CE,0.75,1.8,0.3,1.4,1.4,366,2966.63,1216000,544000,17-Apr-17
OPTSTK,NCC,27-Apr-17,102.5,CE,0.2,1.1,0.2,0.9,0.9,17,140.38,80000,56000,17-Apr-17
OPTSTK,NCC,27-Apr-17,105,CE,0.2,0.95,0.2,0.65,0.65,53,447.91,200000,176000,17-Apr-17
OPTSTK,NCC,27-Apr-17,107.5,CE,1,2.8,1,2.8,2.8,31,273.31,248000,248000,17-Apr-17
OPTSTK,NCC,27-Apr-17,110,CE,0.5,0.5,0.4,0.45,0.45,6,53.01,32000,32000,17-Apr-17
OPTSTK,NCC,27-Apr-17,112.5,CE,0,0,0,0.05,0.05,0,0,0,0,17-Apr-17
OPTSTK,NCC,27-Apr-17,115,CE,0.15,0.15,0.15,0.15,0.15,1,9.21,8000,8000,17-Apr-17
OPTSTK,NCC,27-Apr-17,55,PE,0,0,0,0.05,0,0,0,0,0,17-Apr-17
OPTSTK,NCC,27-Apr-17,57.5,PE,0,0,0,0.05,0,0,0,0,0,17-Apr-17
OPTSTK,NCC,27-Apr-17,60,PE,0,0,0,0.15,0,0,0,0,0,17-Apr-17
OPTSTK,NCC,27-Apr-17,62.5,PE,0,0,0,0.05,0,0,0,0,0,17-Apr-17
OPTSTK,NCC,27-Apr-17,65,PE,0,0,0,0.5,0,0,0,0,0,17-Apr-17
OPTSTK,NCC,27-Apr-17,67.5,PE,0,0,0,0.05,0,0,0,0,0,17-Apr-17
OPTSTK,NCC,27-Apr-17,70,PE,0,0,0,0.55,0,0,0,208000,0,17-Apr-17
OPTSTK,NCC,27-Apr-17,72.5,PE,0,0,0,0.2,0,0,0,0,0,17-Apr-17
OPTSTK,NCC,27-Apr-17,75,PE,0.05,0.05,0.05,0.05,0.05,1,6,144000,-8000,17-Apr-17
OPTSTK,NCC,27-Apr-17,77.5,PE,0,0,0,0.3,0,0,0,16000,0,17-Apr-17
OPTSTK,NCC,27-Apr-17,80,PE,0.15,0.15,0.1,0.1,0.1,12,76.9,536000,-40000,17-Apr-17
OPTSTK,NCC,27-Apr-17,82.5,PE,0.2,0.25,0.2,0.25,0.25,2,13.23,256000,-8000,17-Apr-17
OPTSTK,NCC,27-Apr-17,85,PE,0.55,0.65,0.3,0.4,0.4,51,348.47,440000,-48000,17-Apr-17
OPTSTK,NCC,27-Apr-17,87.5,PE,1,1,0.55,0.95,0.95,10,70.55,96000,8000,17-Apr-17
OPTSTK,NCC,27-Apr-17,90,PE,1.9,1.9,1.1,1.3,1.3,62,453.24,328000,128000,17-Apr-17
OPTSTK,NCC,27-Apr-17,92.5,PE,2.15,2.25,1.9,2.25,2.25,6,45.4,40000,24000,17-Apr-17
OPTSTK,NCC,27-Apr-17,95,PE,3.55,3.85,3.25,3.75,3.75,18,142.03,40000,40000,17-Apr-17
OPTSTK,NCC,27-Apr-17,97.5,PE,0,0,0,16.25,4.55,0,0,0,0,17-Apr-17
OPTSTK,NCC,27-Apr-17,100,PE,0,0,0,18.85,6.45,0,0,32000,0,17-Apr-17
OPTSTK,NCC,27-Apr-17,102.5,PE,0,0,0,21.2,8.65,0,0,0,0,17-Apr-17
OPTSTK,NCC,27-Apr-17,105,PE,0,0,0,22.5,10.95,0,0,0,0,17-Apr-17
OPTSTK,NCC,27-Apr-17,107.5,PE,0,0,0,26.2,13.4,0,0,0,0,17-Apr-17
OPTSTK,NCC,27-Apr-17,110,PE,0,0,0,27.15,15.85,0,0,0,0,17-Apr-17
OPTSTK,NCC,27-Apr-17,112.5,PE,0,0,0,31.15,18.35,0,0,0,0,17-Apr-17
OPTSTK,NCC,27-Apr-17,115,PE,0,0,0,31.9,20.8,0,0,0,0,17-Apr-17
OPTSTK,NCC,25-May-17,55,CE,0,0,0,27.5,39.4,0,0,0,0,17-Apr-17
OPTSTK,NCC,25-May-17,57.5,CE,0,0,0,23.9,36.9,0,0,0,0,17-Apr-17
OPTSTK,NCC,25-May-17,60,CE,0,0,0,22.7,34.45,0,0,0,0,17-Apr-17
OPTSTK,NCC,25-May-17,62.5,CE,0,0,0,18.95,31.95,0,0,0,0,17-Apr-17
OPTSTK,NCC,25-May-17,65,CE,0,0,0,18.05,29.45,0,0,0,0,17-Apr-17
OPTSTK,NCC,25-May-17,67.5,CE,0,0,0,14.15,27,0,0,0,0,17-Apr-17
OPTSTK,NCC,25-May-17,70,CE,0,0,0,13.8,24.55,0,0,0,0,17-Apr-17
OPTSTK,NCC,25-May-17,72.5,CE,0,0,0,9.65,22.1,0,0,0,0,17-Apr-17
OPTSTK,NCC,25-May-17,75,CE,0,0,0,10.05,19.7,0,0,0,0,17-Apr-17
OPTSTK,NCC,25-May-17,77.5,CE,0,0,0,5.85,17.35,0,0,0,0,17-Apr-17
OPTSTK,NCC,25-May-17,80,CE,0,0,0,7,15.05,0,0,0,0,17-Apr-17
OPTSTK,NCC,25-May-17,82.5,CE,0,0,0,3.15,12.9,0,0,0,0,17-Apr-17
OPTSTK,NCC,25-May-17,85,CE,0,0,0,4.65,10.9,0,0,0,0,17-Apr-17
OPTSTK,NCC,25-May-17,87.5,CE,0,0,0,1.5,9.05,0,0,0,0,17-Apr-17
OPTSTK,NCC,25-May-17,90,CE,0,0,0,6.3,7.35,0,0,8000,0,17-Apr-17
OPTSTK,NCC,25-May-17,92.5,CE,6.5,6.55,6.5,6.55,6.55,4,31.68,32000,32000,17-Apr-17
OPTSTK,NCC,25-May-17,95,CE,4.1,4.45,4.1,4.45,4.45,10,79.49,80000,64000,17-Apr-17
OPTSTK,NCC,25-May-17,97.5,CE,0,0,0,0.25,3.6,0,0,0,0,17-Apr-17
OPTSTK,NCC,25-May-17,100,CE,3.3,3.3,3.25,3.25,3.25,5,41.31,32000,32000,17-Apr-17
OPTSTK,NCC,25-May-17,102.5,CE,0,0,0,0.1,2.05,0,0,0,0,17-Apr-17
OPTSTK,NCC,25-May-17,105,CE,0,0,0,0.6,1.5,0,0,0,0,17-Apr-17
OPTSTK,NCC,25-May-17,107.5,CE,0,0,0,0.05,1.1,0,0,0,0,17-Apr-17
OPTSTK,NCC,25-May-17,110,CE,0,0,0,0.35,0.8,0,0,0,0,17-Apr-17
OPTSTK,NCC,25-May-17,112.5,CE,0,0,0,0.05,0.55,0,0,0,0,17-Apr-17
OPTSTK,NCC,25-May-17,115,CE,0,0,0,0.2,0.4,0,0,0,0,17-Apr-17
OPTSTK,NCC,25-May-17,55,PE,0,0,0,0.05,0,0,0,0,0,17-Apr-17
OPTSTK,NCC,25-May-17,57.5,PE,0,0,0,0.05,0,0,0,0,0,17-Apr-17
OPTSTK,NCC,25-May-17,60,PE,0,0,0,0.15,0,0,0,0,0,17-Apr-17
OPTSTK,NCC,25-May-17,62.5,PE,0,0,0,0.05,0,0,0,0,0,17-Apr-17
OPTSTK,NCC,25-May-17,65,PE,0,0,0,0.45,0,0,0,0,0,17-Apr-17
OPTSTK,NCC,25-May-17,67.5,PE,0,0,0,0.15,0.05,0,0,0,0,17-Apr-17
OPTSTK,NCC,25-May-17,70,PE,0,0,0,1.1,0.05,0,0,0,0,17-Apr-17
OPTSTK,NCC,25-May-17,72.5,PE,0,0,0,0.6,0.1,0,0,0,0,17-Apr-17
OPTSTK,NCC,25-May-17,75,PE,0,0,0,2.25,0.15,0,0,0,0,17-Apr-17
OPTSTK,NCC,25-May-17,77.5,PE,0,0,0,1.8,0.3,0,0,0,0,17-Apr-17
OPTSTK,NCC,25-May-17,80,PE,0,0,0,4.15,0.5,0,0,0,0,17-Apr-17
OPTSTK,NCC,25-May-17,82.5,PE,0,0,0,4,0.85,0,0,0,0,17-Apr-17
OPTSTK,NCC,25-May-17,85,PE,2,2,1.6,1.6,1.6,3,20.82,16000,16000,17-Apr-17
OPTSTK,NCC,25-May-17,87.5,PE,0,0,0,7.3,1.95,0,0,0,0,17-Apr-17
OPTSTK,NCC,25-May-17,90,PE,0,0,0,9.9,2.75,0,0,0,0,17-Apr-17
OPTSTK,NCC,25-May-17,92.5,PE,0,0,0,11.35,3.8,0,0,0,0,17-Apr-17
OPTSTK,NCC,25-May-17,95,PE,0,0,0,13.7,5,0,0,0,0,17-Apr-17
OPTSTK,NCC,25-May-17,97.5,PE,0,0,0,15.95,6.45,0,0,0,0,17-Apr-17
OPTSTK,NCC,25-May-17,100,PE,0,0,0,17.9,8.1,0,0,0,0,17-Apr-17
OPTSTK,NCC,25-May-17,102.5,PE,0,0,0,20.75,9.9,0,0,0,0,17-Apr-17
OPTSTK,NCC,25-May-17,105,PE,0,0,0,22.35,11.8,0,0,0,0,17-Apr-17
OPTSTK,NCC,25-May-17,107.5,PE,0,0,0,25.65,13.9,0,0,0,0,17-Apr-17
OPTSTK,NCC,25-May-17,110,PE,0,0,0,27,16.05,0,0,0,0,17-Apr-17
OPTSTK,NCC,25-May-17,112.5,PE,0,0,0,30.6,18.3,0,0,0,0,17-Apr-17
OPTSTK,NCC,25-May-17,115,PE,0,0,0,31.8,20.6,0,0,0,0,17-Apr-17
OPTSTK,NCC,29-Jun-17,55,CE,0,0,0,26.75,39.75,0,0,0,0,17-Apr-17
OPTSTK,NCC,29-Jun-17,57.5,CE,0,0,0,24.3,37.25,0,0,0,0,17-Apr-17
OPTSTK,NCC,29-Jun-17,60,CE,0,0,0,21.85,34.8,0,0,0,0,17-Apr-17
OPTSTK,NCC,29-Jun-17,62.5,CE,0,0,0,19.45,32.35,0,0,0,0,17-Apr-17
OPTSTK,NCC,29-Jun-17,65,CE,0,0,0,17.1,29.95,0,0,0,0,17-Apr-17
OPTSTK,NCC,29-Jun-17,67.5,CE,0,0,0,14.8,27.55,0,0,0,0,17-Apr-17
OPTSTK,NCC,29-Jun-17,70,CE,0,0,0,12.6,25.15,0,0,0,0,17-Apr-17
OPTSTK,NCC,29-Jun-17,72.5,CE,0,0,0,10.6,22.85,0,0,0,0,17-Apr-17
OPTSTK,NCC,29-Jun-17,75,CE,0,0,0,8.7,20.6,0,0,0,0,17-Apr-17
OPTSTK,NCC,29-Jun-17,77.5,CE,0,0,0,7.05,18.45,0,0,0,0,17-Apr-17
OPTSTK,NCC,29-Jun-17,80,CE,0,0,0,5.6,16.4,0,0,0,0,17-Apr-17
OPTSTK,NCC,29-Jun-17,82.5,CE,0,0,0,4.35,14.45,0,0,0,0,17-Apr-17
OPTSTK,NCC,29-Jun-17,85,CE,0,0,0,3.3,12.6,0,0,0,0,17-Apr-17
OPTSTK,NCC,29-Jun-17,87.5,CE,0,0,0,2.5,10.95,0,0,0,0,17-Apr-17
OPTSTK,NCC,29-Jun-17,90,CE,0,0,0,1.85,9.4,0,0,0,0,17-Apr-17
OPTSTK,NCC,29-Jun-17,92.5,CE,0,0,0,1.35,8.05,0,0,0,0,17-Apr-17
OPTSTK,NCC,29-Jun-17,95,CE,0,0,0,0.95,6.8,0,0,0,0,17-Apr-17
OPTSTK,NCC,29-Jun-17,97.5,CE,0,0,0,0.65,5.7,0,0,0,0,17-Apr-17
OPTSTK,NCC,29-Jun-17,100,CE,0,0,0,0.45,4.75,0,0,0,0,17-Apr-17
OPTSTK,NCC,29-Jun-17,102.5,CE,0,0,0,0.3,3.95,0,0,0,0,17-Apr-17
OPTSTK,NCC,29-Jun-17,105,CE,0,0,0,0.2,3.25,0,0,0,0,17-Apr-17
OPTSTK,NCC,29-Jun-17,107.5,CE,0,0,0,0.15,2.65,0,0,0,0,17-Apr-17
OPTSTK,NCC,29-Jun-17,110,CE,0,0,0,0.1,2.15,0,0,0,0,17-Apr-17
OPTSTK,NCC,29-Jun-17,112.5,CE,0,0,0,0.05,1.75,0,0,0,0,17-Apr-17
OPTSTK,NCC,29-Jun-17,115,CE,0,0,0,0.05,1.4,0,0,0,0,17-Apr-17
OPTSTK,NCC,29-Jun-17,55,PE,0,0,0,0.05,0,0,0,0,0,17-Apr-17
OPTSTK,NCC,29-Jun-17,57.5,PE,0,0,0,0.05,0.05,0,0,0,0,17-Apr-17
OPTSTK,NCC,29-Jun-17,60,PE,0,0,0,0.05,0.05,0,0,0,0,17-Apr-17
OPTSTK,NCC,29-Jun-17,62.5,PE,0,0,0,0.1,0.05,0,0,0,0,17-Apr-17
OPTSTK,NCC,29-Jun-17,65,PE,0,0,0,0.2,0.1,0,0,0,0,17-Apr-17
OPTSTK,NCC,29-Jun-17,67.5,PE,0,0,0,0.4,0.15,0,0,0,0,17-Apr-17
OPTSTK,NCC,29-Jun-17,70,PE,0,0,0,0.65,0.25,0,0,0,0,17-Apr-17
OPTSTK,NCC,29-Jun-17,72.5,PE,0,0,0,1.1,0.4,0,0,0,0,17-Apr-17
OPTSTK,NCC,29-Jun-17,75,PE,0,0,0,1.7,0.65,0,0,0,0,17-Apr-17
OPTSTK,NCC,29-Jun-17,77.5,PE,0,0,0,2.45,0.95,0,0,0,0,17-Apr-17
OPTSTK,NCC,29-Jun-17,80,PE,0,0,0,3.45,1.35,0,0,0,0,17-Apr-17
OPTSTK,NCC,29-Jun-17,82.5,PE,0,0,0,4.7,1.85,0,0,0,0,17-Apr-17
OPTSTK,NCC,29-Jun-17,85,PE,0,0,0,6.1,2.5,0,0,0,0,17-Apr-17
OPTSTK,NCC,29-Jun-17,87.5,PE,0,0,0,7.75,3.3,0,0,0,0,17-Apr-17
OPTSTK,NCC,29-Jun-17,90,PE,0,0,0,9.55,4.25,0,0,0,0,17-Apr-17
OPTSTK,NCC,29-Jun-17,92.5,PE,0,0,0,11.5,5.35,0,0,0,0,17-Apr-17
OPTSTK,NCC,29-Jun-17,95,PE,0,0,0,13.6,6.55,0,0,0,0,17-Apr-17
OPTSTK,NCC,29-Jun-17,97.5,PE,0,0,0,15.75,7.95,0,0,0,0,17-Apr-17
OPTSTK,NCC,29-Jun-17,100,PE,0,0,0,18,9.45,0,0,0,0,17-Apr-17
OPTSTK,NCC,29-Jun-17,102.5,PE,0,0,0,20.35,11.1,0,0,0,0,17-Apr-17
OPTSTK,NCC,29-Jun-17,105,PE,0,0,0,22.7,12.9,0,0,0,0,17-Apr-17
OPTSTK,NCC,29-Jun-17,107.5,PE,0,0,0,25.1,14.75,0,0,0,0,17-Apr-17
OPTSTK,NCC,29-Jun-17,110,PE,0,0,0,27.5,16.7,0,0,0,0,17-Apr-17
OPTSTK,NCC,29-Jun-17,112.5,PE,0,0,0,29.9,18.75,0,0,0,0,17-Apr-17
OPTSTK,NCC,29-Jun-17,115,PE,0,0,0,32.35,20.9,0,0,0,0,17-Apr-17
OPTSTK,NHPC,27-Apr-17,2.5,CE,0,0,0,25.5,29,0,0,0,0,17-Apr-17
OPTSTK,NHPC,27-Apr-17,5,CE,0,0,0,23.05,26.55,0,0,0,0,17-Apr-17
OPTSTK,NHPC,27-Apr-17,7.5,CE,0,0,0,20.6,24.05,0,0,0,0,17-Apr-17
OPTSTK,NHPC,27-Apr-17,10,CE,0,0,0,18.15,21.55,0,0,0,0,17-Apr-17
OPTSTK,NHPC,27-Apr-17,12.5,CE,0,0,0,15.7,19.05,0,0,0,0,17-Apr-17
OPTSTK,NHPC,27-Apr-17,15,CE,0,0,0,13.2,16.55,0,0,0,0,17-Apr-17
OPTSTK,NHPC,27-Apr-17,17.5,CE,0,0,0,10.75,14.05,0,0,0,0,17-Apr-17
OPTSTK,NHPC,27-Apr-17,20,CE,0,0,0,8.4,11.55,0,0,0,0,17-Apr-17
OPTSTK,NHPC,27-Apr-17,22.5,CE,0,0,0,6.15,9.05,0,0,0,0,17-Apr-17
OPTSTK,NHPC,27-Apr-17,25,CE,0,0,0,5.8,6.55,0,0,54000,0,17-Apr-17
OPTSTK,NHPC,27-Apr-17,27.5,CE,0,0,0,3.75,4.05,0,0,27000,0,17-Apr-17
OPTSTK,NHPC,27-Apr-17,30,CE,0,0,0,2.3,1.75,0,0,540000,0,17-Apr-17
OPTSTK,NHPC,27-Apr-17,32.5,CE,0.6,0.8,0.3,0.35,0.35,83,737.49,3132000,405000,17-Apr-17
OPTSTK,NHPC,27-Apr-17,35,CE,0.15,0.15,0.05,0.05,0.05,199,1883.92,5103000,1377000,17-Apr-17
OPTSTK,NHPC,27-Apr-17,37.5,CE,0,0,0,0.05,0,0,0,2079000,0,17-Apr-17
OPTSTK,NHPC,27-Apr-17,40,CE,0,0,0,0.05,0,0,0,162000,0,17-Apr-17
OPTSTK,NHPC,27-Apr-17,42.5,CE,0,0,0,0.1,0,0,0,0,0,17-Apr-17
OPTSTK,NHPC,27-Apr-17,45,CE,0,0,0,0.05,0,0,0,0,0,17-Apr-17
OPTSTK,NHPC,27-Apr-17,2.5,PE,0,0,0,0.05,0,0,0,0,0,17-Apr-17
OPTSTK,NHPC,27-Apr-17,5,PE,0,0,0,0.05,0,0,0,0,0,17-Apr-17
OPTSTK,NHPC,27-Apr-17,7.5,PE,0,0,0,0.05,0,0,0,0,0,17-Apr-17
OPTSTK,NHPC,27-Apr-17,10,PE,0,0,0,0.05,0,0,0,0,0,17-Apr-17
OPTSTK,NHPC,27-Apr-17,12.5,PE,0,0,0,0.05,0,0,0,0,0,17-Apr-17
OPTSTK,NHPC,27-Apr-17,15,PE,0,0,0,0.05,0,0,0,0,0,17-Apr-17
OPTSTK,NHPC,27-Apr-17,17.5,PE,0,0,0,0.05,0,0,0,0,0,17-Apr-17
OPTSTK,NHPC,27-Apr-17,20,PE,0,0,0,0.1,0,0,0,0,0,17-Apr-17
OPTSTK,NHPC,27-Apr-17,22.5,PE,0,0,0,0.35,0,0,0,0,0,17-Apr-17
OPTSTK,NHPC,27-Apr-17,25,PE,0,0,0,0.05,0,0,0,1026000,0,17-Apr-17
OPTSTK,NHPC,27-Apr-17,27.5,PE,0,0,0,0.05,0,0,0,405000,0,17-Apr-17
OPTSTK,NHPC,27-Apr-17,30,PE,0.1,0.2,0.1,0.2,0.2,64,521.15,1647000,270000,17-Apr-17
OPTSTK,NHPC,27-Apr-17,32.5,PE,0.6,1.3,0.6,1.3,1.3,6,54.21,810000,54000,17-Apr-17
OPTSTK,NHPC,27-Apr-17,35,PE,3.25,3.25,3.25,3.25,3.25,1,10.32,54000,27000,17-Apr-17
OPTSTK,NHPC,27-Apr-17,37.5,PE,0,0,0,9.2,5.95,0,0,0,0,17-Apr-17
OPTSTK,NHPC,27-Apr-17,40,PE,0,0,0,11.55,8.45,0,0,0,0,17-Apr-17
OPTSTK,NHPC,27-Apr-17,42.5,PE,0,0,0,13.95,10.95,0,0,0,0,17-Apr-17
OPTSTK,NHPC,27-Apr-17,45,PE,0,0,0,16.35,13.45,0,0,0,0,17-Apr-17
OPTSTK,NHPC,25-May-17,5,CE,0,0,0,25.25,26.55,0,0,0,0,17-Apr-17
OPTSTK,NHPC,25-May-17,7.5,CE,0,0,0,22.8,24.05,0,0,0,0,17-Apr-17
OPTSTK,NHPC,25-May-17,10,CE,0,0,0,20.35,21.6,0,0,0,0,17-Apr-17
OPTSTK,NHPC,25-May-17,12.5,CE,0,0,0,17.85,19.1,0,0,0,0,17-Apr-17
OPTSTK,NHPC,25-May-17,15,CE,0,0,0,15.4,16.6,0,0,0,0,17-Apr-17
OPTSTK,NHPC,25-May-17,17.5,CE,0,0,0,12.95,14.15,0,0,0,0,17-Apr-17
OPTSTK,NHPC,25-May-17,20,CE,0,0,0,10.5,11.65,0,0,0,0,17-Apr-17
OPTSTK,NHPC,25-May-17,22.5,CE,0,0,0,8.1,9.15,0,0,0,0,17-Apr-17
OPTSTK,NHPC,25-May-17,25,CE,0,0,0,5.85,6.7,0,0,0,0,17-Apr-17
OPTSTK,NHPC,25-May-17,27.5,CE,0,0,0,3.95,4.35,0,0,0,0,17-Apr-17
OPTSTK,NHPC,25-May-17,30,CE,0,0,0,2.45,2.35,0,0,0,0,17-Apr-17
OPTSTK,NHPC,25-May-17,32.5,CE,1,1,0.8,0.8,0.8,2,18.03,54000,27000,17-Apr-17
OPTSTK,NHPC,25-May-17,35,CE,0.6,0.6,0.3,0.3,0.3,11,105.08,351000,189000,17-Apr-17
OPTSTK,NHPC,25-May-17,37.5,CE,0.15,0.15,0.15,0.15,0.15,1,10.16,27000,0,17-Apr-17
OPTSTK,NHPC,25-May-17,40,CE,0,0,0,0.3,0.05,0,0,0,0,17-Apr-17
OPTSTK,NHPC,25-May-17,42.5,CE,0,0,0,0.1,0,0,0,0,0,17-Apr-17
OPTSTK,NHPC,25-May-17,45,CE,0,0,0,0.05,0,0,0,0,0,17-Apr-17
OPTSTK,NHPC,25-May-17,5,PE,0,0,0,0.05,0,0,0,0,0,17-Apr-17
OPTSTK,NHPC,25-May-17,7.5,PE,0,0,0,0.05,0,0,0,0,0,17-Apr-17
OPTSTK,NHPC,25-May-17,10,PE,0,0,0,0.05,0,0,0,0,0,17-Apr-17
OPTSTK,NHPC,25-May-17,12.5,PE,0,0,0,0.05,0,0,0,0,0,17-Apr-17
OPTSTK,NHPC,25-May-17,15,PE,0,0,0,0.05,0,0,0,0,0,17-Apr-17
OPTSTK,NHPC,25-May-17,17.5,PE,0,0,0,0.05,0,0,0,0,0,17-Apr-17
OPTSTK,NHPC,25-May-17,20,PE,0,0,0,0.05,0,0,0,0,0,17-Apr-17
OPTSTK,NHPC,25-May-17,22.5,PE,0,0,0,0.05,0,0,0,0,0,17-Apr-17
OPTSTK,NHPC,25-May-17,25,PE,0,0,0,0.35,0.05,0,0,0,0,17-Apr-17
OPTSTK,NHPC,25-May-17,27.5,PE,0,0,0,0.85,0.15,0,0,0,0,17-Apr-17
OPTSTK,NHPC,25-May-17,30,PE,0,0,0,1.85,0.65,0,0,0,0,17-Apr-17
OPTSTK,NHPC,25-May-17,32.5,PE,0,0,0,3.25,1.8,0,0,0,0,17-Apr-17
OPTSTK,NHPC,25-May-17,35,PE,0,0,0,5.1,3.6,0,0,0,0,17-Apr-17
OPTSTK,NHPC,25-May-17,37.5,PE,0,0,0,7.15,5.85,0,0,0,0,17-Apr-17
OPTSTK,NHPC,25-May-17,40,PE,0,0,0,9.4,8.25,0,0,0,0,17-Apr-17
OPTSTK,NHPC,25-May-17,42.5,PE,0,0,0,11.8,10.75,0,0,0,0,17-Apr-17
OPTSTK,NHPC,25-May-17,45,PE,0,0,0,14.2,13.2,0,0,0,0,17-Apr-17
OPTSTK,NHPC,29-Jun-17,7.5,CE,0,0,0,24.35,24.1,0,0,0,0,17-Apr-17
OPTSTK,NHPC,29-Jun-17,10,CE,0,0,0,21.9,21.65,0,0,0,0,17-Apr-17
OPTSTK,NHPC,29-Jun-17,12.5,CE,0,0,0,19.45,19.2,0,0,0,0,17-Apr-17
OPTSTK,NHPC,29-Jun-17,15,CE,0,0,0,16.95,16.7,0,0,0,0,17-Apr-17
OPTSTK,NHPC,29-Jun-17,17.5,CE,0,0,0,14.5,14.25,0,0,0,0,17-Apr-17
OPTSTK,NHPC,29-Jun-17,20,CE,0,0,0,12.05,11.8,0,0,0,0,17-Apr-17
OPTSTK,NHPC,29-Jun-17,22.5,CE,0,0,0,9.6,9.3,0,0,0,0,17-Apr-17
OPTSTK,NHPC,29-Jun-17,25,CE,0,0,0,7.2,6.9,0,0,0,0,17-Apr-17
OPTSTK,NHPC,29-Jun-17,27.5,CE,0,0,0,4.95,4.7,0,0,0,0,17-Apr-17
OPTSTK,NHPC,29-Jun-17,30,CE,0,0,0,3.05,2.9,0,0,0,0,17-Apr-17
OPTSTK,NHPC,29-Jun-17,32.5,CE,0,0,0,1.7,1.6,0,0,0,0,17-Apr-17
OPTSTK,NHPC,29-Jun-17,35,CE,0,0,0,0.85,0.8,0,0,0,0,17-Apr-17
OPTSTK,NHPC,29-Jun-17,37.5,CE,0,0,0,0.4,0.35,0,0,0,0,17-Apr-17
OPTSTK,NHPC,29-Jun-17,40,CE,0,0,0,0.5,0.15,0,0,0,0,17-Apr-17
OPTSTK,NHPC,29-Jun-17,42.5,CE,0,0,0,0.05,0.05,0,0,0,0,17-Apr-17
OPTSTK,NHPC,29-Jun-17,45,CE,0,0,0,0.05,0.05,0,0,0,0,17-Apr-17
OPTSTK,NHPC,29-Jun-17,7.5,PE,0,0,0,0.05,0,0,0,0,0,17-Apr-17
OPTSTK,NHPC,29-Jun-17,10,PE,0,0,0,0.05,0,0,0,0,0,17-Apr-17
OPTSTK,NHPC,29-Jun-17,12.5,PE,0,0,0,0.05,0,0,0,0,0,17-Apr-17
OPTSTK,NHPC,29-Jun-17,15,PE,0,0,0,0.05,0,0,0,0,0,17-Apr-17
OPTSTK,NHPC,29-Jun-17,17.5,PE,0,0,0,0.05,0,0,0,0,0,17-Apr-17
OPTSTK,NHPC,29-Jun-17,20,PE,0,0,0,0.05,0,0,0,0,0,17-Apr-17
OPTSTK,NHPC,29-Jun-17,22.5,PE,0,0,0,0.05,0.05,0,0,0,0,17-Apr-17
OPTSTK,NHPC,29-Jun-17,25,PE,0,0,0,0.1,0.1,0,0,0,0,17-Apr-17
OPTSTK,NHPC,29-Jun-17,27.5,PE,0,0,0,0.3,0.35,0,0,0,0,17-Apr-17
OPTSTK,NHPC,29-Jun-17,30,PE,0,0,0,0.9,1,0,0,0,0,17-Apr-17
OPTSTK,NHPC,29-Jun-17,32.5,PE,0,0,0,1.95,2.2,0,0,0,0,17-Apr-17
OPTSTK,NHPC,29-Jun-17,35,PE,0,0,0,3.55,3.85,0,0,0,0,17-Apr-17
OPTSTK,NHPC,29-Jun-17,37.5,PE,0,0,0,5.55,5.9,0,0,0,0,17-Apr-17
OPTSTK,NHPC,29-Jun-17,40,PE,0,0,0,7.8,8.15,0,0,0,0,17-Apr-17
OPTSTK,NHPC,29-Jun-17,42.5,PE,0,0,0,10.15,10.5,0,0,0,0,17-Apr-17
OPTSTK,NHPC,29-Jun-17,45,PE,0,0,0,12.6,12.95,0,0,0,0,17-Apr-17
OPTSTK,NIITTECH,27-Apr-17,290,CE,0,0,0,151,141.85,0,0,0,0,17-Apr-17
OPTSTK,NIITTECH,27-Apr-17,300,CE,0,0,0,141.2,131.9,0,0,0,0,17-Apr-17
OPTSTK,NIITTECH,27-Apr-17,310,CE,0,0,0,131.45,121.9,0,0,0,0,17-Apr-17
OPTSTK,NIITTECH,27-Apr-17,320,CE,0,0,0,121.8,111.95,0,0,0,0,17-Apr-17
OPTSTK,NIITTECH,27-Apr-17,330,CE,0,0,0,112.25,101.95,0,0,0,0,17-Apr-17
OPTSTK,NIITTECH,27-Apr-17,340,CE,0,0,0,102.8,91.95,0,0,0,0,17-Apr-17
OPTSTK,NIITTECH,27-Apr-17,350,CE,0,0,0,93.6,82,0,0,0,0,17-Apr-17
OPTSTK,NIITTECH,27-Apr-17,360,CE,0,0,0,84.65,72,0,0,0,0,17-Apr-17
OPTSTK,NIITTECH,27-Apr-17,370,CE,0,0,0,76,62.05,0,0,0,0,17-Apr-17
OPTSTK,NIITTECH,27-Apr-17,380,CE,0,0,0,67.75,52.1,0,0,0,0,17-Apr-17
OPTSTK,NIITTECH,27-Apr-17,390,CE,0,0,0,59.9,42.3,0,0,0,0,17-Apr-17
OPTSTK,NIITTECH,27-Apr-17,400,CE,0,0,0,52.55,32.8,0,0,0,0,17-Apr-17
OPTSTK,NIITTECH,27-Apr-17,410,CE,0,0,0,45.7,24.05,0,0,0,0,17-Apr-17
OPTSTK,NIITTECH,27-Apr-17,420,CE,0,0,0,13.45,16.4,0,0,1500,0,17-Apr-17
OPTSTK,NIITTECH,27-Apr-17,430,CE,7.15,7.15,7.15,7.15,7.15,1,6.55,4500,0,17-Apr-17
OPTSTK,NIITTECH,27-Apr-17,440,CE,0,0,0,5,5.9,0,0,9000,0,17-Apr-17
OPTSTK,NIITTECH,27-Apr-17,450,CE,1.5,3.5,1.5,2.65,2.65,11,74.63,6000,0,17-Apr-17
OPTSTK,NIITTECH,27-Apr-17,460,CE,0,0,0,4.8,1.45,0,0,4500,0,17-Apr-17
OPTSTK,NIITTECH,27-Apr-17,470,CE,0,0,0,3.95,0.65,0,0,3000,0,17-Apr-17
OPTSTK,NIITTECH,27-Apr-17,480,CE,0,0,0,13.75,0.25,0,0,0,0,17-Apr-17
OPTSTK,NIITTECH,27-Apr-17,490,CE,0,0,0,11.25,0.1,0,0,0,0,17-Apr-17
OPTSTK,NIITTECH,27-Apr-17,500,CE,0,0,0,0.8,0.05,0,0,1500,0,17-Apr-17
OPTSTK,NIITTECH,27-Apr-17,510,CE,0,0,0,7.35,0.05,0,0,0,0,17-Apr-17
OPTSTK,NIITTECH,27-Apr-17,520,CE,0,0,0,5.9,0,0,0,0,0,17-Apr-17
OPTSTK,NIITTECH,27-Apr-17,530,CE,0,0,0,4.65,0,0,0,0,0,17-Apr-17
OPTSTK,NIITTECH,27-Apr-17,540,CE,0,0,0,3.7,0,0,0,0,0,17-Apr-17
OPTSTK,NIITTECH,27-Apr-17,550,CE,0,0,0,2.9,0,0,0,0,0,17-Apr-17
OPTSTK,NIITTECH,27-Apr-17,560,CE,0,0,0,2.25,0,0,0,0,0,17-Apr-17
OPTSTK,NIITTECH,27-Apr-17,570,CE,0,0,0,1.75,0,0,0,0,0,17-Apr-17
OPTSTK,NIITTECH,27-Apr-17,580,CE,0,0,0,1.35,0,0,0,0,0,17-Apr-17
OPTSTK,NIITTECH,27-Apr-17,290,PE,0,0,0,0.05,0,0,0,0,0,17-Apr-17
OPTSTK,NIITTECH,27-Apr-17,300,PE,0,0,0,0.15,0,0,0,0,0,17-Apr-17
OPTSTK,NIITTECH,27-Apr-17,310,PE,0,0,0,0.25,0,0,0,0,0,17-Apr-17
OPTSTK,NIITTECH,27-Apr-17,320,PE,0,0,0,0.4,0,0,0,0,0,17-Apr-17
OPTSTK,NIITTECH,27-Apr-17,330,PE,0,0,0,0.65,0,0,0,0,0,17-Apr-17
OPTSTK,NIITTECH,27-Apr-17,340,PE,0,0,0,1.1,0,0,0,0,0,17-Apr-17
OPTSTK,NIITTECH,27-Apr-17,350,PE,0,0,0,1.7,0,0,0,0,0,17-Apr-17
OPTSTK,NIITTECH,27-Apr-17,360,PE,0,0,0,2.6,0,0,0,0,0,17-Apr-17
OPTSTK,NIITTECH,27-Apr-17,370,PE,0,0,0,3.75,0.05,0,0,0,0,17-Apr-17
OPTSTK,NIITTECH,27-Apr-17,380,PE,0,0,0,5.35,0.1,0,0,0,0,17-Apr-17
OPTSTK,NIITTECH,27-Apr-17,390,PE,1,1,1,1,1,2,11.73,0,-3000,17-Apr-17
OPTSTK,NIITTECH,27-Apr-17,400,PE,1,1,1,1,1,2,12.03,9000,-3000,17-Apr-17
OPTSTK,NIITTECH,27-Apr-17,410,PE,3,3,3,3,3,1,6.19,1500,0,17-Apr-17
OPTSTK,NIITTECH,27-Apr-17,420,PE,0,0,0,4.95,4.35,0,0,4500,0,17-Apr-17
OPTSTK,NIITTECH,27-Apr-17,430,PE,10.05,12.4,7.2,7.2,7.2,7,46.18,7500,0,17-Apr-17
OPTSTK,NIITTECH,27-Apr-17,440,PE,0,0,0,10.4,13.8,0,0,1500,0,17-Apr-17
OPTSTK,NIITTECH,27-Apr-17,450,PE,0,0,0,30.6,20.95,0,0,0,0,17-Apr-17
OPTSTK,NIITTECH,27-Apr-17,460,PE,0,0,0,36.5,29.3,0,0,0,0,17-Apr-17
OPTSTK,NIITTECH,27-Apr-17,470,PE,0,0,0,42.85,38.45,0,0,0,0,17-Apr-17
OPTSTK,NIITTECH,27-Apr-17,480,PE,0,0,0,49.75,48.05,0,0,0,0,17-Apr-17
OPTSTK,NIITTECH,27-Apr-17,490,PE,0,0,0,57.05,57.9,0,0,0,0,17-Apr-17
OPTSTK,NIITTECH,27-Apr-17,500,PE,0,0,0,64.75,67.8,0,0,0,0,17-Apr-17
OPTSTK,NIITTECH,27-Apr-17,510,PE,0,0,0,72.85,77.8,0,0,0,0,17-Apr-17
OPTSTK,NIITTECH,27-Apr-17,520,PE,0,0,0,81.2,87.75,0,0,0,0,17-Apr-17
OPTSTK,NIITTECH,27-Apr-17,530,PE,0,0,0,89.8,97.75,0,0,0,0,17-Apr-17
OPTSTK,NIITTECH,27-Apr-17,540,PE,0,0,0,98.65,107.75,0,0,0,0,17-Apr-17
OPTSTK,NIITTECH,27-Apr-17,550,PE,0,0,0,107.7,117.7,0,0,0,0,17-Apr-17
OPTSTK,NIITTECH,27-Apr-17,560,PE,0,0,0,116.9,127.7,0,0,0,0,17-Apr-17
OPTSTK,NIITTECH,27-Apr-17,570,PE,0,0,0,126.25,137.7,0,0,0,0,17-Apr-17
OPTSTK,NIITTECH,27-Apr-17,580,PE,0,0,0,135.7,147.65,0,0,0,0,17-Apr-17
OPTSTK,NIITTECH,25-May-17,290,CE,0,0,0,137.5,143.35,0,0,0,0,17-Apr-17
OPTSTK,NIITTECH,25-May-17,300,CE,0,0,0,127.65,133.4,0,0,0,0,17-Apr-17
OPTSTK,NIITTECH,25-May-17,310,CE,0,0,0,117.85,123.45,0,0,0,0,17-Apr-17
OPTSTK,NIITTECH,25-May-17,320,CE,0,0,0,108.1,113.55,0,0,0,0,17-Apr-17
OPTSTK,NIITTECH,25-May-17,330,CE,0,0,0,98.4,103.65,0,0,0,0,17-Apr-17
OPTSTK,NIITTECH,25-May-17,340,CE,0,0,0,88.85,93.8,0,0,0,0,17-Apr-17
OPTSTK,NIITTECH,25-May-17,350,CE,0,0,0,79.45,84,0,0,0,0,17-Apr-17
OPTSTK,NIITTECH,25-May-17,360,CE,0,0,0,70.35,74.4,0,0,0,0,17-Apr-17
OPTSTK,NIITTECH,25-May-17,370,CE,0,0,0,61.6,65,0,0,0,0,17-Apr-17
OPTSTK,NIITTECH,25-May-17,380,CE,0,0,0,53.25,55.95,0,0,0,0,17-Apr-17
OPTSTK,NIITTECH,25-May-17,390,CE,0,0,0,45.5,47.4,0,0,0,0,17-Apr-17
OPTSTK,NIITTECH,25-May-17,400,CE,0,0,0,38.3,39.4,0,0,0,0,17-Apr-17
OPTSTK,NIITTECH,25-May-17,410,CE,0,0,0,31.85,32.15,0,0,0,0,17-Apr-17
OPTSTK,NIITTECH,25-May-17,420,CE,0,0,0,26.1,25.7,0,0,0,0,17-Apr-17
OPTSTK,NIITTECH,25-May-17,430,CE,0,0,0,21.1,20.15,0,0,0,0,17-Apr-17
OPTSTK,NIITTECH,25-May-17,440,CE,0,0,0,16.8,15.45,0,0,0,0,17-Apr-17
OPTSTK,NIITTECH,25-May-17,450,CE,0,0,0,13.2,11.6,0,0,0,0,17-Apr-17
OPTSTK,NIITTECH,25-May-17,460,CE,0,0,0,10.2,8.5,0,0,0,0,17-Apr-17
OPTSTK,NIITTECH,25-May-17,470,CE,0,0,0,7.8,6.1,0,0,0,0,17-Apr-17
OPTSTK,NIITTECH,25-May-17,480,CE,0,0,0,5.9,4.3,0,0,0,0,17-Apr-17
OPTSTK,NIITTECH,25-May-17,490,CE,0,0,0,4.4,3,0,0,0,0,17-Apr-17
OPTSTK,NIITTECH,25-May-17,500,CE,0,0,0,3.2,2,0,0,0,0,17-Apr-17
OPTSTK,NIITTECH,25-May-17,510,CE,0,0,0,2.35,1.35,0,0,0,0,17-Apr-17
OPTSTK,NIITTECH,25-May-17,520,CE,0,0,0,1.7,0.9,0,0,0,0,17-Apr-17
OPTSTK,NIITTECH,25-May-17,530,CE,0,0,0,1.2,0.55,0,0,0,0,17-Apr-17
OPTSTK,NIITTECH,25-May-17,540,CE,0,0,0,0.85,0.35,0,0,0,0,17-Apr-17
OPTSTK,NIITTECH,25-May-17,550,CE,0,0,0,0.6,0.25,0,0,0,0,17-Apr-17
OPTSTK,NIITTECH,25-May-17,560,CE,0,0,0,0.4,0.15,0,0,0,0,17-Apr-17
OPTSTK,NIITTECH,25-May-17,570,CE,0,0,0,0.3,0.1,0,0,0,0,17-Apr-17
OPTSTK,NIITTECH,25-May-17,580,CE,0,0,0,0.2,0.05,0,0,0,0,17-Apr-17
OPTSTK,NIITTECH,25-May-17,290,PE,0,0,0,0.05,0,0,0,0,0,17-Apr-17
OPTSTK,NIITTECH,25-May-17,300,PE,0,0,0,0.05,0,0,0,0,0,17-Apr-17
OPTSTK,NIITTECH,25-May-17,310,PE,0,0,0,0.1,0.05,0,0,0,0,17-Apr-17
OPTSTK,NIITTECH,25-May-17,320,PE,0,0,0,0.15,0.05,0,0,0,0,17-Apr-17
OPTSTK,NIITTECH,25-May-17,330,PE,0,0,0,0.35,0.05,0,0,0,0,17-Apr-17
OPTSTK,NIITTECH,25-May-17,340,PE,0,0,0,0.6,0.15,0,0,0,0,17-Apr-17
OPTSTK,NIITTECH,25-May-17,350,PE,0,0,0,1.05,0.3,0,0,0,0,17-Apr-17
OPTSTK,NIITTECH,25-May-17,360,PE,0,0,0,1.8,0.6,0,0,0,0,17-Apr-17
OPTSTK,NIITTECH,25-May-17,370,PE,0,0,0,2.85,1.15,0,0,0,0,17-Apr-17
OPTSTK,NIITTECH,25-May-17,380,PE,0,0,0,4.4,2.05,0,0,0,0,17-Apr-17
OPTSTK,NIITTECH,25-May-17,390,PE,0,0,0,6.45,3.4,0,0,0,0,17-Apr-17
OPTSTK,NIITTECH,25-May-17,400,PE,0,0,0,9.15,5.35,0,0,0,0,17-Apr-17
OPTSTK,NIITTECH,25-May-17,410,PE,0,0,0,12.5,8.05,0,0,0,0,17-Apr-17
OPTSTK,NIITTECH,25-May-17,420,PE,0,0,0,16.6,11.55,0,0,0,0,17-Apr-17
OPTSTK,NIITTECH,25-May-17,430,PE,0,0,0,21.45,15.9,0,0,0,0,17-Apr-17
OPTSTK,NIITTECH,25-May-17,440,PE,0,0,0,27,21.1,0,0,0,0,17-Apr-17
OPTSTK,NIITTECH,25-May-17,450,PE,0,0,0,33.2,27.2,0,0,0,0,17-Apr-17
OPTSTK,NIITTECH,25-May-17,460,PE,0,0,0,40.1,34.05,0,0,0,0,17-Apr-17
OPTSTK,NIITTECH,25-May-17,470,PE,0,0,0,47.55,41.6,0,0,0,0,17-Apr-17
OPTSTK,NIITTECH,25-May-17,480,PE,0,0,0,55.45,49.75,0,0,0,0,17-Apr-17
OPTSTK,NIITTECH,25-May-17,490,PE,0,0,0,63.8,58.35,0,0,0,0,17-Apr-17
OPTSTK,NIITTECH,25-May-17,500,PE,0,0,0,72.45,67.3,0,0,0,0,17-Apr-17
OPTSTK,NIITTECH,25-May-17,510,PE,0,0,0,81.45,76.55,0,0,0,0,17-Apr-17
OPTSTK,NIITTECH,25-May-17,520,PE,0,0,0,90.6,86,0,0,0,0,17-Apr-17
OPTSTK,NIITTECH,25-May-17,530,PE,0,0,0,100,95.65,0,0,0,0,17-Apr-17
OPTSTK,NIITTECH,25-May-17,540,PE,0,0,0,109.45,105.35,0,0,0,0,17-Apr-17
OPTSTK,NIITTECH,25-May-17,550,PE,0,0,0,119.05,115.15,0,0,0,0,17-Apr-17
OPTSTK,NIITTECH,25-May-17,560,PE,0,0,0,128.7,125,0,0,0,0,17-Apr-17
OPTSTK,NIITTECH,25-May-17,570,PE,0,0,0,138.45,134.9,0,0,0,0,17-Apr-17
OPTSTK,NIITTECH,25-May-17,580,PE,0,0,0,148.2,144.8,0,0,0,0,17-Apr-17
OPTSTK,NIITTECH,29-Jun-17,290,CE,0,0,0,134.85,145.15,0,0,0,0,17-Apr-17
OPTSTK,NIITTECH,29-Jun-17,300,CE,0,0,0,125.05,135.3,0,0,0,0,17-Apr-17
OPTSTK,NIITTECH,29-Jun-17,310,CE,0,0,0,115.2,125.55,0,0,0,0,17-Apr-17
OPTSTK,NIITTECH,29-Jun-17,320,CE,0,0,0,105.45,115.8,0,0,0,0,17-Apr-17
OPTSTK,NIITTECH,29-Jun-17,330,CE,0,0,0,95.75,106.2,0,0,0,0,17-Apr-17
OPTSTK,NIITTECH,29-Jun-17,340,CE,0,0,0,86.1,96.7,0,0,0,0,17-Apr-17
OPTSTK,NIITTECH,29-Jun-17,350,CE,0,0,0,76.7,87.4,0,0,0,0,17-Apr-17
OPTSTK,NIITTECH,29-Jun-17,360,CE,0,0,0,67.5,78.4,0,0,0,0,17-Apr-17
OPTSTK,NIITTECH,29-Jun-17,370,CE,0,0,0,58.65,69.75,0,0,0,0,17-Apr-17
OPTSTK,NIITTECH,29-Jun-17,380,CE,0,0,0,50.3,61.5,0,0,0,0,17-Apr-17
OPTSTK,NIITTECH,29-Jun-17,390,CE,0,0,0,42.5,53.7,0,0,0,0,17-Apr-17
OPTSTK,NIITTECH,29-Jun-17,400,CE,0,0,0,35.35,46.5,0,0,0,0,17-Apr-17
OPTSTK,NIITTECH,29-Jun-17,410,CE,0,0,0,28.9,39.8,0,0,0,0,17-Apr-17
OPTSTK,NIITTECH,29-Jun-17,420,CE,0,0,0,23.3,33.75,0,0,0,0,17-Apr-17
OPTSTK,NIITTECH,29-Jun-17,430,CE,0,0,0,18.4,28.35,0,0,0,0,17-Apr-17
OPTSTK,NIITTECH,29-Jun-17,440,CE,0,0,0,14.35,23.6,0,0,0,0,17-Apr-17
OPTSTK,NIITTECH,29-Jun-17,450,CE,0,0,0,11,19.4,0,0,0,0,17-Apr-17
OPTSTK,NIITTECH,29-Jun-17,460,CE,0,0,0,8.3,15.85,0,0,0,0,17-Apr-17
OPTSTK,NIITTECH,29-Jun-17,470,CE,0,0,0,6.15,12.8,0,0,0,0,17-Apr-17
OPTSTK,NIITTECH,29-Jun-17,480,CE,0,0,0,4.45,10.25,0,0,0,0,17-Apr-17
OPTSTK,NIITTECH,29-Jun-17,490,CE,0,0,0,3.2,8.15,0,0,0,0,17-Apr-17
OPTSTK,NIITTECH,29-Jun-17,500,CE,0,0,0,2.3,6.4,0,0,0,0,17-Apr-17
OPTSTK,NIITTECH,29-Jun-17,510,CE,0,0,0,1.6,5,0,0,0,0,17-Apr-17
OPTSTK,NIITTECH,29-Jun-17,520,CE,0,0,0,1.1,3.85,0,0,0,0,17-Apr-17
OPTSTK,NIITTECH,29-Jun-17,530,CE,0,0,0,0.75,2.95,0,0,0,0,17-Apr-17
OPTSTK,NIITTECH,29-Jun-17,540,CE,0,0,0,0.5,2.25,0,0,0,0,17-Apr-17
OPTSTK,NIITTECH,29-Jun-17,550,CE,0,0,0,0.35,1.7,0,0,0,0,17-Apr-17
OPTSTK,NIITTECH,29-Jun-17,560,CE,0,0,0,0.25,1.3,0,0,0,0,17-Apr-17
OPTSTK,NIITTECH,29-Jun-17,570,CE,0,0,0,0.15,0.95,0,0,0,0,17-Apr-17
OPTSTK,NIITTECH,29-Jun-17,580,CE,0,0,0,0.1,0.7,0,0,0,0,17-Apr-17
OPTSTK,NIITTECH,29-Jun-17,290,PE,0,0,0,0.05,0.05,0,0,0,0,17-Apr-17
OPTSTK,NIITTECH,29-Jun-17,300,PE,0,0,0,0.05,0.1,0,0,0,0,17-Apr-17
OPTSTK,NIITTECH,29-Jun-17,310,PE,0,0,0,0.05,0.2,0,0,0,0,17-Apr-17
OPTSTK,NIITTECH,29-Jun-17,320,PE,0,0,0,0.1,0.3,0,0,0,0,17-Apr-17
OPTSTK,NIITTECH,29-Jun-17,330,PE,0,0,0,0.25,0.55,0,0,0,0,17-Apr-17
OPTSTK,NIITTECH,29-Jun-17,340,PE,0,0,0,0.45,0.95,0,0,0,0,17-Apr-17
OPTSTK,NIITTECH,29-Jun-17,350,PE,0,0,0,0.85,1.55,0,0,0,0,17-Apr-17
OPTSTK,NIITTECH,29-Jun-17,360,PE,0,0,0,1.5,2.4,0,0,0,0,17-Apr-17
OPTSTK,NIITTECH,29-Jun-17,370,PE,0,0,0,2.5,3.6,0,0,0,0,17-Apr-17
OPTSTK,NIITTECH,29-Jun-17,380,PE,0,0,0,4,5.25,0,0,0,0,17-Apr-17
OPTSTK,NIITTECH,29-Jun-17,390,PE,0,0,0,6,7.3,0,0,0,0,17-Apr-17
OPTSTK,NIITTECH,29-Jun-17,400,PE,0,0,0,8.7,9.95,0,0,0,0,17-Apr-17
OPTSTK,NIITTECH,29-Jun-17,410,PE,0,0,0,12.1,13.15,0,0,0,0,17-Apr-17
OPTSTK,NIITTECH,29-Jun-17,420,PE,0,0,0,16.3,17,0,0,0,0,17-Apr-17
OPTSTK,NIITTECH,29-Jun-17,430,PE,0,0,0,21.3,21.45,0,0,0,0,17-Apr-17
OPTSTK,NIITTECH,29-Jun-17,440,PE,0,0,0,27.05,26.55,0,0,0,0,17-Apr-17
OPTSTK,NIITTECH,29-Jun-17,450,PE,0,0,0,33.5,32.25,0,0,0,0,17-Apr-17
OPTSTK,NIITTECH,29-Jun-17,460,PE,0,0,0,40.65,38.55,0,0,0,0,17-Apr-17
OPTSTK,NIITTECH,29-Jun-17,470,PE,0,0,0,48.35,45.35,0,0,0,0,17-Apr-17
OPTSTK,NIITTECH,29-Jun-17,480,PE,0,0,0,56.5,52.7,0,0,0,0,17-Apr-17
OPTSTK,NIITTECH,29-Jun-17,490,PE,0,0,0,65.1,60.45,0,0,0,0,17-Apr-17
OPTSTK,NIITTECH,29-Jun-17,500,PE,0,0,0,74,68.6,0,0,0,0,17-Apr-17
OPTSTK,NIITTECH,29-Jun-17,510,PE,0,0,0,83.15,77.05,0,0,0,0,17-Apr-17
OPTSTK,NIITTECH,29-Jun-17,520,PE,0,0,0,92.45,85.8,0,0,0,0,17-Apr-17
OPTSTK,NIITTECH,29-Jun-17,530,PE,0,0,0,101.95,94.75,0,0,0,0,17-Apr-17
OPTSTK,NIITTECH,29-Jun-17,540,PE,0,0,0,111.55,103.95,0,0,0,0,17-Apr-17
OPTSTK,NIITTECH,29-Jun-17,550,PE,0,0,0,121.2,113.25,0,0,0,0,17-Apr-17
OPTSTK,NIITTECH,29-Jun-17,560,PE,0,0,0,130.95,122.7,0,0,0,0,17-Apr-17
OPTSTK,NIITTECH,29-Jun-17,570,PE,0,0,0,140.7,132.25,0,0,0,0,17-Apr-17
OPTSTK,NIITTECH,29-Jun-17,580,PE,0,0,0,150.5,141.9,0,0,0,0,17-Apr-17
OPTSTK,NMDC,27-Apr-17,85,CE,0,0,0,61.5,43.2,0,0,0,0,17-Apr-17
OPTSTK,NMDC,27-Apr-17,87.5,CE,0,0,0,45.05,40.7,0,0,0,0,17-Apr-17
OPTSTK,NMDC,27-Apr-17,90,CE,0,0,0,56.6,38.25,0,0,0,0,17-Apr-17
OPTSTK,NMDC,27-Apr-17,92.5,CE,0,0,0,40.1,35.75,0,0,0,0,17-Apr-17
OPTSTK,NMDC,27-Apr-17,95,CE,0,0,0,51.75,33.25,0,0,0,0,17-Apr-17
OPTSTK,NMDC,27-Apr-17,97.5,CE,0,0,0,35.1,30.75,0,0,0,0,17-Apr-17
OPTSTK,NMDC,27-Apr-17,100,CE,0,0,0,46.9,28.25,0,0,0,0,17-Apr-17
OPTSTK,NMDC,27-Apr-17,102.5,CE,0,0,0,30.15,25.75,0,0,0,0,17-Apr-17
OPTSTK,NMDC,27-Apr-17,105,CE,0,0,0,42.2,23.25,0,0,0,0,17-Apr-17
OPTSTK,NMDC,27-Apr-17,107.5,CE,0,0,0,25.2,20.75,0,0,0,0,17-Apr-17
OPTSTK,NMDC,27-Apr-17,110,CE,0,0,0,37.6,18.25,0,0,0,0,17-Apr-17
OPTSTK,NMDC,27-Apr-17,112.5,CE,0,0,0,20.3,15.75,0,0,0,0,17-Apr-17
OPTSTK,NMDC,27-Apr-17,115,CE,0,0,0,33.15,13.3,0,0,0,0,17-Apr-17
OPTSTK,NMDC,27-Apr-17,117.5,CE,0,0,0,15.6,10.85,0,0,0,0,17-Apr-17
OPTSTK,NMDC,27-Apr-17,120,CE,8,8,8,8,8,5,38.4,30000,30000,17-Apr-17
OPTSTK,NMDC,27-Apr-17,122.5,CE,5.7,5.7,5.7,5.7,5.7,7,53.84,42000,42000,17-Apr-17
OPTSTK,NMDC,27-Apr-17,125,CE,5.65,5.65,5.65,5.65,5.65,1,7.83,24000,6000,17-Apr-17
OPTSTK,NMDC,27-Apr-17,127.5,CE,0,0,0,7.6,2.95,0,0,0,0,17-Apr-17
OPTSTK,NMDC,27-Apr-17,130,CE,2.35,2.35,1.6,1.65,1.65,86,680.4,372000,114000,17-Apr-17
OPTSTK,NMDC,27-Apr-17,132.5,CE,1.1,1.5,0.9,0.9,0.9,6,48.14,36000,18000,17-Apr-17
OPTSTK,NMDC,27-Apr-17,135,CE,0.75,0.9,0.5,0.55,0.55,110,895.52,1368000,90000,17-Apr-17
OPTSTK,NMDC,27-Apr-17,137.5,CE,0.6,0.6,0.35,0.4,0.4,7,57.95,144000,12000,17-Apr-17
OPTSTK,NMDC,27-Apr-17,140,CE,0.9,1.3,0.25,0.3,0.3,71,597.87,1944000,-48000,17-Apr-17
OPTSTK,NMDC,27-Apr-17,142.5,CE,0,0,0,0.4,0.05,0,0,42000,0,17-Apr-17
OPTSTK,NMDC,27-Apr-17,145,CE,0.2,0.2,0.15,0.15,0.15,13,113.22,606000,0,17-Apr-17
OPTSTK,NMDC,27-Apr-17,147.5,CE,0,0,0,0.5,0.05,0,0,6000,0,17-Apr-17
OPTSTK,NMDC,27-Apr-17,150,CE,0.1,0.1,0.1,0.1,0.1,9,81.05,636000,-12000,17-Apr-17
OPTSTK,NMDC,27-Apr-17,152.5,CE,0,0,0,0.3,0,0,0,0,0,17-Apr-17
OPTSTK,NMDC,27-Apr-17,155,CE,0,0,0,0.15,0,0,0,102000,0,17-Apr-17
OPTSTK,NMDC,27-Apr-17,157.5,CE,0,0,0,0.15,0,0,0,0,0,17-Apr-17
OPTSTK,NMDC,27-Apr-17,160,CE,0,0,0,0.05,0,0,0,18000,0,17-Apr-17
OPTSTK,NMDC,27-Apr-17,162.5,CE,0,0,0,0.05,0,0,0,0,0,17-Apr-17
OPTSTK,NMDC,27-Apr-17,165,CE,0,0,0,5.3,0,0,0,0,0,17-Apr-17
OPTSTK,NMDC,27-Apr-17,167.5,CE,0,0,0,0.05,0,0,0,0,0,17-Apr-17
OPTSTK,NMDC,27-Apr-17,170,CE,0,0,0,4.2,0,0,0,0,0,17-Apr-17
OPTSTK,NMDC,27-Apr-17,172.5,CE,0,0,0,0.05,0,0,0,0,0,17-Apr-17
OPTSTK,NMDC,27-Apr-17,175,CE,0,0,0,3.25,0,0,0,0,0,17-Apr-17
OPTSTK,NMDC,27-Apr-17,177.5,CE,0,0,0,0.05,0,0,0,0,0,17-Apr-17
OPTSTK,NMDC,27-Apr-17,180,CE,0,0,0,2.55,0,0,0,0,0,17-Apr-17
OPTSTK,NMDC,27-Apr-17,85,PE,0,0,0,0.05,0,0,0,0,0,17-Apr-17
OPTSTK,NMDC,27-Apr-17,87.5,PE,0,0,0,0.05,0,0,0,0,0,17-Apr-17
OPTSTK,NMDC,27-Apr-17,90,PE,0,0,0,0.05,0,0,0,0,0,17-Apr-17
OPTSTK,NMDC,27-Apr-17,92.5,PE,0,0,0,0.05,0,0,0,0,0,17-Apr-17
OPTSTK,NMDC,27-Apr-17,95,PE,0,0,0,0.1,0,0,0,0,0,17-Apr-17
OPTSTK,NMDC,27-Apr-17,97.5,PE,0,0,0,0.05,0,0,0,0,0,17-Apr-17
OPTSTK,NMDC,27-Apr-17,100,PE,0,0,0,0.25,0,0,0,0,0,17-Apr-17
OPTSTK,NMDC,27-Apr-17,102.5,PE,0,0,0,0.05,0,0,0,0,0,17-Apr-17
OPTSTK,NMDC,27-Apr-17,105,PE,0,0,0,0.4,0,0,0,0,0,17-Apr-17
OPTSTK,NMDC,27-Apr-17,107.5,PE,0,0,0,0.05,0,0,0,0,0,17-Apr-17
OPTSTK,NMDC,27-Apr-17,110,PE,0,0,0,0.75,0,0,0,0,0,17-Apr-17
OPTSTK,NMDC,27-Apr-17,112.5,PE,0,0,0,0.15,0.05,0,0,0,0,17-Apr-17
OPTSTK,NMDC,27-Apr-17,115,PE,0,0,0,1.25,0.05,0,0,0,0,17-Apr-17
OPTSTK,NMDC,27-Apr-17,117.5,PE,0,0,0,0.4,0.1,0,0,0,0,17-Apr-17
OPTSTK,NMDC,27-Apr-17,120,PE,0.3,0.4,0.3,0.3,0.3,9,64.98,90000,30000,17-Apr-17
OPTSTK,NMDC,27-Apr-17,122.5,PE,0.5,0.6,0.5,0.55,0.55,11,81.21,54000,30000,17-Apr-17
OPTSTK,NMDC,27-Apr-17,125,PE,2,2,0.8,1,1,45,340.34,336000,24000,17-Apr-17
OPTSTK,NMDC,27-Apr-17,127.5,PE,2.5,2.5,1.55,1.85,1.85,8,62.08,66000,24000,17-Apr-17
OPTSTK,NMDC,27-Apr-17,130,PE,3.3,3.65,2.55,3,3,50,398.94,744000,-6000,17-Apr-17
OPTSTK,NMDC,27-Apr-17,132.5,PE,0,0,0,3.2,5.25,0,0,42000,0,17-Apr-17
OPTSTK,NMDC,27-Apr-17,135,PE,7.35,7.35,6.2,6.9,6.9,8,68.01,636000,-6000,17-Apr-17
OPTSTK,NMDC,27-Apr-17,137.5,PE,0,0,0,4.05,9.45,0,0,18000,0,17-Apr-17
OPTSTK,NMDC,27-Apr-17,140,PE,11.7,11.7,11.7,11.7,11.7,2,18.2,252000,-6000,17-Apr-17
OPTSTK,NMDC,27-Apr-17,142.5,PE,0,0,0,11.1,14.25,0,0,0,0,17-Apr-17
OPTSTK,NMDC,27-Apr-17,145,PE,16.5,16.5,16.3,16.3,16.3,3,29.05,78000,-6000,17-Apr-17
OPTSTK,NMDC,27-Apr-17,147.5,PE,0,0,0,15.35,19.2,0,0,0,0,17-Apr-17
OPTSTK,NMDC,27-Apr-17,150,PE,0,0,0,20,21.7,0,0,42000,0,17-Apr-17
OPTSTK,NMDC,27-Apr-17,152.5,PE,0,0,0,19.95,24.2,0,0,0,0,17-Apr-17
OPTSTK,NMDC,27-Apr-17,155,PE,0,0,0,15.7,26.7,0,0,0,0,17-Apr-17
OPTSTK,NMDC,27-Apr-17,157.5,PE,0,0,0,24.75,29.2,0,0,0,0,17-Apr-17
OPTSTK,NMDC,27-Apr-17,160,PE,0,0,0,18.95,31.7,0,0,0,0,17-Apr-17
OPTSTK,NMDC,27-Apr-17,162.5,PE,0,0,0,29.65,34.2,0,0,0,0,17-Apr-17
OPTSTK,NMDC,27-Apr-17,165,PE,0,0,0,22.55,36.7,0,0,0,0,17-Apr-17
OPTSTK,NMDC,27-Apr-17,167.5,PE,0,0,0,34.6,39.2,0,0,0,0,17-Apr-17
OPTSTK,NMDC,27-Apr-17,170,PE,0,0,0,26.35,41.65,0,0,0,0,17-Apr-17
OPTSTK,NMDC,27-Apr-17,172.5,PE,0,0,0,39.55,44.15,0,0,0,0,17-Apr-17
OPTSTK,NMDC,27-Apr-17,175,PE,0,0,0,30.35,46.65,0,0,0,0,17-Apr-17
OPTSTK,NMDC,27-Apr-17,177.5,PE,0,0,0,44.55,49.15,0,0,0,0,17-Apr-17
OPTSTK,NMDC,27-Apr-17,180,PE,0,0,0,34.55,51.65,0,0,0,0,17-Apr-17
OPTSTK,NMDC,25-May-17,85,CE,0,0,0,58.35,43.65,0,0,0,0,17-Apr-17
OPTSTK,NMDC,25-May-17,87.5,CE,0,0,0,45.5,41.15,0,0,0,0,17-Apr-17
OPTSTK,NMDC,25-May-17,90,CE,0,0,0,53.45,38.7,0,0,0,0,17-Apr-17
OPTSTK,NMDC,25-May-17,92.5,CE,0,0,0,40.55,36.2,0,0,0,0,17-Apr-17
OPTSTK,NMDC,25-May-17,95,CE,0,0,0,48.55,33.7,0,0,0,0,17-Apr-17
OPTSTK,NMDC,25-May-17,97.5,CE,0,0,0,35.65,31.25,0,0,0,0,17-Apr-17
OPTSTK,NMDC,25-May-17,100,CE,0,0,0,43.7,28.75,0,0,0,0,17-Apr-17
OPTSTK,NMDC,25-May-17,102.5,CE,0,0,0,30.75,26.3,0,0,0,0,17-Apr-17
OPTSTK,NMDC,25-May-17,105,CE,0,0,0,38.95,23.85,0,0,0,0,17-Apr-17
OPTSTK,NMDC,25-May-17,107.5,CE,0,0,0,25.95,21.45,0,0,0,0,17-Apr-17
OPTSTK,NMDC,25-May-17,110,CE,0,0,0,34.3,19.05,0,0,0,0,17-Apr-17
OPTSTK,NMDC,25-May-17,112.5,CE,0,0,0,21.35,16.75,0,0,0,0,17-Apr-17
OPTSTK,NMDC,25-May-17,115,CE,0,0,0,29.8,14.55,0,0,0,0,17-Apr-17
OPTSTK,NMDC,25-May-17,117.5,CE,0,0,0,17,12.45,0,0,0,0,17-Apr-17
OPTSTK,NMDC,25-May-17,120,CE,0,0,0,25.55,10.5,0,0,0,0,17-Apr-17
OPTSTK,NMDC,25-May-17,122.5,CE,0,0,0,13.1,8.7,0,0,0,0,17-Apr-17
OPTSTK,NMDC,25-May-17,125,CE,0,0,0,21.6,7.1,0,0,0,0,17-Apr-17
OPTSTK,NMDC,25-May-17,127.5,CE,5.75,5.75,5.75,5.75,5.75,1,7.99,12000,6000,17-Apr-17
OPTSTK,NMDC,25-May-17,130,CE,4.5,4.6,4.5,4.6,4.6,2,16.14,12000,12000,17-Apr-17
OPTSTK,NMDC,25-May-17,132.5,CE,0,0,0,4.5,3.45,0,0,24000,0,17-Apr-17
OPTSTK,NMDC,25-May-17,135,CE,2.6,2.6,2.6,2.6,2.6,1,8.25,24000,0,17-Apr-17
OPTSTK,NMDC,25-May-17,137.5,CE,0,0,0,4.8,1.95,0,0,0,0,17-Apr-17
OPTSTK,NMDC,25-May-17,140,CE,0,0,0,11.9,1.45,0,0,0,0,17-Apr-17
OPTSTK,NMDC,25-May-17,142.5,CE,0,0,0,4.05,1.05,0,0,18000,0,17-Apr-17
OPTSTK,NMDC,25-May-17,145,CE,0,0,0,9.45,0.75,0,0,0,0,17-Apr-17
OPTSTK,NMDC,25-May-17,147.5,CE,0,0,0,2.05,0.5,0,0,0,0,17-Apr-17
OPTSTK,NMDC,25-May-17,150,CE,0,0,0,7.4,0.35,0,0,0,0,17-Apr-17
OPTSTK,NMDC,25-May-17,152.5,CE,0,0,0,1.25,0.25,0,0,0,0,17-Apr-17
OPTSTK,NMDC,25-May-17,155,CE,0,0,0,5.75,0.15,0,0,0,0,17-Apr-17
OPTSTK,NMDC,25-May-17,157.5,CE,0,0,0,0.75,0.1,0,0,0,0,17-Apr-17
OPTSTK,NMDC,25-May-17,160,CE,0,0,0,4.4,0.1,0,0,0,0,17-Apr-17
OPTSTK,NMDC,25-May-17,162.5,CE,0,0,0,0.45,0.05,0,0,0,0,17-Apr-17
OPTSTK,NMDC,25-May-17,165,CE,0,0,0,3.3,0.05,0,0,0,0,17-Apr-17
OPTSTK,NMDC,25-May-17,167.5,CE,0,0,0,0.25,0.05,0,0,0,0,17-Apr-17
OPTSTK,NMDC,25-May-17,170,CE,0,0,0,2.45,0.05,0,0,0,0,17-Apr-17
OPTSTK,NMDC,25-May-17,172.5,CE,0,0,0,0.15,0.05,0,0,0,0,17-Apr-17
OPTSTK,NMDC,25-May-17,175,CE,0,0,0,1.8,0,0,0,0,0,17-Apr-17
OPTSTK,NMDC,25-May-17,177.5,CE,0,0,0,0.1,0,0,0,0,0,17-Apr-17
OPTSTK,NMDC,25-May-17,180,CE,0,0,0,1.3,0,0,0,0,0,17-Apr-17
OPTSTK,NMDC,25-May-17,85,PE,0,0,0,0.05,0,0,0,0,0,17-Apr-17
OPTSTK,NMDC,25-May-17,87.5,PE,0,0,0,0.05,0,0,0,0,0,17-Apr-17
OPTSTK,NMDC,25-May-17,90,PE,0,0,0,0.05,0,0,0,0,0,17-Apr-17
OPTSTK,NMDC,25-May-17,92.5,PE,0,0,0,0.05,0,0,0,0,0,17-Apr-17
OPTSTK,NMDC,25-May-17,95,PE,0,0,0,0.05,0,0,0,0,0,17-Apr-17
OPTSTK,NMDC,25-May-17,97.5,PE,0,0,0,0.05,0.05,0,0,0,0,17-Apr-17
OPTSTK,NMDC,25-May-17,100,PE,0,0,0,0.15,0.05,0,0,0,0,17-Apr-17
OPTSTK,NMDC,25-May-17,102.5,PE,0,0,0,0.1,0.05,0,0,0,0,17-Apr-17
OPTSTK,NMDC,25-May-17,105,PE,0,0,0,0.3,0.1,0,0,0,0,17-Apr-17
OPTSTK,NMDC,25-May-17,107.5,PE,0,0,0,0.25,0.15,0,0,0,0,17-Apr-17
OPTSTK,NMDC,25-May-17,110,PE,0,0,0,0.55,0.25,0,0,0,0,17-Apr-17
OPTSTK,NMDC,25-May-17,112.5,PE,0,0,0,0.6,0.45,0,0,0,0,17-Apr-17
OPTSTK,NMDC,25-May-17,115,PE,0,0,0,1,0.7,0,0,0,0,17-Apr-17
OPTSTK,NMDC,25-May-17,117.5,PE,0,0,0,1.2,1.1,0,0,0,0,17-Apr-17
OPTSTK,NMDC,25-May-17,120,PE,0,0,0,1.65,1.6,0,0,0,0,17-Apr-17
OPTSTK,NMDC,25-May-17,122.5,PE,0,0,0,2.25,2.3,0,0,0,0,17-Apr-17
OPTSTK,NMDC,25-May-17,125,PE,2.9,2.9,2.9,2.9,2.9,1,7.67,24000,6000,17-Apr-17
OPTSTK,NMDC,25-May-17,127.5,PE,4.2,4.2,4.2,4.2,4.2,1,7.9,6000,6000,17-Apr-17
OPTSTK,NMDC,25-May-17,130,PE,0,0,0,3,5.55,0,0,18000,0,17-Apr-17
OPTSTK,NMDC,25-May-17,132.5,PE,0,0,0,6,7,0,0,0,0,17-Apr-17
OPTSTK,NMDC,25-May-17,135,PE,0,0,0,4.7,8.65,0,0,12000,0,17-Apr-17
OPTSTK,NMDC,25-May-17,137.5,PE,0,0,0,8.8,10.5,0,0,0,0,17-Apr-17
OPTSTK,NMDC,25-May-17,140,PE,12,12,11.9,11.9,11.9,4,36.47,30000,24000,17-Apr-17
OPTSTK,NMDC,25-May-17,142.5,PE,0,0,0,12.1,14.55,0,0,0,0,17-Apr-17
OPTSTK,NMDC,25-May-17,145,PE,0,0,0,13,16.7,0,0,12000,0,17-Apr-17
OPTSTK,NMDC,25-May-17,147.5,PE,0,0,0,15.95,18.95,0,0,0,0,17-Apr-17
OPTSTK,NMDC,25-May-17,150,PE,0,0,0,13.05,21.3,0,0,0,0,17-Apr-17
OPTSTK,NMDC,25-May-17,152.5,PE,0,0,0,20.1,23.65,0,0,0,0,17-Apr-17
OPTSTK,NMDC,25-May-17,155,PE,0,0,0,16.3,26.05,0,0,0,0,17-Apr-17
OPTSTK,NMDC,25-May-17,157.5,PE,0,0,0,24.55,28.5,0,0,0,0,17-Apr-17
OPTSTK,NMDC,25-May-17,160,PE,0,0,0,19.85,30.95,0,0,0,0,17-Apr-17
OPTSTK,NMDC,25-May-17,162.5,PE,0,0,0,29.2,33.4,0,0,0,0,17-Apr-17
OPTSTK,NMDC,25-May-17,165,PE,0,0,0,23.7,35.9,0,0,0,0,17-Apr-17
OPTSTK,NMDC,25-May-17,167.5,PE,0,0,0,33.95,38.35,0,0,0,0,17-Apr-17
OPTSTK,NMDC,25-May-17,170,PE,0,0,0,27.8,40.85,0,0,0,0,17-Apr-17
OPTSTK,NMDC,25-May-17,172.5,PE,0,0,0,38.8,43.3,0,0,0,0,17-Apr-17
OPTSTK,NMDC,25-May-17,175,PE,0,0,0,32.05,45.8,0,0,0,0,17-Apr-17
OPTSTK,NMDC,25-May-17,177.5,PE,0,0,0,43.7,48.25,0,0,0,0,17-Apr-17
OPTSTK,NMDC,25-May-17,180,PE,0,0,0,36.5,50.75,0,0,0,0,17-Apr-17
OPTSTK,NMDC,29-Jun-17,85,CE,0,0,0,48.55,44.15,0,0,0,0,17-Apr-17
OPTSTK,NMDC,29-Jun-17,87.5,CE,0,0,0,46.1,41.7,0,0,0,0,17-Apr-17
OPTSTK,NMDC,29-Jun-17,90,CE,0,0,0,43.65,39.25,0,0,0,0,17-Apr-17
OPTSTK,NMDC,29-Jun-17,92.5,CE,0,0,0,41.2,36.8,0,0,0,0,17-Apr-17
OPTSTK,NMDC,29-Jun-17,95,CE,0,0,0,38.75,34.35,0,0,0,0,17-Apr-17
OPTSTK,NMDC,29-Jun-17,97.5,CE,0,0,0,36.35,31.9,0,0,0,0,17-Apr-17
OPTSTK,NMDC,29-Jun-17,100,CE,0,0,0,34,29.5,0,0,0,0,17-Apr-17
OPTSTK,NMDC,29-Jun-17,102.5,CE,0,0,0,31.6,27.15,0,0,0,0,17-Apr-17
OPTSTK,NMDC,29-Jun-17,105,CE,0,0,0,29.3,24.8,0,0,0,0,17-Apr-17
OPTSTK,NMDC,29-Jun-17,107.5,CE,0,0,0,27.05,22.55,0,0,0,0,17-Apr-17
OPTSTK,NMDC,29-Jun-17,110,CE,0,0,0,24.85,20.35,0,0,0,0,17-Apr-17
OPTSTK,NMDC,29-Jun-17,112.5,CE,0,0,0,22.7,18.2,0,0,0,0,17-Apr-17
OPTSTK,NMDC,29-Jun-17,115,CE,0,0,0,20.65,16.2,0,0,0,0,17-Apr-17
OPTSTK,NMDC,29-Jun-17,117.5,CE,0,0,0,18.7,14.3,0,0,0,0,17-Apr-17
OPTSTK,NMDC,29-Jun-17,120,CE,0,0,0,16.8,12.5,0,0,0,0,17-Apr-17
OPTSTK,NMDC,29-Jun-17,122.5,CE,0,0,0,15.05,10.85,0,0,0,0,17-Apr-17
OPTSTK,NMDC,29-Jun-17,125,CE,0,0,0,13.4,9.35,0,0,0,0,17-Apr-17
OPTSTK,NMDC,29-Jun-17,127.5,CE,0,0,0,11.85,7.95,0,0,0,0,17-Apr-17
OPTSTK,NMDC,29-Jun-17,130,CE,0,0,0,10.45,6.75,0,0,0,0,17-Apr-17
OPTSTK,NMDC,29-Jun-17,132.5,CE,0,0,0,9.15,5.65,0,0,0,0,17-Apr-17
OPTSTK,NMDC,29-Jun-17,135,CE,0,0,0,7.95,4.7,0,0,0,0,17-Apr-17
OPTSTK,NMDC,29-Jun-17,137.5,CE,0,0,0,6.9,3.9,0,0,0,0,17-Apr-17
OPTSTK,NMDC,29-Jun-17,140,CE,0,0,0,5.95,3.2,0,0,0,0,17-Apr-17
OPTSTK,NMDC,29-Jun-17,142.5,CE,0,0,0,5.1,2.6,0,0,0,0,17-Apr-17
OPTSTK,NMDC,29-Jun-17,145,CE,0,0,0,4.35,2.1,0,0,0,0,17-Apr-17
OPTSTK,NMDC,29-Jun-17,147.5,CE,0,0,0,3.7,1.7,0,0,0,0,17-Apr-17
OPTSTK,NMDC,29-Jun-17,150,CE,0,0,0,3.15,1.35,0,0,0,0,17-Apr-17
OPTSTK,NMDC,29-Jun-17,152.5,CE,0,0,0,2.65,1.05,0,0,0,0,17-Apr-17
OPTSTK,NMDC,29-Jun-17,155,CE,0,0,0,2.2,0.85,0,0,0,0,17-Apr-17
OPTSTK,NMDC,29-Jun-17,157.5,CE,0,0,0,1.85,0.65,0,0,0,0,17-Apr-17
OPTSTK,NMDC,29-Jun-17,160,CE,0,0,0,1.55,0.5,0,0,0,0,17-Apr-17
OPTSTK,NMDC,29-Jun-17,162.5,CE,0,0,0,1.25,0.4,0,0,0,0,17-Apr-17
OPTSTK,NMDC,29-Jun-17,165,CE,0,0,0,1.05,0.3,0,0,0,0,17-Apr-17
OPTSTK,NMDC,29-Jun-17,167.5,CE,0,0,0,0.85,0.25,0,0,0,0,17-Apr-17
OPTSTK,NMDC,29-Jun-17,170,CE,0,0,0,0.7,0.2,0,0,0,0,17-Apr-17
OPTSTK,NMDC,29-Jun-17,172.5,CE,0,0,0,0.55,0.15,0,0,0,0,17-Apr-17
OPTSTK,NMDC,29-Jun-17,175,CE,0,0,0,0.45,0.1,0,0,0,0,17-Apr-17
OPTSTK,NMDC,29-Jun-17,177.5,CE,0,0,0,0.4,0.1,0,0,0,0,17-Apr-17
OPTSTK,NMDC,29-Jun-17,180,CE,0,0,0,0.3,0.05,0,0,0,0,17-Apr-17
OPTSTK,NMDC,29-Jun-17,85,PE,0,0,0,0.05,0,0,0,0,0,17-Apr-17
OPTSTK,NMDC,29-Jun-17,87.5,PE,0,0,0,0.05,0.05,0,0,0,0,17-Apr-17
OPTSTK,NMDC,29-Jun-17,90,PE,0,0,0,0.05,0.05,0,0,0,0,17-Apr-17
OPTSTK,NMDC,29-Jun-17,92.5,PE,0,0,0,0.05,0.05,0,0,0,0,17-Apr-17
OPTSTK,NMDC,29-Jun-17,95,PE,0,0,0,0.1,0.05,0,0,0,0,17-Apr-17
OPTSTK,NMDC,29-Jun-17,97.5,PE,0,0,0,0.15,0.1,0,0,0,0,17-Apr-17
OPTSTK,NMDC,29-Jun-17,100,PE,0,0,0,0.25,0.15,0,0,0,0,17-Apr-17
OPTSTK,NMDC,29-Jun-17,102.5,PE,0,0,0,0.35,0.25,0,0,0,0,17-Apr-17
OPTSTK,NMDC,29-Jun-17,105,PE,0,0,0,0.5,0.4,0,0,0,0,17-Apr-17
OPTSTK,NMDC,29-Jun-17,107.5,PE,0,0,0,0.65,0.6,0,0,0,0,17-Apr-17
OPTSTK,NMDC,29-Jun-17,110,PE,0,0,0,0.95,0.85,0,0,0,0,17-Apr-17
OPTSTK,NMDC,29-Jun-17,112.5,PE,0,0,0,1.25,1.2,0,0,0,0,17-Apr-17
OPTSTK,NMDC,29-Jun-17,115,PE,0,0,0,1.65,1.65,0,0,0,0,17-Apr-17
OPTSTK,NMDC,29-Jun-17,117.5,PE,0,0,0,2.15,2.2,0,0,0,0,17-Apr-17
OPTSTK,NMDC,29-Jun-17,120,PE,0,0,0,2.75,2.9,0,0,0,0,17-Apr-17
OPTSTK,NMDC,29-Jun-17,122.5,PE,0,0,0,3.45,3.7,0,0,0,0,17-Apr-17
OPTSTK,NMDC,29-Jun-17,125,PE,0,0,0,4.25,4.65,0,0,0,0,17-Apr-17
OPTSTK,NMDC,29-Jun-17,127.5,PE,0,0,0,5.15,5.75,0,0,0,0,17-Apr-17
OPTSTK,NMDC,29-Jun-17,130,PE,0,0,0,6.2,7,0,0,0,0,17-Apr-17
OPTSTK,NMDC,29-Jun-17,132.5,PE,0,0,0,7.35,8.4,0,0,0,0,17-Apr-17
OPTSTK,NMDC,29-Jun-17,135,PE,0,0,0,8.65,9.9,0,0,0,0,17-Apr-17
OPTSTK,NMDC,29-Jun-17,137.5,PE,0,0,0,10.05,11.55,0,0,0,0,17-Apr-17
OPTSTK,NMDC,29-Jun-17,140,PE,0,0,0,11.55,13.35,0,0,0,0,17-Apr-17
OPTSTK,NMDC,29-Jun-17,142.5,PE,0,0,0,13.15,15.2,0,0,0,0,17-Apr-17
OPTSTK,NMDC,29-Jun-17,145,PE,0,0,0,14.85,17.15,0,0,0,0,17-Apr-17
OPTSTK,NMDC,29-Jun-17,147.5,PE,0,0,0,16.65,19.2,0,0,0,0,17-Apr-17
OPTSTK,NMDC,29-Jun-17,150,PE,0,0,0,18.55,21.35,0,0,0,0,17-Apr-17
OPTSTK,NMDC,29-Jun-17,152.5,PE,0,0,0,20.5,23.55,0,0,0,0,17-Apr-17
OPTSTK,NMDC,29-Jun-17,155,PE,0,0,0,22.55,25.8,0,0,0,0,17-Apr-17
OPTSTK,NMDC,29-Jun-17,157.5,PE,0,0,0,24.65,28.05,0,0,0,0,17-Apr-17
OPTSTK,NMDC,29-Jun-17,160,PE,0,0,0,26.8,30.4,0,0,0,0,17-Apr-17
OPTSTK,NMDC,29-Jun-17,162.5,PE,0,0,0,29,32.75,0,0,0,0,17-Apr-17
OPTSTK,NMDC,29-Jun-17,165,PE,0,0,0,31.2,35.1,0,0,0,0,17-Apr-17
OPTSTK,NMDC,29-Jun-17,167.5,PE,0,0,0,33.5,37.5,0,0,0,0,17-Apr-17
OPTSTK,NMDC,29-Jun-17,170,PE,0,0,0,35.8,39.95,0,0,0,0,17-Apr-17
OPTSTK,NMDC,29-Jun-17,172.5,PE,0,0,0,38.15,42.35,0,0,0,0,17-Apr-17
OPTSTK,NMDC,29-Jun-17,175,PE,0,0,0,40.5,44.8,0,0,0,0,17-Apr-17
OPTSTK,NMDC,29-Jun-17,177.5,PE,0,0,0,42.85,47.25,0,0,0,0,17-Apr-17
OPTSTK,NMDC,29-Jun-17,180,PE,0,0,0,45.25,49.7,0,0,0,0,17-Apr-17
OPTSTK,NTPC,27-Apr-17,122.5,CE,0,0,0,50.95,37.05,0,0,0,0,17-Apr-17
OPTSTK,NTPC,27-Apr-17,125,CE,0,0,0,48.55,34.55,0,0,0,0,17-Apr-17
OPTSTK,NTPC,27-Apr-17,127.5,CE,0,0,0,46.15,32.05,0,0,0,0,17-Apr-17
OPTSTK,NTPC,27-Apr-17,130,CE,0,0,0,43.75,29.55,0,0,0,0,17-Apr-17
OPTSTK,NTPC,27-Apr-17,132.5,CE,0,0,0,41.4,27.05,0,0,0,0,17-Apr-17
OPTSTK,NTPC,27-Apr-17,135,CE,0,0,0,39.05,24.55,0,0,0,0,17-Apr-17
OPTSTK,NTPC,27-Apr-17,137.5,CE,0,0,0,36.75,22.05,0,0,0,0,17-Apr-17
OPTSTK,NTPC,27-Apr-17,140,CE,0,0,0,34.5,19.55,0,0,0,0,17-Apr-17
OPTSTK,NTPC,27-Apr-17,142.5,CE,0,0,0,32.3,17.05,0,0,0,0,17-Apr-17
OPTSTK,NTPC,27-Apr-17,145,CE,0,0,0,30.15,14.6,0,0,0,0,17-Apr-17
OPTSTK,NTPC,27-Apr-17,147.5,CE,0,0,0,28.05,12.15,0,0,0,0,17-Apr-17
OPTSTK,NTPC,27-Apr-17,150,CE,0,0,0,14,9.8,0,0,8000,0,17-Apr-17
OPTSTK,NTPC,27-Apr-17,152.5,CE,0,0,0,24.05,7.55,0,0,0,0,17-Apr-17
OPTSTK,NTPC,27-Apr-17,155,CE,0,0,0,10.3,5.55,0,0,16000,0,17-Apr-17
OPTSTK,NTPC,27-Apr-17,157.5,CE,4.6,4.6,4.6,4.6,4.6,1,6.48,4000,0,17-Apr-17
OPTSTK,NTPC,27-Apr-17,160,CE,5,5,1.9,2.2,2.2,127,824.58,272000,224000,17-Apr-17
OPTSTK,NTPC,27-Apr-17,162.5,CE,1.9,2.35,1.1,1.4,1.4,52,341.23,148000,136000,17-Apr-17
OPTSTK,NTPC,27-Apr-17,165,CE,2.5,2.5,0.65,0.75,0.75,301,2001.71,620000,280000,17-Apr-17
OPTSTK,NTPC,27-Apr-17,167.5,CE,1.25,1.25,0.4,0.5,0.5,60,403.67,268000,124000,17-Apr-17
OPTSTK,NTPC,27-Apr-17,170,CE,0.75,0.75,0.25,0.35,0.35,279,1902.5,1408000,-92000,17-Apr-17
OPTSTK,NTPC,27-Apr-17,172.5,CE,0.5,0.5,0.2,0.25,0.25,8,55.29,192000,-4000,17-Apr-17
OPTSTK,NTPC,27-Apr-17,175,CE,0.3,0.3,0.15,0.2,0.2,63,441.53,700000,-76000,17-Apr-17
OPTSTK,NTPC,27-Apr-17,177.5,CE,0.1,0.1,0.1,0.1,0.1,4,28.41,32000,-8000,17-Apr-17
OPTSTK,NTPC,27-Apr-17,180,CE,0.1,0.1,0.1,0.1,0.1,26,187.3,320000,-24000,17-Apr-17
OPTSTK,NTPC,27-Apr-17,182.5,CE,0,0,0,0.3,0,0,0,36000,0,17-Apr-17
OPTSTK,NTPC,27-Apr-17,185,CE,0.1,0.1,0.05,0.05,0.05,8,59.23,152000,-4000,17-Apr-17
OPTSTK,NTPC,27-Apr-17,187.5,CE,0,0,0,5.65,0,0,0,0,0,17-Apr-17
OPTSTK,NTPC,27-Apr-17,190,CE,0,0,0,4.95,0,0,0,0,0,17-Apr-17
OPTSTK,NTPC,27-Apr-17,192.5,CE,0,0,0,4.35,0,0,0,0,0,17-Apr-17
OPTSTK,NTPC,27-Apr-17,195,CE,0,0,0,3.8,0,0,0,0,0,17-Apr-17
OPTSTK,NTPC,27-Apr-17,197.5,CE,0,0,0,3.3,0,0,0,0,0,17-Apr-17
OPTSTK,NTPC,27-Apr-17,200,CE,0,0,0,2.9,0,0,0,0,0,17-Apr-17
OPTSTK,NTPC,27-Apr-17,202.5,CE,0,0,0,2.5,0,0,0,0,0,17-Apr-17
OPTSTK,NTPC,27-Apr-17,122.5,PE,0,0,0,0.1,0,0,0,0,0,17-Apr-17
OPTSTK,NTPC,27-Apr-17,125,PE,0,0,0,0.15,0,0,0,0,0,17-Apr-17
OPTSTK,NTPC,27-Apr-17,127.5,PE,0,0,0,0.2,0,0,0,0,0,17-Apr-17
OPTSTK,NTPC,27-Apr-17,130,PE,0,0,0,0.25,0,0,0,0,0,17-Apr-17
OPTSTK,NTPC,27-Apr-17,132.5,PE,0,0,0,0.35,0,0,0,0,0,17-Apr-17
OPTSTK,NTPC,27-Apr-17,135,PE,0,0,0,0.5,0,0,0,0,0,17-Apr-17
OPTSTK,NTPC,27-Apr-17,137.5,PE,0,0,0,0.65,0,0,0,0,0,17-Apr-17
OPTSTK,NTPC,27-Apr-17,140,PE,0,0,0,0.85,0,0,0,0,0,17-Apr-17
OPTSTK,NTPC,27-Apr-17,142.5,PE,0,0,0,1.1,0.05,0,0,0,0,17-Apr-17
OPTSTK,NTPC,27-Apr-17,145,PE,0,0,0,0.9,0.05,0,0,4000,0,17-Apr-17
OPTSTK,NTPC,27-Apr-17,147.5,PE,0,0,0,1.75,0.1,0,0,0,0,17-Apr-17
OPTSTK,NTPC,27-Apr-17,150,PE,0.15,0.35,0.1,0.25,0.25,86,516.75,328000,176000,17-Apr-17
OPTSTK,NTPC,27-Apr-17,152.5,PE,0.3,0.4,0.3,0.4,0.4,5,30.57,48000,4000,17-Apr-17
OPTSTK,NTPC,27-Apr-17,155,PE,0.4,0.85,0.4,0.7,0.7,185,1151.42,232000,168000,17-Apr-17
OPTSTK,NTPC,27-Apr-17,157.5,PE,0.75,1.6,0.7,1.2,1.2,50,317.08,100000,28000,17-Apr-17
OPTSTK,NTPC,27-Apr-17,160,PE,0.7,2.65,0.7,2.2,2.2,421,2723.85,432000,56000,17-Apr-17
OPTSTK,NTPC,27-Apr-17,162.5,PE,1.55,4,1.55,3.65,3.65,34,224.65,124000,-48000,17-Apr-17
OPTSTK,NTPC,27-Apr-17,165,PE,2.75,6.1,2.7,5.4,5.4,58,391.78,324000,-132000,17-Apr-17
OPTSTK,NTPC,27-Apr-17,167.5,PE,4.7,7.25,4.7,6.65,6.65,11,76.5,76000,-24000,17-Apr-17
OPTSTK,NTPC,27-Apr-17,170,PE,0,0,0,5.85,10.6,0,0,204000,0,17-Apr-17
OPTSTK,NTPC,27-Apr-17,172.5,PE,0,0,0,7.7,13,0,0,28000,0,17-Apr-17
OPTSTK,NTPC,27-Apr-17,175,PE,0,0,0,10.45,15.45,0,0,20000,0,17-Apr-17
OPTSTK,NTPC,27-Apr-17,177.5,PE,0,0,0,12.35,17.9,0,0,0,0,17-Apr-17
OPTSTK,NTPC,27-Apr-17,180,PE,0,0,0,12.85,20.4,0,0,44000,0,17-Apr-17
OPTSTK,NTPC,27-Apr-17,182.5,PE,0,0,0,15.35,22.9,0,0,0,0,17-Apr-17
OPTSTK,NTPC,27-Apr-17,185,PE,0,0,0,17,25.4,0,0,0,0,17-Apr-17
OPTSTK,NTPC,27-Apr-17,187.5,PE,0,0,0,18.7,27.9,0,0,0,0,17-Apr-17
OPTSTK,NTPC,27-Apr-17,190,PE,0,0,0,23.75,30.4,0,0,8000,0,17-Apr-17
OPTSTK,NTPC,27-Apr-17,192.5,PE,0,0,0,22.35,32.9,0,0,0,0,17-Apr-17
OPTSTK,NTPC,27-Apr-17,195,PE,0,0,0,24.25,35.4,0,0,0,0,17-Apr-17
OPTSTK,NTPC,27-Apr-17,197.5,PE,0,0,0,26.25,37.9,0,0,0,0,17-Apr-17
OPTSTK,NTPC,27-Apr-17,200,PE,0,0,0,28.25,40.35,0,0,0,0,17-Apr-17
OPTSTK,NTPC,27-Apr-17,202.5,PE,0,0,0,37.55,42.85,0,0,4000,0,17-Apr-17
OPTSTK,NTPC,25-May-17,122.5,CE,0,0,0,45.05,37.65,0,0,0,0,17-Apr-17
OPTSTK,NTPC,25-May-17,125,CE,0,0,0,42.6,35.15,0,0,0,0,17-Apr-17
OPTSTK,NTPC,25-May-17,127.5,CE,0,0,0,40.2,32.7,0,0,0,0,17-Apr-17
OPTSTK,NTPC,25-May-17,130,CE,0,0,0,37.85,30.2,0,0,0,0,17-Apr-17
OPTSTK,NTPC,25-May-17,132.5,CE,0,0,0,35.5,27.75,0,0,0,0,17-Apr-17
OPTSTK,NTPC,25-May-17,135,CE,0,0,0,33.2,25.3,0,0,0,0,17-Apr-17
OPTSTK,NTPC,25-May-17,137.5,CE,0,0,0,30.9,22.9,0,0,0,0,17-Apr-17
OPTSTK,NTPC,25-May-17,140,CE,0,0,0,28.7,20.5,0,0,0,0,17-Apr-17
OPTSTK,NTPC,25-May-17,142.5,CE,0,0,0,26.55,18.2,0,0,0,0,17-Apr-17
OPTSTK,NTPC,25-May-17,145,CE,0,0,0,24.45,15.95,0,0,0,0,17-Apr-17
OPTSTK,NTPC,25-May-17,147.5,CE,0,0,0,22.45,13.8,0,0,0,0,17-Apr-17
OPTSTK,NTPC,25-May-17,150,CE,0,0,0,20.5,11.8,0,0,0,0,17-Apr-17
OPTSTK,NTPC,25-May-17,152.5,CE,0,0,0,18.65,9.95,0,0,0,0,17-Apr-17
OPTSTK,NTPC,25-May-17,155,CE,0,0,0,16.9,8.25,0,0,0,0,17-Apr-17
OPTSTK,NTPC,25-May-17,157.5,CE,0,0,0,15.25,6.75,0,0,0,0,17-Apr-17
OPTSTK,NTPC,25-May-17,160,CE,5.3,5.35,5,5,5,4,26.42,16000,16000,17-Apr-17
OPTSTK,NTPC,25-May-17,162.5,CE,0,0,0,12.25,4.25,0,0,0,0,17-Apr-17
OPTSTK,NTPC,25-May-17,165,CE,0,0,0,6.9,3.3,0,0,4000,0,17-Apr-17
OPTSTK,NTPC,25-May-17,167.5,CE,0,0,0,9.65,2.55,0,0,0,0,17-Apr-17
OPTSTK,NTPC,25-May-17,170,CE,2,2,1.5,1.6,1.6,10,68.74,36000,36000,17-Apr-17
OPTSTK,NTPC,25-May-17,172.5,CE,0,0,0,7.5,1.4,0,0,0,0,17-Apr-17
OPTSTK,NTPC,25-May-17,175,CE,1.55,1.55,1.15,1.15,1.15,5,35.26,12000,12000,17-Apr-17
OPTSTK,NTPC,25-May-17,177.5,CE,0,0,0,5.7,0.75,0,0,0,0,17-Apr-17
OPTSTK,NTPC,25-May-17,180,CE,0,0,0,4.95,0.5,0,0,0,0,17-Apr-17
OPTSTK,NTPC,25-May-17,182.5,CE,0,0,0,4.3,0.35,0,0,0,0,17-Apr-17
OPTSTK,NTPC,25-May-17,185,CE,0,0,0,3.7,0.25,0,0,0,0,17-Apr-17
OPTSTK,NTPC,25-May-17,187.5,CE,0,0,0,3.15,0.15,0,0,0,0,17-Apr-17
OPTSTK,NTPC,25-May-17,190,CE,0,0,0,2.7,0.1,0,0,0,0,17-Apr-17
OPTSTK,NTPC,25-May-17,192.5,CE,0,0,0,2.3,0.1,0,0,0,0,17-Apr-17
OPTSTK,NTPC,25-May-17,195,CE,0,0,0,1.95,0.05,0,0,0,0,17-Apr-17
OPTSTK,NTPC,25-May-17,197.5,CE,0,0,0,1.65,0.05,0,0,0,0,17-Apr-17
OPTSTK,NTPC,25-May-17,200,CE,0,0,0,1.4,0.05,0,0,0,0,17-Apr-17
OPTSTK,NTPC,25-May-17,202.5,CE,0,0,0,1.15,0.05,0,0,0,0,17-Apr-17
OPTSTK,NTPC,25-May-17,122.5,PE,0,0,0,0.1,0,0,0,0,0,17-Apr-17
OPTSTK,NTPC,25-May-17,125,PE,0,0,0,0.15,0,0,0,0,0,17-Apr-17
OPTSTK,NTPC,25-May-17,127.5,PE,0,0,0,0.2,0.05,0,0,0,0,17-Apr-17
OPTSTK,NTPC,25-May-17,130,PE,0,0,0,0.3,0.05,0,0,0,0,17-Apr-17
OPTSTK,NTPC,25-May-17,132.5,PE,0,0,0,0.4,0.05,0,0,0,0,17-Apr-17
OPTSTK,NTPC,25-May-17,135,PE,0,0,0,0.55,0.1,0,0,0,0,17-Apr-17
OPTSTK,NTPC,25-May-17,137.5,PE,0,0,0,0.75,0.15,0,0,0,0,17-Apr-17
OPTSTK,NTPC,25-May-17,140,PE,0,0,0,1,0.25,0,0,0,0,17-Apr-17
OPTSTK,NTPC,25-May-17,142.5,PE,0,0,0,1.3,0.45,0,0,0,0,17-Apr-17
OPTSTK,NTPC,25-May-17,145,PE,0,0,0,1.7,0.65,0,0,0,0,17-Apr-17
OPTSTK,NTPC,25-May-17,147.5,PE,0,0,0,2.15,1,0,0,0,0,17-Apr-17
OPTSTK,NTPC,25-May-17,150,PE,0.95,0.95,0.95,0.95,0.95,1,6.03,4000,4000,17-Apr-17
OPTSTK,NTPC,25-May-17,152.5,PE,0,0,0,3.25,2.1,0,0,0,0,17-Apr-17
OPTSTK,NTPC,25-May-17,155,PE,1.9,1.9,1.9,1.9,1.9,1,6.27,4000,4000,17-Apr-17
OPTSTK,NTPC,25-May-17,157.5,PE,3.25,3.25,3.25,3.25,3.25,1,6.43,4000,4000,17-Apr-17
OPTSTK,NTPC,25-May-17,160,PE,3.6,4.5,3.6,4.4,4.4,13,85.36,60000,48000,17-Apr-17
OPTSTK,NTPC,25-May-17,162.5,PE,0,0,0,6.7,6.35,0,0,0,0,17-Apr-17
OPTSTK,NTPC,25-May-17,165,PE,0,0,0,7.8,7.9,0,0,0,0,17-Apr-17
OPTSTK,NTPC,25-May-17,167.5,PE,0,0,0,9.05,9.6,0,0,0,0,17-Apr-17
OPTSTK,NTPC,25-May-17,170,PE,0,0,0,10.35,11.45,0,0,0,0,17-Apr-17
OPTSTK,NTPC,25-May-17,172.5,PE,0,0,0,11.8,13.45,0,0,0,0,17-Apr-17
OPTSTK,NTPC,25-May-17,175,PE,0,0,0,13.3,15.55,0,0,0,0,17-Apr-17
OPTSTK,NTPC,25-May-17,177.5,PE,0,0,0,14.95,17.75,0,0,0,0,17-Apr-17
OPTSTK,NTPC,25-May-17,180,PE,0,0,0,16.65,20,0,0,0,0,17-Apr-17
OPTSTK,NTPC,25-May-17,182.5,PE,0,0,0,18.4,22.35,0,0,0,0,17-Apr-17
OPTSTK,NTPC,25-May-17,185,PE,0,0,0,20.3,24.7,0,0,0,0,17-Apr-17
OPTSTK,NTPC,25-May-17,187.5,PE,0,0,0,22.2,27.1,0,0,0,0,17-Apr-17
OPTSTK,NTPC,25-May-17,190,PE,0,0,0,24.2,29.55,0,0,0,0,17-Apr-17
OPTSTK,NTPC,25-May-17,192.5,PE,0,0,0,26.3,32,0,0,0,0,17-Apr-17
OPTSTK,NTPC,25-May-17,195,PE,0,0,0,28.4,34.45,0,0,0,0,17-Apr-17
OPTSTK,NTPC,25-May-17,197.5,PE,0,0,0,30.55,36.9,0,0,0,0,17-Apr-17
OPTSTK,NTPC,25-May-17,200,PE,0,0,0,32.75,39.4,0,0,0,0,17-Apr-17
OPTSTK,NTPC,25-May-17,202.5,PE,0,0,0,35,41.85,0,0,0,0,17-Apr-17
OPTSTK,NTPC,29-Jun-17,122.5,CE,0,0,0,42.65,38.45,0,0,0,0,17-Apr-17
OPTSTK,NTPC,29-Jun-17,125,CE,0,0,0,40.2,36,0,0,0,0,17-Apr-17
OPTSTK,NTPC,29-Jun-17,127.5,CE,0,0,0,37.8,33.6,0,0,0,0,17-Apr-17
OPTSTK,NTPC,29-Jun-17,130,CE,0,0,0,35.35,31.2,0,0,0,0,17-Apr-17
OPTSTK,NTPC,29-Jun-17,132.5,CE,0,0,0,32.95,28.8,0,0,0,0,17-Apr-17
OPTSTK,NTPC,29-Jun-17,135,CE,0,0,0,30.6,26.45,0,0,0,0,17-Apr-17
OPTSTK,NTPC,29-Jun-17,137.5,CE,0,0,0,28.25,24.2,0,0,0,0,17-Apr-17
OPTSTK,NTPC,29-Jun-17,140,CE,0,0,0,25.95,21.95,0,0,0,0,17-Apr-17
OPTSTK,NTPC,29-Jun-17,142.5,CE,0,0,0,23.7,19.85,0,0,0,0,17-Apr-17
OPTSTK,NTPC,29-Jun-17,145,CE,0,0,0,21.55,17.8,0,0,0,0,17-Apr-17
OPTSTK,NTPC,29-Jun-17,147.5,CE,0,0,0,19.45,15.8,0,0,0,0,17-Apr-17
OPTSTK,NTPC,29-Jun-17,150,CE,0,0,0,17.45,14,0,0,0,0,17-Apr-17
OPTSTK,NTPC,29-Jun-17,152.5,CE,0,0,0,15.55,12.25,0,0,0,0,17-Apr-17
OPTSTK,NTPC,29-Jun-17,155,CE,0,0,0,13.75,10.65,0,0,0,0,17-Apr-17
OPTSTK,NTPC,29-Jun-17,157.5,CE,0,0,0,12.1,9.2,0,0,0,0,17-Apr-17
OPTSTK,NTPC,29-Jun-17,160,CE,0,0,0,10.55,7.9,0,0,0,0,17-Apr-17
OPTSTK,NTPC,29-Jun-17,162.5,CE,0,0,0,9.15,6.7,0,0,0,0,17-Apr-17
OPTSTK,NTPC,29-Jun-17,165,CE,0,0,0,7.85,5.65,0,0,0,0,17-Apr-17
OPTSTK,NTPC,29-Jun-17,167.5,CE,0,0,0,6.7,4.75,0,0,0,0,17-Apr-17
OPTSTK,NTPC,29-Jun-17,170,CE,0,0,0,5.7,3.9,0,0,0,0,17-Apr-17
OPTSTK,NTPC,29-Jun-17,172.5,CE,0,0,0,4.8,3.25,0,0,0,0,17-Apr-17
OPTSTK,NTPC,29-Jun-17,175,CE,0,0,0,4,2.65,0,0,0,0,17-Apr-17
OPTSTK,NTPC,29-Jun-17,177.5,CE,0,0,0,3.3,2.15,0,0,0,0,17-Apr-17
OPTSTK,NTPC,29-Jun-17,180,CE,0,0,0,2.75,1.7,0,0,0,0,17-Apr-17
OPTSTK,NTPC,29-Jun-17,182.5,CE,0,0,0,2.25,1.4,0,0,0,0,17-Apr-17
OPTSTK,NTPC,29-Jun-17,185,CE,0,0,0,1.8,1.1,0,0,0,0,17-Apr-17
OPTSTK,NTPC,29-Jun-17,187.5,CE,0,0,0,1.45,0.85,0,0,0,0,17-Apr-17
OPTSTK,NTPC,29-Jun-17,190,CE,0,0,0,1.15,0.7,0,0,0,0,17-Apr-17
OPTSTK,NTPC,29-Jun-17,192.5,CE,0,0,0,0.95,0.55,0,0,0,0,17-Apr-17
OPTSTK,NTPC,29-Jun-17,195,CE,0,0,0,0.75,0.4,0,0,0,0,17-Apr-17
OPTSTK,NTPC,29-Jun-17,197.5,CE,0,0,0,0.6,0.3,0,0,0,0,17-Apr-17
OPTSTK,NTPC,29-Jun-17,200,CE,0,0,0,0.45,0.25,0,0,0,0,17-Apr-17
OPTSTK,NTPC,29-Jun-17,202.5,CE,0,0,0,0.35,0.2,0,0,0,0,17-Apr-17
OPTSTK,NTPC,29-Jun-17,122.5,PE,0,0,0,0.05,0.05,0,0,0,0,17-Apr-17
OPTSTK,NTPC,29-Jun-17,125,PE,0,0,0,0.05,0.1,0,0,0,0,17-Apr-17
OPTSTK,NTPC,29-Jun-17,127.5,PE,0,0,0,0.1,0.15,0,0,0,0,17-Apr-17
OPTSTK,NTPC,29-Jun-17,130,PE,0,0,0,0.1,0.2,0,0,0,0,17-Apr-17
OPTSTK,NTPC,29-Jun-17,132.5,PE,0,0,0,0.2,0.3,0,0,0,0,17-Apr-17
OPTSTK,NTPC,29-Jun-17,135,PE,0,0,0,0.25,0.45,0,0,0,0,17-Apr-17
OPTSTK,NTPC,29-Jun-17,137.5,PE,0,0,0,0.4,0.6,0,0,0,0,17-Apr-17
OPTSTK,NTPC,29-Jun-17,140,PE,0,0,0,0.55,0.85,0,0,0,0,17-Apr-17
OPTSTK,NTPC,29-Jun-17,142.5,PE,0,0,0,0.75,1.2,0,0,0,0,17-Apr-17
OPTSTK,NTPC,29-Jun-17,145,PE,0,0,0,1.05,1.6,0,0,0,0,17-Apr-17
OPTSTK,NTPC,29-Jun-17,147.5,PE,0,0,0,1.45,2.1,0,0,0,0,17-Apr-17
OPTSTK,NTPC,29-Jun-17,150,PE,0,0,0,1.9,2.75,0,0,0,0,17-Apr-17
OPTSTK,NTPC,29-Jun-17,152.5,PE,0,0,0,2.45,3.5,0,0,0,0,17-Apr-17
OPTSTK,NTPC,29-Jun-17,155,PE,0,0,0,3.1,4.35,0,0,0,0,17-Apr-17
OPTSTK,NTPC,29-Jun-17,157.5,PE,0,0,0,3.9,5.4,0,0,0,0,17-Apr-17
OPTSTK,NTPC,29-Jun-17,160,PE,0,0,0,4.85,6.5,0,0,0,0,17-Apr-17
OPTSTK,NTPC,29-Jun-17,162.5,PE,0,0,0,5.85,7.8,0,0,0,0,17-Apr-17
OPTSTK,NTPC,29-Jun-17,165,PE,0,0,0,7.05,9.2,0,0,0,0,17-Apr-17
OPTSTK,NTPC,29-Jun-17,167.5,PE,0,0,0,8.35,10.75,0,0,0,0,17-Apr-17
OPTSTK,NTPC,29-Jun-17,170,PE,0,0,0,9.8,12.45,0,0,0,0,17-Apr-17
OPTSTK,NTPC,29-Jun-17,172.5,PE,0,0,0,11.35,14.2,0,0,0,0,17-Apr-17
OPTSTK,NTPC,29-Jun-17,175,PE,0,0,0,13,16.1,0,0,0,0,17-Apr-17
OPTSTK,NTPC,29-Jun-17,177.5,PE,0,0,0,14.8,18.05,0,0,0,0,17-Apr-17
OPTSTK,NTPC,29-Jun-17,180,PE,0,0,0,16.65,20.1,0,0,0,0,17-Apr-17
OPTSTK,NTPC,29-Jun-17,182.5,PE,0,0,0,18.6,22.2,0,0,0,0,17-Apr-17
OPTSTK,NTPC,29-Jun-17,185,PE,0,0,0,20.65,24.4,0,0,0,0,17-Apr-17
OPTSTK,NTPC,29-Jun-17,187.5,PE,0,0,0,22.75,26.65,0,0,0,0,17-Apr-17
OPTSTK,NTPC,29-Jun-17,190,PE,0,0,0,24.95,28.9,0,0,0,0,17-Apr-17
OPTSTK,NTPC,29-Jun-17,192.5,PE,0,0,0,27.15,31.25,0,0,0,0,17-Apr-17
OPTSTK,NTPC,29-Jun-17,195,PE,0,0,0,29.45,33.6,0,0,0,0,17-Apr-17
OPTSTK,NTPC,29-Jun-17,197.5,PE,0,0,0,31.75,35.95,0,0,0,0,17-Apr-17
OPTSTK,NTPC,29-Jun-17,200,PE,0,0,0,34.05,38.35,0,0,0,0,17-Apr-17
OPTSTK,NTPC,29-Jun-17,202.5,PE,0,0,0,36.4,40.8,0,0,0,0,17-Apr-17
OPTSTK,OFSS,27-Apr-17,2350,CE,0,0,0,1037.95,1389.75,0,0,0,0,17-Apr-17
OPTSTK,OFSS,27-Apr-17,2400,CE,0,0,0,988.8,1339.85,0,0,0,0,17-Apr-17
OPTSTK,OFSS,27-Apr-17,2450,CE,0,0,0,939.7,1289.95,0,0,0,0,17-Apr-17
OPTSTK,OFSS,27-Apr-17,2500,CE,0,0,0,890.6,1240,0,0,0,0,17-Apr-17
OPTSTK,OFSS,27-Apr-17,2550,CE,0,0,0,841.55,1190.1,0,0,0,0,17-Apr-17
OPTSTK,OFSS,27-Apr-17,2600,CE,0,0,0,792.65,1140.2,0,0,0,0,17-Apr-17
OPTSTK,OFSS,27-Apr-17,2650,CE,0,0,0,743.9,1090.3,0,0,0,0,17-Apr-17
OPTSTK,OFSS,27-Apr-17,2700,CE,0,0,0,695.4,1040.35,0,0,0,0,17-Apr-17
OPTSTK,OFSS,27-Apr-17,2750,CE,0,0,0,647.25,990.45,0,0,0,0,17-Apr-17
OPTSTK,OFSS,27-Apr-17,2800,CE,0,0,0,599.65,940.55,0,0,0,0,17-Apr-17
OPTSTK,OFSS,27-Apr-17,2850,CE,0,0,0,552.7,890.65,0,0,0,0,17-Apr-17
OPTSTK,OFSS,27-Apr-17,2900,CE,0,0,0,506.6,840.7,0,0,0,0,17-Apr-17
OPTSTK,OFSS,27-Apr-17,2950,CE,0,0,0,461.65,790.8,0,0,0,0,17-Apr-17
OPTSTK,OFSS,27-Apr-17,3000,CE,0,0,0,418.05,740.9,0,0,0,0,17-Apr-17
OPTSTK,OFSS,27-Apr-17,3050,CE,0,0,0,376.05,691,0,0,0,0,17-Apr-17
OPTSTK,OFSS,27-Apr-17,3100,CE,0,0,0,335.9,641.05,0,0,0,0,17-Apr-17
OPTSTK,OFSS,27-Apr-17,3150,CE,0,0,0,297.85,591.15,0,0,0,0,17-Apr-17
OPTSTK,OFSS,27-Apr-17,3200,CE,0,0,0,262.1,541.25,0,0,0,0,17-Apr-17
OPTSTK,OFSS,27-Apr-17,3250,CE,0,0,0,228.85,491.35,0,0,0,0,17-Apr-17
OPTSTK,OFSS,27-Apr-17,3300,CE,0,0,0,198.25,441.45,0,0,0,0,17-Apr-17
OPTSTK,OFSS,27-Apr-17,3350,CE,0,0,0,170.35,391.6,0,0,0,0,17-Apr-17
OPTSTK,OFSS,27-Apr-17,3400,CE,0,0,0,145.15,341.9,0,0,0,0,17-Apr-17
OPTSTK,OFSS,27-Apr-17,3450,CE,0,0,0,122.65,292.65,0,0,0,0,17-Apr-17
OPTSTK,OFSS,27-Apr-17,3500,CE,0,0,0,102.8,244.3,0,0,0,0,17-Apr-17
OPTSTK,OFSS,27-Apr-17,3550,CE,0,0,0,85.4,197.75,0,0,0,0,17-Apr-17
OPTSTK,OFSS,27-Apr-17,3600,CE,0,0,0,70.4,154.2,0,0,0,0,17-Apr-17
OPTSTK,OFSS,27-Apr-17,3650,CE,0,0,0,57.7,115,0,0,0,0,17-Apr-17
OPTSTK,OFSS,27-Apr-17,3700,CE,0,0,0,46.7,81.5,0,0,0,0,17-Apr-17
OPTSTK,OFSS,27-Apr-17,3750,CE,0,0,0,37.55,54.6,0,0,0,0,17-Apr-17
OPTSTK,OFSS,27-Apr-17,3800,CE,0,0,0,45,34.4,0,0,450,0,17-Apr-17
OPTSTK,OFSS,27-Apr-17,3850,CE,0,0,0,23.7,20.35,0,0,0,0,17-Apr-17
OPTSTK,OFSS,27-Apr-17,3900,CE,0,0,0,30,11.25,0,0,300,0,17-Apr-17
OPTSTK,OFSS,27-Apr-17,3950,CE,0,0,0,14.5,5.8,0,0,0,0,17-Apr-17
OPTSTK,OFSS,27-Apr-17,4000,CE,0,0,0,4.5,2.8,0,0,150,0,17-Apr-17
OPTSTK,OFSS,27-Apr-17,4050,CE,0,0,0,8.65,1.25,0,0,0,0,17-Apr-17
OPTSTK,OFSS,27-Apr-17,4100,CE,0,0,0,15.35,0.55,0,0,150,0,17-Apr-17
OPTSTK,OFSS,27-Apr-17,4150,CE,0,0,0,5,0.2,0,0,0,0,17-Apr-17
OPTSTK,OFSS,27-Apr-17,4200,CE,0,0,0,3.75,0.1,0,0,0,0,17-Apr-17
OPTSTK,OFSS,27-Apr-17,4250,CE,0,0,0,2.8,0.05,0,0,0,0,17-Apr-17
OPTSTK,OFSS,27-Apr-17,4300,CE,0,0,0,8,0.05,0,0,150,0,17-Apr-17
OPTSTK,OFSS,27-Apr-17,4350,CE,0,0,0,1.55,0,0,0,0,0,17-Apr-17
OPTSTK,OFSS,27-Apr-17,4400,CE,0,0,0,32.5,0,0,0,0,0,17-Apr-17
OPTSTK,OFSS,27-Apr-17,4450,CE,0,0,0,28.3,0,0,0,0,0,17-Apr-17
OPTSTK,OFSS,27-Apr-17,2350,PE,0,0,0,0.05,0,0,0,0,0,17-Apr-17
OPTSTK,OFSS,27-Apr-17,2400,PE,0,0,0,0.05,0,0,0,0,0,17-Apr-17
OPTSTK,OFSS,27-Apr-17,2450,PE,0,0,0,0.1,0,0,0,0,0,17-Apr-17
OPTSTK,OFSS,27-Apr-17,2500,PE,0,0,0,0.2,0,0,0,0,0,17-Apr-17
OPTSTK,OFSS,27-Apr-17,2550,PE,0,0,0,0.35,0,0,0,0,0,17-Apr-17
OPTSTK,OFSS,27-Apr-17,2600,PE,0,0,0,0.6,0,0,0,0,0,17-Apr-17
OPTSTK,OFSS,27-Apr-17,2650,PE,0,0,0,1.05,0,0,0,0,0,17-Apr-17
OPTSTK,OFSS,27-Apr-17,2700,PE,0,0,0,1.7,0,0,0,0,0,17-Apr-17
OPTSTK,OFSS,27-Apr-17,2750,PE,0,0,0,2.75,0,0,0,0,0,17-Apr-17
OPTSTK,OFSS,27-Apr-17,2800,PE,0,0,0,4.3,0,0,0,0,0,17-Apr-17
OPTSTK,OFSS,27-Apr-17,2850,PE,0,0,0,6.55,0,0,0,0,0,17-Apr-17
OPTSTK,OFSS,27-Apr-17,2900,PE,0,0,0,9.65,0,0,0,0,0,17-Apr-17
OPTSTK,OFSS,27-Apr-17,2950,PE,0,0,0,13.85,0,0,0,0,0,17-Apr-17
OPTSTK,OFSS,27-Apr-17,3000,PE,0,0,0,19.45,0,0,0,0,0,17-Apr-17
OPTSTK,OFSS,27-Apr-17,3050,PE,0,0,0,26.6,0,0,0,0,0,17-Apr-17
OPTSTK,OFSS,27-Apr-17,3100,PE,0,0,0,35.65,0,0,0,0,0,17-Apr-17
OPTSTK,OFSS,27-Apr-17,3150,PE,0,0,0,46.8,0,0,0,0,0,17-Apr-17
OPTSTK,OFSS,27-Apr-17,3200,PE,0,0,0,60.2,0,0,0,0,0,17-Apr-17
OPTSTK,OFSS,27-Apr-17,3250,PE,0,0,0,76.15,0.05,0,0,0,0,17-Apr-17
OPTSTK,OFSS,27-Apr-17,3300,PE,0,0,0,94.7,0.05,0,0,0,0,17-Apr-17
OPTSTK,OFSS,27-Apr-17,3350,PE,0,0,0,116,0.1,0,0,0,0,17-Apr-17
OPTSTK,OFSS,27-Apr-17,3400,PE,0,0,0,140,0.35,0,0,0,0,17-Apr-17
OPTSTK,OFSS,27-Apr-17,3450,PE,0,0,0,166.65,1,0,0,0,0,17-Apr-17
OPTSTK,OFSS,27-Apr-17,3500,PE,0,0,0,196,2.55,0,0,0,0,17-Apr-17
OPTSTK,OFSS,27-Apr-17,3550,PE,0,0,0,227.8,5.9,0,0,0,0,17-Apr-17
OPTSTK,OFSS,27-Apr-17,3600,PE,0,0,0,261.95,12.25,0,0,0,0,17-Apr-17
OPTSTK,OFSS,27-Apr-17,3650,PE,0,0,0,298.4,22.95,0,0,0,0,17-Apr-17
OPTSTK,OFSS,27-Apr-17,3700,PE,0,0,0,336.6,39.45,0,0,0,0,17-Apr-17
OPTSTK,OFSS,27-Apr-17,3750,PE,0,0,0,376.65,62.45,0,0,0,0,17-Apr-17
OPTSTK,OFSS,27-Apr-17,3800,PE,0,0,0,418.25,92.15,0,0,0,0,17-Apr-17
OPTSTK,OFSS,27-Apr-17,3850,PE,0,0,0,461.15,128,0,0,0,0,17-Apr-17
OPTSTK,OFSS,27-Apr-17,3900,PE,0,0,0,505.25,168.8,0,0,0,0,17-Apr-17
OPTSTK,OFSS,27-Apr-17,3950,PE,0,0,0,550.3,213.25,0,0,0,0,17-Apr-17
OPTSTK,OFSS,27-Apr-17,4000,PE,0,0,0,596.2,260.15,0,0,0,0,17-Apr-17
OPTSTK,OFSS,27-Apr-17,4050,PE,0,0,0,642.8,308.55,0,0,0,0,17-Apr-17
OPTSTK,OFSS,27-Apr-17,4100,PE,0,0,0,689.9,357.75,0,0,0,0,17-Apr-17
OPTSTK,OFSS,27-Apr-17,4150,PE,0,0,0,737.5,407.35,0,0,0,0,17-Apr-17
OPTSTK,OFSS,27-Apr-17,4200,PE,0,0,0,785.45,457.15,0,0,0,0,17-Apr-17
OPTSTK,OFSS,27-Apr-17,4250,PE,0,0,0,833.65,507,0,0,0,0,17-Apr-17
OPTSTK,OFSS,27-Apr-17,4300,PE,0,0,0,882.15,556.9,0,0,0,0,17-Apr-17
OPTSTK,OFSS,27-Apr-17,4350,PE,0,0,0,930.75,606.8,0,0,0,0,17-Apr-17
OPTSTK,OFSS,27-Apr-17,4400,PE,0,0,0,843.25,656.7,0,0,0,0,17-Apr-17
OPTSTK,OFSS,27-Apr-17,4450,PE,0,0,0,888.3,706.6,0,0,0,0,17-Apr-17
OPTSTK,OFSS,25-May-17,2700,CE,0,0,0,1046.95,1053.9,0,0,0,0,17-Apr-17
OPTSTK,OFSS,25-May-17,2750,CE,0,0,0,998.65,1004.2,0,0,0,0,17-Apr-17
OPTSTK,OFSS,25-May-17,2800,CE,0,0,0,950.7,954.55,0,0,0,0,17-Apr-17
OPTSTK,OFSS,25-May-17,2850,CE,0,0,0,903.1,904.9,0,0,0,0,17-Apr-17
OPTSTK,OFSS,25-May-17,2900,CE,0,0,0,856,855.25,0,0,0,0,17-Apr-17
OPTSTK,OFSS,25-May-17,2950,CE,0,0,0,809.45,805.6,0,0,0,0,17-Apr-17
OPTSTK,OFSS,25-May-17,3000,CE,0,0,0,763.55,756,0,0,0,0,17-Apr-17
OPTSTK,OFSS,25-May-17,3050,CE,0,0,0,718.45,706.5,0,0,0,0,17-Apr-17
OPTSTK,OFSS,25-May-17,3100,CE,0,0,0,674.25,657.05,0,0,0,0,17-Apr-17
OPTSTK,OFSS,25-May-17,3150,CE,0,0,0,631.05,607.8,0,0,0,0,17-Apr-17
OPTSTK,OFSS,25-May-17,3200,CE,0,0,0,588.95,558.9,0,0,0,0,17-Apr-17
OPTSTK,OFSS,25-May-17,3250,CE,0,0,0,548.1,510.45,0,0,0,0,17-Apr-17
OPTSTK,OFSS,25-May-17,3300,CE,0,0,0,508.6,462.7,0,0,0,0,17-Apr-17
OPTSTK,OFSS,25-May-17,3350,CE,0,0,0,470.55,415.9,0,0,0,0,17-Apr-17
OPTSTK,OFSS,25-May-17,3400,CE,0,0,0,434.1,370.45,0,0,0,0,17-Apr-17
OPTSTK,OFSS,25-May-17,3450,CE,0,0,0,398.95,326.6,0,0,0,0,17-Apr-17
OPTSTK,OFSS,25-May-17,3500,CE,0,0,0,365.7,284.9,0,0,0,0,17-Apr-17
OPTSTK,OFSS,25-May-17,3550,CE,0,0,0,334.2,245.6,0,0,0,0,17-Apr-17
OPTSTK,OFSS,25-May-17,3600,CE,0,0,0,304.45,209.1,0,0,0,0,17-Apr-17
OPTSTK,OFSS,25-May-17,3650,CE,0,0,0,276.45,175.75,0,0,0,0,17-Apr-17
OPTSTK,OFSS,25-May-17,3700,CE,0,0,0,250.25,145.75,0,0,0,0,17-Apr-17
OPTSTK,OFSS,25-May-17,3750,CE,0,0,0,225.85,119.15,0,0,0,0,17-Apr-17
OPTSTK,OFSS,25-May-17,3800,CE,0,0,0,203.15,96.05,0,0,0,0,17-Apr-17
OPTSTK,OFSS,25-May-17,3850,CE,0,0,0,182.2,76.25,0,0,0,0,17-Apr-17
OPTSTK,OFSS,25-May-17,3900,CE,0,0,0,162.9,59.7,0,0,0,0,17-Apr-17
OPTSTK,OFSS,25-May-17,3950,CE,0,0,0,145.2,46.15,0,0,0,0,17-Apr-17
OPTSTK,OFSS,25-May-17,4000,CE,51,51,51,51,51,1,6.07,150,150,17-Apr-17
OPTSTK,OFSS,25-May-17,4050,CE,0,0,0,114.35,26.2,0,0,0,0,17-Apr-17
OPTSTK,OFSS,25-May-17,4100,CE,0,0,0,101,19.3,0,0,0,0,17-Apr-17
OPTSTK,OFSS,25-May-17,4150,CE,0,0,0,89.2,14,0,0,0,0,17-Apr-17
OPTSTK,OFSS,25-May-17,4200,CE,0,0,0,78.25,10.05,0,0,0,0,17-Apr-17
OPTSTK,OFSS,25-May-17,4250,CE,0,0,0,68.55,7.1,0,0,0,0,17-Apr-17
OPTSTK,OFSS,25-May-17,4300,CE,0,0,0,59.9,4.9,0,0,0,0,17-Apr-17
OPTSTK,OFSS,25-May-17,4350,CE,0,0,0,52.2,3.35,0,0,0,0,17-Apr-17
OPTSTK,OFSS,25-May-17,4400,CE,0,0,0,45.4,2.3,0,0,0,0,17-Apr-17
OPTSTK,OFSS,25-May-17,4450,CE,0,0,0,39.35,1.55,0,0,0,0,17-Apr-17
OPTSTK,OFSS,25-May-17,2700,PE,0,0,0,2.2,0,0,0,0,0,17-Apr-17
OPTSTK,OFSS,25-May-17,2750,PE,0,0,0,3.1,0,0,0,0,0,17-Apr-17
OPTSTK,OFSS,25-May-17,2800,PE,0,0,0,4.35,0,0,0,0,0,17-Apr-17
OPTSTK,OFSS,25-May-17,2850,PE,0,0,0,6,0.05,0,0,0,0,17-Apr-17
OPTSTK,OFSS,25-May-17,2900,PE,0,0,0,8.1,0.05,0,0,0,0,17-Apr-17
OPTSTK,OFSS,25-May-17,2950,PE,0,0,0,10.75,0.05,0,0,0,0,17-Apr-17
OPTSTK,OFSS,25-May-17,3000,PE,0,0,0,14.1,0.15,0,0,0,0,17-Apr-17
OPTSTK,OFSS,25-May-17,3050,PE,0,0,0,18.2,0.25,0,0,0,0,17-Apr-17
OPTSTK,OFSS,25-May-17,3100,PE,0,0,0,23.2,0.5,0,0,0,0,17-Apr-17
OPTSTK,OFSS,25-May-17,3150,PE,0,0,0,29.2,0.9,0,0,0,0,17-Apr-17
OPTSTK,OFSS,25-May-17,3200,PE,0,0,0,36.35,1.65,0,0,0,0,17-Apr-17
OPTSTK,OFSS,25-May-17,3250,PE,0,0,0,44.7,2.85,0,0,0,0,17-Apr-17
OPTSTK,OFSS,25-May-17,3300,PE,0,0,0,54.4,4.8,0,0,0,0,17-Apr-17
OPTSTK,OFSS,25-May-17,3350,PE,0,0,0,65.55,7.65,0,0,0,0,17-Apr-17
OPTSTK,OFSS,25-May-17,3400,PE,0,0,0,78.35,11.85,0,0,0,0,17-Apr-17
OPTSTK,OFSS,25-May-17,3450,PE,0,0,0,92.45,17.7,0,0,0,0,17-Apr-17
OPTSTK,OFSS,25-May-17,3500,PE,0,0,0,108.4,25.65,0,0,0,0,17-Apr-17
OPTSTK,OFSS,25-May-17,3550,PE,0,0,0,126.1,36,0,0,0,0,17-Apr-17
OPTSTK,OFSS,25-May-17,3600,PE,0,0,0,145.55,49.15,0,0,0,0,17-Apr-17
OPTSTK,OFSS,25-May-17,3650,PE,0,0,0,166.8,65.5,0,0,0,0,17-Apr-17
OPTSTK,OFSS,25-May-17,3700,PE,0,0,0,189.8,85.15,0,0,0,0,17-Apr-17
OPTSTK,OFSS,25-May-17,3750,PE,0,0,0,214.6,108.2,0,0,0,0,17-Apr-17
OPTSTK,OFSS,25-May-17,3800,PE,0,0,0,241.15,134.75,0,0,0,0,17-Apr-17
OPTSTK,OFSS,25-May-17,3850,PE,0,0,0,269.4,164.65,0,0,0,0,17-Apr-17
OPTSTK,OFSS,25-May-17,3900,PE,0,0,0,299.3,197.75,0,0,0,0,17-Apr-17
OPTSTK,OFSS,25-May-17,3950,PE,0,0,0,330.8,233.9,0,0,0,0,17-Apr-17
OPTSTK,OFSS,25-May-17,4000,PE,0,0,0,363.85,272.35,0,0,0,0,17-Apr-17
OPTSTK,OFSS,25-May-17,4050,PE,0,0,0,398.4,313.2,0,0,0,0,17-Apr-17
OPTSTK,OFSS,25-May-17,4100,PE,0,0,0,434.25,356,0,0,0,0,17-Apr-17
OPTSTK,OFSS,25-May-17,4150,PE,0,0,0,471.65,400.4,0,0,0,0,17-Apr-17
OPTSTK,OFSS,25-May-17,4200,PE,0,0,0,509.95,446.05,0,0,0,0,17-Apr-17
OPTSTK,OFSS,25-May-17,4250,PE,0,0,0,549.5,492.75,0,0,0,0,17-Apr-17
OPTSTK,OFSS,25-May-17,4300,PE,0,0,0,590.05,540.25,0,0,0,0,17-Apr-17
OPTSTK,OFSS,25-May-17,4350,PE,0,0,0,631.55,588.4,0,0,0,0,17-Apr-17
OPTSTK,OFSS,25-May-17,4400,PE,0,0,0,673.95,636.95,0,0,0,0,17-Apr-17
OPTSTK,OFSS,25-May-17,4450,PE,0,0,0,717.1,685.85,0,0,0,0,17-Apr-17
OPTSTK,OFSS,29-Jun-17,2800,CE,0,0,0,1028.9,972.05,0,0,0,0,17-Apr-17
OPTSTK,OFSS,29-Jun-17,2850,CE,0,0,0,979.95,922.85,0,0,0,0,17-Apr-17
OPTSTK,OFSS,29-Jun-17,2900,CE,0,0,0,931.15,873.8,0,0,0,0,17-Apr-17
OPTSTK,OFSS,29-Jun-17,2950,CE,0,0,0,882.55,824.85,0,0,0,0,17-Apr-17
OPTSTK,OFSS,29-Jun-17,3000,CE,0,0,0,834.15,776.15,0,0,0,0,17-Apr-17
OPTSTK,OFSS,29-Jun-17,3050,CE,0,0,0,786.15,727.8,0,0,0,0,17-Apr-17
OPTSTK,OFSS,29-Jun-17,3100,CE,0,0,0,738.55,679.85,0,0,0,0,17-Apr-17
OPTSTK,OFSS,29-Jun-17,3150,CE,0,0,0,691.5,632.45,0,0,0,0,17-Apr-17
OPTSTK,OFSS,29-Jun-17,3200,CE,0,0,0,645.1,585.75,0,0,0,0,17-Apr-17
OPTSTK,OFSS,29-Jun-17,3250,CE,0,0,0,599.6,540,0,0,0,0,17-Apr-17
OPTSTK,OFSS,29-Jun-17,3300,CE,0,0,0,555.05,495.35,0,0,0,0,17-Apr-17
OPTSTK,OFSS,29-Jun-17,3350,CE,0,0,0,511.7,451.95,0,0,0,0,17-Apr-17
OPTSTK,OFSS,29-Jun-17,3400,CE,0,0,0,469.65,410.1,0,0,0,0,17-Apr-17
OPTSTK,OFSS,29-Jun-17,3450,CE,0,0,0,429.15,370,0,0,0,0,17-Apr-17
OPTSTK,OFSS,29-Jun-17,3500,CE,0,0,0,390.25,331.75,0,0,0,0,17-Apr-17
OPTSTK,OFSS,29-Jun-17,3550,CE,0,0,0,353.3,295.55,0,0,0,0,17-Apr-17
OPTSTK,OFSS,29-Jun-17,3600,CE,0,0,0,318,261.7,0,0,0,0,17-Apr-17
OPTSTK,OFSS,29-Jun-17,3650,CE,0,0,0,284.9,230.2,0,0,0,0,17-Apr-17
OPTSTK,OFSS,29-Jun-17,3700,CE,0,0,0,253.95,201.15,0,0,0,0,17-Apr-17
OPTSTK,OFSS,29-Jun-17,3750,CE,0,0,0,225.2,174.55,0,0,0,0,17-Apr-17
OPTSTK,OFSS,29-Jun-17,3800,CE,0,0,0,198.65,150.45,0,0,0,0,17-Apr-17
OPTSTK,OFSS,29-Jun-17,3850,CE,0,0,0,174.3,128.75,0,0,0,0,17-Apr-17
OPTSTK,OFSS,29-Jun-17,3900,CE,0,0,0,152.1,109.45,0,0,0,0,17-Apr-17
OPTSTK,OFSS,29-Jun-17,3950,CE,0,0,0,132.05,92.4,0,0,0,0,17-Apr-17
OPTSTK,OFSS,29-Jun-17,4000,CE,0,0,0,114,77.45,0,0,0,0,17-Apr-17
OPTSTK,OFSS,29-Jun-17,4050,CE,0,0,0,97.95,64.65,0,0,0,0,17-Apr-17
OPTSTK,OFSS,29-Jun-17,4100,CE,0,0,0,83.7,53.4,0,0,0,0,17-Apr-17
OPTSTK,OFSS,29-Jun-17,4150,CE,0,0,0,71.3,43.9,0,0,0,0,17-Apr-17
OPTSTK,OFSS,29-Jun-17,4200,CE,0,0,0,60.25,35.8,0,0,0,0,17-Apr-17
OPTSTK,OFSS,29-Jun-17,4250,CE,0,0,0,50.7,29.05,0,0,0,0,17-Apr-17
OPTSTK,OFSS,29-Jun-17,4300,CE,0,0,0,42.45,23.4,0,0,0,0,17-Apr-17
OPTSTK,OFSS,29-Jun-17,4350,CE,0,0,0,35.35,18.7,0,0,0,0,17-Apr-17
OPTSTK,OFSS,29-Jun-17,4400,CE,0,0,0,29.35,14.9,0,0,0,0,17-Apr-17
OPTSTK,OFSS,29-Jun-17,4450,CE,0,0,0,24.2,11.75,0,0,0,0,17-Apr-17
OPTSTK,OFSS,29-Jun-17,2800,PE,0,0,0,0.4,0.25,0,0,0,0,17-Apr-17
OPTSTK,OFSS,29-Jun-17,2850,PE,0,0,0,0.65,0.4,0,0,0,0,17-Apr-17
OPTSTK,OFSS,29-Jun-17,2900,PE,0,0,0,1,0.7,0,0,0,0,17-Apr-17
OPTSTK,OFSS,29-Jun-17,2950,PE,0,0,0,1.6,1.1,0,0,0,0,17-Apr-17
OPTSTK,OFSS,29-Jun-17,3000,PE,0,0,0,2.4,1.75,0,0,0,0,17-Apr-17
OPTSTK,OFSS,29-Jun-17,3050,PE,0,0,0,3.55,2.75,0,0,0,0,17-Apr-17
OPTSTK,OFSS,29-Jun-17,3100,PE,0,0,0,5.1,4.15,0,0,0,0,17-Apr-17
OPTSTK,OFSS,29-Jun-17,3150,PE,0,0,0,7.25,6.1,0,0,0,0,17-Apr-17
OPTSTK,OFSS,29-Jun-17,3200,PE,0,0,0,10.05,8.8,0,0,0,0,17-Apr-17
OPTSTK,OFSS,29-Jun-17,3250,PE,0,0,0,13.7,12.4,0,0,0,0,17-Apr-17
OPTSTK,OFSS,29-Jun-17,3300,PE,0,0,0,18.35,17.05,0,0,0,0,17-Apr-17
OPTSTK,OFSS,29-Jun-17,3350,PE,0,0,0,24.15,23.05,0,0,0,0,17-Apr-17
OPTSTK,OFSS,29-Jun-17,3400,PE,0,0,0,31.3,30.55,0,0,0,0,17-Apr-17
OPTSTK,OFSS,29-Jun-17,3450,PE,0,0,0,39.95,39.75,0,0,0,0,17-Apr-17
OPTSTK,OFSS,29-Jun-17,3500,PE,0,0,0,50.25,50.9,0,0,0,0,17-Apr-17
OPTSTK,OFSS,29-Jun-17,3550,PE,0,0,0,62.45,64.05,0,0,0,0,17-Apr-17
OPTSTK,OFSS,29-Jun-17,3600,PE,0,0,0,76.3,79.55,0,0,0,0,17-Apr-17
OPTSTK,OFSS,29-Jun-17,3650,PE,0,0,0,92.4,97.4,0,0,0,0,17-Apr-17
OPTSTK,OFSS,29-Jun-17,3700,PE,0,0,0,110.65,117.7,0,0,0,0,17-Apr-17
OPTSTK,OFSS,29-Jun-17,3750,PE,0,0,0,131.05,140.5,0,0,0,0,17-Apr-17
OPTSTK,OFSS,29-Jun-17,3800,PE,0,0,0,153.7,165.7,0,0,0,0,17-Apr-17
OPTSTK,OFSS,29-Jun-17,3850,PE,0,0,0,178.5,193.4,0,0,0,0,17-Apr-17
OPTSTK,OFSS,29-Jun-17,3900,PE,0,0,0,205.5,223.45,0,0,0,0,17-Apr-17
OPTSTK,OFSS,29-Jun-17,3950,PE,0,0,0,234.6,255.75,0,0,0,0,17-Apr-17
OPTSTK,OFSS,29-Jun-17,4000,PE,0,0,0,265.75,290.15,0,0,0,0,17-Apr-17
OPTSTK,OFSS,29-Jun-17,4050,PE,0,0,0,298.85,326.7,0,0,0,0,17-Apr-17
OPTSTK,OFSS,29-Jun-17,4100,PE,0,0,0,333.75,364.8,0,0,0,0,17-Apr-17
OPTSTK,OFSS,29-Jun-17,4150,PE,0,0,0,370.6,404.65,0,0,0,0,17-Apr-17
OPTSTK,OFSS,29-Jun-17,4200,PE,0,0,0,408.65,445.9,0,0,0,0,17-Apr-17
OPTSTK,OFSS,29-Jun-17,4250,PE,0,0,0,448.3,488.5,0,0,0,0,17-Apr-17
OPTSTK,OFSS,29-Jun-17,4300,PE,0,0,0,489.25,532.2,0,0,0,0,17-Apr-17
OPTSTK,OFSS,29-Jun-17,4350,PE,0,0,0,531.35,576.9,0,0,0,0,17-Apr-17
OPTSTK,OFSS,29-Jun-17,4400,PE,0,0,0,574.45,622.4,0,0,0,0,17-Apr-17
OPTSTK,OFSS,29-Jun-17,4450,PE,0,0,0,618.5,668.65,0,0,0,0,17-Apr-17
OPTSTK,OIL,27-Apr-17,220,CE,0,0,0,121.35,112.95,0,0,0,0,17-Apr-17
OPTSTK,OIL,27-Apr-17,230,CE,0,0,0,111.5,102.95,0,0,0,0,17-Apr-17
OPTSTK,OIL,27-Apr-17,235,CE,0,0,0,94.9,98,0,0,0,0,17-Apr-17
OPTSTK,OIL,27-Apr-17,240,CE,0,0,0,101.75,93,0,0,0,0,17-Apr-17
OPTSTK,OIL,27-Apr-17,245,CE,0,0,0,84.95,88,0,0,0,0,17-Apr-17
OPTSTK,OIL,27-Apr-17,250,CE,0,0,0,92,83,0,0,0,0,17-Apr-17
OPTSTK,OIL,27-Apr-17,255,CE,0,0,0,75,78,0,0,0,0,17-Apr-17
OPTSTK,OIL,27-Apr-17,260,CE,0,0,0,82.35,73,0,0,0,0,17-Apr-17
OPTSTK,OIL,27-Apr-17,265,CE,0,0,0,65.05,68.05,0,0,0,0,17-Apr-17
OPTSTK,OIL,27-Apr-17,270,CE,0,0,0,72.9,63.05,0,0,0,0,17-Apr-17
OPTSTK,OIL,27-Apr-17,275,CE,0,0,0,55.1,58.05,0,0,0,0,17-Apr-17
OPTSTK,OIL,27-Apr-17,280,CE,0,0,0,63.75,53.05,0,0,0,0,17-Apr-17
OPTSTK,OIL,27-Apr-17,285,CE,0,0,0,45.2,48.05,0,0,0,0,17-Apr-17
OPTSTK,OIL,27-Apr-17,290,CE,0,0,0,54.95,43.05,0,0,0,0,17-Apr-17
OPTSTK,OIL,27-Apr-17,295,CE,0,0,0,35.4,38.1,0,0,0,0,17-Apr-17
OPTSTK,OIL,27-Apr-17,300,CE,0,0,0,46.65,33.1,0,0,0,0,17-Apr-17
OPTSTK,OIL,27-Apr-17,305,CE,0,0,0,29.1,28.1,0,0,0,0,17-Apr-17
OPTSTK,OIL,27-Apr-17,310,CE,0,0,0,39,23.15,0,0,0,0,17-Apr-17
OPTSTK,OIL,27-Apr-17,315,CE,0,0,0,17.7,18.3,0,0,0,0,17-Apr-17
OPTSTK,OIL,27-Apr-17,320,CE,0,0,0,15,13.65,0,0,2266,0,17-Apr-17
OPTSTK,OIL,27-Apr-17,325,CE,0,0,0,10.9,9.45,0,0,0,0,17-Apr-17
OPTSTK,OIL,27-Apr-17,330,CE,0,0,0,7.25,5.95,0,0,86108,0,17-Apr-17
OPTSTK,OIL,27-Apr-17,335,CE,0,0,0,4,3.35,0,0,9064,0,17-Apr-17
OPTSTK,OIL,27-Apr-17,340,CE,2.8,2.8,1.9,1.9,1.9,5,38.77,274186,0,17-Apr-17
OPTSTK,OIL,27-Apr-17,345,CE,0,0,0,0.9,0.75,0,0,6798,0,17-Apr-17
OPTSTK,OIL,27-Apr-17,350,CE,0.6,0.6,0.6,0.6,0.6,1,7.94,67980,0,17-Apr-17
OPTSTK,OIL,27-Apr-17,355,CE,0,0,0,1.25,0.1,0,0,0,0,17-Apr-17
OPTSTK,OIL,27-Apr-17,360,CE,0,0,0,0.25,0.05,0,0,9064,0,17-Apr-17
OPTSTK,OIL,27-Apr-17,365,CE,0,0,0,0.45,0.05,0,0,0,0,17-Apr-17
OPTSTK,OIL,27-Apr-17,370,CE,0,0,0,9.3,0,0,0,0,0,17-Apr-17
OPTSTK,OIL,27-Apr-17,375,CE,0,0,0,0.15,0,0,0,0,0,17-Apr-17
OPTSTK,OIL,27-Apr-17,380,CE,0,0,0,6.95,0,0,0,0,0,17-Apr-17
OPTSTK,OIL,27-Apr-17,385,CE,0,0,0,0.05,0,0,0,0,0,17-Apr-17
OPTSTK,OIL,27-Apr-17,390,CE,0,0,0,5.1,0,0,0,0,0,17-Apr-17
OPTSTK,OIL,27-Apr-17,395,CE,0,0,0,0.05,0,0,0,0,0,17-Apr-17
OPTSTK,OIL,27-Apr-17,400,CE,0,0,0,3.65,0,0,0,0,0,17-Apr-17
OPTSTK,OIL,27-Apr-17,405,CE,0,0,0,0.05,0,0,0,0,0,17-Apr-17
OPTSTK,OIL,27-Apr-17,410,CE,0,0,0,2.6,0,0,0,0,0,17-Apr-17
OPTSTK,OIL,27-Apr-17,415,CE,0,0,0,0.05,0,0,0,0,0,17-Apr-17
OPTSTK,OIL,27-Apr-17,420,CE,0,0,0,1.85,0,0,0,0,0,17-Apr-17
OPTSTK,OIL,27-Apr-17,425,CE,0,0,0,0.05,0,0,0,0,0,17-Apr-17
OPTSTK,OIL,27-Apr-17,430,CE,0,0,0,1.25,0,0,0,0,0,17-Apr-17
OPTSTK,OIL,27-Apr-17,435,CE,0,0,0,0.05,0,0,0,0,0,17-Apr-17
OPTSTK,OIL,27-Apr-17,440,CE,0,0,0,0.85,0,0,0,0,0,17-Apr-17
OPTSTK,OIL,27-Apr-17,220,PE,0,0,0,0.05,0,0,0,0,0,17-Apr-17
OPTSTK,OIL,27-Apr-17,230,PE,0,0,0,0.05,0,0,0,0,0,17-Apr-17
OPTSTK,OIL,27-Apr-17,235,PE,0,0,0,0.05,0,0,0,0,0,17-Apr-17
OPTSTK,OIL,27-Apr-17,240,PE,0,0,0,0.1,0,0,0,0,0,17-Apr-17
OPTSTK,OIL,27-Apr-17,245,PE,0,0,0,0.05,0,0,0,0,0,17-Apr-17
OPTSTK,OIL,27-Apr-17,250,PE,0,0,0,0.2,0,0,0,0,0,17-Apr-17
OPTSTK,OIL,27-Apr-17,255,PE,0,0,0,0.05,0,0,0,0,0,17-Apr-17
OPTSTK,OIL,27-Apr-17,260,PE,0,0,0,0.4,0,0,0,0,0,17-Apr-17
OPTSTK,OIL,27-Apr-17,265,PE,0,0,0,0.05,0,0,0,0,0,17-Apr-17
OPTSTK,OIL,27-Apr-17,270,PE,0,0,0,0.8,0,0,0,0,0,17-Apr-17
OPTSTK,OIL,27-Apr-17,275,PE,0,0,0,0.05,0,0,0,0,0,17-Apr-17
OPTSTK,OIL,27-Apr-17,280,PE,0,0,0,1.45,0,0,0,0,0,17-Apr-17
OPTSTK,OIL,27-Apr-17,285,PE,0,0,0,0.05,0,0,0,0,0,17-Apr-17
OPTSTK,OIL,27-Apr-17,290,PE,0,0,0,2.5,0,0,0,0,0,17-Apr-17
OPTSTK,OIL,27-Apr-17,295,PE,0,0,0,0.25,0,0,0,0,0,17-Apr-17
OPTSTK,OIL,27-Apr-17,300,PE,0,0,0,4.05,0,0,0,0,0,17-Apr-17
OPTSTK,OIL,27-Apr-17,305,PE,0,0,0,0.9,0.05,0,0,0,0,17-Apr-17
OPTSTK,OIL,27-Apr-17,310,PE,0,0,0,0.2,0.05,0,0,2266,0,17-Apr-17
OPTSTK,OIL,27-Apr-17,315,PE,0,0,0,2.45,0.2,0,0,0,0,17-Apr-17
OPTSTK,OIL,27-Apr-17,320,PE,0,0,0,0.4,0.5,0,0,11330,0,17-Apr-17
OPTSTK,OIL,27-Apr-17,325,PE,0,0,0,1,1.3,0,0,2266,0,17-Apr-17
OPTSTK,OIL,27-Apr-17,330,PE,1.8,1.85,1.8,1.8,1.8,3,22.55,145024,-2266,17-Apr-17
OPTSTK,OIL,27-Apr-17,335,PE,0,0,0,10.6,5.2,0,0,0,0,17-Apr-17
OPTSTK,OIL,27-Apr-17,340,PE,0,0,0,5,8.55,0,0,6798,0,17-Apr-17
OPTSTK,OIL,27-Apr-17,345,PE,0,0,0,17.45,12.6,0,0,0,0,17-Apr-17
OPTSTK,OIL,27-Apr-17,350,PE,0,0,0,22.65,17.15,0,0,0,0,17-Apr-17
OPTSTK,OIL,27-Apr-17,355,PE,0,0,0,25.75,21.95,0,0,0,0,17-Apr-17
OPTSTK,OIL,27-Apr-17,360,PE,0,0,0,31,26.85,0,0,4532,0,17-Apr-17
OPTSTK,OIL,27-Apr-17,365,PE,0,0,0,34.95,31.85,0,0,0,0,17-Apr-17
OPTSTK,OIL,27-Apr-17,370,PE,0,0,0,35.55,36.85,0,0,0,0,17-Apr-17
OPTSTK,OIL,27-Apr-17,375,PE,0,0,0,44.6,41.8,0,0,0,0,17-Apr-17
OPTSTK,OIL,27-Apr-17,380,PE,0,0,0,43,46.8,0,0,0,0,17-Apr-17
OPTSTK,OIL,27-Apr-17,385,PE,0,0,0,54.45,51.8,0,0,0,0,17-Apr-17
OPTSTK,OIL,27-Apr-17,390,PE,0,0,0,51,56.8,0,0,0,0,17-Apr-17
OPTSTK,OIL,27-Apr-17,395,PE,0,0,0,64.35,61.8,0,0,0,0,17-Apr-17
OPTSTK,OIL,27-Apr-17,400,PE,0,0,0,59.4,66.75,0,0,0,0,17-Apr-17
OPTSTK,OIL,27-Apr-17,405,PE,0,0,0,74.3,71.75,0,0,0,0,17-Apr-17
OPTSTK,OIL,27-Apr-17,410,PE,0,0,0,68.2,76.75,0,0,0,0,17-Apr-17
OPTSTK,OIL,27-Apr-17,415,PE,0,0,0,84.25,81.75,0,0,0,0,17-Apr-17
OPTSTK,OIL,27-Apr-17,420,PE,0,0,0,77.25,86.75,0,0,0,0,17-Apr-17
OPTSTK,OIL,27-Apr-17,425,PE,0,0,0,94.2,91.75,0,0,0,0,17-Apr-17
OPTSTK,OIL,27-Apr-17,430,PE,0,0,0,86.5,96.7,0,0,0,0,17-Apr-17
OPTSTK,OIL,27-Apr-17,435,PE,0,0,0,99.25,101.7,0,0,0,0,17-Apr-17
OPTSTK,OIL,27-Apr-17,440,PE,0,0,0,95.95,106.7,0,0,0,0,17-Apr-17
OPTSTK,OIL,25-May-17,220,CE,0,0,0,110.4,114.05,0,0,0,0,17-Apr-17
OPTSTK,OIL,25-May-17,230,CE,0,0,0,100.55,104.1,0,0,0,0,17-Apr-17
OPTSTK,OIL,25-May-17,235,CE,0,0,0,96.1,99.15,0,0,0,0,17-Apr-17
OPTSTK,OIL,25-May-17,240,CE,0,0,0,90.75,94.2,0,0,0,0,17-Apr-17
OPTSTK,OIL,25-May-17,245,CE,0,0,0,86.2,89.2,0,0,0,0,17-Apr-17
OPTSTK,OIL,25-May-17,250,CE,0,0,0,81,84.25,0,0,0,0,17-Apr-17
OPTSTK,OIL,25-May-17,255,CE,0,0,0,76.3,79.3,0,0,0,0,17-Apr-17
OPTSTK,OIL,25-May-17,260,CE,0,0,0,71.35,74.3,0,0,0,0,17-Apr-17
OPTSTK,OIL,25-May-17,265,CE,0,0,0,66.45,69.35,0,0,0,0,17-Apr-17
OPTSTK,OIL,25-May-17,270,CE,0,0,0,61.9,64.4,0,0,0,0,17-Apr-17
OPTSTK,OIL,25-May-17,275,CE,0,0,0,56.65,59.45,0,0,0,0,17-Apr-17
OPTSTK,OIL,25-May-17,280,CE,0,0,0,52.75,54.45,0,0,0,0,17-Apr-17
OPTSTK,OIL,25-May-17,285,CE,0,0,0,47,49.5,0,0,0,0,17-Apr-17
OPTSTK,OIL,25-May-17,290,CE,0,0,0,44.15,44.6,0,0,0,0,17-Apr-17
OPTSTK,OIL,25-May-17,295,CE,0,0,0,37.75,39.7,0,0,0,0,17-Apr-17
OPTSTK,OIL,25-May-17,300,CE,0,0,0,36.15,34.9,0,0,0,0,17-Apr-17
OPTSTK,OIL,25-May-17,305,CE,0,0,0,29.15,30.2,0,0,0,0,17-Apr-17
OPTSTK,OIL,25-May-17,310,CE,0,0,0,28.9,25.65,0,0,0,0,17-Apr-17
OPTSTK,OIL,25-May-17,315,CE,0,0,0,21.5,21.4,0,0,0,0,17-Apr-17
OPTSTK,OIL,25-May-17,320,CE,0,0,0,22.6,17.45,0,0,0,0,17-Apr-17
OPTSTK,OIL,25-May-17,325,CE,0,0,0,15.05,13.85,0,0,0,0,17-Apr-17
OPTSTK,OIL,25-May-17,330,CE,0,0,0,17.25,10.75,0,0,0,0,17-Apr-17
OPTSTK,OIL,25-May-17,335,CE,0,0,0,9.95,8.1,0,0,0,0,17-Apr-17
OPTSTK,OIL,25-May-17,340,CE,0,0,0,12.8,5.95,0,0,0,0,17-Apr-17
OPTSTK,OIL,25-May-17,345,CE,0,0,0,6.25,4.2,0,0,0,0,17-Apr-17
OPTSTK,OIL,25-May-17,350,CE,0,0,0,9.3,2.9,0,0,0,0,17-Apr-17
OPTSTK,OIL,25-May-17,355,CE,0,0,0,3.7,1.95,0,0,0,0,17-Apr-17
OPTSTK,OIL,25-May-17,360,CE,0,0,0,6.6,1.25,0,0,0,0,17-Apr-17
OPTSTK,OIL,25-May-17,365,CE,0,0,0,2.05,0.8,0,0,0,0,17-Apr-17
OPTSTK,OIL,25-May-17,370,CE,0,0,0,4.6,0.5,0,0,0,0,17-Apr-17
OPTSTK,OIL,25-May-17,375,CE,0,0,0,1.1,0.3,0,0,0,0,17-Apr-17
OPTSTK,OIL,25-May-17,380,CE,0,0,0,3.1,0.2,0,0,0,0,17-Apr-17
OPTSTK,OIL,25-May-17,385,CE,0,0,0,0.55,0.1,0,0,0,0,17-Apr-17
OPTSTK,OIL,25-May-17,390,CE,0,0,0,2.05,0.05,0,0,0,0,17-Apr-17
OPTSTK,OIL,25-May-17,395,CE,0,0,0,0.25,0.05,0,0,0,0,17-Apr-17
OPTSTK,OIL,25-May-17,400,CE,0,0,0,1.35,0.05,0,0,0,0,17-Apr-17
OPTSTK,OIL,25-May-17,405,CE,0,0,0,0.15,0.05,0,0,0,0,17-Apr-17
OPTSTK,OIL,25-May-17,410,CE,0,0,0,0.85,0,0,0,0,0,17-Apr-17
OPTSTK,OIL,25-May-17,415,CE,0,0,0,0.05,0,0,0,0,0,17-Apr-17
OPTSTK,OIL,25-May-17,420,CE,0,0,0,0.55,0,0,0,0,0,17-Apr-17
OPTSTK,OIL,25-May-17,425,CE,0,0,0,0.05,0,0,0,0,0,17-Apr-17
OPTSTK,OIL,25-May-17,430,CE,0,0,0,0.35,0,0,0,0,0,17-Apr-17
OPTSTK,OIL,25-May-17,435,CE,0,0,0,0.05,0,0,0,0,0,17-Apr-17
OPTSTK,OIL,25-May-17,440,CE,0,0,0,0.2,0,0,0,0,0,17-Apr-17
OPTSTK,OIL,25-May-17,220,PE,0,0,0,0.05,0,0,0,0,0,17-Apr-17
OPTSTK,OIL,25-May-17,230,PE,0,0,0,0.05,0,0,0,0,0,17-Apr-17
OPTSTK,OIL,25-May-17,235,PE,0,0,0,0.05,0,0,0,0,0,17-Apr-17
OPTSTK,OIL,25-May-17,240,PE,0,0,0,0.05,0,0,0,0,0,17-Apr-17
OPTSTK,OIL,25-May-17,245,PE,0,0,0,0.05,0,0,0,0,0,17-Apr-17
OPTSTK,OIL,25-May-17,250,PE,0,0,0,0.15,0,0,0,0,0,17-Apr-17
OPTSTK,OIL,25-May-17,255,PE,0,0,0,0.05,0,0,0,0,0,17-Apr-17
OPTSTK,OIL,25-May-17,260,PE,0,0,0,0.35,0,0,0,0,0,17-Apr-17
OPTSTK,OIL,25-May-17,265,PE,0,0,0,0.05,0,0,0,0,0,17-Apr-17
OPTSTK,OIL,25-May-17,270,PE,0,0,0,0.75,0,0,0,0,0,17-Apr-17
OPTSTK,OIL,25-May-17,275,PE,0,0,0,0.15,0,0,0,0,0,17-Apr-17
OPTSTK,OIL,25-May-17,280,PE,0,0,0,1.5,0.05,0,0,0,0,17-Apr-17
OPTSTK,OIL,25-May-17,285,PE,0,0,0,0.4,0.05,0,0,0,0,17-Apr-17
OPTSTK,OIL,25-May-17,290,PE,0,0,0,2.7,0.1,0,0,0,0,17-Apr-17
OPTSTK,OIL,25-May-17,295,PE,0,0,0,1.05,0.15,0,0,0,0,17-Apr-17
OPTSTK,OIL,25-May-17,300,PE,0,0,0,4.5,0.3,0,0,0,0,17-Apr-17
OPTSTK,OIL,25-May-17,305,PE,0,0,0,2.35,0.6,0,0,0,0,17-Apr-17
OPTSTK,OIL,25-May-17,310,PE,0,0,0,7.15,1,0,0,0,0,17-Apr-17
OPTSTK,OIL,25-May-17,315,PE,0,0,0,4.55,1.7,0,0,0,0,17-Apr-17
OPTSTK,OIL,25-May-17,320,PE,0,0,0,10.65,2.7,0,0,0,0,17-Apr-17
OPTSTK,OIL,25-May-17,325,PE,0,0,0,8.05,4.1,0,0,0,0,17-Apr-17
OPTSTK,OIL,25-May-17,330,PE,0,0,0,5.9,5.95,0,0,2266,0,17-Apr-17
OPTSTK,OIL,25-May-17,335,PE,0,0,0,12.85,8.3,0,0,0,0,17-Apr-17
OPTSTK,OIL,25-May-17,340,PE,0,0,0,20.6,11.1,0,0,0,0,17-Apr-17
OPTSTK,OIL,25-May-17,345,PE,0,0,0,19.05,14.35,0,0,0,0,17-Apr-17
OPTSTK,OIL,25-May-17,350,PE,0,0,0,26.9,18,0,0,0,0,17-Apr-17
OPTSTK,OIL,25-May-17,355,PE,0,0,0,26.4,22,0,0,0,0,17-Apr-17
OPTSTK,OIL,25-May-17,360,PE,0,0,0,34.05,26.3,0,0,0,0,17-Apr-17
OPTSTK,OIL,25-May-17,365,PE,0,0,0,34.65,30.8,0,0,0,0,17-Apr-17
OPTSTK,OIL,25-May-17,370,PE,0,0,0,41.9,35.45,0,0,0,0,17-Apr-17
OPTSTK,OIL,25-May-17,375,PE,0,0,0,43.6,40.2,0,0,0,0,17-Apr-17
OPTSTK,OIL,25-May-17,380,PE,0,0,0,50.25,45.05,0,0,0,0,17-Apr-17
OPTSTK,OIL,25-May-17,385,PE,0,0,0,52.95,49.95,0,0,0,0,17-Apr-17
OPTSTK,OIL,25-May-17,390,PE,0,0,0,59.05,54.9,0,0,0,0,17-Apr-17
OPTSTK,OIL,25-May-17,395,PE,0,0,0,62.55,59.85,0,0,0,0,17-Apr-17
OPTSTK,OIL,25-May-17,400,PE,0,0,0,68.15,64.8,0,0,0,0,17-Apr-17
OPTSTK,OIL,25-May-17,405,PE,0,0,0,72.3,69.75,0,0,0,0,17-Apr-17
OPTSTK,OIL,25-May-17,410,PE,0,0,0,77.55,74.7,0,0,0,0,17-Apr-17
OPTSTK,OIL,25-May-17,415,PE,0,0,0,82.15,79.65,0,0,0,0,17-Apr-17
OPTSTK,OIL,25-May-17,420,PE,0,0,0,87.05,84.65,0,0,0,0,17-Apr-17
OPTSTK,OIL,25-May-17,425,PE,0,0,0,92,89.6,0,0,0,0,17-Apr-17
OPTSTK,OIL,25-May-17,430,PE,0,0,0,96.7,94.55,0,0,0,0,17-Apr-17
OPTSTK,OIL,25-May-17,435,PE,0,0,0,97.05,99.55,0,0,0,0,17-Apr-17
OPTSTK,OIL,25-May-17,440,PE,0,0,0,106.4,104.5,0,0,0,0,17-Apr-17
OPTSTK,OIL,29-Jun-17,230,CE,0,0,0,102.5,105.55,0,0,0,0,17-Apr-17
OPTSTK,OIL,29-Jun-17,235,CE,0,0,0,97.6,100.6,0,0,0,0,17-Apr-17
OPTSTK,OIL,29-Jun-17,240,CE,0,0,0,92.7,95.65,0,0,0,0,17-Apr-17
OPTSTK,OIL,29-Jun-17,245,CE,0,0,0,87.8,90.75,0,0,0,0,17-Apr-17
OPTSTK,OIL,29-Jun-17,250,CE,0,0,0,82.9,85.8,0,0,0,0,17-Apr-17
OPTSTK,OIL,29-Jun-17,255,CE,0,0,0,78,80.85,0,0,0,0,17-Apr-17
OPTSTK,OIL,29-Jun-17,260,CE,0,0,0,73.15,75.95,0,0,0,0,17-Apr-17
OPTSTK,OIL,29-Jun-17,265,CE,0,0,0,68.3,71,0,0,0,0,17-Apr-17
OPTSTK,OIL,29-Jun-17,270,CE,0,0,0,63.5,66.1,0,0,0,0,17-Apr-17
OPTSTK,OIL,29-Jun-17,275,CE,0,0,0,58.75,61.2,0,0,0,0,17-Apr-17
OPTSTK,OIL,29-Jun-17,280,CE,0,0,0,54.1,56.35,0,0,0,0,17-Apr-17
OPTSTK,OIL,29-Jun-17,285,CE,0,0,0,49.5,51.5,0,0,0,0,17-Apr-17
OPTSTK,OIL,29-Jun-17,290,CE,0,0,0,45.05,46.75,0,0,0,0,17-Apr-17
OPTSTK,OIL,29-Jun-17,295,CE,0,0,0,40.75,42.05,0,0,0,0,17-Apr-17
OPTSTK,OIL,29-Jun-17,300,CE,0,0,0,36.6,37.5,0,0,0,0,17-Apr-17
OPTSTK,OIL,29-Jun-17,305,CE,0,0,0,32.65,33.15,0,0,0,0,17-Apr-17
OPTSTK,OIL,29-Jun-17,310,CE,0,0,0,28.95,28.95,0,0,0,0,17-Apr-17
OPTSTK,OIL,29-Jun-17,315,CE,0,0,0,25.45,25,0,0,0,0,17-Apr-17
OPTSTK,OIL,29-Jun-17,320,CE,0,0,0,22.2,21.35,0,0,0,0,17-Apr-17
OPTSTK,OIL,29-Jun-17,325,CE,0,0,0,19.2,18,0,0,0,0,17-Apr-17
OPTSTK,OIL,29-Jun-17,330,CE,0,0,0,16.5,14.95,0,0,0,0,17-Apr-17
OPTSTK,OIL,29-Jun-17,335,CE,0,0,0,14.05,12.3,0,0,0,0,17-Apr-17
OPTSTK,OIL,29-Jun-17,340,CE,0,0,0,11.85,9.95,0,0,0,0,17-Apr-17
OPTSTK,OIL,29-Jun-17,345,CE,0,0,0,9.95,7.9,0,0,0,0,17-Apr-17
OPTSTK,OIL,29-Jun-17,350,CE,0,0,0,8.25,6.25,0,0,0,0,17-Apr-17
OPTSTK,OIL,29-Jun-17,355,CE,0,0,0,6.8,4.85,0,0,0,0,17-Apr-17
OPTSTK,OIL,29-Jun-17,360,CE,0,0,0,5.6,3.7,0,0,0,0,17-Apr-17
OPTSTK,OIL,29-Jun-17,365,CE,0,0,0,4.55,2.8,0,0,0,0,17-Apr-17
OPTSTK,OIL,29-Jun-17,370,CE,0,0,0,3.65,2.1,0,0,0,0,17-Apr-17
OPTSTK,OIL,29-Jun-17,375,CE,0,0,0,2.9,1.5,0,0,0,0,17-Apr-17
OPTSTK,OIL,29-Jun-17,380,CE,0,0,0,2.3,1.1,0,0,0,0,17-Apr-17
OPTSTK,OIL,29-Jun-17,385,CE,0,0,0,1.85,0.8,0,0,0,0,17-Apr-17
OPTSTK,OIL,29-Jun-17,390,CE,0,0,0,1.45,0.55,0,0,0,0,17-Apr-17
OPTSTK,OIL,29-Jun-17,395,CE,0,0,0,1.1,0.4,0,0,0,0,17-Apr-17
OPTSTK,OIL,29-Jun-17,400,CE,0,0,0,0.85,0.3,0,0,0,0,17-Apr-17
OPTSTK,OIL,29-Jun-17,405,CE,0,0,0,0.65,0.2,0,0,0,0,17-Apr-17
OPTSTK,OIL,29-Jun-17,410,CE,0,0,0,0.5,0.15,0,0,0,0,17-Apr-17
OPTSTK,OIL,29-Jun-17,415,CE,0,0,0,0.4,0.1,0,0,0,0,17-Apr-17
OPTSTK,OIL,29-Jun-17,420,CE,0,0,0,0.3,0.05,0,0,0,0,17-Apr-17
OPTSTK,OIL,29-Jun-17,425,CE,0,0,0,0.25,0.05,0,0,0,0,17-Apr-17
OPTSTK,OIL,29-Jun-17,430,CE,0,0,0,0.15,0.05,0,0,0,0,17-Apr-17
OPTSTK,OIL,29-Jun-17,230,PE,0,0,0,0.05,0,0,0,0,0,17-Apr-17
OPTSTK,OIL,29-Jun-17,235,PE,0,0,0,0.05,0,0,0,0,0,17-Apr-17
OPTSTK,OIL,29-Jun-17,240,PE,0,0,0,0.05,0,0,0,0,0,17-Apr-17
OPTSTK,OIL,29-Jun-17,245,PE,0,0,0,0.05,0,0,0,0,0,17-Apr-17
OPTSTK,OIL,29-Jun-17,250,PE,0,0,0,0.05,0,0,0,0,0,17-Apr-17
OPTSTK,OIL,29-Jun-17,255,PE,0,0,0,0.1,0,0,0,0,0,17-Apr-17
OPTSTK,OIL,29-Jun-17,260,PE,0,0,0,0.15,0.05,0,0,0,0,17-Apr-17
OPTSTK,OIL,29-Jun-17,265,PE,0,0,0,0.2,0.05,0,0,0,0,17-Apr-17
OPTSTK,OIL,29-Jun-17,270,PE,0,0,0,0.35,0.05,0,0,0,0,17-Apr-17
OPTSTK,OIL,29-Jun-17,275,PE,0,0,0,0.5,0.1,0,0,0,0,17-Apr-17
OPTSTK,OIL,29-Jun-17,280,PE,0,0,0,0.75,0.15,0,0,0,0,17-Apr-17
OPTSTK,OIL,29-Jun-17,285,PE,0,0,0,1.1,0.25,0,0,0,0,17-Apr-17
OPTSTK,OIL,29-Jun-17,290,PE,0,0,0,1.6,0.45,0,0,0,0,17-Apr-17
OPTSTK,OIL,29-Jun-17,295,PE,0,0,0,2.2,0.7,0,0,0,0,17-Apr-17
OPTSTK,OIL,29-Jun-17,300,PE,0,0,0,2.95,1.1,0,0,0,0,17-Apr-17
OPTSTK,OIL,29-Jun-17,305,PE,0,0,0,3.95,1.65,0,0,0,0,17-Apr-17
OPTSTK,OIL,29-Jun-17,310,PE,0,0,0,5.15,2.4,0,0,0,0,17-Apr-17
OPTSTK,OIL,29-Jun-17,315,PE,0,0,0,6.55,3.4,0,0,0,0,17-Apr-17
OPTSTK,OIL,29-Jun-17,320,PE,0,0,0,8.2,4.65,0,0,0,0,17-Apr-17
OPTSTK,OIL,29-Jun-17,325,PE,0,0,0,10.15,6.25,0,0,0,0,17-Apr-17
OPTSTK,OIL,29-Jun-17,330,PE,0,0,0,12.35,8.15,0,0,0,0,17-Apr-17
OPTSTK,OIL,29-Jun-17,335,PE,0,0,0,14.8,10.4,0,0,0,0,17-Apr-17
OPTSTK,OIL,29-Jun-17,340,PE,0,0,0,17.55,13,0,0,0,0,17-Apr-17
OPTSTK,OIL,29-Jun-17,345,PE,0,0,0,20.55,15.9,0,0,0,0,17-Apr-17
OPTSTK,OIL,29-Jun-17,350,PE,0,0,0,23.8,19.15,0,0,0,0,17-Apr-17
OPTSTK,OIL,29-Jun-17,355,PE,0,0,0,27.25,22.7,0,0,0,0,17-Apr-17
OPTSTK,OIL,29-Jun-17,360,PE,0,0,0,30.95,26.5,0,0,0,0,17-Apr-17
OPTSTK,OIL,29-Jun-17,365,PE,0,0,0,34.8,30.55,0,0,0,0,17-Apr-17
OPTSTK,OIL,29-Jun-17,370,PE,0,0,0,38.85,34.75,0,0,0,0,17-Apr-17
OPTSTK,OIL,29-Jun-17,375,PE,0,0,0,43.05,39.15,0,0,0,0,17-Apr-17
OPTSTK,OIL,29-Jun-17,380,PE,0,0,0,47.35,43.65,0,0,0,0,17-Apr-17
OPTSTK,OIL,29-Jun-17,385,PE,0,0,0,51.8,48.25,0,0,0,0,17-Apr-17
OPTSTK,OIL,29-Jun-17,390,PE,0,0,0,56.3,52.95,0,0,0,0,17-Apr-17
OPTSTK,OIL,29-Jun-17,395,PE,0,0,0,60.9,57.75,0,0,0,0,17-Apr-17
OPTSTK,OIL,29-Jun-17,400,PE,0,0,0,65.55,62.55,0,0,0,0,17-Apr-17
OPTSTK,OIL,29-Jun-17,405,PE,0,0,0,70.3,67.4,0,0,0,0,17-Apr-17
OPTSTK,OIL,29-Jun-17,410,PE,0,0,0,75.05,72.3,0,0,0,0,17-Apr-17
OPTSTK,OIL,29-Jun-17,415,PE,0,0,0,79.85,77.2,0,0,0,0,17-Apr-17
OPTSTK,OIL,29-Jun-17,420,PE,0,0,0,84.65,82.1,0,0,0,0,17-Apr-17
OPTSTK,OIL,29-Jun-17,425,PE,0,0,0,89.5,87,0,0,0,0,17-Apr-17
OPTSTK,OIL,29-Jun-17,430,PE,0,0,0,94.4,91.95,0,0,0,0,17-Apr-17
OPTSTK,ONGC,27-Apr-17,130,CE,0,0,0,77.05,53.35,0,0,0,0,17-Apr-17
OPTSTK,ONGC,27-Apr-17,135,CE,0,0,0,72.15,48.35,0,0,0,0,17-Apr-17
OPTSTK,ONGC,27-Apr-17,137.5,CE,0,0,0,47.1,45.85,0,0,0,0,17-Apr-17
OPTSTK,ONGC,27-Apr-17,140,CE,0,0,0,67.25,43.35,0,0,0,0,17-Apr-17
OPTSTK,ONGC,27-Apr-17,142.5,CE,0,0,0,42.15,40.85,0,0,0,0,17-Apr-17
OPTSTK,ONGC,27-Apr-17,145,CE,0,0,0,62.35,38.35,0,0,0,0,17-Apr-17
OPTSTK,ONGC,27-Apr-17,147.5,CE,0,0,0,37.15,35.9,0,0,0,0,17-Apr-17
OPTSTK,ONGC,27-Apr-17,150,CE,0,0,0,57.45,33.4,0,0,0,0,17-Apr-17
OPTSTK,ONGC,27-Apr-17,152.5,CE,0,0,0,32.2,30.9,0,0,0,0,17-Apr-17
OPTSTK,ONGC,27-Apr-17,155,CE,0,0,0,52.6,28.4,0,0,0,0,17-Apr-17
OPTSTK,ONGC,27-Apr-17,157.5,CE,0,0,0,27.2,25.9,0,0,0,0,17-Apr-17
OPTSTK,ONGC,27-Apr-17,160,CE,0,0,0,33.9,23.4,0,0,3750,0,17-Apr-17
OPTSTK,ONGC,27-Apr-17,162.5,CE,0,0,0,22.25,20.9,0,0,0,0,17-Apr-17
OPTSTK,ONGC,27-Apr-17,165,CE,19,19,19,19,19,1,6.9,11250,0,17-Apr-17
OPTSTK,ONGC,27-Apr-17,167.5,CE,0,0,0,17.4,15.9,0,0,0,0,17-Apr-17
OPTSTK,ONGC,27-Apr-17,170,CE,0,0,0,17.35,13.4,0,0,26250,0,17-Apr-17
OPTSTK,ONGC,27-Apr-17,172.5,CE,0,0,0,12.75,10.95,0,0,0,0,17-Apr-17
OPTSTK,ONGC,27-Apr-17,175,CE,0,0,0,11.75,8.5,0,0,7500,0,17-Apr-17
OPTSTK,ONGC,27-Apr-17,177.5,CE,0,0,0,8.6,6.25,0,0,0,0,17-Apr-17
OPTSTK,ONGC,27-Apr-17,180,CE,6,6,4.5,4.7,4.7,16,110.89,157500,18750,17-Apr-17
OPTSTK,ONGC,27-Apr-17,182.5,CE,3.05,3.1,2.95,3.1,3.1,4,27.82,26250,0,17-Apr-17
OPTSTK,ONGC,27-Apr-17,185,CE,2.7,2.85,1.8,2.05,2.05,209,1467.37,813750,322500,17-Apr-17
OPTSTK,ONGC,27-Apr-17,187.5,CE,2.15,2.15,1.15,1.35,1.35,25,177.14,236250,37500,17-Apr-17
OPTSTK,ONGC,27-Apr-17,190,CE,1.25,1.25,0.75,0.8,0.8,328,2348.59,3112500,90000,17-Apr-17
OPTSTK,ONGC,27-Apr-17,192.5,CE,0.5,0.95,0.5,0.55,0.55,15,108.66,157500,-7500,17-Apr-17
OPTSTK,ONGC,27-Apr-17,195,CE,0.65,0.65,0.35,0.4,0.4,90,659.66,1680000,-3750,17-Apr-17
OPTSTK,ONGC,27-Apr-17,197.5,CE,0,0,0,0.6,0.05,0,0,0,0,17-Apr-17
OPTSTK,ONGC,27-Apr-17,200,CE,0.3,0.3,0.2,0.25,0.25,80,600.81,2715000,-37500,17-Apr-17
OPTSTK,ONGC,27-Apr-17,202.5,CE,0,0,0,0.25,0,0,0,0,0,17-Apr-17
OPTSTK,ONGC,27-Apr-17,205,CE,0.15,0.2,0.15,0.2,0.2,18,138.49,457500,-22500,17-Apr-17
OPTSTK,ONGC,27-Apr-17,207.5,CE,0,0,0,0.1,0,0,0,0,0,17-Apr-17
OPTSTK,ONGC,27-Apr-17,210,CE,0.15,0.2,0.1,0.1,0.1,11,86.68,588750,-3750,17-Apr-17
OPTSTK,ONGC,27-Apr-17,212.5,CE,0,0,0,0.05,0,0,0,0,0,17-Apr-17
OPTSTK,ONGC,27-Apr-17,215,CE,0,0,0,0.1,0,0,0,37500,0,17-Apr-17
OPTSTK,ONGC,27-Apr-17,217.5,CE,0,0,0,0.05,0,0,0,0,0,17-Apr-17
OPTSTK,ONGC,27-Apr-17,220,CE,0,0,0,0.05,0,0,0,135000,0,17-Apr-17
OPTSTK,ONGC,27-Apr-17,222.5,CE,0,0,0,0.05,0,0,0,0,0,17-Apr-17
OPTSTK,ONGC,27-Apr-17,225,CE,0,0,0,5.1,0,0,0,0,0,17-Apr-17
OPTSTK,ONGC,27-Apr-17,227.5,CE,0,0,0,0.05,0,0,0,0,0,17-Apr-17
OPTSTK,ONGC,27-Apr-17,230,CE,0,0,0,3.9,0,0,0,0,0,17-Apr-17
OPTSTK,ONGC,27-Apr-17,232.5,CE,0,0,0,0.05,0,0,0,0,0,17-Apr-17
OPTSTK,ONGC,27-Apr-17,235,CE,0,0,0,3,0,0,0,0,0,17-Apr-17
OPTSTK,ONGC,27-Apr-17,240,CE,0,0,0,2.25,0,0,0,0,0,17-Apr-17
OPTSTK,ONGC,27-Apr-17,245,CE,0,0,0,1.7,0,0,0,0,0,17-Apr-17
OPTSTK,ONGC,27-Apr-17,250,CE,0,0,0,1.25,0,0,0,0,0,17-Apr-17
OPTSTK,ONGC,27-Apr-17,255,CE,0,0,0,0.9,0,0,0,0,0,17-Apr-17
OPTSTK,ONGC,27-Apr-17,130,PE,0,0,0,0.05,0,0,0,0,0,17-Apr-17
OPTSTK,ONGC,27-Apr-17,135,PE,0,0,0,0.05,0,0,0,0,0,17-Apr-17
OPTSTK,ONGC,27-Apr-17,137.5,PE,0,0,0,0.05,0,0,0,0,0,17-Apr-17
OPTSTK,ONGC,27-Apr-17,140,PE,0,0,0,0.05,0,0,0,0,0,17-Apr-17
OPTSTK,ONGC,27-Apr-17,142.5,PE,0,0,0,0.05,0,0,0,0,0,17-Apr-17
OPTSTK,ONGC,27-Apr-17,145,PE,0,0,0,0.05,0,0,0,0,0,17-Apr-17
OPTSTK,ONGC,27-Apr-17,147.5,PE,0,0,0,0.05,0,0,0,0,0,17-Apr-17
OPTSTK,ONGC,27-Apr-17,150,PE,0,0,0,0.1,0,0,0,0,0,17-Apr-17
OPTSTK,ONGC,27-Apr-17,152.5,PE,0,0,0,0.05,0,0,0,0,0,17-Apr-17
OPTSTK,ONGC,27-Apr-17,155,PE,0,0,0,0.15,0,0,0,0,0,17-Apr-17
OPTSTK,ONGC,27-Apr-17,157.5,PE,0,0,0,0.05,0,0,0,0,0,17-Apr-17
OPTSTK,ONGC,27-Apr-17,160,PE,0,0,0,0.3,0,0,0,3750,0,17-Apr-17
OPTSTK,ONGC,27-Apr-17,162.5,PE,0,0,0,0.05,0,0,0,0,0,17-Apr-17
OPTSTK,ONGC,27-Apr-17,165,PE,0.25,0.25,0.25,0.25,0.25,1,6.19,22500,3750,17-Apr-17
OPTSTK,ONGC,27-Apr-17,167.5,PE,0,0,0,0.15,0,0,0,0,0,17-Apr-17
OPTSTK,ONGC,27-Apr-17,170,PE,0,0,0,0.2,0.05,0,0,63750,0,17-Apr-17
OPTSTK,ONGC,27-Apr-17,172.5,PE,0,0,0,0.5,0.05,0,0,0,0,17-Apr-17
OPTSTK,ONGC,27-Apr-17,175,PE,0.35,0.35,0.3,0.3,0.3,22,144.63,371250,7500,17-Apr-17
OPTSTK,ONGC,27-Apr-17,177.5,PE,0.8,0.8,0.8,0.8,0.8,2,13.37,15000,0,17-Apr-17
OPTSTK,ONGC,27-Apr-17,180,PE,0.8,1.2,0.75,1,1,116,787.19,1005000,82500,17-Apr-17
OPTSTK,ONGC,27-Apr-17,182.5,PE,1.35,1.85,1.3,1.8,1.8,12,82.8,41250,0,17-Apr-17
OPTSTK,ONGC,27-Apr-17,185,PE,2.2,3.45,2.2,3,3,117,824.14,716250,-127500,17-Apr-17
OPTSTK,ONGC,27-Apr-17,187.5,PE,3.9,4.4,3.9,4.4,4.4,4,28.75,82500,-15000,17-Apr-17
OPTSTK,ONGC,27-Apr-17,190,PE,6,7.25,6,7,7,37,273.2,862500,-86250,17-Apr-17
OPTSTK,ONGC,27-Apr-17,192.5,PE,0,0,0,9.05,9.2,0,0,0,0,17-Apr-17
OPTSTK,ONGC,27-Apr-17,195,PE,0,0,0,9.4,11.6,0,0,210000,0,17-Apr-17
OPTSTK,ONGC,27-Apr-17,197.5,PE,0,0,0,13.2,14.1,0,0,0,0,17-Apr-17
OPTSTK,ONGC,27-Apr-17,200,PE,0,0,0,12.5,16.55,0,0,138750,0,17-Apr-17
OPTSTK,ONGC,27-Apr-17,202.5,PE,0,0,0,17.8,19.05,0,0,0,0,17-Apr-17
OPTSTK,ONGC,27-Apr-17,205,PE,0,0,0,16.3,21.55,0,0,41250,0,17-Apr-17
OPTSTK,ONGC,27-Apr-17,207.5,PE,0,0,0,22.65,24.05,0,0,0,0,17-Apr-17
OPTSTK,ONGC,27-Apr-17,210,PE,0,0,0,21.9,26.55,0,0,33750,0,17-Apr-17
OPTSTK,ONGC,27-Apr-17,212.5,PE,0,0,0,27.6,29.05,0,0,0,0,17-Apr-17
OPTSTK,ONGC,27-Apr-17,215,PE,0,0,0,22,31.55,0,0,18750,0,17-Apr-17
OPTSTK,ONGC,27-Apr-17,217.5,PE,0,0,0,32.55,34.05,0,0,0,0,17-Apr-17
OPTSTK,ONGC,27-Apr-17,220,PE,0,0,0,18,36.55,0,0,0,0,17-Apr-17
OPTSTK,ONGC,27-Apr-17,222.5,PE,0,0,0,37.5,39.05,0,0,0,0,17-Apr-17
OPTSTK,ONGC,27-Apr-17,225,PE,0,0,0,21.5,41.55,0,0,0,0,17-Apr-17
OPTSTK,ONGC,27-Apr-17,227.5,PE,0,0,0,42.5,44,0,0,0,0,17-Apr-17
OPTSTK,ONGC,27-Apr-17,230,PE,0,0,0,25.25,46.5,0,0,0,0,17-Apr-17
OPTSTK,ONGC,27-Apr-17,232.5,PE,0,0,0,47.45,49,0,0,0,0,17-Apr-17
OPTSTK,ONGC,27-Apr-17,235,PE,0,0,0,29.25,51.5,0,0,0,0,17-Apr-17
OPTSTK,ONGC,27-Apr-17,240,PE,0,0,0,33.4,56.5,0,0,0,0,17-Apr-17
OPTSTK,ONGC,27-Apr-17,245,PE,0,0,0,37.75,61.5,0,0,0,0,17-Apr-17
OPTSTK,ONGC,27-Apr-17,250,PE,0,0,0,63.4,66.5,0,0,3750,0,17-Apr-17
OPTSTK,ONGC,27-Apr-17,255,PE,0,0,0,46.85,71.5,0,0,0,0,17-Apr-17
OPTSTK,ONGC,25-May-17,130,CE,0,0,0,68.05,54,0,0,0,0,17-Apr-17
OPTSTK,ONGC,25-May-17,135,CE,0,0,0,63.15,49.05,0,0,0,0,17-Apr-17
OPTSTK,ONGC,25-May-17,137.5,CE,0,0,0,47.8,46.55,0,0,0,0,17-Apr-17
OPTSTK,ONGC,25-May-17,140,CE,0,0,0,58.2,44.05,0,0,0,0,17-Apr-17
OPTSTK,ONGC,25-May-17,142.5,CE,0,0,0,42.85,41.6,0,0,0,0,17-Apr-17
OPTSTK,ONGC,25-May-17,145,CE,0,0,0,53.3,39.1,0,0,0,0,17-Apr-17
OPTSTK,ONGC,25-May-17,147.5,CE,0,0,0,37.95,36.6,0,0,0,0,17-Apr-17
OPTSTK,ONGC,25-May-17,150,CE,0,0,0,48.4,34.15,0,0,0,0,17-Apr-17
OPTSTK,ONGC,25-May-17,152.5,CE,0,0,0,33,31.65,0,0,0,0,17-Apr-17
OPTSTK,ONGC,25-May-17,155,CE,0,0,0,43.45,29.15,0,0,0,0,17-Apr-17
OPTSTK,ONGC,25-May-17,157.5,CE,0,0,0,28.1,26.7,0,0,0,0,17-Apr-17
OPTSTK,ONGC,25-May-17,160,CE,0,0,0,38.6,24.2,0,0,0,0,17-Apr-17
OPTSTK,ONGC,25-May-17,162.5,CE,0,0,0,23.3,21.75,0,0,0,0,17-Apr-17
OPTSTK,ONGC,25-May-17,165,CE,0,0,0,33.75,19.3,0,0,0,0,17-Apr-17
OPTSTK,ONGC,25-May-17,167.5,CE,0,0,0,18.7,16.9,0,0,0,0,17-Apr-17
OPTSTK,ONGC,25-May-17,170,CE,0,0,0,29,14.55,0,0,0,0,17-Apr-17
OPTSTK,ONGC,25-May-17,172.5,CE,0,0,0,14.4,12.3,0,0,0,0,17-Apr-17
OPTSTK,ONGC,25-May-17,175,CE,0,0,0,24.4,10.2,0,0,0,0,17-Apr-17
OPTSTK,ONGC,25-May-17,177.5,CE,0,0,0,10.6,8.25,0,0,0,0,17-Apr-17
OPTSTK,ONGC,25-May-17,180,CE,10.5,10.5,8.25,8.25,8.25,4,28.49,30000,15000,17-Apr-17
OPTSTK,ONGC,25-May-17,182.5,CE,0,0,0,7.45,5,0,0,0,0,17-Apr-17
OPTSTK,ONGC,25-May-17,185,CE,5.8,5.8,4.9,4.9,4.9,4,28.58,15000,11250,17-Apr-17
OPTSTK,ONGC,25-May-17,187.5,CE,0,0,0,4.9,2.7,0,0,0,0,17-Apr-17
OPTSTK,ONGC,25-May-17,190,CE,3.85,3.85,3.15,3.15,3.15,5,36.25,41250,15000,17-Apr-17
OPTSTK,ONGC,25-May-17,192.5,CE,0,0,0,3.1,1.3,0,0,0,0,17-Apr-17
OPTSTK,ONGC,25-May-17,195,CE,0,0,0,9.45,0.85,0,0,0,0,17-Apr-17
OPTSTK,ONGC,25-May-17,197.5,CE,0,0,0,1.8,0.55,0,0,0,0,17-Apr-17
OPTSTK,ONGC,25-May-17,200,CE,0,0,0,6.9,0.35,0,0,0,0,17-Apr-17
OPTSTK,ONGC,25-May-17,202.5,CE,0,0,0,1,0.2,0,0,0,0,17-Apr-17
OPTSTK,ONGC,25-May-17,205,CE,0,0,0,4.9,0.15,0,0,0,0,17-Apr-17
OPTSTK,ONGC,25-May-17,207.5,CE,0,0,0,0.55,0.1,0,0,0,0,17-Apr-17
OPTSTK,ONGC,25-May-17,210,CE,0,0,0,4.05,0.05,0,0,3750,0,17-Apr-17
OPTSTK,ONGC,25-May-17,212.5,CE,0,0,0,0.3,0.05,0,0,0,0,17-Apr-17
OPTSTK,ONGC,25-May-17,215,CE,0,0,0,4.5,0.05,0,0,3750,0,17-Apr-17
OPTSTK,ONGC,25-May-17,217.5,CE,0,0,0,0.15,0,0,0,0,0,17-Apr-17
OPTSTK,ONGC,25-May-17,220,CE,0,0,0,1.4,0,0,0,0,0,17-Apr-17
OPTSTK,ONGC,25-May-17,222.5,CE,0,0,0,0.05,0,0,0,0,0,17-Apr-17
OPTSTK,ONGC,25-May-17,225,CE,0,0,0,0.9,0,0,0,0,0,17-Apr-17
OPTSTK,ONGC,25-May-17,227.5,CE,0,0,0,0.05,0,0,0,0,0,17-Apr-17
OPTSTK,ONGC,25-May-17,230,CE,0,0,0,0.55,0,0,0,0,0,17-Apr-17
OPTSTK,ONGC,25-May-17,232.5,CE,0,0,0,0.05,0,0,0,0,0,17-Apr-17
OPTSTK,ONGC,25-May-17,235,CE,0,0,0,0.3,0,0,0,0,0,17-Apr-17
OPTSTK,ONGC,25-May-17,240,CE,0,0,0,0.2,0,0,0,0,0,17-Apr-17
OPTSTK,ONGC,25-May-17,245,CE,0,0,0,0.1,0,0,0,0,0,17-Apr-17
OPTSTK,ONGC,25-May-17,250,CE,0,0,0,0.05,0,0,0,0,0,17-Apr-17
OPTSTK,ONGC,25-May-17,255,CE,0,0,0,0.05,0,0,0,0,0,17-Apr-17
OPTSTK,ONGC,25-May-17,130,PE,0,0,0,0.05,0,0,0,0,0,17-Apr-17
OPTSTK,ONGC,25-May-17,135,PE,0,0,0,0.05,0,0,0,0,0,17-Apr-17
OPTSTK,ONGC,25-May-17,137.5,PE,0,0,0,0.05,0,0,0,0,0,17-Apr-17
OPTSTK,ONGC,25-May-17,140,PE,0,0,0,0.05,0,0,0,0,0,17-Apr-17
OPTSTK,ONGC,25-May-17,142.5,PE,0,0,0,0.05,0,0,0,0,0,17-Apr-17
OPTSTK,ONGC,25-May-17,145,PE,0,0,0,0.05,0,0,0,0,0,17-Apr-17
OPTSTK,ONGC,25-May-17,147.5,PE,0,0,0,0.05,0,0,0,0,0,17-Apr-17
OPTSTK,ONGC,25-May-17,150,PE,0,0,0,0.05,0,0,0,0,0,17-Apr-17
OPTSTK,ONGC,25-May-17,152.5,PE,0,0,0,0.05,0,0,0,0,0,17-Apr-17
OPTSTK,ONGC,25-May-17,155,PE,0,0,0,0.05,0,0,0,0,0,17-Apr-17
OPTSTK,ONGC,25-May-17,157.5,PE,0,0,0,0.1,0.05,0,0,0,0,17-Apr-17
OPTSTK,ONGC,25-May-17,160,PE,0,0,0,0.05,0.05,0,0,0,0,17-Apr-17
OPTSTK,ONGC,25-May-17,162.5,PE,0,0,0,0.25,0.05,0,0,0,0,17-Apr-17
OPTSTK,ONGC,25-May-17,165,PE,0,0,0,0.15,0.1,0,0,0,0,17-Apr-17
OPTSTK,ONGC,25-May-17,167.5,PE,0,0,0,0.6,0.2,0,0,0,0,17-Apr-17
OPTSTK,ONGC,25-May-17,170,PE,0,0,0,0.35,0.3,0,0,0,0,17-Apr-17
OPTSTK,ONGC,25-May-17,172.5,PE,0,0,0,1.25,0.55,0,0,0,0,17-Apr-17
OPTSTK,ONGC,25-May-17,175,PE,0,0,0,0.65,0.9,0,0,0,0,17-Apr-17
OPTSTK,ONGC,25-May-17,177.5,PE,0,0,0,2.4,1.45,0,0,0,0,17-Apr-17
OPTSTK,ONGC,25-May-17,180,PE,3,3,3,3,3,2,13.72,11250,7500,17-Apr-17
OPTSTK,ONGC,25-May-17,182.5,PE,0,0,0,4.15,3.15,0,0,0,0,17-Apr-17
OPTSTK,ONGC,25-May-17,185,PE,4.85,4.85,4.85,4.85,4.85,1,7.11,11250,3750,17-Apr-17
OPTSTK,ONGC,25-May-17,187.5,PE,0,0,0,6.6,5.8,0,0,0,0,17-Apr-17
OPTSTK,ONGC,25-May-17,190,PE,0,0,0,6,7.5,0,0,7500,0,17-Apr-17
OPTSTK,ONGC,25-May-17,192.5,PE,0,0,0,9.7,9.4,0,0,0,0,17-Apr-17
OPTSTK,ONGC,25-May-17,195,PE,0,0,0,10,11.45,0,0,3750,0,17-Apr-17
OPTSTK,ONGC,25-May-17,197.5,PE,0,0,0,13.4,13.6,0,0,0,0,17-Apr-17
OPTSTK,ONGC,25-May-17,200,PE,0,0,0,14,15.9,0,0,7500,0,17-Apr-17
OPTSTK,ONGC,25-May-17,202.5,PE,0,0,0,17.55,18.25,0,0,0,0,17-Apr-17
OPTSTK,ONGC,25-May-17,205,PE,0,0,0,10.65,20.65,0,0,0,0,17-Apr-17
OPTSTK,ONGC,25-May-17,207.5,PE,0,0,0,22.05,23.1,0,0,0,0,17-Apr-17
OPTSTK,ONGC,25-May-17,210,PE,0,0,0,14.05,25.55,0,0,0,0,17-Apr-17
OPTSTK,ONGC,25-May-17,212.5,PE,0,0,0,26.7,28,0,0,0,0,17-Apr-17
OPTSTK,ONGC,25-May-17,215,PE,0,0,0,25.75,30.5,0,0,3750,0,17-Apr-17
OPTSTK,ONGC,25-May-17,217.5,PE,0,0,0,31.55,32.95,0,0,0,0,17-Apr-17
OPTSTK,ONGC,25-May-17,220,PE,0,0,0,21.95,35.45,0,0,0,0,17-Apr-17
OPTSTK,ONGC,25-May-17,222.5,PE,0,0,0,36.4,37.9,0,0,0,0,17-Apr-17
OPTSTK,ONGC,25-May-17,225,PE,0,0,0,26.35,40.4,0,0,0,0,17-Apr-17
OPTSTK,ONGC,25-May-17,227.5,PE,0,0,0,41.35,42.9,0,0,0,0,17-Apr-17
OPTSTK,ONGC,25-May-17,230,PE,0,0,0,30.95,45.35,0,0,0,0,17-Apr-17
OPTSTK,ONGC,25-May-17,232.5,PE,0,0,0,46.25,47.85,0,0,0,0,17-Apr-17
OPTSTK,ONGC,25-May-17,235,PE,0,0,0,35.65,50.35,0,0,0,0,17-Apr-17
OPTSTK,ONGC,25-May-17,240,PE,0,0,0,40.4,55.3,0,0,0,0,17-Apr-17
OPTSTK,ONGC,25-May-17,245,PE,0,0,0,45.25,60.25,0,0,0,0,17-Apr-17
OPTSTK,ONGC,25-May-17,250,PE,0,0,0,50.15,65.25,0,0,0,0,17-Apr-17
OPTSTK,ONGC,25-May-17,255,PE,0,0,0,55.05,70.2,0,0,0,0,17-Apr-17
OPTSTK,ONGC,29-Jun-17,135,CE,0,0,0,51.15,49.85,0,0,0,0,17-Apr-17
OPTSTK,ONGC,29-Jun-17,137.5,CE,0,0,0,48.7,47.4,0,0,0,0,17-Apr-17
OPTSTK,ONGC,29-Jun-17,140,CE,0,0,0,46.25,44.95,0,0,0,0,17-Apr-17
OPTSTK,ONGC,29-Jun-17,142.5,CE,0,0,0,43.8,42.45,0,0,0,0,17-Apr-17
OPTSTK,ONGC,29-Jun-17,145,CE,0,0,0,41.35,40,0,0,0,0,17-Apr-17
OPTSTK,ONGC,29-Jun-17,147.5,CE,0,0,0,38.9,37.55,0,0,0,0,17-Apr-17
OPTSTK,ONGC,29-Jun-17,150,CE,0,0,0,36.45,35.05,0,0,0,0,17-Apr-17
OPTSTK,ONGC,29-Jun-17,152.5,CE,0,0,0,34.05,32.6,0,0,0,0,17-Apr-17
OPTSTK,ONGC,29-Jun-17,155,CE,0,0,0,31.65,30.15,0,0,0,0,17-Apr-17
OPTSTK,ONGC,29-Jun-17,157.5,CE,0,0,0,29.3,27.75,0,0,0,0,17-Apr-17
OPTSTK,ONGC,29-Jun-17,160,CE,0,0,0,26.95,25.3,0,0,0,0,17-Apr-17
OPTSTK,ONGC,29-Jun-17,162.5,CE,0,0,0,24.7,22.95,0,0,0,0,17-Apr-17
OPTSTK,ONGC,29-Jun-17,165,CE,0,0,0,22.5,20.6,0,0,0,0,17-Apr-17
OPTSTK,ONGC,29-Jun-17,167.5,CE,0,0,0,20.35,18.35,0,0,0,0,17-Apr-17
OPTSTK,ONGC,29-Jun-17,170,CE,0,0,0,18.25,16.15,0,0,0,0,17-Apr-17
OPTSTK,ONGC,29-Jun-17,172.5,CE,0,0,0,16.3,14.05,0,0,0,0,17-Apr-17
OPTSTK,ONGC,29-Jun-17,175,CE,0,0,0,14.45,12.1,0,0,0,0,17-Apr-17
OPTSTK,ONGC,29-Jun-17,177.5,CE,0,0,0,12.7,10.3,0,0,0,0,17-Apr-17
OPTSTK,ONGC,29-Jun-17,180,CE,0,0,0,11.1,8.65,0,0,0,0,17-Apr-17
OPTSTK,ONGC,29-Jun-17,182.5,CE,0,0,0,9.6,7.15,0,0,0,0,17-Apr-17
OPTSTK,ONGC,29-Jun-17,185,CE,0,0,0,8.25,5.8,0,0,0,0,17-Apr-17
OPTSTK,ONGC,29-Jun-17,187.5,CE,0,0,0,7,4.65,0,0,0,0,17-Apr-17
OPTSTK,ONGC,29-Jun-17,190,CE,0,0,0,5.95,3.7,0,0,0,0,17-Apr-17
OPTSTK,ONGC,29-Jun-17,192.5,CE,0,0,0,4.95,2.9,0,0,0,0,17-Apr-17
OPTSTK,ONGC,29-Jun-17,195,CE,0,0,0,4.15,2.2,0,0,0,0,17-Apr-17
OPTSTK,ONGC,29-Jun-17,197.5,CE,0,0,0,3.4,1.7,0,0,0,0,17-Apr-17
OPTSTK,ONGC,29-Jun-17,200,CE,0,0,0,2.8,1.25,0,0,0,0,17-Apr-17
OPTSTK,ONGC,29-Jun-17,202.5,CE,0,0,0,2.25,0.9,0,0,0,0,17-Apr-17
OPTSTK,ONGC,29-Jun-17,205,CE,0,0,0,1.8,0.65,0,0,0,0,17-Apr-17
OPTSTK,ONGC,29-Jun-17,207.5,CE,0,0,0,1.45,0.5,0,0,0,0,17-Apr-17
OPTSTK,ONGC,29-Jun-17,210,CE,0,0,0,1.15,0.35,0,0,0,0,17-Apr-17
OPTSTK,ONGC,29-Jun-17,212.5,CE,0,0,0,0.9,0.25,0,0,0,0,17-Apr-17
OPTSTK,ONGC,29-Jun-17,215,CE,0,0,0,0.7,0.15,0,0,0,0,17-Apr-17
OPTSTK,ONGC,29-Jun-17,217.5,CE,0,0,0,0.55,0.1,0,0,0,0,17-Apr-17
OPTSTK,ONGC,29-Jun-17,220,CE,0,0,0,0.45,0.1,0,0,0,0,17-Apr-17
OPTSTK,ONGC,29-Jun-17,222.5,CE,0,0,0,0.35,0.05,0,0,0,0,17-Apr-17
OPTSTK,ONGC,29-Jun-17,225,CE,0,0,0,0.25,0.05,0,0,0,0,17-Apr-17
OPTSTK,ONGC,29-Jun-17,227.5,CE,0,0,0,0.2,0.05,0,0,0,0,17-Apr-17
OPTSTK,ONGC,29-Jun-17,230,CE,0,0,0,0.15,0.05,0,0,0,0,17-Apr-17
OPTSTK,ONGC,29-Jun-17,232.5,CE,0,0,0,0.1,0.05,0,0,0,0,17-Apr-17
OPTSTK,ONGC,29-Jun-17,235,CE,0,0,0,0.1,0,0,0,0,0,17-Apr-17
OPTSTK,ONGC,29-Jun-17,135,PE,0,0,0,0.05,0,0,0,0,0,17-Apr-17
OPTSTK,ONGC,29-Jun-17,137.5,PE,0,0,0,0.05,0,0,0,0,0,17-Apr-17
OPTSTK,ONGC,29-Jun-17,140,PE,0,0,0,0.05,0,0,0,0,0,17-Apr-17
OPTSTK,ONGC,29-Jun-17,142.5,PE,0,0,0,0.05,0,0,0,0,0,17-Apr-17
OPTSTK,ONGC,29-Jun-17,145,PE,0,0,0,0.05,0,0,0,0,0,17-Apr-17
OPTSTK,ONGC,29-Jun-17,147.5,PE,0,0,0,0.05,0,0,0,0,0,17-Apr-17
OPTSTK,ONGC,29-Jun-17,150,PE,0,0,0,0.1,0.05,0,0,0,0,17-Apr-17
OPTSTK,ONGC,29-Jun-17,152.5,PE,0,0,0,0.15,0.05,0,0,0,0,17-Apr-17
OPTSTK,ONGC,29-Jun-17,155,PE,0,0,0,0.2,0.05,0,0,0,0,17-Apr-17
OPTSTK,ONGC,29-Jun-17,157.5,PE,0,0,0,0.3,0.1,0,0,0,0,17-Apr-17
OPTSTK,ONGC,29-Jun-17,160,PE,0,0,0,0.45,0.15,0,0,0,0,17-Apr-17
OPTSTK,ONGC,29-Jun-17,162.5,PE,0,0,0,0.6,0.25,0,0,0,0,17-Apr-17
OPTSTK,ONGC,29-Jun-17,165,PE,0,0,0,0.85,0.35,0,0,0,0,17-Apr-17
OPTSTK,ONGC,29-Jun-17,167.5,PE,0,0,0,1.15,0.55,0,0,0,0,17-Apr-17
OPTSTK,ONGC,29-Jun-17,170,PE,0,0,0,1.55,0.85,0,0,0,0,17-Apr-17
OPTSTK,ONGC,29-Jun-17,172.5,PE,0,0,0,2.05,1.25,0,0,0,0,17-Apr-17
OPTSTK,ONGC,29-Jun-17,175,PE,0,0,0,2.65,1.75,0,0,0,0,17-Apr-17
OPTSTK,ONGC,29-Jun-17,177.5,PE,0,0,0,3.35,2.4,0,0,0,0,17-Apr-17
OPTSTK,ONGC,29-Jun-17,180,PE,0,0,0,4.2,3.2,0,0,0,0,17-Apr-17
OPTSTK,ONGC,29-Jun-17,182.5,PE,0,0,0,5.2,4.2,0,0,0,0,17-Apr-17
OPTSTK,ONGC,29-Jun-17,185,PE,0,0,0,6.3,5.35,0,0,0,0,17-Apr-17
OPTSTK,ONGC,29-Jun-17,187.5,PE,0,0,0,7.55,6.65,0,0,0,0,17-Apr-17
OPTSTK,ONGC,29-Jun-17,190,PE,0,0,0,8.9,8.15,0,0,0,0,17-Apr-17
OPTSTK,ONGC,29-Jun-17,192.5,PE,0,0,0,10.4,9.8,0,0,0,0,17-Apr-17
OPTSTK,ONGC,29-Jun-17,195,PE,0,0,0,12,11.6,0,0,0,0,17-Apr-17
OPTSTK,ONGC,29-Jun-17,197.5,PE,0,0,0,13.75,13.55,0,0,0,0,17-Apr-17
OPTSTK,ONGC,29-Jun-17,200,PE,0,0,0,15.6,15.55,0,0,0,0,17-Apr-17
OPTSTK,ONGC,29-Jun-17,202.5,PE,0,0,0,17.5,17.7,0,0,0,0,17-Apr-17
OPTSTK,ONGC,29-Jun-17,205,PE,0,0,0,19.55,19.9,0,0,0,0,17-Apr-17
OPTSTK,ONGC,29-Jun-17,207.5,PE,0,0,0,21.65,22.2,0,0,0,0,17-Apr-17
OPTSTK,ONGC,29-Jun-17,210,PE,0,0,0,23.8,24.55,0,0,0,0,17-Apr-17
OPTSTK,ONGC,29-Jun-17,212.5,PE,0,0,0,26,26.9,0,0,0,0,17-Apr-17
OPTSTK,ONGC,29-Jun-17,215,PE,0,0,0,28.25,29.3,0,0,0,0,17-Apr-17
OPTSTK,ONGC,29-Jun-17,217.5,PE,0,0,0,30.55,31.7,0,0,0,0,17-Apr-17
OPTSTK,ONGC,29-Jun-17,220,PE,0,0,0,32.9,34.15,0,0,0,0,17-Apr-17
OPTSTK,ONGC,29-Jun-17,222.5,PE,0,0,0,35.25,36.6,0,0,0,0,17-Apr-17
OPTSTK,ONGC,29-Jun-17,225,PE,0,0,0,37.65,39.05,0,0,0,0,17-Apr-17
OPTSTK,ONGC,29-Jun-17,227.5,PE,0,0,0,40.05,41.5,0,0,0,0,17-Apr-17
OPTSTK,ONGC,29-Jun-17,230,PE,0,0,0,42.45,43.95,0,0,0,0,17-Apr-17
OPTSTK,ONGC,29-Jun-17,232.5,PE,0,0,0,44.9,46.4,0,0,0,0,17-Apr-17
OPTSTK,ONGC,29-Jun-17,235,PE,0,0,0,47.3,48.9,0,0,0,0,17-Apr-17
OPTSTK,ORIENTBANK,27-Apr-17,80,CE,0,0,0,37.5,72.5,0,0,0,0,17-Apr-17
OPTSTK,ORIENTBANK,27-Apr-17,85,CE,0,0,0,32.7,67.5,0,0,0,0,17-Apr-17
OPTSTK,ORIENTBANK,27-Apr-17,90,CE,0,0,0,28.1,62.55,0,0,0,0,17-Apr-17
OPTSTK,ORIENTBANK,27-Apr-17,95,CE,0,0,0,23.7,57.55,0,0,0,0,17-Apr-17
OPTSTK,ORIENTBANK,27-Apr-17,100,CE,0,0,0,41.15,52.55,0,0,6000,0,17-Apr-17
OPTSTK,ORIENTBANK,27-Apr-17,102.5,CE,0,0,0,41.45,50.05,0,0,0,0,17-Apr-17
OPTSTK,ORIENTBANK,27-Apr-17,105,CE,0,0,0,15.9,47.55,0,0,0,0,17-Apr-17
OPTSTK,ORIENTBANK,27-Apr-17,107.5,CE,0,0,0,36.5,45.05,0,0,0,0,17-Apr-17
OPTSTK,ORIENTBANK,27-Apr-17,110,CE,0,0,0,12.65,42.55,0,0,0,0,17-Apr-17
OPTSTK,ORIENTBANK,27-Apr-17,112.5,CE,0,0,0,31.6,40.05,0,0,0,0,17-Apr-17
OPTSTK,ORIENTBANK,27-Apr-17,115,CE,0,0,0,9.85,37.55,0,0,0,0,17-Apr-17
OPTSTK,ORIENTBANK,27-Apr-17,117.5,CE,0,0,0,26.85,35.1,0,0,0,0,17-Apr-17
OPTSTK,ORIENTBANK,27-Apr-17,120,CE,0,0,0,8.45,32.6,0,0,12000,0,17-Apr-17
OPTSTK,ORIENTBANK,27-Apr-17,122.5,CE,0,0,0,22.3,30.1,0,0,0,0,17-Apr-17
OPTSTK,ORIENTBANK,27-Apr-17,125,CE,0,0,0,27.2,27.6,0,0,18000,0,17-Apr-17
OPTSTK,ORIENTBANK,27-Apr-17,127.5,CE,0,0,0,18.05,25.15,0,0,0,0,17-Apr-17
OPTSTK,ORIENTBANK,27-Apr-17,130,CE,0,0,0,22.45,22.65,0,0,42000,0,17-Apr-17
OPTSTK,ORIENTBANK,27-Apr-17,132.5,CE,0,0,0,14.2,20.25,0,0,0,0,17-Apr-17
OPTSTK,ORIENTBANK,27-Apr-17,135,CE,0,0,0,18.15,17.85,0,0,54000,0,17-Apr-17
OPTSTK,ORIENTBANK,27-Apr-17,137.5,CE,0,0,0,10.8,15.55,0,0,0,0,17-Apr-17
OPTSTK,ORIENTBANK,27-Apr-17,140,CE,11.95,11.95,11.95,11.95,11.95,1,9.11,216000,0,17-Apr-17
OPTSTK,ORIENTBANK,27-Apr-17,142.5,CE,0,0,0,8,11.25,0,0,0,0,17-Apr-17
OPTSTK,ORIENTBANK,27-Apr-17,145,CE,0,0,0,8.5,9.35,0,0,192000,0,17-Apr-17
OPTSTK,ORIENTBANK,27-Apr-17,147.5,CE,0,0,0,7.5,7.6,0,0,30000,0,17-Apr-17
OPTSTK,ORIENTBANK,27-Apr-17,150,CE,4,5,3.45,4.85,4.85,33,305.17,414000,72000,17-Apr-17
OPTSTK,ORIENTBANK,27-Apr-17,152.5,CE,2.55,3.5,2.55,3.4,3.4,9,84.03,84000,18000,17-Apr-17
OPTSTK,ORIENTBANK,27-Apr-17,155,CE,2,2.7,1.9,2.55,2.55,36,339.85,348000,0,17-Apr-17
OPTSTK,ORIENTBANK,27-Apr-17,157.5,CE,1.5,1.5,1.5,1.5,1.5,1,9.54,18000,6000,17-Apr-17
OPTSTK,ORIENTBANK,27-Apr-17,160,CE,1.2,1.3,0.85,1.25,1.25,27,260.96,432000,-30000,17-Apr-17
OPTSTK,ORIENTBANK,27-Apr-17,162.5,CE,0,0,0,0.35,1.4,0,0,6000,0,17-Apr-17
OPTSTK,ORIENTBANK,27-Apr-17,165,CE,0.45,0.75,0.45,0.7,0.7,6,59.6,126000,0,17-Apr-17
OPTSTK,ORIENTBANK,27-Apr-17,167.5,CE,0.65,0.65,0.5,0.5,0.5,4,40.34,18000,12000,17-Apr-17
OPTSTK,ORIENTBANK,27-Apr-17,170,CE,0.4,0.5,0.25,0.5,0.5,14,143.13,210000,18000,17-Apr-17
OPTSTK,ORIENTBANK,27-Apr-17,172.5,CE,0,0,0,0.45,0.3,0,0,12000,0,17-Apr-17
OPTSTK,ORIENTBANK,27-Apr-17,175,CE,0,0,0,0.25,0.2,0,0,12000,0,17-Apr-17
OPTSTK,ORIENTBANK,27-Apr-17,177.5,CE,0,0,0,0.45,0.15,0,0,0,0,17-Apr-17
OPTSTK,ORIENTBANK,27-Apr-17,180,CE,0,0,0,1.25,0.1,0,0,0,0,17-Apr-17
OPTSTK,ORIENTBANK,27-Apr-17,80,PE,0,0,0,0.1,0,0,0,0,0,17-Apr-17
OPTSTK,ORIENTBANK,27-Apr-17,85,PE,0,0,0,0.25,0,0,0,0,0,17-Apr-17
OPTSTK,ORIENTBANK,27-Apr-17,90,PE,0,0,0,0.55,0,0,0,0,0,17-Apr-17
OPTSTK,ORIENTBANK,27-Apr-17,95,PE,0,0,0,1.1,0,0,0,0,0,17-Apr-17
OPTSTK,ORIENTBANK,27-Apr-17,100,PE,0,0,0,1.9,0,0,0,0,0,17-Apr-17
OPTSTK,ORIENTBANK,27-Apr-17,102.5,PE,0,0,0,0.05,0,0,0,0,0,17-Apr-17
OPTSTK,ORIENTBANK,27-Apr-17,105,PE,0,0,0,3.15,0,0,0,0,0,17-Apr-17
OPTSTK,ORIENTBANK,27-Apr-17,107.5,PE,0,0,0,0.05,0,0,0,0,0,17-Apr-17
OPTSTK,ORIENTBANK,27-Apr-17,110,PE,0,0,0,0.1,0,0,0,6000,0,17-Apr-17
OPTSTK,ORIENTBANK,27-Apr-17,112.5,PE,0,0,0,0.15,0,0,0,0,0,17-Apr-17
OPTSTK,ORIENTBANK,27-Apr-17,115,PE,0,0,0,0.25,0,0,0,6000,0,17-Apr-17
OPTSTK,ORIENTBANK,27-Apr-17,117.5,PE,0,0,0,0.4,0,0,0,0,0,17-Apr-17
OPTSTK,ORIENTBANK,27-Apr-17,120,PE,0,0,0,0.1,0,0,0,18000,0,17-Apr-17
OPTSTK,ORIENTBANK,27-Apr-17,122.5,PE,0,0,0,0.25,0.05,0,0,6000,0,17-Apr-17
OPTSTK,ORIENTBANK,27-Apr-17,125,PE,0.1,0.1,0.1,0.1,0.1,1,7.5,78000,0,17-Apr-17
OPTSTK,ORIENTBANK,27-Apr-17,127.5,PE,0,0,0,1.5,0.05,0,0,0,0,17-Apr-17
OPTSTK,ORIENTBANK,27-Apr-17,130,PE,0,0,0,0.3,0.1,0,0,192000,0,17-Apr-17
OPTSTK,ORIENTBANK,27-Apr-17,132.5,PE,0,0,0,1.25,0.15,0,0,6000,0,17-Apr-17
OPTSTK,ORIENTBANK,27-Apr-17,135,PE,0.25,0.25,0.25,0.25,0.25,1,8.11,108000,6000,17-Apr-17
OPTSTK,ORIENTBANK,27-Apr-17,137.5,PE,0,0,0,1.4,0.45,0,0,0,0,17-Apr-17
OPTSTK,ORIENTBANK,27-Apr-17,140,PE,0.9,0.95,0.65,0.7,0.7,11,92.91,288000,12000,17-Apr-17
OPTSTK,ORIENTBANK,27-Apr-17,142.5,PE,0,0,0,0.9,1.15,0,0,12000,0,17-Apr-17
OPTSTK,ORIENTBANK,27-Apr-17,145,PE,1.9,1.95,1.35,1.35,1.35,4,35.2,174000,0,17-Apr-17
OPTSTK,ORIENTBANK,27-Apr-17,147.5,PE,2.45,2.45,2.45,2.45,2.45,1,8.99,36000,6000,17-Apr-17
OPTSTK,ORIENTBANK,27-Apr-17,150,PE,3.8,4.05,2.8,2.85,2.85,22,202.6,294000,18000,17-Apr-17
OPTSTK,ORIENTBANK,27-Apr-17,152.5,PE,0,0,0,12.3,4.6,0,0,0,0,17-Apr-17
OPTSTK,ORIENTBANK,27-Apr-17,155,PE,5.7,5.7,5.7,5.7,5.7,1,9.64,66000,-6000,17-Apr-17
OPTSTK,ORIENTBANK,27-Apr-17,157.5,PE,0,0,0,16,7.55,0,0,0,0,17-Apr-17
OPTSTK,ORIENTBANK,27-Apr-17,160,PE,0,0,0,10.5,9.35,0,0,6000,0,17-Apr-17
OPTSTK,ORIENTBANK,27-Apr-17,162.5,PE,0,0,0,20.05,11.3,0,0,0,0,17-Apr-17
OPTSTK,ORIENTBANK,27-Apr-17,165,PE,0,0,0,25.65,13.35,0,0,6000,0,17-Apr-17
OPTSTK,ORIENTBANK,27-Apr-17,167.5,PE,0,0,0,24.4,15.55,0,0,0,0,17-Apr-17
OPTSTK,ORIENTBANK,27-Apr-17,170,PE,0,0,0,48.7,17.8,0,0,0,0,17-Apr-17
OPTSTK,ORIENTBANK,27-Apr-17,172.5,PE,0,0,0,28.95,20.15,0,0,0,0,17-Apr-17
OPTSTK,ORIENTBANK,27-Apr-17,175,PE,0,0,0,48.85,22.55,0,0,0,0,17-Apr-17
OPTSTK,ORIENTBANK,27-Apr-17,177.5,PE,0,0,0,33.65,24.95,0,0,0,0,17-Apr-17
OPTSTK,ORIENTBANK,27-Apr-17,180,PE,0,0,0,47.85,27.45,0,0,0,0,17-Apr-17
OPTSTK,ORIENTBANK,25-May-17,80,CE,0,0,0,45.95,72.9,0,0,0,0,17-Apr-17
OPTSTK,ORIENTBANK,25-May-17,85,CE,0,0,0,41.15,67.95,0,0,0,0,17-Apr-17
OPTSTK,ORIENTBANK,25-May-17,90,CE,0,0,0,36.45,63,0,0,0,0,17-Apr-17
OPTSTK,ORIENTBANK,25-May-17,95,CE,0,0,0,31.95,58,0,0,0,0,17-Apr-17
OPTSTK,ORIENTBANK,25-May-17,100,CE,0,0,0,27.6,53.05,0,0,0,0,17-Apr-17
OPTSTK,ORIENTBANK,25-May-17,102.5,CE,0,0,0,42.15,50.6,0,0,0,0,17-Apr-17
OPTSTK,ORIENTBANK,25-May-17,105,CE,0,0,0,23.55,48.1,0,0,0,0,17-Apr-17
OPTSTK,ORIENTBANK,25-May-17,107.5,CE,0,0,0,37.45,45.65,0,0,0,0,17-Apr-17
OPTSTK,ORIENTBANK,25-May-17,110,CE,0,0,0,19.85,43.2,0,0,0,0,17-Apr-17
OPTSTK,ORIENTBANK,25-May-17,112.5,CE,0,0,0,32.85,40.75,0,0,0,0,17-Apr-17
OPTSTK,ORIENTBANK,25-May-17,115,CE,0,0,0,16.5,38.35,0,0,0,0,17-Apr-17
OPTSTK,ORIENTBANK,25-May-17,117.5,CE,0,0,0,28.45,35.95,0,0,0,0,17-Apr-17
OPTSTK,ORIENTBANK,25-May-17,120,CE,0,0,0,13.55,33.6,0,0,0,0,17-Apr-17
OPTSTK,ORIENTBANK,25-May-17,122.5,CE,0,0,0,24.35,31.3,0,0,0,0,17-Apr-17
OPTSTK,ORIENTBANK,25-May-17,125,CE,0,0,0,10.95,29,0,0,0,0,17-Apr-17
OPTSTK,ORIENTBANK,25-May-17,127.5,CE,0,0,0,20.55,26.8,0,0,0,0,17-Apr-17
OPTSTK,ORIENTBANK,25-May-17,130,CE,0,0,0,8.75,24.65,0,0,0,0,17-Apr-17
OPTSTK,ORIENTBANK,25-May-17,132.5,CE,0,0,0,17.05,22.6,0,0,0,0,17-Apr-17
OPTSTK,ORIENTBANK,25-May-17,135,CE,0,0,0,6.95,20.6,0,0,0,0,17-Apr-17
OPTSTK,ORIENTBANK,25-May-17,137.5,CE,0,0,0,14,18.7,0,0,0,0,17-Apr-17
OPTSTK,ORIENTBANK,25-May-17,140,CE,0,0,0,5.4,16.9,0,0,0,0,17-Apr-17
OPTSTK,ORIENTBANK,25-May-17,142.5,CE,0,0,0,11.3,15.2,0,0,0,0,17-Apr-17
OPTSTK,ORIENTBANK,25-May-17,145,CE,0,0,0,4.2,13.6,0,0,0,0,17-Apr-17
OPTSTK,ORIENTBANK,25-May-17,147.5,CE,0,0,0,9,12.1,0,0,0,0,17-Apr-17
OPTSTK,ORIENTBANK,25-May-17,150,CE,0,0,0,6.45,10.75,0,0,12000,0,17-Apr-17
OPTSTK,ORIENTBANK,25-May-17,152.5,CE,0,0,0,7.1,9.5,0,0,0,0,17-Apr-17
OPTSTK,ORIENTBANK,25-May-17,155,CE,0,0,0,2.45,8.3,0,0,0,0,17-Apr-17
OPTSTK,ORIENTBANK,25-May-17,157.5,CE,0,0,0,5.5,7.3,0,0,0,0,17-Apr-17
OPTSTK,ORIENTBANK,25-May-17,160,CE,0,0,0,5.25,6.35,0,0,6000,0,17-Apr-17
OPTSTK,ORIENTBANK,25-May-17,162.5,CE,0,0,0,4.25,5.5,0,0,0,0,17-Apr-17
OPTSTK,ORIENTBANK,25-May-17,165,CE,0,0,0,1.4,4.75,0,0,0,0,17-Apr-17
OPTSTK,ORIENTBANK,25-May-17,167.5,CE,0,0,0,3.2,4.05,0,0,0,0,17-Apr-17
OPTSTK,ORIENTBANK,25-May-17,170,CE,0,0,0,1.05,3.5,0,0,0,0,17-Apr-17
OPTSTK,ORIENTBANK,25-May-17,172.5,CE,0,0,0,2.4,2.95,0,0,0,0,17-Apr-17
OPTSTK,ORIENTBANK,25-May-17,175,CE,0,0,0,0.75,2.5,0,0,0,0,17-Apr-17
OPTSTK,ORIENTBANK,25-May-17,177.5,CE,0,0,0,1.8,2.15,0,0,0,0,17-Apr-17
OPTSTK,ORIENTBANK,25-May-17,180,CE,0,0,0,0.4,1.8,0,0,0,0,17-Apr-17
OPTSTK,ORIENTBANK,25-May-17,80,PE,0,0,0,0.1,0,0,0,0,0,17-Apr-17
OPTSTK,ORIENTBANK,25-May-17,85,PE,0,0,0,0.25,0,0,0,0,0,17-Apr-17
OPTSTK,ORIENTBANK,25-May-17,90,PE,0,0,0,0.45,0,0,0,0,0,17-Apr-17
OPTSTK,ORIENTBANK,25-May-17,95,PE,0,0,0,0.85,0,0,0,0,0,17-Apr-17
OPTSTK,ORIENTBANK,25-May-17,100,PE,0,0,0,1.45,0.05,0,0,0,0,17-Apr-17
OPTSTK,ORIENTBANK,25-May-17,102.5,PE,0,0,0,0.25,0.05,0,0,0,0,17-Apr-17
OPTSTK,ORIENTBANK,25-May-17,105,PE,0,0,0,2.3,0.05,0,0,0,0,17-Apr-17
OPTSTK,ORIENTBANK,25-May-17,107.5,PE,0,0,0,0.45,0.05,0,0,0,0,17-Apr-17
OPTSTK,ORIENTBANK,25-May-17,110,PE,0,0,0,3.55,0.1,0,0,0,0,17-Apr-17
OPTSTK,ORIENTBANK,25-May-17,112.5,PE,0,0,0,0.8,0.15,0,0,0,0,17-Apr-17
OPTSTK,ORIENTBANK,25-May-17,115,PE,0,0,0,5.1,0.2,0,0,0,0,17-Apr-17
OPTSTK,ORIENTBANK,25-May-17,117.5,PE,0,0,0,1.35,0.3,0,0,0,0,17-Apr-17
OPTSTK,ORIENTBANK,25-May-17,120,PE,0,0,0,7.05,0.45,0,0,0,0,17-Apr-17
OPTSTK,ORIENTBANK,25-May-17,122.5,PE,0,0,0,2.2,0.6,0,0,0,0,17-Apr-17
OPTSTK,ORIENTBANK,25-May-17,125,PE,0,0,0,9.4,0.8,0,0,0,0,17-Apr-17
OPTSTK,ORIENTBANK,25-May-17,127.5,PE,0,0,0,3.35,1.1,0,0,0,0,17-Apr-17
OPTSTK,ORIENTBANK,25-May-17,130,PE,0,0,0,12.15,1.4,0,0,0,0,17-Apr-17
OPTSTK,ORIENTBANK,25-May-17,132.5,PE,0,0,0,4.8,1.85,0,0,0,0,17-Apr-17
OPTSTK,ORIENTBANK,25-May-17,135,PE,0,0,0,15.2,2.35,0,0,0,0,17-Apr-17
OPTSTK,ORIENTBANK,25-May-17,137.5,PE,0,0,0,6.7,2.9,0,0,0,0,17-Apr-17
OPTSTK,ORIENTBANK,25-May-17,140,PE,0,0,0,18.6,3.6,0,0,0,0,17-Apr-17
OPTSTK,ORIENTBANK,25-May-17,142.5,PE,0,0,0,8.95,4.35,0,0,0,0,17-Apr-17
OPTSTK,ORIENTBANK,25-May-17,145,PE,0,0,0,22.35,5.25,0,0,0,0,17-Apr-17
OPTSTK,ORIENTBANK,25-May-17,147.5,PE,0,0,0,11.6,6.25,0,0,0,0,17-Apr-17
OPTSTK,ORIENTBANK,25-May-17,150,PE,0,0,0,10.5,7.4,0,0,6000,0,17-Apr-17
OPTSTK,ORIENTBANK,25-May-17,152.5,PE,0,0,0,14.65,8.6,0,0,0,0,17-Apr-17
OPTSTK,ORIENTBANK,25-May-17,155,PE,0,0,0,30.4,9.95,0,0,0,0,17-Apr-17
OPTSTK,ORIENTBANK,25-May-17,157.5,PE,0,0,0,18,11.35,0,0,0,0,17-Apr-17
OPTSTK,ORIENTBANK,25-May-17,160,PE,0,0,0,34.75,12.9,0,0,0,0,17-Apr-17
OPTSTK,ORIENTBANK,25-May-17,162.5,PE,0,0,0,21.7,14.55,0,0,0,0,17-Apr-17
OPTSTK,ORIENTBANK,25-May-17,165,PE,0,0,0,39.2,16.25,0,0,0,0,17-Apr-17
OPTSTK,ORIENTBANK,25-May-17,167.5,PE,0,0,0,25.6,18.1,0,0,0,0,17-Apr-17
OPTSTK,ORIENTBANK,25-May-17,170,PE,0,0,0,43.75,20,0,0,0,0,17-Apr-17
OPTSTK,ORIENTBANK,25-May-17,172.5,PE,0,0,0,29.75,21.95,0,0,0,0,17-Apr-17
OPTSTK,ORIENTBANK,25-May-17,175,PE,0,0,0,48.4,24,0,0,0,0,17-Apr-17
OPTSTK,ORIENTBANK,25-May-17,177.5,PE,0,0,0,34.1,26.1,0,0,0,0,17-Apr-17
OPTSTK,ORIENTBANK,25-May-17,180,PE,0,0,0,48.5,28.25,0,0,0,0,17-Apr-17
OPTSTK,ORIENTBANK,29-Jun-17,92.5,CE,0,0,0,52.65,61.1,0,0,0,0,17-Apr-17
OPTSTK,ORIENTBANK,29-Jun-17,95,CE,0,0,0,50.3,58.65,0,0,0,0,17-Apr-17
OPTSTK,ORIENTBANK,29-Jun-17,97.5,CE,0,0,0,47.95,56.25,0,0,0,0,17-Apr-17
OPTSTK,ORIENTBANK,29-Jun-17,100,CE,0,0,0,45.6,53.8,0,0,0,0,17-Apr-17
OPTSTK,ORIENTBANK,29-Jun-17,102.5,CE,0,0,0,43.3,51.4,0,0,0,0,17-Apr-17
OPTSTK,ORIENTBANK,29-Jun-17,105,CE,0,0,0,41.05,49.05,0,0,0,0,17-Apr-17
OPTSTK,ORIENTBANK,29-Jun-17,107.5,CE,0,0,0,38.85,46.7,0,0,0,0,17-Apr-17
OPTSTK,ORIENTBANK,29-Jun-17,110,CE,0,0,0,36.7,44.35,0,0,0,0,17-Apr-17
OPTSTK,ORIENTBANK,29-Jun-17,112.5,CE,0,0,0,34.55,42.05,0,0,0,0,17-Apr-17
OPTSTK,ORIENTBANK,29-Jun-17,115,CE,0,0,0,32.5,39.8,0,0,0,0,17-Apr-17
OPTSTK,ORIENTBANK,29-Jun-17,117.5,CE,0,0,0,30.5,37.6,0,0,0,0,17-Apr-17
OPTSTK,ORIENTBANK,29-Jun-17,120,CE,0,0,0,28.6,35.4,0,0,0,0,17-Apr-17
OPTSTK,ORIENTBANK,29-Jun-17,122.5,CE,0,0,0,26.7,33.3,0,0,0,0,17-Apr-17
OPTSTK,ORIENTBANK,29-Jun-17,125,CE,0,0,0,24.9,31.25,0,0,0,0,17-Apr-17
OPTSTK,ORIENTBANK,29-Jun-17,127.5,CE,0,0,0,23.2,29.25,0,0,0,0,17-Apr-17
OPTSTK,ORIENTBANK,29-Jun-17,130,CE,0,0,0,21.55,27.3,0,0,0,0,17-Apr-17
OPTSTK,ORIENTBANK,29-Jun-17,132.5,CE,0,0,0,20,25.45,0,0,0,0,17-Apr-17
OPTSTK,ORIENTBANK,29-Jun-17,135,CE,0,0,0,18.5,23.7,0,0,0,0,17-Apr-17
OPTSTK,ORIENTBANK,29-Jun-17,137.5,CE,0,0,0,17.1,21.95,0,0,0,0,17-Apr-17
OPTSTK,ORIENTBANK,29-Jun-17,140,CE,0,0,0,15.75,20.35,0,0,0,0,17-Apr-17
OPTSTK,ORIENTBANK,29-Jun-17,142.5,CE,0,0,0,14.5,18.8,0,0,0,0,17-Apr-17
OPTSTK,ORIENTBANK,29-Jun-17,145,CE,0,0,0,13.3,17.3,0,0,0,0,17-Apr-17
OPTSTK,ORIENTBANK,29-Jun-17,147.5,CE,0,0,0,12.2,15.95,0,0,0,0,17-Apr-17
OPTSTK,ORIENTBANK,29-Jun-17,150,CE,0,0,0,11.2,14.6,0,0,0,0,17-Apr-17
OPTSTK,ORIENTBANK,29-Jun-17,152.5,CE,0,0,0,10.2,13.4,0,0,0,0,17-Apr-17
OPTSTK,ORIENTBANK,29-Jun-17,155,CE,0,0,0,9.3,12.25,0,0,0,0,17-Apr-17
OPTSTK,ORIENTBANK,29-Jun-17,157.5,CE,0,0,0,8.5,11.15,0,0,0,0,17-Apr-17
OPTSTK,ORIENTBANK,29-Jun-17,160,CE,0,0,0,7.7,10.15,0,0,0,0,17-Apr-17
OPTSTK,ORIENTBANK,29-Jun-17,162.5,CE,0,0,0,7,9.25,0,0,0,0,17-Apr-17
OPTSTK,ORIENTBANK,29-Jun-17,165,CE,0,0,0,6.35,8.4,0,0,0,0,17-Apr-17
OPTSTK,ORIENTBANK,29-Jun-17,167.5,CE,0,0,0,5.75,7.6,0,0,0,0,17-Apr-17
OPTSTK,ORIENTBANK,29-Jun-17,170,CE,0,0,0,5.2,6.85,0,0,0,0,17-Apr-17
OPTSTK,ORIENTBANK,29-Jun-17,172.5,CE,0,0,0,4.7,6.2,0,0,0,0,17-Apr-17
OPTSTK,ORIENTBANK,29-Jun-17,175,CE,0,0,0,4.25,5.55,0,0,0,0,17-Apr-17
OPTSTK,ORIENTBANK,29-Jun-17,177.5,CE,0,0,0,3.85,5,0,0,0,0,17-Apr-17
OPTSTK,ORIENTBANK,29-Jun-17,180,CE,0,0,0,3.45,4.5,0,0,0,0,17-Apr-17
OPTSTK,ORIENTBANK,29-Jun-17,92.5,PE,0,0,0,0.25,0.05,0,0,0,0,17-Apr-17
OPTSTK,ORIENTBANK,29-Jun-17,95,PE,0,0,0,0.3,0.1,0,0,0,0,17-Apr-17
OPTSTK,ORIENTBANK,29-Jun-17,97.5,PE,0,0,0,0.4,0.15,0,0,0,0,17-Apr-17
OPTSTK,ORIENTBANK,29-Jun-17,100,PE,0,0,0,0.55,0.2,0,0,0,0,17-Apr-17
OPTSTK,ORIENTBANK,29-Jun-17,102.5,PE,0,0,0,0.7,0.25,0,0,0,0,17-Apr-17
OPTSTK,ORIENTBANK,29-Jun-17,105,PE,0,0,0,0.95,0.35,0,0,0,0,17-Apr-17
OPTSTK,ORIENTBANK,29-Jun-17,107.5,PE,0,0,0,1.15,0.45,0,0,0,0,17-Apr-17
OPTSTK,ORIENTBANK,29-Jun-17,110,PE,0,0,0,1.45,0.6,0,0,0,0,17-Apr-17
OPTSTK,ORIENTBANK,29-Jun-17,112.5,PE,0,0,0,1.8,0.75,0,0,0,0,17-Apr-17
OPTSTK,ORIENTBANK,29-Jun-17,115,PE,0,0,0,2.2,0.95,0,0,0,0,17-Apr-17
OPTSTK,ORIENTBANK,29-Jun-17,117.5,PE,0,0,0,2.65,1.2,0,0,0,0,17-Apr-17
OPTSTK,ORIENTBANK,29-Jun-17,120,PE,0,0,0,3.2,1.5,0,0,0,0,17-Apr-17
OPTSTK,ORIENTBANK,29-Jun-17,122.5,PE,0,0,0,3.8,1.85,0,0,0,0,17-Apr-17
OPTSTK,ORIENTBANK,29-Jun-17,125,PE,0,0,0,4.45,2.3,0,0,0,0,17-Apr-17
OPTSTK,ORIENTBANK,29-Jun-17,127.5,PE,0,0,0,5.2,2.75,0,0,0,0,17-Apr-17
OPTSTK,ORIENTBANK,29-Jun-17,130,PE,0,0,0,6,3.3,0,0,0,0,17-Apr-17
OPTSTK,ORIENTBANK,29-Jun-17,132.5,PE,0,0,0,6.9,3.9,0,0,0,0,17-Apr-17
OPTSTK,ORIENTBANK,29-Jun-17,135,PE,0,0,0,7.85,4.6,0,0,0,0,17-Apr-17
OPTSTK,ORIENTBANK,29-Jun-17,137.5,PE,0,0,0,8.9,5.35,0,0,0,0,17-Apr-17
OPTSTK,ORIENTBANK,29-Jun-17,140,PE,0,0,0,10.05,6.2,0,0,0,0,17-Apr-17
OPTSTK,ORIENTBANK,29-Jun-17,142.5,PE,0,0,0,11.25,7.1,0,0,0,0,17-Apr-17
OPTSTK,ORIENTBANK,29-Jun-17,145,PE,0,0,0,12.5,8.1,0,0,0,0,17-Apr-17
OPTSTK,ORIENTBANK,29-Jun-17,147.5,PE,0,0,0,13.9,9.15,0,0,0,0,17-Apr-17
OPTSTK,ORIENTBANK,29-Jun-17,150,PE,0,0,0,15.3,10.35,0,0,0,0,17-Apr-17
OPTSTK,ORIENTBANK,29-Jun-17,152.5,PE,0,0,0,16.8,11.55,0,0,0,0,17-Apr-17
OPTSTK,ORIENTBANK,29-Jun-17,155,PE,0,0,0,18.35,12.9,0,0,0,0,17-Apr-17
OPTSTK,ORIENTBANK,29-Jun-17,157.5,PE,0,0,0,20,14.3,0,0,0,0,17-Apr-17
OPTSTK,ORIENTBANK,29-Jun-17,160,PE,0,0,0,21.7,15.75,0,0,0,0,17-Apr-17
OPTSTK,ORIENTBANK,29-Jun-17,162.5,PE,0,0,0,23.45,17.3,0,0,0,0,17-Apr-17
OPTSTK,ORIENTBANK,29-Jun-17,165,PE,0,0,0,25.25,18.9,0,0,0,0,17-Apr-17
OPTSTK,ORIENTBANK,29-Jun-17,167.5,PE,0,0,0,27.1,20.55,0,0,0,0,17-Apr-17
OPTSTK,ORIENTBANK,29-Jun-17,170,PE,0,0,0,29,22.3,0,0,0,0,17-Apr-17
OPTSTK,ORIENTBANK,29-Jun-17,172.5,PE,0,0,0,30.95,24.1,0,0,0,0,17-Apr-17
OPTSTK,ORIENTBANK,29-Jun-17,175,PE,0,0,0,32.95,25.95,0,0,0,0,17-Apr-17
OPTSTK,ORIENTBANK,29-Jun-17,177.5,PE,0,0,0,35,27.85,0,0,0,0,17-Apr-17
OPTSTK,ORIENTBANK,29-Jun-17,180,PE,0,0,0,37.05,29.85,0,0,0,0,17-Apr-17
OPTSTK,PAGEIND,27-Apr-17,13350,CE,0,0,0,1537.95,545,0,0,0,0,17-Apr-17
OPTSTK,PAGEIND,27-Apr-17,13400,CE,0,0,0,1614.5,502.05,0,0,0,0,17-Apr-17
OPTSTK,PAGEIND,27-Apr-17,13450,CE,0,0,0,1766.75,460.4,0,0,0,0,17-Apr-17
OPTSTK,PAGEIND,27-Apr-17,13500,CE,0,0,0,1735.05,420.3,0,0,0,0,17-Apr-17
OPTSTK,PAGEIND,27-Apr-17,13550,CE,0,0,0,1703.7,381.75,0,0,0,0,17-Apr-17
OPTSTK,PAGEIND,27-Apr-17,13600,CE,0,0,0,1672.7,344.9,0,0,0,0,17-Apr-17
OPTSTK,PAGEIND,27-Apr-17,13650,CE,0,0,0,1642.1,310,0,0,0,0,17-Apr-17
OPTSTK,PAGEIND,27-Apr-17,13700,CE,0,0,0,1611.85,277.15,0,0,0,0,17-Apr-17
OPTSTK,PAGEIND,27-Apr-17,13750,CE,0,0,0,1581.95,246.3,0,0,0,0,17-Apr-17
OPTSTK,PAGEIND,27-Apr-17,13800,CE,0,0,0,1552.45,217.6,0,0,0,0,17-Apr-17
OPTSTK,PAGEIND,27-Apr-17,13850,CE,0,0,0,1523.3,191.1,0,0,0,0,17-Apr-17
OPTSTK,PAGEIND,27-Apr-17,13900,CE,0,0,0,1494.5,166.7,0,0,0,0,17-Apr-17
OPTSTK,PAGEIND,27-Apr-17,13950,CE,0,0,0,1466.1,144.5,0,0,0,0,17-Apr-17
OPTSTK,PAGEIND,27-Apr-17,14000,CE,0,0,0,1438.05,124.45,0,0,0,0,17-Apr-17
OPTSTK,PAGEIND,27-Apr-17,14050,CE,0,0,0,1410.35,106.5,0,0,0,0,17-Apr-17
OPTSTK,PAGEIND,27-Apr-17,14100,CE,0,0,0,1383.05,90.45,0,0,0,0,17-Apr-17
OPTSTK,PAGEIND,27-Apr-17,14150,CE,0,0,0,1356.1,76.35,0,0,0,0,17-Apr-17
OPTSTK,PAGEIND,27-Apr-17,14200,CE,0,0,0,1329.55,64.05,0,0,0,0,17-Apr-17
OPTSTK,PAGEIND,27-Apr-17,14250,CE,0,0,0,1303.35,53.3,0,0,0,0,17-Apr-17
OPTSTK,PAGEIND,27-Apr-17,14300,CE,0,0,0,1277.5,44,0,0,0,0,17-Apr-17
OPTSTK,PAGEIND,27-Apr-17,14350,CE,0,0,0,1252,36.1,0,0,0,0,17-Apr-17
OPTSTK,PAGEIND,27-Apr-17,14400,CE,0,0,0,1226.9,29.4,0,0,0,0,17-Apr-17
OPTSTK,PAGEIND,27-Apr-17,14450,CE,0,0,0,1202.1,23.75,0,0,0,0,17-Apr-17
OPTSTK,PAGEIND,27-Apr-17,14500,CE,0,0,0,1177.7,19.05,0,0,0,0,17-Apr-17
OPTSTK,PAGEIND,27-Apr-17,14550,CE,0,0,0,1153.65,15.15,0,0,0,0,17-Apr-17
OPTSTK,PAGEIND,27-Apr-17,14600,CE,0,0,0,1130,11.95,0,0,0,0,17-Apr-17
OPTSTK,PAGEIND,27-Apr-17,14650,CE,0,0,0,1106.65,9.4,0,0,0,0,17-Apr-17
OPTSTK,PAGEIND,27-Apr-17,14700,CE,0,0,0,1083.7,7.3,0,0,0,0,17-Apr-17
OPTSTK,PAGEIND,27-Apr-17,14750,CE,0,0,0,1061.1,5.65,0,0,0,0,17-Apr-17
OPTSTK,PAGEIND,27-Apr-17,14800,CE,0,0,0,1038.85,4.3,0,0,0,0,17-Apr-17
OPTSTK,PAGEIND,27-Apr-17,14850,CE,0,0,0,1016.95,3.3,0,0,0,0,17-Apr-17
OPTSTK,PAGEIND,27-Apr-17,14900,CE,0,0,0,995.4,2.5,0,0,0,0,17-Apr-17
OPTSTK,PAGEIND,27-Apr-17,14950,CE,0,0,0,974.2,1.85,0,0,0,0,17-Apr-17
OPTSTK,PAGEIND,27-Apr-17,15000,CE,0,0,0,953.3,1.4,0,0,0,0,17-Apr-17
OPTSTK,PAGEIND,27-Apr-17,15050,CE,0,0,0,932.8,1,0,0,0,0,17-Apr-17
OPTSTK,PAGEIND,27-Apr-17,15100,CE,0,0,0,912.6,0.75,0,0,0,0,17-Apr-17
OPTSTK,PAGEIND,27-Apr-17,15150,CE,0,0,0,892.75,0.55,0,0,0,0,17-Apr-17
OPTSTK,PAGEIND,27-Apr-17,15200,CE,0,0,0,873.25,0.4,0,0,0,0,17-Apr-17
OPTSTK,PAGEIND,27-Apr-17,15250,CE,0,0,0,854.05,0.3,0,0,0,0,17-Apr-17
OPTSTK,PAGEIND,27-Apr-17,15300,CE,0,0,0,835.2,0.2,0,0,0,0,17-Apr-17
OPTSTK,PAGEIND,27-Apr-17,15350,CE,0,0,0,816.7,0.15,0,0,0,0,17-Apr-17
OPTSTK,PAGEIND,27-Apr-17,15400,CE,0,0,0,798.5,0.1,0,0,0,0,17-Apr-17
OPTSTK,PAGEIND,27-Apr-17,13350,PE,0,0,0,404.35,27.5,0,0,0,0,17-Apr-17
OPTSTK,PAGEIND,27-Apr-17,13400,PE,0,0,0,410.4,34.45,0,0,0,0,17-Apr-17
OPTSTK,PAGEIND,27-Apr-17,13450,PE,0,0,0,532.9,42.75,0,0,0,0,17-Apr-17
OPTSTK,PAGEIND,27-Apr-17,13500,PE,0,0,0,550.35,52.5,0,0,0,0,17-Apr-17
OPTSTK,PAGEIND,27-Apr-17,13550,PE,0,0,0,568.2,63.9,0,0,0,0,17-Apr-17
OPTSTK,PAGEIND,27-Apr-17,13600,PE,0,0,0,586.4,77,0,0,0,0,17-Apr-17
OPTSTK,PAGEIND,27-Apr-17,13650,PE,0,0,0,604.95,92,0,0,0,0,17-Apr-17
OPTSTK,PAGEIND,27-Apr-17,13700,PE,0,0,0,623.85,109.05,0,0,0,0,17-Apr-17
OPTSTK,PAGEIND,27-Apr-17,13750,PE,0,0,0,643.15,128.1,0,0,0,0,17-Apr-17
OPTSTK,PAGEIND,27-Apr-17,13800,PE,0,0,0,662.85,149.35,0,0,0,0,17-Apr-17
OPTSTK,PAGEIND,27-Apr-17,13850,PE,0,0,0,682.85,172.75,0,0,0,0,17-Apr-17
OPTSTK,PAGEIND,27-Apr-17,13900,PE,0,0,0,703.25,198.25,0,0,0,0,17-Apr-17
OPTSTK,PAGEIND,27-Apr-17,13950,PE,0,0,0,724,226,0,0,0,0,17-Apr-17
OPTSTK,PAGEIND,27-Apr-17,14000,PE,0,0,0,745.15,255.85,0,0,0,0,17-Apr-17
OPTSTK,PAGEIND,27-Apr-17,14050,PE,0,0,0,766.65,287.75,0,0,0,0,17-Apr-17
OPTSTK,PAGEIND,27-Apr-17,14100,PE,0,0,0,788.5,321.65,0,0,0,0,17-Apr-17
OPTSTK,PAGEIND,27-Apr-17,14150,PE,0,0,0,810.75,357.45,0,0,0,0,17-Apr-17
OPTSTK,PAGEIND,27-Apr-17,14200,PE,0,0,0,833.35,395.05,0,0,0,0,17-Apr-17
OPTSTK,PAGEIND,27-Apr-17,14250,PE,0,0,0,856.3,434.2,0,0,0,0,17-Apr-17
OPTSTK,PAGEIND,27-Apr-17,14300,PE,0,0,0,879.65,474.85,0,0,0,0,17-Apr-17
OPTSTK,PAGEIND,27-Apr-17,14350,PE,0,0,0,903.35,516.85,0,0,0,0,17-Apr-17
OPTSTK,PAGEIND,27-Apr-17,14400,PE,0,0,0,927.4,560.05,0,0,0,0,17-Apr-17
OPTSTK,PAGEIND,27-Apr-17,14450,PE,0,0,0,951.8,604.35,0,0,0,0,17-Apr-17
OPTSTK,PAGEIND,27-Apr-17,14500,PE,0,0,0,976.6,649.55,0,0,0,0,17-Apr-17
OPTSTK,PAGEIND,27-Apr-17,14550,PE,0,0,0,1001.7,695.55,0,0,0,0,17-Apr-17
OPTSTK,PAGEIND,27-Apr-17,14600,PE,0,0,0,1027.25,742.3,0,0,0,0,17-Apr-17
OPTSTK,PAGEIND,27-Apr-17,14650,PE,0,0,0,1053.1,789.6,0,0,0,0,17-Apr-17
OPTSTK,PAGEIND,27-Apr-17,14700,PE,0,0,0,1079.3,837.45,0,0,0,0,17-Apr-17
OPTSTK,PAGEIND,27-Apr-17,14750,PE,0,0,0,1105.9,885.7,0,0,0,0,17-Apr-17
OPTSTK,PAGEIND,27-Apr-17,14800,PE,0,0,0,1132.8,934.3,0,0,0,0,17-Apr-17
OPTSTK,PAGEIND,27-Apr-17,14850,PE,0,0,0,1160.1,983.2,0,0,0,0,17-Apr-17
OPTSTK,PAGEIND,27-Apr-17,14900,PE,0,0,0,1187.7,1032.3,0,0,0,0,17-Apr-17
OPTSTK,PAGEIND,27-Apr-17,14950,PE,0,0,0,1215.7,1081.6,0,0,0,0,17-Apr-17
OPTSTK,PAGEIND,27-Apr-17,15000,PE,0,0,0,1244,1131,0,0,0,0,17-Apr-17
OPTSTK,PAGEIND,27-Apr-17,15050,PE,0,0,0,1272.65,1180.55,0,0,0,0,17-Apr-17
OPTSTK,PAGEIND,27-Apr-17,15100,PE,0,0,0,1301.65,1230.2,0,0,0,0,17-Apr-17
OPTSTK,PAGEIND,27-Apr-17,15150,PE,0,0,0,1331,1279.95,0,0,0,0,17-Apr-17
OPTSTK,PAGEIND,27-Apr-17,15200,PE,0,0,0,1360.65,1329.7,0,0,0,0,17-Apr-17
OPTSTK,PAGEIND,27-Apr-17,15250,PE,0,0,0,1390.65,1379.5,0,0,0,0,17-Apr-17
OPTSTK,PAGEIND,27-Apr-17,15300,PE,0,0,0,1420.95,1429.35,0,0,0,0,17-Apr-17
OPTSTK,PAGEIND,27-Apr-17,15350,PE,0,0,0,1451.6,1479.2,0,0,0,0,17-Apr-17
OPTSTK,PAGEIND,27-Apr-17,15400,PE,0,0,0,1482.6,1529.05,0,0,0,0,17-Apr-17
OPTSTK,PAGEIND,25-May-17,13350,CE,0,0,0,1311.55,715.2,0,0,0,0,17-Apr-17
OPTSTK,PAGEIND,25-May-17,13400,CE,0,0,0,1280.35,678.3,0,0,0,0,17-Apr-17
OPTSTK,PAGEIND,25-May-17,13450,CE,0,0,0,1249.65,643.1,0,0,0,0,17-Apr-17
OPTSTK,PAGEIND,25-May-17,13500,CE,0,0,0,1219.4,608.85,0,0,0,0,17-Apr-17
OPTSTK,PAGEIND,25-May-17,13550,CE,0,0,0,1189.6,575.6,0,0,0,0,17-Apr-17
OPTSTK,PAGEIND,25-May-17,13600,CE,0,0,0,1160.3,543.45,0,0,0,0,17-Apr-17
OPTSTK,PAGEIND,25-May-17,13650,CE,0,0,0,1131.5,512.35,0,0,0,0,17-Apr-17
OPTSTK,PAGEIND,25-May-17,13700,CE,0,0,0,1103.1,482.3,0,0,0,0,17-Apr-17
OPTSTK,PAGEIND,25-May-17,13750,CE,0,0,0,1075.25,453.4,0,0,0,0,17-Apr-17
OPTSTK,PAGEIND,25-May-17,13800,CE,0,0,0,1047.8,425.6,0,0,0,0,17-Apr-17
OPTSTK,PAGEIND,25-May-17,13850,CE,0,0,0,1020.9,398.85,0,0,0,0,17-Apr-17
OPTSTK,PAGEIND,25-May-17,13900,CE,0,0,0,994.4,373.25,0,0,0,0,17-Apr-17
OPTSTK,PAGEIND,25-May-17,13950,CE,0,0,0,968.4,348.7,0,0,0,0,17-Apr-17
OPTSTK,PAGEIND,25-May-17,14000,CE,0,0,0,942.9,325.35,0,0,0,0,17-Apr-17
OPTSTK,PAGEIND,25-May-17,14050,CE,0,0,0,917.85,303.05,0,0,0,0,17-Apr-17
OPTSTK,PAGEIND,25-May-17,14100,CE,0,0,0,893.2,281.85,0,0,0,0,17-Apr-17
OPTSTK,PAGEIND,25-May-17,14150,CE,0,0,0,869.1,261.7,0,0,0,0,17-Apr-17
OPTSTK,PAGEIND,25-May-17,14200,CE,0,0,0,845.45,242.65,0,0,0,0,17-Apr-17
OPTSTK,PAGEIND,25-May-17,14250,CE,0,0,0,822.25,224.6,0,0,0,0,17-Apr-17
OPTSTK,PAGEIND,25-May-17,14300,CE,0,0,0,799.5,207.55,0,0,0,0,17-Apr-17
OPTSTK,PAGEIND,25-May-17,14350,CE,0,0,0,777.25,191.5,0,0,0,0,17-Apr-17
OPTSTK,PAGEIND,25-May-17,14400,CE,0,0,0,755.45,176.4,0,0,0,0,17-Apr-17
OPTSTK,PAGEIND,25-May-17,14450,CE,0,0,0,734.05,162.2,0,0,0,0,17-Apr-17
OPTSTK,PAGEIND,25-May-17,14500,CE,0,0,0,713.15,148.95,0,0,0,0,17-Apr-17
OPTSTK,PAGEIND,25-May-17,14550,CE,0,0,0,692.7,137.2,0,0,0,0,17-Apr-17
OPTSTK,PAGEIND,25-May-17,14600,CE,0,0,0,672.65,125.1,0,0,0,0,17-Apr-17
OPTSTK,PAGEIND,25-May-17,14650,CE,0,0,0,653.05,114.35,0,0,0,0,17-Apr-17
OPTSTK,PAGEIND,25-May-17,14700,CE,0,0,0,633.9,104.3,0,0,0,0,17-Apr-17
OPTSTK,PAGEIND,25-May-17,14750,CE,0,0,0,615.2,95,0,0,0,0,17-Apr-17
OPTSTK,PAGEIND,25-May-17,14800,CE,0,0,0,596.9,86.4,0,0,0,0,17-Apr-17
OPTSTK,PAGEIND,25-May-17,14850,CE,0,0,0,579,78.45,0,0,0,0,17-Apr-17
OPTSTK,PAGEIND,25-May-17,14900,CE,0,0,0,561.55,71.1,0,0,0,0,17-Apr-17
OPTSTK,PAGEIND,25-May-17,14950,CE,0,0,0,544.5,64.3,0,0,0,0,17-Apr-17
OPTSTK,PAGEIND,25-May-17,15000,CE,0,0,0,527.85,58.1,0,0,0,0,17-Apr-17
OPTSTK,PAGEIND,25-May-17,15050,CE,0,0,0,555.9,52.4,0,0,0,0,17-Apr-17
OPTSTK,PAGEIND,25-May-17,15100,CE,0,0,0,538.8,47.2,0,0,0,0,17-Apr-17
OPTSTK,PAGEIND,25-May-17,15150,CE,0,0,0,522.15,42.4,0,0,0,0,17-Apr-17
OPTSTK,PAGEIND,25-May-17,15200,CE,0,0,0,544.15,38.05,0,0,0,0,17-Apr-17
OPTSTK,PAGEIND,25-May-17,15250,CE,0,0,0,527.15,34.1,0,0,0,0,17-Apr-17
OPTSTK,PAGEIND,25-May-17,15300,CE,0,0,0,510.55,30.5,0,0,0,0,17-Apr-17
OPTSTK,PAGEIND,25-May-17,15350,CE,0,0,0,539.55,27.25,0,0,0,0,17-Apr-17
OPTSTK,PAGEIND,25-May-17,15400,CE,0,0,0,522.5,24.3,0,0,0,0,17-Apr-17
OPTSTK,PAGEIND,25-May-17,13350,PE,0,0,0,445.75,130.9,0,0,0,0,17-Apr-17
OPTSTK,PAGEIND,25-May-17,13400,PE,0,0,0,463.8,143.7,0,0,0,0,17-Apr-17
OPTSTK,PAGEIND,25-May-17,13450,PE,0,0,0,482.3,158.1,0,0,0,0,17-Apr-17
OPTSTK,PAGEIND,25-May-17,13500,PE,0,0,0,501.25,173.55,0,0,0,0,17-Apr-17
OPTSTK,PAGEIND,25-May-17,13550,PE,0,0,0,520.7,190,0,0,0,0,17-Apr-17
OPTSTK,PAGEIND,25-May-17,13600,PE,0,0,0,540.6,207.45,0,0,0,0,17-Apr-17
OPTSTK,PAGEIND,25-May-17,13650,PE,0,0,0,561,226.05,0,0,0,0,17-Apr-17
OPTSTK,PAGEIND,25-May-17,13700,PE,0,0,0,581.85,245.7,0,0,0,0,17-Apr-17
OPTSTK,PAGEIND,25-May-17,13750,PE,0,0,0,603.2,266.4,0,0,0,0,17-Apr-17
OPTSTK,PAGEIND,25-May-17,13800,PE,0,0,0,625,288.25,0,0,0,0,17-Apr-17
OPTSTK,PAGEIND,25-May-17,13850,PE,0,0,0,647.25,311.2,0,0,0,0,17-Apr-17
OPTSTK,PAGEIND,25-May-17,13900,PE,0,0,0,670,335.25,0,0,0,0,17-Apr-17
OPTSTK,PAGEIND,25-May-17,13950,PE,0,0,0,693.2,360.4,0,0,0,0,17-Apr-17
OPTSTK,PAGEIND,25-May-17,14000,PE,0,0,0,716.9,386.65,0,0,0,0,17-Apr-17
OPTSTK,PAGEIND,25-May-17,14050,PE,0,0,0,741.05,414.05,0,0,0,0,17-Apr-17
OPTSTK,PAGEIND,25-May-17,14100,PE,0,0,0,765.65,442.5,0,0,0,0,17-Apr-17
OPTSTK,PAGEIND,25-May-17,14150,PE,0,0,0,790.75,472.05,0,0,0,0,17-Apr-17
OPTSTK,PAGEIND,25-May-17,14200,PE,0,0,0,816.3,502.6,0,0,0,0,17-Apr-17
OPTSTK,PAGEIND,25-May-17,14250,PE,0,0,0,842.35,534.25,0,0,0,0,17-Apr-17
OPTSTK,PAGEIND,25-May-17,14300,PE,0,0,0,868.8,566.85,0,0,0,0,17-Apr-17
OPTSTK,PAGEIND,25-May-17,14350,PE,0,0,0,895.75,600.45,0,0,0,0,17-Apr-17
OPTSTK,PAGEIND,25-May-17,14400,PE,0,0,0,923.15,635.05,0,0,0,0,17-Apr-17
OPTSTK,PAGEIND,25-May-17,14450,PE,0,0,0,951,670.5,0,0,0,0,17-Apr-17
OPTSTK,PAGEIND,25-May-17,14500,PE,0,0,0,979.3,706.9,0,0,0,0,17-Apr-17
OPTSTK,PAGEIND,25-May-17,14550,PE,0,0,0,1008.05,744.85,0,0,0,0,17-Apr-17
OPTSTK,PAGEIND,25-May-17,14600,PE,0,0,0,1037.25,782.4,0,0,0,0,17-Apr-17
OPTSTK,PAGEIND,25-May-17,14650,PE,0,0,0,1066.9,821.3,0,0,0,0,17-Apr-17
OPTSTK,PAGEIND,25-May-17,14700,PE,0,0,0,1096.95,860.9,0,0,0,0,17-Apr-17
OPTSTK,PAGEIND,25-May-17,14750,PE,0,0,0,1127.45,901.3,0,0,0,0,17-Apr-17
OPTSTK,PAGEIND,25-May-17,14800,PE,0,0,0,1158.35,942.35,0,0,0,0,17-Apr-17
OPTSTK,PAGEIND,25-May-17,14850,PE,0,0,0,1189.7,984.05,0,0,0,0,17-Apr-17
OPTSTK,PAGEIND,25-May-17,14900,PE,0,0,0,1221.45,1026.35,0,0,0,0,17-Apr-17
OPTSTK,PAGEIND,25-May-17,14950,PE,0,0,0,1253.6,1069.25,0,0,0,0,17-Apr-17
OPTSTK,PAGEIND,25-May-17,15000,PE,0,0,0,1286.15,1112.7,0,0,0,0,17-Apr-17
OPTSTK,PAGEIND,25-May-17,15050,PE,0,0,0,1208.8,1156.65,0,0,0,0,17-Apr-17
OPTSTK,PAGEIND,25-May-17,15100,PE,0,0,0,1240.95,1201.1,0,0,0,0,17-Apr-17
OPTSTK,PAGEIND,25-May-17,15150,PE,0,0,0,1273.5,1246,0,0,0,0,17-Apr-17
OPTSTK,PAGEIND,25-May-17,15200,PE,0,0,0,1201.3,1291.3,0,0,0,0,17-Apr-17
OPTSTK,PAGEIND,25-May-17,15250,PE,0,0,0,1233.5,1337,0,0,0,0,17-Apr-17
OPTSTK,PAGEIND,25-May-17,15300,PE,0,0,0,1266.15,1383.05,0,0,0,0,17-Apr-17
OPTSTK,PAGEIND,25-May-17,15350,PE,0,0,0,1187.9,1429.45,0,0,0,0,17-Apr-17
OPTSTK,PAGEIND,25-May-17,15400,PE,0,0,0,1220.05,1476.15,0,0,0,0,17-Apr-17
OPTSTK,PAGEIND,29-Jun-17,13550,CE,0,0,0,1245.55,753.3,0,0,0,0,17-Apr-17
OPTSTK,PAGEIND,29-Jun-17,13600,CE,0,0,0,1381.05,722.4,0,0,0,0,17-Apr-17
OPTSTK,PAGEIND,29-Jun-17,13650,CE,0,0,0,1342,692.25,0,0,0,0,17-Apr-17
OPTSTK,PAGEIND,29-Jun-17,13700,CE,0,0,0,1395.75,662.9,0,0,0,0,17-Apr-17
OPTSTK,PAGEIND,29-Jun-17,13750,CE,0,0,0,1357.3,634.3,0,0,0,0,17-Apr-17
OPTSTK,PAGEIND,29-Jun-17,13800,CE,0,0,0,1319.4,606.55,0,0,0,0,17-Apr-17
OPTSTK,PAGEIND,29-Jun-17,13850,CE,0,0,0,1281.95,579.55,0,0,0,0,17-Apr-17
OPTSTK,PAGEIND,29-Jun-17,13900,CE,0,0,0,1245.65,553.35,0,0,0,0,17-Apr-17
OPTSTK,PAGEIND,29-Jun-17,13950,CE,0,0,0,1209.25,528,0,0,0,0,17-Apr-17
OPTSTK,PAGEIND,29-Jun-17,14000,CE,0,0,0,1173.45,503.35,0,0,0,0,17-Apr-17
OPTSTK,PAGEIND,29-Jun-17,14050,CE,0,0,0,1137.6,479.5,0,0,0,0,17-Apr-17
OPTSTK,PAGEIND,29-Jun-17,14100,CE,0,0,0,1103,456.5,0,0,0,0,17-Apr-17
OPTSTK,PAGEIND,29-Jun-17,14150,CE,0,0,0,1069,434.25,0,0,0,0,17-Apr-17
OPTSTK,PAGEIND,29-Jun-17,14200,CE,0,0,0,1035.6,412.8,0,0,0,0,17-Apr-17
OPTSTK,PAGEIND,29-Jun-17,14250,CE,0,0,0,1002.75,392.1,0,0,0,0,17-Apr-17
OPTSTK,PAGEIND,29-Jun-17,14300,CE,0,0,0,970.55,372.15,0,0,0,0,17-Apr-17
OPTSTK,PAGEIND,29-Jun-17,14350,CE,0,0,0,939,352.95,0,0,0,0,17-Apr-17
OPTSTK,PAGEIND,29-Jun-17,14400,CE,0,0,0,908,334.5,0,0,0,0,17-Apr-17
OPTSTK,PAGEIND,29-Jun-17,14450,CE,0,0,0,877.7,316.75,0,0,0,0,17-Apr-17
OPTSTK,PAGEIND,29-Jun-17,14500,CE,0,0,0,848,299.75,0,0,0,0,17-Apr-17
OPTSTK,PAGEIND,29-Jun-17,14550,CE,0,0,0,818.9,283.4,0,0,0,0,17-Apr-17
OPTSTK,PAGEIND,29-Jun-17,14600,CE,0,0,0,790.5,267.75,0,0,0,0,17-Apr-17
OPTSTK,PAGEIND,29-Jun-17,14650,CE,0,0,0,762.7,252.8,0,0,0,0,17-Apr-17
OPTSTK,PAGEIND,29-Jun-17,14700,CE,0,0,0,735.55,238.5,0,0,0,0,17-Apr-17
OPTSTK,PAGEIND,29-Jun-17,14750,CE,0,0,0,709,224.8,0,0,0,0,17-Apr-17
OPTSTK,PAGEIND,29-Jun-17,14800,CE,0,0,0,683.15,211.75,0,0,0,0,17-Apr-17
OPTSTK,PAGEIND,29-Jun-17,14850,CE,0,0,0,657.9,200,0,0,0,0,17-Apr-17
OPTSTK,PAGEIND,29-Jun-17,14900,CE,0,0,0,633.25,188.2,0,0,0,0,17-Apr-17
OPTSTK,PAGEIND,29-Jun-17,14950,CE,0,0,0,609.3,176.45,0,0,0,0,17-Apr-17
OPTSTK,PAGEIND,29-Jun-17,15000,CE,0,0,0,586,165.7,0,0,0,0,17-Apr-17
OPTSTK,PAGEIND,29-Jun-17,15050,CE,0,0,0,563.3,155.5,0,0,0,0,17-Apr-17
OPTSTK,PAGEIND,29-Jun-17,15100,CE,0,0,0,541.2,145.85,0,0,0,0,17-Apr-17
OPTSTK,PAGEIND,29-Jun-17,15150,CE,0,0,0,519.75,136.7,0,0,0,0,17-Apr-17
OPTSTK,PAGEIND,29-Jun-17,15200,CE,0,0,0,498.95,128,0,0,0,0,17-Apr-17
OPTSTK,PAGEIND,29-Jun-17,15250,CE,0,0,0,478.7,119.75,0,0,0,0,17-Apr-17
OPTSTK,PAGEIND,29-Jun-17,15300,CE,0,0,0,459.1,111.95,0,0,0,0,17-Apr-17
OPTSTK,PAGEIND,29-Jun-17,15350,CE,0,0,0,440.1,104.6,0,0,0,0,17-Apr-17
OPTSTK,PAGEIND,29-Jun-17,15400,CE,0,0,0,421.65,97.65,0,0,0,0,17-Apr-17
OPTSTK,PAGEIND,29-Jun-17,13550,PE,0,0,0,137.6,284.05,0,0,0,0,17-Apr-17
OPTSTK,PAGEIND,29-Jun-17,13600,PE,0,0,0,143.3,302.45,0,0,0,0,17-Apr-17
OPTSTK,PAGEIND,29-Jun-17,13650,PE,0,0,0,153.45,321.7,0,0,0,0,17-Apr-17
OPTSTK,PAGEIND,29-Jun-17,13700,PE,0,0,0,161.1,341.7,0,0,0,0,17-Apr-17
OPTSTK,PAGEIND,29-Jun-17,13750,PE,0,0,0,171.85,362.45,0,0,0,0,17-Apr-17
OPTSTK,PAGEIND,29-Jun-17,13800,PE,0,0,0,183.1,384.05,0,0,0,0,17-Apr-17
OPTSTK,PAGEIND,29-Jun-17,13850,PE,0,0,0,194.85,406.4,0,0,0,0,17-Apr-17
OPTSTK,PAGEIND,29-Jun-17,13900,PE,0,0,0,207.7,429.6,0,0,0,0,17-Apr-17
OPTSTK,PAGEIND,29-Jun-17,13950,PE,0,0,0,220.5,453.55,0,0,0,0,17-Apr-17
OPTSTK,PAGEIND,29-Jun-17,14000,PE,0,0,0,233.85,478.25,0,0,0,0,17-Apr-17
OPTSTK,PAGEIND,29-Jun-17,14050,PE,0,0,0,247.2,503.8,0,0,0,0,17-Apr-17
OPTSTK,PAGEIND,29-Jun-17,14100,PE,0,0,0,261.75,530.15,0,0,0,0,17-Apr-17
OPTSTK,PAGEIND,29-Jun-17,14150,PE,0,0,0,276.95,557.25,0,0,0,0,17-Apr-17
OPTSTK,PAGEIND,29-Jun-17,14200,PE,0,0,0,292.7,585.15,0,0,0,0,17-Apr-17
OPTSTK,PAGEIND,29-Jun-17,14250,PE,0,0,0,309.05,613.8,0,0,0,0,17-Apr-17
OPTSTK,PAGEIND,29-Jun-17,14300,PE,0,0,0,326.05,643.2,0,0,0,0,17-Apr-17
OPTSTK,PAGEIND,29-Jun-17,14350,PE,0,0,0,343.65,673.35,0,0,0,0,17-Apr-17
OPTSTK,PAGEIND,29-Jun-17,14400,PE,0,0,0,361.85,704.25,0,0,0,0,17-Apr-17
OPTSTK,PAGEIND,29-Jun-17,14450,PE,0,0,0,380.7,735.85,0,0,0,0,17-Apr-17
OPTSTK,PAGEIND,29-Jun-17,14500,PE,0,0,0,400.15,768.2,0,0,0,0,17-Apr-17
OPTSTK,PAGEIND,29-Jun-17,14550,PE,0,0,0,420.25,801.25,0,0,0,0,17-Apr-17
OPTSTK,PAGEIND,29-Jun-17,14600,PE,0,0,0,441,834.95,0,0,0,0,17-Apr-17
OPTSTK,PAGEIND,29-Jun-17,14650,PE,0,0,0,462.4,869.35,0,0,0,0,17-Apr-17
OPTSTK,PAGEIND,29-Jun-17,14700,PE,0,0,0,484.4,904.4,0,0,0,0,17-Apr-17
OPTSTK,PAGEIND,29-Jun-17,14750,PE,0,0,0,507.05,940.05,0,0,0,0,17-Apr-17
OPTSTK,PAGEIND,29-Jun-17,14800,PE,0,0,0,530.35,976.35,0,0,0,0,17-Apr-17
OPTSTK,PAGEIND,29-Jun-17,14850,PE,0,0,0,554.3,1013.95,0,0,0,0,17-Apr-17
OPTSTK,PAGEIND,29-Jun-17,14900,PE,0,0,0,578.85,1051.5,0,0,0,0,17-Apr-17
OPTSTK,PAGEIND,29-Jun-17,14950,PE,0,0,0,604.05,1089.1,0,0,0,0,17-Apr-17
OPTSTK,PAGEIND,29-Jun-17,15000,PE,0,0,0,629.9,1127.7,0,0,0,0,17-Apr-17
OPTSTK,PAGEIND,29-Jun-17,15050,PE,0,0,0,656.4,1166.9,0,0,0,0,17-Apr-17
OPTSTK,PAGEIND,29-Jun-17,15100,PE,0,0,0,683.5,1206.55,0,0,0,0,17-Apr-17
OPTSTK,PAGEIND,29-Jun-17,15150,PE,0,0,0,711.2,1246.75,0,0,0,0,17-Apr-17
OPTSTK,PAGEIND,29-Jun-17,15200,PE,0,0,0,739.55,1287.4,0,0,0,0,17-Apr-17
OPTSTK,PAGEIND,29-Jun-17,15250,PE,0,0,0,768.5,1328.55,0,0,0,0,17-Apr-17
OPTSTK,PAGEIND,29-Jun-17,15300,PE,0,0,0,798.1,1370.1,0,0,0,0,17-Apr-17
OPTSTK,PAGEIND,29-Jun-17,15350,PE,0,0,0,828.25,1412.1,0,0,0,0,17-Apr-17
OPTSTK,PAGEIND,29-Jun-17,15400,PE,0,0,0,859,1454.5,0,0,0,0,17-Apr-17
OPTSTK,PCJEWELLER,27-Apr-17,220,CE,0,0,0,172.6,200.3,0,0,0,0,17-Apr-17
OPTSTK,PCJEWELLER,27-Apr-17,240,CE,0,0,0,153.15,180.35,0,0,0,0,17-Apr-17
OPTSTK,PCJEWELLER,27-Apr-17,260,CE,0,0,0,134,160.35,0,0,0,0,17-Apr-17
OPTSTK,PCJEWELLER,27-Apr-17,270,CE,0,0,0,147.65,150.4,0,0,0,0,17-Apr-17
OPTSTK,PCJEWELLER,27-Apr-17,280,CE,0,0,0,115.45,140.4,0,0,0,0,17-Apr-17
OPTSTK,PCJEWELLER,27-Apr-17,290,CE,0,0,0,127.8,130.4,0,0,0,0,17-Apr-17
OPTSTK,PCJEWELLER,27-Apr-17,300,CE,0,0,0,97.75,120.45,0,0,0,0,17-Apr-17
OPTSTK,PCJEWELLER,27-Apr-17,310,CE,0,0,0,108,110.45,0,0,0,0,17-Apr-17
OPTSTK,PCJEWELLER,27-Apr-17,320,CE,0,0,0,81.35,100.5,0,0,0,0,17-Apr-17
OPTSTK,PCJEWELLER,27-Apr-17,330,CE,0,0,0,88.45,90.5,0,0,0,0,17-Apr-17
OPTSTK,PCJEWELLER,27-Apr-17,340,CE,0,0,0,66.45,80.5,0,0,0,0,17-Apr-17
OPTSTK,PCJEWELLER,27-Apr-17,350,CE,0,0,0,69.65,70.55,0,0,0,0,17-Apr-17
OPTSTK,PCJEWELLER,27-Apr-17,360,CE,0,0,0,74.65,60.6,0,0,0,0,17-Apr-17
OPTSTK,PCJEWELLER,27-Apr-17,370,CE,0,0,0,52.3,50.75,0,0,0,0,17-Apr-17
OPTSTK,PCJEWELLER,27-Apr-17,380,CE,0,0,0,42,41.2,0,0,0,0,17-Apr-17
OPTSTK,PCJEWELLER,27-Apr-17,390,CE,0,0,0,37.2,32.1,0,0,0,0,17-Apr-17
OPTSTK,PCJEWELLER,27-Apr-17,400,CE,25,25,25,25,25,1,6.37,3000,1500,17-Apr-17
OPTSTK,PCJEWELLER,27-Apr-17,410,CE,0,0,0,20.5,16.7,0,0,0,0,17-Apr-17
OPTSTK,PCJEWELLER,27-Apr-17,420,CE,10.9,15.4,10.3,12.95,12.95,8,51.83,13500,4500,17-Apr-17
OPTSTK,PCJEWELLER,27-Apr-17,430,CE,9.25,13,8.2,10,10,7,46.21,12000,4500,17-Apr-17
OPTSTK,PCJEWELLER,27-Apr-17,440,CE,2.95,12,2.95,5.7,5.7,38,255.24,58500,16500,17-Apr-17
OPTSTK,PCJEWELLER,27-Apr-17,450,CE,3,8.95,3,4.7,4.7,9,61.5,18000,6000,17-Apr-17
OPTSTK,PCJEWELLER,27-Apr-17,460,CE,1,4.9,1,3.85,3.85,16,111.21,19500,-1500,17-Apr-17
OPTSTK,PCJEWELLER,27-Apr-17,470,CE,1.05,1.05,1.05,1.05,1.05,1,7.06,3000,1500,17-Apr-17
OPTSTK,PCJEWELLER,27-Apr-17,480,CE,0.45,2,0.45,1.2,1.2,6,43.31,19500,-1500,17-Apr-17
OPTSTK,PCJEWELLER,27-Apr-17,490,CE,0,0,0,1,0.1,0,0,1500,0,17-Apr-17
OPTSTK,PCJEWELLER,27-Apr-17,500,CE,0.6,0.6,0.25,0.25,0.25,3,22.51,19500,1500,17-Apr-17
OPTSTK,PCJEWELLER,27-Apr-17,510,CE,0,0,0,1.4,0.05,0,0,0,0,17-Apr-17
OPTSTK,PCJEWELLER,27-Apr-17,520,CE,0,0,0,1,0,0,0,4500,0,17-Apr-17
OPTSTK,PCJEWELLER,27-Apr-17,530,CE,0,0,0,0.65,0,0,0,0,0,17-Apr-17
OPTSTK,PCJEWELLER,27-Apr-17,540,CE,0,0,0,3.75,0,0,0,0,0,17-Apr-17
OPTSTK,PCJEWELLER,27-Apr-17,550,CE,0,0,0,0.3,0,0,0,0,0,17-Apr-17
OPTSTK,PCJEWELLER,27-Apr-17,560,CE,0,0,0,2.65,0,0,0,0,0,17-Apr-17
OPTSTK,PCJEWELLER,27-Apr-17,570,CE,0,0,0,0.15,0,0,0,0,0,17-Apr-17
OPTSTK,PCJEWELLER,27-Apr-17,580,CE,0,0,0,1.85,0,0,0,0,0,17-Apr-17
OPTSTK,PCJEWELLER,27-Apr-17,220,PE,0,0,0,0.1,0,0,0,0,0,17-Apr-17
OPTSTK,PCJEWELLER,27-Apr-17,240,PE,0,0,0,0.3,0,0,0,0,0,17-Apr-17
OPTSTK,PCJEWELLER,27-Apr-17,260,PE,0,0,0,0.85,0,0,0,0,0,17-Apr-17
OPTSTK,PCJEWELLER,27-Apr-17,270,PE,0,0,0,0.05,0,0,0,0,0,17-Apr-17
OPTSTK,PCJEWELLER,27-Apr-17,280,PE,0,0,0,1.95,0,0,0,0,0,17-Apr-17
OPTSTK,PCJEWELLER,27-Apr-17,290,PE,0,0,0,0.05,0,0,0,0,0,17-Apr-17
OPTSTK,PCJEWELLER,27-Apr-17,300,PE,0,0,0,3.95,0,0,0,0,0,17-Apr-17
OPTSTK,PCJEWELLER,27-Apr-17,310,PE,0,0,0,0.15,0,0,0,0,0,17-Apr-17
OPTSTK,PCJEWELLER,27-Apr-17,320,PE,0,0,0,7.2,0,0,0,0,0,17-Apr-17
OPTSTK,PCJEWELLER,27-Apr-17,330,PE,0,0,0,0.5,0,0,0,0,0,17-Apr-17
OPTSTK,PCJEWELLER,27-Apr-17,340,PE,0,0,0,11.95,0,0,0,0,0,17-Apr-17
OPTSTK,PCJEWELLER,27-Apr-17,350,PE,0,0,0,1.65,0.05,0,0,0,0,17-Apr-17
OPTSTK,PCJEWELLER,27-Apr-17,360,PE,0,0,0,0.3,0.1,0,0,6000,0,17-Apr-17
OPTSTK,PCJEWELLER,27-Apr-17,370,PE,0,0,0,4.2,0.2,0,0,0,0,17-Apr-17
OPTSTK,PCJEWELLER,27-Apr-17,380,PE,0,0,0,2.5,0.6,0,0,3000,0,17-Apr-17
OPTSTK,PCJEWELLER,27-Apr-17,390,PE,0,0,0,8.95,1.5,0,0,0,0,17-Apr-17
OPTSTK,PCJEWELLER,27-Apr-17,400,PE,3.55,4,2,3.5,3.5,10,60.48,22500,-3000,17-Apr-17
OPTSTK,PCJEWELLER,27-Apr-17,410,PE,9.5,9.5,3,3,3,2,12.48,3000,3000,17-Apr-17
OPTSTK,PCJEWELLER,27-Apr-17,420,PE,10,13,10,13,13,4,25.86,10500,0,17-Apr-17
OPTSTK,PCJEWELLER,27-Apr-17,430,PE,9,14.95,9,14.55,14.55,5,33.21,7500,6000,17-Apr-17
OPTSTK,PCJEWELLER,27-Apr-17,440,PE,23.45,23.45,23.45,23.45,23.45,1,6.95,3000,1500,17-Apr-17
OPTSTK,PCJEWELLER,27-Apr-17,450,PE,0,0,0,24.25,31.4,0,0,1500,0,17-Apr-17
OPTSTK,PCJEWELLER,27-Apr-17,460,PE,0,0,0,77.45,40.35,0,0,0,0,17-Apr-17
OPTSTK,PCJEWELLER,27-Apr-17,470,PE,0,0,0,56.55,49.75,0,0,0,0,17-Apr-17
OPTSTK,PCJEWELLER,27-Apr-17,480,PE,0,0,0,93.4,59.5,0,0,0,0,17-Apr-17
OPTSTK,PCJEWELLER,27-Apr-17,490,PE,0,0,0,74,69.35,0,0,0,0,17-Apr-17
OPTSTK,PCJEWELLER,27-Apr-17,500,PE,0,0,0,110.25,79.3,0,0,0,0,17-Apr-17
OPTSTK,PCJEWELLER,27-Apr-17,510,PE,0,0,0,92.55,89.25,0,0,0,0,17-Apr-17
OPTSTK,PCJEWELLER,27-Apr-17,520,PE,0,0,0,127.85,99.2,0,0,0,0,17-Apr-17
OPTSTK,PCJEWELLER,27-Apr-17,530,PE,0,0,0,111.75,109.2,0,0,0,0,17-Apr-17
OPTSTK,PCJEWELLER,27-Apr-17,540,PE,0,0,0,146,119.2,0,0,0,0,17-Apr-17
OPTSTK,PCJEWELLER,27-Apr-17,550,PE,0,0,0,131.3,129.15,0,0,0,0,17-Apr-17
OPTSTK,PCJEWELLER,27-Apr-17,560,PE,0,0,0,164.55,139.15,0,0,0,0,17-Apr-17
OPTSTK,PCJEWELLER,27-Apr-17,570,PE,0,0,0,151,149.15,0,0,0,0,17-Apr-17
OPTSTK,PCJEWELLER,27-Apr-17,580,PE,0,0,0,183.45,159.1,0,0,0,0,17-Apr-17
OPTSTK,PCJEWELLER,25-May-17,220,CE,0,0,0,160.5,201.4,0,0,0,0,17-Apr-17
OPTSTK,PCJEWELLER,25-May-17,240,CE,0,0,0,140.95,181.55,0,0,0,0,17-Apr-17
OPTSTK,PCJEWELLER,25-May-17,260,CE,0,0,0,121.6,161.65,0,0,0,0,17-Apr-17
OPTSTK,PCJEWELLER,25-May-17,270,CE,0,0,0,149.2,151.75,0,0,0,0,17-Apr-17
OPTSTK,PCJEWELLER,25-May-17,280,CE,0,0,0,102.75,141.8,0,0,0,0,17-Apr-17
OPTSTK,PCJEWELLER,25-May-17,290,CE,0,0,0,129.65,131.9,0,0,0,0,17-Apr-17
OPTSTK,PCJEWELLER,25-May-17,300,CE,0,0,0,84.85,122,0,0,0,0,17-Apr-17
OPTSTK,PCJEWELLER,25-May-17,310,CE,0,0,0,110.55,112.1,0,0,0,0,17-Apr-17
OPTSTK,PCJEWELLER,25-May-17,320,CE,0,0,0,68.3,102.25,0,0,0,0,17-Apr-17
OPTSTK,PCJEWELLER,25-May-17,330,CE,0,0,0,92.2,92.55,0,0,0,0,17-Apr-17
OPTSTK,PCJEWELLER,25-May-17,340,CE,0,0,0,53.55,82.95,0,0,0,0,17-Apr-17
OPTSTK,PCJEWELLER,25-May-17,350,CE,0,0,0,75,73.6,0,0,0,0,17-Apr-17
OPTSTK,PCJEWELLER,25-May-17,360,CE,0,0,0,40.85,64.55,0,0,0,0,17-Apr-17
OPTSTK,PCJEWELLER,25-May-17,370,CE,0,0,0,59.45,55.95,0,0,0,0,17-Apr-17
OPTSTK,PCJEWELLER,25-May-17,380,CE,0,0,0,30.35,47.8,0,0,0,0,17-Apr-17
OPTSTK,PCJEWELLER,25-May-17,390,CE,0,0,0,45.85,40.3,0,0,0,0,17-Apr-17
OPTSTK,PCJEWELLER,25-May-17,400,CE,0,0,0,22,33.5,0,0,0,0,17-Apr-17
OPTSTK,PCJEWELLER,25-May-17,410,CE,0,0,0,34.4,27.4,0,0,0,0,17-Apr-17
OPTSTK,PCJEWELLER,25-May-17,420,CE,0,0,0,20,22.1,0,0,1500,0,17-Apr-17
OPTSTK,PCJEWELLER,25-May-17,430,CE,0,0,0,25.1,17.55,0,0,0,0,17-Apr-17
OPTSTK,PCJEWELLER,25-May-17,440,CE,18.95,20,18.95,20,20,2,13.78,1500,0,17-Apr-17
OPTSTK,PCJEWELLER,25-May-17,450,CE,0,0,0,17.85,10.55,0,0,0,0,17-Apr-17
OPTSTK,PCJEWELLER,25-May-17,460,CE,0,0,0,7.3,8.05,0,0,0,0,17-Apr-17
OPTSTK,PCJEWELLER,25-May-17,470,CE,0,0,0,12.45,6,0,0,0,0,17-Apr-17
OPTSTK,PCJEWELLER,25-May-17,480,CE,0,0,0,4.85,4.45,0,0,0,0,17-Apr-17
OPTSTK,PCJEWELLER,25-May-17,490,CE,0,0,0,8.45,3.2,0,0,0,0,17-Apr-17
OPTSTK,PCJEWELLER,25-May-17,500,CE,0,0,0,3.2,2.3,0,0,0,0,17-Apr-17
OPTSTK,PCJEWELLER,25-May-17,510,CE,0,0,0,5.6,1.65,0,0,0,0,17-Apr-17
OPTSTK,PCJEWELLER,25-May-17,520,CE,0,0,0,2.05,1.15,0,0,0,0,17-Apr-17
OPTSTK,PCJEWELLER,25-May-17,530,CE,0,0,0,3.65,0.8,0,0,0,0,17-Apr-17
OPTSTK,PCJEWELLER,25-May-17,540,CE,0,0,0,1.3,0.55,0,0,0,0,17-Apr-17
OPTSTK,PCJEWELLER,25-May-17,550,CE,0,0,0,2.35,0.4,0,0,0,0,17-Apr-17
OPTSTK,PCJEWELLER,25-May-17,560,CE,0,0,0,0.85,0.25,0,0,0,0,17-Apr-17
OPTSTK,PCJEWELLER,25-May-17,570,CE,0,0,0,1.5,0.2,0,0,0,0,17-Apr-17
OPTSTK,PCJEWELLER,25-May-17,580,CE,0,0,0,0.5,0.1,0,0,0,0,17-Apr-17
OPTSTK,PCJEWELLER,25-May-17,220,PE,0,0,0,0.05,0,0,0,0,0,17-Apr-17
OPTSTK,PCJEWELLER,25-May-17,240,PE,0,0,0,0.15,0,0,0,0,0,17-Apr-17
OPTSTK,PCJEWELLER,25-May-17,260,PE,0,0,0,0.5,0,0,0,0,0,17-Apr-17
OPTSTK,PCJEWELLER,25-May-17,270,PE,0,0,0,0.15,0,0,0,0,0,17-Apr-17
OPTSTK,PCJEWELLER,25-May-17,280,PE,0,0,0,1.4,0,0,0,0,0,17-Apr-17
OPTSTK,PCJEWELLER,25-May-17,290,PE,0,0,0,0.4,0.05,0,0,0,0,17-Apr-17
OPTSTK,PCJEWELLER,25-May-17,300,PE,0,0,0,3.15,0.05,0,0,0,0,17-Apr-17
OPTSTK,PCJEWELLER,25-May-17,310,PE,0,0,0,1.1,0.1,0,0,0,0,17-Apr-17
OPTSTK,PCJEWELLER,25-May-17,320,PE,0,0,0,6.3,0.2,0,0,0,0,17-Apr-17
OPTSTK,PCJEWELLER,25-May-17,330,PE,0,0,0,2.5,0.4,0,0,0,0,17-Apr-17
OPTSTK,PCJEWELLER,25-May-17,340,PE,0,0,0,11.2,0.75,0,0,0,0,17-Apr-17
OPTSTK,PCJEWELLER,25-May-17,350,PE,0,0,0,5.15,1.35,0,0,0,0,17-Apr-17
OPTSTK,PCJEWELLER,25-May-17,360,PE,0,0,0,18.2,2.25,0,0,0,0,17-Apr-17
OPTSTK,PCJEWELLER,25-May-17,370,PE,0,0,0,9.4,3.55,0,0,0,0,17-Apr-17
OPTSTK,PCJEWELLER,25-May-17,380,PE,0,0,0,27.4,5.35,0,0,0,0,17-Apr-17
OPTSTK,PCJEWELLER,25-May-17,390,PE,0,0,0,15.55,7.8,0,0,0,0,17-Apr-17
OPTSTK,PCJEWELLER,25-May-17,400,PE,14.4,14.4,14.4,14.4,14.4,1,6.21,1500,0,17-Apr-17
OPTSTK,PCJEWELLER,25-May-17,410,PE,0,0,0,17,14.75,0,0,1500,0,17-Apr-17
OPTSTK,PCJEWELLER,25-May-17,420,PE,0,0,0,51.95,19.35,0,0,0,0,17-Apr-17
OPTSTK,PCJEWELLER,25-May-17,430,PE,0,0,0,34.45,24.75,0,0,0,0,17-Apr-17
OPTSTK,PCJEWELLER,25-May-17,440,PE,0,0,0,66.85,30.85,0,0,0,0,17-Apr-17
OPTSTK,PCJEWELLER,25-May-17,450,PE,0,0,0,47,37.6,0,0,0,0,17-Apr-17
OPTSTK,PCJEWELLER,25-May-17,460,PE,0,0,0,83.1,45.05,0,0,0,0,17-Apr-17
OPTSTK,PCJEWELLER,25-May-17,470,PE,0,0,0,61.35,52.95,0,0,0,0,17-Apr-17
OPTSTK,PCJEWELLER,25-May-17,480,PE,0,0,0,100.3,61.3,0,0,0,0,17-Apr-17
OPTSTK,PCJEWELLER,25-May-17,490,PE,0,0,0,77.15,70,0,0,0,0,17-Apr-17
OPTSTK,PCJEWELLER,25-May-17,500,PE,0,0,0,118.35,79.05,0,0,0,0,17-Apr-17
OPTSTK,PCJEWELLER,25-May-17,510,PE,0,0,0,94.1,88.3,0,0,0,0,17-Apr-17
OPTSTK,PCJEWELLER,25-May-17,520,PE,0,0,0,136.9,97.75,0,0,0,0,17-Apr-17
OPTSTK,PCJEWELLER,25-May-17,530,PE,0,0,0,111.95,107.35,0,0,0,0,17-Apr-17
OPTSTK,PCJEWELLER,25-May-17,540,PE,0,0,0,155.85,117,0,0,0,0,17-Apr-17
OPTSTK,PCJEWELLER,25-May-17,550,PE,0,0,0,130.45,126.75,0,0,0,0,17-Apr-17
OPTSTK,PCJEWELLER,25-May-17,560,PE,0,0,0,175.05,136.6,0,0,0,0,17-Apr-17
OPTSTK,PCJEWELLER,25-May-17,570,PE,0,0,0,149.4,146.45,0,0,0,0,17-Apr-17
OPTSTK,PCJEWELLER,25-May-17,580,PE,0,0,0,194.4,156.3,0,0,0,0,17-Apr-17
OPTSTK,PCJEWELLER,29-Jun-17,260,CE,0,0,0,161,163.3,0,0,0,0,17-Apr-17
OPTSTK,PCJEWELLER,29-Jun-17,270,CE,0,0,0,151.4,153.5,0,0,0,0,17-Apr-17
OPTSTK,PCJEWELLER,29-Jun-17,280,CE,0,0,0,141.9,143.7,0,0,0,0,17-Apr-17
OPTSTK,PCJEWELLER,29-Jun-17,290,CE,0,0,0,132.55,133.95,0,0,0,0,17-Apr-17
OPTSTK,PCJEWELLER,29-Jun-17,300,CE,0,0,0,123.4,124.25,0,0,0,0,17-Apr-17
OPTSTK,PCJEWELLER,29-Jun-17,310,CE,0,0,0,114.45,114.7,0,0,0,0,17-Apr-17
OPTSTK,PCJEWELLER,29-Jun-17,320,CE,0,0,0,105.75,105.3,0,0,0,0,17-Apr-17
OPTSTK,PCJEWELLER,29-Jun-17,330,CE,0,0,0,97.3,96.15,0,0,0,0,17-Apr-17
OPTSTK,PCJEWELLER,29-Jun-17,340,CE,0,0,0,89.2,87.2,0,0,0,0,17-Apr-17
OPTSTK,PCJEWELLER,29-Jun-17,350,CE,0,0,0,81.45,78.6,0,0,0,0,17-Apr-17
OPTSTK,PCJEWELLER,29-Jun-17,360,CE,0,0,0,74.1,70.4,0,0,0,0,17-Apr-17
OPTSTK,PCJEWELLER,29-Jun-17,370,CE,0,0,0,67.15,62.6,0,0,0,0,17-Apr-17
OPTSTK,PCJEWELLER,29-Jun-17,380,CE,0,0,0,60.55,55.3,0,0,0,0,17-Apr-17
OPTSTK,PCJEWELLER,29-Jun-17,390,CE,0,0,0,54.45,48.45,0,0,0,0,17-Apr-17
OPTSTK,PCJEWELLER,29-Jun-17,400,CE,0,0,0,48.75,42.2,0,0,0,0,17-Apr-17
OPTSTK,PCJEWELLER,29-Jun-17,410,CE,0,0,0,43.5,36.5,0,0,0,0,17-Apr-17
OPTSTK,PCJEWELLER,29-Jun-17,420,CE,0,0,0,38.7,31.3,0,0,0,0,17-Apr-17
OPTSTK,PCJEWELLER,29-Jun-17,430,CE,0,0,0,34.3,26.7,0,0,0,0,17-Apr-17
OPTSTK,PCJEWELLER,29-Jun-17,440,CE,0,0,0,30.3,22.6,0,0,0,0,17-Apr-17
OPTSTK,PCJEWELLER,29-Jun-17,450,CE,0,0,0,26.65,19,0,0,0,0,17-Apr-17
OPTSTK,PCJEWELLER,29-Jun-17,460,CE,0,0,0,23.4,15.9,0,0,0,0,17-Apr-17
OPTSTK,PCJEWELLER,29-Jun-17,470,CE,0,0,0,20.45,13.2,0,0,0,0,17-Apr-17
OPTSTK,PCJEWELLER,29-Jun-17,480,CE,0,0,0,17.85,10.9,0,0,0,0,17-Apr-17
OPTSTK,PCJEWELLER,29-Jun-17,490,CE,0,0,0,15.55,8.95,0,0,0,0,17-Apr-17
OPTSTK,PCJEWELLER,29-Jun-17,500,CE,0,0,0,13.5,7.3,0,0,0,0,17-Apr-17
OPTSTK,PCJEWELLER,29-Jun-17,510,CE,0,0,0,11.65,5.95,0,0,0,0,17-Apr-17
OPTSTK,PCJEWELLER,29-Jun-17,520,CE,0,0,0,10.1,4.8,0,0,0,0,17-Apr-17
OPTSTK,PCJEWELLER,29-Jun-17,530,CE,0,0,0,8.7,3.85,0,0,0,0,17-Apr-17
OPTSTK,PCJEWELLER,29-Jun-17,540,CE,0,0,0,7.45,3.1,0,0,0,0,17-Apr-17
OPTSTK,PCJEWELLER,29-Jun-17,550,CE,0,0,0,6.4,2.45,0,0,0,0,17-Apr-17
OPTSTK,PCJEWELLER,29-Jun-17,560,CE,0,0,0,5.5,1.95,0,0,0,0,17-Apr-17
OPTSTK,PCJEWELLER,29-Jun-17,570,CE,0,0,0,4.7,1.55,0,0,0,0,17-Apr-17
OPTSTK,PCJEWELLER,29-Jun-17,580,CE,0,0,0,4,1.2,0,0,0,0,17-Apr-17
OPTSTK,PCJEWELLER,29-Jun-17,260,PE,0,0,0,0.4,0.05,0,0,0,0,17-Apr-17
OPTSTK,PCJEWELLER,29-Jun-17,270,PE,0,0,0,0.65,0.1,0,0,0,0,17-Apr-17
OPTSTK,PCJEWELLER,29-Jun-17,280,PE,0,0,0,1,0.15,0,0,0,0,17-Apr-17
OPTSTK,PCJEWELLER,29-Jun-17,290,PE,0,0,0,1.5,0.3,0,0,0,0,17-Apr-17
OPTSTK,PCJEWELLER,29-Jun-17,300,PE,0,0,0,2.15,0.5,0,0,0,0,17-Apr-17
OPTSTK,PCJEWELLER,29-Jun-17,310,PE,0,0,0,3.05,0.8,0,0,0,0,17-Apr-17
OPTSTK,PCJEWELLER,29-Jun-17,320,PE,0,0,0,4.15,1.3,0,0,0,0,17-Apr-17
OPTSTK,PCJEWELLER,29-Jun-17,330,PE,0,0,0,5.55,2,0,0,0,0,17-Apr-17
OPTSTK,PCJEWELLER,29-Jun-17,340,PE,0,0,0,7.3,2.95,0,0,0,0,17-Apr-17
OPTSTK,PCJEWELLER,29-Jun-17,350,PE,0,0,0,9.4,4.2,0,0,0,0,17-Apr-17
OPTSTK,PCJEWELLER,29-Jun-17,360,PE,0,0,0,11.85,5.85,0,0,0,0,17-Apr-17
OPTSTK,PCJEWELLER,29-Jun-17,370,PE,0,0,0,14.75,7.95,0,0,0,0,17-Apr-17
OPTSTK,PCJEWELLER,29-Jun-17,380,PE,0,0,0,18,10.5,0,0,0,0,17-Apr-17
OPTSTK,PCJEWELLER,29-Jun-17,390,PE,0,0,0,21.7,13.55,0,0,0,0,17-Apr-17
OPTSTK,PCJEWELLER,29-Jun-17,400,PE,0,0,0,25.9,17.15,0,0,0,0,17-Apr-17
OPTSTK,PCJEWELLER,29-Jun-17,410,PE,0,0,0,30.45,21.3,0,0,0,0,17-Apr-17
OPTSTK,PCJEWELLER,29-Jun-17,420,PE,0,0,0,35.45,26,0,0,0,0,17-Apr-17
OPTSTK,PCJEWELLER,29-Jun-17,430,PE,0,0,0,40.9,31.25,0,0,0,0,17-Apr-17
OPTSTK,PCJEWELLER,29-Jun-17,440,PE,0,0,0,46.75,37,0,0,0,0,17-Apr-17
OPTSTK,PCJEWELLER,29-Jun-17,450,PE,0,0,0,52.95,43.3,0,0,0,0,17-Apr-17
OPTSTK,PCJEWELLER,29-Jun-17,460,PE,0,0,0,59.5,50.05,0,0,0,0,17-Apr-17
OPTSTK,PCJEWELLER,29-Jun-17,470,PE,0,0,0,66.4,57.25,0,0,0,0,17-Apr-17
OPTSTK,PCJEWELLER,29-Jun-17,480,PE,0,0,0,73.65,64.8,0,0,0,0,17-Apr-17
OPTSTK,PCJEWELLER,29-Jun-17,490,PE,0,0,0,81.15,72.7,0,0,0,0,17-Apr-17
OPTSTK,PCJEWELLER,29-Jun-17,500,PE,0,0,0,88.95,80.95,0,0,0,0,17-Apr-17
OPTSTK,PCJEWELLER,29-Jun-17,510,PE,0,0,0,96.95,89.45,0,0,0,0,17-Apr-17
OPTSTK,PCJEWELLER,29-Jun-17,520,PE,0,0,0,105.2,98.15,0,0,0,0,17-Apr-17
OPTSTK,PCJEWELLER,29-Jun-17,530,PE,0,0,0,113.65,107.1,0,0,0,0,17-Apr-17
OPTSTK,PCJEWELLER,29-Jun-17,540,PE,0,0,0,122.25,116.2,0,0,0,0,17-Apr-17
OPTSTK,PCJEWELLER,29-Jun-17,550,PE,0,0,0,131.05,125.45,0,0,0,0,17-Apr-17
OPTSTK,PCJEWELLER,29-Jun-17,560,PE,0,0,0,139.95,134.8,0,0,0,0,17-Apr-17
OPTSTK,PCJEWELLER,29-Jun-17,570,PE,0,0,0,149,144.25,0,0,0,0,17-Apr-17
OPTSTK,PCJEWELLER,29-Jun-17,580,PE,0,0,0,158.15,153.8,0,0,0,0,17-Apr-17
OPTSTK,PEL,27-Apr-17,1450,CE,0,0,0,425.2,825.65,0,0,0,0,17-Apr-17
OPTSTK,PEL,27-Apr-17,1500,CE,0,0,0,375.45,775.75,0,0,0,0,17-Apr-17
OPTSTK,PEL,27-Apr-17,1550,CE,0,0,0,325.75,725.8,0,0,0,0,17-Apr-17
OPTSTK,PEL,27-Apr-17,1600,CE,0,0,0,276.25,675.9,0,0,0,0,17-Apr-17
OPTSTK,PEL,27-Apr-17,1650,CE,0,0,0,227.35,626,0,0,0,0,17-Apr-17
OPTSTK,PEL,27-Apr-17,1700,CE,0,0,0,179.9,576.1,0,0,0,0,17-Apr-17
OPTSTK,PEL,27-Apr-17,1750,CE,0,0,0,135.55,526.2,0,0,0,0,17-Apr-17
OPTSTK,PEL,27-Apr-17,1800,CE,0,0,0,96.25,476.3,0,0,0,0,17-Apr-17
OPTSTK,PEL,27-Apr-17,1850,CE,0,0,0,63.75,426.5,0,0,0,0,17-Apr-17
OPTSTK,PEL,27-Apr-17,1900,CE,0,0,0,39.1,376.95,0,0,0,0,17-Apr-17
OPTSTK,PEL,27-Apr-17,1950,CE,0,0,0,234.7,327.85,0,0,2700,0,17-Apr-17
OPTSTK,PEL,27-Apr-17,2000,CE,148.8,148.8,148.8,148.8,148.8,1,6.44,4800,0,17-Apr-17
OPTSTK,PEL,27-Apr-17,2050,CE,0,0,0,114.5,233.25,0,0,2700,0,17-Apr-17
OPTSTK,PEL,27-Apr-17,2100,CE,0,0,0,106.6,189.45,0,0,1500,0,17-Apr-17
OPTSTK,PEL,27-Apr-17,2150,CE,140,160,125,160,160,5,34.33,3600,0,17-Apr-17
OPTSTK,PEL,27-Apr-17,2200,CE,118.95,136,80,114.9,114.9,41,284.6,6000,-3600,17-Apr-17
OPTSTK,PEL,27-Apr-17,2250,CE,81.8,101,60.8,94.5,94.5,13,91.05,2700,2100,17-Apr-17
OPTSTK,PEL,27-Apr-17,2300,CE,64,79.95,40.1,70.35,70.35,80,567.95,10500,9300,17-Apr-17
OPTSTK,PEL,27-Apr-17,2350,CE,47.5,60,39,48.7,48.7,36,259.14,5400,5400,17-Apr-17
OPTSTK,PEL,27-Apr-17,2400,CE,33.65,39.95,25.1,32,32,9,65.66,1800,1800,17-Apr-17
OPTSTK,PEL,27-Apr-17,2450,CE,22.8,27,20,23.1,23.1,7,51.95,1500,1200,17-Apr-17
OPTSTK,PEL,27-Apr-17,2500,CE,17.8,20,11.5,20,20,6,45.27,1200,1200,17-Apr-17
OPTSTK,PEL,27-Apr-17,2550,CE,6,12,6,12,12,2,15.35,300,300,17-Apr-17
OPTSTK,PEL,27-Apr-17,2600,CE,10,10,10,10,10,1,7.83,300,300,17-Apr-17
OPTSTK,PEL,27-Apr-17,2650,CE,5,6,5,6,6,15,119.51,4500,4500,17-Apr-17
OPTSTK,PEL,27-Apr-17,1450,PE,0,0,0,0.05,0,0,0,0,0,17-Apr-17
OPTSTK,PEL,27-Apr-17,1500,PE,0,0,0,0.05,0,0,0,0,0,17-Apr-17
OPTSTK,PEL,27-Apr-17,1550,PE,0,0,0,0.1,0,0,0,0,0,17-Apr-17
OPTSTK,PEL,27-Apr-17,1600,PE,0,0,0,0.3,0,0,0,0,0,17-Apr-17
OPTSTK,PEL,27-Apr-17,1650,PE,0,0,0,1.15,0,0,0,0,0,17-Apr-17
OPTSTK,PEL,27-Apr-17,1700,PE,0,0,0,3.5,0,0,0,0,0,17-Apr-17
OPTSTK,PEL,27-Apr-17,1750,PE,0,0,0,8.85,0.05,0,0,0,0,17-Apr-17
OPTSTK,PEL,27-Apr-17,1800,PE,0,0,0,19.35,0.05,0,0,0,0,17-Apr-17
OPTSTK,PEL,27-Apr-17,1850,PE,0,0,0,22.05,0.2,0,0,300,0,17-Apr-17
OPTSTK,PEL,27-Apr-17,1900,PE,0,0,0,61.7,0.5,0,0,0,0,17-Apr-17
OPTSTK,PEL,27-Apr-17,1950,PE,4.3,4.3,4.3,4.3,4.3,1,5.86,1800,0,17-Apr-17
OPTSTK,PEL,27-Apr-17,2000,PE,6,12.95,5.4,5.45,5.45,13,78.3,7800,900,17-Apr-17
OPTSTK,PEL,27-Apr-17,2050,PE,6.6,18.9,6.6,7,7,8,49.45,3600,1200,17-Apr-17
OPTSTK,PEL,27-Apr-17,2100,PE,18.9,40.75,10,18.85,18.85,14,89.19,3600,2100,17-Apr-17
OPTSTK,PEL,27-Apr-17,2150,PE,32.5,40,32.5,40,40,3,19.66,900,600,17-Apr-17
OPTSTK,PEL,27-Apr-17,2200,PE,22,50,22,36.4,36.4,9,60.47,3000,600,17-Apr-17
OPTSTK,PEL,27-Apr-17,2250,PE,61.75,65.2,61.75,65.2,65.2,2,13.88,300,300,17-Apr-17
OPTSTK,PEL,27-Apr-17,2300,PE,92,93.5,92,93.5,93.5,3,21.53,900,900,17-Apr-17
OPTSTK,PEL,27-Apr-17,2350,PE,110,110,110,110,110,4,29.52,1200,1200,17-Apr-17
OPTSTK,PEL,27-Apr-17,2400,PE,0,0,0,520.1,149.15,0,0,0,0,17-Apr-17
OPTSTK,PEL,27-Apr-17,2450,PE,0,0,0,569.85,189.2,0,0,0,0,17-Apr-17
OPTSTK,PEL,27-Apr-17,2500,PE,0,0,0,619.6,232.55,0,0,0,0,17-Apr-17
OPTSTK,PEL,27-Apr-17,2550,PE,0,0,0,669.4,278.25,0,0,0,0,17-Apr-17
OPTSTK,PEL,27-Apr-17,2600,PE,0,0,0,719.15,325.6,0,0,0,0,17-Apr-17
OPTSTK,PEL,27-Apr-17,2650,PE,0,0,0,768.9,374.05,0,0,0,0,17-Apr-17
OPTSTK,PEL,25-May-17,1450,CE,0,0,0,432.9,833,0,0,0,0,17-Apr-17
OPTSTK,PEL,25-May-17,1500,CE,0,0,0,383.65,783.45,0,0,0,0,17-Apr-17
OPTSTK,PEL,25-May-17,1550,CE,0,0,0,334.8,734,0,0,0,0,17-Apr-17
OPTSTK,PEL,25-May-17,1600,CE,0,0,0,286.85,684.7,0,0,0,0,17-Apr-17
OPTSTK,PEL,25-May-17,1650,CE,0,0,0,240.35,635.75,0,0,0,0,17-Apr-17
OPTSTK,PEL,25-May-17,1700,CE,0,0,0,196.35,587.2,0,0,0,0,17-Apr-17
OPTSTK,PEL,25-May-17,1750,CE,0,0,0,155.85,539.3,0,0,0,0,17-Apr-17
OPTSTK,PEL,25-May-17,1800,CE,0,0,0,119.8,492.25,0,0,0,0,17-Apr-17
OPTSTK,PEL,25-May-17,1850,CE,0,0,0,89,446.35,0,0,0,0,17-Apr-17
OPTSTK,PEL,25-May-17,1900,CE,0,0,0,63.8,401.95,0,0,0,0,17-Apr-17
OPTSTK,PEL,25-May-17,1950,CE,0,0,0,44.05,359.25,0,0,0,0,17-Apr-17
OPTSTK,PEL,25-May-17,2000,CE,0,0,0,29.4,318.65,0,0,0,0,17-Apr-17
OPTSTK,PEL,25-May-17,2050,CE,0,0,0,18.85,280.45,0,0,0,0,17-Apr-17
OPTSTK,PEL,25-May-17,2100,CE,0,0,0,11.65,244.6,0,0,0,0,17-Apr-17
OPTSTK,PEL,25-May-17,2150,CE,0,0,0,6.95,211.7,0,0,0,0,17-Apr-17
OPTSTK,PEL,25-May-17,2200,CE,0,0,0,4.05,181.7,0,0,0,0,17-Apr-17
OPTSTK,PEL,25-May-17,2250,CE,0,0,0,2.25,154.65,0,0,0,0,17-Apr-17
OPTSTK,PEL,25-May-17,2300,CE,0,0,0,1.2,130.5,0,0,0,0,17-Apr-17
OPTSTK,PEL,25-May-17,2350,CE,0,0,0,0.65,109.2,0,0,0,0,17-Apr-17
OPTSTK,PEL,25-May-17,2400,CE,0,0,0,0.35,90.65,0,0,0,0,17-Apr-17
OPTSTK,PEL,25-May-17,2450,CE,0,0,0,0.2,74.65,0,0,0,0,17-Apr-17
OPTSTK,PEL,25-May-17,2500,CE,0,0,0,0.1,61.1,0,0,0,0,17-Apr-17
OPTSTK,PEL,25-May-17,2550,CE,0,0,0,0.05,49.6,0,0,0,0,17-Apr-17
OPTSTK,PEL,25-May-17,2600,CE,0,0,0,0.05,39.85,0,0,0,0,17-Apr-17
OPTSTK,PEL,25-May-17,2650,CE,0,0,0,0.05,31.85,0,0,0,0,17-Apr-17
OPTSTK,PEL,25-May-17,1450,PE,0,0,0,0.15,0.1,0,0,0,0,17-Apr-17
OPTSTK,PEL,25-May-17,1500,PE,0,0,0,0.4,0.2,0,0,0,0,17-Apr-17
OPTSTK,PEL,25-May-17,1550,PE,0,0,0,1.05,0.45,0,0,0,0,17-Apr-17
OPTSTK,PEL,25-May-17,1600,PE,0,0,0,2.55,0.8,0,0,0,0,17-Apr-17
OPTSTK,PEL,25-May-17,1650,PE,0,0,0,5.55,1.5,0,0,0,0,17-Apr-17
OPTSTK,PEL,25-May-17,1700,PE,0,0,0,11.05,2.65,0,0,0,0,17-Apr-17
OPTSTK,PEL,25-May-17,1750,PE,0,0,0,20,4.4,0,0,0,0,17-Apr-17
OPTSTK,PEL,25-May-17,1800,PE,0,0,0,33.45,7,0,0,0,0,17-Apr-17
OPTSTK,PEL,25-May-17,1850,PE,0,0,0,52.15,10.8,0,0,0,0,17-Apr-17
OPTSTK,PEL,25-May-17,1900,PE,0,0,0,76.45,16,0,0,0,0,17-Apr-17
OPTSTK,PEL,25-May-17,1950,PE,0,0,0,106.2,23,0,0,0,0,17-Apr-17
OPTSTK,PEL,25-May-17,2000,PE,0,0,0,141.05,32.05,0,0,0,0,17-Apr-17
OPTSTK,PEL,25-May-17,2050,PE,0,0,0,180,43.5,0,0,0,0,17-Apr-17
OPTSTK,PEL,25-May-17,2100,PE,0,0,0,222.3,57.35,0,0,0,0,17-Apr-17
OPTSTK,PEL,25-May-17,2150,PE,0,0,0,267.1,74.1,0,0,0,0,17-Apr-17
OPTSTK,PEL,25-May-17,2200,PE,0,0,0,313.65,93.75,0,0,0,0,17-Apr-17
OPTSTK,PEL,25-May-17,2250,PE,0,0,0,361.35,116.35,0,0,0,0,17-Apr-17
OPTSTK,PEL,25-May-17,2300,PE,0,0,0,409.8,141.9,0,0,0,0,17-Apr-17
OPTSTK,PEL,25-May-17,2350,PE,0,0,0,458.7,170.25,0,0,0,0,17-Apr-17
OPTSTK,PEL,25-May-17,2400,PE,0,0,0,507.9,201.35,0,0,0,0,17-Apr-17
OPTSTK,PEL,25-May-17,2450,PE,0,0,0,557.25,235,0,0,0,0,17-Apr-17
OPTSTK,PEL,25-May-17,2500,PE,0,0,0,606.65,271.1,0,0,0,0,17-Apr-17
OPTSTK,PEL,25-May-17,2550,PE,0,0,0,656.1,309.3,0,0,0,0,17-Apr-17
OPTSTK,PEL,25-May-17,2600,PE,0,0,0,705.55,349.2,0,0,0,0,17-Apr-17
OPTSTK,PEL,25-May-17,2650,PE,0,0,0,755.05,390.85,0,0,0,0,17-Apr-17
OPTSTK,PEL,29-Jun-17,1450,CE,0,0,0,442.75,843.55,0,0,0,0,17-Apr-17
OPTSTK,PEL,29-Jun-17,1500,CE,0,0,0,394.55,795.2,0,0,0,0,17-Apr-17
OPTSTK,PEL,29-Jun-17,1550,CE,0,0,0,347.25,747.35,0,0,0,0,17-Apr-17
OPTSTK,PEL,29-Jun-17,1600,CE,0,0,0,301.3,700.1,0,0,0,0,17-Apr-17
OPTSTK,PEL,29-Jun-17,1650,CE,0,0,0,257.4,653.6,0,0,0,0,17-Apr-17
OPTSTK,PEL,29-Jun-17,1700,CE,0,0,0,216.1,608.05,0,0,0,0,17-Apr-17
OPTSTK,PEL,29-Jun-17,1750,CE,0,0,0,178.2,563.6,0,0,0,0,17-Apr-17
OPTSTK,PEL,29-Jun-17,1800,CE,0,0,0,143.95,520.45,0,0,0,0,17-Apr-17
OPTSTK,PEL,29-Jun-17,1850,CE,0,0,0,114.05,478.75,0,0,0,0,17-Apr-17
OPTSTK,PEL,29-Jun-17,1900,CE,0,0,0,88.5,438.7,0,0,0,0,17-Apr-17
OPTSTK,PEL,29-Jun-17,1950,CE,0,0,0,67.25,400.4,0,0,0,0,17-Apr-17
OPTSTK,PEL,29-Jun-17,2000,CE,0,0,0,50.1,364.05,0,0,0,0,17-Apr-17
OPTSTK,PEL,29-Jun-17,2050,CE,0,0,0,36.6,329.6,0,0,0,0,17-Apr-17
OPTSTK,PEL,29-Jun-17,2100,CE,0,0,0,26.15,297.2,0,0,0,0,17-Apr-17
OPTSTK,PEL,29-Jun-17,2150,CE,0,0,0,18.35,267.05,0,0,0,0,17-Apr-17
OPTSTK,PEL,29-Jun-17,2200,CE,0,0,0,12.6,239,0,0,0,0,17-Apr-17
OPTSTK,PEL,29-Jun-17,2250,CE,0,0,0,8.55,213.1,0,0,0,0,17-Apr-17
OPTSTK,PEL,29-Jun-17,2300,CE,0,0,0,5.65,189.3,0,0,0,0,17-Apr-17
OPTSTK,PEL,29-Jun-17,2350,CE,0,0,0,3.7,167.55,0,0,0,0,17-Apr-17
OPTSTK,PEL,29-Jun-17,2400,CE,0,0,0,2.4,147.8,0,0,0,0,17-Apr-17
OPTSTK,PEL,29-Jun-17,2450,CE,0,0,0,1.5,129.9,0,0,0,0,17-Apr-17
OPTSTK,PEL,29-Jun-17,2500,CE,0,0,0,0.95,113.85,0,0,0,0,17-Apr-17
OPTSTK,PEL,29-Jun-17,2550,CE,0,0,0,0.6,99.4,0,0,0,0,17-Apr-17
OPTSTK,PEL,29-Jun-17,2600,CE,0,0,0,0.35,86.65,0,0,0,0,17-Apr-17
OPTSTK,PEL,29-Jun-17,2650,CE,0,0,0,0.2,75.3,0,0,0,0,17-Apr-17
OPTSTK,PEL,29-Jun-17,1450,PE,0,0,0,0.8,1.7,0,0,0,0,17-Apr-17
OPTSTK,PEL,29-Jun-17,1500,PE,0,0,0,1.8,2.75,0,0,0,0,17-Apr-17
OPTSTK,PEL,29-Jun-17,1550,PE,0,0,0,3.65,4.25,0,0,0,0,17-Apr-17
OPTSTK,PEL,29-Jun-17,1600,PE,0,0,0,6.95,6.35,0,0,0,0,17-Apr-17
OPTSTK,PEL,29-Jun-17,1650,PE,0,0,0,12.15,9.2,0,0,0,0,17-Apr-17
OPTSTK,PEL,29-Jun-17,1700,PE,0,0,0,20.1,13,0,0,0,0,17-Apr-17
OPTSTK,PEL,29-Jun-17,1750,PE,0,0,0,31.35,17.9,0,0,0,0,17-Apr-17
OPTSTK,PEL,29-Jun-17,1800,PE,0,0,0,46.3,24.1,0,0,0,0,17-Apr-17
OPTSTK,PEL,29-Jun-17,1850,PE,0,0,0,65.55,31.75,0,0,0,0,17-Apr-17
OPTSTK,PEL,29-Jun-17,1900,PE,0,0,0,89.15,41.05,0,0,0,0,17-Apr-17
OPTSTK,PEL,29-Jun-17,1950,PE,0,0,0,117.1,52.1,0,0,0,0,17-Apr-17
OPTSTK,PEL,29-Jun-17,2000,PE,0,0,0,149.1,65.1,0,0,0,0,17-Apr-17
OPTSTK,PEL,29-Jun-17,2050,PE,0,0,0,184.8,80.05,0,0,0,0,17-Apr-17
OPTSTK,PEL,29-Jun-17,2100,PE,0,0,0,223.5,97,0,0,0,0,17-Apr-17
OPTSTK,PEL,29-Jun-17,2150,PE,0,0,0,264.9,116.15,0,0,0,0,17-Apr-17
OPTSTK,PEL,29-Jun-17,2200,PE,0,0,0,308.35,137.5,0,0,0,0,17-Apr-17
OPTSTK,PEL,29-Jun-17,2250,PE,0,0,0,353.4,160.95,0,0,0,0,17-Apr-17
OPTSTK,PEL,29-Jun-17,2300,PE,0,0,0,399.75,186.5,0,0,0,0,17-Apr-17
OPTSTK,PEL,29-Jun-17,2350,PE,0,0,0,446.95,214.1,0,0,0,0,17-Apr-17
OPTSTK,PEL,29-Jun-17,2400,PE,0,0,0,494.8,243.7,0,0,0,0,17-Apr-17
OPTSTK,PEL,29-Jun-17,2450,PE,0,0,0,543.1,275.2,0,0,0,0,17-Apr-17
OPTSTK,PEL,29-Jun-17,2500,PE,0,0,0,591.7,308.45,0,0,0,0,17-Apr-17
OPTSTK,PEL,29-Jun-17,2550,PE,0,0,0,640.55,343.35,0,0,0,0,17-Apr-17
OPTSTK,PEL,29-Jun-17,2600,PE,0,0,0,689.5,380,0,0,0,0,17-Apr-17
OPTSTK,PEL,29-Jun-17,2650,PE,0,0,0,738.5,417.95,0,0,0,0,17-Apr-17
OPTSTK,PETRONET,27-Apr-17,240,CE,0,0,0,138.8,200.3,0,0,0,0,17-Apr-17
OPTSTK,PETRONET,27-Apr-17,250,CE,0,0,0,129.05,190.3,0,0,0,0,17-Apr-17
OPTSTK,PETRONET,27-Apr-17,260,CE,0,0,0,119.35,180.3,0,0,0,0,17-Apr-17
OPTSTK,PETRONET,27-Apr-17,270,CE,0,0,0,109.8,170.35,0,0,0,0,17-Apr-17
OPTSTK,PETRONET,27-Apr-17,280,CE,0,0,0,100.35,160.35,0,0,0,0,17-Apr-17
OPTSTK,PETRONET,27-Apr-17,290,CE,0,0,0,91.15,150.35,0,0,0,0,17-Apr-17
OPTSTK,PETRONET,27-Apr-17,300,CE,0,0,0,104.5,140.4,0,0,22500,0,17-Apr-17
OPTSTK,PETRONET,27-Apr-17,310,CE,0,0,0,73.6,130.4,0,0,0,0,17-Apr-17
OPTSTK,PETRONET,27-Apr-17,320,CE,0,0,0,65.35,120.45,0,0,0,0,17-Apr-17
OPTSTK,PETRONET,27-Apr-17,330,CE,0,0,0,57.6,110.45,0,0,0,0,17-Apr-17
OPTSTK,PETRONET,27-Apr-17,340,CE,0,0,0,50.4,100.45,0,0,0,0,17-Apr-17
OPTSTK,PETRONET,27-Apr-17,350,CE,0,0,0,43.7,90.5,0,0,0,0,17-Apr-17
OPTSTK,PETRONET,27-Apr-17,360,CE,0,0,0,37.6,80.5,0,0,0,0,17-Apr-17
OPTSTK,PETRONET,27-Apr-17,370,CE,0,0,0,32.05,70.5,0,0,0,0,17-Apr-17
OPTSTK,PETRONET,27-Apr-17,380,CE,0,0,0,27.15,60.55,0,0,0,0,17-Apr-17
OPTSTK,PETRONET,27-Apr-17,390,CE,0,0,0,45.15,50.65,0,0,1500,0,17-Apr-17
OPTSTK,PETRONET,27-Apr-17,400,CE,31.9,43.2,31.9,43.2,43.2,4,26.12,13500,-6000,17-Apr-17
OPTSTK,PETRONET,27-Apr-17,410,CE,31.3,31.65,30,30,30,4,26.46,21000,-3000,17-Apr-17
OPTSTK,PETRONET,27-Apr-17,420,CE,14.05,24.8,14.05,23.6,23.6,72,475.57,84000,-31500,17-Apr-17
OPTSTK,PETRONET,27-Apr-17,430,CE,9.95,17.15,9,16.25,16.25,298,1985.49,126000,-42000,17-Apr-17
OPTSTK,PETRONET,27-Apr-17,440,CE,5.75,11.1,4.95,10.25,10.25,685,4615.72,264000,25500,17-Apr-17
OPTSTK,PETRONET,27-Apr-17,450,CE,3.2,6.6,3,6.15,6.15,295,2015.83,189000,12000,17-Apr-17
OPTSTK,PETRONET,27-Apr-17,460,CE,2.25,3.9,2,3.3,3.3,83,576.65,133500,16500,17-Apr-17
OPTSTK,PETRONET,27-Apr-17,470,CE,1.6,2.15,1.5,1.6,1.6,38,268.93,46500,7500,17-Apr-17
OPTSTK,PETRONET,27-Apr-17,480,CE,1,1.25,0.6,0.7,0.7,18,129.87,46500,13500,17-Apr-17
OPTSTK,PETRONET,27-Apr-17,490,CE,0.3,0.3,0.3,0.3,0.3,3,22.06,9000,1500,17-Apr-17
OPTSTK,PETRONET,27-Apr-17,500,CE,0.3,0.3,0.3,0.3,0.3,2,15,3000,3000,17-Apr-17
OPTSTK,PETRONET,27-Apr-17,510,CE,0,0,0,1.7,0.05,0,0,0,0,17-Apr-17
OPTSTK,PETRONET,27-Apr-17,520,CE,0,0,0,1.3,0.05,0,0,0,0,17-Apr-17
OPTSTK,PETRONET,27-Apr-17,240,PE,0,0,0,0.1,0,0,0,0,0,17-Apr-17
OPTSTK,PETRONET,27-Apr-17,250,PE,0,0,0,0.2,0,0,0,0,0,17-Apr-17
OPTSTK,PETRONET,27-Apr-17,260,PE,0,0,0,0.35,0,0,0,0,0,17-Apr-17
OPTSTK,PETRONET,27-Apr-17,270,PE,0,0,0,0.6,0,0,0,0,0,17-Apr-17
OPTSTK,PETRONET,27-Apr-17,280,PE,0,0,0,1,0,0,0,0,0,17-Apr-17
OPTSTK,PETRONET,27-Apr-17,290,PE,0,0,0,1.65,0,0,0,0,0,17-Apr-17
OPTSTK,PETRONET,27-Apr-17,300,PE,0,0,0,2.5,0,0,0,0,0,17-Apr-17
OPTSTK,PETRONET,27-Apr-17,310,PE,0,0,0,3.75,0,0,0,0,0,17-Apr-17
OPTSTK,PETRONET,27-Apr-17,320,PE,0,0,0,5.35,0,0,0,0,0,17-Apr-17
OPTSTK,PETRONET,27-Apr-17,330,PE,0,0,0,7.45,0,0,0,0,0,17-Apr-17
OPTSTK,PETRONET,27-Apr-17,340,PE,0,0,0,10.05,0,0,0,0,0,17-Apr-17
OPTSTK,PETRONET,27-Apr-17,350,PE,0,0,0,13.2,0,0,0,0,0,17-Apr-17
OPTSTK,PETRONET,27-Apr-17,360,PE,0.3,0.3,0.3,0.3,0.3,1,5.4,1500,0,17-Apr-17
OPTSTK,PETRONET,27-Apr-17,370,PE,0.15,0.95,0.15,0.95,0.95,4,22.23,19500,0,17-Apr-17
OPTSTK,PETRONET,27-Apr-17,380,PE,0,0,0,0.6,0.05,0,0,22500,0,17-Apr-17
OPTSTK,PETRONET,27-Apr-17,390,PE,0.7,0.75,0.55,0.7,0.7,5,29.3,39000,-4500,17-Apr-17
OPTSTK,PETRONET,27-Apr-17,400,PE,1.8,2.05,0.9,1,1,32,192.64,82500,7500,17-Apr-17
OPTSTK,PETRONET,27-Apr-17,410,PE,2.65,2.7,1.35,1.5,1.5,46,284.09,54000,1500,17-Apr-17
OPTSTK,PETRONET,27-Apr-17,420,PE,6.3,6.6,2,2.55,2.55,142,902.33,147000,42000,17-Apr-17
OPTSTK,PETRONET,27-Apr-17,430,PE,10.3,10.3,4.25,4.95,4.95,67,438.48,61500,25500,17-Apr-17
OPTSTK,PETRONET,27-Apr-17,440,PE,15.45,15.45,8.7,8.95,8.95,45,303.99,57000,33000,17-Apr-17
OPTSTK,PETRONET,27-Apr-17,450,PE,13.4,13.4,13.4,13.4,13.4,1,6.95,1500,0,17-Apr-17
OPTSTK,PETRONET,27-Apr-17,460,PE,30.95,30.95,30.95,30.95,30.95,1,7.36,1500,0,17-Apr-17
OPTSTK,PETRONET,27-Apr-17,470,PE,0,0,0,91.95,30.75,0,0,0,0,17-Apr-17
OPTSTK,PETRONET,27-Apr-17,480,PE,40.1,40.1,40.1,40.1,40.1,3,23.4,4500,4500,17-Apr-17
OPTSTK,PETRONET,27-Apr-17,490,PE,48.2,48.2,48.2,48.2,48.2,3,24.21,4500,4500,17-Apr-17
OPTSTK,PETRONET,27-Apr-17,500,PE,0,0,0,119.2,59.4,0,0,0,0,17-Apr-17
OPTSTK,PETRONET,27-Apr-17,510,PE,0,0,0,128.55,69.3,0,0,0,0,17-Apr-17
OPTSTK,PETRONET,27-Apr-17,520,PE,0,0,0,138.05,79.25,0,0,0,0,17-Apr-17
OPTSTK,PETRONET,25-May-17,240,CE,0,0,0,163.5,201.5,0,0,0,0,17-Apr-17
OPTSTK,PETRONET,25-May-17,250,CE,0,0,0,153.65,191.55,0,0,0,0,17-Apr-17
OPTSTK,PETRONET,25-May-17,260,CE,0,0,0,143.85,181.6,0,0,0,0,17-Apr-17
OPTSTK,PETRONET,25-May-17,270,CE,0,0,0,134.05,171.7,0,0,0,0,17-Apr-17
OPTSTK,PETRONET,25-May-17,280,CE,0,0,0,124.3,161.75,0,0,0,0,17-Apr-17
OPTSTK,PETRONET,25-May-17,290,CE,0,0,0,114.65,151.85,0,0,0,0,17-Apr-17
OPTSTK,PETRONET,25-May-17,300,CE,0,0,0,105.1,141.9,0,0,0,0,17-Apr-17
OPTSTK,PETRONET,25-May-17,310,CE,0,0,0,95.7,131.95,0,0,0,0,17-Apr-17
OPTSTK,PETRONET,25-May-17,320,CE,0,0,0,86.55,122.05,0,0,0,0,17-Apr-17
OPTSTK,PETRONET,25-May-17,330,CE,0,0,0,77.65,112.15,0,0,0,0,17-Apr-17
OPTSTK,PETRONET,25-May-17,340,CE,0,0,0,69.15,102.25,0,0,0,0,17-Apr-17
OPTSTK,PETRONET,25-May-17,350,CE,0,0,0,61.05,92.4,0,0,0,0,17-Apr-17
OPTSTK,PETRONET,25-May-17,360,CE,0,0,0,53.4,82.7,0,0,0,0,17-Apr-17
OPTSTK,PETRONET,25-May-17,370,CE,0,0,0,46.35,73.15,0,0,0,0,17-Apr-17
OPTSTK,PETRONET,25-May-17,380,CE,0,0,0,39.85,63.85,0,0,0,0,17-Apr-17
OPTSTK,PETRONET,25-May-17,390,CE,0,0,0,33.95,54.9,0,0,0,0,17-Apr-17
OPTSTK,PETRONET,25-May-17,400,CE,0,0,0,28.7,46.5,0,0,0,0,17-Apr-17
OPTSTK,PETRONET,25-May-17,410,CE,0,0,0,24,38.65,0,0,0,0,17-Apr-17
OPTSTK,PETRONET,25-May-17,420,CE,0,0,0,19.95,31.55,0,0,0,0,17-Apr-17
OPTSTK,PETRONET,25-May-17,430,CE,0,0,0,18.5,25.3,0,0,1500,0,17-Apr-17
OPTSTK,PETRONET,25-May-17,440,CE,19,19,19,19,19,1,6.88,4500,1500,17-Apr-17
OPTSTK,PETRONET,25-May-17,450,CE,0,0,0,10.85,15.3,0,0,0,0,17-Apr-17
OPTSTK,PETRONET,25-May-17,460,CE,10,10,10,10,10,1,7.05,1500,1500,17-Apr-17
OPTSTK,PETRONET,25-May-17,470,CE,0,0,0,6.95,8.5,0,0,0,0,17-Apr-17
OPTSTK,PETRONET,25-May-17,480,CE,0,0,0,5.5,6.15,0,0,0,0,17-Apr-17
OPTSTK,PETRONET,25-May-17,490,CE,0,0,0,4.35,4.4,0,0,0,0,17-Apr-17
OPTSTK,PETRONET,25-May-17,500,CE,0,0,0,3.4,3.05,0,0,0,0,17-Apr-17
OPTSTK,PETRONET,25-May-17,510,CE,0,0,0,2.65,2.1,0,0,0,0,17-Apr-17
OPTSTK,PETRONET,25-May-17,520,CE,0,0,0,2.05,1.4,0,0,0,0,17-Apr-17
OPTSTK,PETRONET,25-May-17,240,PE,0,0,0,0.05,0,0,0,0,0,17-Apr-17
OPTSTK,PETRONET,25-May-17,250,PE,0,0,0,0.05,0,0,0,0,0,17-Apr-17
OPTSTK,PETRONET,25-May-17,260,PE,0,0,0,0.05,0,0,0,0,0,17-Apr-17
OPTSTK,PETRONET,25-May-17,270,PE,0,0,0,0.1,0,0,0,0,0,17-Apr-17
OPTSTK,PETRONET,25-May-17,280,PE,0,0,0,0.2,0,0,0,0,0,17-Apr-17
OPTSTK,PETRONET,25-May-17,290,PE,0,0,0,0.4,0,0,0,0,0,17-Apr-17
OPTSTK,PETRONET,25-May-17,300,PE,0,0,0,0.7,0,0,0,0,0,17-Apr-17
OPTSTK,PETRONET,25-May-17,310,PE,0,0,0,1.15,0,0,0,0,0,17-Apr-17
OPTSTK,PETRONET,25-May-17,320,PE,0,0,0,1.8,0.05,0,0,0,0,17-Apr-17
OPTSTK,PETRONET,25-May-17,330,PE,0,0,0,2.75,0.05,0,0,0,0,17-Apr-17
OPTSTK,PETRONET,25-May-17,340,PE,0,0,0,4.1,0.1,0,0,0,0,17-Apr-17
OPTSTK,PETRONET,25-May-17,350,PE,0,0,0,5.85,0.2,0,0,0,0,17-Apr-17
OPTSTK,PETRONET,25-May-17,360,PE,0,0,0,8.05,0.4,0,0,0,0,17-Apr-17
OPTSTK,PETRONET,25-May-17,370,PE,0,0,0,10.85,0.8,0,0,0,0,17-Apr-17
OPTSTK,PETRONET,25-May-17,380,PE,0,0,0,4.4,1.4,0,0,1500,0,17-Apr-17
OPTSTK,PETRONET,25-May-17,390,PE,0,0,0,7,2.45,0,0,1500,0,17-Apr-17
OPTSTK,PETRONET,25-May-17,400,PE,0,0,0,4.5,3.95,0,0,6000,0,17-Apr-17
OPTSTK,PETRONET,25-May-17,410,PE,0,0,0,8,6.05,0,0,4500,0,17-Apr-17
OPTSTK,PETRONET,25-May-17,420,PE,0,0,0,33.65,8.9,0,0,0,0,17-Apr-17
OPTSTK,PETRONET,25-May-17,430,PE,0,0,0,14,12.55,0,0,1500,0,17-Apr-17
OPTSTK,PETRONET,25-May-17,440,PE,0,0,0,46.8,17.05,0,0,0,0,17-Apr-17
OPTSTK,PETRONET,25-May-17,450,PE,0,0,0,54.1,22.4,0,0,0,0,17-Apr-17
OPTSTK,PETRONET,25-May-17,460,PE,0,0,0,61.8,28.55,0,0,0,0,17-Apr-17
OPTSTK,PETRONET,25-May-17,470,PE,0,0,0,69.85,35.5,0,0,0,0,17-Apr-17
OPTSTK,PETRONET,25-May-17,480,PE,0,0,0,78.25,43.1,0,0,0,0,17-Apr-17
OPTSTK,PETRONET,25-May-17,490,PE,0,0,0,86.95,51.25,0,0,0,0,17-Apr-17
OPTSTK,PETRONET,25-May-17,500,PE,0,0,0,95.85,59.85,0,0,0,0,17-Apr-17
OPTSTK,PETRONET,25-May-17,510,PE,0,0,0,104.9,68.8,0,0,0,0,17-Apr-17
OPTSTK,PETRONET,25-May-17,520,PE,0,0,0,114.15,78.05,0,0,0,0,17-Apr-17
OPTSTK,PETRONET,29-Jun-17,240,CE,0,0,0,164.25,202.95,0,0,0,0,17-Apr-17
OPTSTK,PETRONET,29-Jun-17,250,CE,0,0,0,154.4,193.1,0,0,0,0,17-Apr-17
OPTSTK,PETRONET,29-Jun-17,260,CE,0,0,0,144.55,183.25,0,0,0,0,17-Apr-17
OPTSTK,PETRONET,29-Jun-17,270,CE,0,0,0,134.75,173.35,0,0,0,0,17-Apr-17
OPTSTK,PETRONET,29-Jun-17,280,CE,0,0,0,124.95,163.5,0,0,0,0,17-Apr-17
OPTSTK,PETRONET,29-Jun-17,290,CE,0,0,0,115.2,153.65,0,0,0,0,17-Apr-17
OPTSTK,PETRONET,29-Jun-17,300,CE,0,0,0,105.5,143.8,0,0,0,0,17-Apr-17
OPTSTK,PETRONET,29-Jun-17,310,CE,0,0,0,95.9,134,0,0,0,0,17-Apr-17
OPTSTK,PETRONET,29-Jun-17,320,CE,0,0,0,86.5,124.2,0,0,0,0,17-Apr-17
OPTSTK,PETRONET,29-Jun-17,330,CE,0,0,0,77.3,114.55,0,0,0,0,17-Apr-17
OPTSTK,PETRONET,29-Jun-17,340,CE,0,0,0,68.4,104.95,0,0,0,0,17-Apr-17
OPTSTK,PETRONET,29-Jun-17,350,CE,0,0,0,59.9,95.55,0,0,0,0,17-Apr-17
OPTSTK,PETRONET,29-Jun-17,360,CE,0,0,0,51.9,86.35,0,0,0,0,17-Apr-17
OPTSTK,PETRONET,29-Jun-17,370,CE,0,0,0,44.5,77.45,0,0,0,0,17-Apr-17
OPTSTK,PETRONET,29-Jun-17,380,CE,0,0,0,37.65,68.9,0,0,0,0,17-Apr-17
OPTSTK,PETRONET,29-Jun-17,390,CE,0,0,0,31.5,60.8,0,0,0,0,17-Apr-17
OPTSTK,PETRONET,29-Jun-17,400,CE,0,0,0,26.05,53.15,0,0,0,0,17-Apr-17
OPTSTK,PETRONET,29-Jun-17,410,CE,0,0,0,21.25,46.05,0,0,0,0,17-Apr-17
OPTSTK,PETRONET,29-Jun-17,420,CE,0,0,0,17.15,39.5,0,0,0,0,17-Apr-17
OPTSTK,PETRONET,29-Jun-17,430,CE,0,0,0,13.7,33.6,0,0,0,0,17-Apr-17
OPTSTK,PETRONET,29-Jun-17,440,CE,0,0,0,10.8,28.3,0,0,0,0,17-Apr-17
OPTSTK,PETRONET,29-Jun-17,450,CE,0,0,0,8.45,23.6,0,0,0,0,17-Apr-17
OPTSTK,PETRONET,29-Jun-17,460,CE,0,0,0,6.5,19.5,0,0,0,0,17-Apr-17
OPTSTK,PETRONET,29-Jun-17,470,CE,0,0,0,4.95,16,0,0,0,0,17-Apr-17
OPTSTK,PETRONET,29-Jun-17,480,CE,0,0,0,3.75,12.95,0,0,0,0,17-Apr-17
OPTSTK,PETRONET,29-Jun-17,490,CE,0,0,0,2.8,10.45,0,0,0,0,17-Apr-17
OPTSTK,PETRONET,29-Jun-17,500,CE,0,0,0,2.1,8.35,0,0,0,0,17-Apr-17
OPTSTK,PETRONET,29-Jun-17,510,CE,0,0,0,1.55,6.6,0,0,0,0,17-Apr-17
OPTSTK,PETRONET,29-Jun-17,520,CE,0,0,0,1.1,5.2,0,0,0,0,17-Apr-17
OPTSTK,PETRONET,29-Jun-17,240,PE,0,0,0,0.05,0,0,0,0,0,17-Apr-17
OPTSTK,PETRONET,29-Jun-17,250,PE,0,0,0,0.05,0,0,0,0,0,17-Apr-17
OPTSTK,PETRONET,29-Jun-17,260,PE,0,0,0,0.05,0,0,0,0,0,17-Apr-17
OPTSTK,PETRONET,29-Jun-17,270,PE,0,0,0,0.05,0,0,0,0,0,17-Apr-17
OPTSTK,PETRONET,29-Jun-17,280,PE,0,0,0,0.1,0.05,0,0,0,0,17-Apr-17
OPTSTK,PETRONET,29-Jun-17,290,PE,0,0,0,0.15,0.05,0,0,0,0,17-Apr-17
OPTSTK,PETRONET,29-Jun-17,300,PE,0,0,0,0.3,0.05,0,0,0,0,17-Apr-17
OPTSTK,PETRONET,29-Jun-17,310,PE,0,0,0,0.55,0.15,0,0,0,0,17-Apr-17
OPTSTK,PETRONET,29-Jun-17,320,PE,0,0,0,0.95,0.25,0,0,0,0,17-Apr-17
OPTSTK,PETRONET,29-Jun-17,330,PE,0,0,0,1.6,0.4,0,0,0,0,17-Apr-17
OPTSTK,PETRONET,29-Jun-17,340,PE,0,0,0,2.55,0.7,0,0,0,0,17-Apr-17
OPTSTK,PETRONET,29-Jun-17,350,PE,0,0,0,3.9,1.2,0,0,0,0,17-Apr-17
OPTSTK,PETRONET,29-Jun-17,360,PE,0,0,0,5.75,1.85,0,0,0,0,17-Apr-17
OPTSTK,PETRONET,29-Jun-17,370,PE,0,0,0,8.15,2.85,0,0,0,0,17-Apr-17
OPTSTK,PETRONET,29-Jun-17,380,PE,0,0,0,11.15,4.15,0,0,0,0,17-Apr-17
OPTSTK,PETRONET,29-Jun-17,390,PE,0,0,0,14.8,5.9,0,0,0,0,17-Apr-17
OPTSTK,PETRONET,29-Jun-17,400,PE,0,0,0,19.2,8.15,0,0,0,0,17-Apr-17
OPTSTK,PETRONET,29-Jun-17,410,PE,0,0,0,24.25,10.9,0,0,0,0,17-Apr-17
OPTSTK,PETRONET,29-Jun-17,420,PE,0,0,0,29.95,14.25,0,0,0,0,17-Apr-17
OPTSTK,PETRONET,29-Jun-17,430,PE,0,0,0,36.35,18.2,0,0,0,0,17-Apr-17
OPTSTK,PETRONET,29-Jun-17,440,PE,0,0,0,43.25,22.75,0,0,0,0,17-Apr-17
OPTSTK,PETRONET,29-Jun-17,450,PE,0,0,0,50.75,27.95,0,0,0,0,17-Apr-17
OPTSTK,PETRONET,29-Jun-17,460,PE,0,0,0,58.65,33.7,0,0,0,0,17-Apr-17
OPTSTK,PETRONET,29-Jun-17,470,PE,0,0,0,66.95,40.05,0,0,0,0,17-Apr-17
OPTSTK,PETRONET,29-Jun-17,480,PE,0,0,0,75.6,46.9,0,0,0,0,17-Apr-17
OPTSTK,PETRONET,29-Jun-17,490,PE,0,0,0,84.45,54.3,0,0,0,0,17-Apr-17
OPTSTK,PETRONET,29-Jun-17,500,PE,0,0,0,93.6,62.05,0,0,0,0,17-Apr-17
OPTSTK,PETRONET,29-Jun-17,510,PE,0,0,0,102.85,70.15,0,0,0,0,17-Apr-17
OPTSTK,PETRONET,29-Jun-17,520,PE,0,0,0,112.3,78.6,0,0,0,0,17-Apr-17
OPTSTK,PFC,27-Apr-17,85,CE,0,0,0,55.15,72.2,0,0,0,0,17-Apr-17
OPTSTK,PFC,27-Apr-17,90,CE,0,0,0,50.25,67.25,0,0,0,0,17-Apr-17
OPTSTK,PFC,27-Apr-17,95,CE,0,0,0,45.45,62.25,0,0,0,0,17-Apr-17
OPTSTK,PFC,27-Apr-17,100,CE,0,0,0,40.65,57.25,0,0,0,0,17-Apr-17
OPTSTK,PFC,27-Apr-17,105,CE,0,0,0,36.05,52.25,0,0,0,0,17-Apr-17
OPTSTK,PFC,27-Apr-17,110,CE,0,0,0,31.55,47.25,0,0,0,0,17-Apr-17
OPTSTK,PFC,27-Apr-17,112.5,CE,0,0,0,30.8,44.75,0,0,0,0,17-Apr-17
OPTSTK,PFC,27-Apr-17,115,CE,0,0,0,27.35,42.25,0,0,0,0,17-Apr-17
OPTSTK,PFC,27-Apr-17,117.5,CE,0,0,0,25.85,39.75,0,0,0,0,17-Apr-17
OPTSTK,PFC,27-Apr-17,120,CE,0,0,0,23.15,37.3,0,0,6000,0,17-Apr-17
OPTSTK,PFC,27-Apr-17,122.5,CE,0,0,0,21.05,34.8,0,0,0,0,17-Apr-17
OPTSTK,PFC,27-Apr-17,125,CE,0,0,0,13.5,32.3,0,0,24000,0,17-Apr-17
OPTSTK,PFC,27-Apr-17,127.5,CE,0,0,0,16.45,29.8,0,0,0,0,17-Apr-17
OPTSTK,PFC,27-Apr-17,130,CE,0,0,0,33,27.3,0,0,78000,0,17-Apr-17
OPTSTK,PFC,27-Apr-17,132.5,CE,0,0,0,24.15,24.85,0,0,6000,0,17-Apr-17
OPTSTK,PFC,27-Apr-17,135,CE,0,0,0,20.15,22.4,0,0,84000,0,17-Apr-17
OPTSTK,PFC,27-Apr-17,137.5,CE,0,0,0,8.65,20,0,0,0,0,17-Apr-17
OPTSTK,PFC,27-Apr-17,140,CE,27.15,27.15,17,17,17,3,28.86,324000,-12000,17-Apr-17
OPTSTK,PFC,27-Apr-17,142.5,CE,0,0,0,5.75,15.4,0,0,0,0,17-Apr-17
OPTSTK,PFC,27-Apr-17,145,CE,22.5,22.5,11.1,11.1,11.1,8,78.54,324000,-30000,17-Apr-17
OPTSTK,PFC,27-Apr-17,147.5,CE,0,0,0,16,11.2,0,0,30000,0,17-Apr-17
OPTSTK,PFC,27-Apr-17,150,CE,15,19,6.5,8.85,8.85,64,616.63,540000,-84000,17-Apr-17
OPTSTK,PFC,27-Apr-17,152.5,CE,0,0,0,12,7.65,0,0,66000,0,17-Apr-17
OPTSTK,PFC,27-Apr-17,155,CE,9.85,9.85,3.9,5.55,5.55,97,932.28,690000,96000,17-Apr-17
OPTSTK,PFC,27-Apr-17,157.5,CE,12.1,12.1,3.5,4.55,4.55,15,146.08,102000,24000,17-Apr-17
OPTSTK,PFC,27-Apr-17,160,CE,7.25,10.7,2.3,3.35,3.35,697,6882.42,2406000,-24000,17-Apr-17
OPTSTK,PFC,27-Apr-17,162.5,CE,7,8.85,1.85,2.6,2.6,70,699.08,138000,54000,17-Apr-17
OPTSTK,PFC,27-Apr-17,165,CE,4,7.3,1.4,1.95,1.95,869,8782.13,2658000,282000,17-Apr-17
OPTSTK,PFC,27-Apr-17,167.5,CE,4.5,5.95,1,1.5,1.5,81,828.31,210000,-30000,17-Apr-17
OPTSTK,PFC,27-Apr-17,170,CE,3.05,4.6,0.75,1.15,1.15,1257,13009.68,2196000,144000,17-Apr-17
OPTSTK,PFC,27-Apr-17,172.5,CE,2.45,3.6,0.7,0.8,0.8,52,543.88,210000,54000,17-Apr-17
OPTSTK,PFC,27-Apr-17,175,CE,1.65,2.7,0.45,0.65,0.65,345,3651.92,642000,54000,17-Apr-17
OPTSTK,PFC,27-Apr-17,177.5,CE,1.9,1.9,0.4,0.6,0.6,16,171.19,90000,12000,17-Apr-17
OPTSTK,PFC,27-Apr-17,180,CE,1.2,1.6,0.3,0.45,0.45,348,3774.83,966000,30000,17-Apr-17
OPTSTK,PFC,27-Apr-17,182.5,CE,0.85,0.85,0.4,0.4,0.4,5,54.94,12000,6000,17-Apr-17
OPTSTK,PFC,27-Apr-17,185,CE,0.55,0.85,0.2,0.2,0.2,54,601.18,216000,108000,17-Apr-17
OPTSTK,PFC,27-Apr-17,187.5,CE,0.55,0.6,0.55,0.6,0.6,5,56.42,30000,24000,17-Apr-17
OPTSTK,PFC,27-Apr-17,190,CE,0.4,0.5,0.1,0.15,0.15,36,411.02,162000,-6000,17-Apr-17
OPTSTK,PFC,27-Apr-17,85,PE,0,0,0,0.05,0,0,0,0,0,17-Apr-17
OPTSTK,PFC,27-Apr-17,90,PE,0,0,0,0.1,0,0,0,0,0,17-Apr-17
OPTSTK,PFC,27-Apr-17,95,PE,0,0,0,0.15,0,0,0,0,0,17-Apr-17
OPTSTK,PFC,27-Apr-17,100,PE,0,0,0,0.35,0,0,0,0,0,17-Apr-17
OPTSTK,PFC,27-Apr-17,105,PE,0,0,0,0.6,0,0,0,0,0,17-Apr-17
OPTSTK,PFC,27-Apr-17,110,PE,0,0,0,1.05,0,0,0,0,0,17-Apr-17
OPTSTK,PFC,27-Apr-17,112.5,PE,0,0,0,0.05,0,0,0,0,0,17-Apr-17
OPTSTK,PFC,27-Apr-17,115,PE,0,0,0,1.75,0,0,0,0,0,17-Apr-17
OPTSTK,PFC,27-Apr-17,117.5,PE,0,0,0,0.1,0,0,0,0,0,17-Apr-17
OPTSTK,PFC,27-Apr-17,120,PE,0.1,0.1,0.1,0.1,0.1,2,14.41,72000,-12000,17-Apr-17
OPTSTK,PFC,27-Apr-17,122.5,PE,0,0,0,0.25,0,0,0,0,0,17-Apr-17
OPTSTK,PFC,27-Apr-17,125,PE,0,0,0,0.05,0.05,0,0,132000,0,17-Apr-17
OPTSTK,PFC,27-Apr-17,127.5,PE,0,0,0,0.6,0.05,0,0,0,0,17-Apr-17
OPTSTK,PFC,27-Apr-17,130,PE,0.1,0.15,0.05,0.15,0.15,21,163.95,216000,-24000,17-Apr-17
OPTSTK,PFC,27-Apr-17,132.5,PE,0,0,0,0.4,0.1,0,0,42000,0,17-Apr-17
OPTSTK,PFC,27-Apr-17,135,PE,0.2,0.4,0.2,0.2,0.2,24,194.76,300000,12000,17-Apr-17
OPTSTK,PFC,27-Apr-17,137.5,PE,0,0,0,0.4,0.2,0,0,18000,0,17-Apr-17
OPTSTK,PFC,27-Apr-17,140,PE,0.1,0.8,0.1,0.4,0.4,125,1053.41,582000,42000,17-Apr-17
OPTSTK,PFC,27-Apr-17,142.5,PE,0.45,0.45,0.45,0.45,0.45,1,8.57,42000,6000,17-Apr-17
OPTSTK,PFC,27-Apr-17,145,PE,0.25,1.6,0.15,0.8,0.8,169,1479.37,804000,246000,17-Apr-17
OPTSTK,PFC,27-Apr-17,147.5,PE,0.85,1.8,0.85,1.25,1.25,12,107.03,108000,30000,17-Apr-17
OPTSTK,PFC,27-Apr-17,150,PE,0.45,3.2,0.4,1.75,1.75,544,4950.77,1152000,174000,17-Apr-17
OPTSTK,PFC,27-Apr-17,152.5,PE,0.6,4.2,0.6,2.5,2.5,39,362.74,120000,36000,17-Apr-17
OPTSTK,PFC,27-Apr-17,155,PE,1.9,5.6,0.8,3.5,3.5,488,4629.19,564000,-120000,17-Apr-17
OPTSTK,PFC,27-Apr-17,157.5,PE,1.7,6.75,1.2,4.55,4.55,43,416.57,72000,-42000,17-Apr-17
OPTSTK,PFC,27-Apr-17,160,PE,2.95,8.7,1.6,6.25,6.25,495,4879.68,948000,-84000,17-Apr-17
OPTSTK,PFC,27-Apr-17,162.5,PE,3.25,9.65,2.55,9.25,9.25,38,381.83,78000,6000,17-Apr-17
OPTSTK,PFC,27-Apr-17,165,PE,5.75,12.6,3.15,9.6,9.6,175,1797.81,456000,126000,17-Apr-17
OPTSTK,PFC,27-Apr-17,167.5,PE,4.25,13.7,4.25,13.7,13.7,13,135.84,36000,12000,17-Apr-17
OPTSTK,PFC,27-Apr-17,170,PE,6.8,16.9,5.3,13.4,13.4,128,1390.79,1014000,-156000,17-Apr-17
OPTSTK,PFC,27-Apr-17,172.5,PE,0,0,0,29.1,15.95,0,0,0,0,17-Apr-17
OPTSTK,PFC,27-Apr-17,175,PE,18.65,18.65,18.65,18.65,18.65,2,23.23,24000,12000,17-Apr-17
OPTSTK,PFC,27-Apr-17,177.5,PE,0,0,0,34,20.5,0,0,0,0,17-Apr-17
OPTSTK,PFC,27-Apr-17,180,PE,0,0,0,17.45,22.9,0,0,222000,0,17-Apr-17
OPTSTK,PFC,27-Apr-17,182.5,PE,0,0,0,38.95,25.3,0,0,0,0,17-Apr-17
OPTSTK,PFC,27-Apr-17,185,PE,0,0,0,44.3,27.75,0,0,0,0,17-Apr-17
OPTSTK,PFC,27-Apr-17,187.5,PE,0,0,0,43.9,30.2,0,0,0,0,17-Apr-17
OPTSTK,PFC,27-Apr-17,190,PE,23.3,29.75,21.5,29.75,29.75,8,102.98,132000,0,17-Apr-17
OPTSTK,PFC,25-May-17,85,CE,0,0,0,51.25,72.65,0,0,0,0,17-Apr-17
OPTSTK,PFC,25-May-17,90,CE,0,0,0,46.4,67.7,0,0,0,0,17-Apr-17
OPTSTK,PFC,25-May-17,95,CE,0,0,0,41.6,62.7,0,0,0,0,17-Apr-17
OPTSTK,PFC,25-May-17,100,CE,0,0,0,36.9,57.75,0,0,0,0,17-Apr-17
OPTSTK,PFC,25-May-17,105,CE,0,0,0,32.35,52.8,0,0,0,0,17-Apr-17
OPTSTK,PFC,25-May-17,110,CE,0,0,0,28,47.85,0,0,0,0,17-Apr-17
OPTSTK,PFC,25-May-17,112.5,CE,0,0,0,31.55,45.4,0,0,0,0,17-Apr-17
OPTSTK,PFC,25-May-17,115,CE,0,0,0,23.9,43,0,0,0,0,17-Apr-17
OPTSTK,PFC,25-May-17,117.5,CE,0,0,0,26.85,40.55,0,0,0,0,17-Apr-17
OPTSTK,PFC,25-May-17,120,CE,0,0,0,20.15,38.2,0,0,0,0,17-Apr-17
OPTSTK,PFC,25-May-17,122.5,CE,0,0,0,22.35,35.8,0,0,0,0,17-Apr-17
OPTSTK,PFC,25-May-17,125,CE,0,0,0,16.75,33.5,0,0,0,0,17-Apr-17
OPTSTK,PFC,25-May-17,127.5,CE,0,0,0,18.15,31.2,0,0,0,0,17-Apr-17
OPTSTK,PFC,25-May-17,130,CE,0,0,0,13.75,29,0,0,0,0,17-Apr-17
OPTSTK,PFC,25-May-17,132.5,CE,0,0,0,14.35,26.8,0,0,0,0,17-Apr-17
OPTSTK,PFC,25-May-17,135,CE,0,0,0,11.5,24.7,0,0,0,0,17-Apr-17
OPTSTK,PFC,25-May-17,137.5,CE,0,0,0,11.05,22.7,0,0,0,0,17-Apr-17
OPTSTK,PFC,25-May-17,140,CE,0,0,0,8.9,20.75,0,0,0,0,17-Apr-17
OPTSTK,PFC,25-May-17,142.5,CE,0,0,0,8.25,18.9,0,0,0,0,17-Apr-17
OPTSTK,PFC,25-May-17,145,CE,0,0,0,7,17.15,0,0,0,0,17-Apr-17
OPTSTK,PFC,25-May-17,147.5,CE,0,0,0,6,15.5,0,0,0,0,17-Apr-17
OPTSTK,PFC,25-May-17,150,CE,10,10,10,10,10,1,9.6,12000,6000,17-Apr-17
OPTSTK,PFC,25-May-17,152.5,CE,11,11,11,11,11,1,9.81,6000,6000,17-Apr-17
OPTSTK,PFC,25-May-17,155,CE,0,0,0,4.25,11.15,0,0,0,0,17-Apr-17
OPTSTK,PFC,25-May-17,157.5,CE,0,0,0,2.9,9.9,0,0,0,0,17-Apr-17
OPTSTK,PFC,25-May-17,160,CE,6.15,6.15,6.15,6.15,6.15,2,19.93,30000,0,17-Apr-17
OPTSTK,PFC,25-May-17,162.5,CE,5.45,5.45,5,5,5,2,20.12,12000,12000,17-Apr-17
OPTSTK,PFC,25-May-17,165,CE,6.6,6.6,6.6,6.6,6.6,1,10.29,6000,6000,17-Apr-17
OPTSTK,PFC,25-May-17,167.5,CE,0,0,0,1.25,5.9,0,0,0,0,17-Apr-17
OPTSTK,PFC,25-May-17,170,CE,3.5,3.5,3.5,3.5,3.5,1,10.41,6000,6000,17-Apr-17
OPTSTK,PFC,25-May-17,172.5,CE,0,0,0,0.8,4.45,0,0,0,0,17-Apr-17
OPTSTK,PFC,25-May-17,175,CE,2.5,2.5,2.5,2.5,2.5,1,10.65,6000,6000,17-Apr-17
OPTSTK,PFC,25-May-17,177.5,CE,0,0,0,0.5,3.35,0,0,0,0,17-Apr-17
OPTSTK,PFC,25-May-17,180,CE,4,4.75,1.7,2.1,2.1,16,175.49,126000,48000,17-Apr-17
OPTSTK,PFC,25-May-17,182.5,CE,1.4,1.4,1.4,1.4,1.4,1,11.03,6000,6000,17-Apr-17
OPTSTK,PFC,25-May-17,185,CE,1.1,1.1,1.1,1.1,1.1,4,44.66,24000,24000,17-Apr-17
OPTSTK,PFC,25-May-17,187.5,CE,0,0,0,0.2,1.8,0,0,0,0,17-Apr-17
OPTSTK,PFC,25-May-17,190,CE,0,0,0,0.55,1.5,0,0,0,0,17-Apr-17
OPTSTK,PFC,25-May-17,85,PE,0,0,0,0.05,0,0,0,0,0,17-Apr-17
OPTSTK,PFC,25-May-17,90,PE,0,0,0,0.1,0,0,0,0,0,17-Apr-17
OPTSTK,PFC,25-May-17,95,PE,0,0,0,0.25,0,0,0,0,0,17-Apr-17
OPTSTK,PFC,25-May-17,100,PE,0,0,0,0.45,0.05,0,0,0,0,17-Apr-17
OPTSTK,PFC,25-May-17,105,PE,0,0,0,0.85,0.05,0,0,0,0,17-Apr-17
OPTSTK,PFC,25-May-17,110,PE,0,0,0,1.4,0.1,0,0,0,0,17-Apr-17
OPTSTK,PFC,25-May-17,112.5,PE,0,0,0,0.2,0.1,0,0,0,0,17-Apr-17
OPTSTK,PFC,25-May-17,115,PE,0,0,0,2.25,0.15,0,0,0,0,17-Apr-17
OPTSTK,PFC,25-May-17,117.5,PE,0,0,0,0.45,0.25,0,0,0,0,17-Apr-17
OPTSTK,PFC,25-May-17,120,PE,0,0,0,3.45,0.3,0,0,0,0,17-Apr-17
OPTSTK,PFC,25-May-17,122.5,PE,0,0,0,0.9,0.45,0,0,0,0,17-Apr-17
OPTSTK,PFC,25-May-17,125,PE,0,0,0,4.95,0.6,0,0,0,0,17-Apr-17
OPTSTK,PFC,25-May-17,127.5,PE,0,0,0,1.65,0.8,0,0,0,0,17-Apr-17
OPTSTK,PFC,25-May-17,130,PE,0,0,0,6.85,1.05,0,0,0,0,17-Apr-17
OPTSTK,PFC,25-May-17,132.5,PE,0,0,0,2.8,1.4,0,0,0,0,17-Apr-17
OPTSTK,PFC,25-May-17,135,PE,0,0,0,9.15,1.75,0,0,0,0,17-Apr-17
OPTSTK,PFC,25-May-17,137.5,PE,0,0,0,4.45,2.25,0,0,0,0,17-Apr-17
OPTSTK,PFC,25-May-17,140,PE,1.8,2.3,1.8,2.3,2.3,6,51.1,36000,24000,17-Apr-17
OPTSTK,PFC,25-May-17,142.5,PE,0,0,0,6.6,3.4,0,0,0,0,17-Apr-17
OPTSTK,PFC,25-May-17,145,PE,2.45,2.45,2.45,2.45,2.45,1,8.84,6000,6000,17-Apr-17
OPTSTK,PFC,25-May-17,147.5,PE,0,0,0,3.2,4.95,0,0,6000,0,17-Apr-17
OPTSTK,PFC,25-May-17,150,PE,2.15,4.15,2.15,3.75,3.75,6,55.1,36000,30000,17-Apr-17
OPTSTK,PFC,25-May-17,152.5,PE,0,0,0,12.5,6.9,0,0,0,0,17-Apr-17
OPTSTK,PFC,25-May-17,155,PE,3.9,7.5,3.9,6.8,6.8,3,28.99,12000,12000,17-Apr-17
OPTSTK,PFC,25-May-17,157.5,PE,0,0,0,16.1,9.3,0,0,0,0,17-Apr-17
OPTSTK,PFC,25-May-17,160,PE,4.75,5.85,4.75,5.85,5.85,3,29.72,30000,18000,17-Apr-17
OPTSTK,PFC,25-May-17,162.5,PE,0,0,0,7.25,12.05,0,0,6000,0,17-Apr-17
OPTSTK,PFC,25-May-17,165,PE,9,9,9,9,9,2,20.88,18000,12000,17-Apr-17
OPTSTK,PFC,25-May-17,167.5,PE,9,9,9,9,9,1,10.59,6000,6000,17-Apr-17
OPTSTK,PFC,25-May-17,170,PE,12.35,15,12.35,15,15,3,33.08,18000,18000,17-Apr-17
OPTSTK,PFC,25-May-17,172.5,PE,0,0,0,28.85,18.75,0,0,0,0,17-Apr-17
OPTSTK,PFC,25-May-17,175,PE,0,0,0,38.75,20.65,0,0,0,0,17-Apr-17
OPTSTK,PFC,25-May-17,177.5,PE,0,0,0,33.5,22.6,0,0,0,0,17-Apr-17
OPTSTK,PFC,25-May-17,180,PE,0,0,0,43.35,24.6,0,0,0,0,17-Apr-17
OPTSTK,PFC,25-May-17,182.5,PE,0,0,0,38.25,26.65,0,0,0,0,17-Apr-17
OPTSTK,PFC,25-May-17,185,PE,0,0,0,48,28.8,0,0,0,0,17-Apr-17
OPTSTK,PFC,25-May-17,187.5,PE,0,0,0,43.1,30.95,0,0,0,0,17-Apr-17
OPTSTK,PFC,25-May-17,190,PE,0,0,0,52.7,33.15,0,0,0,0,17-Apr-17
OPTSTK,PFC,29-Jun-17,92.5,CE,0,0,0,51.75,65.8,0,0,0,0,17-Apr-17
OPTSTK,PFC,29-Jun-17,95,CE,0,0,0,49.3,63.35,0,0,0,0,17-Apr-17
OPTSTK,PFC,29-Jun-17,97.5,CE,0,0,0,46.9,60.9,0,0,0,0,17-Apr-17
OPTSTK,PFC,29-Jun-17,100,CE,0,0,0,44.45,58.5,0,0,0,0,17-Apr-17
OPTSTK,PFC,29-Jun-17,102.5,CE,0,0,0,42.05,56.1,0,0,0,0,17-Apr-17
OPTSTK,PFC,29-Jun-17,105,CE,0,0,0,39.65,53.7,0,0,0,0,17-Apr-17
OPTSTK,PFC,29-Jun-17,107.5,CE,0,0,0,37.3,51.3,0,0,0,0,17-Apr-17
OPTSTK,PFC,29-Jun-17,110,CE,0,0,0,34.95,48.95,0,0,0,0,17-Apr-17
OPTSTK,PFC,29-Jun-17,112.5,CE,0,0,0,32.65,46.65,0,0,0,0,17-Apr-17
OPTSTK,PFC,29-Jun-17,115,CE,0,0,0,30.4,44.35,0,0,0,0,17-Apr-17
OPTSTK,PFC,29-Jun-17,117.5,CE,0,0,0,28.2,42.1,0,0,0,0,17-Apr-17
OPTSTK,PFC,29-Jun-17,120,CE,0,0,0,26.05,39.85,0,0,0,0,17-Apr-17
OPTSTK,PFC,29-Jun-17,122.5,CE,0,0,0,24,37.7,0,0,0,0,17-Apr-17
OPTSTK,PFC,29-Jun-17,125,CE,0,0,0,22,35.55,0,0,0,0,17-Apr-17
OPTSTK,PFC,29-Jun-17,127.5,CE,0,0,0,20.1,33.5,0,0,0,0,17-Apr-17
OPTSTK,PFC,29-Jun-17,130,CE,0,0,0,18.3,31.5,0,0,0,0,17-Apr-17
OPTSTK,PFC,29-Jun-17,132.5,CE,0,0,0,16.6,29.55,0,0,0,0,17-Apr-17
OPTSTK,PFC,29-Jun-17,135,CE,0,0,0,14.95,27.65,0,0,0,0,17-Apr-17
OPTSTK,PFC,29-Jun-17,137.5,CE,0,0,0,13.45,25.85,0,0,0,0,17-Apr-17
OPTSTK,PFC,29-Jun-17,140,CE,0,0,0,12.05,24.15,0,0,0,0,17-Apr-17
OPTSTK,PFC,29-Jun-17,142.5,CE,0,0,0,10.75,22.45,0,0,0,0,17-Apr-17
OPTSTK,PFC,29-Jun-17,145,CE,0,0,0,9.55,20.85,0,0,0,0,17-Apr-17
OPTSTK,PFC,29-Jun-17,147.5,CE,0,0,0,8.45,19.35,0,0,0,0,17-Apr-17
OPTSTK,PFC,29-Jun-17,150,CE,0,0,0,7.45,17.9,0,0,0,0,17-Apr-17
OPTSTK,PFC,29-Jun-17,152.5,CE,0,0,0,6.5,16.55,0,0,0,0,17-Apr-17
OPTSTK,PFC,29-Jun-17,155,CE,0,0,0,5.7,15.25,0,0,0,0,17-Apr-17
OPTSTK,PFC,29-Jun-17,157.5,CE,0,0,0,4.95,14.05,0,0,0,0,17-Apr-17
OPTSTK,PFC,29-Jun-17,160,CE,0,0,0,4.3,12.9,0,0,0,0,17-Apr-17
OPTSTK,PFC,29-Jun-17,162.5,CE,0,0,0,3.75,11.85,0,0,0,0,17-Apr-17
OPTSTK,PFC,29-Jun-17,165,CE,0,0,0,3.2,10.85,0,0,0,0,17-Apr-17
OPTSTK,PFC,29-Jun-17,167.5,CE,0,0,0,2.75,9.9,0,0,0,0,17-Apr-17
OPTSTK,PFC,29-Jun-17,170,CE,0,0,0,2.35,9.05,0,0,0,0,17-Apr-17
OPTSTK,PFC,29-Jun-17,172.5,CE,0,0,0,2,8.25,0,0,0,0,17-Apr-17
OPTSTK,PFC,29-Jun-17,175,CE,0,0,0,1.7,7.5,0,0,0,0,17-Apr-17
OPTSTK,PFC,29-Jun-17,177.5,CE,0,0,0,1.45,6.8,0,0,0,0,17-Apr-17
OPTSTK,PFC,29-Jun-17,180,CE,0,0,0,1.25,6.2,0,0,0,0,17-Apr-17
OPTSTK,PFC,29-Jun-17,182.5,CE,0,0,0,1.05,5.6,0,0,0,0,17-Apr-17
OPTSTK,PFC,29-Jun-17,185,CE,0,0,0,0.9,5.05,0,0,0,0,17-Apr-17
OPTSTK,PFC,29-Jun-17,187.5,CE,0,0,0,0.75,4.55,0,0,0,0,17-Apr-17
OPTSTK,PFC,29-Jun-17,190,CE,0,0,0,0.6,4.1,0,0,0,0,17-Apr-17
OPTSTK,PFC,29-Jun-17,92.5,PE,0,0,0,0.05,0.05,0,0,0,0,17-Apr-17
OPTSTK,PFC,29-Jun-17,95,PE,0,0,0,0.05,0.1,0,0,0,0,17-Apr-17
OPTSTK,PFC,29-Jun-17,97.5,PE,0,0,0,0.1,0.1,0,0,0,0,17-Apr-17
OPTSTK,PFC,29-Jun-17,100,PE,0,0,0,0.1,0.15,0,0,0,0,17-Apr-17
OPTSTK,PFC,29-Jun-17,102.5,PE,0,0,0,0.15,0.2,0,0,0,0,17-Apr-17
OPTSTK,PFC,29-Jun-17,105,PE,0,0,0,0.2,0.3,0,0,0,0,17-Apr-17
OPTSTK,PFC,29-Jun-17,107.5,PE,0,0,0,0.3,0.35,0,0,0,0,17-Apr-17
OPTSTK,PFC,29-Jun-17,110,PE,0,0,0,0.45,0.5,0,0,0,0,17-Apr-17
OPTSTK,PFC,29-Jun-17,112.5,PE,0,0,0,0.6,0.6,0,0,0,0,17-Apr-17
OPTSTK,PFC,29-Jun-17,115,PE,0,0,0,0.8,0.8,0,0,0,0,17-Apr-17
OPTSTK,PFC,29-Jun-17,117.5,PE,0,0,0,1.05,1,0,0,0,0,17-Apr-17
OPTSTK,PFC,29-Jun-17,120,PE,0,0,0,1.4,1.25,0,0,0,0,17-Apr-17
OPTSTK,PFC,29-Jun-17,122.5,PE,0,0,0,1.8,1.55,0,0,0,0,17-Apr-17
OPTSTK,PFC,29-Jun-17,125,PE,0,0,0,2.25,1.9,0,0,0,0,17-Apr-17
OPTSTK,PFC,29-Jun-17,127.5,PE,0,0,0,2.8,2.3,0,0,0,0,17-Apr-17
OPTSTK,PFC,29-Jun-17,130,PE,0,0,0,3.45,2.75,0,0,0,0,17-Apr-17
OPTSTK,PFC,29-Jun-17,132.5,PE,0,0,0,4.2,3.3,0,0,0,0,17-Apr-17
OPTSTK,PFC,29-Jun-17,135,PE,0,0,0,5.05,3.9,0,0,0,0,17-Apr-17
OPTSTK,PFC,29-Jun-17,137.5,PE,0,0,0,6,4.55,0,0,0,0,17-Apr-17
OPTSTK,PFC,29-Jun-17,140,PE,0,0,0,7.05,5.25,0,0,0,0,17-Apr-17
OPTSTK,PFC,29-Jun-17,142.5,PE,0,0,0,8.2,6.05,0,0,0,0,17-Apr-17
OPTSTK,PFC,29-Jun-17,145,PE,0,0,0,9.45,6.95,0,0,0,0,17-Apr-17
OPTSTK,PFC,29-Jun-17,147.5,PE,0,0,0,10.8,7.9,0,0,0,0,17-Apr-17
OPTSTK,PFC,29-Jun-17,150,PE,0,0,0,12.25,8.9,0,0,0,0,17-Apr-17
OPTSTK,PFC,29-Jun-17,152.5,PE,0,0,0,13.8,10,0,0,0,0,17-Apr-17
OPTSTK,PFC,29-Jun-17,155,PE,0,0,0,15.45,11.2,0,0,0,0,17-Apr-17
OPTSTK,PFC,29-Jun-17,157.5,PE,0,0,0,17.15,12.45,0,0,0,0,17-Apr-17
OPTSTK,PFC,29-Jun-17,160,PE,0,0,0,19,13.8,0,0,0,0,17-Apr-17
OPTSTK,PFC,29-Jun-17,162.5,PE,0,0,0,20.85,15.2,0,0,0,0,17-Apr-17
OPTSTK,PFC,29-Jun-17,165,PE,0,0,0,22.8,16.65,0,0,0,0,17-Apr-17
OPTSTK,PFC,29-Jun-17,167.5,PE,0,0,0,24.8,18.2,0,0,0,0,17-Apr-17
OPTSTK,PFC,29-Jun-17,170,PE,0,0,0,26.85,19.8,0,0,0,0,17-Apr-17
OPTSTK,PFC,29-Jun-17,172.5,PE,0,0,0,29,21.45,0,0,0,0,17-Apr-17
OPTSTK,PFC,29-Jun-17,175,PE,0,0,0,31.15,23.2,0,0,0,0,17-Apr-17
OPTSTK,PFC,29-Jun-17,177.5,PE,0,0,0,33.35,24.95,0,0,0,0,17-Apr-17
OPTSTK,PFC,29-Jun-17,180,PE,0,0,0,35.55,26.8,0,0,0,0,17-Apr-17
OPTSTK,PFC,29-Jun-17,182.5,PE,0,0,0,37.85,28.7,0,0,0,0,17-Apr-17
OPTSTK,PFC,29-Jun-17,185,PE,0,0,0,40.15,30.65,0,0,0,0,17-Apr-17
OPTSTK,PFC,29-Jun-17,187.5,PE,0,0,0,42.45,32.6,0,0,0,0,17-Apr-17
OPTSTK,PFC,29-Jun-17,190,PE,0,0,0,44.8,34.6,0,0,0,0,17-Apr-17
OPTSTK,PIDILITIND,27-Apr-17,440,CE,0,0,0,257.1,273.05,0,0,0,0,17-Apr-17
OPTSTK,PIDILITIND,27-Apr-17,460,CE,0,0,0,237.65,253.05,0,0,0,0,17-Apr-17
OPTSTK,PIDILITIND,27-Apr-17,480,CE,0,0,0,218.35,233.1,0,0,0,0,17-Apr-17
OPTSTK,PIDILITIND,27-Apr-17,500,CE,0,0,0,199.35,213.15,0,0,0,0,17-Apr-17
OPTSTK,PIDILITIND,27-Apr-17,510,CE,0,0,0,183.5,203.15,0,0,0,0,17-Apr-17
OPTSTK,PIDILITIND,27-Apr-17,520,CE,0,0,0,180.7,193.2,0,0,0,0,17-Apr-17
OPTSTK,PIDILITIND,27-Apr-17,530,CE,0,0,0,163.6,183.2,0,0,0,0,17-Apr-17
OPTSTK,PIDILITIND,27-Apr-17,540,CE,0,0,0,162.6,173.2,0,0,0,0,17-Apr-17
OPTSTK,PIDILITIND,27-Apr-17,550,CE,0,0,0,143.7,163.25,0,0,0,0,17-Apr-17
OPTSTK,PIDILITIND,27-Apr-17,560,CE,0,0,0,145.15,153.25,0,0,0,0,17-Apr-17
OPTSTK,PIDILITIND,27-Apr-17,570,CE,0,0,0,123.8,143.25,0,0,0,0,17-Apr-17
OPTSTK,PIDILITIND,27-Apr-17,580,CE,0,0,0,128.5,133.3,0,0,0,0,17-Apr-17
OPTSTK,PIDILITIND,27-Apr-17,590,CE,0,0,0,103.95,123.3,0,0,0,0,17-Apr-17
OPTSTK,PIDILITIND,27-Apr-17,600,CE,0,0,0,112.8,113.3,0,0,0,0,17-Apr-17
OPTSTK,PIDILITIND,27-Apr-17,610,CE,0,0,0,84.2,103.35,0,0,0,0,17-Apr-17
OPTSTK,PIDILITIND,27-Apr-17,620,CE,0,0,0,98.2,93.35,0,0,0,0,17-Apr-17
OPTSTK,PIDILITIND,27-Apr-17,630,CE,0,0,0,64.95,83.35,0,0,0,0,17-Apr-17
OPTSTK,PIDILITIND,27-Apr-17,640,CE,0,0,0,84.65,73.4,0,0,0,0,17-Apr-17
OPTSTK,PIDILITIND,27-Apr-17,650,CE,0,0,0,46.85,63.4,0,0,0,0,17-Apr-17
OPTSTK,PIDILITIND,27-Apr-17,660,CE,0,0,0,72.4,53.45,0,0,0,0,17-Apr-17
OPTSTK,PIDILITIND,27-Apr-17,670,CE,0,0,0,31.1,43.6,0,0,0,0,17-Apr-17
OPTSTK,PIDILITIND,27-Apr-17,680,CE,0,0,0,34,33.95,0,0,2000,0,17-Apr-17
OPTSTK,PIDILITIND,27-Apr-17,690,CE,0,0,0,18.65,24.95,0,0,0,0,17-Apr-17
OPTSTK,PIDILITIND,27-Apr-17,700,CE,0,0,0,14,16.95,0,0,12000,0,17-Apr-17
OPTSTK,PIDILITIND,27-Apr-17,710,CE,0,0,0,9.95,10.5,0,0,0,0,17-Apr-17
OPTSTK,PIDILITIND,27-Apr-17,720,CE,7.25,9.9,7.25,7.65,7.65,7,50.94,122000,-1000,17-Apr-17
OPTSTK,PIDILITIND,27-Apr-17,730,CE,5.2,6,4.7,4.7,4.7,4,29.41,17000,1000,17-Apr-17
OPTSTK,PIDILITIND,27-Apr-17,740,CE,3.25,3.25,3.25,3.25,3.25,1,7.43,63000,0,17-Apr-17
OPTSTK,PIDILITIND,27-Apr-17,750,CE,1.9,1.9,1.9,1.9,1.9,2,15.03,3000,2000,17-Apr-17
OPTSTK,PIDILITIND,27-Apr-17,760,CE,0,0,0,3,0.2,0,0,3000,0,17-Apr-17
OPTSTK,PIDILITIND,27-Apr-17,770,CE,0,0,0,0.75,0.05,0,0,0,0,17-Apr-17
OPTSTK,PIDILITIND,27-Apr-17,780,CE,0,0,0,23.8,0.05,0,0,0,0,17-Apr-17
OPTSTK,PIDILITIND,27-Apr-17,790,CE,0,0,0,0.25,0,0,0,0,0,17-Apr-17
OPTSTK,PIDILITIND,27-Apr-17,800,CE,0,0,0,19.25,0,0,0,0,0,17-Apr-17
OPTSTK,PIDILITIND,27-Apr-17,810,CE,0,0,0,0.1,0,0,0,0,0,17-Apr-17
OPTSTK,PIDILITIND,27-Apr-17,820,CE,0,0,0,15.45,0,0,0,0,0,17-Apr-17
OPTSTK,PIDILITIND,27-Apr-17,830,CE,0,0,0,0.05,0,0,0,0,0,17-Apr-17
OPTSTK,PIDILITIND,27-Apr-17,840,CE,0,0,0,12.35,0,0,0,0,0,17-Apr-17
OPTSTK,PIDILITIND,27-Apr-17,440,PE,0,0,0,0.2,0,0,0,0,0,17-Apr-17
OPTSTK,PIDILITIND,27-Apr-17,460,PE,0,0,0,0.45,0,0,0,0,0,17-Apr-17
OPTSTK,PIDILITIND,27-Apr-17,480,PE,0,0,0,0.85,0,0,0,0,0,17-Apr-17
OPTSTK,PIDILITIND,27-Apr-17,500,PE,0,0,0,1.5,0,0,0,0,0,17-Apr-17
OPTSTK,PIDILITIND,27-Apr-17,510,PE,0,0,0,0.05,0,0,0,0,0,17-Apr-17
OPTSTK,PIDILITIND,27-Apr-17,520,PE,0,0,0,2.55,0,0,0,0,0,17-Apr-17
OPTSTK,PIDILITIND,27-Apr-17,530,PE,0,0,0,0.05,0,0,0,0,0,17-Apr-17
OPTSTK,PIDILITIND,27-Apr-17,540,PE,0,0,0,4.1,0,0,0,0,0,17-Apr-17
OPTSTK,PIDILITIND,27-Apr-17,550,PE,0,0,0,0.05,0,0,0,0,0,17-Apr-17
OPTSTK,PIDILITIND,27-Apr-17,560,PE,0,0,0,6.3,0,0,0,0,0,17-Apr-17
OPTSTK,PIDILITIND,27-Apr-17,570,PE,0,0,0,0.05,0,0,0,0,0,17-Apr-17
OPTSTK,PIDILITIND,27-Apr-17,580,PE,0,0,0,9.35,0,0,0,0,0,17-Apr-17
OPTSTK,PIDILITIND,27-Apr-17,590,PE,0,0,0,0.05,0,0,0,0,0,17-Apr-17
OPTSTK,PIDILITIND,27-Apr-17,600,PE,0,0,0,13.3,0,0,0,0,0,17-Apr-17
OPTSTK,PIDILITIND,27-Apr-17,610,PE,0,0,0,0.2,0,0,0,0,0,17-Apr-17
OPTSTK,PIDILITIND,27-Apr-17,620,PE,0,0,0,18.35,0,0,0,0,0,17-Apr-17
OPTSTK,PIDILITIND,27-Apr-17,630,PE,0,0,0,0.85,0,0,0,0,0,17-Apr-17
OPTSTK,PIDILITIND,27-Apr-17,640,PE,0,0,0,2,0,0,0,1000,0,17-Apr-17
OPTSTK,PIDILITIND,27-Apr-17,650,PE,0,0,0,2.7,0.05,0,0,0,0,17-Apr-17
OPTSTK,PIDILITIND,27-Apr-17,660,PE,0,0,0,1.5,0.05,0,0,2000,0,17-Apr-17
OPTSTK,PIDILITIND,27-Apr-17,670,PE,0,0,0,6.8,0.15,0,0,0,0,17-Apr-17
OPTSTK,PIDILITIND,27-Apr-17,680,PE,0,0,0,8.55,0.55,0,0,5000,0,17-Apr-17
OPTSTK,PIDILITIND,27-Apr-17,690,PE,0,0,0,8,1.5,0,0,2000,0,17-Apr-17
OPTSTK,PIDILITIND,27-Apr-17,700,PE,0,0,0,9,3.5,0,0,8000,0,17-Apr-17
OPTSTK,PIDILITIND,27-Apr-17,710,PE,0,0,0,9.4,7,0,0,2000,0,17-Apr-17
OPTSTK,PIDILITIND,27-Apr-17,720,PE,0,0,0,17.5,12.35,0,0,2000,0,17-Apr-17
OPTSTK,PIDILITIND,27-Apr-17,730,PE,0,0,0,40.15,19.35,0,0,0,0,17-Apr-17
OPTSTK,PIDILITIND,27-Apr-17,740,PE,0,0,0,34.1,27.75,0,0,1000,0,17-Apr-17
OPTSTK,PIDILITIND,27-Apr-17,750,PE,0,0,0,57.3,36.95,0,0,0,0,17-Apr-17
OPTSTK,PIDILITIND,27-Apr-17,760,PE,0,0,0,61,46.6,0,0,1000,0,17-Apr-17
OPTSTK,PIDILITIND,27-Apr-17,770,PE,0,0,0,76,56.45,0,0,0,0,17-Apr-17
OPTSTK,PIDILITIND,27-Apr-17,780,PE,0,0,0,101.35,66.4,0,0,0,0,17-Apr-17
OPTSTK,PIDILITIND,27-Apr-17,790,PE,0,0,0,95.4,76.4,0,0,0,0,17-Apr-17
OPTSTK,PIDILITIND,27-Apr-17,800,PE,0,0,0,116.45,86.4,0,0,0,0,17-Apr-17
OPTSTK,PIDILITIND,27-Apr-17,810,PE,0,0,0,115.1,96.35,0,0,0,0,17-Apr-17
OPTSTK,PIDILITIND,27-Apr-17,820,PE,0,0,0,132.35,106.35,0,0,0,0,17-Apr-17
OPTSTK,PIDILITIND,27-Apr-17,830,PE,0,0,0,134.95,116.35,0,0,0,0,17-Apr-17
OPTSTK,PIDILITIND,27-Apr-17,840,PE,0,0,0,148.9,126.3,0,0,0,0,17-Apr-17
OPTSTK,PIDILITIND,25-May-17,440,CE,0,0,0,255.1,275.25,0,0,0,0,17-Apr-17
OPTSTK,PIDILITIND,25-May-17,460,CE,0,0,0,235.4,255.35,0,0,0,0,17-Apr-17
OPTSTK,PIDILITIND,25-May-17,480,CE,0,0,0,215.75,235.5,0,0,0,0,17-Apr-17
OPTSTK,PIDILITIND,25-May-17,500,CE,0,0,0,196.2,215.65,0,0,0,0,17-Apr-17
OPTSTK,PIDILITIND,25-May-17,510,CE,0,0,0,186.15,205.7,0,0,0,0,17-Apr-17
OPTSTK,PIDILITIND,25-May-17,520,CE,0,0,0,176.75,195.8,0,0,0,0,17-Apr-17
OPTSTK,PIDILITIND,25-May-17,530,CE,0,0,0,166.35,185.85,0,0,0,0,17-Apr-17
OPTSTK,PIDILITIND,25-May-17,540,CE,0,0,0,157.55,175.9,0,0,0,0,17-Apr-17
OPTSTK,PIDILITIND,25-May-17,550,CE,0,0,0,146.6,166,0,0,0,0,17-Apr-17
OPTSTK,PIDILITIND,25-May-17,560,CE,0,0,0,138.8,156.05,0,0,0,0,17-Apr-17
OPTSTK,PIDILITIND,25-May-17,570,CE,0,0,0,126.9,146.1,0,0,0,0,17-Apr-17
OPTSTK,PIDILITIND,25-May-17,580,CE,0,0,0,120.6,136.2,0,0,0,0,17-Apr-17
OPTSTK,PIDILITIND,25-May-17,590,CE,0,0,0,107.45,126.25,0,0,0,0,17-Apr-17
OPTSTK,PIDILITIND,25-May-17,600,CE,0,0,0,103.3,116.35,0,0,0,0,17-Apr-17
OPTSTK,PIDILITIND,25-May-17,610,CE,0,0,0,88.45,106.4,0,0,0,0,17-Apr-17
OPTSTK,PIDILITIND,25-May-17,620,CE,0,0,0,87.05,96.55,0,0,0,0,17-Apr-17
OPTSTK,PIDILITIND,25-May-17,630,CE,0,0,0,70.35,86.7,0,0,0,0,17-Apr-17
OPTSTK,PIDILITIND,25-May-17,640,CE,0,0,0,72.2,77,0,0,0,0,17-Apr-17
OPTSTK,PIDILITIND,25-May-17,650,CE,0,0,0,53.8,67.5,0,0,0,0,17-Apr-17
OPTSTK,PIDILITIND,25-May-17,660,CE,0,0,0,58.8,58.2,0,0,0,0,17-Apr-17
OPTSTK,PIDILITIND,25-May-17,670,CE,0,0,0,39.25,49.35,0,0,0,0,17-Apr-17
OPTSTK,PIDILITIND,25-May-17,680,CE,0,0,0,47.05,41.05,0,0,0,0,17-Apr-17
OPTSTK,PIDILITIND,25-May-17,690,CE,0,0,0,27.25,33.4,0,0,0,0,17-Apr-17
OPTSTK,PIDILITIND,25-May-17,700,CE,0,0,0,36.95,26.5,0,0,0,0,17-Apr-17
OPTSTK,PIDILITIND,25-May-17,710,CE,0,0,0,17.95,20.55,0,0,0,0,17-Apr-17
OPTSTK,PIDILITIND,25-May-17,720,CE,0,0,0,28.55,15.5,0,0,0,0,17-Apr-17
OPTSTK,PIDILITIND,25-May-17,730,CE,0,0,0,11.2,11.35,0,0,0,0,17-Apr-17
OPTSTK,PIDILITIND,25-May-17,740,CE,14,14,14,14,14,2,15.08,0,-2000,17-Apr-17
OPTSTK,PIDILITIND,25-May-17,750,CE,0,0,0,6.6,5.65,0,0,0,0,17-Apr-17
OPTSTK,PIDILITIND,25-May-17,760,CE,0,0,0,16.15,3.8,0,0,0,0,17-Apr-17
OPTSTK,PIDILITIND,25-May-17,770,CE,0,0,0,3.7,2.5,0,0,0,0,17-Apr-17
OPTSTK,PIDILITIND,25-May-17,780,CE,0,0,0,11.85,1.6,0,0,0,0,17-Apr-17
OPTSTK,PIDILITIND,25-May-17,790,CE,0,0,0,1.95,1,0,0,0,0,17-Apr-17
OPTSTK,PIDILITIND,25-May-17,800,CE,0,0,0,8.55,0.6,0,0,0,0,17-Apr-17
OPTSTK,PIDILITIND,25-May-17,810,CE,0,0,0,1,0.35,0,0,0,0,17-Apr-17
OPTSTK,PIDILITIND,25-May-17,820,CE,0,0,0,6.05,0.2,0,0,0,0,17-Apr-17
OPTSTK,PIDILITIND,25-May-17,830,CE,0,0,0,0.5,0.1,0,0,0,0,17-Apr-17
OPTSTK,PIDILITIND,25-May-17,840,CE,0,0,0,4.25,0.05,0,0,0,0,17-Apr-17
OPTSTK,PIDILITIND,25-May-17,440,PE,0,0,0,0.05,0,0,0,0,0,17-Apr-17
OPTSTK,PIDILITIND,25-May-17,460,PE,0,0,0,0.05,0,0,0,0,0,17-Apr-17
OPTSTK,PIDILITIND,25-May-17,480,PE,0,0,0,0.1,0,0,0,0,0,17-Apr-17
OPTSTK,PIDILITIND,25-May-17,500,PE,0,0,0,0.2,0,0,0,0,0,17-Apr-17
OPTSTK,PIDILITIND,25-May-17,510,PE,0,0,0,0.05,0,0,0,0,0,17-Apr-17
OPTSTK,PIDILITIND,25-May-17,520,PE,0,0,0,0.45,0,0,0,0,0,17-Apr-17
OPTSTK,PIDILITIND,25-May-17,530,PE,0,0,0,0.05,0,0,0,0,0,17-Apr-17
OPTSTK,PIDILITIND,25-May-17,540,PE,0,0,0,0.95,0,0,0,0,0,17-Apr-17
OPTSTK,PIDILITIND,25-May-17,550,PE,0,0,0,0.05,0,0,0,0,0,17-Apr-17
OPTSTK,PIDILITIND,25-May-17,560,PE,0,0,0,1.85,0,0,0,0,0,17-Apr-17
OPTSTK,PIDILITIND,25-May-17,570,PE,0,0,0,0.15,0,0,0,0,0,17-Apr-17
OPTSTK,PIDILITIND,25-May-17,580,PE,0,0,0,3.35,0,0,0,0,0,17-Apr-17
OPTSTK,PIDILITIND,25-May-17,590,PE,0,0,0,0.5,0.05,0,0,0,0,17-Apr-17
OPTSTK,PIDILITIND,25-May-17,600,PE,0,0,0,5.75,0.05,0,0,0,0,17-Apr-17
OPTSTK,PIDILITIND,25-May-17,610,PE,0,0,0,1.3,0.05,0,0,0,0,17-Apr-17
OPTSTK,PIDILITIND,25-May-17,620,PE,0,0,0,9.2,0.1,0,0,0,0,17-Apr-17
OPTSTK,PIDILITIND,25-May-17,630,PE,0,0,0,3,0.2,0,0,0,0,17-Apr-17
OPTSTK,PIDILITIND,25-May-17,640,PE,0,0,0,14,0.45,0,0,0,0,17-Apr-17
OPTSTK,PIDILITIND,25-May-17,650,PE,0,0,0,6.2,0.85,0,0,0,0,17-Apr-17
OPTSTK,PIDILITIND,25-May-17,660,PE,0,0,0,20.3,1.5,0,0,0,0,17-Apr-17
OPTSTK,PIDILITIND,25-May-17,670,PE,0,0,0,11.5,2.6,0,0,0,0,17-Apr-17
OPTSTK,PIDILITIND,25-May-17,680,PE,0,0,0,28.2,4.2,0,0,0,0,17-Apr-17
OPTSTK,PIDILITIND,25-May-17,690,PE,0,0,0,19.3,6.5,0,0,0,0,17-Apr-17
OPTSTK,PIDILITIND,25-May-17,700,PE,0,0,0,37.85,9.55,0,0,0,0,17-Apr-17
OPTSTK,PIDILITIND,25-May-17,710,PE,0,0,0,29.8,13.5,0,0,0,0,17-Apr-17
OPTSTK,PIDILITIND,25-May-17,720,PE,0,0,0,49.1,18.4,0,0,0,0,17-Apr-17
OPTSTK,PIDILITIND,25-May-17,730,PE,0,0,0,42.8,24.2,0,0,0,0,17-Apr-17
OPTSTK,PIDILITIND,25-May-17,740,PE,0,0,0,61.9,30.85,0,0,0,0,17-Apr-17
OPTSTK,PIDILITIND,25-May-17,750,PE,0,0,0,58,38.3,0,0,0,0,17-Apr-17
OPTSTK,PIDILITIND,25-May-17,760,PE,0,0,0,76.1,46.4,0,0,0,0,17-Apr-17
OPTSTK,PIDILITIND,25-May-17,770,PE,0,0,0,74.9,55.05,0,0,0,0,17-Apr-17
OPTSTK,PIDILITIND,25-May-17,780,PE,0,0,0,91.45,64.05,0,0,0,0,17-Apr-17
OPTSTK,PIDILITIND,25-May-17,790,PE,0,0,0,92.95,73.4,0,0,0,0,17-Apr-17
OPTSTK,PIDILITIND,25-May-17,800,PE,0,0,0,107.85,82.95,0,0,0,0,17-Apr-17
OPTSTK,PIDILITIND,25-May-17,810,PE,0,0,0,111.8,92.65,0,0,0,0,17-Apr-17
OPTSTK,PIDILITIND,25-May-17,820,PE,0,0,0,125.05,102.45,0,0,0,0,17-Apr-17
OPTSTK,PIDILITIND,25-May-17,830,PE,0,0,0,131.1,112.25,0,0,0,0,17-Apr-17
OPTSTK,PIDILITIND,25-May-17,840,PE,0,0,0,142.9,122.15,0,0,0,0,17-Apr-17
OPTSTK,PIDILITIND,29-Jun-17,490,CE,0,0,0,209.05,228.6,0,0,0,0,17-Apr-17
OPTSTK,PIDILITIND,29-Jun-17,500,CE,0,0,0,199.25,218.75,0,0,0,0,17-Apr-17
OPTSTK,PIDILITIND,29-Jun-17,510,CE,0,0,0,189.4,208.85,0,0,0,0,17-Apr-17
OPTSTK,PIDILITIND,29-Jun-17,520,CE,0,0,0,179.6,199,0,0,0,0,17-Apr-17
OPTSTK,PIDILITIND,29-Jun-17,530,CE,0,0,0,169.8,189.1,0,0,0,0,17-Apr-17
OPTSTK,PIDILITIND,29-Jun-17,540,CE,0,0,0,160.05,179.25,0,0,0,0,17-Apr-17
OPTSTK,PIDILITIND,29-Jun-17,550,CE,0,0,0,150.3,169.4,0,0,0,0,17-Apr-17
OPTSTK,PIDILITIND,29-Jun-17,560,CE,0,0,0,140.6,159.5,0,0,0,0,17-Apr-17
OPTSTK,PIDILITIND,29-Jun-17,570,CE,0,0,0,131,149.65,0,0,0,0,17-Apr-17
OPTSTK,PIDILITIND,29-Jun-17,580,CE,0,0,0,121.55,139.85,0,0,0,0,17-Apr-17
OPTSTK,PIDILITIND,29-Jun-17,590,CE,0,0,0,112.2,130,0,0,0,0,17-Apr-17
OPTSTK,PIDILITIND,29-Jun-17,600,CE,0,0,0,103,120.25,0,0,0,0,17-Apr-17
OPTSTK,PIDILITIND,29-Jun-17,610,CE,0,0,0,94.05,110.55,0,0,0,0,17-Apr-17
OPTSTK,PIDILITIND,29-Jun-17,620,CE,0,0,0,85.4,100.95,0,0,0,0,17-Apr-17
OPTSTK,PIDILITIND,29-Jun-17,630,CE,0,0,0,77.05,91.55,0,0,0,0,17-Apr-17
OPTSTK,PIDILITIND,29-Jun-17,640,CE,0,0,0,69.05,82.3,0,0,0,0,17-Apr-17
OPTSTK,PIDILITIND,29-Jun-17,650,CE,0,0,0,61.45,73.35,0,0,0,0,17-Apr-17
OPTSTK,PIDILITIND,29-Jun-17,660,CE,0,0,0,54.3,64.75,0,0,0,0,17-Apr-17
OPTSTK,PIDILITIND,29-Jun-17,670,CE,0,0,0,47.65,56.6,0,0,0,0,17-Apr-17
OPTSTK,PIDILITIND,29-Jun-17,680,CE,0,0,0,41.5,48.9,0,0,0,0,17-Apr-17
OPTSTK,PIDILITIND,29-Jun-17,690,CE,0,0,0,35.85,41.75,0,0,0,0,17-Apr-17
OPTSTK,PIDILITIND,29-Jun-17,700,CE,0,0,0,30.75,35.2,0,0,0,0,17-Apr-17
OPTSTK,PIDILITIND,29-Jun-17,710,CE,0,0,0,26.2,29.35,0,0,0,0,17-Apr-17
OPTSTK,PIDILITIND,29-Jun-17,720,CE,0,0,0,22.1,24.1,0,0,0,0,17-Apr-17
OPTSTK,PIDILITIND,29-Jun-17,730,CE,0,0,0,18.55,19.6,0,0,0,0,17-Apr-17
OPTSTK,PIDILITIND,29-Jun-17,740,CE,0,0,0,15.4,15.65,0,0,0,0,17-Apr-17
OPTSTK,PIDILITIND,29-Jun-17,750,CE,0,0,0,12.75,12.4,0,0,0,0,17-Apr-17
OPTSTK,PIDILITIND,29-Jun-17,760,CE,0,0,0,10.4,9.65,0,0,0,0,17-Apr-17
OPTSTK,PIDILITIND,29-Jun-17,770,CE,0,0,0,8.45,7.4,0,0,0,0,17-Apr-17
OPTSTK,PIDILITIND,29-Jun-17,780,CE,0,0,0,6.85,5.65,0,0,0,0,17-Apr-17
OPTSTK,PIDILITIND,29-Jun-17,790,CE,0,0,0,5.5,4.2,0,0,0,0,17-Apr-17
OPTSTK,PIDILITIND,29-Jun-17,800,CE,0,0,0,4.35,3.1,0,0,0,0,17-Apr-17
OPTSTK,PIDILITIND,29-Jun-17,810,CE,0,0,0,3.45,2.25,0,0,0,0,17-Apr-17
OPTSTK,PIDILITIND,29-Jun-17,820,CE,0,0,0,2.7,1.65,0,0,0,0,17-Apr-17
OPTSTK,PIDILITIND,29-Jun-17,830,CE,0,0,0,2.1,1.15,0,0,0,0,17-Apr-17
OPTSTK,PIDILITIND,29-Jun-17,840,CE,0,0,0,1.65,0.8,0,0,0,0,17-Apr-17
OPTSTK,PIDILITIND,29-Jun-17,490,PE,0,0,0,0.05,0,0,0,0,0,17-Apr-17
OPTSTK,PIDILITIND,29-Jun-17,500,PE,0,0,0,0.05,0,0,0,0,0,17-Apr-17
OPTSTK,PIDILITIND,29-Jun-17,510,PE,0,0,0,0.05,0,0,0,0,0,17-Apr-17
OPTSTK,PIDILITIND,29-Jun-17,520,PE,0,0,0,0.05,0,0,0,0,0,17-Apr-17
OPTSTK,PIDILITIND,29-Jun-17,530,PE,0,0,0,0.1,0,0,0,0,0,17-Apr-17
OPTSTK,PIDILITIND,29-Jun-17,540,PE,0,0,0,0.15,0,0,0,0,0,17-Apr-17
OPTSTK,PIDILITIND,29-Jun-17,550,PE,0,0,0,0.25,0.05,0,0,0,0,17-Apr-17
OPTSTK,PIDILITIND,29-Jun-17,560,PE,0,0,0,0.45,0.05,0,0,0,0,17-Apr-17
OPTSTK,PIDILITIND,29-Jun-17,570,PE,0,0,0,0.65,0.05,0,0,0,0,17-Apr-17
OPTSTK,PIDILITIND,29-Jun-17,580,PE,0,0,0,1,0.1,0,0,0,0,17-Apr-17
OPTSTK,PIDILITIND,29-Jun-17,590,PE,0,0,0,1.5,0.15,0,0,0,0,17-Apr-17
OPTSTK,PIDILITIND,29-Jun-17,600,PE,0,0,0,2.15,0.25,0,0,0,0,17-Apr-17
OPTSTK,PIDILITIND,29-Jun-17,610,PE,0,0,0,3.05,0.45,0,0,0,0,17-Apr-17
OPTSTK,PIDILITIND,29-Jun-17,620,PE,0,0,0,4.2,0.7,0,0,0,0,17-Apr-17
OPTSTK,PIDILITIND,29-Jun-17,630,PE,0,0,0,5.7,1.15,0,0,0,0,17-Apr-17
OPTSTK,PIDILITIND,29-Jun-17,640,PE,0,0,0,7.55,1.8,0,0,0,0,17-Apr-17
OPTSTK,PIDILITIND,29-Jun-17,650,PE,0,0,0,9.8,2.7,0,0,0,0,17-Apr-17
OPTSTK,PIDILITIND,29-Jun-17,660,PE,0,0,0,12.45,4,0,0,0,0,17-Apr-17
OPTSTK,PIDILITIND,29-Jun-17,670,PE,0,0,0,15.65,5.65,0,0,0,0,17-Apr-17
OPTSTK,PIDILITIND,29-Jun-17,680,PE,0,0,0,19.35,7.85,0,0,0,0,17-Apr-17
OPTSTK,PIDILITIND,29-Jun-17,690,PE,0,0,0,23.55,10.6,0,0,0,0,17-Apr-17
OPTSTK,PIDILITIND,29-Jun-17,700,PE,0,0,0,28.25,13.9,0,0,0,0,17-Apr-17
OPTSTK,PIDILITIND,29-Jun-17,710,PE,0,0,0,33.55,17.9,0,0,0,0,17-Apr-17
OPTSTK,PIDILITIND,29-Jun-17,720,PE,0,0,0,39.3,22.6,0,0,0,0,17-Apr-17
OPTSTK,PIDILITIND,29-Jun-17,730,PE,0,0,0,45.55,27.9,0,0,0,0,17-Apr-17
OPTSTK,PIDILITIND,29-Jun-17,740,PE,0,0,0,52.25,33.85,0,0,0,0,17-Apr-17
OPTSTK,PIDILITIND,29-Jun-17,750,PE,0,0,0,59.4,40.45,0,0,0,0,17-Apr-17
OPTSTK,PIDILITIND,29-Jun-17,760,PE,0,0,0,66.95,47.6,0,0,0,0,17-Apr-17
OPTSTK,PIDILITIND,29-Jun-17,770,PE,0,0,0,74.85,55.25,0,0,0,0,17-Apr-17
OPTSTK,PIDILITIND,29-Jun-17,780,PE,0,0,0,83.05,63.3,0,0,0,0,17-Apr-17
OPTSTK,PIDILITIND,29-Jun-17,790,PE,0,0,0,91.5,71.75,0,0,0,0,17-Apr-17
OPTSTK,PIDILITIND,29-Jun-17,800,PE,0,0,0,100.2,80.55,0,0,0,0,17-Apr-17
OPTSTK,PIDILITIND,29-Jun-17,810,PE,0,0,0,109.15,89.55,0,0,0,0,17-Apr-17
OPTSTK,PIDILITIND,29-Jun-17,820,PE,0,0,0,118.25,98.8,0,0,0,0,17-Apr-17
OPTSTK,PIDILITIND,29-Jun-17,830,PE,0,0,0,127.45,108.2,0,0,0,0,17-Apr-17
OPTSTK,PIDILITIND,29-Jun-17,840,PE,0,0,0,136.85,117.7,0,0,0,0,17-Apr-17
OPTSTK,PNB,27-Apr-17,85,CE,0,0,0,49.7,73.95,0,0,0,0,17-Apr-17
OPTSTK,PNB,27-Apr-17,90,CE,0,0,0,44.85,69,0,0,0,0,17-Apr-17
OPTSTK,PNB,27-Apr-17,95,CE,0,0,0,40.1,64,0,0,0,0,17-Apr-17
OPTSTK,PNB,27-Apr-17,100,CE,0,0,0,48.5,59,0,0,21000,0,17-Apr-17
OPTSTK,PNB,27-Apr-17,105,CE,0,0,0,30.9,54,0,0,0,0,17-Apr-17
OPTSTK,PNB,27-Apr-17,110,CE,0,0,0,36.25,49,0,0,7000,0,17-Apr-17
OPTSTK,PNB,27-Apr-17,115,CE,0,0,0,24.6,44,0,0,7000,0,17-Apr-17
OPTSTK,PNB,27-Apr-17,120,CE,0,0,0,29,39.05,0,0,7000,0,17-Apr-17
OPTSTK,PNB,27-Apr-17,125,CE,0,0,0,22.3,34.05,0,0,7000,0,17-Apr-17
OPTSTK,PNB,27-Apr-17,130,CE,0,0,0,22,29.05,0,0,42000,0,17-Apr-17
OPTSTK,PNB,27-Apr-17,135,CE,20.85,20.85,20.85,20.85,20.85,1,10.9,161000,0,17-Apr-17
OPTSTK,PNB,27-Apr-17,140,CE,15.65,15.65,13.7,15,15,6,64.98,357000,7000,17-Apr-17
OPTSTK,PNB,27-Apr-17,145,CE,11.2,11.5,10.2,11.5,11.5,10,109.36,567000,-35000,17-Apr-17
OPTSTK,PNB,27-Apr-17,150,CE,7.7,8.2,5.5,7.8,7.8,192,2104.2,1946000,70000,17-Apr-17
OPTSTK,PNB,27-Apr-17,155,CE,5,5,3.25,4.8,4.8,620,6899.35,5985000,147000,17-Apr-17
OPTSTK,PNB,27-Apr-17,160,CE,2.65,2.95,1.65,2.65,2.65,970,11020.06,4109000,175000,17-Apr-17
OPTSTK,PNB,27-Apr-17,165,CE,1.45,1.55,0.8,1.4,1.4,378,4397.27,1827000,112000,17-Apr-17
OPTSTK,PNB,27-Apr-17,170,CE,0.8,0.9,0.4,0.75,0.75,374,4466.51,1883000,-231000,17-Apr-17
OPTSTK,PNB,27-Apr-17,175,CE,0.45,0.45,0.25,0.4,0.4,119,1460.54,1491000,-35000,17-Apr-17
OPTSTK,PNB,27-Apr-17,180,CE,0.2,0.25,0.15,0.2,0.2,38,479.32,1785000,0,17-Apr-17
OPTSTK,PNB,27-Apr-17,185,CE,0.95,0.95,0.15,0.15,0.15,3,38.93,105000,14000,17-Apr-17
OPTSTK,PNB,27-Apr-17,190,CE,0,0,0,0.65,0.05,0,0,0,0,17-Apr-17
OPTSTK,PNB,27-Apr-17,85,PE,0,0,0,0.05,0,0,0,0,0,17-Apr-17
OPTSTK,PNB,27-Apr-17,90,PE,0,0,0,0.15,0,0,0,0,0,17-Apr-17
OPTSTK,PNB,27-Apr-17,95,PE,0,0,0,0.25,0,0,0,0,0,17-Apr-17
OPTSTK,PNB,27-Apr-17,100,PE,0,0,0,0.55,0,0,0,0,0,17-Apr-17
OPTSTK,PNB,27-Apr-17,105,PE,0,0,0,0.95,0,0,0,0,0,17-Apr-17
OPTSTK,PNB,27-Apr-17,110,PE,0,0,0,1.6,0,0,0,0,0,17-Apr-17
OPTSTK,PNB,27-Apr-17,115,PE,0,0,0,0.1,0,0,0,21000,0,17-Apr-17
OPTSTK,PNB,27-Apr-17,120,PE,0,0,0,0.05,0,0,0,189000,0,17-Apr-17
OPTSTK,PNB,27-Apr-17,125,PE,0.1,0.1,0.1,0.1,0.1,1,8.75,455000,-7000,17-Apr-17
OPTSTK,PNB,27-Apr-17,130,PE,0.15,0.15,0.1,0.1,0.1,14,127.51,798000,-28000,17-Apr-17
OPTSTK,PNB,27-Apr-17,135,PE,0.25,0.35,0.2,0.3,0.3,88,833.6,1008000,-70000,17-Apr-17
OPTSTK,PNB,27-Apr-17,140,PE,0.65,0.75,0.45,0.55,0.55,154,1515.57,1708000,-112000,17-Apr-17
OPTSTK,PNB,27-Apr-17,145,PE,1.05,1.55,0.8,1.05,1.05,264,2702.46,3696000,56000,17-Apr-17
OPTSTK,PNB,27-Apr-17,150,PE,2.4,3.15,2.05,2.2,2.2,494,5277.2,3717000,14000,17-Apr-17
OPTSTK,PNB,27-Apr-17,155,PE,5.9,5.9,3.95,4.15,4.15,267,2986.79,2079000,112000,17-Apr-17
OPTSTK,PNB,27-Apr-17,160,PE,6.8,8.75,6.8,7,7,42,493.19,609000,-14000,17-Apr-17
OPTSTK,PNB,27-Apr-17,165,PE,0,0,0,16.8,7.7,0,0,14000,0,17-Apr-17
OPTSTK,PNB,27-Apr-17,170,PE,0,0,0,23,11.7,0,0,42000,0,17-Apr-17
OPTSTK,PNB,27-Apr-17,175,PE,0,0,0,25.7,16.2,0,0,7000,0,17-Apr-17
OPTSTK,PNB,27-Apr-17,180,PE,0,0,0,44.7,21,0,0,0,0,17-Apr-17
OPTSTK,PNB,27-Apr-17,185,PE,0,0,0,49.35,25.95,0,0,0,0,17-Apr-17
OPTSTK,PNB,27-Apr-17,190,PE,0,0,0,50,30.9,0,0,0,0,17-Apr-17
OPTSTK,PNB,25-May-17,90,CE,0,0,0,51.65,69.45,0,0,0,0,17-Apr-17
OPTSTK,PNB,25-May-17,95,CE,0,0,0,46.75,64.45,0,0,0,0,17-Apr-17
OPTSTK,PNB,25-May-17,100,CE,0,0,0,42,59.5,0,0,0,0,17-Apr-17
OPTSTK,PNB,25-May-17,105,CE,0,0,0,37.3,54.55,0,0,0,0,17-Apr-17
OPTSTK,PNB,25-May-17,110,CE,0,0,0,32.75,49.55,0,0,0,0,17-Apr-17
OPTSTK,PNB,25-May-17,115,CE,0,0,0,28.45,44.6,0,0,0,0,17-Apr-17
OPTSTK,PNB,25-May-17,120,CE,0,0,0,24.35,39.7,0,0,0,0,17-Apr-17
OPTSTK,PNB,25-May-17,125,CE,0,0,0,24.65,34.8,0,0,14000,0,17-Apr-17
OPTSTK,PNB,25-May-17,130,CE,0,0,0,23.15,30.05,0,0,35000,0,17-Apr-17
OPTSTK,PNB,25-May-17,135,CE,19.95,19.95,19.95,19.95,19.95,2,21.69,35000,14000,17-Apr-17
OPTSTK,PNB,25-May-17,140,CE,16,16,16,16,16,1,10.92,70000,7000,17-Apr-17
OPTSTK,PNB,25-May-17,145,CE,12.2,12.3,12.2,12.3,12.3,4,44.03,35000,28000,17-Apr-17
OPTSTK,PNB,25-May-17,150,CE,9.5,9.5,9.5,9.5,9.5,2,22.33,112000,14000,17-Apr-17
OPTSTK,PNB,25-May-17,155,CE,6.6,7.15,6.5,7.15,7.15,23,260.2,231000,161000,17-Apr-17
OPTSTK,PNB,25-May-17,160,CE,4.5,5.35,4.5,5.35,5.35,6,69.33,140000,42000,17-Apr-17
OPTSTK,PNB,25-May-17,165,CE,0,0,0,3.45,5.65,0,0,112000,0,17-Apr-17
OPTSTK,PNB,25-May-17,170,CE,2.65,2.65,2.35,2.35,2.35,4,48.31,56000,21000,17-Apr-17
OPTSTK,PNB,25-May-17,175,CE,0,0,0,2,2.8,0,0,7000,0,17-Apr-17
OPTSTK,PNB,25-May-17,180,CE,0,0,0,0.8,1.9,0,0,7000,0,17-Apr-17
OPTSTK,PNB,25-May-17,185,CE,0,0,0,1.1,1.25,0,0,0,0,17-Apr-17
OPTSTK,PNB,25-May-17,190,CE,0,0,0,0.8,0.8,0,0,0,0,17-Apr-17
OPTSTK,PNB,25-May-17,90,PE,0,0,0,0.05,0,0,0,0,0,17-Apr-17
OPTSTK,PNB,25-May-17,95,PE,0,0,0,0.15,0,0,0,0,0,17-Apr-17
OPTSTK,PNB,25-May-17,100,PE,0,0,0,0.25,0,0,0,0,0,17-Apr-17
OPTSTK,PNB,25-May-17,105,PE,0,0,0,0.5,0,0,0,0,0,17-Apr-17
OPTSTK,PNB,25-May-17,110,PE,0,0,0,0.9,0.05,0,0,0,0,17-Apr-17
OPTSTK,PNB,25-May-17,115,PE,0,0,0,1.5,0.05,0,0,0,0,17-Apr-17
OPTSTK,PNB,25-May-17,120,PE,0,0,0,2.35,0.1,0,0,0,0,17-Apr-17
OPTSTK,PNB,25-May-17,125,PE,0,0,0,1.2,0.15,0,0,7000,0,17-Apr-17
OPTSTK,PNB,25-May-17,130,PE,0,0,0,0.95,0.35,0,0,98000,0,17-Apr-17
OPTSTK,PNB,25-May-17,135,PE,1.8,1.8,1.5,1.5,1.5,5,47.84,91000,21000,17-Apr-17
OPTSTK,PNB,25-May-17,140,PE,2.95,2.95,2.6,2.7,2.7,5,49.97,189000,21000,17-Apr-17
OPTSTK,PNB,25-May-17,145,PE,0,0,0,3.75,2.3,0,0,7000,0,17-Apr-17
OPTSTK,PNB,25-May-17,150,PE,6.35,6.35,6.35,6.35,6.35,2,21.88,98000,14000,17-Apr-17
OPTSTK,PNB,25-May-17,155,PE,9.15,9.35,8.5,8.5,8.5,28,321.68,350000,182000,17-Apr-17
OPTSTK,PNB,25-May-17,160,PE,12.6,12.6,11.7,11.75,11.75,14,168.77,168000,98000,17-Apr-17
OPTSTK,PNB,25-May-17,165,PE,0,0,0,15.7,10.75,0,0,28000,0,17-Apr-17
OPTSTK,PNB,25-May-17,170,PE,0,0,0,19.25,14.05,0,0,28000,0,17-Apr-17
OPTSTK,PNB,25-May-17,175,PE,0,0,0,23.75,17.8,0,0,21000,0,17-Apr-17
OPTSTK,PNB,25-May-17,180,PE,0,0,0,28.35,21.85,0,0,7000,0,17-Apr-17
OPTSTK,PNB,25-May-17,185,PE,0,0,0,43.05,26.2,0,0,0,0,17-Apr-17
OPTSTK,PNB,25-May-17,190,PE,0,0,0,47.65,30.7,0,0,0,0,17-Apr-17
OPTSTK,PNB,29-Jun-17,95,CE,0,0,0,59.85,65.05,0,0,0,0,17-Apr-17
OPTSTK,PNB,29-Jun-17,100,CE,0,0,0,55,60.15,0,0,0,0,17-Apr-17
OPTSTK,PNB,29-Jun-17,105,CE,0,0,0,50.25,55.2,0,0,0,0,17-Apr-17
OPTSTK,PNB,29-Jun-17,110,CE,0,0,0,45.55,50.35,0,0,0,0,17-Apr-17
OPTSTK,PNB,29-Jun-17,115,CE,0,0,0,40.95,45.5,0,0,0,0,17-Apr-17
OPTSTK,PNB,29-Jun-17,120,CE,0,0,0,36.55,40.8,0,0,0,0,17-Apr-17
OPTSTK,PNB,29-Jun-17,125,CE,0,0,0,32.35,36.15,0,0,0,0,17-Apr-17
OPTSTK,PNB,29-Jun-17,130,CE,0,0,0,28.35,31.75,0,0,0,0,17-Apr-17
OPTSTK,PNB,29-Jun-17,135,CE,0,0,0,24.65,27.55,0,0,0,0,17-Apr-17
OPTSTK,PNB,29-Jun-17,140,CE,0,0,0,21.25,23.6,0,0,0,0,17-Apr-17
OPTSTK,PNB,29-Jun-17,145,CE,0,0,0,18.15,19.95,0,0,0,0,17-Apr-17
OPTSTK,PNB,29-Jun-17,150,CE,0,0,0,15.4,16.7,0,0,0,0,17-Apr-17
OPTSTK,PNB,29-Jun-17,155,CE,0,0,0,12.95,13.8,0,0,0,0,17-Apr-17
OPTSTK,PNB,29-Jun-17,160,CE,0,0,0,10.75,11.25,0,0,0,0,17-Apr-17
OPTSTK,PNB,29-Jun-17,165,CE,0,0,0,8.9,9.05,0,0,0,0,17-Apr-17
OPTSTK,PNB,29-Jun-17,170,CE,0,0,0,7.3,7.2,0,0,0,0,17-Apr-17
OPTSTK,PNB,29-Jun-17,175,CE,0,0,0,5.95,5.65,0,0,0,0,17-Apr-17
OPTSTK,PNB,29-Jun-17,180,CE,0,0,0,4.85,4.4,0,0,0,0,17-Apr-17
OPTSTK,PNB,29-Jun-17,185,CE,0,0,0,3.9,3.4,0,0,0,0,17-Apr-17
OPTSTK,PNB,29-Jun-17,190,CE,0,0,0,3.1,2.6,0,0,0,0,17-Apr-17
OPTSTK,PNB,29-Jun-17,95,PE,0,0,0,0.1,0.05,0,0,0,0,17-Apr-17
OPTSTK,PNB,29-Jun-17,100,PE,0,0,0,0.15,0.05,0,0,0,0,17-Apr-17
OPTSTK,PNB,29-Jun-17,105,PE,0,0,0,0.3,0.05,0,0,0,0,17-Apr-17
OPTSTK,PNB,29-Jun-17,110,PE,0,0,0,0.5,0.1,0,0,0,0,17-Apr-17
OPTSTK,PNB,29-Jun-17,115,PE,0,0,0,0.85,0.25,0,0,0,0,17-Apr-17
OPTSTK,PNB,29-Jun-17,120,PE,0,0,0,1.35,0.45,0,0,0,0,17-Apr-17
OPTSTK,PNB,29-Jun-17,125,PE,0,0,0,2.1,0.75,0,0,0,0,17-Apr-17
OPTSTK,PNB,29-Jun-17,130,PE,0,0,0,3,1.25,0,0,0,0,17-Apr-17
OPTSTK,PNB,29-Jun-17,135,PE,0,0,0,4.25,2,0,0,0,0,17-Apr-17
OPTSTK,PNB,29-Jun-17,140,PE,0,0,0,5.75,3,0,0,0,0,17-Apr-17
OPTSTK,PNB,29-Jun-17,145,PE,0,0,0,7.55,4.3,0,0,0,0,17-Apr-17
OPTSTK,PNB,29-Jun-17,150,PE,0,0,0,9.7,5.95,0,0,0,0,17-Apr-17
OPTSTK,PNB,29-Jun-17,155,PE,0,0,0,12.15,7.95,0,0,0,0,17-Apr-17
OPTSTK,PNB,29-Jun-17,160,PE,0,0,0,14.95,10.35,0,0,0,0,17-Apr-17
OPTSTK,PNB,29-Jun-17,165,PE,0,0,0,18,13.1,0,0,0,0,17-Apr-17
OPTSTK,PNB,29-Jun-17,170,PE,0,0,0,21.3,16.2,0,0,0,0,17-Apr-17
OPTSTK,PNB,29-Jun-17,175,PE,0,0,0,24.9,19.6,0,0,0,0,17-Apr-17
OPTSTK,PNB,29-Jun-17,180,PE,0,0,0,28.65,23.3,0,0,0,0,17-Apr-17
OPTSTK,PNB,29-Jun-17,185,PE,0,0,0,32.65,27.2,0,0,0,0,17-Apr-17
OPTSTK,PNB,29-Jun-17,190,PE,0,0,0,36.8,31.35,0,0,0,0,17-Apr-17
OPTSTK,POWERGRID,27-Apr-17,135,CE,0,0,0,70.35,67.55,0,0,0,0,17-Apr-17
OPTSTK,POWERGRID,27-Apr-17,140,CE,0,0,0,65.45,62.55,0,0,0,0,17-Apr-17
OPTSTK,POWERGRID,27-Apr-17,145,CE,0,0,0,60.55,57.55,0,0,0,0,17-Apr-17
OPTSTK,POWERGRID,27-Apr-17,150,CE,0,0,0,55.65,52.6,0,0,0,0,17-Apr-17
OPTSTK,POWERGRID,27-Apr-17,152.5,CE,0,0,0,43.75,50.1,0,0,0,0,17-Apr-17
OPTSTK,POWERGRID,27-Apr-17,155,CE,0,0,0,50.85,47.6,0,0,0,0,17-Apr-17
OPTSTK,POWERGRID,27-Apr-17,157.5,CE,0,0,0,38.75,45.1,0,0,0,0,17-Apr-17
OPTSTK,POWERGRID,27-Apr-17,160,CE,0,0,0,35.9,42.6,0,0,8000,0,17-Apr-17
OPTSTK,POWERGRID,27-Apr-17,162.5,CE,0,0,0,33.8,40.1,0,0,0,0,17-Apr-17
OPTSTK,POWERGRID,27-Apr-17,165,CE,0,0,0,41.35,37.6,0,0,0,0,17-Apr-17
OPTSTK,POWERGRID,27-Apr-17,167.5,CE,0,0,0,28.8,35.1,0,0,0,0,17-Apr-17
OPTSTK,POWERGRID,27-Apr-17,170,CE,0,0,0,36.8,32.6,0,0,0,0,17-Apr-17
OPTSTK,POWERGRID,27-Apr-17,172.5,CE,0,0,0,23.85,30.1,0,0,0,0,17-Apr-17
OPTSTK,POWERGRID,27-Apr-17,175,CE,0,0,0,32.45,27.6,0,0,0,0,17-Apr-17
OPTSTK,POWERGRID,27-Apr-17,177.5,CE,0,0,0,18.9,25.15,0,0,0,0,17-Apr-17
OPTSTK,POWERGRID,27-Apr-17,180,CE,0,0,0,17.75,22.65,0,0,8000,0,17-Apr-17
OPTSTK,POWERGRID,27-Apr-17,182.5,CE,0,0,0,14.15,20.15,0,0,0,0,17-Apr-17
OPTSTK,POWERGRID,27-Apr-17,185,CE,0,0,0,14.85,17.65,0,0,4000,0,17-Apr-17
OPTSTK,POWERGRID,27-Apr-17,187.5,CE,0,0,0,9.75,15.15,0,0,0,0,17-Apr-17
OPTSTK,POWERGRID,27-Apr-17,190,CE,13,13,12,12.75,12.75,3,24.31,16000,-8000,17-Apr-17
OPTSTK,POWERGRID,27-Apr-17,192.5,CE,0,0,0,5.65,10.3,0,0,4000,0,17-Apr-17
OPTSTK,POWERGRID,27-Apr-17,195,CE,6,8.6,6,8.05,8.05,19,154.07,196000,-16000,17-Apr-17
OPTSTK,POWERGRID,27-Apr-17,197.5,CE,6,6,6,6,6,2,16.28,40000,-4000,17-Apr-17
OPTSTK,POWERGRID,27-Apr-17,200,CE,3.7,5.1,2.85,4.65,4.65,487,3979.71,1160000,-192000,17-Apr-17
OPTSTK,POWERGRID,27-Apr-17,202.5,CE,3,3.9,2.4,3.4,3.4,27,222.28,76000,24000,17-Apr-17
OPTSTK,POWERGRID,27-Apr-17,205,CE,1.75,2.65,1.25,2.25,2.25,384,3181.02,864000,12000,17-Apr-17
OPTSTK,POWERGRID,27-Apr-17,207.5,CE,1.45,1.7,1.45,1.7,1.7,3,25.09,20000,4000,17-Apr-17
OPTSTK,POWERGRID,27-Apr-17,210,CE,0.6,1.35,0.6,1,1,227,1916.48,700000,188000,17-Apr-17
OPTSTK,POWERGRID,27-Apr-17,212.5,CE,0,0,0,0.25,0.2,0,0,0,0,17-Apr-17
OPTSTK,POWERGRID,27-Apr-17,215,CE,0.5,0.6,0.35,0.35,0.35,17,146.54,48000,20000,17-Apr-17
OPTSTK,POWERGRID,27-Apr-17,217.5,CE,0,0,0,0.1,0.05,0,0,0,0,17-Apr-17
OPTSTK,POWERGRID,27-Apr-17,220,CE,0.2,0.3,0.2,0.2,0.2,21,184.98,184000,8000,17-Apr-17
OPTSTK,POWERGRID,27-Apr-17,222.5,CE,0,0,0,0.05,0,0,0,0,0,17-Apr-17
OPTSTK,POWERGRID,27-Apr-17,225,CE,0,0,0,0.15,0,0,0,16000,0,17-Apr-17
OPTSTK,POWERGRID,27-Apr-17,227.5,CE,0,0,0,0.05,0,0,0,0,0,17-Apr-17
OPTSTK,POWERGRID,27-Apr-17,230,CE,0,0,0,3.65,0,0,0,0,0,17-Apr-17
OPTSTK,POWERGRID,27-Apr-17,232.5,CE,0,0,0,0.05,0,0,0,0,0,17-Apr-17
OPTSTK,POWERGRID,27-Apr-17,235,CE,0,0,0,2.8,0,0,0,0,0,17-Apr-17
OPTSTK,POWERGRID,27-Apr-17,237.5,CE,0,0,0,0.05,0,0,0,0,0,17-Apr-17
OPTSTK,POWERGRID,27-Apr-17,240,CE,0,0,0,2.1,0,0,0,0,0,17-Apr-17
OPTSTK,POWERGRID,27-Apr-17,242.5,CE,0,0,0,0.05,0,0,0,0,0,17-Apr-17
OPTSTK,POWERGRID,27-Apr-17,245,CE,0,0,0,1.6,0,0,0,0,0,17-Apr-17
OPTSTK,POWERGRID,27-Apr-17,247.5,CE,0,0,0,0.05,0,0,0,0,0,17-Apr-17
OPTSTK,POWERGRID,27-Apr-17,250,CE,0,0,0,1.15,0,0,0,0,0,17-Apr-17
OPTSTK,POWERGRID,27-Apr-17,135,PE,0,0,0,0.05,0,0,0,0,0,17-Apr-17
OPTSTK,POWERGRID,27-Apr-17,140,PE,0,0,0,0.05,0,0,0,0,0,17-Apr-17
OPTSTK,POWERGRID,27-Apr-17,145,PE,0,0,0,0.05,0,0,0,0,0,17-Apr-17
OPTSTK,POWERGRID,27-Apr-17,150,PE,0,0,0,0.1,0,0,0,0,0,17-Apr-17
OPTSTK,POWERGRID,27-Apr-17,152.5,PE,0,0,0,0.05,0,0,0,0,0,17-Apr-17
OPTSTK,POWERGRID,27-Apr-17,155,PE,0,0,0,0.2,0,0,0,0,0,17-Apr-17
OPTSTK,POWERGRID,27-Apr-17,157.5,PE,0,0,0,0.05,0,0,0,0,0,17-Apr-17
OPTSTK,POWERGRID,27-Apr-17,160,PE,0,0,0,0.3,0,0,0,0,0,17-Apr-17
OPTSTK,POWERGRID,27-Apr-17,162.5,PE,0,0,0,0.05,0,0,0,0,0,17-Apr-17
OPTSTK,POWERGRID,27-Apr-17,165,PE,0,0,0,0.55,0,0,0,0,0,17-Apr-17
OPTSTK,POWERGRID,27-Apr-17,167.5,PE,0,0,0,0.05,0,0,0,0,0,17-Apr-17
OPTSTK,POWERGRID,27-Apr-17,170,PE,0,0,0,0.9,0,0,0,0,0,17-Apr-17
OPTSTK,POWERGRID,27-Apr-17,172.5,PE,0,0,0,0.05,0,0,0,0,0,17-Apr-17
OPTSTK,POWERGRID,27-Apr-17,175,PE,0,0,0,1.45,0,0,0,0,0,17-Apr-17
OPTSTK,POWERGRID,27-Apr-17,177.5,PE,0,0,0,0.1,0,0,0,0,0,17-Apr-17
OPTSTK,POWERGRID,27-Apr-17,180,PE,0,0,0,0.15,0,0,0,92000,0,17-Apr-17
OPTSTK,POWERGRID,27-Apr-17,182.5,PE,0,0,0,0.3,0,0,0,0,0,17-Apr-17
OPTSTK,POWERGRID,27-Apr-17,185,PE,0.25,0.25,0.25,0.25,0.25,2,14.82,24000,4000,17-Apr-17
OPTSTK,POWERGRID,27-Apr-17,187.5,PE,0,0,0,1,0.05,0,0,12000,0,17-Apr-17
OPTSTK,POWERGRID,27-Apr-17,190,PE,0.5,0.5,0.3,0.35,0.35,16,121.84,292000,-20000,17-Apr-17
OPTSTK,POWERGRID,27-Apr-17,192.5,PE,0.8,0.8,0.8,0.8,0.8,1,7.73,32000,4000,17-Apr-17
OPTSTK,POWERGRID,27-Apr-17,195,PE,1.2,1.35,0.8,0.9,0.9,80,627.19,284000,-152000,17-Apr-17
OPTSTK,POWERGRID,27-Apr-17,197.5,PE,1.5,1.6,1.5,1.6,1.6,3,23.88,56000,4000,17-Apr-17
OPTSTK,POWERGRID,27-Apr-17,200,PE,2.85,3.4,2.05,2.35,2.35,177,1434.51,468000,0,17-Apr-17
OPTSTK,POWERGRID,27-Apr-17,202.5,PE,3.25,4,3.25,3.5,3.5,4,32.98,16000,0,17-Apr-17
OPTSTK,POWERGRID,27-Apr-17,205,PE,5.5,5.5,4.85,5,5,62,520.93,32000,20000,17-Apr-17
OPTSTK,POWERGRID,27-Apr-17,207.5,PE,0,0,0,11.7,5.7,0,0,0,0,17-Apr-17
OPTSTK,POWERGRID,27-Apr-17,210,PE,0,0,0,9.5,7.8,0,0,4000,0,17-Apr-17
OPTSTK,POWERGRID,27-Apr-17,212.5,PE,0,0,0,16.25,10.05,0,0,0,0,17-Apr-17
OPTSTK,POWERGRID,27-Apr-17,215,PE,0,0,0,16.05,12.45,0,0,0,0,17-Apr-17
OPTSTK,POWERGRID,27-Apr-17,217.5,PE,0,0,0,21.05,14.85,0,0,0,0,17-Apr-17
OPTSTK,POWERGRID,27-Apr-17,220,PE,0,0,0,23.5,17.35,0,0,4000,0,17-Apr-17
OPTSTK,POWERGRID,27-Apr-17,222.5,PE,0,0,0,26,19.85,0,0,0,0,17-Apr-17
OPTSTK,POWERGRID,27-Apr-17,225,PE,0,0,0,22.95,22.35,0,0,0,0,17-Apr-17
OPTSTK,POWERGRID,27-Apr-17,227.5,PE,0,0,0,30.95,24.8,0,0,0,0,17-Apr-17
OPTSTK,POWERGRID,27-Apr-17,230,PE,0,0,0,26.8,27.3,0,0,0,0,17-Apr-17
OPTSTK,POWERGRID,27-Apr-17,232.5,PE,0,0,0,35.9,29.8,0,0,0,0,17-Apr-17
OPTSTK,POWERGRID,27-Apr-17,235,PE,0,0,0,30.85,32.3,0,0,0,0,17-Apr-17
OPTSTK,POWERGRID,27-Apr-17,237.5,PE,0,0,0,40.9,34.8,0,0,0,0,17-Apr-17
OPTSTK,POWERGRID,27-Apr-17,240,PE,0,0,0,42.5,37.3,0,0,8000,0,17-Apr-17
OPTSTK,POWERGRID,27-Apr-17,242.5,PE,0,0,0,45.85,39.8,0,0,0,0,17-Apr-17
OPTSTK,POWERGRID,27-Apr-17,245,PE,0,0,0,39.45,42.3,0,0,0,0,17-Apr-17
OPTSTK,POWERGRID,27-Apr-17,247.5,PE,0,0,0,49.1,44.8,0,0,0,0,17-Apr-17
OPTSTK,POWERGRID,27-Apr-17,250,PE,0,0,0,43.95,47.3,0,0,0,0,17-Apr-17
OPTSTK,POWERGRID,25-May-17,135,CE,0,0,0,66.3,68.25,0,0,0,0,17-Apr-17
OPTSTK,POWERGRID,25-May-17,140,CE,0,0,0,61.35,63.25,0,0,0,0,17-Apr-17
OPTSTK,POWERGRID,25-May-17,145,CE,0,0,0,56.45,58.3,0,0,0,0,17-Apr-17
OPTSTK,POWERGRID,25-May-17,150,CE,0,0,0,51.55,53.35,0,0,0,0,17-Apr-17
OPTSTK,POWERGRID,25-May-17,152.5,CE,0,0,0,44.5,50.85,0,0,0,0,17-Apr-17
OPTSTK,POWERGRID,25-May-17,155,CE,0,0,0,46.65,48.35,0,0,0,0,17-Apr-17
OPTSTK,POWERGRID,25-May-17,157.5,CE,0,0,0,39.6,45.9,0,0,0,0,17-Apr-17
OPTSTK,POWERGRID,25-May-17,160,CE,0,0,0,41.85,43.4,0,0,0,0,17-Apr-17
OPTSTK,POWERGRID,25-May-17,162.5,CE,0,0,0,34.65,40.9,0,0,0,0,17-Apr-17
OPTSTK,POWERGRID,25-May-17,165,CE,0,0,0,37.05,38.45,0,0,0,0,17-Apr-17
OPTSTK,POWERGRID,25-May-17,167.5,CE,0,0,0,29.7,35.95,0,0,0,0,17-Apr-17
OPTSTK,POWERGRID,25-May-17,170,CE,0,0,0,32.4,33.45,0,0,0,0,17-Apr-17
OPTSTK,POWERGRID,25-May-17,172.5,CE,0,0,0,24.85,31,0,0,0,0,17-Apr-17
OPTSTK,POWERGRID,25-May-17,175,CE,0,0,0,27.95,28.55,0,0,0,0,17-Apr-17
OPTSTK,POWERGRID,25-May-17,177.5,CE,0,0,0,20.15,26.05,0,0,0,0,17-Apr-17
OPTSTK,POWERGRID,25-May-17,180,CE,0,0,0,23.7,23.65,0,0,0,0,17-Apr-17
OPTSTK,POWERGRID,25-May-17,182.5,CE,0,0,0,15.65,21.25,0,0,0,0,17-Apr-17
OPTSTK,POWERGRID,25-May-17,185,CE,0,0,0,19.75,18.9,0,0,0,0,17-Apr-17
OPTSTK,POWERGRID,25-May-17,187.5,CE,0,0,0,11.65,16.6,0,0,0,0,17-Apr-17
OPTSTK,POWERGRID,25-May-17,190,CE,0,0,0,16.2,14.4,0,0,0,0,17-Apr-17
OPTSTK,POWERGRID,25-May-17,192.5,CE,0,0,0,8.2,12.3,0,0,0,0,17-Apr-17
OPTSTK,POWERGRID,25-May-17,195,CE,0,0,0,13,10.4,0,0,0,0,17-Apr-17
OPTSTK,POWERGRID,25-May-17,197.5,CE,0,0,0,5.4,8.6,0,0,0,0,17-Apr-17
OPTSTK,POWERGRID,25-May-17,200,CE,0,0,0,10.25,7,0,0,0,0,17-Apr-17
OPTSTK,POWERGRID,25-May-17,202.5,CE,5.95,5.95,5.95,5.95,5.95,1,8.33,4000,4000,17-Apr-17
OPTSTK,POWERGRID,25-May-17,205,CE,0,0,0,7.9,4.4,0,0,0,0,17-Apr-17
OPTSTK,POWERGRID,25-May-17,207.5,CE,0,0,0,1.95,3.4,0,0,0,0,17-Apr-17
OPTSTK,POWERGRID,25-May-17,210,CE,0,0,0,6,2.55,0,0,0,0,17-Apr-17
OPTSTK,POWERGRID,25-May-17,212.5,CE,0,0,0,1.05,1.9,0,0,0,0,17-Apr-17
OPTSTK,POWERGRID,25-May-17,215,CE,0,0,0,4.45,1.4,0,0,0,0,17-Apr-17
OPTSTK,POWERGRID,25-May-17,217.5,CE,0,0,0,0.55,1,0,0,0,0,17-Apr-17
OPTSTK,POWERGRID,25-May-17,220,CE,0,0,0,3.25,0.7,0,0,0,0,17-Apr-17
OPTSTK,POWERGRID,25-May-17,222.5,CE,0,0,0,0.25,0.5,0,0,0,0,17-Apr-17
OPTSTK,POWERGRID,25-May-17,225,CE,0,0,0,2.3,0.3,0,0,0,0,17-Apr-17
OPTSTK,POWERGRID,25-May-17,227.5,CE,0,0,0,0.15,0.2,0,0,0,0,17-Apr-17
OPTSTK,POWERGRID,25-May-17,230,CE,0,0,0,1.6,0.15,0,0,0,0,17-Apr-17
OPTSTK,POWERGRID,25-May-17,232.5,CE,0,0,0,0.05,0.1,0,0,0,0,17-Apr-17
OPTSTK,POWERGRID,25-May-17,235,CE,0,0,0,1.1,0.05,0,0,0,0,17-Apr-17
OPTSTK,POWERGRID,25-May-17,237.5,CE,0,0,0,0.05,0.05,0,0,0,0,17-Apr-17
OPTSTK,POWERGRID,25-May-17,240,CE,0,0,0,0.75,0.05,0,0,0,0,17-Apr-17
OPTSTK,POWERGRID,25-May-17,242.5,CE,0,0,0,0.05,0.05,0,0,0,0,17-Apr-17
OPTSTK,POWERGRID,25-May-17,245,CE,0,0,0,0.5,0.05,0,0,0,0,17-Apr-17
OPTSTK,POWERGRID,25-May-17,247.5,CE,0,0,0,0.05,0,0,0,0,0,17-Apr-17
OPTSTK,POWERGRID,25-May-17,250,CE,0,0,0,0.35,0,0,0,0,0,17-Apr-17
OPTSTK,POWERGRID,25-May-17,135,PE,0,0,0,0.05,0,0,0,0,0,17-Apr-17
OPTSTK,POWERGRID,25-May-17,140,PE,0,0,0,0.05,0,0,0,0,0,17-Apr-17
OPTSTK,POWERGRID,25-May-17,145,PE,0,0,0,0.05,0,0,0,0,0,17-Apr-17
OPTSTK,POWERGRID,25-May-17,150,PE,0,0,0,0.05,0,0,0,0,0,17-Apr-17
OPTSTK,POWERGRID,25-May-17,152.5,PE,0,0,0,0.05,0,0,0,0,0,17-Apr-17
OPTSTK,POWERGRID,25-May-17,155,PE,0,0,0,0.1,0,0,0,0,0,17-Apr-17
OPTSTK,POWERGRID,25-May-17,157.5,PE,0,0,0,0.05,0,0,0,0,0,17-Apr-17
OPTSTK,POWERGRID,25-May-17,160,PE,0,0,0,0.15,0,0,0,0,0,17-Apr-17
OPTSTK,POWERGRID,25-May-17,162.5,PE,0,0,0,0.05,0,0,0,0,0,17-Apr-17
OPTSTK,POWERGRID,25-May-17,165,PE,0,0,0,0.35,0,0,0,0,0,17-Apr-17
OPTSTK,POWERGRID,25-May-17,167.5,PE,0,0,0,0.05,0,0,0,0,0,17-Apr-17
OPTSTK,POWERGRID,25-May-17,170,PE,0,0,0,0.6,0.05,0,0,0,0,17-Apr-17
OPTSTK,POWERGRID,25-May-17,172.5,PE,0,0,0,0.15,0.05,0,0,0,0,17-Apr-17
OPTSTK,POWERGRID,25-May-17,175,PE,0,0,0,1.05,0.05,0,0,0,0,17-Apr-17
OPTSTK,POWERGRID,25-May-17,177.5,PE,0,0,0,0.35,0.05,0,0,0,0,17-Apr-17
OPTSTK,POWERGRID,25-May-17,180,PE,0,0,0,1.75,0.1,0,0,0,0,17-Apr-17
OPTSTK,POWERGRID,25-May-17,182.5,PE,0,0,0,0.85,0.2,0,0,0,0,17-Apr-17
OPTSTK,POWERGRID,25-May-17,185,PE,0,0,0,2.7,0.35,0,0,0,0,17-Apr-17
OPTSTK,POWERGRID,25-May-17,187.5,PE,0,0,0,1.75,0.55,0,0,0,0,17-Apr-17
OPTSTK,POWERGRID,25-May-17,190,PE,0,0,0,2.05,0.8,0,0,12000,0,17-Apr-17
OPTSTK,POWERGRID,25-May-17,192.5,PE,0,0,0,3.25,1.25,0,0,0,0,17-Apr-17
OPTSTK,POWERGRID,25-May-17,195,PE,0,0,0,5.8,1.75,0,0,0,0,17-Apr-17
OPTSTK,POWERGRID,25-May-17,197.5,PE,0,0,0,5.45,2.5,0,0,0,0,17-Apr-17
OPTSTK,POWERGRID,25-May-17,200,PE,0,0,0,6,3.35,0,0,4000,0,17-Apr-17
OPTSTK,POWERGRID,25-May-17,202.5,PE,0,0,0,8.35,4.45,0,0,0,0,17-Apr-17
OPTSTK,POWERGRID,25-May-17,205,PE,0,0,0,10.55,5.75,0,0,0,0,17-Apr-17
OPTSTK,POWERGRID,25-May-17,207.5,PE,0,0,0,11.9,7.2,0,0,0,0,17-Apr-17
OPTSTK,POWERGRID,25-May-17,210,PE,0,0,0,13.55,8.85,0,0,0,0,17-Apr-17
OPTSTK,POWERGRID,25-May-17,212.5,PE,0,0,0,15.95,10.7,0,0,0,0,17-Apr-17
OPTSTK,POWERGRID,25-May-17,215,PE,0,0,0,16.9,12.65,0,0,0,0,17-Apr-17
OPTSTK,POWERGRID,25-May-17,217.5,PE,0,0,0,20.4,14.7,0,0,0,0,17-Apr-17
OPTSTK,POWERGRID,25-May-17,220,PE,0,0,0,20.65,16.9,0,0,0,0,17-Apr-17
OPTSTK,POWERGRID,25-May-17,222.5,PE,0,0,0,25.05,19.2,0,0,0,0,17-Apr-17
OPTSTK,POWERGRID,25-May-17,225,PE,0,0,0,24.65,21.5,0,0,0,0,17-Apr-17
OPTSTK,POWERGRID,25-May-17,227.5,PE,0,0,0,29.85,23.9,0,0,0,0,17-Apr-17
OPTSTK,POWERGRID,25-May-17,230,PE,0,0,0,28.85,26.3,0,0,0,0,17-Apr-17
OPTSTK,POWERGRID,25-May-17,232.5,PE,0,0,0,34.75,28.75,0,0,0,0,17-Apr-17
OPTSTK,POWERGRID,25-May-17,235,PE,0,0,0,33.3,31.2,0,0,0,0,17-Apr-17
OPTSTK,POWERGRID,25-May-17,237.5,PE,0,0,0,39.65,33.65,0,0,0,0,17-Apr-17
OPTSTK,POWERGRID,25-May-17,240,PE,0,0,0,37.85,36.1,0,0,0,0,17-Apr-17
OPTSTK,POWERGRID,25-May-17,242.5,PE,0,0,0,44.6,38.6,0,0,0,0,17-Apr-17
OPTSTK,POWERGRID,25-May-17,245,PE,0,0,0,42.5,41.05,0,0,0,0,17-Apr-17
OPTSTK,POWERGRID,25-May-17,247.5,PE,0,0,0,47.85,43.55,0,0,0,0,17-Apr-17
OPTSTK,POWERGRID,25-May-17,250,PE,0,0,0,47.25,46.05,0,0,0,0,17-Apr-17
OPTSTK,POWERGRID,29-Jun-17,145,CE,0,0,0,52.85,59.2,0,0,0,0,17-Apr-17
OPTSTK,POWERGRID,29-Jun-17,147.5,CE,0,0,0,50.4,56.75,0,0,0,0,17-Apr-17
OPTSTK,POWERGRID,29-Jun-17,150,CE,0,0,0,47.95,54.25,0,0,0,0,17-Apr-17
OPTSTK,POWERGRID,29-Jun-17,152.5,CE,0,0,0,45.5,51.8,0,0,0,0,17-Apr-17
OPTSTK,POWERGRID,29-Jun-17,155,CE,0,0,0,43.05,49.3,0,0,0,0,17-Apr-17
OPTSTK,POWERGRID,29-Jun-17,157.5,CE,0,0,0,40.6,46.85,0,0,0,0,17-Apr-17
OPTSTK,POWERGRID,29-Jun-17,160,CE,0,0,0,38.15,44.4,0,0,0,0,17-Apr-17
OPTSTK,POWERGRID,29-Jun-17,162.5,CE,0,0,0,35.7,41.95,0,0,0,0,17-Apr-17
OPTSTK,POWERGRID,29-Jun-17,165,CE,0,0,0,33.3,39.5,0,0,0,0,17-Apr-17
OPTSTK,POWERGRID,29-Jun-17,167.5,CE,0,0,0,30.9,37.05,0,0,0,0,17-Apr-17
OPTSTK,POWERGRID,29-Jun-17,170,CE,0,0,0,28.5,34.6,0,0,0,0,17-Apr-17
OPTSTK,POWERGRID,29-Jun-17,172.5,CE,0,0,0,26.2,32.2,0,0,0,0,17-Apr-17
OPTSTK,POWERGRID,29-Jun-17,175,CE,0,0,0,23.9,29.8,0,0,0,0,17-Apr-17
OPTSTK,POWERGRID,29-Jun-17,177.5,CE,0,0,0,21.7,27.45,0,0,0,0,17-Apr-17
OPTSTK,POWERGRID,29-Jun-17,180,CE,0,0,0,19.55,25.1,0,0,0,0,17-Apr-17
OPTSTK,POWERGRID,29-Jun-17,182.5,CE,0,0,0,17.45,22.85,0,0,0,0,17-Apr-17
OPTSTK,POWERGRID,29-Jun-17,185,CE,0,0,0,15.5,20.65,0,0,0,0,17-Apr-17
OPTSTK,POWERGRID,29-Jun-17,187.5,CE,0,0,0,13.65,18.55,0,0,0,0,17-Apr-17
OPTSTK,POWERGRID,29-Jun-17,190,CE,0,0,0,11.9,16.5,0,0,0,0,17-Apr-17
OPTSTK,POWERGRID,29-Jun-17,192.5,CE,0,0,0,10.3,14.6,0,0,0,0,17-Apr-17
OPTSTK,POWERGRID,29-Jun-17,195,CE,0,0,0,8.85,12.8,0,0,0,0,17-Apr-17
OPTSTK,POWERGRID,29-Jun-17,197.5,CE,0,0,0,7.5,11.15,0,0,0,0,17-Apr-17
OPTSTK,POWERGRID,29-Jun-17,200,CE,0,0,0,6.35,9.6,0,0,0,0,17-Apr-17
OPTSTK,POWERGRID,29-Jun-17,202.5,CE,0,0,0,5.3,8.2,0,0,0,0,17-Apr-17
OPTSTK,POWERGRID,29-Jun-17,205,CE,0,0,0,4.35,6.95,0,0,0,0,17-Apr-17
OPTSTK,POWERGRID,29-Jun-17,207.5,CE,0,0,0,3.6,5.8,0,0,0,0,17-Apr-17
OPTSTK,POWERGRID,29-Jun-17,210,CE,0,0,0,2.9,4.85,0,0,0,0,17-Apr-17
OPTSTK,POWERGRID,29-Jun-17,212.5,CE,0,0,0,2.35,3.95,0,0,0,0,17-Apr-17
OPTSTK,POWERGRID,29-Jun-17,215,CE,0,0,0,1.85,3.25,0,0,0,0,17-Apr-17
OPTSTK,POWERGRID,29-Jun-17,217.5,CE,0,0,0,1.5,2.65,0,0,0,0,17-Apr-17
OPTSTK,POWERGRID,29-Jun-17,220,CE,0,0,0,1.15,2.1,0,0,0,0,17-Apr-17
OPTSTK,POWERGRID,29-Jun-17,222.5,CE,0,0,0,0.9,1.65,0,0,0,0,17-Apr-17
OPTSTK,POWERGRID,29-Jun-17,225,CE,0,0,0,0.7,1.3,0,0,0,0,17-Apr-17
OPTSTK,POWERGRID,29-Jun-17,227.5,CE,0,0,0,0.55,1,0,0,0,0,17-Apr-17
OPTSTK,POWERGRID,29-Jun-17,230,CE,0,0,0,0.4,0.8,0,0,0,0,17-Apr-17
OPTSTK,POWERGRID,29-Jun-17,232.5,CE,0,0,0,0.3,0.6,0,0,0,0,17-Apr-17
OPTSTK,POWERGRID,29-Jun-17,235,CE,0,0,0,0.25,0.45,0,0,0,0,17-Apr-17
OPTSTK,POWERGRID,29-Jun-17,237.5,CE,0,0,0,0.2,0.35,0,0,0,0,17-Apr-17
OPTSTK,POWERGRID,29-Jun-17,240,CE,0,0,0,0.15,0.25,0,0,0,0,17-Apr-17
OPTSTK,POWERGRID,29-Jun-17,242.5,CE,0,0,0,0.1,0.2,0,0,0,0,17-Apr-17
OPTSTK,POWERGRID,29-Jun-17,245,CE,0,0,0,0.1,0.15,0,0,0,0,17-Apr-17
OPTSTK,POWERGRID,29-Jun-17,145,PE,0,0,0,0.05,0,0,0,0,0,17-Apr-17
OPTSTK,POWERGRID,29-Jun-17,147.5,PE,0,0,0,0.05,0,0,0,0,0,17-Apr-17
OPTSTK,POWERGRID,29-Jun-17,150,PE,0,0,0,0.05,0,0,0,0,0,17-Apr-17
OPTSTK,POWERGRID,29-Jun-17,152.5,PE,0,0,0,0.05,0,0,0,0,0,17-Apr-17
OPTSTK,POWERGRID,29-Jun-17,155,PE,0,0,0,0.05,0,0,0,0,0,17-Apr-17
OPTSTK,POWERGRID,29-Jun-17,157.5,PE,0,0,0,0.05,0,0,0,0,0,17-Apr-17
OPTSTK,POWERGRID,29-Jun-17,160,PE,0,0,0,0.05,0.05,0,0,0,0,17-Apr-17
OPTSTK,POWERGRID,29-Jun-17,162.5,PE,0,0,0,0.1,0.05,0,0,0,0,17-Apr-17
OPTSTK,POWERGRID,29-Jun-17,165,PE,0,0,0,0.1,0.05,0,0,0,0,17-Apr-17
OPTSTK,POWERGRID,29-Jun-17,167.5,PE,0,0,0,0.2,0.05,0,0,0,0,17-Apr-17
OPTSTK,POWERGRID,29-Jun-17,170,PE,0,0,0,0.25,0.1,0,0,0,0,17-Apr-17
OPTSTK,POWERGRID,29-Jun-17,172.5,PE,0,0,0,0.4,0.15,0,0,0,0,17-Apr-17
OPTSTK,POWERGRID,29-Jun-17,175,PE,0,0,0,0.55,0.25,0,0,0,0,17-Apr-17
OPTSTK,POWERGRID,29-Jun-17,177.5,PE,0,0,0,0.8,0.35,0,0,0,0,17-Apr-17
OPTSTK,POWERGRID,29-Jun-17,180,PE,0,0,0,1.1,0.5,0,0,0,0,17-Apr-17
OPTSTK,POWERGRID,29-Jun-17,182.5,PE,0,0,0,1.5,0.7,0,0,0,0,17-Apr-17
OPTSTK,POWERGRID,29-Jun-17,185,PE,0,0,0,2,0.95,0,0,0,0,17-Apr-17
OPTSTK,POWERGRID,29-Jun-17,187.5,PE,0,0,0,2.6,1.3,0,0,0,0,17-Apr-17
OPTSTK,POWERGRID,29-Jun-17,190,PE,0,0,0,3.35,1.75,0,0,0,0,17-Apr-17
OPTSTK,POWERGRID,29-Jun-17,192.5,PE,0,0,0,4.2,2.3,0,0,0,0,17-Apr-17
OPTSTK,POWERGRID,29-Jun-17,195,PE,0,0,0,5.2,3,0,0,0,0,17-Apr-17
OPTSTK,POWERGRID,29-Jun-17,197.5,PE,0,0,0,6.3,3.8,0,0,0,0,17-Apr-17
OPTSTK,POWERGRID,29-Jun-17,200,PE,0,0,0,7.6,4.7,0,0,0,0,17-Apr-17
OPTSTK,POWERGRID,29-Jun-17,202.5,PE,0,0,0,9,5.75,0,0,0,0,17-Apr-17
OPTSTK,POWERGRID,29-Jun-17,205,PE,0,0,0,10.55,7,0,0,0,0,17-Apr-17
OPTSTK,POWERGRID,29-Jun-17,207.5,PE,0,0,0,12.2,8.35,0,0,0,0,17-Apr-17
OPTSTK,POWERGRID,29-Jun-17,210,PE,0,0,0,14,9.8,0,0,0,0,17-Apr-17
OPTSTK,POWERGRID,29-Jun-17,212.5,PE,0,0,0,15.9,11.45,0,0,0,0,17-Apr-17
OPTSTK,POWERGRID,29-Jun-17,215,PE,0,0,0,17.85,13.15,0,0,0,0,17-Apr-17
OPTSTK,POWERGRID,29-Jun-17,217.5,PE,0,0,0,19.95,15,0,0,0,0,17-Apr-17
OPTSTK,POWERGRID,29-Jun-17,220,PE,0,0,0,22.1,16.95,0,0,0,0,17-Apr-17
OPTSTK,POWERGRID,29-Jun-17,222.5,PE,0,0,0,24.3,19,0,0,0,0,17-Apr-17
OPTSTK,POWERGRID,29-Jun-17,225,PE,0,0,0,26.55,21.1,0,0,0,0,17-Apr-17
OPTSTK,POWERGRID,29-Jun-17,227.5,PE,0,0,0,28.85,23.3,0,0,0,0,17-Apr-17
OPTSTK,POWERGRID,29-Jun-17,230,PE,0,0,0,31.15,25.5,0,0,0,0,17-Apr-17
OPTSTK,POWERGRID,29-Jun-17,232.5,PE,0,0,0,33.5,27.8,0,0,0,0,17-Apr-17
OPTSTK,POWERGRID,29-Jun-17,235,PE,0,0,0,35.9,30.15,0,0,0,0,17-Apr-17
OPTSTK,POWERGRID,29-Jun-17,237.5,PE,0,0,0,38.3,32.5,0,0,0,0,17-Apr-17
OPTSTK,POWERGRID,29-Jun-17,240,PE,0,0,0,40.75,34.85,0,0,0,0,17-Apr-17
OPTSTK,POWERGRID,29-Jun-17,242.5,PE,0,0,0,43.15,37.25,0,0,0,0,17-Apr-17
OPTSTK,POWERGRID,29-Jun-17,245,PE,0,0,0,45.6,39.7,0,0,0,0,17-Apr-17
OPTSTK,PTC,27-Apr-17,55,CE,0,0,0,29.95,42.35,0,0,0,0,17-Apr-17
OPTSTK,PTC,27-Apr-17,57.5,CE,0,0,0,27.5,39.85,0,0,0,0,17-Apr-17
OPTSTK,PTC,27-Apr-17,60,CE,0,0,0,25.1,37.35,0,0,0,0,17-Apr-17
OPTSTK,PTC,27-Apr-17,62.5,CE,0,0,0,22.7,34.9,0,0,0,0,17-Apr-17
OPTSTK,PTC,27-Apr-17,65,CE,0,0,0,20.4,32.4,0,0,0,0,17-Apr-17
OPTSTK,PTC,27-Apr-17,67.5,CE,0,0,0,18.15,29.9,0,0,0,0,17-Apr-17
OPTSTK,PTC,27-Apr-17,70,CE,0,0,0,16,27.4,0,0,0,0,17-Apr-17
OPTSTK,PTC,27-Apr-17,72.5,CE,0,0,0,13.95,24.9,0,0,0,0,17-Apr-17
OPTSTK,PTC,27-Apr-17,75,CE,0,0,0,27.4,22.4,0,0,8000,0,17-Apr-17
OPTSTK,PTC,27-Apr-17,77.5,CE,0,0,0,10.3,19.9,0,0,0,0,17-Apr-17
OPTSTK,PTC,27-Apr-17,80,CE,0,0,0,18,17.4,0,0,8000,0,17-Apr-17
OPTSTK,PTC,27-Apr-17,82.5,CE,0,0,0,7.15,14.9,0,0,32000,0,17-Apr-17
OPTSTK,PTC,27-Apr-17,85,CE,0,0,0,5.45,12.4,0,0,8000,0,17-Apr-17
OPTSTK,PTC,27-Apr-17,87.5,CE,0,0,0,11.2,9.95,0,0,8000,0,17-Apr-17
OPTSTK,PTC,27-Apr-17,90,CE,0,0,0,7.2,7.5,0,0,216000,0,17-Apr-17
OPTSTK,PTC,27-Apr-17,92.5,CE,0,0,0,6,5.2,0,0,40000,0,17-Apr-17
OPTSTK,PTC,27-Apr-17,95,CE,4.4,6.15,3.45,3.6,3.6,22,175.95,264000,-32000,17-Apr-17
OPTSTK,PTC,27-Apr-17,97.5,CE,2.9,3.7,2.3,2.4,2.4,9,72.14,264000,24000,17-Apr-17
OPTSTK,PTC,27-Apr-17,100,CE,1.65,3.2,1.35,1.45,1.45,118,965.53,936000,-128000,17-Apr-17
OPTSTK,PTC,27-Apr-17,102.5,CE,1.9,2.2,0.85,0.85,0.85,20,166.36,160000,56000,17-Apr-17
OPTSTK,PTC,27-Apr-17,105,CE,1.15,1.6,0.45,0.55,0.55,44,372.97,400000,64000,17-Apr-17
OPTSTK,PTC,27-Apr-17,107.5,CE,0,0,0,0.6,0.05,0,0,48000,0,17-Apr-17
OPTSTK,PTC,27-Apr-17,110,CE,0.4,0.6,0.25,0.3,0.3,7,61.82,192000,40000,17-Apr-17
OPTSTK,PTC,27-Apr-17,112.5,CE,0,0,0,0.2,0,0,0,16000,0,17-Apr-17
OPTSTK,PTC,27-Apr-17,115,CE,0.2,0.2,0.2,0.2,0.2,7,64.51,56000,56000,17-Apr-17
OPTSTK,PTC,27-Apr-17,55,PE,0,0,0,0.05,0,0,0,0,0,17-Apr-17
OPTSTK,PTC,27-Apr-17,57.5,PE,0,0,0,0.05,0,0,0,0,0,17-Apr-17
OPTSTK,PTC,27-Apr-17,60,PE,0,0,0,0.1,0,0,0,0,0,17-Apr-17
OPTSTK,PTC,27-Apr-17,62.5,PE,0,0,0,0.2,0,0,0,0,0,17-Apr-17
OPTSTK,PTC,27-Apr-17,65,PE,0,0,0,0.35,0,0,0,0,0,17-Apr-17
OPTSTK,PTC,27-Apr-17,67.5,PE,0,0,0,0.55,0,0,0,0,0,17-Apr-17
OPTSTK,PTC,27-Apr-17,70,PE,0,0,0,0.2,0,0,0,112000,0,17-Apr-17
OPTSTK,PTC,27-Apr-17,72.5,PE,0,0,0,1.25,0,0,0,0,0,17-Apr-17
OPTSTK,PTC,27-Apr-17,75,PE,0,0,0,1.8,0,0,0,0,0,17-Apr-17
OPTSTK,PTC,27-Apr-17,77.5,PE,0,0,0,0.1,0,0,0,40000,0,17-Apr-17
OPTSTK,PTC,27-Apr-17,80,PE,0,0,0,0.1,0,0,0,56000,0,17-Apr-17
OPTSTK,PTC,27-Apr-17,82.5,PE,0,0,0,0.4,0,0,0,16000,0,17-Apr-17
OPTSTK,PTC,27-Apr-17,85,PE,0,0,0,0.15,0,0,0,168000,0,17-Apr-17
OPTSTK,PTC,27-Apr-17,87.5,PE,0,0,0,0.5,0.05,0,0,240000,0,17-Apr-17
OPTSTK,PTC,27-Apr-17,90,PE,0.2,0.4,0.2,0.35,0.35,11,79.48,360000,-8000,17-Apr-17
OPTSTK,PTC,27-Apr-17,92.5,PE,0.8,0.8,0.5,0.7,0.7,14,104.26,184000,40000,17-Apr-17
OPTSTK,PTC,27-Apr-17,95,PE,1.4,1.4,0.95,1,1,128,984.44,1032000,392000,17-Apr-17
OPTSTK,PTC,27-Apr-17,97.5,PE,2.35,2.4,1.65,2.2,2.2,6,47.76,88000,16000,17-Apr-17
OPTSTK,PTC,27-Apr-17,100,PE,2.75,3.75,2.75,3.7,3.7,7,57.82,56000,40000,17-Apr-17
OPTSTK,PTC,27-Apr-17,102.5,PE,0,0,0,18.05,5.4,0,0,0,0,17-Apr-17
OPTSTK,PTC,27-Apr-17,105,PE,0,0,0,20.2,7.7,0,0,0,0,17-Apr-17
OPTSTK,PTC,27-Apr-17,107.5,PE,0,0,0,22.45,10.1,0,0,0,0,17-Apr-17
OPTSTK,PTC,27-Apr-17,110,PE,0,0,0,24.75,12.6,0,0,0,0,17-Apr-17
OPTSTK,PTC,27-Apr-17,112.5,PE,0,0,0,27.05,15.1,0,0,0,0,17-Apr-17
OPTSTK,PTC,27-Apr-17,115,PE,0,0,0,29.45,17.55,0,0,0,0,17-Apr-17
OPTSTK,PTC,25-May-17,60,CE,0,0,0,30.6,37.65,0,0,0,0,17-Apr-17
OPTSTK,PTC,25-May-17,62.5,CE,0,0,0,28.25,35.2,0,0,0,0,17-Apr-17
OPTSTK,PTC,25-May-17,65,CE,0,0,0,25.95,32.7,0,0,0,0,17-Apr-17
OPTSTK,PTC,25-May-17,67.5,CE,0,0,0,23.7,30.25,0,0,0,0,17-Apr-17
OPTSTK,PTC,25-May-17,70,CE,0,0,0,21.55,27.75,0,0,0,0,17-Apr-17
OPTSTK,PTC,25-May-17,72.5,CE,0,0,0,19.5,25.25,0,0,0,0,17-Apr-17
OPTSTK,PTC,25-May-17,75,CE,0,0,0,17.5,22.8,0,0,0,0,17-Apr-17
OPTSTK,PTC,25-May-17,77.5,CE,0,0,0,15.65,20.3,0,0,0,0,17-Apr-17
OPTSTK,PTC,25-May-17,80,CE,0,0,0,13.9,17.85,0,0,0,0,17-Apr-17
OPTSTK,PTC,25-May-17,82.5,CE,0,0,0,12.3,15.4,0,0,0,0,17-Apr-17
OPTSTK,PTC,25-May-17,85,CE,0,0,0,10.8,13.05,0,0,0,0,17-Apr-17
OPTSTK,PTC,25-May-17,87.5,CE,0,0,0,9.45,10.75,0,0,0,0,17-Apr-17
OPTSTK,PTC,25-May-17,90,CE,0,0,0,8.2,8.65,0,0,0,0,17-Apr-17
OPTSTK,PTC,25-May-17,92.5,CE,0,0,0,7.1,6.75,0,0,0,0,17-Apr-17
OPTSTK,PTC,25-May-17,95,CE,0,0,0,6.15,5.1,0,0,0,0,17-Apr-17
OPTSTK,PTC,25-May-17,97.5,CE,0,0,0,5.25,3.7,0,0,0,0,17-Apr-17
OPTSTK,PTC,25-May-17,100,CE,0,0,0,4.5,2.6,0,0,0,0,17-Apr-17
OPTSTK,PTC,25-May-17,102.5,CE,0,0,0,4,1.75,0,0,8000,0,17-Apr-17
OPTSTK,PTC,25-May-17,105,CE,0,0,0,3.25,1.15,0,0,0,0,17-Apr-17
OPTSTK,PTC,25-May-17,107.5,CE,0,0,0,2.75,0.7,0,0,0,0,17-Apr-17
OPTSTK,PTC,25-May-17,110,CE,0,0,0,1.5,0.45,0,0,16000,0,17-Apr-17
OPTSTK,PTC,25-May-17,112.5,CE,0,0,0,1.9,0.25,0,0,0,0,17-Apr-17
OPTSTK,PTC,25-May-17,115,CE,0,0,0,1.6,0.15,0,0,0,0,17-Apr-17
OPTSTK,PTC,25-May-17,60,PE,0,0,0,0.2,0,0,0,0,0,17-Apr-17
OPTSTK,PTC,25-May-17,62.5,PE,0,0,0,0.3,0,0,0,0,0,17-Apr-17
OPTSTK,PTC,25-May-17,65,PE,0,0,0,0.45,0,0,0,0,0,17-Apr-17
OPTSTK,PTC,25-May-17,67.5,PE,0,0,0,0.7,0,0,0,0,0,17-Apr-17
OPTSTK,PTC,25-May-17,70,PE,0,0,0,1,0,0,0,0,0,17-Apr-17
OPTSTK,PTC,25-May-17,72.5,PE,0,0,0,1.4,0,0,0,0,0,17-Apr-17
OPTSTK,PTC,25-May-17,75,PE,0,0,0,1.9,0,0,0,0,0,17-Apr-17
OPTSTK,PTC,25-May-17,77.5,PE,0,0,0,2.5,0.05,0,0,0,0,17-Apr-17
OPTSTK,PTC,25-May-17,80,PE,0,0,0,3.2,0.05,0,0,0,0,17-Apr-17
OPTSTK,PTC,25-May-17,82.5,PE,0,0,0,4.05,0.1,0,0,0,0,17-Apr-17
OPTSTK,PTC,25-May-17,85,PE,0,0,0,5.05,0.2,0,0,0,0,17-Apr-17
OPTSTK,PTC,25-May-17,87.5,PE,0,0,0,6.15,0.45,0,0,0,0,17-Apr-17
OPTSTK,PTC,25-May-17,90,PE,0,0,0,2.45,0.8,0,0,8000,0,17-Apr-17
OPTSTK,PTC,25-May-17,92.5,PE,0,0,0,8.7,1.35,0,0,0,0,17-Apr-17
OPTSTK,PTC,25-May-17,95,PE,0,0,0,10.2,2.2,0,0,0,0,17-Apr-17
OPTSTK,PTC,25-May-17,97.5,PE,0,0,0,11.8,3.3,0,0,0,0,17-Apr-17
OPTSTK,PTC,25-May-17,100,PE,0,0,0,13.45,4.65,0,0,0,0,17-Apr-17
OPTSTK,PTC,25-May-17,102.5,PE,0,0,0,15.25,6.3,0,0,0,0,17-Apr-17
OPTSTK,PTC,25-May-17,105,PE,0,0,0,17.15,8.2,0,0,0,0,17-Apr-17
OPTSTK,PTC,25-May-17,107.5,PE,0,0,0,19.1,10.25,0,0,0,0,17-Apr-17
OPTSTK,PTC,25-May-17,110,PE,0,0,0,21.1,12.45,0,0,0,0,17-Apr-17
OPTSTK,PTC,25-May-17,112.5,PE,0,0,0,23.2,14.75,0,0,0,0,17-Apr-17
OPTSTK,PTC,25-May-17,115,PE,0,0,0,25.35,17.15,0,0,0,0,17-Apr-17
OPTSTK,PTC,29-Jun-17,60,CE,0,0,0,32.9,38.05,0,0,0,0,17-Apr-17
OPTSTK,PTC,29-Jun-17,62.5,CE,0,0,0,30.45,35.6,0,0,0,0,17-Apr-17
OPTSTK,PTC,29-Jun-17,65,CE,0,0,0,28.05,33.1,0,0,0,0,17-Apr-17
OPTSTK,PTC,29-Jun-17,67.5,CE,0,0,0,25.6,30.65,0,0,0,0,17-Apr-17
OPTSTK,PTC,29-Jun-17,70,CE,0,0,0,23.25,28.2,0,0,0,0,17-Apr-17
OPTSTK,PTC,29-Jun-17,72.5,CE,0,0,0,20.9,25.75,0,0,0,0,17-Apr-17
OPTSTK,PTC,29-Jun-17,75,CE,0,0,0,18.65,23.3,0,0,0,0,17-Apr-17
OPTSTK,PTC,29-Jun-17,77.5,CE,0,0,0,16.45,20.9,0,0,0,0,17-Apr-17
OPTSTK,PTC,29-Jun-17,80,CE,0,0,0,14.4,18.5,0,0,0,0,17-Apr-17
OPTSTK,PTC,29-Jun-17,82.5,CE,0,0,0,12.45,16.2,0,0,0,0,17-Apr-17
OPTSTK,PTC,29-Jun-17,85,CE,0,0,0,10.65,14,0,0,0,0,17-Apr-17
OPTSTK,PTC,29-Jun-17,87.5,CE,0,0,0,9,11.95,0,0,0,0,17-Apr-17
OPTSTK,PTC,29-Jun-17,90,CE,0,0,0,7.5,10,0,0,0,0,17-Apr-17
OPTSTK,PTC,29-Jun-17,92.5,CE,0,0,0,6.2,8.25,0,0,0,0,17-Apr-17
OPTSTK,PTC,29-Jun-17,95,CE,0,0,0,5.1,6.7,0,0,0,0,17-Apr-17
OPTSTK,PTC,29-Jun-17,97.5,CE,0,0,0,4.1,5.35,0,0,0,0,17-Apr-17
OPTSTK,PTC,29-Jun-17,100,CE,0,0,0,3.3,4.2,0,0,0,0,17-Apr-17
OPTSTK,PTC,29-Jun-17,102.5,CE,0,0,0,2.6,3.2,0,0,0,0,17-Apr-17
OPTSTK,PTC,29-Jun-17,105,CE,0,0,0,2.05,2.45,0,0,0,0,17-Apr-17
OPTSTK,PTC,29-Jun-17,107.5,CE,0,0,0,1.6,1.8,0,0,0,0,17-Apr-17
OPTSTK,PTC,29-Jun-17,110,CE,0,0,0,1.25,1.35,0,0,0,0,17-Apr-17
OPTSTK,PTC,29-Jun-17,112.5,CE,0,0,0,0.95,0.95,0,0,0,0,17-Apr-17
OPTSTK,PTC,29-Jun-17,115,CE,0,0,0,0.7,0.7,0,0,0,0,17-Apr-17
OPTSTK,PTC,29-Jun-17,60,PE,0,0,0,0.05,0,0,0,0,0,17-Apr-17
OPTSTK,PTC,29-Jun-17,62.5,PE,0,0,0,0.05,0,0,0,0,0,17-Apr-17
OPTSTK,PTC,29-Jun-17,65,PE,0,0,0,0.05,0,0,0,0,0,17-Apr-17
OPTSTK,PTC,29-Jun-17,67.5,PE,0,0,0,0.1,0,0,0,0,0,17-Apr-17
OPTSTK,PTC,29-Jun-17,70,PE,0,0,0,0.2,0.05,0,0,0,0,17-Apr-17
OPTSTK,PTC,29-Jun-17,72.5,PE,0,0,0,0.3,0.05,0,0,0,0,17-Apr-17
OPTSTK,PTC,29-Jun-17,75,PE,0,0,0,0.5,0.05,0,0,0,0,17-Apr-17
OPTSTK,PTC,29-Jun-17,77.5,PE,0,0,0,0.75,0.15,0,0,0,0,17-Apr-17
OPTSTK,PTC,29-Jun-17,80,PE,0,0,0,1.15,0.25,0,0,0,0,17-Apr-17
OPTSTK,PTC,29-Jun-17,82.5,PE,0,0,0,1.65,0.4,0,0,0,0,17-Apr-17
OPTSTK,PTC,29-Jun-17,85,PE,0,0,0,2.35,0.65,0,0,0,0,17-Apr-17
OPTSTK,PTC,29-Jun-17,87.5,PE,0,0,0,3.15,1.05,0,0,0,0,17-Apr-17
OPTSTK,PTC,29-Jun-17,90,PE,0,0,0,4.15,1.6,0,0,0,0,17-Apr-17
OPTSTK,PTC,29-Jun-17,92.5,PE,0,0,0,5.3,2.3,0,0,0,0,17-Apr-17
OPTSTK,PTC,29-Jun-17,95,PE,0,0,0,6.6,3.2,0,0,0,0,17-Apr-17
OPTSTK,PTC,29-Jun-17,97.5,PE,0,0,0,8.1,4.3,0,0,0,0,17-Apr-17
OPTSTK,PTC,29-Jun-17,100,PE,0,0,0,9.75,5.65,0,0,0,0,17-Apr-17
OPTSTK,PTC,29-Jun-17,102.5,PE,0,0,0,11.5,7.15,0,0,0,0,17-Apr-17
OPTSTK,PTC,29-Jun-17,105,PE,0,0,0,13.4,8.85,0,0,0,0,17-Apr-17
OPTSTK,PTC,29-Jun-17,107.5,PE,0,0,0,15.4,10.7,0,0,0,0,17-Apr-17
OPTSTK,PTC,29-Jun-17,110,PE,0,0,0,17.5,12.65,0,0,0,0,17-Apr-17
OPTSTK,PTC,29-Jun-17,112.5,PE,0,0,0,19.7,14.75,0,0,0,0,17-Apr-17
OPTSTK,PTC,29-Jun-17,115,PE,0,0,0,21.9,16.95,0,0,0,0,17-Apr-17
OPTSTK,PVR,27-Apr-17,1100,CE,0,0,0,322.55,483.65,0,0,0,0,17-Apr-17
OPTSTK,PVR,27-Apr-17,1150,CE,0,0,0,272.85,433.7,0,0,0,0,17-Apr-17
OPTSTK,PVR,27-Apr-17,1200,CE,0,0,0,223.35,383.8,0,0,0,0,17-Apr-17
OPTSTK,PVR,27-Apr-17,1250,CE,0,0,0,174.85,333.9,0,0,0,0,17-Apr-17
OPTSTK,PVR,27-Apr-17,1300,CE,0,0,0,128.8,284,0,0,0,0,17-Apr-17
OPTSTK,PVR,27-Apr-17,1350,CE,0,0,0,87.85,234.1,0,0,0,0,17-Apr-17
OPTSTK,PVR,27-Apr-17,1400,CE,0,0,0,54.65,184.4,0,0,0,0,17-Apr-17
OPTSTK,PVR,27-Apr-17,1450,CE,0,0,0,127,135.75,0,0,2000,0,17-Apr-17
OPTSTK,PVR,27-Apr-17,1500,CE,95,95,95,95,95,2,12.76,800,-800,17-Apr-17
OPTSTK,PVR,27-Apr-17,1550,CE,60,66.15,57.75,63.35,63.35,9,58.07,4800,-400,17-Apr-17
OPTSTK,PVR,27-Apr-17,1600,CE,41,48.8,31.5,39.05,39.05,45,295.32,33600,3200,17-Apr-17
OPTSTK,PVR,27-Apr-17,1650,CE,24.5,25,22.1,22.1,22.1,4,26.78,1600,800,17-Apr-17
OPTSTK,PVR,27-Apr-17,1700,CE,11.65,14.25,10,13,13,7,47.94,12400,2400,17-Apr-17
OPTSTK,PVR,27-Apr-17,1750,CE,3.75,5.3,3.75,5.3,5.3,2,14.03,4800,400,17-Apr-17
OPTSTK,PVR,27-Apr-17,1800,CE,4,4,4,4,4,1,7.21,4800,0,17-Apr-17
OPTSTK,PVR,27-Apr-17,1850,CE,0,0,0,0.05,0.05,0,0,0,0,17-Apr-17
OPTSTK,PVR,27-Apr-17,1900,CE,0,0,0,0.05,0.05,0,0,0,0,17-Apr-17
OPTSTK,PVR,27-Apr-17,1100,PE,0,0,0,0.05,0,0,0,0,0,17-Apr-17
OPTSTK,PVR,27-Apr-17,1150,PE,0,0,0,0.05,0,0,0,0,0,17-Apr-17
OPTSTK,PVR,27-Apr-17,1200,PE,0,0,0,0.35,0,0,0,0,0,17-Apr-17
OPTSTK,PVR,27-Apr-17,1250,PE,0,0,0,3.95,0,0,0,1600,0,17-Apr-17
OPTSTK,PVR,27-Apr-17,1300,PE,0,0,0,6,0,0,0,400,0,17-Apr-17
OPTSTK,PVR,27-Apr-17,1350,PE,0,0,0,14.1,0.05,0,0,0,0,17-Apr-17
OPTSTK,PVR,27-Apr-17,1400,PE,0,0,0,10.95,0.25,0,0,1600,0,17-Apr-17
OPTSTK,PVR,27-Apr-17,1450,PE,0,0,0,9.1,1.55,0,0,800,0,17-Apr-17
OPTSTK,PVR,27-Apr-17,1500,PE,0,0,0,21.8,6.25,0,0,4000,0,17-Apr-17
OPTSTK,PVR,27-Apr-17,1550,PE,29,29,18,18,18,4,25.17,1600,400,17-Apr-17
OPTSTK,PVR,27-Apr-17,1600,PE,42.85,48,42.85,48,48,2,13.16,800,400,17-Apr-17
OPTSTK,PVR,27-Apr-17,1650,PE,0,0,0,225.8,76.2,0,0,0,0,17-Apr-17
OPTSTK,PVR,27-Apr-17,1700,PE,0,0,0,274.85,119,0,0,0,0,17-Apr-17
OPTSTK,PVR,27-Apr-17,1750,PE,0,0,0,324.4,166.25,0,0,0,0,17-Apr-17
OPTSTK,PVR,27-Apr-17,1800,PE,0,0,0,374.05,215.4,0,0,0,0,17-Apr-17
OPTSTK,PVR,27-Apr-17,1850,PE,0,0,0,423.8,265.15,0,0,0,0,17-Apr-17
OPTSTK,PVR,27-Apr-17,1900,PE,0,0,0,473.55,315,0,0,0,0,17-Apr-17
OPTSTK,PVR,25-May-17,1100,CE,0,0,0,328.5,489.15,0,0,0,0,17-Apr-17
OPTSTK,PVR,25-May-17,1150,CE,0,0,0,279.65,439.5,0,0,0,0,17-Apr-17
OPTSTK,PVR,25-May-17,1200,CE,0,0,0,231.9,389.95,0,0,0,0,17-Apr-17
OPTSTK,PVR,25-May-17,1250,CE,0,0,0,186.2,340.6,0,0,0,0,17-Apr-17
OPTSTK,PVR,25-May-17,1300,CE,0,0,0,144,291.8,0,0,0,0,17-Apr-17
OPTSTK,PVR,25-May-17,1350,CE,0,0,0,106.7,244.2,0,0,0,0,17-Apr-17
OPTSTK,PVR,25-May-17,1400,CE,0,0,0,75.55,198.75,0,0,0,0,17-Apr-17
OPTSTK,PVR,25-May-17,1450,CE,0,0,0,50.95,156.65,0,0,0,0,17-Apr-17
OPTSTK,PVR,25-May-17,1500,CE,0,0,0,32.7,119.05,0,0,0,0,17-Apr-17
OPTSTK,PVR,25-May-17,1550,CE,0,0,0,20,87.05,0,0,0,0,17-Apr-17
OPTSTK,PVR,25-May-17,1600,CE,0,0,0,11.65,61.1,0,0,0,0,17-Apr-17
OPTSTK,PVR,25-May-17,1650,CE,0,0,0,6.5,41.15,0,0,0,0,17-Apr-17
OPTSTK,PVR,25-May-17,1700,CE,0,0,0,3.45,26.6,0,0,0,0,17-Apr-17
OPTSTK,PVR,25-May-17,1750,CE,0,0,0,1.75,16.45,0,0,0,0,17-Apr-17
OPTSTK,PVR,25-May-17,1800,CE,0,0,0,0.85,9.8,0,0,0,0,17-Apr-17
OPTSTK,PVR,25-May-17,1850,CE,0,0,0,0.4,5.6,0,0,0,0,17-Apr-17
OPTSTK,PVR,25-May-17,1900,CE,0,0,0,0.2,3.1,0,0,0,0,17-Apr-17
OPTSTK,PVR,25-May-17,1100,PE,0,0,0,0.25,0.05,0,0,0,0,17-Apr-17
OPTSTK,PVR,25-May-17,1150,PE,0,0,0,0.9,0.05,0,0,0,0,17-Apr-17
OPTSTK,PVR,25-May-17,1200,PE,0,0,0,2.6,0.15,0,0,0,0,17-Apr-17
OPTSTK,PVR,25-May-17,1250,PE,0,0,0,6.4,0.45,0,0,0,0,17-Apr-17
OPTSTK,PVR,25-May-17,1300,PE,0,0,0,5,1.35,0,0,400,0,17-Apr-17
OPTSTK,PVR,25-May-17,1350,PE,0,0,0,25.95,3.4,0,0,0,0,17-Apr-17
OPTSTK,PVR,25-May-17,1400,PE,0,0,0,44.25,7.6,0,0,0,0,17-Apr-17
OPTSTK,PVR,25-May-17,1450,PE,0,0,0,69.15,15.15,0,0,0,0,17-Apr-17
OPTSTK,PVR,25-May-17,1500,PE,0,0,0,100.4,27.25,0,0,0,0,17-Apr-17
OPTSTK,PVR,25-May-17,1550,PE,0,0,0,137.2,44.9,0,0,0,0,17-Apr-17
OPTSTK,PVR,25-May-17,1600,PE,0,0,0,178.3,68.65,0,0,0,0,17-Apr-17
OPTSTK,PVR,25-May-17,1650,PE,0,0,0,222.65,98.3,0,0,0,0,17-Apr-17
OPTSTK,PVR,25-May-17,1700,PE,0,0,0,269.1,133.45,0,0,0,0,17-Apr-17
OPTSTK,PVR,25-May-17,1750,PE,0,0,0,316.9,172.95,0,0,0,0,17-Apr-17
OPTSTK,PVR,25-May-17,1800,PE,0,0,0,365.5,215.95,0,0,0,0,17-Apr-17
OPTSTK,PVR,25-May-17,1850,PE,0,0,0,414.55,261.45,0,0,0,0,17-Apr-17
OPTSTK,PVR,25-May-17,1900,PE,0,0,0,463.8,308.6,0,0,0,0,17-Apr-17
OPTSTK,PVR,29-Jun-17,1100,CE,0,0,0,336.55,496.15,0,0,0,0,17-Apr-17
OPTSTK,PVR,29-Jun-17,1150,CE,0,0,0,289.25,447.2,0,0,0,0,17-Apr-17
OPTSTK,PVR,29-Jun-17,1200,CE,0,0,0,243.65,398.7,0,0,0,0,17-Apr-17
OPTSTK,PVR,29-Jun-17,1250,CE,0,0,0,200.7,351.1,0,0,0,0,17-Apr-17
OPTSTK,PVR,29-Jun-17,1300,CE,0,0,0,161.3,304.85,0,0,0,0,17-Apr-17
OPTSTK,PVR,29-Jun-17,1350,CE,0,0,0,126.25,260.6,0,0,0,0,17-Apr-17
OPTSTK,PVR,29-Jun-17,1400,CE,0,0,0,96.2,219,0,0,0,0,17-Apr-17
OPTSTK,PVR,29-Jun-17,1450,CE,0,0,0,71.3,180.85,0,0,0,0,17-Apr-17
OPTSTK,PVR,29-Jun-17,1500,CE,0,0,0,51.4,146.45,0,0,0,0,17-Apr-17
OPTSTK,PVR,29-Jun-17,1550,CE,0,0,0,36.05,116.35,0,0,0,0,17-Apr-17
OPTSTK,PVR,29-Jun-17,1600,CE,0,0,0,24.65,90.7,0,0,0,0,17-Apr-17
OPTSTK,PVR,29-Jun-17,1650,CE,0,0,0,16.45,69.3,0,0,0,0,17-Apr-17
OPTSTK,PVR,29-Jun-17,1700,CE,0,0,0,10.7,52,0,0,0,0,17-Apr-17
OPTSTK,PVR,29-Jun-17,1750,CE,0,0,0,6.8,38.35,0,0,0,0,17-Apr-17
OPTSTK,PVR,29-Jun-17,1800,CE,0,0,0,4.25,27.7,0,0,0,0,17-Apr-17
OPTSTK,PVR,29-Jun-17,1850,CE,0,0,0,2.6,19.7,0,0,0,0,17-Apr-17
OPTSTK,PVR,29-Jun-17,1900,CE,0,0,0,1.55,13.8,0,0,0,0,17-Apr-17
OPTSTK,PVR,29-Jun-17,1100,PE,0,0,0,1.35,0.25,0,0,0,0,17-Apr-17
OPTSTK,PVR,29-Jun-17,1150,PE,0,0,0,3.2,0.65,0,0,0,0,17-Apr-17
OPTSTK,PVR,29-Jun-17,1200,PE,0,0,0,6.8,1.5,0,0,0,0,17-Apr-17
OPTSTK,PVR,29-Jun-17,1250,PE,0,0,0,13.05,3.25,0,0,0,0,17-Apr-17
OPTSTK,PVR,29-Jun-17,1300,PE,0,0,0,22.8,6.35,0,0,0,0,17-Apr-17
OPTSTK,PVR,29-Jun-17,1350,PE,0,0,0,36.95,11.45,0,0,0,0,17-Apr-17
OPTSTK,PVR,29-Jun-17,1400,PE,0,0,0,56.05,19.25,0,0,0,0,17-Apr-17
OPTSTK,PVR,29-Jun-17,1450,PE,0,0,0,80.3,30.4,0,0,0,0,17-Apr-17
OPTSTK,PVR,29-Jun-17,1500,PE,0,0,0,109.6,45.35,0,0,0,0,17-Apr-17
OPTSTK,PVR,29-Jun-17,1550,PE,0,0,0,143.45,64.65,0,0,0,0,17-Apr-17
OPTSTK,PVR,29-Jun-17,1600,PE,0,0,0,181.2,88.3,0,0,0,0,17-Apr-17
OPTSTK,PVR,29-Jun-17,1650,PE,0,0,0,222.15,116.3,0,0,0,0,17-Apr-17
OPTSTK,PVR,29-Jun-17,1700,PE,0,0,0,265.6,148.35,0,0,0,0,17-Apr-17
OPTSTK,PVR,29-Jun-17,1750,PE,0,0,0,310.9,184.05,0,0,0,0,17-Apr-17
OPTSTK,PVR,29-Jun-17,1800,PE,0,0,0,357.5,222.75,0,0,0,0,17-Apr-17
OPTSTK,PVR,29-Jun-17,1850,PE,0,0,0,405,264.1,0,0,0,0,17-Apr-17
OPTSTK,PVR,29-Jun-17,1900,PE,0,0,0,453.15,307.55,0,0,0,0,17-Apr-17
OPTSTK,RCOM,27-Apr-17,17.5,CE,0,0,0,13.65,16.75,0,0,0,0,17-Apr-17
OPTSTK,RCOM,27-Apr-17,20,CE,0,0,0,11.2,14.25,0,0,0,0,17-Apr-17
OPTSTK,RCOM,27-Apr-17,22.5,CE,0,0,0,8.85,11.75,0,0,0,0,17-Apr-17
OPTSTK,RCOM,27-Apr-17,25,CE,0,0,0,6.6,9.25,0,0,0,0,17-Apr-17
OPTSTK,RCOM,27-Apr-17,27.5,CE,0,0,0,10.55,6.75,0,0,12000,0,17-Apr-17
OPTSTK,RCOM,27-Apr-17,30,CE,4.7,4.7,4.55,4.55,4.55,6,24.94,132000,72000,17-Apr-17
OPTSTK,RCOM,27-Apr-17,32.5,CE,2.5,2.5,2,2.05,2.05,4,16.63,96000,48000,17-Apr-17
OPTSTK,RCOM,27-Apr-17,35,CE,1.5,1.5,0.6,0.65,0.65,806,3457.03,3948000,2640000,17-Apr-17
OPTSTK,RCOM,27-Apr-17,37.5,CE,0.45,0.5,0.2,0.25,0.25,649,2943.64,5292000,1296000,17-Apr-17
OPTSTK,RCOM,27-Apr-17,40,CE,0.15,0.15,0.1,0.15,0.15,222,1069.05,7416000,-480000,17-Apr-17
OPTSTK,RCOM,27-Apr-17,42.5,CE,0.1,0.1,0.05,0.1,0.1,238,1216.56,5904000,-432000,17-Apr-17
OPTSTK,RCOM,27-Apr-17,45,CE,0.05,0.1,0.05,0.05,0.05,174,940.65,5208000,-96000,17-Apr-17
OPTSTK,RCOM,27-Apr-17,47.5,CE,0.05,0.05,0.05,0.05,0.05,5,28.53,1140000,0,17-Apr-17
OPTSTK,RCOM,27-Apr-17,50,CE,0.05,0.05,0.05,0.05,0.05,19,114.11,4572000,0,17-Apr-17
OPTSTK,RCOM,27-Apr-17,52.5,CE,0,0,0,0.05,0,0,0,324000,0,17-Apr-17
OPTSTK,RCOM,27-Apr-17,55,CE,0,0,0,0.05,0,0,0,468000,0,17-Apr-17
OPTSTK,RCOM,27-Apr-17,17.5,PE,0,0,0,0.05,0,0,0,0,0,17-Apr-17
OPTSTK,RCOM,27-Apr-17,20,PE,0,0,0,0.05,0,0,0,0,0,17-Apr-17
OPTSTK,RCOM,27-Apr-17,22.5,PE,0,0,0,0.1,0,0,0,0,0,17-Apr-17
OPTSTK,RCOM,27-Apr-17,25,PE,0,0,0,0.35,0,0,0,0,0,17-Apr-17
OPTSTK,RCOM,27-Apr-17,27.5,PE,0.05,0.05,0.05,0.05,0.05,3,9.91,84000,36000,17-Apr-17
OPTSTK,RCOM,27-Apr-17,30,PE,0.05,0.15,0.05,0.15,0.15,147,531.32,2196000,228000,17-Apr-17
OPTSTK,RCOM,27-Apr-17,32.5,PE,0.25,0.55,0.2,0.5,0.5,170,669.75,1356000,-396000,17-Apr-17
OPTSTK,RCOM,27-Apr-17,35,PE,0.8,1.65,0.75,1.55,1.55,262,1136.4,2424000,132000,17-Apr-17
OPTSTK,RCOM,27-Apr-17,37.5,PE,2.2,3.6,2.2,3.6,3.6,80,390.25,1272000,-468000,17-Apr-17
OPTSTK,RCOM,27-Apr-17,40,PE,4.7,6.15,4.7,6.15,6.15,9,49.01,984000,-60000,17-Apr-17
OPTSTK,RCOM,27-Apr-17,42.5,PE,0,0,0,4.9,8.25,0,0,228000,0,17-Apr-17
OPTSTK,RCOM,27-Apr-17,45,PE,0,0,0,5.75,10.75,0,0,300000,0,17-Apr-17
OPTSTK,RCOM,27-Apr-17,47.5,PE,0,0,0,9.15,13.25,0,0,36000,0,17-Apr-17
OPTSTK,RCOM,27-Apr-17,50,PE,0,0,0,11.7,15.75,0,0,120000,0,17-Apr-17
OPTSTK,RCOM,27-Apr-17,52.5,PE,0,0,0,13.8,18.25,0,0,12000,0,17-Apr-17
OPTSTK,RCOM,27-Apr-17,55,PE,0,0,0,15.85,20.7,0,0,168000,0,17-Apr-17
OPTSTK,RCOM,25-May-17,17.5,CE,0,0,0,19.7,16.85,0,0,0,0,17-Apr-17
OPTSTK,RCOM,25-May-17,20,CE,0,0,0,17.3,14.35,0,0,0,0,17-Apr-17
OPTSTK,RCOM,25-May-17,22.5,CE,0,0,0,14.9,11.9,0,0,0,0,17-Apr-17
OPTSTK,RCOM,25-May-17,25,CE,0,0,0,12.65,9.45,0,0,0,0,17-Apr-17
OPTSTK,RCOM,25-May-17,27.5,CE,0,0,0,10.55,7.1,0,0,0,0,17-Apr-17
OPTSTK,RCOM,25-May-17,30,CE,0,0,0,8.6,5,0,0,0,0,17-Apr-17
OPTSTK,RCOM,25-May-17,32.5,CE,0,0,0,6.95,3.3,0,0,0,0,17-Apr-17
OPTSTK,RCOM,25-May-17,35,CE,2,2,1.6,1.75,1.75,5,22.07,60000,60000,17-Apr-17
OPTSTK,RCOM,25-May-17,37.5,CE,1.2,1.35,0.9,1,1,26,120.48,336000,144000,17-Apr-17
OPTSTK,RCOM,25-May-17,40,CE,0.9,0.9,0.5,0.55,0.55,25,121.91,252000,156000,17-Apr-17
OPTSTK,RCOM,25-May-17,42.5,CE,0.35,0.35,0.35,0.35,0.35,1,5.14,72000,0,17-Apr-17
OPTSTK,RCOM,25-May-17,45,CE,0.5,0.5,0.25,0.25,0.25,3,16.32,84000,36000,17-Apr-17
OPTSTK,RCOM,25-May-17,47.5,CE,0,0,0,0.25,0.1,0,0,48000,0,17-Apr-17
OPTSTK,RCOM,25-May-17,50,CE,0,0,0,0.2,0.05,0,0,12000,0,17-Apr-17
OPTSTK,RCOM,25-May-17,52.5,CE,0,0,0,0.8,0.05,0,0,0,0,17-Apr-17
OPTSTK,RCOM,25-May-17,55,CE,0,0,0,0.3,0,0,0,204000,0,17-Apr-17
OPTSTK,RCOM,25-May-17,17.5,PE,0,0,0,0.05,0,0,0,0,0,17-Apr-17
OPTSTK,RCOM,25-May-17,20,PE,0,0,0,0.05,0,0,0,0,0,17-Apr-17
OPTSTK,RCOM,25-May-17,22.5,PE,0,0,0,0.15,0.05,0,0,0,0,17-Apr-17
OPTSTK,RCOM,25-May-17,25,PE,0,0,0,0.35,0.05,0,0,0,0,17-Apr-17
OPTSTK,RCOM,25-May-17,27.5,PE,0,0,0,0.7,0.2,0,0,0,0,17-Apr-17
OPTSTK,RCOM,25-May-17,30,PE,0,0,0,1.25,0.6,0,0,0,0,17-Apr-17
OPTSTK,RCOM,25-May-17,32.5,PE,1.1,1.35,1.1,1.35,1.35,2,8.09,24000,24000,17-Apr-17
OPTSTK,RCOM,25-May-17,35,PE,2.1,2.7,2.1,2.7,2.7,7,31.51,96000,36000,17-Apr-17
OPTSTK,RCOM,25-May-17,37.5,PE,3.75,4.25,3.75,4.25,4.25,2,9.96,48000,24000,17-Apr-17
OPTSTK,RCOM,25-May-17,40,PE,0,0,0,2.5,6.15,0,0,12000,0,17-Apr-17
OPTSTK,RCOM,25-May-17,42.5,PE,0,0,0,7.45,8.3,0,0,0,0,17-Apr-17
OPTSTK,RCOM,25-May-17,45,PE,0,0,0,7.75,10.65,0,0,12000,0,17-Apr-17
OPTSTK,RCOM,25-May-17,47.5,PE,0,0,0,11.3,13.05,0,0,0,0,17-Apr-17
OPTSTK,RCOM,25-May-17,50,PE,0,0,0,13.3,15.5,0,0,12000,0,17-Apr-17
OPTSTK,RCOM,25-May-17,52.5,PE,0,0,0,15.6,18,0,0,0,0,17-Apr-17
OPTSTK,RCOM,25-May-17,55,PE,0,0,0,17.85,20.45,0,0,0,0,17-Apr-17
OPTSTK,RCOM,29-Jun-17,17.5,CE,0,0,0,21.05,16.95,0,0,0,0,17-Apr-17
OPTSTK,RCOM,29-Jun-17,20,CE,0,0,0,18.6,14.5,0,0,0,0,17-Apr-17
OPTSTK,RCOM,29-Jun-17,22.5,CE,0,0,0,16.15,12.1,0,0,0,0,17-Apr-17
OPTSTK,RCOM,29-Jun-17,25,CE,0,0,0,13.75,9.75,0,0,0,0,17-Apr-17
OPTSTK,RCOM,29-Jun-17,27.5,CE,0,0,0,11.4,7.65,0,0,0,0,17-Apr-17
OPTSTK,RCOM,29-Jun-17,30,CE,0,0,0,9.2,5.75,0,0,0,0,17-Apr-17
OPTSTK,RCOM,29-Jun-17,32.5,CE,0,0,0,7.2,4.2,0,0,0,0,17-Apr-17
OPTSTK,RCOM,29-Jun-17,35,CE,0,0,0,5.45,2.95,0,0,0,0,17-Apr-17
OPTSTK,RCOM,29-Jun-17,37.5,CE,0,0,0,4.05,2,0,0,0,0,17-Apr-17
OPTSTK,RCOM,29-Jun-17,40,CE,0,0,0,2.9,1.35,0,0,0,0,17-Apr-17
OPTSTK,RCOM,29-Jun-17,42.5,CE,0,0,0,2,0.9,0,0,0,0,17-Apr-17
OPTSTK,RCOM,29-Jun-17,45,CE,0,0,0,1.4,0.55,0,0,0,0,17-Apr-17
OPTSTK,RCOM,29-Jun-17,47.5,CE,0,0,0,0.95,0.35,0,0,0,0,17-Apr-17
OPTSTK,RCOM,29-Jun-17,50,CE,0,0,0,0.6,0.25,0,0,0,0,17-Apr-17
OPTSTK,RCOM,29-Jun-17,52.5,CE,0,0,0,0.4,0.15,0,0,0,0,17-Apr-17
OPTSTK,RCOM,29-Jun-17,55,CE,0,0,0,0.25,0.1,0,0,0,0,17-Apr-17
OPTSTK,RCOM,29-Jun-17,17.5,PE,0,0,0,0.05,0,0,0,0,0,17-Apr-17
OPTSTK,RCOM,29-Jun-17,20,PE,0,0,0,0.05,0.05,0,0,0,0,17-Apr-17
OPTSTK,RCOM,29-Jun-17,22.5,PE,0,0,0,0.05,0.1,0,0,0,0,17-Apr-17
OPTSTK,RCOM,29-Jun-17,25,PE,0,0,0,0.1,0.25,0,0,0,0,17-Apr-17
OPTSTK,RCOM,29-Jun-17,27.5,PE,0,0,0,0.2,0.55,0,0,0,0,17-Apr-17
OPTSTK,RCOM,29-Jun-17,30,PE,0,0,0,0.45,1.15,0,0,0,0,17-Apr-17
OPTSTK,RCOM,29-Jun-17,32.5,PE,0,0,0,0.9,2.05,0,0,0,0,17-Apr-17
OPTSTK,RCOM,29-Jun-17,35,PE,0,0,0,1.65,3.3,0,0,0,0,17-Apr-17
OPTSTK,RCOM,29-Jun-17,37.5,PE,0,0,0,2.65,4.85,0,0,0,0,17-Apr-17
OPTSTK,RCOM,29-Jun-17,40,PE,0,0,0,4,6.65,0,0,0,0,17-Apr-17
OPTSTK,RCOM,29-Jun-17,42.5,PE,0,0,0,5.55,8.65,0,0,0,0,17-Apr-17
OPTSTK,RCOM,29-Jun-17,45,PE,0,0,0,7.4,10.8,0,0,0,0,17-Apr-17
OPTSTK,RCOM,29-Jun-17,47.5,PE,0,0,0,9.4,13.05,0,0,0,0,17-Apr-17
OPTSTK,RCOM,29-Jun-17,50,PE,0,0,0,11.55,15.4,0,0,0,0,17-Apr-17
OPTSTK,RCOM,29-Jun-17,52.5,PE,0,0,0,13.8,17.75,0,0,0,0,17-Apr-17
OPTSTK,RCOM,29-Jun-17,55,PE,0,0,0,16.1,20.2,0,0,0,0,17-Apr-17
OPTSTK,RDEL,27-Apr-17,50,CE,0,0,0,16.3,15.55,0,0,0,0,17-Apr-17
OPTSTK,RDEL,27-Apr-17,52.5,CE,0,0,0,13.9,13.05,0,0,0,0,17-Apr-17
OPTSTK,RDEL,27-Apr-17,55,CE,0,0,0,11.6,10.6,0,0,0,0,17-Apr-17
OPTSTK,RDEL,27-Apr-17,57.5,CE,0,0,0,9.45,8.2,0,0,0,0,17-Apr-17
OPTSTK,RDEL,27-Apr-17,60,CE,5.8,5.8,5.8,5.8,5.8,1,5.92,18000,9000,17-Apr-17
OPTSTK,RDEL,27-Apr-17,62.5,CE,3.8,3.8,3.8,3.8,3.8,1,5.96,9000,9000,17-Apr-17
OPTSTK,RDEL,27-Apr-17,65,CE,1.35,2.35,1.25,2.05,2.05,37,222.3,441000,108000,17-Apr-17
OPTSTK,RDEL,27-Apr-17,67.5,CE,0.65,1.2,0.55,0.95,0.95,65,399.91,999000,108000,17-Apr-17
OPTSTK,RDEL,27-Apr-17,70,CE,0.4,0.9,0.25,0.6,0.6,76,482.27,1863000,9000,17-Apr-17
OPTSTK,RDEL,27-Apr-17,72.5,CE,0.15,0.8,0.15,0.45,0.45,13,85.2,297000,18000,17-Apr-17
OPTSTK,RDEL,27-Apr-17,75,CE,0.15,0.3,0.15,0.2,0.2,37,250.4,918000,-72000,17-Apr-17
OPTSTK,RDEL,27-Apr-17,77.5,CE,0.05,0.1,0.05,0.1,0.1,5,34.9,180000,9000,17-Apr-17
OPTSTK,RDEL,27-Apr-17,80,CE,0,0,0,0.05,0.05,0,0,513000,0,17-Apr-17
OPTSTK,RDEL,27-Apr-17,82.5,CE,0,0,0,0.25,0.05,0,0,45000,0,17-Apr-17
OPTSTK,RDEL,27-Apr-17,50,PE,0,0,0,0.1,0,0,0,9000,0,17-Apr-17
OPTSTK,RDEL,27-Apr-17,52.5,PE,0,0,0,0.2,0.05,0,0,0,0,17-Apr-17
OPTSTK,RDEL,27-Apr-17,55,PE,0.05,0.05,0.05,0.05,0.05,1,4.95,18000,-9000,17-Apr-17
OPTSTK,RDEL,27-Apr-17,57.5,PE,0,0,0,0.2,0.15,0,0,90000,0,17-Apr-17
OPTSTK,RDEL,27-Apr-17,60,PE,0.35,0.35,0.2,0.2,0.2,16,86.75,297000,-18000,17-Apr-17
OPTSTK,RDEL,27-Apr-17,62.5,PE,0.75,0.75,0.45,0.5,0.5,13,73.78,225000,-18000,17-Apr-17
OPTSTK,RDEL,27-Apr-17,65,PE,1.85,1.95,0.95,1.05,1.05,22,131.84,504000,-72000,17-Apr-17
OPTSTK,RDEL,27-Apr-17,67.5,PE,3.3,3.3,3.25,3.25,3.25,4,25.47,243000,-18000,17-Apr-17
OPTSTK,RDEL,27-Apr-17,70,PE,5.95,5.95,5.95,5.95,5.95,6,41.01,144000,0,17-Apr-17
OPTSTK,RDEL,27-Apr-17,72.5,PE,6.8,6.8,6.8,6.8,6.8,3,21.41,27000,27000,17-Apr-17
OPTSTK,RDEL,27-Apr-17,75,PE,0,0,0,9.7,9.55,0,0,0,0,17-Apr-17
OPTSTK,RDEL,27-Apr-17,77.5,PE,0,0,0,11.85,12,0,0,0,0,17-Apr-17
OPTSTK,RDEL,27-Apr-17,80,PE,0,0,0,14.1,14.45,0,0,0,0,17-Apr-17
OPTSTK,RDEL,27-Apr-17,82.5,PE,0,0,0,16.4,16.95,0,0,0,0,17-Apr-17
OPTSTK,RDEL,25-May-17,50,CE,0,0,0,16.85,15.95,0,0,0,0,17-Apr-17
OPTSTK,RDEL,25-May-17,52.5,CE,0,0,0,14.65,13.65,0,0,0,0,17-Apr-17
OPTSTK,RDEL,25-May-17,55,CE,0,0,0,12.55,11.5,0,0,0,0,17-Apr-17
OPTSTK,RDEL,25-May-17,57.5,CE,0,0,0,10.65,9.45,0,0,0,0,17-Apr-17
OPTSTK,RDEL,25-May-17,60,CE,0,0,0,8.9,7.65,0,0,0,0,17-Apr-17
OPTSTK,RDEL,25-May-17,62.5,CE,0,0,0,7.35,6.05,0,0,0,0,17-Apr-17
OPTSTK,RDEL,25-May-17,65,CE,0,0,0,6,4.65,0,0,0,0,17-Apr-17
OPTSTK,RDEL,25-May-17,67.5,CE,2.5,2.5,2.5,2.5,2.5,1,6.3,9000,9000,17-Apr-17
OPTSTK,RDEL,25-May-17,70,CE,0,0,0,3.85,2.65,0,0,0,0,17-Apr-17
OPTSTK,RDEL,25-May-17,72.5,CE,0,0,0,3,1.9,0,0,0,0,17-Apr-17
OPTSTK,RDEL,25-May-17,75,CE,0,0,0,2.35,1.4,0,0,0,0,17-Apr-17
OPTSTK,RDEL,25-May-17,77.5,CE,0,0,0,1.8,0.95,0,0,0,0,17-Apr-17
OPTSTK,RDEL,25-May-17,80,CE,0,0,0,1.4,0.7,0,0,0,0,17-Apr-17
OPTSTK,RDEL,25-May-17,82.5,CE,0,0,0,1.05,0.45,0,0,0,0,17-Apr-17
OPTSTK,RDEL,25-May-17,50,PE,0,0,0,0.4,0.2,0,0,0,0,17-Apr-17
OPTSTK,RDEL,25-May-17,52.5,PE,0,0,0,0.65,0.35,0,0,0,0,17-Apr-17
OPTSTK,RDEL,25-May-17,55,PE,0,0,0,1.05,0.65,0,0,0,0,17-Apr-17
OPTSTK,RDEL,25-May-17,57.5,PE,0,0,0,1.6,1.1,0,0,0,0,17-Apr-17
OPTSTK,RDEL,25-May-17,60,PE,0,0,0,2.35,1.8,0,0,0,0,17-Apr-17
OPTSTK,RDEL,25-May-17,62.5,PE,0,0,0,3.25,2.65,0,0,0,0,17-Apr-17
OPTSTK,RDEL,25-May-17,65,PE,2.5,2.5,2.5,2.5,2.5,1,6.07,9000,9000,17-Apr-17
OPTSTK,RDEL,25-May-17,67.5,PE,0,0,0,5.7,5.15,0,0,0,0,17-Apr-17
OPTSTK,RDEL,25-May-17,70,PE,0,0,0,5,6.7,0,0,9000,0,17-Apr-17
OPTSTK,RDEL,25-May-17,72.5,PE,0,0,0,8.85,8.5,0,0,0,0,17-Apr-17
OPTSTK,RDEL,25-May-17,75,PE,0,0,0,7.5,10.4,0,0,9000,0,17-Apr-17
OPTSTK,RDEL,25-May-17,77.5,PE,0,0,0,12.55,12.5,0,0,0,0,17-Apr-17
OPTSTK,RDEL,25-May-17,80,PE,0,0,0,14.6,14.7,0,0,0,0,17-Apr-17
OPTSTK,RDEL,25-May-17,82.5,PE,0,0,0,16.75,16.95,0,0,0,0,17-Apr-17
OPTSTK,RDEL,29-Jun-17,50,CE,0,0,0,17.65,16.75,0,0,0,0,17-Apr-17
OPTSTK,RDEL,29-Jun-17,52.5,CE,0,0,0,15.6,14.65,0,0,0,0,17-Apr-17
OPTSTK,RDEL,29-Jun-17,55,CE,0,0,0,13.7,12.7,0,0,0,0,17-Apr-17
OPTSTK,RDEL,29-Jun-17,57.5,CE,0,0,0,11.95,10.9,0,0,0,0,17-Apr-17
OPTSTK,RDEL,29-Jun-17,60,CE,0,0,0,10.35,9.25,0,0,0,0,17-Apr-17
OPTSTK,RDEL,29-Jun-17,62.5,CE,0,0,0,8.9,7.75,0,0,0,0,17-Apr-17
OPTSTK,RDEL,29-Jun-17,65,CE,0,0,0,7.6,6.45,0,0,0,0,17-Apr-17
OPTSTK,RDEL,29-Jun-17,67.5,CE,0,0,0,6.45,5.35,0,0,0,0,17-Apr-17
OPTSTK,RDEL,29-Jun-17,70,CE,0,0,0,5.4,4.35,0,0,0,0,17-Apr-17
OPTSTK,RDEL,29-Jun-17,72.5,CE,0,0,0,4.55,3.55,0,0,0,0,17-Apr-17
OPTSTK,RDEL,29-Jun-17,75,CE,0,0,0,3.8,2.85,0,0,0,0,17-Apr-17
OPTSTK,RDEL,29-Jun-17,77.5,CE,0,0,0,3.15,2.3,0,0,0,0,17-Apr-17
OPTSTK,RDEL,29-Jun-17,80,CE,0,0,0,2.6,1.85,0,0,0,0,17-Apr-17
OPTSTK,RDEL,29-Jun-17,82.5,CE,0,0,0,2.15,1.45,0,0,0,0,17-Apr-17
OPTSTK,RDEL,29-Jun-17,50,PE,0,0,0,0.9,0.65,0,0,0,0,17-Apr-17
OPTSTK,RDEL,29-Jun-17,52.5,PE,0,0,0,1.3,1,0,0,0,0,17-Apr-17
OPTSTK,RDEL,29-Jun-17,55,PE,0,0,0,1.85,1.55,0,0,0,0,17-Apr-17
OPTSTK,RDEL,29-Jun-17,57.5,PE,0,0,0,2.55,2.2,0,0,0,0,17-Apr-17
OPTSTK,RDEL,29-Jun-17,60,PE,0,0,0,3.4,3,0,0,0,0,17-Apr-17
OPTSTK,RDEL,29-Jun-17,62.5,PE,0,0,0,4.4,4,0,0,0,0,17-Apr-17
OPTSTK,RDEL,29-Jun-17,65,PE,0,0,0,5.55,5.2,0,0,0,0,17-Apr-17
OPTSTK,RDEL,29-Jun-17,67.5,PE,0,0,0,6.85,6.5,0,0,0,0,17-Apr-17
OPTSTK,RDEL,29-Jun-17,70,PE,0,0,0,8.3,8,0,0,0,0,17-Apr-17
OPTSTK,RDEL,29-Jun-17,72.5,PE,0,0,0,9.9,9.65,0,0,0,0,17-Apr-17
OPTSTK,RDEL,29-Jun-17,75,PE,0,0,0,11.6,11.45,0,0,0,0,17-Apr-17
OPTSTK,RDEL,29-Jun-17,77.5,PE,0,0,0,13.4,13.35,0,0,0,0,17-Apr-17
OPTSTK,RDEL,29-Jun-17,80,PE,0,0,0,15.35,15.35,0,0,0,0,17-Apr-17
OPTSTK,RDEL,29-Jun-17,82.5,PE,0,0,0,17.35,17.45,0,0,0,0,17-Apr-17
OPTSTK,RECLTD,27-Apr-17,85,CE,0,0,0,62.85,116.55,0,0,0,0,17-Apr-17
OPTSTK,RECLTD,27-Apr-17,90,CE,0,0,0,57.95,111.6,0,0,0,0,17-Apr-17
OPTSTK,RECLTD,27-Apr-17,95,CE,0,0,0,53.1,106.6,0,0,0,0,17-Apr-17
OPTSTK,RECLTD,27-Apr-17,100,CE,0,0,0,79.5,101.6,0,0,72000,0,17-Apr-17
OPTSTK,RECLTD,27-Apr-17,105,CE,0,0,0,43.6,96.6,0,0,0,0,17-Apr-17
OPTSTK,RECLTD,27-Apr-17,110,CE,0,0,0,39.05,91.6,0,0,0,0,17-Apr-17
OPTSTK,RECLTD,27-Apr-17,115,CE,0,0,0,34.65,86.6,0,0,0,0,17-Apr-17
OPTSTK,RECLTD,27-Apr-17,120,CE,0,0,0,30.45,81.65,0,0,0,0,17-Apr-17
OPTSTK,RECLTD,27-Apr-17,125,CE,0,0,0,53,76.65,0,0,18000,0,17-Apr-17
OPTSTK,RECLTD,27-Apr-17,130,CE,0,0,0,50.5,71.65,0,0,6000,0,17-Apr-17
OPTSTK,RECLTD,27-Apr-17,135,CE,0,0,0,19.55,66.65,0,0,0,0,17-Apr-17
OPTSTK,RECLTD,27-Apr-17,140,CE,0,0,0,42,61.65,0,0,18000,0,17-Apr-17
OPTSTK,RECLTD,27-Apr-17,145,CE,0,0,0,65,56.7,0,0,36000,0,17-Apr-17
OPTSTK,RECLTD,27-Apr-17,150,CE,53.5,53.5,53.5,53.5,53.5,1,12.21,72000,0,17-Apr-17
OPTSTK,RECLTD,27-Apr-17,155,CE,0,0,0,25.5,46.7,0,0,12000,0,17-Apr-17
OPTSTK,RECLTD,27-Apr-17,160,CE,0,0,0,50,41.8,0,0,60000,0,17-Apr-17
OPTSTK,RECLTD,27-Apr-17,165,CE,0,0,0,23.2,36.9,0,0,36000,0,17-Apr-17
OPTSTK,RECLTD,27-Apr-17,170,CE,42.5,42.5,34.3,34.3,34.3,2,25,258000,-6000,17-Apr-17
OPTSTK,RECLTD,27-Apr-17,175,CE,34.75,34.9,24,24,24,5,62.27,216000,-18000,17-Apr-17
OPTSTK,RECLTD,27-Apr-17,180,CE,32.8,34.6,22.25,22.25,22.25,5,62.28,468000,-18000,17-Apr-17
OPTSTK,RECLTD,27-Apr-17,185,CE,27.95,30.75,16.4,17.9,17.9,15,185.97,486000,-36000,17-Apr-17
OPTSTK,RECLTD,27-Apr-17,190,CE,20.7,25.9,11.25,13.45,13.45,49,614.58,786000,24000,17-Apr-17
OPTSTK,RECLTD,27-Apr-17,195,CE,16.9,21.8,8.15,9.7,9.7,56,703.19,492000,36000,17-Apr-17
OPTSTK,RECLTD,27-Apr-17,200,CE,12.65,17.5,5.4,6.8,6.8,546,6860.55,1644000,-198000,17-Apr-17
OPTSTK,RECLTD,27-Apr-17,205,CE,9.15,13.5,3.55,4.5,4.5,546,6913.05,954000,354000,17-Apr-17
OPTSTK,RECLTD,27-Apr-17,210,CE,5.1,9.8,2.25,2.95,2.95,2381,30665.28,3312000,630000,17-Apr-17
OPTSTK,RECLTD,27-Apr-17,215,CE,3.3,6.85,1.45,1.85,1.85,1753,23009.82,1962000,516000,17-Apr-17
OPTSTK,RECLTD,27-Apr-17,220,CE,2.05,4.75,1,1.25,1.25,2929,39113.09,3618000,1314000,17-Apr-17
OPTSTK,RECLTD,27-Apr-17,225,CE,1.45,3.1,0.6,0.85,0.85,749,10186.25,1146000,546000,17-Apr-17
OPTSTK,RECLTD,27-Apr-17,230,CE,1.1,2.05,0.45,0.6,0.6,931,12913.63,1452000,342000,17-Apr-17
OPTSTK,RECLTD,27-Apr-17,235,CE,0.95,1.35,0.3,0.4,0.4,135,1909.09,306000,168000,17-Apr-17
OPTSTK,RECLTD,27-Apr-17,240,CE,0.6,0.9,0.2,0.25,0.25,327,4719.39,732000,258000,17-Apr-17
OPTSTK,RECLTD,27-Apr-17,85,PE,0,0,0,0.05,0,0,0,0,0,17-Apr-17
OPTSTK,RECLTD,27-Apr-17,90,PE,0,0,0,0.1,0,0,0,0,0,17-Apr-17
OPTSTK,RECLTD,27-Apr-17,95,PE,0,0,0,0.15,0,0,0,0,0,17-Apr-17
OPTSTK,RECLTD,27-Apr-17,100,PE,0,0,0,0.25,0,0,0,0,0,17-Apr-17
OPTSTK,RECLTD,27-Apr-17,105,PE,0,0,0,0.5,0,0,0,0,0,17-Apr-17
OPTSTK,RECLTD,27-Apr-17,110,PE,0,0,0,0.85,0,0,0,0,0,17-Apr-17
OPTSTK,RECLTD,27-Apr-17,115,PE,0,0,0,1.35,0,0,0,0,0,17-Apr-17
OPTSTK,RECLTD,27-Apr-17,120,PE,0,0,0,2.1,0,0,0,0,0,17-Apr-17
OPTSTK,RECLTD,27-Apr-17,125,PE,0,0,0,3.1,0,0,0,0,0,17-Apr-17
OPTSTK,RECLTD,27-Apr-17,130,PE,0,0,0,4.35,0,0,0,0,0,17-Apr-17
OPTSTK,RECLTD,27-Apr-17,135,PE,0,0,0,5.95,0,0,0,0,0,17-Apr-17
OPTSTK,RECLTD,27-Apr-17,140,PE,0,0,0,7.85,0,0,0,0,0,17-Apr-17
OPTSTK,RECLTD,27-Apr-17,145,PE,0,0,0,0.05,0,0,0,36000,0,17-Apr-17
OPTSTK,RECLTD,27-Apr-17,150,PE,0.1,0.1,0.05,0.05,0.05,9,81.04,168000,-6000,17-Apr-17
OPTSTK,RECLTD,27-Apr-17,155,PE,0.1,0.1,0.1,0.1,0.1,2,18.61,42000,0,17-Apr-17
OPTSTK,RECLTD,27-Apr-17,160,PE,0.05,0.15,0.05,0.1,0.1,27,259.35,288000,-60000,17-Apr-17
OPTSTK,RECLTD,27-Apr-17,165,PE,0.1,0.2,0.1,0.15,0.15,28,277.42,204000,6000,17-Apr-17
OPTSTK,RECLTD,27-Apr-17,170,PE,0.15,0.45,0.1,0.2,0.2,88,899,648000,24000,17-Apr-17
OPTSTK,RECLTD,27-Apr-17,175,PE,0.25,0.7,0.15,0.35,0.35,155,1630.97,642000,30000,17-Apr-17
OPTSTK,RECLTD,27-Apr-17,180,PE,0.3,1.15,0.2,0.6,0.6,608,6587.66,1512000,84000,17-Apr-17
OPTSTK,RECLTD,27-Apr-17,185,PE,1,1.8,0.3,1,1,347,3872.3,996000,174000,17-Apr-17
OPTSTK,RECLTD,27-Apr-17,190,PE,1.3,2.8,0.45,1.8,1.8,1422,16352.68,1692000,150000,17-Apr-17
OPTSTK,RECLTD,27-Apr-17,195,PE,1.45,4.55,0.7,2.95,2.95,823,9763.07,1176000,-30000,17-Apr-17
OPTSTK,RECLTD,27-Apr-17,200,PE,2.8,6.75,1.2,4.8,4.8,2100,25708.29,2874000,-198000,17-Apr-17
OPTSTK,RECLTD,27-Apr-17,205,PE,4.5,9.5,2,7.2,7.2,712,8983.8,882000,-72000,17-Apr-17
OPTSTK,RECLTD,27-Apr-17,210,PE,6.35,13.35,3.4,10.5,10.5,490,6357.88,1008000,204000,17-Apr-17
OPTSTK,RECLTD,27-Apr-17,215,PE,8.6,16.9,5.3,15.5,15.5,156,2090.67,774000,210000,17-Apr-17
OPTSTK,RECLTD,27-Apr-17,220,PE,10.75,20.75,8.4,19.85,19.85,21,296.26,252000,30000,17-Apr-17
OPTSTK,RECLTD,27-Apr-17,225,PE,20.2,21.4,20.2,21.4,21.4,4,58.92,12000,12000,17-Apr-17
OPTSTK,RECLTD,27-Apr-17,230,PE,20.7,20.7,16.5,16.5,16.5,4,59.91,156000,6000,17-Apr-17
OPTSTK,RECLTD,27-Apr-17,235,PE,0,0,0,59.9,33.95,0,0,0,0,17-Apr-17
OPTSTK,RECLTD,27-Apr-17,240,PE,0,0,0,58.5,38.65,0,0,0,0,17-Apr-17
OPTSTK,RECLTD,25-May-17,100,CE,0,0,0,60.05,102.1,0,0,0,0,17-Apr-17
OPTSTK,RECLTD,25-May-17,105,CE,0,0,0,55.25,97.15,0,0,0,0,17-Apr-17
OPTSTK,RECLTD,25-May-17,110,CE,0,0,0,50.5,92.15,0,0,0,0,17-Apr-17
OPTSTK,RECLTD,25-May-17,115,CE,0,0,0,45.85,87.2,0,0,0,0,17-Apr-17
OPTSTK,RECLTD,25-May-17,120,CE,0,0,0,41.35,82.3,0,0,0,0,17-Apr-17
OPTSTK,RECLTD,25-May-17,125,CE,0,0,0,37,77.35,0,0,0,0,17-Apr-17
OPTSTK,RECLTD,25-May-17,130,CE,0,0,0,32.85,72.45,0,0,0,0,17-Apr-17
OPTSTK,RECLTD,25-May-17,135,CE,0,0,0,28.95,67.6,0,0,0,0,17-Apr-17
OPTSTK,RECLTD,25-May-17,140,CE,0,0,0,25.3,62.8,0,0,0,0,17-Apr-17
OPTSTK,RECLTD,25-May-17,145,CE,0,0,0,21.95,58.1,0,0,0,0,17-Apr-17
OPTSTK,RECLTD,25-May-17,150,CE,0,0,0,18.9,53.5,0,0,0,0,17-Apr-17
OPTSTK,RECLTD,25-May-17,155,CE,0,0,0,16.15,49,0,0,0,0,17-Apr-17
OPTSTK,RECLTD,25-May-17,160,CE,0,0,0,32,44.65,0,0,6000,0,17-Apr-17
OPTSTK,RECLTD,25-May-17,165,CE,0,0,0,11.55,40.5,0,0,0,0,17-Apr-17
OPTSTK,RECLTD,25-May-17,170,CE,0,0,0,9.65,36.55,0,0,0,0,17-Apr-17
OPTSTK,RECLTD,25-May-17,175,CE,0,0,0,8,32.8,0,0,0,0,17-Apr-17
OPTSTK,RECLTD,25-May-17,180,CE,0,0,0,6.65,29.25,0,0,0,0,17-Apr-17
OPTSTK,RECLTD,25-May-17,185,CE,0,0,0,5.45,25.95,0,0,0,0,17-Apr-17
OPTSTK,RECLTD,25-May-17,190,CE,0,0,0,5.3,22.9,0,0,6000,0,17-Apr-17
OPTSTK,RECLTD,25-May-17,195,CE,0,0,0,5,20.1,0,0,6000,0,17-Apr-17
OPTSTK,RECLTD,25-May-17,200,CE,0,0,0,2.95,17.6,0,0,0,0,17-Apr-17
OPTSTK,RECLTD,25-May-17,205,CE,0,0,0,2.35,15.3,0,0,0,0,17-Apr-17
OPTSTK,RECLTD,25-May-17,210,CE,10.85,12.7,5,6.55,6.55,8,104.41,66000,24000,17-Apr-17
OPTSTK,RECLTD,25-May-17,215,CE,7.8,7.8,7.8,7.8,7.8,1,13.36,24000,6000,17-Apr-17
OPTSTK,RECLTD,25-May-17,220,CE,8,8,3,3,3,4,54.12,48000,12000,17-Apr-17
OPTSTK,RECLTD,25-May-17,225,CE,2.3,2.5,2.3,2.5,2.5,11,150.1,66000,66000,17-Apr-17
OPTSTK,RECLTD,25-May-17,230,CE,4.95,4.95,1.7,2.1,2.1,12,167.72,204000,42000,17-Apr-17
OPTSTK,RECLTD,25-May-17,235,CE,2.5,2.5,2.5,2.5,2.5,1,14.25,6000,6000,17-Apr-17
OPTSTK,RECLTD,25-May-17,240,CE,1.5,1.5,1.5,1.5,1.5,1,14.49,6000,6000,17-Apr-17
OPTSTK,RECLTD,25-May-17,100,PE,0,0,0,0.15,0,0,0,0,0,17-Apr-17
OPTSTK,RECLTD,25-May-17,105,PE,0,0,0,0.25,0,0,0,0,0,17-Apr-17
OPTSTK,RECLTD,25-May-17,110,PE,0,0,0,0.4,0.05,0,0,0,0,17-Apr-17
OPTSTK,RECLTD,25-May-17,115,PE,0,0,0,0.7,0.05,0,0,0,0,17-Apr-17
OPTSTK,RECLTD,25-May-17,120,PE,0,0,0,1.1,0.05,0,0,0,0,17-Apr-17
OPTSTK,RECLTD,25-May-17,125,PE,0,0,0,1.7,0.1,0,0,0,0,17-Apr-17
OPTSTK,RECLTD,25-May-17,130,PE,0,0,0,2.45,0.2,0,0,0,0,17-Apr-17
OPTSTK,RECLTD,25-May-17,135,PE,0,0,0,3.5,0.3,0,0,0,0,17-Apr-17
OPTSTK,RECLTD,25-May-17,140,PE,0,0,0,4.75,0.45,0,0,0,0,17-Apr-17
OPTSTK,RECLTD,25-May-17,145,PE,0,0,0,6.35,0.75,0,0,0,0,17-Apr-17
OPTSTK,RECLTD,25-May-17,150,PE,0,0,0,8.2,1.1,0,0,0,0,17-Apr-17
OPTSTK,RECLTD,25-May-17,155,PE,0,0,0,10.35,1.55,0,0,0,0,17-Apr-17
OPTSTK,RECLTD,25-May-17,160,PE,0.4,0.4,0.4,0.4,0.4,1,9.62,6000,0,17-Apr-17
OPTSTK,RECLTD,25-May-17,165,PE,0,0,0,15.6,3,0,0,0,0,17-Apr-17
OPTSTK,RECLTD,25-May-17,170,PE,0,0,0,3.5,4,0,0,6000,0,17-Apr-17
OPTSTK,RECLTD,25-May-17,175,PE,0,0,0,1.35,5.2,0,0,6000,0,17-Apr-17
OPTSTK,RECLTD,25-May-17,180,PE,1,2.1,1,2,2,5,54.48,18000,18000,17-Apr-17
OPTSTK,RECLTD,25-May-17,185,PE,1.2,3.85,1.2,3.85,3.85,25,281.59,78000,60000,17-Apr-17
OPTSTK,RECLTD,25-May-17,190,PE,2,4,2,3.9,3.9,9,104.57,174000,54000,17-Apr-17
OPTSTK,RECLTD,25-May-17,195,PE,2.7,7.55,2.7,5.6,5.6,10,119.84,348000,0,17-Apr-17
OPTSTK,RECLTD,25-May-17,200,PE,3.9,8.8,3.85,8.8,8.8,33,407.61,96000,60000,17-Apr-17
OPTSTK,RECLTD,25-May-17,205,PE,0,0,0,45.8,17.5,0,0,0,0,17-Apr-17
OPTSTK,RECLTD,25-May-17,210,PE,6.75,15,6.75,15,15,7,92.99,48000,42000,17-Apr-17
OPTSTK,RECLTD,25-May-17,215,PE,0,0,0,54.8,23.55,0,0,0,0,17-Apr-17
OPTSTK,RECLTD,25-May-17,220,PE,12.25,12.25,12.25,12.25,12.25,1,13.93,6000,6000,17-Apr-17
OPTSTK,RECLTD,25-May-17,225,PE,0,0,0,54.75,30.4,0,0,0,0,17-Apr-17
OPTSTK,RECLTD,25-May-17,230,PE,0,0,0,59.5,34.15,0,0,0,0,17-Apr-17
OPTSTK,RECLTD,25-May-17,235,PE,0,0,0,59.2,38,0,0,0,0,17-Apr-17
OPTSTK,RECLTD,25-May-17,240,PE,0,0,0,57.95,42.05,0,0,0,0,17-Apr-17
OPTSTK,RECLTD,29-Jun-17,110,CE,0,0,0,74.15,93.05,0,0,0,0,17-Apr-17
OPTSTK,RECLTD,29-Jun-17,115,CE,0,0,0,69.3,88.25,0,0,0,0,17-Apr-17
OPTSTK,RECLTD,29-Jun-17,120,CE,0,0,0,64.5,83.45,0,0,0,0,17-Apr-17
OPTSTK,RECLTD,29-Jun-17,125,CE,0,0,0,59.7,78.75,0,0,0,0,17-Apr-17
OPTSTK,RECLTD,29-Jun-17,130,CE,0,0,0,55.05,74.15,0,0,0,0,17-Apr-17
OPTSTK,RECLTD,29-Jun-17,135,CE,0,0,0,50.45,69.6,0,0,0,0,17-Apr-17
OPTSTK,RECLTD,29-Jun-17,140,CE,0,0,0,46.05,65.2,0,0,0,0,17-Apr-17
OPTSTK,RECLTD,29-Jun-17,145,CE,0,0,0,41.75,60.85,0,0,0,0,17-Apr-17
OPTSTK,RECLTD,29-Jun-17,150,CE,0,0,0,37.65,56.7,0,0,0,0,17-Apr-17
OPTSTK,RECLTD,29-Jun-17,155,CE,0,0,0,33.75,52.7,0,0,0,0,17-Apr-17
OPTSTK,RECLTD,29-Jun-17,160,CE,0,0,0,30.1,48.8,0,0,0,0,17-Apr-17
OPTSTK,RECLTD,29-Jun-17,165,CE,0,0,0,26.65,45.15,0,0,0,0,17-Apr-17
OPTSTK,RECLTD,29-Jun-17,170,CE,0,0,0,23.5,41.6,0,0,0,0,17-Apr-17
OPTSTK,RECLTD,29-Jun-17,175,CE,0,0,0,20.6,38.25,0,0,0,0,17-Apr-17
OPTSTK,RECLTD,29-Jun-17,180,CE,0,0,0,17.95,35.1,0,0,0,0,17-Apr-17
OPTSTK,RECLTD,29-Jun-17,185,CE,0,0,0,15.55,32.15,0,0,0,0,17-Apr-17
OPTSTK,RECLTD,29-Jun-17,190,CE,0,0,0,13.4,29.35,0,0,0,0,17-Apr-17
OPTSTK,RECLTD,29-Jun-17,195,CE,0,0,0,11.5,26.75,0,0,0,0,17-Apr-17
OPTSTK,RECLTD,29-Jun-17,200,CE,0,0,0,9.8,24.35,0,0,0,0,17-Apr-17
OPTSTK,RECLTD,29-Jun-17,205,CE,0,0,0,8.35,22.1,0,0,0,0,17-Apr-17
OPTSTK,RECLTD,29-Jun-17,210,CE,0,0,0,7.05,20,0,0,0,0,17-Apr-17
OPTSTK,RECLTD,29-Jun-17,215,CE,0,0,0,5.95,18.1,0,0,0,0,17-Apr-17
OPTSTK,RECLTD,29-Jun-17,220,CE,0,0,0,5,16.35,0,0,0,0,17-Apr-17
OPTSTK,RECLTD,29-Jun-17,225,CE,0,0,0,4.15,14.75,0,0,0,0,17-Apr-17
OPTSTK,RECLTD,29-Jun-17,230,CE,0,0,0,3.45,13.25,0,0,0,0,17-Apr-17
OPTSTK,RECLTD,29-Jun-17,235,CE,0,0,0,2.9,11.9,0,0,0,0,17-Apr-17
OPTSTK,RECLTD,29-Jun-17,240,CE,0,0,0,2.4,10.7,0,0,0,0,17-Apr-17
OPTSTK,RECLTD,29-Jun-17,110,PE,0,0,0,0.1,0.2,0,0,0,0,17-Apr-17
OPTSTK,RECLTD,29-Jun-17,115,PE,0,0,0,0.15,0.35,0,0,0,0,17-Apr-17
OPTSTK,RECLTD,29-Jun-17,120,PE,0,0,0,0.25,0.5,0,0,0,0,17-Apr-17
OPTSTK,RECLTD,29-Jun-17,125,PE,0,0,0,0.4,0.75,0,0,0,0,17-Apr-17
OPTSTK,RECLTD,29-Jun-17,130,PE,0,0,0,0.65,1.05,0,0,0,0,17-Apr-17
OPTSTK,RECLTD,29-Jun-17,135,PE,0,0,0,1,1.45,0,0,0,0,17-Apr-17
OPTSTK,RECLTD,29-Jun-17,140,PE,0,0,0,1.45,1.95,0,0,0,0,17-Apr-17
OPTSTK,RECLTD,29-Jun-17,145,PE,0,0,0,2.1,2.6,0,0,0,0,17-Apr-17
OPTSTK,RECLTD,29-Jun-17,150,PE,0,0,0,2.95,3.35,0,0,0,0,17-Apr-17
OPTSTK,RECLTD,29-Jun-17,155,PE,0,0,0,3.95,4.3,0,0,0,0,17-Apr-17
OPTSTK,RECLTD,29-Jun-17,160,PE,0,0,0,5.2,5.35,0,0,0,0,17-Apr-17
OPTSTK,RECLTD,29-Jun-17,165,PE,0,0,0,6.7,6.6,0,0,0,0,17-Apr-17
OPTSTK,RECLTD,29-Jun-17,170,PE,0,0,0,8.45,8,0,0,0,0,17-Apr-17
OPTSTK,RECLTD,29-Jun-17,175,PE,0,0,0,10.45,9.6,0,0,0,0,17-Apr-17
OPTSTK,RECLTD,29-Jun-17,180,PE,0,0,0,12.7,11.4,0,0,0,0,17-Apr-17
OPTSTK,RECLTD,29-Jun-17,185,PE,0,0,0,15.25,13.35,0,0,0,0,17-Apr-17
OPTSTK,RECLTD,29-Jun-17,190,PE,0,0,0,18,15.5,0,0,0,0,17-Apr-17
OPTSTK,RECLTD,29-Jun-17,195,PE,0,0,0,21,17.85,0,0,0,0,17-Apr-17
OPTSTK,RECLTD,29-Jun-17,200,PE,0,0,0,24.25,20.35,0,0,0,0,17-Apr-17
OPTSTK,RECLTD,29-Jun-17,205,PE,0,0,0,27.7,23.05,0,0,0,0,17-Apr-17
OPTSTK,RECLTD,29-Jun-17,210,PE,0,0,0,31.35,25.9,0,0,0,0,17-Apr-17
OPTSTK,RECLTD,29-Jun-17,215,PE,0,0,0,35.15,28.95,0,0,0,0,17-Apr-17
OPTSTK,RECLTD,29-Jun-17,220,PE,0,0,0,39.1,32.1,0,0,0,0,17-Apr-17
OPTSTK,RECLTD,29-Jun-17,225,PE,0,0,0,43.2,35.45,0,0,0,0,17-Apr-17
OPTSTK,RECLTD,29-Jun-17,230,PE,0,0,0,47.45,38.9,0,0,0,0,17-Apr-17
OPTSTK,RECLTD,29-Jun-17,235,PE,0,0,0,51.75,42.5,0,0,0,0,17-Apr-17
OPTSTK,RECLTD,29-Jun-17,240,PE,0,0,0,56.15,46.2,0,0,0,0,17-Apr-17
OPTSTK,RELCAPITAL,27-Apr-17,300,CE,0,0,0,164.1,317.65,0,0,0,0,17-Apr-17
OPTSTK,RELCAPITAL,27-Apr-17,320,CE,0,0,0,144.6,297.7,0,0,0,0,17-Apr-17
OPTSTK,RELCAPITAL,27-Apr-17,340,CE,0,0,0,125.35,277.7,0,0,0,0,17-Apr-17
OPTSTK,RELCAPITAL,27-Apr-17,360,CE,0,0,0,106.6,257.75,0,0,0,0,17-Apr-17
OPTSTK,RELCAPITAL,27-Apr-17,380,CE,0,0,0,88.75,237.8,0,0,0,0,17-Apr-17
OPTSTK,RELCAPITAL,27-Apr-17,400,CE,0,0,0,72.15,217.8,0,0,0,0,17-Apr-17
OPTSTK,RELCAPITAL,27-Apr-17,410,CE,0,0,0,199.45,207.85,0,0,0,0,17-Apr-17
OPTSTK,RELCAPITAL,27-Apr-17,420,CE,0,0,0,57.2,197.85,0,0,0,0,17-Apr-17
OPTSTK,RELCAPITAL,27-Apr-17,430,CE,0,0,0,179.6,187.85,0,0,0,0,17-Apr-17
OPTSTK,RELCAPITAL,27-Apr-17,440,CE,0,0,0,168,177.9,0,0,1500,0,17-Apr-17
OPTSTK,RELCAPITAL,27-Apr-17,450,CE,0,0,0,159.8,167.9,0,0,0,0,17-Apr-17
OPTSTK,RELCAPITAL,27-Apr-17,460,CE,0,0,0,150,157.9,0,0,3000,0,17-Apr-17
OPTSTK,RELCAPITAL,27-Apr-17,470,CE,0,0,0,140.2,147.95,0,0,0,0,17-Apr-17
OPTSTK,RELCAPITAL,27-Apr-17,480,CE,0,0,0,129.3,137.95,0,0,4500,0,17-Apr-17
OPTSTK,RELCAPITAL,27-Apr-17,490,CE,0,0,0,120.9,127.95,0,0,0,0,17-Apr-17
OPTSTK,RELCAPITAL,27-Apr-17,500,CE,0,0,0,124.8,118,0,0,12000,0,17-Apr-17
OPTSTK,RELCAPITAL,27-Apr-17,510,CE,0,0,0,102.25,108,0,0,0,0,17-Apr-17
OPTSTK,RELCAPITAL,27-Apr-17,520,CE,0,0,0,103.5,98.05,0,0,15000,0,17-Apr-17
OPTSTK,RELCAPITAL,27-Apr-17,530,CE,0,0,0,84.55,88.15,0,0,0,0,17-Apr-17
OPTSTK,RELCAPITAL,27-Apr-17,540,CE,0,0,0,87.75,78.3,0,0,25500,0,17-Apr-17
OPTSTK,RELCAPITAL,27-Apr-17,550,CE,0,0,0,68.2,68.55,0,0,0,0,17-Apr-17
OPTSTK,RELCAPITAL,27-Apr-17,560,CE,55.7,55.7,55.7,55.7,55.7,1,9.23,21000,0,17-Apr-17
OPTSTK,RELCAPITAL,27-Apr-17,570,CE,0,0,0,48.85,49.95,0,0,7500,0,17-Apr-17
OPTSTK,RELCAPITAL,27-Apr-17,580,CE,0,0,0,34.15,41.35,0,0,39000,0,17-Apr-17
OPTSTK,RELCAPITAL,27-Apr-17,590,CE,0,0,0,27.35,33.4,0,0,1500,0,17-Apr-17
OPTSTK,RELCAPITAL,27-Apr-17,600,CE,20,29.75,17.25,27.2,27.2,121,1134.88,256500,-64500,17-Apr-17
OPTSTK,RELCAPITAL,27-Apr-17,610,CE,15.4,22.6,13.25,20.85,20.85,260,2444.24,120000,-4500,17-Apr-17
OPTSTK,RELCAPITAL,27-Apr-17,620,CE,8,17.3,8,15.7,15.7,1236,11737.54,1200000,-57000,17-Apr-17
OPTSTK,RELCAPITAL,27-Apr-17,630,CE,8.25,12.5,6.55,11.25,11.25,367,3518.61,340500,9000,17-Apr-17
OPTSTK,RELCAPITAL,27-Apr-17,640,CE,5.45,9,4.5,8.1,8.1,596,5782.58,792000,-42000,17-Apr-17
OPTSTK,RELCAPITAL,27-Apr-17,650,CE,4.2,6.2,3.25,5.6,5.6,195,1914.33,301500,13500,17-Apr-17
OPTSTK,RELCAPITAL,27-Apr-17,660,CE,2.85,4.3,2.1,3.8,3.8,248,2466.7,507000,6000,17-Apr-17
OPTSTK,RELCAPITAL,27-Apr-17,670,CE,2,2.5,1.6,2.5,2.5,7,70.54,46500,6000,17-Apr-17
OPTSTK,RELCAPITAL,27-Apr-17,680,CE,1.4,2.05,1,1.75,1.75,96,981.3,198000,-9000,17-Apr-17
OPTSTK,RELCAPITAL,27-Apr-17,690,CE,0.85,1.3,0.85,1.3,1.3,6,62.19,34500,3000,17-Apr-17
OPTSTK,RELCAPITAL,27-Apr-17,700,CE,0.7,0.9,0.5,0.8,0.8,106,1114.11,466500,27000,17-Apr-17
OPTSTK,RELCAPITAL,27-Apr-17,710,CE,0,0,0,0.6,0.25,0,0,24000,0,17-Apr-17
OPTSTK,RELCAPITAL,27-Apr-17,720,CE,0.25,0.4,0.25,0.4,0.4,14,151.26,102000,-12000,17-Apr-17
OPTSTK,RELCAPITAL,27-Apr-17,300,PE,0,0,0,0.1,0,0,0,0,0,17-Apr-17
OPTSTK,RELCAPITAL,27-Apr-17,320,PE,0,0,0,0.25,0,0,0,0,0,17-Apr-17
OPTSTK,RELCAPITAL,27-Apr-17,340,PE,0,0,0,0.65,0,0,0,0,0,17-Apr-17
OPTSTK,RELCAPITAL,27-Apr-17,360,PE,0,0,0,1.6,0,0,0,0,0,17-Apr-17
OPTSTK,RELCAPITAL,27-Apr-17,380,PE,0,0,0,3.4,0,0,0,0,0,17-Apr-17
OPTSTK,RELCAPITAL,27-Apr-17,400,PE,0,0,0,6.45,0,0,0,0,0,17-Apr-17
OPTSTK,RELCAPITAL,27-Apr-17,410,PE,0,0,0,0.05,0,0,0,0,0,17-Apr-17
OPTSTK,RELCAPITAL,27-Apr-17,420,PE,0,0,0,11.2,0,0,0,0,0,17-Apr-17
OPTSTK,RELCAPITAL,27-Apr-17,430,PE,0,0,0,0.05,0,0,0,0,0,17-Apr-17
OPTSTK,RELCAPITAL,27-Apr-17,440,PE,0,0,0,17.8,0,0,0,0,0,17-Apr-17
OPTSTK,RELCAPITAL,27-Apr-17,450,PE,0,0,0,0.15,0,0,0,0,0,17-Apr-17
OPTSTK,RELCAPITAL,27-Apr-17,460,PE,0,0,0,26.55,0,0,0,0,0,17-Apr-17
OPTSTK,RELCAPITAL,27-Apr-17,470,PE,0,0,0,0.45,0,0,0,0,0,17-Apr-17
OPTSTK,RELCAPITAL,27-Apr-17,480,PE,0,0,0,0.25,0,0,0,4500,0,17-Apr-17
OPTSTK,RELCAPITAL,27-Apr-17,490,PE,0,0,0,1.05,0,0,0,0,0,17-Apr-17
OPTSTK,RELCAPITAL,27-Apr-17,500,PE,0,0,0,0.2,0,0,0,82500,0,17-Apr-17
OPTSTK,RELCAPITAL,27-Apr-17,510,PE,0,0,0,0.65,0.05,0,0,1500,0,17-Apr-17
OPTSTK,RELCAPITAL,27-Apr-17,520,PE,0.25,0.35,0.25,0.3,0.3,20,156.09,108000,7500,17-Apr-17
OPTSTK,RELCAPITAL,27-Apr-17,530,PE,0.1,0.1,0.1,0.1,0.1,1,7.95,4500,1500,17-Apr-17
OPTSTK,RELCAPITAL,27-Apr-17,540,PE,0.6,0.75,0.5,0.55,0.55,53,429.76,150000,-31500,17-Apr-17
OPTSTK,RELCAPITAL,27-Apr-17,550,PE,1.25,1.25,0.65,0.65,0.65,16,132.23,22500,0,17-Apr-17
OPTSTK,RELCAPITAL,27-Apr-17,560,PE,1.85,1.85,1.15,1.3,1.3,116,977.05,243000,36000,17-Apr-17
OPTSTK,RELCAPITAL,27-Apr-17,570,PE,2.7,3.15,1.75,1.85,1.85,27,231.79,42000,-6000,17-Apr-17
OPTSTK,RELCAPITAL,27-Apr-17,580,PE,4.8,5,2.8,3.1,3.1,221,1935.63,280500,-4500,17-Apr-17
OPTSTK,RELCAPITAL,27-Apr-17,590,PE,8.05,8.05,4.2,4.7,4.7,180,1609.37,268500,-28500,17-Apr-17
OPTSTK,RELCAPITAL,27-Apr-17,600,PE,12.3,12.3,6.55,7.05,7.05,626,5721.41,504000,63000,17-Apr-17
OPTSTK,RELCAPITAL,27-Apr-17,610,PE,16.35,16.5,10,10.7,10.7,192,1794.88,144000,30000,17-Apr-17
OPTSTK,RELCAPITAL,27-Apr-17,620,PE,21.2,21.8,14.25,14.95,14.95,240,2299.64,217500,21000,17-Apr-17
OPTSTK,RELCAPITAL,27-Apr-17,630,PE,23.2,23.2,21,21,21,2,19.56,46500,1500,17-Apr-17
OPTSTK,RELCAPITAL,27-Apr-17,640,PE,33,33,26,27,27,4,40.11,24000,-3000,17-Apr-17
OPTSTK,RELCAPITAL,27-Apr-17,650,PE,31.8,31.8,31.8,31.8,31.8,1,10.22,1500,1500,17-Apr-17
OPTSTK,RELCAPITAL,27-Apr-17,660,PE,0,0,0,47.25,45,0,0,3000,0,17-Apr-17
OPTSTK,RELCAPITAL,27-Apr-17,670,PE,0,0,0,69.7,53.8,0,0,0,0,17-Apr-17
OPTSTK,RELCAPITAL,27-Apr-17,680,PE,64.45,64.45,64.45,64.45,64.45,3,33.5,6000,0,17-Apr-17
OPTSTK,RELCAPITAL,27-Apr-17,690,PE,0,0,0,86.1,72.45,0,0,0,0,17-Apr-17
OPTSTK,RELCAPITAL,27-Apr-17,700,PE,77.65,79,77,77.95,77.95,18,210.04,289500,27000,17-Apr-17
OPTSTK,RELCAPITAL,27-Apr-17,710,PE,0,0,0,103.55,91.9,0,0,0,0,17-Apr-17
OPTSTK,RELCAPITAL,27-Apr-17,720,PE,0,0,0,105.05,101.8,0,0,88500,0,17-Apr-17
OPTSTK,RELCAPITAL,25-May-17,320,CE,0,0,0,204.7,299.3,0,0,0,0,17-Apr-17
OPTSTK,RELCAPITAL,25-May-17,340,CE,0,0,0,185.3,279.4,0,0,0,0,17-Apr-17
OPTSTK,RELCAPITAL,25-May-17,360,CE,0,0,0,166.2,259.55,0,0,0,0,17-Apr-17
OPTSTK,RELCAPITAL,25-May-17,380,CE,0,0,0,147.55,239.7,0,0,0,0,17-Apr-17
OPTSTK,RELCAPITAL,25-May-17,400,CE,0,0,0,129.55,219.8,0,0,0,0,17-Apr-17
OPTSTK,RELCAPITAL,25-May-17,410,CE,0,0,0,201.9,209.9,0,0,0,0,17-Apr-17
OPTSTK,RELCAPITAL,25-May-17,420,CE,0,0,0,112.45,199.95,0,0,0,0,17-Apr-17
OPTSTK,RELCAPITAL,25-May-17,430,CE,0,0,0,182.5,190.05,0,0,0,0,17-Apr-17
OPTSTK,RELCAPITAL,25-May-17,440,CE,0,0,0,96.45,180.15,0,0,0,0,17-Apr-17
OPTSTK,RELCAPITAL,25-May-17,450,CE,0,0,0,163.45,170.25,0,0,0,0,17-Apr-17
OPTSTK,RELCAPITAL,25-May-17,460,CE,0,0,0,81.7,160.4,0,0,0,0,17-Apr-17
OPTSTK,RELCAPITAL,25-May-17,470,CE,0,0,0,144.85,150.6,0,0,0,0,17-Apr-17
OPTSTK,RELCAPITAL,25-May-17,480,CE,0,0,0,68.3,140.85,0,0,0,0,17-Apr-17
OPTSTK,RELCAPITAL,25-May-17,490,CE,0,0,0,126.95,131.15,0,0,0,0,17-Apr-17
OPTSTK,RELCAPITAL,25-May-17,500,CE,0,0,0,56.45,121.65,0,0,0,0,17-Apr-17
OPTSTK,RELCAPITAL,25-May-17,510,CE,0,0,0,109.95,112.25,0,0,0,0,17-Apr-17
OPTSTK,RELCAPITAL,25-May-17,520,CE,0,0,0,46.15,103.05,0,0,0,0,17-Apr-17
OPTSTK,RELCAPITAL,25-May-17,530,CE,0,0,0,94.05,94.1,0,0,0,0,17-Apr-17
OPTSTK,RELCAPITAL,25-May-17,540,CE,0,0,0,37.25,85.45,0,0,0,0,17-Apr-17
OPTSTK,RELCAPITAL,25-May-17,550,CE,0,0,0,79.45,77.1,0,0,0,0,17-Apr-17
OPTSTK,RELCAPITAL,25-May-17,560,CE,0,0,0,29.75,69.15,0,0,0,0,17-Apr-17
OPTSTK,RELCAPITAL,25-May-17,570,CE,0,0,0,66.25,61.65,0,0,0,0,17-Apr-17
OPTSTK,RELCAPITAL,25-May-17,580,CE,0,0,0,23.5,54.55,0,0,0,0,17-Apr-17
OPTSTK,RELCAPITAL,25-May-17,590,CE,0,0,0,54.5,47.95,0,0,0,0,17-Apr-17
OPTSTK,RELCAPITAL,25-May-17,600,CE,35.9,39.3,35.9,38.75,38.75,12,114.95,16500,7500,17-Apr-17
OPTSTK,RELCAPITAL,25-May-17,610,CE,31.45,33.15,29.5,32.75,32.75,46,442.18,24000,-21000,17-Apr-17
OPTSTK,RELCAPITAL,25-May-17,620,CE,25.5,29.7,25.5,29.7,29.7,17,164.78,24000,19500,17-Apr-17
OPTSTK,RELCAPITAL,25-May-17,630,CE,0,0,0,35.55,26.75,0,0,0,0,17-Apr-17
OPTSTK,RELCAPITAL,25-May-17,640,CE,20.1,22,20.1,22,22,2,19.83,3000,3000,17-Apr-17
OPTSTK,RELCAPITAL,25-May-17,650,CE,17,17,17,17,17,1,10,1500,1500,17-Apr-17
OPTSTK,RELCAPITAL,25-May-17,660,CE,13.45,15,12.3,15,15,20,201.99,27000,27000,17-Apr-17
OPTSTK,RELCAPITAL,25-May-17,670,CE,0,0,0,22.1,13.35,0,0,0,0,17-Apr-17
OPTSTK,RELCAPITAL,25-May-17,680,CE,0,0,0,6.35,11.05,0,0,0,0,17-Apr-17
OPTSTK,RELCAPITAL,25-May-17,690,CE,0,0,0,17.15,9.05,0,0,0,0,17-Apr-17
OPTSTK,RELCAPITAL,25-May-17,700,CE,0,0,0,4.8,7.4,0,0,0,0,17-Apr-17
OPTSTK,RELCAPITAL,25-May-17,710,CE,0,0,0,13.15,6,0,0,0,0,17-Apr-17
OPTSTK,RELCAPITAL,25-May-17,720,CE,0,0,0,6.2,4.85,0,0,1500,0,17-Apr-17
OPTSTK,RELCAPITAL,25-May-17,320,PE,0,0,0,0.2,0,0,0,0,0,17-Apr-17
OPTSTK,RELCAPITAL,25-May-17,340,PE,0,0,0,0.5,0,0,0,0,0,17-Apr-17
OPTSTK,RELCAPITAL,25-May-17,360,PE,0,0,0,1.1,0,0,0,0,0,17-Apr-17
OPTSTK,RELCAPITAL,25-May-17,380,PE,0,0,0,2.15,0,0,0,0,0,17-Apr-17
OPTSTK,RELCAPITAL,25-May-17,400,PE,0,0,0,3.85,0,0,0,0,0,17-Apr-17
OPTSTK,RELCAPITAL,25-May-17,410,PE,0,0,0,0.35,0.05,0,0,0,0,17-Apr-17
OPTSTK,RELCAPITAL,25-May-17,420,PE,0,0,0,6.4,0.05,0,0,0,0,17-Apr-17
OPTSTK,RELCAPITAL,25-May-17,430,PE,0,0,0,0.75,0.05,0,0,0,0,17-Apr-17
OPTSTK,RELCAPITAL,25-May-17,440,PE,0,0,0,10.05,0.05,0,0,0,0,17-Apr-17
OPTSTK,RELCAPITAL,25-May-17,450,PE,0,0,0,1.45,0.1,0,0,0,0,17-Apr-17
OPTSTK,RELCAPITAL,25-May-17,460,PE,0,0,0,15,0.2,0,0,0,0,17-Apr-17
OPTSTK,RELCAPITAL,25-May-17,470,PE,0,0,0,2.65,0.3,0,0,0,0,17-Apr-17
OPTSTK,RELCAPITAL,25-May-17,480,PE,0,0,0,21.35,0.5,0,0,0,0,17-Apr-17
OPTSTK,RELCAPITAL,25-May-17,490,PE,0,0,0,4.55,0.75,0,0,0,0,17-Apr-17
OPTSTK,RELCAPITAL,25-May-17,500,PE,0,0,0,29.2,1.15,0,0,0,0,17-Apr-17
OPTSTK,RELCAPITAL,25-May-17,510,PE,0,0,0,7.35,1.7,0,0,0,0,17-Apr-17
OPTSTK,RELCAPITAL,25-May-17,520,PE,0,0,0,38.5,2.45,0,0,0,0,17-Apr-17
OPTSTK,RELCAPITAL,25-May-17,530,PE,0.75,0.75,0.75,0.75,0.75,1,7.96,1500,1500,17-Apr-17
OPTSTK,RELCAPITAL,25-May-17,540,PE,0,0,0,49.35,4.7,0,0,0,0,17-Apr-17
OPTSTK,RELCAPITAL,25-May-17,550,PE,0,0,0,6.85,6.3,0,0,3000,0,17-Apr-17
OPTSTK,RELCAPITAL,25-May-17,560,PE,8.05,8.05,8,8,8,3,25.56,4500,4500,17-Apr-17
OPTSTK,RELCAPITAL,25-May-17,570,PE,0,0,0,23.05,10.7,0,0,0,0,17-Apr-17
OPTSTK,RELCAPITAL,25-May-17,580,PE,0,0,0,74.95,13.55,0,0,0,0,17-Apr-17
OPTSTK,RELCAPITAL,25-May-17,590,PE,15.65,16.7,15.65,16.7,16.7,8,72.7,12000,10500,17-Apr-17
OPTSTK,RELCAPITAL,25-May-17,600,PE,22.95,23.15,18.3,18.4,18.4,165,1535.89,49500,49500,17-Apr-17
OPTSTK,RELCAPITAL,25-May-17,610,PE,23.4,25.3,23.4,25.3,25.3,2,19.03,4500,3000,17-Apr-17
OPTSTK,RELCAPITAL,25-May-17,620,PE,28.2,28.25,26,26.15,26.15,84,816.12,127500,126000,17-Apr-17
OPTSTK,RELCAPITAL,25-May-17,630,PE,0,0,0,51.75,35.4,0,0,0,0,17-Apr-17
OPTSTK,RELCAPITAL,25-May-17,640,PE,0,0,0,46,41.3,0,0,1500,0,17-Apr-17
OPTSTK,RELCAPITAL,25-May-17,650,PE,0,0,0,64.15,47.65,0,0,0,0,17-Apr-17
OPTSTK,RELCAPITAL,25-May-17,660,PE,0,0,0,138.6,54.5,0,0,0,0,17-Apr-17
OPTSTK,RELCAPITAL,25-May-17,670,PE,54.3,54.3,54.3,54.3,54.3,1,10.86,1500,1500,17-Apr-17
OPTSTK,RELCAPITAL,25-May-17,680,PE,0,0,0,156.25,69.35,0,0,0,0,17-Apr-17
OPTSTK,RELCAPITAL,25-May-17,690,PE,0,0,0,92.7,77.3,0,0,0,0,17-Apr-17
OPTSTK,RELCAPITAL,25-May-17,700,PE,0,0,0,174.35,85.55,0,0,0,0,17-Apr-17
OPTSTK,RELCAPITAL,25-May-17,710,PE,0,0,0,108.5,94.1,0,0,0,0,17-Apr-17
OPTSTK,RELCAPITAL,25-May-17,720,PE,0,0,0,192.85,102.85,0,0,0,0,17-Apr-17
OPTSTK,RELCAPITAL,29-Jun-17,410,CE,0,0,0,205.65,212.6,0,0,0,0,17-Apr-17
OPTSTK,RELCAPITAL,29-Jun-17,420,CE,0,0,0,196.3,202.85,0,0,0,0,17-Apr-17
OPTSTK,RELCAPITAL,29-Jun-17,430,CE,0,0,0,187.05,193.15,0,0,0,0,17-Apr-17
OPTSTK,RELCAPITAL,29-Jun-17,440,CE,0,0,0,177.95,183.5,0,0,0,0,17-Apr-17
OPTSTK,RELCAPITAL,29-Jun-17,450,CE,0,0,0,169,173.9,0,0,0,0,17-Apr-17
OPTSTK,RELCAPITAL,29-Jun-17,460,CE,0,0,0,160.2,164.45,0,0,0,0,17-Apr-17
OPTSTK,RELCAPITAL,29-Jun-17,470,CE,0,0,0,151.6,155.1,0,0,0,0,17-Apr-17
OPTSTK,RELCAPITAL,29-Jun-17,480,CE,0,0,0,143.2,145.85,0,0,0,0,17-Apr-17
OPTSTK,RELCAPITAL,29-Jun-17,490,CE,0,0,0,135,136.85,0,0,0,0,17-Apr-17
OPTSTK,RELCAPITAL,29-Jun-17,500,CE,0,0,0,127.05,127.95,0,0,0,0,17-Apr-17
OPTSTK,RELCAPITAL,29-Jun-17,510,CE,0,0,0,119.35,119.35,0,0,0,0,17-Apr-17
OPTSTK,RELCAPITAL,29-Jun-17,520,CE,0,0,0,111.9,110.95,0,0,0,0,17-Apr-17
OPTSTK,RELCAPITAL,29-Jun-17,530,CE,0,0,0,104.7,102.85,0,0,0,0,17-Apr-17
OPTSTK,RELCAPITAL,29-Jun-17,540,CE,0,0,0,97.8,95,0,0,0,0,17-Apr-17
OPTSTK,RELCAPITAL,29-Jun-17,550,CE,0,0,0,91.15,87.5,0,0,0,0,17-Apr-17
OPTSTK,RELCAPITAL,29-Jun-17,560,CE,0,0,0,84.85,80.35,0,0,0,0,17-Apr-17
OPTSTK,RELCAPITAL,29-Jun-17,570,CE,0,0,0,78.85,73.5,0,0,0,0,17-Apr-17
OPTSTK,RELCAPITAL,29-Jun-17,580,CE,0,0,0,73.1,67,0,0,0,0,17-Apr-17
OPTSTK,RELCAPITAL,29-Jun-17,590,CE,0,0,0,67.7,60.95,0,0,0,0,17-Apr-17
OPTSTK,RELCAPITAL,29-Jun-17,600,CE,0,0,0,62.55,55.2,0,0,0,0,17-Apr-17
OPTSTK,RELCAPITAL,29-Jun-17,610,CE,0,0,0,57.7,49.85,0,0,0,0,17-Apr-17
OPTSTK,RELCAPITAL,29-Jun-17,620,CE,0,0,0,53.15,44.9,0,0,0,0,17-Apr-17
OPTSTK,RELCAPITAL,29-Jun-17,630,CE,0,0,0,48.9,40.3,0,0,0,0,17-Apr-17
OPTSTK,RELCAPITAL,29-Jun-17,640,CE,0,0,0,44.9,36.05,0,0,0,0,17-Apr-17
OPTSTK,RELCAPITAL,29-Jun-17,650,CE,0,0,0,41.15,32.15,0,0,0,0,17-Apr-17
OPTSTK,RELCAPITAL,29-Jun-17,660,CE,0,0,0,37.7,28.6,0,0,0,0,17-Apr-17
OPTSTK,RELCAPITAL,29-Jun-17,670,CE,0,0,0,34.45,25.35,0,0,0,0,17-Apr-17
OPTSTK,RELCAPITAL,29-Jun-17,680,CE,0,0,0,31.45,22.4,0,0,0,0,17-Apr-17
OPTSTK,RELCAPITAL,29-Jun-17,690,CE,0,0,0,28.65,19.75,0,0,0,0,17-Apr-17
OPTSTK,RELCAPITAL,29-Jun-17,700,CE,0,0,0,26.1,17.4,0,0,0,0,17-Apr-17
OPTSTK,RELCAPITAL,29-Jun-17,710,CE,0,0,0,23.75,15.25,0,0,0,0,17-Apr-17
OPTSTK,RELCAPITAL,29-Jun-17,720,CE,0,0,0,21.55,13.3,0,0,0,0,17-Apr-17
OPTSTK,RELCAPITAL,29-Jun-17,410,PE,0,0,0,1.5,0.25,0,0,0,0,17-Apr-17
OPTSTK,RELCAPITAL,29-Jun-17,420,PE,0,0,0,2,0.35,0,0,0,0,17-Apr-17
OPTSTK,RELCAPITAL,29-Jun-17,430,PE,0,0,0,2.55,0.5,0,0,0,0,17-Apr-17
OPTSTK,RELCAPITAL,29-Jun-17,440,PE,0,0,0,3.3,0.7,0,0,0,0,17-Apr-17
OPTSTK,RELCAPITAL,29-Jun-17,450,PE,0,0,0,4.15,1,0,0,0,0,17-Apr-17
OPTSTK,RELCAPITAL,29-Jun-17,460,PE,0,0,0,5.2,1.4,0,0,0,0,17-Apr-17
OPTSTK,RELCAPITAL,29-Jun-17,470,PE,0,0,0,6.45,1.9,0,0,0,0,17-Apr-17
OPTSTK,RELCAPITAL,29-Jun-17,480,PE,0,0,0,7.85,2.55,0,0,0,0,17-Apr-17
OPTSTK,RELCAPITAL,29-Jun-17,490,PE,0,0,0,9.5,3.4,0,0,0,0,17-Apr-17
OPTSTK,RELCAPITAL,29-Jun-17,500,PE,0,0,0,11.4,4.4,0,0,0,0,17-Apr-17
OPTSTK,RELCAPITAL,29-Jun-17,510,PE,0,0,0,13.5,5.65,0,0,0,0,17-Apr-17
OPTSTK,RELCAPITAL,29-Jun-17,520,PE,0,0,0,15.95,7.15,0,0,0,0,17-Apr-17
OPTSTK,RELCAPITAL,29-Jun-17,530,PE,0,0,0,18.6,8.9,0,0,0,0,17-Apr-17
OPTSTK,RELCAPITAL,29-Jun-17,540,PE,0,0,0,21.5,10.95,0,0,0,0,17-Apr-17
OPTSTK,RELCAPITAL,29-Jun-17,550,PE,0,0,0,24.7,13.3,0,0,0,0,17-Apr-17
OPTSTK,RELCAPITAL,29-Jun-17,560,PE,0,0,0,28.2,16,0,0,0,0,17-Apr-17
OPTSTK,RELCAPITAL,29-Jun-17,570,PE,0,0,0,32.05,19,0,0,0,0,17-Apr-17
OPTSTK,RELCAPITAL,29-Jun-17,580,PE,0,0,0,36.15,22.45,0,0,0,0,17-Apr-17
OPTSTK,RELCAPITAL,29-Jun-17,590,PE,0,0,0,40.55,26.2,0,0,0,0,17-Apr-17
OPTSTK,RELCAPITAL,29-Jun-17,600,PE,0,0,0,45.25,30.35,0,0,0,0,17-Apr-17
OPTSTK,RELCAPITAL,29-Jun-17,610,PE,0,0,0,50.25,34.9,0,0,0,0,17-Apr-17
OPTSTK,RELCAPITAL,29-Jun-17,620,PE,0,0,0,55.55,39.8,0,0,0,0,17-Apr-17
OPTSTK,RELCAPITAL,29-Jun-17,630,PE,0,0,0,61.1,45.05,0,0,0,0,17-Apr-17
OPTSTK,RELCAPITAL,29-Jun-17,640,PE,0,0,0,66.95,50.7,0,0,0,0,17-Apr-17
OPTSTK,RELCAPITAL,29-Jun-17,650,PE,0,0,0,73.05,56.65,0,0,0,0,17-Apr-17
OPTSTK,RELCAPITAL,29-Jun-17,660,PE,0,0,0,79.4,62.95,0,0,0,0,17-Apr-17
OPTSTK,RELCAPITAL,29-Jun-17,670,PE,0,0,0,86,69.6,0,0,0,0,17-Apr-17
OPTSTK,RELCAPITAL,29-Jun-17,680,PE,0,0,0,92.8,76.5,0,0,0,0,17-Apr-17
OPTSTK,RELCAPITAL,29-Jun-17,690,PE,0,0,0,99.85,83.75,0,0,0,0,17-Apr-17
OPTSTK,RELCAPITAL,29-Jun-17,700,PE,0,0,0,107.15,91.25,0,0,0,0,17-Apr-17
OPTSTK,RELCAPITAL,29-Jun-17,710,PE,0,0,0,114.65,99,0,0,0,0,17-Apr-17
OPTSTK,RELCAPITAL,29-Jun-17,720,PE,0,0,0,122.3,106.9,0,0,0,0,17-Apr-17
OPTSTK,RELIANCE,27-Apr-17,780,CE,0,0,0,250.3,613.25,0,0,0,0,17-Apr-17
OPTSTK,RELIANCE,27-Apr-17,800,CE,0,0,0,230.8,593.25,0,0,0,0,17-Apr-17
OPTSTK,RELIANCE,27-Apr-17,820,CE,0,0,0,211.45,573.3,0,0,0,0,17-Apr-17
OPTSTK,RELIANCE,27-Apr-17,840,CE,0,0,0,192.35,553.35,0,0,0,0,17-Apr-17
OPTSTK,RELIANCE,27-Apr-17,860,CE,0,0,0,173.55,533.35,0,0,0,0,17-Apr-17
OPTSTK,RELIANCE,27-Apr-17,880,CE,0,0,0,155.2,513.4,0,0,0,0,17-Apr-17
OPTSTK,RELIANCE,27-Apr-17,900,CE,0,0,0,356.2,493.45,0,0,5000,0,17-Apr-17
OPTSTK,RELIANCE,27-Apr-17,920,CE,0,0,0,120.5,473.45,0,0,0,0,17-Apr-17
OPTSTK,RELIANCE,27-Apr-17,940,CE,0,0,0,355,453.5,0,0,500,0,17-Apr-17
OPTSTK,RELIANCE,27-Apr-17,960,CE,0,0,0,89.55,433.55,0,0,0,0,17-Apr-17
OPTSTK,RELIANCE,27-Apr-17,980,CE,0,0,0,75.75,413.6,0,0,0,0,17-Apr-17
OPTSTK,RELIANCE,27-Apr-17,1000,CE,375.75,375.75,375.75,375.75,375.75,1,6.87,27500,-500,17-Apr-17
OPTSTK,RELIANCE,27-Apr-17,1020,CE,0,0,0,245.85,373.65,0,0,2000,0,17-Apr-17
OPTSTK,RELIANCE,27-Apr-17,1040,CE,0,0,0,278,353.7,0,0,3500,0,17-Apr-17
OPTSTK,RELIANCE,27-Apr-17,1060,CE,0,0,0,255,333.7,0,0,5000,0,17-Apr-17
OPTSTK,RELIANCE,27-Apr-17,1080,CE,0,0,0,329.8,313.75,0,0,4500,0,17-Apr-17
OPTSTK,RELIANCE,27-Apr-17,1100,CE,280,280,280,280,280,1,6.9,43000,0,17-Apr-17
OPTSTK,RELIANCE,27-Apr-17,1120,CE,0,0,0,244.3,273.85,0,0,5000,0,17-Apr-17
OPTSTK,RELIANCE,27-Apr-17,1140,CE,0,0,0,224.5,253.85,0,0,4500,0,17-Apr-17
OPTSTK,RELIANCE,27-Apr-17,1160,CE,0,0,0,129.6,233.95,0,0,6000,0,17-Apr-17
OPTSTK,RELIANCE,27-Apr-17,1180,CE,207.15,207.15,207.15,207.15,207.15,1,6.93,12500,0,17-Apr-17
OPTSTK,RELIANCE,27-Apr-17,1200,CE,0,0,0,170.6,194.2,0,0,77000,0,17-Apr-17
OPTSTK,RELIANCE,27-Apr-17,1220,CE,0,0,0,142.65,174.55,0,0,18000,0,17-Apr-17
OPTSTK,RELIANCE,27-Apr-17,1240,CE,0,0,0,122,155.15,0,0,22500,0,17-Apr-17
OPTSTK,RELIANCE,27-Apr-17,1260,CE,133.6,133.6,133.6,133.6,133.6,1,6.96,80500,0,17-Apr-17
OPTSTK,RELIANCE,27-Apr-17,1280,CE,95,95,95,95,95,1,6.87,146500,-500,17-Apr-17
OPTSTK,RELIANCE,27-Apr-17,1300,CE,80.2,98.5,73.3,95.45,95.45,397,2750.03,276000,-58000,17-Apr-17
OPTSTK,RELIANCE,27-Apr-17,1320,CE,60,80,60,79.45,79.45,25,173.59,537500,-1500,17-Apr-17
OPTSTK,RELIANCE,27-Apr-17,1340,CE,49,63.7,42,61.55,61.55,230,1602.97,226000,-12000,17-Apr-17
OPTSTK,RELIANCE,27-Apr-17,1360,CE,33.95,48.75,30.3,46.7,46.7,1314,9191.35,687500,-160500,17-Apr-17
OPTSTK,RELIANCE,27-Apr-17,1380,CE,25,35.5,20.8,33.9,33.9,3378,23767.28,598500,-171500,17-Apr-17
OPTSTK,RELIANCE,27-Apr-17,1400,CE,16.55,25.1,14.15,23.55,23.55,6190,43935.8,1287500,-149500,17-Apr-17
OPTSTK,RELIANCE,27-Apr-17,1420,CE,11.25,17,9.15,16.1,16.1,2858,20479.57,819500,13500,17-Apr-17
OPTSTK,RELIANCE,27-Apr-17,1440,CE,7.15,11.2,5.8,10.5,10.5,2597,18803.91,1082000,-80500,17-Apr-17
OPTSTK,RELIANCE,27-Apr-17,1460,CE,5,7.55,4,7.1,7.1,1657,12141.37,733000,-42000,17-Apr-17
OPTSTK,RELIANCE,27-Apr-17,1480,CE,3.4,5,2.65,4.75,4.75,1018,7551.69,592500,22500,17-Apr-17
OPTSTK,RELIANCE,27-Apr-17,1500,CE,2.4,3.55,1.65,3.4,3.4,1853,13921.22,1393000,-15500,17-Apr-17
OPTSTK,RELIANCE,27-Apr-17,1520,CE,1.85,2.5,1.2,2.35,2.35,800,6086.98,493000,-27000,17-Apr-17
OPTSTK,RELIANCE,27-Apr-17,1540,CE,1.4,1.65,0.75,1.55,1.55,433,3336.75,373000,40500,17-Apr-17
OPTSTK,RELIANCE,27-Apr-17,1560,CE,0.85,1.2,0.7,1.15,1.15,321,2505.31,364000,24000,17-Apr-17
OPTSTK,RELIANCE,27-Apr-17,1580,CE,1,1,0.55,0.95,0.95,222,1754.69,184500,-19500,17-Apr-17
OPTSTK,RELIANCE,27-Apr-17,1600,CE,0.65,0.9,0.5,0.85,0.85,121,968.4,304500,500,17-Apr-17
OPTSTK,RELIANCE,27-Apr-17,1620,CE,0.45,0.65,0.35,0.6,0.6,42,340.29,155000,-2500,17-Apr-17
OPTSTK,RELIANCE,27-Apr-17,1640,CE,0.1,0.45,0.1,0.45,0.45,7,57.4,33500,-2500,17-Apr-17
OPTSTK,RELIANCE,27-Apr-17,780,PE,0,0,0,0.2,0,0,0,0,0,17-Apr-17
OPTSTK,RELIANCE,27-Apr-17,800,PE,0,0,0,0.4,0,0,0,0,0,17-Apr-17
OPTSTK,RELIANCE,27-Apr-17,820,PE,0,0,0,0.7,0,0,0,0,0,17-Apr-17
OPTSTK,RELIANCE,27-Apr-17,840,PE,0,0,0,1.25,0,0,0,0,0,17-Apr-17
OPTSTK,RELIANCE,27-Apr-17,860,PE,0,0,0,2.15,0,0,0,0,0,17-Apr-17
OPTSTK,RELIANCE,27-Apr-17,880,PE,0,0,0,3.45,0,0,0,0,0,17-Apr-17
OPTSTK,RELIANCE,27-Apr-17,900,PE,0,0,0,0.3,0,0,0,500,0,17-Apr-17
OPTSTK,RELIANCE,27-Apr-17,920,PE,0,0,0,8.1,0,0,0,0,0,17-Apr-17
OPTSTK,RELIANCE,27-Apr-17,940,PE,0,0,0,0.05,0,0,0,500,0,17-Apr-17
OPTSTK,RELIANCE,27-Apr-17,960,PE,0,0,0,16.5,0,0,0,0,0,17-Apr-17
OPTSTK,RELIANCE,27-Apr-17,980,PE,0,0,0,22.35,0,0,0,0,0,17-Apr-17
OPTSTK,RELIANCE,27-Apr-17,1000,PE,0.1,0.1,0.05,0.05,0.05,6,30,14500,-500,17-Apr-17
OPTSTK,RELIANCE,27-Apr-17,1020,PE,0,0,0,38.2,0,0,0,0,0,17-Apr-17
OPTSTK,RELIANCE,27-Apr-17,1040,PE,0,0,0,0.15,0,0,0,1500,0,17-Apr-17
OPTSTK,RELIANCE,27-Apr-17,1060,PE,0,0,0,0.55,0,0,0,500,0,17-Apr-17
OPTSTK,RELIANCE,27-Apr-17,1080,PE,0.25,0.25,0.25,0.25,0.25,2,10.8,9000,-1000,17-Apr-17
OPTSTK,RELIANCE,27-Apr-17,1100,PE,0.3,0.35,0.3,0.3,0.3,13,71.52,52500,-1500,17-Apr-17
OPTSTK,RELIANCE,27-Apr-17,1120,PE,0.1,0.1,0.1,0.1,0.1,3,16.8,6000,0,17-Apr-17
OPTSTK,RELIANCE,27-Apr-17,1140,PE,0.2,0.25,0.2,0.25,0.25,2,11.4,27500,-1000,17-Apr-17
OPTSTK,RELIANCE,27-Apr-17,1160,PE,0.15,0.25,0.15,0.25,0.25,3,17.4,73500,0,17-Apr-17
OPTSTK,RELIANCE,27-Apr-17,1180,PE,0.35,0.4,0.35,0.4,0.4,2,11.8,97500,-500,17-Apr-17
OPTSTK,RELIANCE,27-Apr-17,1200,PE,0.45,0.6,0.4,0.45,0.45,36,216.08,365000,-2000,17-Apr-17
OPTSTK,RELIANCE,27-Apr-17,1220,PE,0.5,0.6,0.35,0.4,0.4,64,390.55,88500,-14000,17-Apr-17
OPTSTK,RELIANCE,27-Apr-17,1240,PE,0.75,0.85,0.55,0.6,0.6,99,614.14,302500,-1500,17-Apr-17
OPTSTK,RELIANCE,27-Apr-17,1260,PE,1.35,1.6,0.7,0.8,0.8,266,1677.13,373000,-45000,17-Apr-17
OPTSTK,RELIANCE,27-Apr-17,1280,PE,2.3,2.35,1.2,1.35,1.35,332,2127.79,296500,-15000,17-Apr-17
OPTSTK,RELIANCE,27-Apr-17,1300,PE,3.65,4.1,1.9,2.05,2.05,1286,8376.48,779500,-1000,17-Apr-17
OPTSTK,RELIANCE,27-Apr-17,1320,PE,6.75,7.2,3.4,3.55,3.55,1113,7372.8,527500,-33000,17-Apr-17
OPTSTK,RELIANCE,27-Apr-17,1340,PE,11.3,12.1,5.65,6.15,6.15,1640,11058.49,620500,-20500,17-Apr-17
OPTSTK,RELIANCE,27-Apr-17,1360,PE,19.45,19.6,10,10.65,10.65,2123,14587.52,635500,-27000,17-Apr-17
OPTSTK,RELIANCE,27-Apr-17,1380,PE,24.55,30.3,16.5,17.6,17.6,1366,9575.99,406000,16500,17-Apr-17
OPTSTK,RELIANCE,27-Apr-17,1400,PE,39.3,42.7,25.85,27.55,27.55,1006,7202.79,647000,-76000,17-Apr-17
OPTSTK,RELIANCE,27-Apr-17,1420,PE,50.75,54.55,39.7,39.9,39.9,41,300.85,127000,-9500,17-Apr-17
OPTSTK,RELIANCE,27-Apr-17,1440,PE,68.25,70.5,50.9,52.55,52.55,57,429.03,119500,-15500,17-Apr-17
OPTSTK,RELIANCE,27-Apr-17,1460,PE,0,0,0,95.15,78.2,0,0,20500,0,17-Apr-17
OPTSTK,RELIANCE,27-Apr-17,1480,PE,85.55,85.55,85.55,85.55,85.55,1,7.82,2500,500,17-Apr-17
OPTSTK,RELIANCE,27-Apr-17,1500,PE,124.85,124.85,104.95,105.65,105.65,4,32.2,12500,500,17-Apr-17
OPTSTK,RELIANCE,27-Apr-17,1520,PE,0,0,0,319.75,129.3,0,0,0,0,17-Apr-17
OPTSTK,RELIANCE,27-Apr-17,1540,PE,0,0,0,337,147.9,0,0,0,0,17-Apr-17
OPTSTK,RELIANCE,27-Apr-17,1560,PE,0,0,0,354.45,166.95,0,0,0,0,17-Apr-17
OPTSTK,RELIANCE,27-Apr-17,1580,PE,0,0,0,372.15,186.3,0,0,0,0,17-Apr-17
OPTSTK,RELIANCE,27-Apr-17,1600,PE,0,0,0,179,205.9,0,0,1000,0,17-Apr-17
OPTSTK,RELIANCE,27-Apr-17,1620,PE,0,0,0,382.3,225.65,0,0,0,0,17-Apr-17
OPTSTK,RELIANCE,27-Apr-17,1640,PE,0,0,0,400.25,245.5,0,0,0,0,17-Apr-17
OPTSTK,RELIANCE,25-May-17,780,CE,0,0,0,419.35,617.15,0,0,0,0,17-Apr-17
OPTSTK,RELIANCE,25-May-17,800,CE,0,0,0,400.95,597.25,0,0,0,0,17-Apr-17
OPTSTK,RELIANCE,25-May-17,820,CE,0,0,0,382.75,577.4,0,0,0,0,17-Apr-17
OPTSTK,RELIANCE,25-May-17,840,CE,0,0,0,364.85,557.55,0,0,0,0,17-Apr-17
OPTSTK,RELIANCE,25-May-17,860,CE,0,0,0,347.3,537.65,0,0,0,0,17-Apr-17
OPTSTK,RELIANCE,25-May-17,880,CE,0,0,0,330.1,517.8,0,0,0,0,17-Apr-17
OPTSTK,RELIANCE,25-May-17,900,CE,0,0,0,313.3,497.95,0,0,0,0,17-Apr-17
OPTSTK,RELIANCE,25-May-17,920,CE,0,0,0,296.85,478.1,0,0,0,0,17-Apr-17
OPTSTK,RELIANCE,25-May-17,940,CE,0,0,0,280.9,458.25,0,0,0,0,17-Apr-17
OPTSTK,RELIANCE,25-May-17,960,CE,0,0,0,265.35,438.4,0,0,0,0,17-Apr-17
OPTSTK,RELIANCE,25-May-17,980,CE,0,0,0,250.35,418.55,0,0,0,0,17-Apr-17
OPTSTK,RELIANCE,25-May-17,1000,CE,0,0,0,235.85,398.75,0,0,0,0,17-Apr-17
OPTSTK,RELIANCE,25-May-17,1020,CE,0,0,0,221.8,379,0,0,0,0,17-Apr-17
OPTSTK,RELIANCE,25-May-17,1040,CE,0,0,0,208.3,359.3,0,0,0,0,17-Apr-17
OPTSTK,RELIANCE,25-May-17,1060,CE,0,0,0,195.3,339.65,0,0,0,0,17-Apr-17
OPTSTK,RELIANCE,25-May-17,1080,CE,0,0,0,182.9,320.15,0,0,0,0,17-Apr-17
OPTSTK,RELIANCE,25-May-17,1100,CE,0,0,0,171.05,300.8,0,0,0,0,17-Apr-17
OPTSTK,RELIANCE,25-May-17,1120,CE,0,0,0,159.75,281.65,0,0,0,0,17-Apr-17
OPTSTK,RELIANCE,25-May-17,1140,CE,0,0,0,149,262.75,0,0,0,0,17-Apr-17
OPTSTK,RELIANCE,25-May-17,1160,CE,0,0,0,138.8,244.15,0,0,0,0,17-Apr-17
OPTSTK,RELIANCE,25-May-17,1180,CE,0,0,0,129.15,225.95,0,0,0,0,17-Apr-17
OPTSTK,RELIANCE,25-May-17,1200,CE,0,0,0,120,208.15,0,0,0,0,17-Apr-17
OPTSTK,RELIANCE,25-May-17,1220,CE,0,0,0,111.35,190.95,0,0,0,0,17-Apr-17
OPTSTK,RELIANCE,25-May-17,1240,CE,0,0,0,56.1,174.3,0,0,25500,0,17-Apr-17
OPTSTK,RELIANCE,25-May-17,1260,CE,0,0,0,167,158.35,0,0,60000,0,17-Apr-17
OPTSTK,RELIANCE,25-May-17,1280,CE,0,0,0,148,143.1,0,0,45000,0,17-Apr-17
OPTSTK,RELIANCE,25-May-17,1300,CE,0,0,0,129,128.7,0,0,2500,0,17-Apr-17
OPTSTK,RELIANCE,25-May-17,1320,CE,0,0,0,75.35,115.05,0,0,0,0,17-Apr-17
OPTSTK,RELIANCE,25-May-17,1340,CE,0,0,0,64,102.35,0,0,4500,0,17-Apr-17
OPTSTK,RELIANCE,25-May-17,1360,CE,52,66,52,66,66,25,177.56,20500,500,17-Apr-17
OPTSTK,RELIANCE,25-May-17,1380,CE,42.1,55.55,41,54.35,54.35,74,527.82,30500,16500,17-Apr-17
OPTSTK,RELIANCE,25-May-17,1400,CE,38.15,44.75,33.5,44.2,44.2,60,431.52,83000,6500,17-Apr-17
OPTSTK,RELIANCE,25-May-17,1420,CE,27.5,36.75,27.5,36.65,36.65,20,144.91,16000,3000,17-Apr-17
OPTSTK,RELIANCE,25-May-17,1440,CE,24,29.65,22,29.35,29.35,26,190.62,26500,3500,17-Apr-17
OPTSTK,RELIANCE,25-May-17,1460,CE,18,24.6,18,24.35,24.35,12,88.88,14500,2000,17-Apr-17
OPTSTK,RELIANCE,25-May-17,1480,CE,19.75,19.75,19.25,19.5,19.5,2,14.99,1000,500,17-Apr-17
OPTSTK,RELIANCE,25-May-17,1500,CE,12.3,17,11.7,16.55,16.55,135,1021.87,260500,16500,17-Apr-17
OPTSTK,RELIANCE,25-May-17,1520,CE,0,0,0,18.4,27.95,0,0,500,0,17-Apr-17
OPTSTK,RELIANCE,25-May-17,1540,CE,10.75,11.2,10,10.65,10.65,3,23.25,5000,1500,17-Apr-17
OPTSTK,RELIANCE,25-May-17,1560,CE,0,0,0,26.8,19.75,0,0,0,0,17-Apr-17
OPTSTK,RELIANCE,25-May-17,1580,CE,0,0,0,24.5,16.45,0,0,0,0,17-Apr-17
OPTSTK,RELIANCE,25-May-17,1600,CE,6,7,4.5,6.4,6.4,6,48.18,17000,2000,17-Apr-17
OPTSTK,RELIANCE,25-May-17,1620,CE,0,0,0,34.25,11.25,0,0,0,0,17-Apr-17
OPTSTK,RELIANCE,25-May-17,1640,CE,0,0,0,31.6,9.25,0,0,0,0,17-Apr-17
OPTSTK,RELIANCE,25-May-17,780,PE,0,0,0,4.4,0,0,0,0,0,17-Apr-17
OPTSTK,RELIANCE,25-May-17,800,PE,0,0,0,5.65,0,0,0,0,0,17-Apr-17
OPTSTK,RELIANCE,25-May-17,820,PE,0,0,0,7.15,0,0,0,0,0,17-Apr-17
OPTSTK,RELIANCE,25-May-17,840,PE,0,0,0,8.95,0,0,0,0,0,17-Apr-17
OPTSTK,RELIANCE,25-May-17,860,PE,0,0,0,11.05,0,0,0,0,0,17-Apr-17
OPTSTK,RELIANCE,25-May-17,880,PE,0,0,0,13.55,0,0,0,0,0,17-Apr-17
OPTSTK,RELIANCE,25-May-17,900,PE,0,0,0,16.4,0.05,0,0,0,0,17-Apr-17
OPTSTK,RELIANCE,25-May-17,920,PE,0,0,0,19.7,0.05,0,0,0,0,17-Apr-17
OPTSTK,RELIANCE,25-May-17,940,PE,0,0,0,23.4,0.05,0,0,0,0,17-Apr-17
OPTSTK,RELIANCE,25-May-17,960,PE,0,0,0,27.55,0.05,0,0,0,0,17-Apr-17
OPTSTK,RELIANCE,25-May-17,980,PE,0,0,0,32.2,0.1,0,0,0,0,17-Apr-17
OPTSTK,RELIANCE,25-May-17,1000,PE,0,0,0,37.4,0.15,0,0,0,0,17-Apr-17
OPTSTK,RELIANCE,25-May-17,1020,PE,0,0,0,43.05,0.25,0,0,0,0,17-Apr-17
OPTSTK,RELIANCE,25-May-17,1040,PE,0,0,0,49.25,0.45,0,0,0,0,17-Apr-17
OPTSTK,RELIANCE,25-May-17,1060,PE,0,0,0,55.95,0.7,0,0,0,0,17-Apr-17
OPTSTK,RELIANCE,25-May-17,1080,PE,0,0,0,63.2,1.05,0,0,0,0,17-Apr-17
OPTSTK,RELIANCE,25-May-17,1100,PE,0,0,0,71.05,1.55,0,0,0,0,17-Apr-17
OPTSTK,RELIANCE,25-May-17,1120,PE,0,0,0,79.45,2.25,0,0,0,0,17-Apr-17
OPTSTK,RELIANCE,25-May-17,1140,PE,0,0,0,88.4,3.2,0,0,0,0,17-Apr-17
OPTSTK,RELIANCE,25-May-17,1160,PE,0,0,0,97.85,4.45,0,0,0,0,17-Apr-17
OPTSTK,RELIANCE,25-May-17,1180,PE,0,0,0,107.85,6.1,0,0,0,0,17-Apr-17
OPTSTK,RELIANCE,25-May-17,1200,PE,7.9,7.9,7.9,7.9,7.9,1,6.03,17000,500,17-Apr-17
OPTSTK,RELIANCE,25-May-17,1220,PE,0,0,0,129.45,10.85,0,0,0,0,17-Apr-17
OPTSTK,RELIANCE,25-May-17,1240,PE,0,0,0,13,14.1,0,0,40500,0,17-Apr-17
OPTSTK,RELIANCE,25-May-17,1260,PE,0,0,0,13,18,0,0,500,0,17-Apr-17
OPTSTK,RELIANCE,25-May-17,1280,PE,0,0,0,10,22.65,0,0,1000,0,17-Apr-17
OPTSTK,RELIANCE,25-May-17,1300,PE,17,17.5,12.25,13.25,13.25,38,250.08,18500,7000,17-Apr-17
OPTSTK,RELIANCE,25-May-17,1320,PE,23.25,23.35,18,18,18,37,248.22,21500,16500,17-Apr-17
OPTSTK,RELIANCE,25-May-17,1340,PE,0,0,0,33.15,41.45,0,0,12000,0,17-Apr-17
OPTSTK,RELIANCE,25-May-17,1360,PE,40.5,40.5,30.65,30.65,30.65,16,111.68,9500,500,17-Apr-17
OPTSTK,RELIANCE,25-May-17,1380,PE,49,49,41.5,41.5,41.5,2,14.25,3000,0,17-Apr-17
OPTSTK,RELIANCE,25-May-17,1400,PE,57.5,60,49.9,50.15,50.15,5,36.33,65000,500,17-Apr-17
OPTSTK,RELIANCE,25-May-17,1420,PE,0,0,0,68,79.25,0,0,1500,0,17-Apr-17
OPTSTK,RELIANCE,25-May-17,1440,PE,0,0,0,75,90.95,0,0,500,0,17-Apr-17
OPTSTK,RELIANCE,25-May-17,1460,PE,97.9,97.9,97.9,97.9,97.9,1,7.78,2000,500,17-Apr-17
OPTSTK,RELIANCE,25-May-17,1480,PE,0,0,0,312.35,116.85,0,0,0,0,17-Apr-17
OPTSTK,RELIANCE,25-May-17,1500,PE,0,0,0,328.8,130.95,0,0,0,0,17-Apr-17
OPTSTK,RELIANCE,25-May-17,1520,PE,0,0,0,345.5,145.85,0,0,0,0,17-Apr-17
OPTSTK,RELIANCE,25-May-17,1540,PE,0,0,0,362.45,161.3,0,0,0,0,17-Apr-17
OPTSTK,RELIANCE,25-May-17,1560,PE,0,0,0,379.6,177.35,0,0,0,0,17-Apr-17
OPTSTK,RELIANCE,25-May-17,1580,PE,0,0,0,396.95,193.95,0,0,0,0,17-Apr-17
OPTSTK,RELIANCE,25-May-17,1600,PE,0,0,0,373.45,211,0,0,0,0,17-Apr-17
OPTSTK,RELIANCE,25-May-17,1620,PE,0,0,0,390.3,228.5,0,0,0,0,17-Apr-17
OPTSTK,RELIANCE,25-May-17,1640,PE,0,0,0,407.35,246.35,0,0,0,0,17-Apr-17
OPTSTK,RELIANCE,29-Jun-17,880,CE,0,0,0,406.05,523.4,0,0,0,0,17-Apr-17
OPTSTK,RELIANCE,29-Jun-17,900,CE,0,0,0,386.75,503.75,0,0,0,0,17-Apr-17
OPTSTK,RELIANCE,29-Jun-17,920,CE,0,0,0,367.65,484.15,0,0,0,0,17-Apr-17
OPTSTK,RELIANCE,29-Jun-17,940,CE,0,0,0,348.65,464.65,0,0,0,0,17-Apr-17
OPTSTK,RELIANCE,29-Jun-17,960,CE,0,0,0,329.9,445.15,0,0,0,0,17-Apr-17
OPTSTK,RELIANCE,29-Jun-17,980,CE,0,0,0,311.4,425.8,0,0,0,0,17-Apr-17
OPTSTK,RELIANCE,29-Jun-17,1000,CE,0,0,0,293.2,406.55,0,0,0,0,17-Apr-17
OPTSTK,RELIANCE,29-Jun-17,1020,CE,0,0,0,275.35,387.45,0,0,0,0,17-Apr-17
OPTSTK,RELIANCE,29-Jun-17,1040,CE,0,0,0,257.85,368.55,0,0,0,0,17-Apr-17
OPTSTK,RELIANCE,29-Jun-17,1060,CE,0,0,0,240.85,349.85,0,0,0,0,17-Apr-17
OPTSTK,RELIANCE,29-Jun-17,1080,CE,0,0,0,224.3,331.4,0,0,0,0,17-Apr-17
OPTSTK,RELIANCE,29-Jun-17,1100,CE,0,0,0,208.3,313.2,0,0,0,0,17-Apr-17
OPTSTK,RELIANCE,29-Jun-17,1120,CE,0,0,0,192.85,295.4,0,0,0,0,17-Apr-17
OPTSTK,RELIANCE,29-Jun-17,1140,CE,0,0,0,178.1,277.95,0,0,0,0,17-Apr-17
OPTSTK,RELIANCE,29-Jun-17,1160,CE,0,0,0,163.9,260.9,0,0,0,0,17-Apr-17
OPTSTK,RELIANCE,29-Jun-17,1180,CE,0,0,0,150.35,244.35,0,0,0,0,17-Apr-17
OPTSTK,RELIANCE,29-Jun-17,1200,CE,0,0,0,137.55,228.25,0,0,0,0,17-Apr-17
OPTSTK,RELIANCE,29-Jun-17,1220,CE,0,0,0,125.5,212.7,0,0,0,0,17-Apr-17
OPTSTK,RELIANCE,29-Jun-17,1240,CE,0,0,0,100,197.75,0,0,500,0,17-Apr-17
OPTSTK,RELIANCE,29-Jun-17,1260,CE,0,0,0,103.45,183.3,0,0,0,0,17-Apr-17
OPTSTK,RELIANCE,29-Jun-17,1280,CE,0,0,0,93.55,169.45,0,0,0,0,17-Apr-17
OPTSTK,RELIANCE,29-Jun-17,1300,CE,0,0,0,84.3,156.3,0,0,0,0,17-Apr-17
OPTSTK,RELIANCE,29-Jun-17,1320,CE,0,0,0,75.8,143.8,0,0,0,0,17-Apr-17
OPTSTK,RELIANCE,29-Jun-17,1340,CE,0,0,0,67.9,131.95,0,0,0,0,17-Apr-17
OPTSTK,RELIANCE,29-Jun-17,1360,CE,0,0,0,60.7,120.8,0,0,0,0,17-Apr-17
OPTSTK,RELIANCE,29-Jun-17,1380,CE,0,0,0,54.1,110.3,0,0,0,0,17-Apr-17
OPTSTK,RELIANCE,29-Jun-17,1400,CE,0,0,0,66,100.45,0,0,500,0,17-Apr-17
OPTSTK,RELIANCE,29-Jun-17,1420,CE,0,0,0,42.6,91.25,0,0,0,0,17-Apr-17
OPTSTK,RELIANCE,29-Jun-17,1440,CE,0,0,0,56.6,82.7,0,0,500,0,17-Apr-17
OPTSTK,RELIANCE,29-Jun-17,1460,CE,0,0,0,46.6,74.75,0,0,500,0,17-Apr-17
OPTSTK,RELIANCE,29-Jun-17,1480,CE,0,0,0,42.3,67.4,0,0,500,0,17-Apr-17
OPTSTK,RELIANCE,29-Jun-17,1500,CE,0,0,0,30.5,60.65,0,0,31500,0,17-Apr-17
OPTSTK,RELIANCE,29-Jun-17,1520,CE,0,0,0,22.5,54.45,0,0,0,0,17-Apr-17
OPTSTK,RELIANCE,29-Jun-17,1540,CE,0,0,0,19.65,48.75,0,0,0,0,17-Apr-17
OPTSTK,RELIANCE,29-Jun-17,1560,CE,0,0,0,17.15,43.6,0,0,0,0,17-Apr-17
OPTSTK,RELIANCE,29-Jun-17,1580,CE,0,0,0,14.9,38.9,0,0,0,0,17-Apr-17
OPTSTK,RELIANCE,29-Jun-17,1600,CE,0,0,0,12.95,34.65,0,0,0,0,17-Apr-17
OPTSTK,RELIANCE,29-Jun-17,1620,CE,0,0,0,11.2,30.7,0,0,0,0,17-Apr-17
OPTSTK,RELIANCE,29-Jun-17,1640,CE,0,0,0,9.7,27.2,0,0,0,0,17-Apr-17
OPTSTK,RELIANCE,29-Jun-17,880,PE,0,0,0,0.9,0.2,0,0,0,0,17-Apr-17
OPTSTK,RELIANCE,29-Jun-17,900,PE,0,0,0,1.3,0.3,0,0,0,0,17-Apr-17
OPTSTK,RELIANCE,29-Jun-17,920,PE,0,0,0,1.8,0.45,0,0,0,0,17-Apr-17
OPTSTK,RELIANCE,29-Jun-17,940,PE,0,0,0,2.5,0.65,0,0,0,0,17-Apr-17
OPTSTK,RELIANCE,29-Jun-17,960,PE,0,0,0,3.4,0.9,0,0,0,0,17-Apr-17
OPTSTK,RELIANCE,29-Jun-17,980,PE,0,0,0,4.6,1.3,0,0,0,0,17-Apr-17
OPTSTK,RELIANCE,29-Jun-17,1000,PE,0,0,0,6.05,1.8,0,0,0,0,17-Apr-17
OPTSTK,RELIANCE,29-Jun-17,1020,PE,0,0,0,7.85,2.45,0,0,0,0,17-Apr-17
OPTSTK,RELIANCE,29-Jun-17,1040,PE,0,0,0,10.05,3.25,0,0,0,0,17-Apr-17
OPTSTK,RELIANCE,29-Jun-17,1060,PE,0,0,0,12.7,4.3,0,0,0,0,17-Apr-17
OPTSTK,RELIANCE,29-Jun-17,1080,PE,0,0,0,15.85,5.6,0,0,0,0,17-Apr-17
OPTSTK,RELIANCE,29-Jun-17,1100,PE,0,0,0,19.5,7.15,0,0,0,0,17-Apr-17
OPTSTK,RELIANCE,29-Jun-17,1120,PE,0,0,0,23.75,9.1,0,0,0,0,17-Apr-17
OPTSTK,RELIANCE,29-Jun-17,1140,PE,0,0,0,28.65,11.4,0,0,0,0,17-Apr-17
OPTSTK,RELIANCE,29-Jun-17,1160,PE,0,0,0,34.15,14.1,0,0,0,0,17-Apr-17
OPTSTK,RELIANCE,29-Jun-17,1180,PE,0,0,0,40.25,17.25,0,0,0,0,17-Apr-17
OPTSTK,RELIANCE,29-Jun-17,1200,PE,0,0,0,47.1,20.9,0,0,0,0,17-Apr-17
OPTSTK,RELIANCE,29-Jun-17,1220,PE,0,0,0,54.7,25.05,0,0,0,0,17-Apr-17
OPTSTK,RELIANCE,29-Jun-17,1240,PE,0,0,0,63,29.85,0,0,0,0,17-Apr-17
OPTSTK,RELIANCE,29-Jun-17,1260,PE,0,0,0,72.05,35.2,0,0,0,0,17-Apr-17
OPTSTK,RELIANCE,29-Jun-17,1280,PE,0,0,0,81.8,41.05,0,0,0,0,17-Apr-17
OPTSTK,RELIANCE,29-Jun-17,1300,PE,0,0,0,92.25,47.65,0,0,0,0,17-Apr-17
OPTSTK,RELIANCE,29-Jun-17,1320,PE,0,0,0,103.35,54.9,0,0,0,0,17-Apr-17
OPTSTK,RELIANCE,29-Jun-17,1340,PE,0,0,0,115.15,62.8,0,0,0,0,17-Apr-17
OPTSTK,RELIANCE,29-Jun-17,1360,PE,0,0,0,127.6,71.35,0,0,0,0,17-Apr-17
OPTSTK,RELIANCE,29-Jun-17,1380,PE,0,0,0,140.7,80.6,0,0,0,0,17-Apr-17
OPTSTK,RELIANCE,29-Jun-17,1400,PE,0,0,0,154.35,90.5,0,0,0,0,17-Apr-17
OPTSTK,RELIANCE,29-Jun-17,1420,PE,0,0,0,168.55,101.05,0,0,0,0,17-Apr-17
OPTSTK,RELIANCE,29-Jun-17,1440,PE,0,0,0,183.35,112.25,0,0,0,0,17-Apr-17
OPTSTK,RELIANCE,29-Jun-17,1460,PE,0,0,0,198.6,124.05,0,0,0,0,17-Apr-17
OPTSTK,RELIANCE,29-Jun-17,1480,PE,0,0,0,214.2,136.45,0,0,0,0,17-Apr-17
OPTSTK,RELIANCE,29-Jun-17,1500,PE,0,0,0,230.3,149.4,0,0,0,0,17-Apr-17
OPTSTK,RELIANCE,29-Jun-17,1520,PE,0,0,0,246.8,162.95,0,0,0,0,17-Apr-17
OPTSTK,RELIANCE,29-Jun-17,1540,PE,0,0,0,263.6,177,0,0,0,0,17-Apr-17
OPTSTK,RELIANCE,29-Jun-17,1560,PE,0,0,0,280.75,191.6,0,0,0,0,17-Apr-17
OPTSTK,RELIANCE,29-Jun-17,1580,PE,0,0,0,298.2,206.65,0,0,0,0,17-Apr-17
OPTSTK,RELIANCE,29-Jun-17,1600,PE,0,0,0,315.9,222.15,0,0,0,0,17-Apr-17
OPTSTK,RELIANCE,29-Jun-17,1620,PE,0,0,0,333.85,237.95,0,0,0,0,17-Apr-17
OPTSTK,RELIANCE,29-Jun-17,1640,PE,0,0,0,352,254.2,0,0,0,0,17-Apr-17
OPTSTK,RELINFRA,27-Apr-17,320,CE,0,0,0,206.05,248.1,0,0,0,0,17-Apr-17
OPTSTK,RELINFRA,27-Apr-17,340,CE,0,0,0,186.5,228.1,0,0,0,0,17-Apr-17
OPTSTK,RELINFRA,27-Apr-17,360,CE,0,0,0,167.1,208.15,0,0,0,0,17-Apr-17
OPTSTK,RELINFRA,27-Apr-17,380,CE,0,0,0,148.05,188.2,0,0,0,0,17-Apr-17
OPTSTK,RELINFRA,27-Apr-17,400,CE,0,0,0,183.5,168.2,0,0,1300,0,17-Apr-17
OPTSTK,RELINFRA,27-Apr-17,420,CE,0,0,0,163,148.25,0,0,0,0,17-Apr-17
OPTSTK,RELINFRA,27-Apr-17,440,CE,0,0,0,142.5,128.3,0,0,1300,0,17-Apr-17
OPTSTK,RELINFRA,27-Apr-17,460,CE,0,0,0,120,108.3,0,0,0,0,17-Apr-17
OPTSTK,RELINFRA,27-Apr-17,480,CE,0,0,0,95,88.35,0,0,1300,0,17-Apr-17
OPTSTK,RELINFRA,27-Apr-17,500,CE,64.6,64.6,64.6,64.6,64.6,1,7.33,18200,-1300,17-Apr-17
OPTSTK,RELINFRA,27-Apr-17,520,CE,0,0,0,65.7,49,0,0,5200,0,17-Apr-17
OPTSTK,RELINFRA,27-Apr-17,540,CE,23.35,32.2,23.35,32,32,7,51.73,22100,-1300,17-Apr-17
OPTSTK,RELINFRA,27-Apr-17,560,CE,14,19.95,12.9,19.15,19.15,963,7212.58,291200,-2600,17-Apr-17
OPTSTK,RELINFRA,27-Apr-17,580,CE,6.35,10.6,6.1,9.8,9.8,1749,13374.04,1034800,31200,17-Apr-17
OPTSTK,RELINFRA,27-Apr-17,600,CE,3.1,5.4,2.85,4.9,4.9,1131,8880.32,1095900,11700,17-Apr-17
OPTSTK,RELINFRA,27-Apr-17,620,CE,1.75,2.75,1.4,2.55,2.55,402,3250.96,747500,33800,17-Apr-17
OPTSTK,RELINFRA,27-Apr-17,640,CE,1.05,1.45,0.7,1.35,1.35,272,2266.49,378300,24700,17-Apr-17
OPTSTK,RELINFRA,27-Apr-17,660,CE,0.7,0.75,0.45,0.7,0.7,76,652.66,257400,33800,17-Apr-17
OPTSTK,RELINFRA,27-Apr-17,680,CE,0.25,0.4,0.25,0.4,0.4,18,159.19,62400,-5200,17-Apr-17
OPTSTK,RELINFRA,27-Apr-17,700,CE,0.2,0.2,0.15,0.15,0.15,17,154.74,13000,-22100,17-Apr-17
OPTSTK,RELINFRA,27-Apr-17,320,PE,0,0,0,0.1,0,0,0,0,0,17-Apr-17
OPTSTK,RELINFRA,27-Apr-17,340,PE,0,0,0,0.2,0,0,0,0,0,17-Apr-17
OPTSTK,RELINFRA,27-Apr-17,360,PE,0,0,0,0.5,0,0,0,0,0,17-Apr-17
OPTSTK,RELINFRA,27-Apr-17,380,PE,0,0,0,1.15,0,0,0,0,0,17-Apr-17
OPTSTK,RELINFRA,27-Apr-17,400,PE,0,0,0,2.25,0,0,0,0,0,17-Apr-17
OPTSTK,RELINFRA,27-Apr-17,420,PE,0,0,0,0.05,0,0,0,1300,0,17-Apr-17
OPTSTK,RELINFRA,27-Apr-17,440,PE,0,0,0,0.15,0,0,0,6500,0,17-Apr-17
OPTSTK,RELINFRA,27-Apr-17,460,PE,0.15,0.15,0.1,0.1,0.1,5,29.9,5200,-2600,17-Apr-17
OPTSTK,RELINFRA,27-Apr-17,480,PE,0.25,0.4,0.25,0.4,0.4,4,24.97,22100,1300,17-Apr-17
OPTSTK,RELINFRA,27-Apr-17,500,PE,0.75,0.95,0.5,0.6,0.6,159,1034.87,250900,-3900,17-Apr-17
OPTSTK,RELINFRA,27-Apr-17,520,PE,2.25,2.5,1.3,1.5,1.5,368,2496.41,317200,15600,17-Apr-17
OPTSTK,RELINFRA,27-Apr-17,540,PE,6.2,6.35,3.6,3.8,3.8,833,5901.7,416000,75400,17-Apr-17
OPTSTK,RELINFRA,27-Apr-17,560,PE,13.5,14.5,8.9,9.3,9.3,758,5633.73,349700,26000,17-Apr-17
OPTSTK,RELINFRA,27-Apr-17,580,PE,27.15,27.15,20.6,20.6,20.6,41,321.78,153400,-15600,17-Apr-17
OPTSTK,RELINFRA,27-Apr-17,600,PE,0,0,0,40,34,0,0,52000,0,17-Apr-17
OPTSTK,RELINFRA,27-Apr-17,620,PE,0,0,0,60.05,52.15,0,0,13000,0,17-Apr-17
OPTSTK,RELINFRA,27-Apr-17,640,PE,0,0,0,75.55,71.55,0,0,7800,0,17-Apr-17
OPTSTK,RELINFRA,27-Apr-17,660,PE,0,0,0,94.05,91.4,0,0,2600,0,17-Apr-17
OPTSTK,RELINFRA,27-Apr-17,680,PE,0,0,0,152.35,111.35,0,0,0,0,17-Apr-17
OPTSTK,RELINFRA,27-Apr-17,700,PE,0,0,0,170.8,131.3,0,0,0,0,17-Apr-17
OPTSTK,RELINFRA,25-May-17,360,CE,0,0,0,202.3,209.95,0,0,0,0,17-Apr-17
OPTSTK,RELINFRA,25-May-17,380,CE,0,0,0,182.9,190.1,0,0,0,0,17-Apr-17
OPTSTK,RELINFRA,25-May-17,400,CE,0,0,0,163.8,170.2,0,0,0,0,17-Apr-17
OPTSTK,RELINFRA,25-May-17,420,CE,0,0,0,145.1,150.4,0,0,0,0,17-Apr-17
OPTSTK,RELINFRA,25-May-17,440,CE,0,0,0,127.05,130.6,0,0,0,0,17-Apr-17
OPTSTK,RELINFRA,25-May-17,460,CE,0,0,0,109.85,111,0,0,0,0,17-Apr-17
OPTSTK,RELINFRA,25-May-17,480,CE,0,0,0,93.75,91.8,0,0,0,0,17-Apr-17
OPTSTK,RELINFRA,25-May-17,500,CE,0,0,0,79,73.5,0,0,0,0,17-Apr-17
OPTSTK,RELINFRA,25-May-17,520,CE,0,0,0,65.6,56.65,0,0,0,0,17-Apr-17
OPTSTK,RELINFRA,25-May-17,540,CE,0,0,0,53.75,41.8,0,0,0,0,17-Apr-17
OPTSTK,RELINFRA,25-May-17,560,CE,29.15,30.2,29.15,30.2,30.2,3,23,5200,2600,17-Apr-17
OPTSTK,RELINFRA,25-May-17,580,CE,20,21.4,20,21.4,21.4,3,23.43,9100,1300,17-Apr-17
OPTSTK,RELINFRA,25-May-17,600,CE,13.1,14.4,13.1,14.4,14.4,2,15.95,31200,1300,17-Apr-17
OPTSTK,RELINFRA,25-May-17,620,CE,8.4,11.15,8.4,11.15,11.15,3,24.56,5200,2600,17-Apr-17
OPTSTK,RELINFRA,25-May-17,640,CE,0,0,0,16.4,4.4,0,0,0,0,17-Apr-17
OPTSTK,RELINFRA,25-May-17,660,CE,0,0,0,12.5,2.45,0,0,0,0,17-Apr-17
OPTSTK,RELINFRA,25-May-17,680,CE,0,0,0,9.45,1.3,0,0,0,0,17-Apr-17
OPTSTK,RELINFRA,25-May-17,700,CE,0,0,0,7.05,0.65,0,0,0,0,17-Apr-17
OPTSTK,RELINFRA,25-May-17,360,PE,0,0,0,0.2,0,0,0,0,0,17-Apr-17
OPTSTK,RELINFRA,25-May-17,380,PE,0,0,0,0.5,0,0,0,0,0,17-Apr-17
OPTSTK,RELINFRA,25-May-17,400,PE,0,0,0,1.05,0,0,0,0,0,17-Apr-17
OPTSTK,RELINFRA,25-May-17,420,PE,0,0,0,2.05,0.05,0,0,0,0,17-Apr-17
OPTSTK,RELINFRA,25-May-17,440,PE,0,0,0,3.7,0.1,0,0,0,0,17-Apr-17
OPTSTK,RELINFRA,25-May-17,460,PE,0,0,0,6.2,0.4,0,0,0,0,17-Apr-17
OPTSTK,RELINFRA,25-May-17,480,PE,0,0,0,2.8,1.1,0,0,1300,0,17-Apr-17
OPTSTK,RELINFRA,25-May-17,500,PE,0,0,0,14.7,2.65,0,0,0,0,17-Apr-17
OPTSTK,RELINFRA,25-May-17,520,PE,6.35,6.35,6.25,6.25,6.25,2,13.68,10400,2600,17-Apr-17
OPTSTK,RELINFRA,25-May-17,540,PE,14.3,14.3,11,11,11,6,43.14,15600,1300,17-Apr-17
OPTSTK,RELINFRA,25-May-17,560,PE,20,20,20,20,20,1,7.54,11700,1300,17-Apr-17
OPTSTK,RELINFRA,25-May-17,580,PE,0,0,0,35,28.3,0,0,3900,0,17-Apr-17
OPTSTK,RELINFRA,25-May-17,600,PE,0,0,0,45,41,0,0,3900,0,17-Apr-17
OPTSTK,RELINFRA,25-May-17,620,PE,0,0,0,75.1,55.95,0,0,0,0,17-Apr-17
OPTSTK,RELINFRA,25-May-17,640,PE,0,0,0,89.95,72.6,0,0,0,0,17-Apr-17
OPTSTK,RELINFRA,25-May-17,660,PE,0,0,0,105.7,90.45,0,0,0,0,17-Apr-17
OPTSTK,RELINFRA,25-May-17,680,PE,0,0,0,122.3,109.2,0,0,0,0,17-Apr-17
OPTSTK,RELINFRA,25-May-17,700,PE,0,0,0,139.6,128.45,0,0,0,0,17-Apr-17
OPTSTK,RELINFRA,29-Jun-17,360,CE,0,0,0,209.85,212.2,0,0,0,0,17-Apr-17
OPTSTK,RELINFRA,29-Jun-17,380,CE,0,0,0,190.25,192.45,0,0,0,0,17-Apr-17
OPTSTK,RELINFRA,29-Jun-17,400,CE,0,0,0,170.75,172.8,0,0,0,0,17-Apr-17
OPTSTK,RELINFRA,29-Jun-17,420,CE,0,0,0,151.55,153.3,0,0,0,0,17-Apr-17
OPTSTK,RELINFRA,29-Jun-17,440,CE,0,0,0,132.7,134.1,0,0,0,0,17-Apr-17
OPTSTK,RELINFRA,29-Jun-17,460,CE,0,0,0,114.5,115.4,0,0,0,0,17-Apr-17
OPTSTK,RELINFRA,29-Jun-17,480,CE,0,0,0,97.2,97.5,0,0,0,0,17-Apr-17
OPTSTK,RELINFRA,29-Jun-17,500,CE,0,0,0,81.15,80.75,0,0,0,0,17-Apr-17
OPTSTK,RELINFRA,29-Jun-17,520,CE,0,0,0,66.5,65.45,0,0,0,0,17-Apr-17
OPTSTK,RELINFRA,29-Jun-17,540,CE,0,0,0,53.5,51.85,0,0,0,0,17-Apr-17
OPTSTK,RELINFRA,29-Jun-17,560,CE,0,0,0,42.25,40.1,0,0,0,0,17-Apr-17
OPTSTK,RELINFRA,29-Jun-17,580,CE,0,0,0,32.75,30.35,0,0,0,0,17-Apr-17
OPTSTK,RELINFRA,29-Jun-17,600,CE,0,0,0,24.9,22.45,0,0,0,0,17-Apr-17
OPTSTK,RELINFRA,29-Jun-17,620,CE,0,0,0,18.6,16.2,0,0,0,0,17-Apr-17
OPTSTK,RELINFRA,29-Jun-17,640,CE,0,0,0,13.7,11.45,0,0,0,0,17-Apr-17
OPTSTK,RELINFRA,29-Jun-17,660,CE,0,0,0,9.9,7.95,0,0,0,0,17-Apr-17
OPTSTK,RELINFRA,29-Jun-17,680,CE,0,0,0,7.05,5.4,0,0,0,0,17-Apr-17
OPTSTK,RELINFRA,29-Jun-17,700,CE,0,0,0,4.95,3.6,0,0,0,0,17-Apr-17
OPTSTK,RELINFRA,29-Jun-17,360,PE,0,0,0,0.05,0.05,0,0,0,0,17-Apr-17
OPTSTK,RELINFRA,29-Jun-17,380,PE,0,0,0,0.15,0.05,0,0,0,0,17-Apr-17
OPTSTK,RELINFRA,29-Jun-17,400,PE,0,0,0,0.3,0.15,0,0,0,0,17-Apr-17
OPTSTK,RELINFRA,29-Jun-17,420,PE,0,0,0,0.75,0.4,0,0,0,0,17-Apr-17
OPTSTK,RELINFRA,29-Jun-17,440,PE,0,0,0,1.6,0.9,0,0,0,0,17-Apr-17
OPTSTK,RELINFRA,29-Jun-17,460,PE,0,0,0,3.05,1.95,0,0,0,0,17-Apr-17
OPTSTK,RELINFRA,29-Jun-17,480,PE,0,0,0,5.45,3.8,0,0,0,0,17-Apr-17
OPTSTK,RELINFRA,29-Jun-17,500,PE,0,0,0,9.05,6.8,0,0,0,0,17-Apr-17
OPTSTK,RELINFRA,29-Jun-17,520,PE,0,0,0,14.1,11.25,0,0,0,0,17-Apr-17
OPTSTK,RELINFRA,29-Jun-17,540,PE,0,0,0,20.75,17.35,0,0,0,0,17-Apr-17
OPTSTK,RELINFRA,29-Jun-17,560,PE,0,0,0,29.15,25.4,0,0,0,0,17-Apr-17
OPTSTK,RELINFRA,29-Jun-17,580,PE,0,0,0,39.3,35.35,0,0,0,0,17-Apr-17
OPTSTK,RELINFRA,29-Jun-17,600,PE,0,0,0,51.15,47.2,0,0,0,0,17-Apr-17
OPTSTK,RELINFRA,29-Jun-17,620,PE,0,0,0,64.55,60.7,0,0,0,0,17-Apr-17
OPTSTK,RELINFRA,29-Jun-17,640,PE,0,0,0,79.3,75.7,0,0,0,0,17-Apr-17
OPTSTK,RELINFRA,29-Jun-17,660,PE,0,0,0,95.2,91.95,0,0,0,0,17-Apr-17
OPTSTK,RELINFRA,29-Jun-17,680,PE,0,0,0,112,109.1,0,0,0,0,17-Apr-17
OPTSTK,RELINFRA,29-Jun-17,700,PE,0,0,0,129.55,127.05,0,0,0,0,17-Apr-17
OPTSTK,RPOWER,27-Apr-17,25,CE,0,0,0,19.45,22.9,0,0,0,0,17-Apr-17
OPTSTK,RPOWER,27-Apr-17,27.5,CE,0,0,0,16.95,20.4,0,0,0,0,17-Apr-17
OPTSTK,RPOWER,27-Apr-17,30,CE,0,0,0,14.5,17.9,0,0,0,0,17-Apr-17
OPTSTK,RPOWER,27-Apr-17,32.5,CE,0,0,0,12.05,15.45,0,0,0,0,17-Apr-17
OPTSTK,RPOWER,27-Apr-17,35,CE,0,0,0,9.65,12.95,0,0,0,0,17-Apr-17
OPTSTK,RPOWER,27-Apr-17,37.5,CE,0,0,0,7.4,10.45,0,0,0,0,17-Apr-17
OPTSTK,RPOWER,27-Apr-17,40,CE,0,0,0,5.3,7.95,0,0,0,0,17-Apr-17
OPTSTK,RPOWER,27-Apr-17,42.5,CE,0,0,0,5.65,5.45,0,0,48000,0,17-Apr-17
OPTSTK,RPOWER,27-Apr-17,45,CE,3,3.15,2.65,3.15,3.15,10,57.5,156000,36000,17-Apr-17
OPTSTK,RPOWER,27-Apr-17,47.5,CE,1.7,1.85,1.05,1.3,1.3,126,737.96,1428000,144000,17-Apr-17
OPTSTK,RPOWER,27-Apr-17,50,CE,0.65,0.8,0.4,0.55,0.55,546,3311.59,7836000,984000,17-Apr-17
OPTSTK,RPOWER,27-Apr-17,52.5,CE,0.4,0.4,0.15,0.2,0.2,182,1151.25,4176000,480000,17-Apr-17
OPTSTK,RPOWER,27-Apr-17,55,CE,0.15,0.2,0.05,0.1,0.1,174,1150.62,3312000,264000,17-Apr-17
OPTSTK,RPOWER,27-Apr-17,57.5,CE,0.05,0.05,0.05,0.05,0.05,18,124.3,648000,60000,17-Apr-17
OPTSTK,RPOWER,27-Apr-17,60,CE,0.05,0.05,0.05,0.05,0.05,9,64.85,1596000,108000,17-Apr-17
OPTSTK,RPOWER,27-Apr-17,62.5,CE,0,0,0,0.05,0,0,0,0,0,17-Apr-17
OPTSTK,RPOWER,27-Apr-17,25,PE,0,0,0,0.05,0,0,0,0,0,17-Apr-17
OPTSTK,RPOWER,27-Apr-17,27.5,PE,0,0,0,0.05,0,0,0,0,0,17-Apr-17
OPTSTK,RPOWER,27-Apr-17,30,PE,0,0,0,0.05,0,0,0,0,0,17-Apr-17
OPTSTK,RPOWER,27-Apr-17,32.5,PE,0,0,0,0.05,0,0,0,0,0,17-Apr-17
OPTSTK,RPOWER,27-Apr-17,35,PE,0,0,0,0.05,0,0,0,24000,0,17-Apr-17
OPTSTK,RPOWER,27-Apr-17,37.5,PE,0,0,0,0.05,0,0,0,24000,0,17-Apr-17
OPTSTK,RPOWER,27-Apr-17,40,PE,0.1,0.1,0.05,0.05,0.05,19,91.32,396000,108000,17-Apr-17
OPTSTK,RPOWER,27-Apr-17,42.5,PE,0.2,0.2,0.05,0.1,0.1,27,138.09,1236000,60000,17-Apr-17
OPTSTK,RPOWER,27-Apr-17,45,PE,0.3,0.4,0.2,0.25,0.25,180,977.48,2124000,12000,17-Apr-17
OPTSTK,RPOWER,27-Apr-17,47.5,PE,0.95,1.35,0.7,0.9,0.9,149,866.12,2472000,12000,17-Apr-17
OPTSTK,RPOWER,27-Apr-17,50,PE,2.45,3.1,2.35,2.6,2.6,19,120.03,636000,-60000,17-Apr-17
OPTSTK,RPOWER,27-Apr-17,52.5,PE,5.05,5.05,4.75,4.75,4.75,7,48.27,36000,0,17-Apr-17
OPTSTK,RPOWER,27-Apr-17,55,PE,0,0,0,7.25,7.1,0,0,36000,0,17-Apr-17
OPTSTK,RPOWER,27-Apr-17,57.5,PE,0,0,0,12.65,9.55,0,0,0,0,17-Apr-17
OPTSTK,RPOWER,27-Apr-17,60,PE,0,0,0,10.65,12.05,0,0,144000,0,17-Apr-17
OPTSTK,RPOWER,27-Apr-17,62.5,PE,0,0,0,17.5,14.55,0,0,0,0,17-Apr-17
OPTSTK,RPOWER,25-May-17,25,CE,0,0,0,21.4,23.05,0,0,0,0,17-Apr-17
OPTSTK,RPOWER,25-May-17,27.5,CE,0,0,0,18.95,20.55,0,0,0,0,17-Apr-17
OPTSTK,RPOWER,25-May-17,30,CE,0,0,0,16.5,18.05,0,0,0,0,17-Apr-17
OPTSTK,RPOWER,25-May-17,32.5,CE,0,0,0,14.05,15.6,0,0,0,0,17-Apr-17
OPTSTK,RPOWER,25-May-17,35,CE,0,0,0,11.6,13.1,0,0,0,0,17-Apr-17
OPTSTK,RPOWER,25-May-17,37.5,CE,0,0,0,9.25,10.65,0,0,0,0,17-Apr-17
OPTSTK,RPOWER,25-May-17,40,CE,0,0,0,7.05,8.2,0,0,0,0,17-Apr-17
OPTSTK,RPOWER,25-May-17,42.5,CE,0,0,0,5.15,5.85,0,0,0,0,17-Apr-17
OPTSTK,RPOWER,25-May-17,45,CE,0,0,0,3.5,3.8,0,0,0,0,17-Apr-17
OPTSTK,RPOWER,25-May-17,47.5,CE,0,0,0,2.3,2.2,0,0,0,0,17-Apr-17
OPTSTK,RPOWER,25-May-17,50,CE,0,0,0,2,1.1,0,0,12000,0,17-Apr-17
OPTSTK,RPOWER,25-May-17,52.5,CE,0,0,0,2,0.5,0,0,36000,0,17-Apr-17
OPTSTK,RPOWER,25-May-17,55,CE,0.65,0.65,0.6,0.6,0.6,2,13.35,24000,24000,17-Apr-17
OPTSTK,RPOWER,25-May-17,57.5,CE,0,0,0,0.25,0.1,0,0,0,0,17-Apr-17
OPTSTK,RPOWER,25-May-17,60,CE,0,0,0,0.15,0.05,0,0,0,0,17-Apr-17
OPTSTK,RPOWER,25-May-17,62.5,CE,0,0,0,1,0.05,0,0,0,0,17-Apr-17
OPTSTK,RPOWER,25-May-17,25,PE,0,0,0,0.05,0,0,0,0,0,17-Apr-17
OPTSTK,RPOWER,25-May-17,27.5,PE,0,0,0,0.05,0,0,0,0,0,17-Apr-17
OPTSTK,RPOWER,25-May-17,30,PE,0,0,0,0.05,0,0,0,0,0,17-Apr-17
OPTSTK,RPOWER,25-May-17,32.5,PE,0,0,0,0.05,0,0,0,0,0,17-Apr-17
OPTSTK,RPOWER,25-May-17,35,PE,0,0,0,0.05,0,0,0,0,0,17-Apr-17
OPTSTK,RPOWER,25-May-17,37.5,PE,0,0,0,0.15,0.05,0,0,0,0,17-Apr-17
OPTSTK,RPOWER,25-May-17,40,PE,0,0,0,0.45,0.05,0,0,0,0,17-Apr-17
OPTSTK,RPOWER,25-May-17,42.5,PE,0,0,0,0.95,0.2,0,0,0,0,17-Apr-17
OPTSTK,RPOWER,25-May-17,45,PE,0,0,0,1.8,0.65,0,0,0,0,17-Apr-17
OPTSTK,RPOWER,25-May-17,47.5,PE,0,0,0,1.7,1.55,0,0,24000,0,17-Apr-17
OPTSTK,RPOWER,25-May-17,50,PE,0,0,0,2.5,2.95,0,0,12000,0,17-Apr-17
OPTSTK,RPOWER,25-May-17,52.5,PE,0,0,0,6.5,4.8,0,0,0,0,17-Apr-17
OPTSTK,RPOWER,25-May-17,55,PE,0,0,0,8.6,7,0,0,0,0,17-Apr-17
OPTSTK,RPOWER,25-May-17,57.5,PE,0,0,0,10.85,9.35,0,0,0,0,17-Apr-17
OPTSTK,RPOWER,25-May-17,60,PE,0,0,0,13.2,11.8,0,0,0,0,17-Apr-17
OPTSTK,RPOWER,25-May-17,62.5,PE,0,0,0,15.6,14.25,0,0,0,0,17-Apr-17
OPTSTK,RPOWER,29-Jun-17,25,CE,0,0,0,23.2,23.2,0,0,0,0,17-Apr-17
OPTSTK,RPOWER,29-Jun-17,27.5,CE,0,0,0,20.7,20.75,0,0,0,0,17-Apr-17
OPTSTK,RPOWER,29-Jun-17,30,CE,0,0,0,18.25,18.25,0,0,0,0,17-Apr-17
OPTSTK,RPOWER,29-Jun-17,32.5,CE,0,0,0,15.8,15.8,0,0,0,0,17-Apr-17
OPTSTK,RPOWER,29-Jun-17,35,CE,0,0,0,13.35,13.35,0,0,0,0,17-Apr-17
OPTSTK,RPOWER,29-Jun-17,37.5,CE,0,0,0,10.95,10.9,0,0,0,0,17-Apr-17
OPTSTK,RPOWER,29-Jun-17,40,CE,0,0,0,8.65,8.6,0,0,0,0,17-Apr-17
OPTSTK,RPOWER,29-Jun-17,42.5,CE,0,0,0,6.55,6.45,0,0,0,0,17-Apr-17
OPTSTK,RPOWER,29-Jun-17,45,CE,0,0,0,4.7,4.55,0,0,0,0,17-Apr-17
OPTSTK,RPOWER,29-Jun-17,47.5,CE,0,0,0,3.2,3.05,0,0,0,0,17-Apr-17
OPTSTK,RPOWER,29-Jun-17,50,CE,0,0,0,2.1,1.9,0,0,0,0,17-Apr-17
OPTSTK,RPOWER,29-Jun-17,52.5,CE,0,0,0,1.3,1.15,0,0,0,0,17-Apr-17
OPTSTK,RPOWER,29-Jun-17,55,CE,0,0,0,0.75,0.65,0,0,0,0,17-Apr-17
OPTSTK,RPOWER,29-Jun-17,57.5,CE,0,0,0,0.45,0.35,0,0,0,0,17-Apr-17
OPTSTK,RPOWER,29-Jun-17,60,CE,0,0,0,0.25,0.2,0,0,0,0,17-Apr-17
OPTSTK,RPOWER,29-Jun-17,62.5,CE,0,0,0,0.15,0.1,0,0,0,0,17-Apr-17
OPTSTK,RPOWER,29-Jun-17,25,PE,0,0,0,0.05,0,0,0,0,0,17-Apr-17
OPTSTK,RPOWER,29-Jun-17,27.5,PE,0,0,0,0.05,0,0,0,0,0,17-Apr-17
OPTSTK,RPOWER,29-Jun-17,30,PE,0,0,0,0.05,0,0,0,0,0,17-Apr-17
OPTSTK,RPOWER,29-Jun-17,32.5,PE,0,0,0,0.05,0,0,0,0,0,17-Apr-17
OPTSTK,RPOWER,29-Jun-17,35,PE,0,0,0,0.05,0.05,0,0,0,0,17-Apr-17
OPTSTK,RPOWER,29-Jun-17,37.5,PE,0,0,0,0.1,0.1,0,0,0,0,17-Apr-17
OPTSTK,RPOWER,29-Jun-17,40,PE,0,0,0,0.25,0.2,0,0,0,0,17-Apr-17
OPTSTK,RPOWER,29-Jun-17,42.5,PE,0,0,0,0.6,0.55,0,0,0,0,17-Apr-17
OPTSTK,RPOWER,29-Jun-17,45,PE,0,0,0,1.2,1.15,0,0,0,0,17-Apr-17
OPTSTK,RPOWER,29-Jun-17,47.5,PE,0,0,0,2.2,2.1,0,0,0,0,17-Apr-17
OPTSTK,RPOWER,29-Jun-17,50,PE,0,0,0,3.5,3.45,0,0,0,0,17-Apr-17
OPTSTK,RPOWER,29-Jun-17,52.5,PE,0,0,0,5.15,5.1,0,0,0,0,17-Apr-17
OPTSTK,RPOWER,29-Jun-17,55,PE,0,0,0,7.1,7.1,0,0,0,0,17-Apr-17
OPTSTK,RPOWER,29-Jun-17,57.5,PE,0,0,0,9.25,9.25,0,0,0,0,17-Apr-17
OPTSTK,RPOWER,29-Jun-17,60,PE,0,0,0,11.5,11.55,0,0,0,0,17-Apr-17
OPTSTK,RPOWER,29-Jun-17,62.5,PE,0,0,0,13.85,13.95,0,0,0,0,17-Apr-17
OPTSTK,SAIL,27-Apr-17,37.5,CE,0,0,0,25.2,23.85,0,0,0,0,17-Apr-17
OPTSTK,SAIL,27-Apr-17,40,CE,0,0,0,21.35,21.35,0,0,24000,0,17-Apr-17
OPTSTK,SAIL,27-Apr-17,42.5,CE,0,0,0,20.4,18.85,0,0,0,0,17-Apr-17
OPTSTK,SAIL,27-Apr-17,45,CE,0,0,0,18.1,16.35,0,0,0,0,17-Apr-17
OPTSTK,SAIL,27-Apr-17,47.5,CE,0,0,0,15.85,13.85,0,0,0,0,17-Apr-17
OPTSTK,SAIL,27-Apr-17,50,CE,0,0,0,15.3,11.35,0,0,12000,0,17-Apr-17
OPTSTK,SAIL,27-Apr-17,52.5,CE,0,0,0,11.8,8.9,0,0,0,0,17-Apr-17
OPTSTK,SAIL,27-Apr-17,55,CE,0,0,0,11.8,6.45,0,0,120000,0,17-Apr-17
OPTSTK,SAIL,27-Apr-17,57.5,CE,3.55,3.55,3.55,3.55,3.55,1,7.32,36000,0,17-Apr-17
OPTSTK,SAIL,27-Apr-17,60,CE,2.45,3.5,2.2,2.4,2.4,29,217.71,396000,72000,17-Apr-17
OPTSTK,SAIL,27-Apr-17,62.5,CE,1.2,1.7,0.9,1.05,1.05,289,2209.83,2172000,840000,17-Apr-17
OPTSTK,SAIL,27-Apr-17,65,CE,0.5,0.85,0.4,0.5,0.5,476,3747.13,4692000,816000,17-Apr-17
OPTSTK,SAIL,27-Apr-17,67.5,CE,0.3,0.4,0.15,0.2,0.2,196,1593.75,3624000,336000,17-Apr-17
OPTSTK,SAIL,27-Apr-17,70,CE,0.15,0.25,0.1,0.15,0.15,309,2601.37,6588000,228000,17-Apr-17
OPTSTK,SAIL,27-Apr-17,72.5,CE,0.1,0.1,0.05,0.05,0.05,26,226.4,2172000,36000,17-Apr-17
OPTSTK,SAIL,27-Apr-17,75,CE,0.05,0.05,0.05,0.05,0.05,34,306.2,2352000,-84000,17-Apr-17
OPTSTK,SAIL,27-Apr-17,77.5,CE,0.05,0.05,0.05,0.05,0.05,4,37.22,348000,0,17-Apr-17
OPTSTK,SAIL,27-Apr-17,80,CE,0.05,0.05,0.05,0.05,0.05,3,28.81,288000,36000,17-Apr-17
OPTSTK,SAIL,27-Apr-17,37.5,PE,0,0,0,0.05,0,0,0,0,0,17-Apr-17
OPTSTK,SAIL,27-Apr-17,40,PE,0,0,0,0.1,0,0,0,0,0,17-Apr-17
OPTSTK,SAIL,27-Apr-17,42.5,PE,0,0,0,0.15,0,0,0,0,0,17-Apr-17
OPTSTK,SAIL,27-Apr-17,45,PE,0,0,0,0.3,0,0,0,0,0,17-Apr-17
OPTSTK,SAIL,27-Apr-17,47.5,PE,0,0,0,0.55,0,0,0,0,0,17-Apr-17
OPTSTK,SAIL,27-Apr-17,50,PE,0,0,0,0.05,0,0,0,36000,0,17-Apr-17
OPTSTK,SAIL,27-Apr-17,52.5,PE,0.05,0.05,0.05,0.05,0.05,2,12.61,624000,0,17-Apr-17
OPTSTK,SAIL,27-Apr-17,55,PE,0.1,0.1,0.05,0.1,0.1,43,284.26,1008000,0,17-Apr-17
OPTSTK,SAIL,27-Apr-17,57.5,PE,0.35,0.35,0.2,0.3,0.3,102,707.11,864000,-60000,17-Apr-17
OPTSTK,SAIL,27-Apr-17,60,PE,0.9,0.95,0.5,0.9,0.9,270,1969.27,4284000,720000,17-Apr-17
OPTSTK,SAIL,27-Apr-17,62.5,PE,2,2.3,1.35,2.05,2.05,81,624.22,1500000,12000,17-Apr-17
OPTSTK,SAIL,27-Apr-17,65,PE,3.75,4.1,3,3.75,3.75,16,131.83,1440000,12000,17-Apr-17
OPTSTK,SAIL,27-Apr-17,67.5,PE,6.05,6.05,6,6,6,2,17.64,324000,0,17-Apr-17
OPTSTK,SAIL,27-Apr-17,70,PE,9,9,7.45,7.75,7.75,3,28.1,168000,-12000,17-Apr-17
OPTSTK,SAIL,27-Apr-17,72.5,PE,0,0,0,11.55,11.15,0,0,0,0,17-Apr-17
OPTSTK,SAIL,27-Apr-17,75,PE,0,0,0,13.5,13.65,0,0,0,0,17-Apr-17
OPTSTK,SAIL,27-Apr-17,77.5,PE,0,0,0,15.55,16.15,0,0,0,0,17-Apr-17
OPTSTK,SAIL,27-Apr-17,80,PE,0,0,0,18,18.65,0,0,12000,0,17-Apr-17
OPTSTK,SAIL,25-May-17,37.5,CE,0,0,0,23.25,24,0,0,0,0,17-Apr-17
OPTSTK,SAIL,25-May-17,40,CE,0,0,0,20.85,21.55,0,0,0,0,17-Apr-17
OPTSTK,SAIL,25-May-17,42.5,CE,0,0,0,18.45,19.05,0,0,0,0,17-Apr-17
OPTSTK,SAIL,25-May-17,45,CE,0,0,0,16.2,16.6,0,0,0,0,17-Apr-17
OPTSTK,SAIL,25-May-17,47.5,CE,0,0,0,14,14.15,0,0,0,0,17-Apr-17
OPTSTK,SAIL,25-May-17,50,CE,0,0,0,11.95,11.8,0,0,0,0,17-Apr-17
OPTSTK,SAIL,25-May-17,52.5,CE,0,0,0,10.1,9.55,0,0,0,0,17-Apr-17
OPTSTK,SAIL,25-May-17,55,CE,0,0,0,8.4,7.5,0,0,0,0,17-Apr-17
OPTSTK,SAIL,25-May-17,57.5,CE,0,0,0,6.85,5.7,0,0,0,0,17-Apr-17
OPTSTK,SAIL,25-May-17,60,CE,0,0,0,5.55,4.15,0,0,0,0,17-Apr-17
OPTSTK,SAIL,25-May-17,62.5,CE,0,0,0,4.45,2.9,0,0,0,0,17-Apr-17
OPTSTK,SAIL,25-May-17,65,CE,1.6,1.8,1.6,1.75,1.75,8,64.06,84000,84000,17-Apr-17
OPTSTK,SAIL,25-May-17,67.5,CE,1.2,1.2,1,1,1,2,16.46,84000,12000,17-Apr-17
OPTSTK,SAIL,25-May-17,70,CE,0.7,0.75,0.7,0.75,0.75,2,16.97,12000,12000,17-Apr-17
OPTSTK,SAIL,25-May-17,72.5,CE,0,0,0,1.65,0.5,0,0,0,0,17-Apr-17
OPTSTK,SAIL,25-May-17,75,CE,0,0,0,1.25,0.3,0,0,0,0,17-Apr-17
OPTSTK,SAIL,25-May-17,77.5,CE,0,0,0,0.95,0.2,0,0,0,0,17-Apr-17
OPTSTK,SAIL,25-May-17,80,CE,0.5,0.5,0.2,0.2,0.2,2,19.28,24000,24000,17-Apr-17
OPTSTK,SAIL,25-May-17,37.5,PE,0,0,0,0.05,0,0,0,0,0,17-Apr-17
OPTSTK,SAIL,25-May-17,40,PE,0,0,0,0.1,0,0,0,0,0,17-Apr-17
OPTSTK,SAIL,25-May-17,42.5,PE,0,0,0,0.2,0.05,0,0,0,0,17-Apr-17
OPTSTK,SAIL,25-May-17,45,PE,0,0,0,0.4,0.05,0,0,0,0,17-Apr-17
OPTSTK,SAIL,25-May-17,47.5,PE,0,0,0,0.65,0.1,0,0,0,0,17-Apr-17
OPTSTK,SAIL,25-May-17,50,PE,0,0,0,1.1,0.2,0,0,0,0,17-Apr-17
OPTSTK,SAIL,25-May-17,52.5,PE,0,0,0,1.65,0.45,0,0,0,0,17-Apr-17
OPTSTK,SAIL,25-May-17,55,PE,0,0,0,2.4,0.85,0,0,0,0,17-Apr-17
OPTSTK,SAIL,25-May-17,57.5,PE,1.05,1.2,1.05,1.2,1.2,3,21.1,36000,36000,17-Apr-17
OPTSTK,SAIL,25-May-17,60,PE,2,2.2,1.85,2.2,2.2,15,111.82,204000,132000,17-Apr-17
OPTSTK,SAIL,25-May-17,62.5,PE,3,3,3,3,3,1,7.86,36000,12000,17-Apr-17
OPTSTK,SAIL,25-May-17,65,PE,0,0,0,4.2,5.3,0,0,24000,0,17-Apr-17
OPTSTK,SAIL,25-May-17,67.5,PE,0,0,0,9.1,7.1,0,0,0,0,17-Apr-17
OPTSTK,SAIL,25-May-17,70,PE,0,0,0,10.95,9.1,0,0,0,0,17-Apr-17
OPTSTK,SAIL,25-May-17,72.5,PE,0,0,0,12.9,11.3,0,0,0,0,17-Apr-17
OPTSTK,SAIL,25-May-17,75,PE,0,0,0,14.95,13.55,0,0,0,0,17-Apr-17
OPTSTK,SAIL,25-May-17,77.5,PE,0,0,0,17.15,15.9,0,0,0,0,17-Apr-17
OPTSTK,SAIL,25-May-17,80,PE,0,0,0,19.35,18.3,0,0,0,0,17-Apr-17
OPTSTK,SAIL,29-Jun-17,37.5,CE,0,0,0,24.2,24.25,0,0,0,0,17-Apr-17
OPTSTK,SAIL,29-Jun-17,40,CE,0,0,0,21.75,21.8,0,0,0,0,17-Apr-17
OPTSTK,SAIL,29-Jun-17,42.5,CE,0,0,0,19.4,19.4,0,0,0,0,17-Apr-17
OPTSTK,SAIL,29-Jun-17,45,CE,0,0,0,17.05,17,0,0,0,0,17-Apr-17
OPTSTK,SAIL,29-Jun-17,47.5,CE,0,0,0,14.8,14.7,0,0,0,0,17-Apr-17
OPTSTK,SAIL,29-Jun-17,50,CE,0,0,0,12.65,12.55,0,0,0,0,17-Apr-17
OPTSTK,SAIL,29-Jun-17,52.5,CE,0,0,0,10.65,10.5,0,0,0,0,17-Apr-17
OPTSTK,SAIL,29-Jun-17,55,CE,0,0,0,8.85,8.65,0,0,0,0,17-Apr-17
OPTSTK,SAIL,29-Jun-17,57.5,CE,0,0,0,7.25,7,0,0,0,0,17-Apr-17
OPTSTK,SAIL,29-Jun-17,60,CE,0,0,0,5.85,5.55,0,0,0,0,17-Apr-17
OPTSTK,SAIL,29-Jun-17,62.5,CE,0,0,0,4.65,4.35,0,0,0,0,17-Apr-17
OPTSTK,SAIL,29-Jun-17,65,CE,0,0,0,3.65,3.35,0,0,0,0,17-Apr-17
OPTSTK,SAIL,29-Jun-17,67.5,CE,0,0,0,2.8,2.55,0,0,0,0,17-Apr-17
OPTSTK,SAIL,29-Jun-17,70,CE,0,0,0,2.15,1.9,0,0,0,0,17-Apr-17
OPTSTK,SAIL,29-Jun-17,72.5,CE,0,0,0,1.65,1.4,0,0,0,0,17-Apr-17
OPTSTK,SAIL,29-Jun-17,75,CE,0,0,0,1.2,1.05,0,0,0,0,17-Apr-17
OPTSTK,SAIL,29-Jun-17,77.5,CE,0,0,0,0.9,0.75,0,0,0,0,17-Apr-17
OPTSTK,SAIL,29-Jun-17,80,CE,0,0,0,0.65,0.55,0,0,0,0,17-Apr-17
OPTSTK,SAIL,29-Jun-17,37.5,PE,0,0,0,0.05,0.05,0,0,0,0,17-Apr-17
OPTSTK,SAIL,29-Jun-17,40,PE,0,0,0,0.05,0.05,0,0,0,0,17-Apr-17
OPTSTK,SAIL,29-Jun-17,42.5,PE,0,0,0,0.15,0.1,0,0,0,0,17-Apr-17
OPTSTK,SAIL,29-Jun-17,45,PE,0,0,0,0.25,0.2,0,0,0,0,17-Apr-17
OPTSTK,SAIL,29-Jun-17,47.5,PE,0,0,0,0.45,0.35,0,0,0,0,17-Apr-17
OPTSTK,SAIL,29-Jun-17,50,PE,0,0,0,0.75,0.65,0,0,0,0,17-Apr-17
OPTSTK,SAIL,29-Jun-17,52.5,PE,0,0,0,1.25,1.1,0,0,0,0,17-Apr-17
OPTSTK,SAIL,29-Jun-17,55,PE,0,0,0,1.9,1.7,0,0,0,0,17-Apr-17
OPTSTK,SAIL,29-Jun-17,57.5,PE,0,0,0,2.75,2.5,0,0,0,0,17-Apr-17
OPTSTK,SAIL,29-Jun-17,60,PE,0,0,0,3.8,3.55,0,0,0,0,17-Apr-17
OPTSTK,SAIL,29-Jun-17,62.5,PE,0,0,0,5.05,4.8,0,0,0,0,17-Apr-17
OPTSTK,SAIL,29-Jun-17,65,PE,0,0,0,6.5,6.25,0,0,0,0,17-Apr-17
OPTSTK,SAIL,29-Jun-17,67.5,PE,0,0,0,8.15,7.9,0,0,0,0,17-Apr-17
OPTSTK,SAIL,29-Jun-17,70,PE,0,0,0,9.95,9.75,0,0,0,0,17-Apr-17
OPTSTK,SAIL,29-Jun-17,72.5,PE,0,0,0,11.9,11.7,0,0,0,0,17-Apr-17
OPTSTK,SAIL,29-Jun-17,75,PE,0,0,0,13.95,13.8,0,0,0,0,17-Apr-17
OPTSTK,SAIL,29-Jun-17,77.5,PE,0,0,0,16.1,16,0,0,0,0,17-Apr-17
OPTSTK,SAIL,29-Jun-17,80,PE,0,0,0,18.3,18.25,0,0,0,0,17-Apr-17
OPTSTK,SBIN,27-Apr-17,160,CE,0,0,0,101.85,130.2,0,0,0,0,17-Apr-17
OPTSTK,SBIN,27-Apr-17,165,CE,0,0,0,96.95,125.2,0,0,0,0,17-Apr-17
OPTSTK,SBIN,27-Apr-17,170,CE,0,0,0,92,120.2,0,0,0,0,17-Apr-17
OPTSTK,SBIN,27-Apr-17,175,CE,0,0,0,116,115.2,0,0,36000,0,17-Apr-17
OPTSTK,SBIN,27-Apr-17,180,CE,0,0,0,82.2,110.25,0,0,0,0,17-Apr-17
OPTSTK,SBIN,27-Apr-17,185,CE,0,0,0,77.3,105.25,0,0,0,0,17-Apr-17
OPTSTK,SBIN,27-Apr-17,190,CE,0,0,0,101,100.25,0,0,6000,0,17-Apr-17
OPTSTK,SBIN,27-Apr-17,195,CE,0,0,0,67.6,95.25,0,0,0,0,17-Apr-17
OPTSTK,SBIN,27-Apr-17,200,CE,0,0,0,92.9,90.25,0,0,45000,0,17-Apr-17
OPTSTK,SBIN,27-Apr-17,205,CE,0,0,0,58.05,85.3,0,0,0,0,17-Apr-17
OPTSTK,SBIN,27-Apr-17,210,CE,0,0,0,75.25,80.3,0,0,6000,0,17-Apr-17
OPTSTK,SBIN,27-Apr-17,215,CE,0,0,0,48.8,75.3,0,0,0,0,17-Apr-17
OPTSTK,SBIN,27-Apr-17,220,CE,0,0,0,60.45,70.3,0,0,6000,0,17-Apr-17
OPTSTK,SBIN,27-Apr-17,225,CE,0,0,0,40.05,65.3,0,0,0,0,17-Apr-17
OPTSTK,SBIN,27-Apr-17,230,CE,0,0,0,60.55,60.3,0,0,18000,0,17-Apr-17
OPTSTK,SBIN,27-Apr-17,235,CE,0,0,0,32,55.35,0,0,0,0,17-Apr-17
OPTSTK,SBIN,27-Apr-17,240,CE,0,0,0,54.9,50.35,0,0,12000,0,17-Apr-17
OPTSTK,SBIN,27-Apr-17,245,CE,0,0,0,37.85,45.35,0,0,3000,0,17-Apr-17
OPTSTK,SBIN,27-Apr-17,250,CE,0,0,0,45.15,40.35,0,0,63000,0,17-Apr-17
OPTSTK,SBIN,27-Apr-17,255,CE,0,0,0,39.65,35.35,0,0,33000,0,17-Apr-17
OPTSTK,SBIN,27-Apr-17,260,CE,0,0,0,35.1,30.4,0,0,156000,0,17-Apr-17
OPTSTK,SBIN,27-Apr-17,265,CE,0,0,0,30.35,25.4,0,0,36000,0,17-Apr-17
OPTSTK,SBIN,27-Apr-17,270,CE,20.9,21.75,20.9,21.75,21.75,3,26.2,669000,-9000,17-Apr-17
OPTSTK,SBIN,27-Apr-17,275,CE,16.45,16.45,16.45,16.45,16.45,1,8.74,828000,0,17-Apr-17
OPTSTK,SBIN,27-Apr-17,280,CE,14.3,14.3,12,13,13,38,333.55,642000,-30000,17-Apr-17
OPTSTK,SBIN,27-Apr-17,285,CE,10.9,10.9,8.45,9.3,9.3,83,732.36,360000,-3000,17-Apr-17
OPTSTK,SBIN,27-Apr-17,290,CE,7.55,7.9,5.6,6.25,6.25,1499,13323,2388000,198000,17-Apr-17
OPTSTK,SBIN,27-Apr-17,295,CE,4.8,5.4,3.6,4,4,1581,14182.95,2607000,381000,17-Apr-17
OPTSTK,SBIN,27-Apr-17,300,CE,2.95,3.55,2.15,2.45,2.45,2063,18727.31,10335000,12000,17-Apr-17
OPTSTK,SBIN,27-Apr-17,305,CE,2,2.2,1.25,1.4,1.4,607,5581.86,2112000,36000,17-Apr-17
OPTSTK,SBIN,27-Apr-17,310,CE,1.2,1.4,0.7,0.85,0.85,1292,12050.45,3837000,213000,17-Apr-17
OPTSTK,SBIN,27-Apr-17,315,CE,0.8,0.85,0.4,0.5,0.5,371,3511.7,1485000,126000,17-Apr-17
OPTSTK,SBIN,27-Apr-17,320,CE,0.55,0.6,0.3,0.3,0.3,531,5103.35,2772000,117000,17-Apr-17
OPTSTK,SBIN,27-Apr-17,325,CE,0.3,0.3,0.2,0.25,0.25,115,1122.1,1080000,15000,17-Apr-17
OPTSTK,SBIN,27-Apr-17,330,CE,0.25,0.25,0.15,0.2,0.2,125,1238.27,1617000,-9000,17-Apr-17
OPTSTK,SBIN,27-Apr-17,335,CE,0.2,0.2,0.2,0.2,0.2,1,10.05,516000,0,17-Apr-17
OPTSTK,SBIN,27-Apr-17,340,CE,0.15,0.15,0.15,0.15,0.15,75,765.33,1605000,33000,17-Apr-17
OPTSTK,SBIN,27-Apr-17,345,CE,0.1,0.15,0.1,0.15,0.15,3,31.06,78000,-3000,17-Apr-17
OPTSTK,SBIN,27-Apr-17,160,PE,0,0,0,0.05,0,0,0,9000,0,17-Apr-17
OPTSTK,SBIN,27-Apr-17,165,PE,0,0,0,0.05,0,0,0,0,0,17-Apr-17
OPTSTK,SBIN,27-Apr-17,170,PE,0,0,0,0.05,0,0,0,0,0,17-Apr-17
OPTSTK,SBIN,27-Apr-17,175,PE,0,0,0,0.05,0,0,0,0,0,17-Apr-17
OPTSTK,SBIN,27-Apr-17,180,PE,0,0,0,0.05,0,0,0,0,0,17-Apr-17
OPTSTK,SBIN,27-Apr-17,185,PE,0,0,0,0.05,0,0,0,0,0,17-Apr-17
OPTSTK,SBIN,27-Apr-17,190,PE,0,0,0,0.1,0,0,0,0,0,17-Apr-17
OPTSTK,SBIN,27-Apr-17,195,PE,0,0,0,0.2,0,0,0,0,0,17-Apr-17
OPTSTK,SBIN,27-Apr-17,200,PE,0,0,0,0.1,0,0,0,6000,0,17-Apr-17
OPTSTK,SBIN,27-Apr-17,205,PE,0,0,0,0.45,0,0,0,0,0,17-Apr-17
OPTSTK,SBIN,27-Apr-17,210,PE,0,0,0,0.7,0,0,0,0,0,17-Apr-17
OPTSTK,SBIN,27-Apr-17,215,PE,0,0,0,1.05,0,0,0,0,0,17-Apr-17
OPTSTK,SBIN,27-Apr-17,220,PE,0,0,0,1.5,0,0,0,0,0,17-Apr-17
OPTSTK,SBIN,27-Apr-17,225,PE,0,0,0,0.05,0,0,0,9000,0,17-Apr-17
OPTSTK,SBIN,27-Apr-17,230,PE,0,0,0,2.95,0,0,0,0,0,17-Apr-17
OPTSTK,SBIN,27-Apr-17,235,PE,0,0,0,3.95,0,0,0,0,0,17-Apr-17
OPTSTK,SBIN,27-Apr-17,240,PE,0.1,0.1,0.1,0.1,0.1,3,21.6,114000,0,17-Apr-17
OPTSTK,SBIN,27-Apr-17,245,PE,0,0,0,0.15,0,0,0,63000,0,17-Apr-17
OPTSTK,SBIN,27-Apr-17,250,PE,0.15,0.2,0.15,0.15,0.15,17,127.57,573000,-36000,17-Apr-17
OPTSTK,SBIN,27-Apr-17,255,PE,0.15,0.2,0.15,0.2,0.2,7,53.59,222000,0,17-Apr-17
OPTSTK,SBIN,27-Apr-17,260,PE,0.25,0.3,0.2,0.25,0.25,121,944.71,996000,-3000,17-Apr-17
OPTSTK,SBIN,27-Apr-17,265,PE,0.35,0.45,0.3,0.35,0.35,170,1353.37,864000,-69000,17-Apr-17
OPTSTK,SBIN,27-Apr-17,270,PE,0.65,0.8,0.55,0.6,0.6,513,4165.19,2706000,-72000,17-Apr-17
OPTSTK,SBIN,27-Apr-17,275,PE,1,1.35,0.95,1.1,1.1,327,2708.81,1671000,-144000,17-Apr-17
OPTSTK,SBIN,27-Apr-17,280,PE,2,2.35,1.7,1.9,1.9,724,6125.19,2643000,9000,17-Apr-17
OPTSTK,SBIN,27-Apr-17,285,PE,3,3.8,2.85,3.15,3.15,1102,9532.68,2022000,-30000,17-Apr-17
OPTSTK,SBIN,27-Apr-17,290,PE,5.25,6,4.65,5.15,5.15,1142,10118.4,4620000,-15000,17-Apr-17
OPTSTK,SBIN,27-Apr-17,295,PE,7.35,8.8,7.25,7.9,7.9,164,1491.54,501000,3000,17-Apr-17
OPTSTK,SBIN,27-Apr-17,300,PE,10.95,12.5,10.8,11.1,11.1,24,224.21,663000,-15000,17-Apr-17
OPTSTK,SBIN,27-Apr-17,305,PE,0,0,0,14.75,15.15,0,0,42000,0,17-Apr-17
OPTSTK,SBIN,27-Apr-17,310,PE,0,0,0,18.6,19.8,0,0,66000,0,17-Apr-17
OPTSTK,SBIN,27-Apr-17,315,PE,0,0,0,25,24.65,0,0,6000,0,17-Apr-17
OPTSTK,SBIN,27-Apr-17,320,PE,29,29,29,29,29,1,10.47,36000,-3000,17-Apr-17
OPTSTK,SBIN,27-Apr-17,325,PE,33.5,33.5,33.5,33.5,33.5,1,10.75,18000,0,17-Apr-17
OPTSTK,SBIN,27-Apr-17,330,PE,0,0,0,35.5,39.55,0,0,6000,0,17-Apr-17
OPTSTK,SBIN,27-Apr-17,335,PE,0,0,0,71,44.55,0,0,0,0,17-Apr-17
OPTSTK,SBIN,27-Apr-17,340,PE,0,0,0,46.8,49.55,0,0,33000,0,17-Apr-17
OPTSTK,SBIN,27-Apr-17,345,PE,0,0,0,80.55,54.5,0,0,0,0,17-Apr-17
OPTSTK,SBIN,25-May-17,170,CE,0,0,0,103.15,121.05,0,0,0,0,17-Apr-17
OPTSTK,SBIN,25-May-17,175,CE,0,0,0,98.2,116.1,0,0,0,0,17-Apr-17
OPTSTK,SBIN,25-May-17,180,CE,0,0,0,93.3,111.15,0,0,0,0,17-Apr-17
OPTSTK,SBIN,25-May-17,185,CE,0,0,0,88.35,106.15,0,0,0,0,17-Apr-17
OPTSTK,SBIN,25-May-17,190,CE,0,0,0,83.45,101.2,0,0,0,0,17-Apr-17
OPTSTK,SBIN,25-May-17,195,CE,0,0,0,78.55,96.25,0,0,0,0,17-Apr-17
OPTSTK,SBIN,25-May-17,200,CE,0,0,0,73.65,91.25,0,0,0,0,17-Apr-17
OPTSTK,SBIN,25-May-17,205,CE,0,0,0,68.75,86.3,0,0,0,0,17-Apr-17
OPTSTK,SBIN,25-May-17,210,CE,0,0,0,63.85,81.35,0,0,0,0,17-Apr-17
OPTSTK,SBIN,25-May-17,215,CE,0,0,0,59,76.35,0,0,0,0,17-Apr-17
OPTSTK,SBIN,25-May-17,220,CE,0,0,0,54.2,71.4,0,0,0,0,17-Apr-17
OPTSTK,SBIN,25-May-17,225,CE,0,0,0,49.45,66.45,0,0,0,0,17-Apr-17
OPTSTK,SBIN,25-May-17,230,CE,0,0,0,44.8,61.5,0,0,0,0,17-Apr-17
OPTSTK,SBIN,25-May-17,235,CE,0,0,0,40.25,56.5,0,0,0,0,17-Apr-17
OPTSTK,SBIN,25-May-17,240,CE,0,0,0,35.85,51.55,0,0,0,0,17-Apr-17
OPTSTK,SBIN,25-May-17,245,CE,0,0,0,31.65,46.65,0,0,0,0,17-Apr-17
OPTSTK,SBIN,25-May-17,250,CE,0,0,0,27.7,41.75,0,0,0,0,17-Apr-17
OPTSTK,SBIN,25-May-17,255,CE,0,0,0,24,36.95,0,0,0,0,17-Apr-17
OPTSTK,SBIN,25-May-17,260,CE,32.45,33,32.45,33,33,2,17.56,6000,6000,17-Apr-17
OPTSTK,SBIN,25-May-17,265,CE,0,0,0,18,27.7,0,0,6000,0,17-Apr-17
OPTSTK,SBIN,25-May-17,270,CE,24,24,24,24,24,1,8.82,27000,3000,17-Apr-17
OPTSTK,SBIN,25-May-17,275,CE,21,21.5,21,21.5,21.5,14,124.51,60000,42000,17-Apr-17
OPTSTK,SBIN,25-May-17,280,CE,0,0,0,21,15.75,0,0,12000,0,17-Apr-17
OPTSTK,SBIN,25-May-17,285,CE,14.6,14.6,14.6,14.6,14.6,1,8.98,3000,3000,17-Apr-17
OPTSTK,SBIN,25-May-17,290,CE,12,12.1,11.35,11.9,11.9,20,181.05,84000,39000,17-Apr-17
OPTSTK,SBIN,25-May-17,295,CE,10.5,10.5,9.15,9.15,9.15,6,54.92,57000,12000,17-Apr-17
OPTSTK,SBIN,25-May-17,300,CE,8.5,8.5,7.5,7.6,7.6,42,387.81,396000,57000,17-Apr-17
OPTSTK,SBIN,25-May-17,305,CE,0,0,0,3.15,3.9,0,0,0,0,17-Apr-17
OPTSTK,SBIN,25-May-17,310,CE,5,5,4.5,4.85,4.85,7,66.1,120000,18000,17-Apr-17
OPTSTK,SBIN,25-May-17,315,CE,0,0,0,3.55,1.9,0,0,3000,0,17-Apr-17
OPTSTK,SBIN,25-May-17,320,CE,2.6,3,2.6,2.7,2.7,11,106.5,96000,18000,17-Apr-17
OPTSTK,SBIN,25-May-17,325,CE,0,0,0,1.05,0.85,0,0,0,0,17-Apr-17
OPTSTK,SBIN,25-May-17,330,CE,1.95,1.95,1.3,1.3,1.3,2,19.89,27000,6000,17-Apr-17
OPTSTK,SBIN,25-May-17,335,CE,0,0,0,0.55,0.35,0,0,0,0,17-Apr-17
OPTSTK,SBIN,25-May-17,340,CE,0,0,0,1.2,0.2,0,0,30000,0,17-Apr-17
OPTSTK,SBIN,25-May-17,345,CE,0,0,0,0.3,0.15,0,0,0,0,17-Apr-17
OPTSTK,SBIN,25-May-17,170,PE,0,0,0,0.05,0,0,0,0,0,17-Apr-17
OPTSTK,SBIN,25-May-17,175,PE,0,0,0,0.05,0,0,0,0,0,17-Apr-17
OPTSTK,SBIN,25-May-17,180,PE,0,0,0,0.05,0,0,0,0,0,17-Apr-17
OPTSTK,SBIN,25-May-17,185,PE,0,0,0,0.05,0,0,0,0,0,17-Apr-17
OPTSTK,SBIN,25-May-17,190,PE,0,0,0,0.05,0,0,0,0,0,17-Apr-17
OPTSTK,SBIN,25-May-17,195,PE,0,0,0,0.05,0,0,0,0,0,17-Apr-17
OPTSTK,SBIN,25-May-17,200,PE,0,0,0,0.05,0,0,0,0,0,17-Apr-17
OPTSTK,SBIN,25-May-17,205,PE,0,0,0,0.05,0,0,0,0,0,17-Apr-17
OPTSTK,SBIN,25-May-17,210,PE,0,0,0,0.1,0,0,0,0,0,17-Apr-17
OPTSTK,SBIN,25-May-17,215,PE,0,0,0,0.15,0,0,0,0,0,17-Apr-17
OPTSTK,SBIN,25-May-17,220,PE,0,0,0,0.3,0,0,0,0,0,17-Apr-17
OPTSTK,SBIN,25-May-17,225,PE,0,0,0,0.45,0,0,0,0,0,17-Apr-17
OPTSTK,SBIN,25-May-17,230,PE,0,0,0,0.7,0,0,0,0,0,17-Apr-17
OPTSTK,SBIN,25-May-17,235,PE,0,0,0,1.1,0.05,0,0,0,0,17-Apr-17
OPTSTK,SBIN,25-May-17,240,PE,0,0,0,3.75,0.05,0,0,45000,0,17-Apr-17
OPTSTK,SBIN,25-May-17,245,PE,0,0,0,0.85,0.1,0,0,57000,0,17-Apr-17
OPTSTK,SBIN,25-May-17,250,PE,0,0,0,1.3,0.15,0,0,57000,0,17-Apr-17
OPTSTK,SBIN,25-May-17,255,PE,0,0,0,4.55,0.35,0,0,0,0,17-Apr-17
OPTSTK,SBIN,25-May-17,260,PE,1.65,1.75,1.65,1.75,1.75,2,15.7,33000,6000,17-Apr-17
OPTSTK,SBIN,25-May-17,265,PE,0,0,0,2.5,1.05,0,0,18000,0,17-Apr-17
OPTSTK,SBIN,25-May-17,270,PE,3.5,3.6,3.25,3.3,3.3,53,434.87,285000,135000,17-Apr-17
OPTSTK,SBIN,25-May-17,275,PE,0,0,0,6,2.65,0,0,6000,0,17-Apr-17
OPTSTK,SBIN,25-May-17,280,PE,6.9,6.9,6,6,6,5,42.99,18000,12000,17-Apr-17
OPTSTK,SBIN,25-May-17,285,PE,8,8,8,8,8,1,8.79,3000,3000,17-Apr-17
OPTSTK,SBIN,25-May-17,290,PE,9.55,10.75,9.55,10.35,10.35,20,180.12,171000,57000,17-Apr-17
OPTSTK,SBIN,25-May-17,295,PE,12.95,12.95,12.75,12.75,12.75,2,18.47,15000,3000,17-Apr-17
OPTSTK,SBIN,25-May-17,300,PE,0,0,0,16.45,13.5,0,0,114000,0,17-Apr-17
OPTSTK,SBIN,25-May-17,305,PE,0,0,0,19.7,16.95,0,0,3000,0,17-Apr-17
OPTSTK,SBIN,25-May-17,310,PE,0,0,0,22,20.75,0,0,12000,0,17-Apr-17
OPTSTK,SBIN,25-May-17,315,PE,0,0,0,26,24.85,0,0,6000,0,17-Apr-17
OPTSTK,SBIN,25-May-17,320,PE,0,0,0,29.55,29.2,0,0,48000,0,17-Apr-17
OPTSTK,SBIN,25-May-17,325,PE,0,0,0,35,33.75,0,0,6000,0,17-Apr-17
OPTSTK,SBIN,25-May-17,330,PE,0,0,0,55.15,38.4,0,0,0,0,17-Apr-17
OPTSTK,SBIN,25-May-17,335,PE,0,0,0,59.85,43.2,0,0,0,0,17-Apr-17
OPTSTK,SBIN,25-May-17,340,PE,0,0,0,64.65,48,0,0,0,0,17-Apr-17
OPTSTK,SBIN,25-May-17,345,PE,0,0,0,69.45,52.9,0,0,0,0,17-Apr-17
OPTSTK,SBIN,29-Jun-17,190,CE,0,0,0,104.2,102.35,0,0,0,0,17-Apr-17
OPTSTK,SBIN,29-Jun-17,195,CE,0,0,0,99.3,97.45,0,0,0,0,17-Apr-17
OPTSTK,SBIN,29-Jun-17,200,CE,0,0,0,94.4,92.5,0,0,0,0,17-Apr-17
OPTSTK,SBIN,29-Jun-17,205,CE,0,0,0,89.45,87.55,0,0,0,0,17-Apr-17
OPTSTK,SBIN,29-Jun-17,210,CE,0,0,0,84.55,82.65,0,0,0,0,17-Apr-17
OPTSTK,SBIN,29-Jun-17,215,CE,0,0,0,79.65,77.7,0,0,0,0,17-Apr-17
OPTSTK,SBIN,29-Jun-17,220,CE,0,0,0,74.8,72.8,0,0,0,0,17-Apr-17
OPTSTK,SBIN,29-Jun-17,225,CE,0,0,0,69.95,67.85,0,0,0,0,17-Apr-17
OPTSTK,SBIN,29-Jun-17,230,CE,0,0,0,65.15,63,0,0,0,0,17-Apr-17
OPTSTK,SBIN,29-Jun-17,235,CE,0,0,0,60.4,58.1,0,0,0,0,17-Apr-17
OPTSTK,SBIN,29-Jun-17,240,CE,0,0,0,55.7,53.3,0,0,0,0,17-Apr-17
OPTSTK,SBIN,29-Jun-17,245,CE,0,0,0,51.1,48.55,0,0,0,0,17-Apr-17
OPTSTK,SBIN,29-Jun-17,250,CE,0,0,0,46.65,43.9,0,0,0,0,17-Apr-17
OPTSTK,SBIN,29-Jun-17,255,CE,0,0,0,42.3,39.4,0,0,0,0,17-Apr-17
OPTSTK,SBIN,29-Jun-17,260,CE,0,0,0,38.1,35,0,0,0,0,17-Apr-17
OPTSTK,SBIN,29-Jun-17,265,CE,0,0,0,34.1,30.85,0,0,0,0,17-Apr-17
OPTSTK,SBIN,29-Jun-17,270,CE,0,0,0,30.35,26.9,0,0,0,0,17-Apr-17
OPTSTK,SBIN,29-Jun-17,275,CE,0,0,0,26.8,23.25,0,0,0,0,17-Apr-17
OPTSTK,SBIN,29-Jun-17,280,CE,0,0,0,23.5,19.85,0,0,0,0,17-Apr-17
OPTSTK,SBIN,29-Jun-17,285,CE,0,0,0,20.45,16.75,0,0,0,0,17-Apr-17
OPTSTK,SBIN,29-Jun-17,290,CE,0,0,0,20,14,0,0,3000,0,17-Apr-17
OPTSTK,SBIN,29-Jun-17,295,CE,0,0,0,15.15,11.55,0,0,0,0,17-Apr-17
OPTSTK,SBIN,29-Jun-17,300,CE,0,0,0,12.9,9.4,0,0,0,0,17-Apr-17
OPTSTK,SBIN,29-Jun-17,305,CE,0,0,0,10.9,7.6,0,0,0,0,17-Apr-17
OPTSTK,SBIN,29-Jun-17,310,CE,0,0,0,9.15,6.05,0,0,0,0,17-Apr-17
OPTSTK,SBIN,29-Jun-17,315,CE,0,0,0,7.6,4.8,0,0,0,0,17-Apr-17
OPTSTK,SBIN,29-Jun-17,320,CE,0,0,0,6,3.75,0,0,3000,0,17-Apr-17
OPTSTK,SBIN,29-Jun-17,325,CE,0,0,0,5.15,2.85,0,0,0,0,17-Apr-17
OPTSTK,SBIN,29-Jun-17,330,CE,0,0,0,4.2,2.2,0,0,0,0,17-Apr-17
OPTSTK,SBIN,29-Jun-17,335,CE,0,0,0,3.4,1.65,0,0,0,0,17-Apr-17
OPTSTK,SBIN,29-Jun-17,340,CE,0,0,0,2.75,1.25,0,0,0,0,17-Apr-17
OPTSTK,SBIN,29-Jun-17,345,CE,0,0,0,2.2,0.9,0,0,0,0,17-Apr-17
OPTSTK,SBIN,29-Jun-17,190,PE,0,0,0,0.05,0,0,0,0,0,17-Apr-17
OPTSTK,SBIN,29-Jun-17,195,PE,0,0,0,0.05,0,0,0,0,0,17-Apr-17
OPTSTK,SBIN,29-Jun-17,200,PE,0,0,0,0.05,0,0,0,0,0,17-Apr-17
OPTSTK,SBIN,29-Jun-17,205,PE,0,0,0,0.05,0,0,0,0,0,17-Apr-17
OPTSTK,SBIN,29-Jun-17,210,PE,0,0,0,0.05,0,0,0,0,0,17-Apr-17
OPTSTK,SBIN,29-Jun-17,215,PE,0,0,0,0.1,0.05,0,0,0,0,17-Apr-17
OPTSTK,SBIN,29-Jun-17,220,PE,0,0,0,0.1,0.05,0,0,0,0,17-Apr-17
OPTSTK,SBIN,29-Jun-17,225,PE,0,0,0,0.2,0.05,0,0,0,0,17-Apr-17
OPTSTK,SBIN,29-Jun-17,230,PE,0,0,0,0.3,0.1,0,0,0,0,17-Apr-17
OPTSTK,SBIN,29-Jun-17,235,PE,0,0,0,0.45,0.2,0,0,0,0,17-Apr-17
OPTSTK,SBIN,29-Jun-17,240,PE,0,0,0,0.7,0.3,0,0,0,0,17-Apr-17
OPTSTK,SBIN,29-Jun-17,245,PE,0,0,0,1,0.5,0,0,0,0,17-Apr-17
OPTSTK,SBIN,29-Jun-17,250,PE,0,0,0,1.45,0.8,0,0,0,0,17-Apr-17
OPTSTK,SBIN,29-Jun-17,255,PE,0,0,0,2.05,1.2,0,0,0,0,17-Apr-17
OPTSTK,SBIN,29-Jun-17,260,PE,0,0,0,2.8,1.75,0,0,0,0,17-Apr-17
OPTSTK,SBIN,29-Jun-17,265,PE,0,0,0,3.7,2.55,0,0,0,0,17-Apr-17
OPTSTK,SBIN,29-Jun-17,270,PE,0,0,0,4.85,3.5,0,0,0,0,17-Apr-17
OPTSTK,SBIN,29-Jun-17,275,PE,0,0,0,6.2,4.8,0,0,0,0,17-Apr-17
OPTSTK,SBIN,29-Jun-17,280,PE,0,0,0,7.8,6.3,0,0,0,0,17-Apr-17
OPTSTK,SBIN,29-Jun-17,285,PE,0,0,0,9.7,8.15,0,0,0,0,17-Apr-17
OPTSTK,SBIN,29-Jun-17,290,PE,0,0,0,15,10.35,0,0,6000,0,17-Apr-17
OPTSTK,SBIN,29-Jun-17,295,PE,0,0,0,14.2,12.85,0,0,0,0,17-Apr-17
OPTSTK,SBIN,29-Jun-17,300,PE,0,0,0,16.9,15.65,0,0,0,0,17-Apr-17
OPTSTK,SBIN,29-Jun-17,305,PE,0,0,0,19.8,18.75,0,0,0,0,17-Apr-17
OPTSTK,SBIN,29-Jun-17,310,PE,0,0,0,22.95,22.15,0,0,0,0,17-Apr-17
OPTSTK,SBIN,29-Jun-17,315,PE,0,0,0,26.35,25.8,0,0,0,0,17-Apr-17
OPTSTK,SBIN,29-Jun-17,320,PE,0,0,0,29.95,29.7,0,0,0,0,17-Apr-17
OPTSTK,SBIN,29-Jun-17,325,PE,0,0,0,33.75,33.8,0,0,0,0,17-Apr-17
OPTSTK,SBIN,29-Jun-17,330,PE,0,0,0,37.7,38.05,0,0,0,0,17-Apr-17
OPTSTK,SBIN,29-Jun-17,335,PE,0,0,0,41.85,42.45,0,0,0,0,17-Apr-17
OPTSTK,SBIN,29-Jun-17,340,PE,0,0,0,46.1,46.95,0,0,0,0,17-Apr-17
OPTSTK,SBIN,29-Jun-17,345,PE,0,0,0,50.45,51.55,0,0,0,0,17-Apr-17
OPTSTK,SHREECEM,27-Apr-17,16600,CE,0,0,0,977.25,1092.95,0,0,0,0,17-Apr-17
OPTSTK,SHREECEM,27-Apr-17,16650,CE,0,0,0,943.1,1045.95,0,0,0,0,17-Apr-17
OPTSTK,SHREECEM,27-Apr-17,16700,CE,0,0,0,909.6,999.4,0,0,0,0,17-Apr-17
OPTSTK,SHREECEM,27-Apr-17,16750,CE,0,0,0,876.8,953.4,0,0,0,0,17-Apr-17
OPTSTK,SHREECEM,27-Apr-17,16800,CE,0,0,0,844.65,908,0,0,0,0,17-Apr-17
OPTSTK,SHREECEM,27-Apr-17,16850,CE,0,0,0,813.25,863.25,0,0,0,0,17-Apr-17
OPTSTK,SHREECEM,27-Apr-17,16900,CE,0,0,0,782.55,819.2,0,0,0,0,17-Apr-17
OPTSTK,SHREECEM,27-Apr-17,16950,CE,0,0,0,752.55,775.95,0,0,0,0,17-Apr-17
OPTSTK,SHREECEM,27-Apr-17,17000,CE,0,0,0,800,733.55,0,0,100,0,17-Apr-17
OPTSTK,SHREECEM,27-Apr-17,17050,CE,0,0,0,694.7,692.1,0,0,0,0,17-Apr-17
OPTSTK,SHREECEM,27-Apr-17,17100,CE,0,0,0,666.85,651.6,0,0,0,0,17-Apr-17
OPTSTK,SHREECEM,27-Apr-17,17150,CE,0,0,0,639.7,612.15,0,0,0,0,17-Apr-17
OPTSTK,SHREECEM,27-Apr-17,17200,CE,0,0,0,613.35,573.8,0,0,0,0,17-Apr-17
OPTSTK,SHREECEM,27-Apr-17,17250,CE,0,0,0,587.65,536.55,0,0,0,0,17-Apr-17
OPTSTK,SHREECEM,27-Apr-17,17300,CE,0,0,0,562.65,500.65,0,0,0,0,17-Apr-17
OPTSTK,SHREECEM,27-Apr-17,17350,CE,0,0,0,538.45,466.05,0,0,0,0,17-Apr-17
OPTSTK,SHREECEM,27-Apr-17,17400,CE,0,0,0,514.95,432.75,0,0,0,0,17-Apr-17
OPTSTK,SHREECEM,27-Apr-17,17450,CE,0,0,0,492.15,400.8,0,0,0,0,17-Apr-17
OPTSTK,SHREECEM,27-Apr-17,17500,CE,0,0,0,470.05,370.3,0,0,0,0,17-Apr-17
OPTSTK,SHREECEM,27-Apr-17,17550,CE,0,0,0,448.7,341.2,0,0,0,0,17-Apr-17
OPTSTK,SHREECEM,27-Apr-17,17600,CE,0,0,0,428.05,313.55,0,0,0,0,17-Apr-17
OPTSTK,SHREECEM,27-Apr-17,17650,CE,0,0,0,408.05,287.35,0,0,0,0,17-Apr-17
OPTSTK,SHREECEM,27-Apr-17,17700,CE,0,0,0,388.75,262.55,0,0,0,0,17-Apr-17
OPTSTK,SHREECEM,27-Apr-17,17750,CE,0,0,0,370.15,239.25,0,0,0,0,17-Apr-17
OPTSTK,SHREECEM,27-Apr-17,17800,CE,0,0,0,352.2,217.45,0,0,0,0,17-Apr-17
OPTSTK,SHREECEM,27-Apr-17,17850,CE,0,0,0,334.9,197,0,0,0,0,17-Apr-17
OPTSTK,SHREECEM,27-Apr-17,17900,CE,0,0,0,318.2,178,0,0,0,0,17-Apr-17
OPTSTK,SHREECEM,27-Apr-17,17950,CE,0,0,0,302.2,160.3,0,0,0,0,17-Apr-17
OPTSTK,SHREECEM,27-Apr-17,18000,CE,0,0,0,286.8,143.95,0,0,0,0,17-Apr-17
OPTSTK,SHREECEM,27-Apr-17,18050,CE,0,0,0,272,128.9,0,0,0,0,17-Apr-17
OPTSTK,SHREECEM,27-Apr-17,18100,CE,0,0,0,257.8,115.05,0,0,0,0,17-Apr-17
OPTSTK,SHREECEM,27-Apr-17,18150,CE,0,0,0,244.2,103.2,0,0,0,0,17-Apr-17
OPTSTK,SHREECEM,27-Apr-17,18200,CE,0,0,0,231.15,90.95,0,0,0,0,17-Apr-17
OPTSTK,SHREECEM,27-Apr-17,18250,CE,0,0,0,219.45,80.45,0,0,0,0,17-Apr-17
OPTSTK,SHREECEM,27-Apr-17,18300,CE,0,0,0,172.05,70.9,0,0,0,0,17-Apr-17
OPTSTK,SHREECEM,27-Apr-17,18350,CE,0,0,0,160.8,62.35,0,0,0,0,17-Apr-17
OPTSTK,SHREECEM,27-Apr-17,16600,PE,0,0,0,246.75,14.3,0,0,0,0,17-Apr-17
OPTSTK,SHREECEM,27-Apr-17,16650,PE,0,0,0,262.35,17.2,0,0,0,0,17-Apr-17
OPTSTK,SHREECEM,27-Apr-17,16700,PE,0,0,0,278.6,20.6,0,0,0,0,17-Apr-17
OPTSTK,SHREECEM,27-Apr-17,16750,PE,0,0,0,295.55,24.5,0,0,0,0,17-Apr-17
OPTSTK,SHREECEM,27-Apr-17,16800,PE,0,0,0,313.15,29,0,0,0,0,17-Apr-17
OPTSTK,SHREECEM,27-Apr-17,16850,PE,0,0,0,331.5,34.15,0,0,0,0,17-Apr-17
OPTSTK,SHREECEM,27-Apr-17,16900,PE,0,0,0,350.55,40.05,0,0,0,0,17-Apr-17
OPTSTK,SHREECEM,27-Apr-17,16950,PE,0,0,0,370.3,46.7,0,0,0,0,17-Apr-17
OPTSTK,SHREECEM,27-Apr-17,17000,PE,0,0,0,353.2,54.2,0,0,100,0,17-Apr-17
OPTSTK,SHREECEM,27-Apr-17,17050,PE,0,0,0,411.95,62.65,0,0,0,0,17-Apr-17
OPTSTK,SHREECEM,27-Apr-17,17100,PE,0,0,0,433.85,72.05,0,0,0,0,17-Apr-17
OPTSTK,SHREECEM,27-Apr-17,17150,PE,0,0,0,456.5,82.55,0,0,0,0,17-Apr-17
OPTSTK,SHREECEM,27-Apr-17,17200,PE,0,0,0,479.85,94.15,0,0,0,0,17-Apr-17
OPTSTK,SHREECEM,27-Apr-17,17250,PE,0,0,0,503.9,106.8,0,0,0,0,17-Apr-17
OPTSTK,SHREECEM,27-Apr-17,17300,PE,0,0,0,528.65,120.8,0,0,0,0,17-Apr-17
OPTSTK,SHREECEM,27-Apr-17,17350,PE,0,0,0,554.2,136.05,0,0,0,0,17-Apr-17
OPTSTK,SHREECEM,27-Apr-17,17400,PE,0,0,0,580.45,152.7,0,0,0,0,17-Apr-17
OPTSTK,SHREECEM,27-Apr-17,17450,PE,0,0,0,607.4,170.7,0,0,0,0,17-Apr-17
OPTSTK,SHREECEM,27-Apr-17,17500,PE,0,0,0,635.1,190.05,0,0,0,0,17-Apr-17
OPTSTK,SHREECEM,27-Apr-17,17550,PE,0,0,0,663.45,210.9,0,0,0,0,17-Apr-17
OPTSTK,SHREECEM,27-Apr-17,17600,PE,0,0,0,692.55,233.15,0,0,0,0,17-Apr-17
OPTSTK,SHREECEM,27-Apr-17,17650,PE,0,0,0,722.35,256.85,0,0,0,0,17-Apr-17
OPTSTK,SHREECEM,27-Apr-17,17700,PE,0,0,0,752.8,282,0,0,0,0,17-Apr-17
OPTSTK,SHREECEM,27-Apr-17,17750,PE,0,0,0,783.9,308.6,0,0,0,0,17-Apr-17
OPTSTK,SHREECEM,27-Apr-17,17800,PE,0,0,0,815.7,336.7,0,0,0,0,17-Apr-17
OPTSTK,SHREECEM,27-Apr-17,17850,PE,0,0,0,848.15,366.2,0,0,0,0,17-Apr-17
OPTSTK,SHREECEM,27-Apr-17,17900,PE,0,0,0,881.25,397.05,0,0,0,0,17-Apr-17
OPTSTK,SHREECEM,27-Apr-17,17950,PE,0,0,0,915,429.3,0,0,0,0,17-Apr-17
OPTSTK,SHREECEM,27-Apr-17,18000,PE,0,0,0,949.35,462.9,0,0,0,0,17-Apr-17
OPTSTK,SHREECEM,27-Apr-17,18050,PE,0,0,0,984.3,497.75,0,0,0,0,17-Apr-17
OPTSTK,SHREECEM,27-Apr-17,18100,PE,0,0,0,1019.85,533.8,0,0,0,0,17-Apr-17
OPTSTK,SHREECEM,27-Apr-17,18150,PE,0,0,0,1056,571.85,0,0,0,0,17-Apr-17
OPTSTK,SHREECEM,27-Apr-17,18200,PE,0,0,0,1092.7,609.5,0,0,0,0,17-Apr-17
OPTSTK,SHREECEM,27-Apr-17,18250,PE,0,0,0,1130.75,648.9,0,0,0,0,17-Apr-17
OPTSTK,SHREECEM,27-Apr-17,18300,PE,0,0,0,1006.95,689.3,0,0,0,0,17-Apr-17
OPTSTK,SHREECEM,27-Apr-17,18350,PE,0,0,0,1045.5,730.65,0,0,0,0,17-Apr-17
OPTSTK,SHREECEM,25-May-17,16600,CE,0,0,0,1231.7,1290,0,0,0,0,17-Apr-17
OPTSTK,SHREECEM,25-May-17,16650,CE,0,0,0,1199.95,1250.2,0,0,0,0,17-Apr-17
OPTSTK,SHREECEM,25-May-17,16700,CE,0,0,0,1168.65,1210.95,0,0,0,0,17-Apr-17
OPTSTK,SHREECEM,25-May-17,16750,CE,0,0,0,1137.9,1172.3,0,0,0,0,17-Apr-17
OPTSTK,SHREECEM,25-May-17,16800,CE,0,0,0,1107.65,1134.25,0,0,0,0,17-Apr-17
OPTSTK,SHREECEM,25-May-17,16850,CE,0,0,0,1077.9,1096.75,0,0,0,0,17-Apr-17
OPTSTK,SHREECEM,25-May-17,16900,CE,0,0,0,1048.65,1060.55,0,0,0,0,17-Apr-17
OPTSTK,SHREECEM,25-May-17,16950,CE,0,0,0,1019.95,1024.25,0,0,0,0,17-Apr-17
OPTSTK,SHREECEM,25-May-17,17000,CE,0,0,0,991.7,987.95,0,0,0,0,17-Apr-17
OPTSTK,SHREECEM,25-May-17,17050,CE,0,0,0,964,953.1,0,0,0,0,17-Apr-17
OPTSTK,SHREECEM,25-May-17,17100,CE,0,0,0,936.8,918.9,0,0,0,0,17-Apr-17
OPTSTK,SHREECEM,25-May-17,17150,CE,0,0,0,910.1,885.4,0,0,0,0,17-Apr-17
OPTSTK,SHREECEM,25-May-17,17200,CE,0,0,0,883.9,852.6,0,0,0,0,17-Apr-17
OPTSTK,SHREECEM,25-May-17,17250,CE,0,0,0,858.2,820.5,0,0,0,0,17-Apr-17
OPTSTK,SHREECEM,25-May-17,17300,CE,0,0,0,833.05,789.1,0,0,0,0,17-Apr-17
OPTSTK,SHREECEM,25-May-17,17350,CE,0,0,0,808.35,758.45,0,0,0,0,17-Apr-17
OPTSTK,SHREECEM,25-May-17,17400,CE,0,0,0,784.2,728.5,0,0,0,0,17-Apr-17
OPTSTK,SHREECEM,25-May-17,17450,CE,0,0,0,760.55,699.3,0,0,0,0,17-Apr-17
OPTSTK,SHREECEM,25-May-17,17500,CE,0,0,0,737.4,670.85,0,0,0,0,17-Apr-17
OPTSTK,SHREECEM,25-May-17,17550,CE,0,0,0,714.75,643.1,0,0,0,0,17-Apr-17
OPTSTK,SHREECEM,25-May-17,17600,CE,0,0,0,692.6,616.15,0,0,0,0,17-Apr-17
OPTSTK,SHREECEM,25-May-17,17650,CE,0,0,0,670.95,589.9,0,0,0,0,17-Apr-17
OPTSTK,SHREECEM,25-May-17,17700,CE,0,0,0,649.8,564.4,0,0,0,0,17-Apr-17
OPTSTK,SHREECEM,25-May-17,17750,CE,0,0,0,629.15,539.6,0,0,0,0,17-Apr-17
OPTSTK,SHREECEM,25-May-17,17800,CE,0,0,0,608.95,515.6,0,0,0,0,17-Apr-17
OPTSTK,SHREECEM,25-May-17,17850,CE,0,0,0,589.25,492.3,0,0,0,0,17-Apr-17
OPTSTK,SHREECEM,25-May-17,17900,CE,0,0,0,570,469.8,0,0,0,0,17-Apr-17
OPTSTK,SHREECEM,25-May-17,17950,CE,0,0,0,551.25,448,0,0,0,0,17-Apr-17
OPTSTK,SHREECEM,25-May-17,18000,CE,0,0,0,532.95,426.9,0,0,0,0,17-Apr-17
OPTSTK,SHREECEM,25-May-17,18050,CE,0,0,0,515.1,406.55,0,0,0,0,17-Apr-17
OPTSTK,SHREECEM,25-May-17,18100,CE,0,0,0,497.75,386.85,0,0,0,0,17-Apr-17
OPTSTK,SHREECEM,25-May-17,18150,CE,0,0,0,480.8,367.9,0,0,0,0,17-Apr-17
OPTSTK,SHREECEM,25-May-17,18200,CE,0,0,0,464.3,349.65,0,0,0,0,17-Apr-17
OPTSTK,SHREECEM,25-May-17,18250,CE,0,0,0,448.25,332.05,0,0,0,0,17-Apr-17
OPTSTK,SHREECEM,25-May-17,18300,CE,0,0,0,406.9,315.1,0,0,0,0,17-Apr-17
OPTSTK,SHREECEM,25-May-17,18350,CE,0,0,0,391.2,298.85,0,0,0,0,17-Apr-17
OPTSTK,SHREECEM,25-May-17,16600,PE,0,0,0,414.5,128.3,0,0,0,0,17-Apr-17
OPTSTK,SHREECEM,25-May-17,16650,PE,0,0,0,432.2,138.15,0,0,0,0,17-Apr-17
OPTSTK,SHREECEM,25-May-17,16700,PE,0,0,0,450.45,148.6,0,0,0,0,17-Apr-17
OPTSTK,SHREECEM,25-May-17,16750,PE,0,0,0,469.2,159.6,0,0,0,0,17-Apr-17
OPTSTK,SHREECEM,25-May-17,16800,PE,0,0,0,488.4,171.2,0,0,0,0,17-Apr-17
OPTSTK,SHREECEM,25-May-17,16850,PE,0,0,0,508.15,183.4,0,0,0,0,17-Apr-17
OPTSTK,SHREECEM,25-May-17,16900,PE,0,0,0,528.4,196.8,0,0,0,0,17-Apr-17
OPTSTK,SHREECEM,25-May-17,16950,PE,0,0,0,549.15,210.15,0,0,0,0,17-Apr-17
OPTSTK,SHREECEM,25-May-17,17000,PE,0,0,0,570.4,223.55,0,0,0,0,17-Apr-17
OPTSTK,SHREECEM,25-May-17,17050,PE,0,0,0,592.2,238.35,0,0,0,0,17-Apr-17
OPTSTK,SHREECEM,25-May-17,17100,PE,0,0,0,614.5,253.85,0,0,0,0,17-Apr-17
OPTSTK,SHREECEM,25-May-17,17150,PE,0,0,0,637.25,270,0,0,0,0,17-Apr-17
OPTSTK,SHREECEM,25-May-17,17200,PE,0,0,0,660.6,286.85,0,0,0,0,17-Apr-17
OPTSTK,SHREECEM,25-May-17,17250,PE,0,0,0,684.4,304.4,0,0,0,0,17-Apr-17
OPTSTK,SHREECEM,25-May-17,17300,PE,0,0,0,708.7,322.65,0,0,0,0,17-Apr-17
OPTSTK,SHREECEM,25-May-17,17350,PE,0,0,0,733.5,341.65,0,0,0,0,17-Apr-17
OPTSTK,SHREECEM,25-May-17,17400,PE,0,0,0,758.85,361.4,0,0,0,0,17-Apr-17
OPTSTK,SHREECEM,25-May-17,17450,PE,0,0,0,784.7,381.85,0,0,0,0,17-Apr-17
OPTSTK,SHREECEM,25-May-17,17500,PE,0,0,0,811.05,403.05,0,0,0,0,17-Apr-17
OPTSTK,SHREECEM,25-May-17,17550,PE,0,0,0,837.9,425,0,0,0,0,17-Apr-17
OPTSTK,SHREECEM,25-May-17,17600,PE,0,0,0,865.25,447.7,0,0,0,0,17-Apr-17
OPTSTK,SHREECEM,25-May-17,17650,PE,0,0,0,893.05,471.1,0,0,0,0,17-Apr-17
OPTSTK,SHREECEM,25-May-17,17700,PE,0,0,0,921.4,495.3,0,0,0,0,17-Apr-17
OPTSTK,SHREECEM,25-May-17,17750,PE,0,0,0,950.2,520.15,0,0,0,0,17-Apr-17
OPTSTK,SHREECEM,25-May-17,17800,PE,0,0,0,979.55,545.8,0,0,0,0,17-Apr-17
OPTSTK,SHREECEM,25-May-17,17850,PE,0,0,0,1009.3,572.2,0,0,0,0,17-Apr-17
OPTSTK,SHREECEM,25-May-17,17900,PE,0,0,0,1039.55,599.3,0,0,0,0,17-Apr-17
OPTSTK,SHREECEM,25-May-17,17950,PE,0,0,0,1070.3,627.15,0,0,0,0,17-Apr-17
OPTSTK,SHREECEM,25-May-17,18000,PE,0,0,0,1101.5,655.75,0,0,0,0,17-Apr-17
OPTSTK,SHREECEM,25-May-17,18050,PE,0,0,0,1133.15,685.05,0,0,0,0,17-Apr-17
OPTSTK,SHREECEM,25-May-17,18100,PE,0,0,0,1165.25,715.05,0,0,0,0,17-Apr-17
OPTSTK,SHREECEM,25-May-17,18150,PE,0,0,0,1197.8,745.75,0,0,0,0,17-Apr-17
OPTSTK,SHREECEM,25-May-17,18200,PE,0,0,0,1230.8,777.15,0,0,0,0,17-Apr-17
OPTSTK,SHREECEM,25-May-17,18250,PE,0,0,0,1264.25,809.2,0,0,0,0,17-Apr-17
OPTSTK,SHREECEM,25-May-17,18300,PE,0,0,0,1149.85,841.95,0,0,0,0,17-Apr-17
OPTSTK,SHREECEM,25-May-17,18350,PE,0,0,0,1183.7,875.3,0,0,0,0,17-Apr-17
OPTSTK,SHREECEM,29-Jun-17,16600,CE,0,0,0,1488.15,1513.5,0,0,0,0,17-Apr-17
OPTSTK,SHREECEM,29-Jun-17,16650,CE,0,0,0,1457.75,1476.85,0,0,0,0,17-Apr-17
OPTSTK,SHREECEM,29-Jun-17,16700,CE,0,0,0,1427.7,1440.7,0,0,0,0,17-Apr-17
OPTSTK,SHREECEM,29-Jun-17,16750,CE,0,0,0,1398.1,1405,0,0,0,0,17-Apr-17
OPTSTK,SHREECEM,29-Jun-17,16800,CE,0,0,0,1368.85,1369.1,0,0,0,0,17-Apr-17
OPTSTK,SHREECEM,29-Jun-17,16850,CE,0,0,0,1340.05,1334.45,0,0,0,0,17-Apr-17
OPTSTK,SHREECEM,29-Jun-17,16900,CE,0,0,0,1311.6,1300.25,0,0,0,0,17-Apr-17
OPTSTK,SHREECEM,29-Jun-17,16950,CE,0,0,0,1283.55,1266.6,0,0,0,0,17-Apr-17
OPTSTK,SHREECEM,29-Jun-17,17000,CE,0,0,0,1255.9,1233.4,0,0,0,0,17-Apr-17
OPTSTK,SHREECEM,29-Jun-17,17050,CE,0,0,0,1228.65,1200.75,0,0,0,0,17-Apr-17
OPTSTK,SHREECEM,29-Jun-17,17100,CE,0,0,0,1201.85,1168.6,0,0,0,0,17-Apr-17
OPTSTK,SHREECEM,29-Jun-17,17150,CE,0,0,0,1175.4,1136.95,0,0,0,0,17-Apr-17
OPTSTK,SHREECEM,29-Jun-17,17200,CE,0,0,0,1149.35,1105.8,0,0,0,0,17-Apr-17
OPTSTK,SHREECEM,29-Jun-17,17250,CE,0,0,0,1123.7,1075.2,0,0,0,0,17-Apr-17
OPTSTK,SHREECEM,29-Jun-17,17300,CE,0,0,0,1098.45,1045.15,0,0,0,0,17-Apr-17
OPTSTK,SHREECEM,29-Jun-17,17350,CE,0,0,0,1073.6,1015.6,0,0,0,0,17-Apr-17
OPTSTK,SHREECEM,29-Jun-17,17400,CE,0,0,0,1049.05,986.55,0,0,0,0,17-Apr-17
OPTSTK,SHREECEM,29-Jun-17,17450,CE,0,0,0,1025,958.05,0,0,0,0,17-Apr-17
OPTSTK,SHREECEM,29-Jun-17,17500,CE,0,0,0,1001.3,930.1,0,0,0,0,17-Apr-17
OPTSTK,SHREECEM,29-Jun-17,17550,CE,0,0,0,978.05,902.65,0,0,0,0,17-Apr-17
OPTSTK,SHREECEM,29-Jun-17,17600,CE,0,0,0,955.15,875.75,0,0,0,0,17-Apr-17
OPTSTK,SHREECEM,29-Jun-17,17650,CE,0,0,0,932.65,849.4,0,0,0,0,17-Apr-17
OPTSTK,SHREECEM,29-Jun-17,17700,CE,0,0,0,910.5,823.55,0,0,0,0,17-Apr-17
OPTSTK,SHREECEM,29-Jun-17,17750,CE,0,0,0,888.8,798.25,0,0,0,0,17-Apr-17
OPTSTK,SHREECEM,29-Jun-17,17800,CE,0,0,0,867.45,773.45,0,0,0,0,17-Apr-17
OPTSTK,SHREECEM,29-Jun-17,17850,CE,0,0,0,846.45,749.2,0,0,0,0,17-Apr-17
OPTSTK,SHREECEM,29-Jun-17,17900,CE,0,0,0,825.85,725.5,0,0,0,0,17-Apr-17
OPTSTK,SHREECEM,29-Jun-17,17950,CE,0,0,0,805.65,702.3,0,0,0,0,17-Apr-17
OPTSTK,SHREECEM,29-Jun-17,18000,CE,0,0,0,785.8,679.65,0,0,0,0,17-Apr-17
OPTSTK,SHREECEM,29-Jun-17,18050,CE,0,0,0,766.3,657.5,0,0,0,0,17-Apr-17
OPTSTK,SHREECEM,29-Jun-17,18100,CE,0,0,0,747.2,635.9,0,0,0,0,17-Apr-17
OPTSTK,SHREECEM,29-Jun-17,18150,CE,0,0,0,728.4,614.75,0,0,0,0,17-Apr-17
OPTSTK,SHREECEM,29-Jun-17,18200,CE,0,0,0,710.05,594.15,0,0,0,0,17-Apr-17
OPTSTK,SHREECEM,29-Jun-17,18250,CE,0,0,0,692,574.1,0,0,0,0,17-Apr-17
OPTSTK,SHREECEM,29-Jun-17,18300,CE,0,0,0,651.7,554.5,0,0,0,0,17-Apr-17
OPTSTK,SHREECEM,29-Jun-17,18350,CE,0,0,0,633.75,535.4,0,0,0,0,17-Apr-17
OPTSTK,SHREECEM,29-Jun-17,16600,PE,0,0,0,566.2,249.35,0,0,0,0,17-Apr-17
OPTSTK,SHREECEM,29-Jun-17,16650,PE,0,0,0,584.95,262.05,0,0,0,0,17-Apr-17
OPTSTK,SHREECEM,29-Jun-17,16700,PE,0,0,0,604.1,275.25,0,0,0,0,17-Apr-17
OPTSTK,SHREECEM,29-Jun-17,16750,PE,0,0,0,623.65,288.9,0,0,0,0,17-Apr-17
OPTSTK,SHREECEM,29-Jun-17,16800,PE,0,0,0,643.6,302.35,0,0,0,0,17-Apr-17
OPTSTK,SHREECEM,29-Jun-17,16850,PE,0,0,0,663.95,317.05,0,0,0,0,17-Apr-17
OPTSTK,SHREECEM,29-Jun-17,16900,PE,0,0,0,684.7,332.25,0,0,0,0,17-Apr-17
OPTSTK,SHREECEM,29-Jun-17,16950,PE,0,0,0,705.8,347.9,0,0,0,0,17-Apr-17
OPTSTK,SHREECEM,29-Jun-17,17000,PE,0,0,0,727.35,364.1,0,0,0,0,17-Apr-17
OPTSTK,SHREECEM,29-Jun-17,17050,PE,0,0,0,749.3,380.8,0,0,0,0,17-Apr-17
OPTSTK,SHREECEM,29-Jun-17,17100,PE,0,0,0,771.6,398,0,0,0,0,17-Apr-17
OPTSTK,SHREECEM,29-Jun-17,17150,PE,0,0,0,794.35,415.7,0,0,0,0,17-Apr-17
OPTSTK,SHREECEM,29-Jun-17,17200,PE,0,0,0,817.5,433.9,0,0,0,0,17-Apr-17
OPTSTK,SHREECEM,29-Jun-17,17250,PE,0,0,0,841,452.65,0,0,0,0,17-Apr-17
OPTSTK,SHREECEM,29-Jun-17,17300,PE,0,0,0,864.95,471.95,0,0,0,0,17-Apr-17
OPTSTK,SHREECEM,29-Jun-17,17350,PE,0,0,0,889.25,491.75,0,0,0,0,17-Apr-17
OPTSTK,SHREECEM,29-Jun-17,17400,PE,0,0,0,913.9,512.05,0,0,0,0,17-Apr-17
OPTSTK,SHREECEM,29-Jun-17,17450,PE,0,0,0,939,532.95,0,0,0,0,17-Apr-17
OPTSTK,SHREECEM,29-Jun-17,17500,PE,0,0,0,964.5,554.3,0,0,0,0,17-Apr-17
OPTSTK,SHREECEM,29-Jun-17,17550,PE,0,0,0,990.4,576.25,0,0,0,0,17-Apr-17
OPTSTK,SHREECEM,29-Jun-17,17600,PE,0,0,0,1016.7,598.7,0,0,0,0,17-Apr-17
OPTSTK,SHREECEM,29-Jun-17,17650,PE,0,0,0,1043.35,621.7,0,0,0,0,17-Apr-17
OPTSTK,SHREECEM,29-Jun-17,17700,PE,0,0,0,1070.4,645.2,0,0,0,0,17-Apr-17
OPTSTK,SHREECEM,29-Jun-17,17750,PE,0,0,0,1097.85,669.25,0,0,0,0,17-Apr-17
OPTSTK,SHREECEM,29-Jun-17,17800,PE,0,0,0,1125.7,693.8,0,0,0,0,17-Apr-17
OPTSTK,SHREECEM,29-Jun-17,17850,PE,0,0,0,1153.9,718.9,0,0,0,0,17-Apr-17
OPTSTK,SHREECEM,29-Jun-17,17900,PE,0,0,0,1182.45,744.55,0,0,0,0,17-Apr-17
OPTSTK,SHREECEM,29-Jun-17,17950,PE,0,0,0,1211.4,770.7,0,0,0,0,17-Apr-17
OPTSTK,SHREECEM,29-Jun-17,18000,PE,0,0,0,1240.75,797.4,0,0,0,0,17-Apr-17
OPTSTK,SHREECEM,29-Jun-17,18050,PE,0,0,0,1270.4,824.6,0,0,0,0,17-Apr-17
OPTSTK,SHREECEM,29-Jun-17,18100,PE,0,0,0,1300.5,852.35,0,0,0,0,17-Apr-17
OPTSTK,SHREECEM,29-Jun-17,18150,PE,0,0,0,1330.9,880.6,0,0,0,0,17-Apr-17
OPTSTK,SHREECEM,29-Jun-17,18200,PE,0,0,0,1361.7,909.35,0,0,0,0,17-Apr-17
OPTSTK,SHREECEM,29-Jun-17,18250,PE,0,0,0,1392.8,938.6,0,0,0,0,17-Apr-17
OPTSTK,SHREECEM,29-Jun-17,18300,PE,0,0,0,1281.6,968.35,0,0,0,0,17-Apr-17
OPTSTK,SHREECEM,29-Jun-17,18350,PE,0,0,0,1312.9,998.65,0,0,0,0,17-Apr-17
OPTSTK,SIEMENS,27-Apr-17,840,CE,0,0,0,354,454,0,0,0,0,17-Apr-17
OPTSTK,SIEMENS,27-Apr-17,860,CE,0,0,0,334.45,434,0,0,0,0,17-Apr-17
OPTSTK,SIEMENS,27-Apr-17,880,CE,0,0,0,314.95,414.05,0,0,0,0,17-Apr-17
OPTSTK,SIEMENS,27-Apr-17,900,CE,0,0,0,295.5,394.1,0,0,0,0,17-Apr-17
OPTSTK,SIEMENS,27-Apr-17,920,CE,0,0,0,276.2,374.1,0,0,0,0,17-Apr-17
OPTSTK,SIEMENS,27-Apr-17,940,CE,0,0,0,257.1,354.15,0,0,0,0,17-Apr-17
OPTSTK,SIEMENS,27-Apr-17,960,CE,0,0,0,238.25,334.2,0,0,0,0,17-Apr-17
OPTSTK,SIEMENS,27-Apr-17,980,CE,0,0,0,219.7,314.25,0,0,0,0,17-Apr-17
OPTSTK,SIEMENS,27-Apr-17,1000,CE,0,0,0,201.6,294.25,0,0,0,0,17-Apr-17
OPTSTK,SIEMENS,27-Apr-17,1020,CE,0,0,0,183.95,274.3,0,0,0,0,17-Apr-17
OPTSTK,SIEMENS,27-Apr-17,1040,CE,0,0,0,166.9,254.35,0,0,0,0,17-Apr-17
OPTSTK,SIEMENS,27-Apr-17,1060,CE,0,0,0,150.5,234.35,0,0,0,0,17-Apr-17
OPTSTK,SIEMENS,27-Apr-17,1080,CE,0,0,0,134.9,214.4,0,0,0,0,17-Apr-17
OPTSTK,SIEMENS,27-Apr-17,1100,CE,0,0,0,120.15,194.45,0,0,0,0,17-Apr-17
OPTSTK,SIEMENS,27-Apr-17,1120,CE,0,0,0,106.25,174.45,0,0,0,0,17-Apr-17
OPTSTK,SIEMENS,27-Apr-17,1140,CE,0,0,0,93.35,154.5,0,0,0,0,17-Apr-17
OPTSTK,SIEMENS,27-Apr-17,1160,CE,0,0,0,81.5,134.55,0,0,0,0,17-Apr-17
OPTSTK,SIEMENS,27-Apr-17,1180,CE,0,0,0,70.65,114.65,0,0,0,0,17-Apr-17
OPTSTK,SIEMENS,27-Apr-17,1200,CE,0,0,0,60.8,94.95,0,0,0,0,17-Apr-17
OPTSTK,SIEMENS,27-Apr-17,1220,CE,0,0,0,52,75.65,0,0,0,0,17-Apr-17
OPTSTK,SIEMENS,27-Apr-17,1240,CE,0,0,0,62,57.4,0,0,500,0,17-Apr-17
OPTSTK,SIEMENS,27-Apr-17,1260,CE,0,0,0,69.55,40.9,0,0,10000,0,17-Apr-17
OPTSTK,SIEMENS,27-Apr-17,1280,CE,0,0,0,47.85,27.05,0,0,16000,0,17-Apr-17
OPTSTK,SIEMENS,27-Apr-17,1300,CE,20.5,20.5,15.55,18.45,18.45,27,177.83,20000,7000,17-Apr-17
OPTSTK,SIEMENS,27-Apr-17,1320,CE,11,11.6,8.55,8.55,8.55,19,126.43,21500,-2000,17-Apr-17
OPTSTK,SIEMENS,27-Apr-17,1340,CE,6.1,7.45,5.5,6.55,6.55,12,80.79,21500,0,17-Apr-17
OPTSTK,SIEMENS,27-Apr-17,1360,CE,3.75,3.75,3.3,3.3,3.3,7,47.72,9500,-1000,17-Apr-17
OPTSTK,SIEMENS,27-Apr-17,1380,CE,0,0,0,6.1,0.85,0,0,1000,0,17-Apr-17
OPTSTK,SIEMENS,27-Apr-17,1400,CE,0,0,0,4.2,0.3,0,0,1500,0,17-Apr-17
OPTSTK,SIEMENS,27-Apr-17,1420,CE,0,0,0,7.55,0.1,0,0,0,0,17-Apr-17
OPTSTK,SIEMENS,27-Apr-17,1440,CE,0,0,0,6.05,0.05,0,0,0,0,17-Apr-17
OPTSTK,SIEMENS,27-Apr-17,1460,CE,0,0,0,4.8,0.05,0,0,0,0,17-Apr-17
OPTSTK,SIEMENS,27-Apr-17,1480,CE,0,0,0,3.8,0,0,0,0,0,17-Apr-17
OPTSTK,SIEMENS,27-Apr-17,1500,CE,0,0,0,2.95,0,0,0,0,0,17-Apr-17
OPTSTK,SIEMENS,27-Apr-17,1520,CE,0,0,0,2.3,0,0,0,0,0,17-Apr-17
OPTSTK,SIEMENS,27-Apr-17,840,PE,0,0,0,0.15,0,0,0,0,0,17-Apr-17
OPTSTK,SIEMENS,27-Apr-17,860,PE,0,0,0,0.25,0,0,0,0,0,17-Apr-17
OPTSTK,SIEMENS,27-Apr-17,880,PE,0,0,0,0.4,0,0,0,0,0,17-Apr-17
OPTSTK,SIEMENS,27-Apr-17,900,PE,0,0,0,0.65,0,0,0,0,0,17-Apr-17
OPTSTK,SIEMENS,27-Apr-17,920,PE,0,0,0,1,0,0,0,0,0,17-Apr-17
OPTSTK,SIEMENS,27-Apr-17,940,PE,0,0,0,1.6,0,0,0,0,0,17-Apr-17
OPTSTK,SIEMENS,27-Apr-17,960,PE,0,0,0,2.4,0,0,0,0,0,17-Apr-17
OPTSTK,SIEMENS,27-Apr-17,980,PE,0,0,0,3.55,0,0,0,0,0,17-Apr-17
OPTSTK,SIEMENS,27-Apr-17,1000,PE,0,0,0,5.05,0,0,0,0,0,17-Apr-17
OPTSTK,SIEMENS,27-Apr-17,1020,PE,0,0,0,7.1,0,0,0,0,0,17-Apr-17
OPTSTK,SIEMENS,27-Apr-17,1040,PE,0,0,0,9.7,0,0,0,0,0,17-Apr-17
OPTSTK,SIEMENS,27-Apr-17,1060,PE,0,0,0,13,0,0,0,0,0,17-Apr-17
OPTSTK,SIEMENS,27-Apr-17,1080,PE,0,0,0,17.05,0,0,0,0,0,17-Apr-17
OPTSTK,SIEMENS,27-Apr-17,1100,PE,0,0,0,22,0,0,0,0,0,17-Apr-17
OPTSTK,SIEMENS,27-Apr-17,1120,PE,0,0,0,27.75,0,0,0,0,0,17-Apr-17
OPTSTK,SIEMENS,27-Apr-17,1140,PE,0,0,0,34.55,0,0,0,0,0,17-Apr-17
OPTSTK,SIEMENS,27-Apr-17,1160,PE,0,0,0,42.35,0.05,0,0,0,0,17-Apr-17
OPTSTK,SIEMENS,27-Apr-17,1180,PE,0,0,0,6.5,0.1,0,0,2000,0,17-Apr-17
OPTSTK,SIEMENS,27-Apr-17,1200,PE,0,0,0,7,0.35,0,0,1500,0,17-Apr-17
OPTSTK,SIEMENS,27-Apr-17,1220,PE,1.5,1.5,1.4,1.4,1.4,2,12.21,1500,-500,17-Apr-17
OPTSTK,SIEMENS,27-Apr-17,1240,PE,0,0,0,4,2.75,0,0,4500,0,17-Apr-17
OPTSTK,SIEMENS,27-Apr-17,1260,PE,7.1,7.1,5.75,6.75,6.75,6,37.99,7000,500,17-Apr-17
OPTSTK,SIEMENS,27-Apr-17,1280,PE,0,0,0,12.25,12.35,0,0,6500,0,17-Apr-17
OPTSTK,SIEMENS,27-Apr-17,1300,PE,21.6,22.3,19.9,19.9,19.9,8,52.84,6000,-1000,17-Apr-17
OPTSTK,SIEMENS,27-Apr-17,1320,PE,0,0,0,25.45,34.3,0,0,2000,0,17-Apr-17
OPTSTK,SIEMENS,27-Apr-17,1340,PE,0,0,0,155.55,49.7,0,0,0,0,17-Apr-17
OPTSTK,SIEMENS,27-Apr-17,1360,PE,0,0,0,172,67.2,0,0,0,0,17-Apr-17
OPTSTK,SIEMENS,27-Apr-17,1380,PE,0,0,0,188.95,85.95,0,0,0,0,17-Apr-17
OPTSTK,SIEMENS,27-Apr-17,1400,PE,0,0,0,206.35,105.35,0,0,0,0,17-Apr-17
OPTSTK,SIEMENS,27-Apr-17,1420,PE,0,0,0,224.15,125.15,0,0,0,0,17-Apr-17
OPTSTK,SIEMENS,27-Apr-17,1440,PE,0,0,0,242.3,145.05,0,0,0,0,17-Apr-17
OPTSTK,SIEMENS,27-Apr-17,1460,PE,0,0,0,260.7,165,0,0,0,0,17-Apr-17
OPTSTK,SIEMENS,27-Apr-17,1480,PE,0,0,0,279.4,184.95,0,0,0,0,17-Apr-17
OPTSTK,SIEMENS,27-Apr-17,1500,PE,0,0,0,298.25,204.9,0,0,0,0,17-Apr-17
OPTSTK,SIEMENS,27-Apr-17,1520,PE,0,0,0,317.25,224.85,0,0,0,0,17-Apr-17
OPTSTK,SIEMENS,25-May-17,840,CE,0,0,0,374.55,458.2,0,0,0,0,17-Apr-17
OPTSTK,SIEMENS,25-May-17,860,CE,0,0,0,354.9,438.3,0,0,0,0,17-Apr-17
OPTSTK,SIEMENS,25-May-17,880,CE,0,0,0,335.25,418.45,0,0,0,0,17-Apr-17
OPTSTK,SIEMENS,25-May-17,900,CE,0,0,0,315.65,398.6,0,0,0,0,17-Apr-17
OPTSTK,SIEMENS,25-May-17,920,CE,0,0,0,296.1,378.7,0,0,0,0,17-Apr-17
OPTSTK,SIEMENS,25-May-17,940,CE,0,0,0,276.65,358.85,0,0,0,0,17-Apr-17
OPTSTK,SIEMENS,25-May-17,960,CE,0,0,0,257.35,339,0,0,0,0,17-Apr-17
OPTSTK,SIEMENS,25-May-17,980,CE,0,0,0,238.25,319.15,0,0,0,0,17-Apr-17
OPTSTK,SIEMENS,25-May-17,1000,CE,0,0,0,219.35,299.25,0,0,0,0,17-Apr-17
OPTSTK,SIEMENS,25-May-17,1020,CE,0,0,0,200.85,279.4,0,0,0,0,17-Apr-17
OPTSTK,SIEMENS,25-May-17,1040,CE,0,0,0,182.8,259.55,0,0,0,0,17-Apr-17
OPTSTK,SIEMENS,25-May-17,1060,CE,0,0,0,165.25,239.7,0,0,0,0,17-Apr-17
OPTSTK,SIEMENS,25-May-17,1080,CE,0,0,0,148.4,219.9,0,0,0,0,17-Apr-17
OPTSTK,SIEMENS,25-May-17,1100,CE,0,0,0,132.3,200.2,0,0,0,0,17-Apr-17
OPTSTK,SIEMENS,25-May-17,1120,CE,0,0,0,117.05,180.65,0,0,0,0,17-Apr-17
OPTSTK,SIEMENS,25-May-17,1140,CE,0,0,0,102.75,161.3,0,0,0,0,17-Apr-17
OPTSTK,SIEMENS,25-May-17,1160,CE,0,0,0,89.5,142.35,0,0,0,0,17-Apr-17
OPTSTK,SIEMENS,25-May-17,1180,CE,0,0,0,77.3,123.95,0,0,0,0,17-Apr-17
OPTSTK,SIEMENS,25-May-17,1200,CE,0,0,0,66.2,106.3,0,0,0,0,17-Apr-17
OPTSTK,SIEMENS,25-May-17,1220,CE,0,0,0,56.25,89.7,0,0,0,0,17-Apr-17
OPTSTK,SIEMENS,25-May-17,1240,CE,0,0,0,47.4,74.35,0,0,0,0,17-Apr-17
OPTSTK,SIEMENS,25-May-17,1260,CE,0,0,0,39.6,60.4,0,0,0,0,17-Apr-17
OPTSTK,SIEMENS,25-May-17,1280,CE,0,0,0,32.8,48.05,0,0,0,0,17-Apr-17
OPTSTK,SIEMENS,25-May-17,1300,CE,0,0,0,26.95,37.45,0,0,0,0,17-Apr-17
OPTSTK,SIEMENS,25-May-17,1320,CE,0,0,0,22,28.55,0,0,0,0,17-Apr-17
OPTSTK,SIEMENS,25-May-17,1340,CE,24,24,24,24,24,5,34.1,3500,2500,17-Apr-17
OPTSTK,SIEMENS,25-May-17,1360,CE,0,0,0,14.25,15.45,0,0,0,0,17-Apr-17
OPTSTK,SIEMENS,25-May-17,1380,CE,0,0,0,11.35,11,0,0,0,0,17-Apr-17
OPTSTK,SIEMENS,25-May-17,1400,CE,0,0,0,8.95,7.65,0,0,0,0,17-Apr-17
OPTSTK,SIEMENS,25-May-17,1420,CE,0,0,0,7,5.2,0,0,0,0,17-Apr-17
OPTSTK,SIEMENS,25-May-17,1440,CE,0,0,0,5.45,3.45,0,0,0,0,17-Apr-17
OPTSTK,SIEMENS,25-May-17,1460,CE,0,0,0,4.2,2.25,0,0,0,0,17-Apr-17
OPTSTK,SIEMENS,25-May-17,1480,CE,0,0,0,3.25,1.4,0,0,0,0,17-Apr-17
OPTSTK,SIEMENS,25-May-17,1500,CE,0,0,0,2.45,0.9,0,0,0,0,17-Apr-17
OPTSTK,SIEMENS,25-May-17,1520,CE,0,0,0,1.85,0.55,0,0,0,0,17-Apr-17
OPTSTK,SIEMENS,25-May-17,840,PE,0,0,0,0.05,0,0,0,0,0,17-Apr-17
OPTSTK,SIEMENS,25-May-17,860,PE,0,0,0,0.05,0,0,0,0,0,17-Apr-17
OPTSTK,SIEMENS,25-May-17,880,PE,0,0,0,0.1,0,0,0,0,0,17-Apr-17
OPTSTK,SIEMENS,25-May-17,900,PE,0,0,0,0.2,0,0,0,0,0,17-Apr-17
OPTSTK,SIEMENS,25-May-17,920,PE,0,0,0,0.35,0,0,0,0,0,17-Apr-17
OPTSTK,SIEMENS,25-May-17,940,PE,0,0,0,0.55,0,0,0,0,0,17-Apr-17
OPTSTK,SIEMENS,25-May-17,960,PE,0,0,0,0.95,0,0,0,0,0,17-Apr-17
OPTSTK,SIEMENS,25-May-17,980,PE,0,0,0,1.5,0,0,0,0,0,17-Apr-17
OPTSTK,SIEMENS,25-May-17,1000,PE,0,0,0,2.35,0,0,0,0,0,17-Apr-17
OPTSTK,SIEMENS,25-May-17,1020,PE,0,0,0,3.5,0.05,0,0,0,0,17-Apr-17
OPTSTK,SIEMENS,25-May-17,1040,PE,0,0,0,5.1,0.05,0,0,0,0,17-Apr-17
OPTSTK,SIEMENS,25-May-17,1060,PE,0,0,0,7.3,0.05,0,0,0,0,17-Apr-17
OPTSTK,SIEMENS,25-May-17,1080,PE,0,0,0,10.1,0.15,0,0,0,0,17-Apr-17
OPTSTK,SIEMENS,25-May-17,1100,PE,0,0,0,13.7,0.3,0,0,0,0,17-Apr-17
OPTSTK,SIEMENS,25-May-17,1120,PE,0,0,0,18.15,0.6,0,0,0,0,17-Apr-17
OPTSTK,SIEMENS,25-May-17,1140,PE,0,0,0,23.5,1.1,0,0,0,0,17-Apr-17
OPTSTK,SIEMENS,25-May-17,1160,PE,0,0,0,29.95,2,0,0,0,0,17-Apr-17
OPTSTK,SIEMENS,25-May-17,1180,PE,0,0,0,37.45,3.45,0,0,0,0,17-Apr-17
OPTSTK,SIEMENS,25-May-17,1200,PE,0,0,0,46.05,5.7,0,0,0,0,17-Apr-17
OPTSTK,SIEMENS,25-May-17,1220,PE,0,0,0,55.75,8.95,0,0,0,0,17-Apr-17
OPTSTK,SIEMENS,25-May-17,1240,PE,0,0,0,66.6,13.5,0,0,0,0,17-Apr-17
OPTSTK,SIEMENS,25-May-17,1260,PE,0,0,0,78.45,19.4,0,0,0,0,17-Apr-17
OPTSTK,SIEMENS,25-May-17,1280,PE,0,0,0,91.35,26.95,0,0,0,0,17-Apr-17
OPTSTK,SIEMENS,25-May-17,1300,PE,34.55,34.55,34.55,34.55,34.55,3,20.01,1500,1500,17-Apr-17
OPTSTK,SIEMENS,25-May-17,1320,PE,0,0,0,119.95,47.15,0,0,0,0,17-Apr-17
OPTSTK,SIEMENS,25-May-17,1340,PE,0,0,0,135.4,59.7,0,0,0,0,17-Apr-17
OPTSTK,SIEMENS,25-May-17,1360,PE,0,0,0,151.55,73.8,0,0,0,0,17-Apr-17
OPTSTK,SIEMENS,25-May-17,1380,PE,0,0,0,168.3,89.2,0,0,0,0,17-Apr-17
OPTSTK,SIEMENS,25-May-17,1400,PE,0,0,0,185.65,105.7,0,0,0,0,17-Apr-17
OPTSTK,SIEMENS,25-May-17,1420,PE,0,0,0,203.4,123.1,0,0,0,0,17-Apr-17
OPTSTK,SIEMENS,25-May-17,1440,PE,0,0,0,221.5,141.25,0,0,0,0,17-Apr-17
OPTSTK,SIEMENS,25-May-17,1460,PE,0,0,0,239.95,159.9,0,0,0,0,17-Apr-17
OPTSTK,SIEMENS,25-May-17,1480,PE,0,0,0,258.65,178.95,0,0,0,0,17-Apr-17
OPTSTK,SIEMENS,25-May-17,1500,PE,0,0,0,277.55,198.25,0,0,0,0,17-Apr-17
OPTSTK,SIEMENS,25-May-17,1520,PE,0,0,0,296.65,217.8,0,0,0,0,17-Apr-17
OPTSTK,SIEMENS,29-Jun-17,860,CE,0,0,0,405.4,443.65,0,0,0,0,17-Apr-17
OPTSTK,SIEMENS,29-Jun-17,880,CE,0,0,0,385.75,423.9,0,0,0,0,17-Apr-17
OPTSTK,SIEMENS,29-Jun-17,900,CE,0,0,0,366.1,404.15,0,0,0,0,17-Apr-17
OPTSTK,SIEMENS,29-Jun-17,920,CE,0,0,0,346.45,384.4,0,0,0,0,17-Apr-17
OPTSTK,SIEMENS,29-Jun-17,940,CE,0,0,0,326.85,364.65,0,0,0,0,17-Apr-17
OPTSTK,SIEMENS,29-Jun-17,960,CE,0,0,0,307.25,344.95,0,0,0,0,17-Apr-17
OPTSTK,SIEMENS,29-Jun-17,980,CE,0,0,0,287.75,325.25,0,0,0,0,17-Apr-17
OPTSTK,SIEMENS,29-Jun-17,1000,CE,0,0,0,268.4,305.55,0,0,0,0,17-Apr-17
OPTSTK,SIEMENS,29-Jun-17,1020,CE,0,0,0,249.15,285.9,0,0,0,0,17-Apr-17
OPTSTK,SIEMENS,29-Jun-17,1040,CE,0,0,0,230.1,266.35,0,0,0,0,17-Apr-17
OPTSTK,SIEMENS,29-Jun-17,1060,CE,0,0,0,211.4,246.9,0,0,0,0,17-Apr-17
OPTSTK,SIEMENS,29-Jun-17,1080,CE,0,0,0,193.05,227.6,0,0,0,0,17-Apr-17
OPTSTK,SIEMENS,29-Jun-17,1100,CE,0,0,0,175.15,208.6,0,0,0,0,17-Apr-17
OPTSTK,SIEMENS,29-Jun-17,1120,CE,0,0,0,157.85,189.9,0,0,0,0,17-Apr-17
OPTSTK,SIEMENS,29-Jun-17,1140,CE,0,0,0,141.3,171.65,0,0,0,0,17-Apr-17
OPTSTK,SIEMENS,29-Jun-17,1160,CE,0,0,0,125.5,153.95,0,0,0,0,17-Apr-17
OPTSTK,SIEMENS,29-Jun-17,1180,CE,0,0,0,110.65,136.95,0,0,0,0,17-Apr-17
OPTSTK,SIEMENS,29-Jun-17,1200,CE,0,0,0,96.65,120.75,0,0,0,0,17-Apr-17
OPTSTK,SIEMENS,29-Jun-17,1220,CE,0,0,0,83.8,105.5,0,0,0,0,17-Apr-17
OPTSTK,SIEMENS,29-Jun-17,1240,CE,0,0,0,72.05,91.25,0,0,0,0,17-Apr-17
OPTSTK,SIEMENS,29-Jun-17,1260,CE,0,0,0,61.4,78.2,0,0,0,0,17-Apr-17
OPTSTK,SIEMENS,29-Jun-17,1280,CE,0,0,0,51.9,66.3,0,0,0,0,17-Apr-17
OPTSTK,SIEMENS,29-Jun-17,1300,CE,0,0,0,43.45,55.65,0,0,0,0,17-Apr-17
OPTSTK,SIEMENS,29-Jun-17,1320,CE,0,0,0,36.1,46.2,0,0,0,0,17-Apr-17
OPTSTK,SIEMENS,29-Jun-17,1340,CE,0,0,0,29.7,37.9,0,0,0,0,17-Apr-17
OPTSTK,SIEMENS,29-Jun-17,1360,CE,0,0,0,24.25,30.8,0,0,0,0,17-Apr-17
OPTSTK,SIEMENS,29-Jun-17,1380,CE,0,0,0,19.65,24.75,0,0,0,0,17-Apr-17
OPTSTK,SIEMENS,29-Jun-17,1400,CE,0,0,0,15.75,19.75,0,0,0,0,17-Apr-17
OPTSTK,SIEMENS,29-Jun-17,1420,CE,0,0,0,12.55,15.5,0,0,0,0,17-Apr-17
OPTSTK,SIEMENS,29-Jun-17,1440,CE,0,0,0,9.9,12.1,0,0,0,0,17-Apr-17
OPTSTK,SIEMENS,29-Jun-17,1460,CE,0,0,0,7.75,9.3,0,0,0,0,17-Apr-17
OPTSTK,SIEMENS,29-Jun-17,1480,CE,0,0,0,6,7.1,0,0,0,0,17-Apr-17
OPTSTK,SIEMENS,29-Jun-17,1500,CE,0,0,0,4.65,5.35,0,0,0,0,17-Apr-17
OPTSTK,SIEMENS,29-Jun-17,1520,CE,0,0,0,3.55,4,0,0,0,0,17-Apr-17
OPTSTK,SIEMENS,29-Jun-17,860,PE,0,0,0,0.05,0,0,0,0,0,17-Apr-17
OPTSTK,SIEMENS,29-Jun-17,880,PE,0,0,0,0.05,0,0,0,0,0,17-Apr-17
OPTSTK,SIEMENS,29-Jun-17,900,PE,0,0,0,0.05,0,0,0,0,0,17-Apr-17
OPTSTK,SIEMENS,29-Jun-17,920,PE,0,0,0,0.1,0,0,0,0,0,17-Apr-17
OPTSTK,SIEMENS,29-Jun-17,940,PE,0,0,0,0.15,0.05,0,0,0,0,17-Apr-17
OPTSTK,SIEMENS,29-Jun-17,960,PE,0,0,0,0.25,0.05,0,0,0,0,17-Apr-17
OPTSTK,SIEMENS,29-Jun-17,980,PE,0,0,0,0.4,0.05,0,0,0,0,17-Apr-17
OPTSTK,SIEMENS,29-Jun-17,1000,PE,0,0,0,0.7,0.15,0,0,0,0,17-Apr-17
OPTSTK,SIEMENS,29-Jun-17,1020,PE,0,0,0,1.1,0.25,0,0,0,0,17-Apr-17
OPTSTK,SIEMENS,29-Jun-17,1040,PE,0,0,0,1.75,0.4,0,0,0,0,17-Apr-17
OPTSTK,SIEMENS,29-Jun-17,1060,PE,0,0,0,2.7,0.7,0,0,0,0,17-Apr-17
OPTSTK,SIEMENS,29-Jun-17,1080,PE,0,0,0,4,1.15,0,0,0,0,17-Apr-17
OPTSTK,SIEMENS,29-Jun-17,1100,PE,0,0,0,5.8,1.85,0,0,0,0,17-Apr-17
OPTSTK,SIEMENS,29-Jun-17,1120,PE,0,0,0,8.2,2.9,0,0,0,0,17-Apr-17
OPTSTK,SIEMENS,29-Jun-17,1140,PE,0,0,0,11.3,4.4,0,0,0,0,17-Apr-17
OPTSTK,SIEMENS,29-Jun-17,1160,PE,0,0,0,15.15,6.45,0,0,0,0,17-Apr-17
OPTSTK,SIEMENS,29-Jun-17,1180,PE,0,0,0,19.95,9.2,0,0,0,0,17-Apr-17
OPTSTK,SIEMENS,29-Jun-17,1200,PE,0,0,0,25.65,12.75,0,0,0,0,17-Apr-17
OPTSTK,SIEMENS,29-Jun-17,1220,PE,0,0,0,32.5,17.25,0,0,0,0,17-Apr-17
OPTSTK,SIEMENS,29-Jun-17,1240,PE,0,0,0,40.4,22.75,0,0,0,0,17-Apr-17
OPTSTK,SIEMENS,29-Jun-17,1260,PE,0,0,0,49.4,29.4,0,0,0,0,17-Apr-17
OPTSTK,SIEMENS,29-Jun-17,1280,PE,0,0,0,59.55,37.25,0,0,0,0,17-Apr-17
OPTSTK,SIEMENS,29-Jun-17,1300,PE,0,0,0,70.8,46.35,0,0,0,0,17-Apr-17
OPTSTK,SIEMENS,29-Jun-17,1320,PE,0,0,0,83.1,56.65,0,0,0,0,17-Apr-17
OPTSTK,SIEMENS,29-Jun-17,1340,PE,0,0,0,96.4,68.1,0,0,0,0,17-Apr-17
OPTSTK,SIEMENS,29-Jun-17,1360,PE,0,0,0,110.6,80.75,0,0,0,0,17-Apr-17
OPTSTK,SIEMENS,29-Jun-17,1380,PE,0,0,0,125.65,94.45,0,0,0,0,17-Apr-17
OPTSTK,SIEMENS,29-Jun-17,1400,PE,0,0,0,141.45,109.15,0,0,0,0,17-Apr-17
OPTSTK,SIEMENS,29-Jun-17,1420,PE,0,0,0,157.9,124.65,0,0,0,0,17-Apr-17
OPTSTK,SIEMENS,29-Jun-17,1440,PE,0,0,0,174.95,141,0,0,0,0,17-Apr-17
OPTSTK,SIEMENS,29-Jun-17,1460,PE,0,0,0,192.45,157.95,0,0,0,0,17-Apr-17
OPTSTK,SIEMENS,29-Jun-17,1480,PE,0,0,0,210.4,175.5,0,0,0,0,17-Apr-17
OPTSTK,SIEMENS,29-Jun-17,1500,PE,0,0,0,228.7,193.5,0,0,0,0,17-Apr-17
OPTSTK,SIEMENS,29-Jun-17,1520,PE,0,0,0,247.3,211.9,0,0,0,0,17-Apr-17
OPTSTK,SINTEX,27-Apr-17,55,CE,0,0,0,31.3,57.95,0,0,0,0,17-Apr-17
OPTSTK,SINTEX,27-Apr-17,57.5,CE,0,0,0,29,55.45,0,0,0,0,17-Apr-17
OPTSTK,SINTEX,27-Apr-17,60,CE,0,0,0,26.75,52.95,0,0,0,0,17-Apr-17
OPTSTK,SINTEX,27-Apr-17,62.5,CE,0,0,0,24.55,50.5,0,0,0,0,17-Apr-17
OPTSTK,SINTEX,27-Apr-17,65,CE,0,0,0,22.4,48,0,0,0,0,17-Apr-17
OPTSTK,SINTEX,27-Apr-17,67.5,CE,0,0,0,20.4,45.5,0,0,0,0,17-Apr-17
OPTSTK,SINTEX,27-Apr-17,70,CE,0,0,0,18.45,43,0,0,0,0,17-Apr-17
OPTSTK,SINTEX,27-Apr-17,72.5,CE,0,0,0,16.65,40.5,0,0,0,0,17-Apr-17
OPTSTK,SINTEX,27-Apr-17,75,CE,0,0,0,14.95,38,0,0,0,0,17-Apr-17
OPTSTK,SINTEX,27-Apr-17,77.5,CE,0,0,0,13.35,35.5,0,0,0,0,17-Apr-17
OPTSTK,SINTEX,27-Apr-17,80,CE,0,0,0,11.85,33,0,0,0,0,17-Apr-17
OPTSTK,SINTEX,27-Apr-17,82.5,CE,0,0,0,10.5,30.5,0,0,0,0,17-Apr-17
OPTSTK,SINTEX,27-Apr-17,85,CE,0,0,0,16,28,0,0,14250,0,17-Apr-17
OPTSTK,SINTEX,27-Apr-17,87.5,CE,0,0,0,8.15,25.5,0,0,0,0,17-Apr-17
OPTSTK,SINTEX,27-Apr-17,90,CE,0,0,0,23,23.05,0,0,7125,0,17-Apr-17
OPTSTK,SINTEX,27-Apr-17,92.5,CE,0,0,0,6.25,20.55,0,0,0,0,17-Apr-17
OPTSTK,SINTEX,27-Apr-17,95,CE,0,0,0,14.85,18.05,0,0,28500,0,17-Apr-17
OPTSTK,SINTEX,27-Apr-17,97.5,CE,0,0,0,10.8,15.55,0,0,14250,0,17-Apr-17
OPTSTK,SINTEX,27-Apr-17,100,CE,0,0,0,13.7,13.1,0,0,85500,0,17-Apr-17
OPTSTK,SINTEX,27-Apr-17,102.5,CE,11,11,11,11,11,1,8.08,49875,-7125,17-Apr-17
OPTSTK,SINTEX,27-Apr-17,105,CE,8.25,9.05,8.25,9.05,9.05,2,16.19,391875,-14250,17-Apr-17
OPTSTK,SINTEX,27-Apr-17,107.5,CE,0,0,0,6.95,6.4,0,0,163875,0,17-Apr-17
OPTSTK,SINTEX,27-Apr-17,110,CE,4.5,5.55,3.8,5,5,129,1056.38,2023500,448875,17-Apr-17
OPTSTK,SINTEX,27-Apr-17,112.5,CE,2.6,3.8,2.5,3.5,3.5,17,140.24,306375,14250,17-Apr-17
OPTSTK,SINTEX,27-Apr-17,115,CE,2.1,2.75,1.6,2.45,2.45,202,1687.49,1581750,106875,17-Apr-17
OPTSTK,SINTEX,27-Apr-17,117.5,CE,1,1.65,1,1.6,1.6,6,50.84,99750,7125,17-Apr-17
OPTSTK,SINTEX,27-Apr-17,120,CE,0.9,1.15,0.7,1.05,1.05,119,1025.66,983250,206625,17-Apr-17
OPTSTK,SINTEX,27-Apr-17,122.5,CE,0,0,0,0.6,0.35,0,0,71250,0,17-Apr-17
OPTSTK,SINTEX,27-Apr-17,125,CE,0.35,0.45,0.35,0.35,0.35,7,62.52,228000,0,17-Apr-17
OPTSTK,SINTEX,27-Apr-17,127.5,CE,0,0,0,0.35,0.1,0,0,28500,0,17-Apr-17
OPTSTK,SINTEX,27-Apr-17,130,CE,0,0,0,0.5,0.05,0,0,0,0,17-Apr-17
OPTSTK,SINTEX,27-Apr-17,132.5,CE,0,0,0,0.25,0.05,0,0,0,0,17-Apr-17
OPTSTK,SINTEX,27-Apr-17,55,PE,0,0,0,0.25,0,0,0,0,0,17-Apr-17
OPTSTK,SINTEX,27-Apr-17,57.5,PE,0,0,0,0.4,0,0,0,0,0,17-Apr-17
OPTSTK,SINTEX,27-Apr-17,60,PE,0,0,0,0.6,0,0,0,0,0,17-Apr-17
OPTSTK,SINTEX,27-Apr-17,62.5,PE,0,0,0,0.85,0,0,0,0,0,17-Apr-17
OPTSTK,SINTEX,27-Apr-17,65,PE,0,0,0,1.2,0,0,0,0,0,17-Apr-17
OPTSTK,SINTEX,27-Apr-17,67.5,PE,0,0,0,1.65,0,0,0,0,0,17-Apr-17
OPTSTK,SINTEX,27-Apr-17,70,PE,0,0,0,2.15,0,0,0,0,0,17-Apr-17
OPTSTK,SINTEX,27-Apr-17,72.5,PE,0,0,0,2.8,0,0,0,0,0,17-Apr-17
OPTSTK,SINTEX,27-Apr-17,75,PE,0,0,0,3.55,0,0,0,0,0,17-Apr-17
OPTSTK,SINTEX,27-Apr-17,77.5,PE,0,0,0,4.4,0,0,0,0,0,17-Apr-17
OPTSTK,SINTEX,27-Apr-17,80,PE,0,0,0,0.7,0,0,0,0,0,17-Apr-17
OPTSTK,SINTEX,27-Apr-17,82.5,PE,0,0,0,6.5,0,0,0,0,0,17-Apr-17
OPTSTK,SINTEX,27-Apr-17,85,PE,0,0,0,7.75,0,0,0,0,0,17-Apr-17
OPTSTK,SINTEX,27-Apr-17,87.5,PE,0,0,0,9.05,0,0,0,0,0,17-Apr-17
OPTSTK,SINTEX,27-Apr-17,90,PE,0.1,0.1,0.1,0.1,0.1,4,25.67,64125,-21375,17-Apr-17
OPTSTK,SINTEX,27-Apr-17,92.5,PE,0,0,0,0.2,0,0,0,14250,0,17-Apr-17
OPTSTK,SINTEX,27-Apr-17,95,PE,0.2,0.2,0.2,0.2,0.2,1,6.78,178125,-7125,17-Apr-17
OPTSTK,SINTEX,27-Apr-17,97.5,PE,0.2,0.2,0.2,0.2,0.2,1,6.96,71250,0,17-Apr-17
OPTSTK,SINTEX,27-Apr-17,100,PE,0.2,0.3,0.2,0.3,0.3,3,21.42,327750,-7125,17-Apr-17
OPTSTK,SINTEX,27-Apr-17,102.5,PE,0.25,0.35,0.25,0.35,0.35,3,21.96,78375,7125,17-Apr-17
OPTSTK,SINTEX,27-Apr-17,105,PE,0.85,0.85,0.65,0.7,0.7,12,90.37,505875,21375,17-Apr-17
OPTSTK,SINTEX,27-Apr-17,107.5,PE,1.7,1.7,1.1,1.3,1.3,6,46.54,334875,0,17-Apr-17
OPTSTK,SINTEX,27-Apr-17,110,PE,2.4,2.45,1.8,2,2,39,311.31,783750,64125,17-Apr-17
OPTSTK,SINTEX,27-Apr-17,112.5,PE,0,0,0,2.8,2.55,0,0,71250,0,17-Apr-17
OPTSTK,SINTEX,27-Apr-17,115,PE,4.35,4.35,4.05,4.05,4.05,3,25.46,121125,-14250,17-Apr-17
OPTSTK,SINTEX,27-Apr-17,117.5,PE,0,0,0,7.25,5.65,0,0,42750,0,17-Apr-17
OPTSTK,SINTEX,27-Apr-17,120,PE,0,0,0,8.95,7.6,0,0,21375,0,17-Apr-17
OPTSTK,SINTEX,27-Apr-17,122.5,PE,0,0,0,29.45,9.8,0,0,0,0,17-Apr-17
OPTSTK,SINTEX,27-Apr-17,125,PE,0,0,0,30.6,12.1,0,0,0,0,17-Apr-17
OPTSTK,SINTEX,27-Apr-17,127.5,PE,0,0,0,29.4,14.55,0,0,0,0,17-Apr-17
OPTSTK,SINTEX,27-Apr-17,130,PE,0,0,0,30.45,17,0,0,0,0,17-Apr-17
OPTSTK,SINTEX,27-Apr-17,132.5,PE,0,0,0,27.8,19.45,0,0,0,0,17-Apr-17
OPTSTK,SINTEX,25-May-17,62.5,CE,0,0,0,31.95,50.8,0,0,0,0,17-Apr-17
OPTSTK,SINTEX,25-May-17,65,CE,0,0,0,29.65,48.3,0,0,0,0,17-Apr-17
OPTSTK,SINTEX,25-May-17,67.5,CE,0,0,0,27.35,45.85,0,0,0,0,17-Apr-17
OPTSTK,SINTEX,25-May-17,70,CE,0,0,0,25.15,43.35,0,0,0,0,17-Apr-17
OPTSTK,SINTEX,25-May-17,72.5,CE,0,0,0,23,40.85,0,0,0,0,17-Apr-17
OPTSTK,SINTEX,25-May-17,75,CE,0,0,0,20.9,38.4,0,0,0,0,17-Apr-17
OPTSTK,SINTEX,25-May-17,77.5,CE,0,0,0,18.95,35.9,0,0,0,0,17-Apr-17
OPTSTK,SINTEX,25-May-17,80,CE,0,0,0,17.1,33.4,0,0,0,0,17-Apr-17
OPTSTK,SINTEX,25-May-17,82.5,CE,0,0,0,15.3,30.95,0,0,0,0,17-Apr-17
OPTSTK,SINTEX,25-May-17,85,CE,0,0,0,13.65,28.5,0,0,0,0,17-Apr-17
OPTSTK,SINTEX,25-May-17,87.5,CE,0,0,0,12.15,26.05,0,0,0,0,17-Apr-17
OPTSTK,SINTEX,25-May-17,90,CE,0,0,0,10.75,23.6,0,0,0,0,17-Apr-17
OPTSTK,SINTEX,25-May-17,92.5,CE,0,0,0,9.45,21.25,0,0,0,0,17-Apr-17
OPTSTK,SINTEX,25-May-17,95,CE,0,0,0,8.3,18.9,0,0,0,0,17-Apr-17
OPTSTK,SINTEX,25-May-17,97.5,CE,0,0,0,7.25,16.65,0,0,0,0,17-Apr-17
OPTSTK,SINTEX,25-May-17,100,CE,0,0,0,7.25,14.5,0,0,0,0,17-Apr-17
OPTSTK,SINTEX,25-May-17,102.5,CE,0,0,0,5.45,12.5,0,0,0,0,17-Apr-17
OPTSTK,SINTEX,25-May-17,105,CE,0,0,0,4.7,10.65,0,0,0,0,17-Apr-17
OPTSTK,SINTEX,25-May-17,107.5,CE,0,0,0,4.05,8.95,0,0,0,0,17-Apr-17
OPTSTK,SINTEX,25-May-17,110,CE,0,0,0,3.5,7.4,0,0,0,0,17-Apr-17
OPTSTK,SINTEX,25-May-17,112.5,CE,0,0,0,5.45,6.05,0,0,7125,0,17-Apr-17
OPTSTK,SINTEX,25-May-17,115,CE,0,0,0,5,4.85,0,0,21375,0,17-Apr-17
OPTSTK,SINTEX,25-May-17,117.5,CE,0,0,0,4,3.85,0,0,7125,0,17-Apr-17
OPTSTK,SINTEX,25-May-17,120,CE,0,0,0,3,3.05,0,0,14250,0,17-Apr-17
OPTSTK,SINTEX,25-May-17,122.5,CE,0,0,0,1.55,2.35,0,0,0,0,17-Apr-17
OPTSTK,SINTEX,25-May-17,125,CE,0,0,0,1.45,1.8,0,0,7125,0,17-Apr-17
OPTSTK,SINTEX,25-May-17,127.5,CE,0,0,0,1.3,1.35,0,0,0,0,17-Apr-17
OPTSTK,SINTEX,25-May-17,130,CE,0,0,0,1.25,1,0,0,0,0,17-Apr-17
OPTSTK,SINTEX,25-May-17,132.5,CE,0,0,0,1.15,0.75,0,0,0,0,17-Apr-17
OPTSTK,SINTEX,25-May-17,62.5,PE,0,0,0,0.25,0,0,0,0,0,17-Apr-17
OPTSTK,SINTEX,25-May-17,65,PE,0,0,0,0.35,0,0,0,0,0,17-Apr-17
OPTSTK,SINTEX,25-May-17,67.5,PE,0,0,0,0.55,0,0,0,0,0,17-Apr-17
OPTSTK,SINTEX,25-May-17,70,PE,0,0,0,0.8,0,0,0,0,0,17-Apr-17
OPTSTK,SINTEX,25-May-17,72.5,PE,0,0,0,1.1,0,0,0,0,0,17-Apr-17
OPTSTK,SINTEX,25-May-17,75,PE,0,0,0,1.5,0,0,0,0,0,17-Apr-17
OPTSTK,SINTEX,25-May-17,77.5,PE,0,0,0,2,0,0,0,0,0,17-Apr-17
OPTSTK,SINTEX,25-May-17,80,PE,0,0,0,2.55,0.05,0,0,0,0,17-Apr-17
OPTSTK,SINTEX,25-May-17,82.5,PE,0,0,0,3.25,0.05,0,0,0,0,17-Apr-17
OPTSTK,SINTEX,25-May-17,85,PE,0,0,0,4.1,0.05,0,0,0,0,17-Apr-17
OPTSTK,SINTEX,25-May-17,87.5,PE,0,0,0,5.05,0.1,0,0,0,0,17-Apr-17
OPTSTK,SINTEX,25-May-17,90,PE,0,0,0,6.1,0.15,0,0,0,0,17-Apr-17
OPTSTK,SINTEX,25-May-17,92.5,PE,0,0,0,7.25,0.25,0,0,0,0,17-Apr-17
OPTSTK,SINTEX,25-May-17,95,PE,0,0,0,8.55,0.4,0,0,0,0,17-Apr-17
OPTSTK,SINTEX,25-May-17,97.5,PE,0,0,0,9.95,0.65,0,0,0,0,17-Apr-17
OPTSTK,SINTEX,25-May-17,100,PE,0,0,0,11.5,1,0,0,0,0,17-Apr-17
OPTSTK,SINTEX,25-May-17,102.5,PE,0,0,0,13.1,1.45,0,0,0,0,17-Apr-17
OPTSTK,SINTEX,25-May-17,105,PE,0,0,0,14.8,2.1,0,0,0,0,17-Apr-17
OPTSTK,SINTEX,25-May-17,107.5,PE,0,0,0,16.65,2.85,0,0,0,0,17-Apr-17
OPTSTK,SINTEX,25-May-17,110,PE,0,0,0,18.5,3.8,0,0,0,0,17-Apr-17
OPTSTK,SINTEX,25-May-17,112.5,PE,0,0,0,20.45,4.95,0,0,0,0,17-Apr-17
OPTSTK,SINTEX,25-May-17,115,PE,6.7,6.7,6.7,6.7,6.7,1,8.67,7125,7125,17-Apr-17
OPTSTK,SINTEX,25-May-17,117.5,PE,0,0,0,24.55,7.75,0,0,0,0,17-Apr-17
OPTSTK,SINTEX,25-May-17,120,PE,0,0,0,26.7,9.4,0,0,0,0,17-Apr-17
OPTSTK,SINTEX,25-May-17,122.5,PE,0,0,0,28.9,11.2,0,0,0,0,17-Apr-17
OPTSTK,SINTEX,25-May-17,125,PE,0,0,0,30.05,13.1,0,0,0,0,17-Apr-17
OPTSTK,SINTEX,25-May-17,127.5,PE,0,0,0,29.5,15.15,0,0,0,0,17-Apr-17
OPTSTK,SINTEX,25-May-17,130,PE,0,0,0,30.55,17.3,0,0,0,0,17-Apr-17
OPTSTK,SINTEX,25-May-17,132.5,PE,0,0,0,28,19.5,0,0,0,0,17-Apr-17
OPTSTK,SINTEX,29-Jun-17,65,CE,0,0,0,41.55,48.7,0,0,0,0,17-Apr-17
OPTSTK,SINTEX,29-Jun-17,67.5,CE,0,0,0,39.1,46.25,0,0,0,0,17-Apr-17
OPTSTK,SINTEX,29-Jun-17,70,CE,0,0,0,36.7,43.8,0,0,0,0,17-Apr-17
OPTSTK,SINTEX,29-Jun-17,72.5,CE,0,0,0,34.35,41.3,0,0,0,0,17-Apr-17
OPTSTK,SINTEX,29-Jun-17,75,CE,0,0,0,32,38.85,0,0,0,0,17-Apr-17
OPTSTK,SINTEX,29-Jun-17,77.5,CE,0,0,0,29.7,36.45,0,0,0,0,17-Apr-17
OPTSTK,SINTEX,29-Jun-17,80,CE,0,0,0,27.45,34,0,0,0,0,17-Apr-17
OPTSTK,SINTEX,29-Jun-17,82.5,CE,0,0,0,25.3,31.6,0,0,0,0,17-Apr-17
OPTSTK,SINTEX,29-Jun-17,85,CE,0,0,0,23.15,29.25,0,0,0,0,17-Apr-17
OPTSTK,SINTEX,29-Jun-17,87.5,CE,0,0,0,21.15,26.9,0,0,0,0,17-Apr-17
OPTSTK,SINTEX,29-Jun-17,90,CE,0,0,0,19.2,24.65,0,0,0,0,17-Apr-17
OPTSTK,SINTEX,29-Jun-17,92.5,CE,0,0,0,17.4,22.4,0,0,0,0,17-Apr-17
OPTSTK,SINTEX,29-Jun-17,95,CE,0,0,0,15.65,20.3,0,0,0,0,17-Apr-17
OPTSTK,SINTEX,29-Jun-17,97.5,CE,0,0,0,14.05,18.25,0,0,0,0,17-Apr-17
OPTSTK,SINTEX,29-Jun-17,100,CE,0,0,0,12.55,16.3,0,0,0,0,17-Apr-17
OPTSTK,SINTEX,29-Jun-17,102.5,CE,0,0,0,11.15,14.5,0,0,0,0,17-Apr-17
OPTSTK,SINTEX,29-Jun-17,105,CE,0,0,0,9.85,12.8,0,0,0,0,17-Apr-17
OPTSTK,SINTEX,29-Jun-17,107.5,CE,0,0,0,8.7,11.25,0,0,0,0,17-Apr-17
OPTSTK,SINTEX,29-Jun-17,110,CE,0,0,0,7.65,9.8,0,0,0,0,17-Apr-17
OPTSTK,SINTEX,29-Jun-17,112.5,CE,0,0,0,6.7,8.5,0,0,0,0,17-Apr-17
OPTSTK,SINTEX,29-Jun-17,115,CE,0,0,0,5.85,7.3,0,0,0,0,17-Apr-17
OPTSTK,SINTEX,29-Jun-17,117.5,CE,0,0,0,5.05,6.25,0,0,0,0,17-Apr-17
OPTSTK,SINTEX,29-Jun-17,120,CE,0,0,0,4.4,5.3,0,0,0,0,17-Apr-17
OPTSTK,SINTEX,29-Jun-17,122.5,CE,0,0,0,3.8,4.5,0,0,0,0,17-Apr-17
OPTSTK,SINTEX,29-Jun-17,125,CE,0,0,0,3.25,3.75,0,0,0,0,17-Apr-17
OPTSTK,SINTEX,29-Jun-17,127.5,CE,0,0,0,2.8,3.15,0,0,0,0,17-Apr-17
OPTSTK,SINTEX,29-Jun-17,130,CE,0,0,0,2.4,2.65,0,0,0,0,17-Apr-17
OPTSTK,SINTEX,29-Jun-17,132.5,CE,0,0,0,2.05,2.2,0,0,0,0,17-Apr-17
OPTSTK,SINTEX,29-Jun-17,65,PE,0,0,0,0.05,0,0,0,0,0,17-Apr-17
OPTSTK,SINTEX,29-Jun-17,67.5,PE,0,0,0,0.1,0,0,0,0,0,17-Apr-17
OPTSTK,SINTEX,29-Jun-17,70,PE,0,0,0,0.15,0.05,0,0,0,0,17-Apr-17
OPTSTK,SINTEX,29-Jun-17,72.5,PE,0,0,0,0.25,0.05,0,0,0,0,17-Apr-17
OPTSTK,SINTEX,29-Jun-17,75,PE,0,0,0,0.35,0.05,0,0,0,0,17-Apr-17
OPTSTK,SINTEX,29-Jun-17,77.5,PE,0,0,0,0.55,0.1,0,0,0,0,17-Apr-17
OPTSTK,SINTEX,29-Jun-17,80,PE,0,0,0,0.75,0.1,0,0,0,0,17-Apr-17
OPTSTK,SINTEX,29-Jun-17,82.5,PE,0,0,0,1,0.2,0,0,0,0,17-Apr-17
OPTSTK,SINTEX,29-Jun-17,85,PE,0,0,0,1.35,0.3,0,0,0,0,17-Apr-17
OPTSTK,SINTEX,29-Jun-17,87.5,PE,0,0,0,1.8,0.4,0,0,0,0,17-Apr-17
OPTSTK,SINTEX,29-Jun-17,90,PE,0,0,0,2.35,0.6,0,0,0,0,17-Apr-17
OPTSTK,SINTEX,29-Jun-17,92.5,PE,0,0,0,2.95,0.9,0,0,0,0,17-Apr-17
OPTSTK,SINTEX,29-Jun-17,95,PE,0,0,0,3.7,1.2,0,0,0,0,17-Apr-17
OPTSTK,SINTEX,29-Jun-17,97.5,PE,0,0,0,4.55,1.65,0,0,0,0,17-Apr-17
OPTSTK,SINTEX,29-Jun-17,100,PE,0,0,0,5.5,2.2,0,0,0,0,17-Apr-17
OPTSTK,SINTEX,29-Jun-17,102.5,PE,0,0,0,6.55,2.85,0,0,0,0,17-Apr-17
OPTSTK,SINTEX,29-Jun-17,105,PE,0,0,0,7.75,3.6,0,0,0,0,17-Apr-17
OPTSTK,SINTEX,29-Jun-17,107.5,PE,0,0,0,9.05,4.5,0,0,0,0,17-Apr-17
OPTSTK,SINTEX,29-Jun-17,110,PE,0,0,0,10.45,5.5,0,0,0,0,17-Apr-17
OPTSTK,SINTEX,29-Jun-17,112.5,PE,0,0,0,11.95,6.7,0,0,0,0,17-Apr-17
OPTSTK,SINTEX,29-Jun-17,115,PE,0,0,0,13.55,7.95,0,0,0,0,17-Apr-17
OPTSTK,SINTEX,29-Jun-17,117.5,PE,0,0,0,15.25,9.4,0,0,0,0,17-Apr-17
OPTSTK,SINTEX,29-Jun-17,120,PE,0,0,0,17,10.9,0,0,0,0,17-Apr-17
OPTSTK,SINTEX,29-Jun-17,122.5,PE,0,0,0,18.85,12.55,0,0,0,0,17-Apr-17
OPTSTK,SINTEX,29-Jun-17,125,PE,0,0,0,20.8,14.3,0,0,0,0,17-Apr-17
OPTSTK,SINTEX,29-Jun-17,127.5,PE,0,0,0,22.8,16.15,0,0,0,0,17-Apr-17
OPTSTK,SINTEX,29-Jun-17,130,PE,0,0,0,24.85,18.1,0,0,0,0,17-Apr-17
OPTSTK,SINTEX,29-Jun-17,132.5,PE,0,0,0,26.95,20.1,0,0,0,0,17-Apr-17
OPTSTK,SOUTHBANK,27-Apr-17,4.55,CE,0,0,0,16.35,18,0,0,0,0,17-Apr-17
OPTSTK,SOUTHBANK,27-Apr-17,5,CE,0,0,0,15,17.55,0,0,0,0,17-Apr-17
OPTSTK,SOUTHBANK,27-Apr-17,6.8,CE,0,0,0,13.9,15.75,0,0,0,0,17-Apr-17
OPTSTK,SOUTHBANK,27-Apr-17,7.5,CE,0,0,0,12.5,15.05,0,0,0,0,17-Apr-17
OPTSTK,SOUTHBANK,27-Apr-17,9.05,CE,0,0,0,11.45,13.5,0,0,0,0,17-Apr-17
OPTSTK,SOUTHBANK,27-Apr-17,10,CE,0,0,0,10.05,12.55,0,0,0,0,17-Apr-17
OPTSTK,SOUTHBANK,27-Apr-17,11.3,CE,0,0,0,9,11.25,0,0,0,0,17-Apr-17
OPTSTK,SOUTHBANK,27-Apr-17,12.5,CE,0,0,0,7.6,10.05,0,0,0,0,17-Apr-17
OPTSTK,SOUTHBANK,27-Apr-17,13.6,CE,0,0,0,6.5,8.95,0,0,0,0,17-Apr-17
OPTSTK,SOUTHBANK,27-Apr-17,15,CE,0,0,0,5.1,7.55,0,0,0,0,17-Apr-17
OPTSTK,SOUTHBANK,27-Apr-17,15.85,CE,0,0,0,4.15,6.7,0,0,0,0,17-Apr-17
OPTSTK,SOUTHBANK,27-Apr-17,17.5,CE,0,0,0,2.85,5.05,0,0,0,0,17-Apr-17
OPTSTK,SOUTHBANK,27-Apr-17,18.1,CE,0,0,0,2.15,4.45,0,0,0,0,17-Apr-17
OPTSTK,SOUTHBANK,27-Apr-17,20,CE,2.6,2.6,2.5,2.5,2.5,3,22.41,1557627,-99423,17-Apr-17
OPTSTK,SOUTHBANK,27-Apr-17,20.35,CE,0,0,0,2.3,2.2,0,0,1325640,0,17-Apr-17
OPTSTK,SOUTHBANK,27-Apr-17,22.5,CE,0.6,0.6,0.45,0.55,0.55,56,427.17,6661341,-66282,17-Apr-17
OPTSTK,SOUTHBANK,27-Apr-17,22.65,CE,0.45,0.5,0.45,0.5,0.5,2,15.32,961089,0,17-Apr-17
OPTSTK,SOUTHBANK,27-Apr-17,24.9,CE,0.1,0.1,0.1,0.1,0.1,2,16.57,1590768,0,17-Apr-17
OPTSTK,SOUTHBANK,27-Apr-17,25,CE,0.15,0.15,0.1,0.1,0.1,17,141.44,4010061,-33141,17-Apr-17
OPTSTK,SOUTHBANK,27-Apr-17,27.15,CE,0,0,0,0.05,0,0,0,662820,0,17-Apr-17
OPTSTK,SOUTHBANK,27-Apr-17,27.5,CE,0.05,0.05,0.05,0.05,0.05,1,9.13,66282,33141,17-Apr-17
OPTSTK,SOUTHBANK,27-Apr-17,29.4,CE,0,0,0,0.05,0,0,0,0,0,17-Apr-17
OPTSTK,SOUTHBANK,27-Apr-17,30,CE,0,0,0,0.05,0,0,0,66282,0,17-Apr-17
OPTSTK,SOUTHBANK,27-Apr-17,31.7,CE,0,0,0,0.05,0,0,0,0,0,17-Apr-17
OPTSTK,SOUTHBANK,27-Apr-17,32.5,CE,0,0,0,0.05,0,0,0,0,0,17-Apr-17
OPTSTK,SOUTHBANK,27-Apr-17,33.95,CE,0,0,0,0.05,0,0,0,0,0,17-Apr-17
OPTSTK,SOUTHBANK,27-Apr-17,35,CE,0,0,0,0.05,0,0,0,0,0,17-Apr-17
OPTSTK,SOUTHBANK,27-Apr-17,4.55,PE,0,0,0,0.05,0,0,0,0,0,17-Apr-17
OPTSTK,SOUTHBANK,27-Apr-17,5,PE,0,0,0,0.05,0,0,0,0,0,17-Apr-17
OPTSTK,SOUTHBANK,27-Apr-17,6.8,PE,0,0,0,0.05,0,0,0,0,0,17-Apr-17
OPTSTK,SOUTHBANK,27-Apr-17,7.5,PE,0,0,0,0.05,0,0,0,0,0,17-Apr-17
OPTSTK,SOUTHBANK,27-Apr-17,9.05,PE,0,0,0,0.05,0,0,0,0,0,17-Apr-17
OPTSTK,SOUTHBANK,27-Apr-17,10,PE,0,0,0,0.05,0,0,0,0,0,17-Apr-17
OPTSTK,SOUTHBANK,27-Apr-17,11.3,PE,0,0,0,0.05,0,0,0,0,0,17-Apr-17
OPTSTK,SOUTHBANK,27-Apr-17,12.5,PE,0,0,0,0.05,0,0,0,0,0,17-Apr-17
OPTSTK,SOUTHBANK,27-Apr-17,13.6,PE,0,0,0,0.05,0,0,0,0,0,17-Apr-17
OPTSTK,SOUTHBANK,27-Apr-17,15,PE,0,0,0,0.05,0,0,0,33141,0,17-Apr-17
OPTSTK,SOUTHBANK,27-Apr-17,15.85,PE,0,0,0,0.1,0,0,0,0,0,17-Apr-17
OPTSTK,SOUTHBANK,27-Apr-17,17.5,PE,0,0,0,0.05,0,0,0,265128,0,17-Apr-17
OPTSTK,SOUTHBANK,27-Apr-17,18.1,PE,0,0,0,0.05,0,0,0,1126794,0,17-Apr-17
OPTSTK,SOUTHBANK,27-Apr-17,20,PE,0.05,0.05,0.05,0.05,0.05,4,26.57,2982690,-99423,17-Apr-17
OPTSTK,SOUTHBANK,27-Apr-17,20.35,PE,0.05,0.05,0.05,0.05,0.05,2,13.52,1027371,0,17-Apr-17
OPTSTK,SOUTHBANK,27-Apr-17,22.5,PE,0.4,0.5,0.4,0.4,0.4,20,152.33,1723332,-265128,17-Apr-17
OPTSTK,SOUTHBANK,27-Apr-17,22.65,PE,0,0,0,3.6,0.5,0,0,0,0,17-Apr-17
OPTSTK,SOUTHBANK,27-Apr-17,24.9,PE,0,0,0,5.9,2.4,0,0,0,0,17-Apr-17
OPTSTK,SOUTHBANK,27-Apr-17,25,PE,0,0,0,4,2.5,0,0,33141,0,17-Apr-17
OPTSTK,SOUTHBANK,27-Apr-17,27.15,PE,0,0,0,8.3,4.6,0,0,0,0,17-Apr-17
OPTSTK,SOUTHBANK,27-Apr-17,27.5,PE,0,0,0,7.3,4.95,0,0,0,0,17-Apr-17
OPTSTK,SOUTHBANK,27-Apr-17,29.4,PE,0,0,0,10.75,6.85,0,0,0,0,17-Apr-17
OPTSTK,SOUTHBANK,27-Apr-17,30,PE,0,0,0,9.75,7.45,0,0,0,0,17-Apr-17
OPTSTK,SOUTHBANK,27-Apr-17,31.7,PE,0,0,0,13.2,9.15,0,0,0,0,17-Apr-17
OPTSTK,SOUTHBANK,27-Apr-17,32.5,PE,0,0,0,12.2,9.95,0,0,0,0,17-Apr-17
OPTSTK,SOUTHBANK,27-Apr-17,33.95,PE,0,0,0,15.65,11.4,0,0,0,0,17-Apr-17
OPTSTK,SOUTHBANK,27-Apr-17,35,PE,0,0,0,14.7,12.45,0,0,0,0,17-Apr-17
OPTSTK,SOUTHBANK,25-May-17,5,CE,0,0,0,15.7,17.55,0,0,0,0,17-Apr-17
OPTSTK,SOUTHBANK,25-May-17,7.5,CE,0,0,0,13.25,15.05,0,0,0,0,17-Apr-17
OPTSTK,SOUTHBANK,25-May-17,10,CE,0,0,0,10.8,12.6,0,0,0,0,17-Apr-17
OPTSTK,SOUTHBANK,25-May-17,12.5,CE,0,0,0,8.3,10.1,0,0,0,0,17-Apr-17
OPTSTK,SOUTHBANK,25-May-17,15,CE,0,0,0,5.85,7.6,0,0,0,0,17-Apr-17
OPTSTK,SOUTHBANK,25-May-17,17.5,CE,0,0,0,3.55,5.15,0,0,0,0,17-Apr-17
OPTSTK,SOUTHBANK,25-May-17,20,CE,0,0,0,1.75,2.75,0,0,0,0,17-Apr-17
OPTSTK,SOUTHBANK,25-May-17,22.5,CE,0,0,0,1.05,0.95,0,0,165705,0,17-Apr-17
OPTSTK,SOUTHBANK,25-May-17,25,CE,0,0,0,0.4,0.2,0,0,132564,0,17-Apr-17
OPTSTK,SOUTHBANK,25-May-17,27.5,CE,0,0,0,0.05,0.05,0,0,0,0,17-Apr-17
OPTSTK,SOUTHBANK,25-May-17,30,CE,0,0,0,0.05,0,0,0,0,0,17-Apr-17
OPTSTK,SOUTHBANK,25-May-17,32.5,CE,0,0,0,0.05,0,0,0,0,0,17-Apr-17
OPTSTK,SOUTHBANK,25-May-17,35,CE,0,0,0,0.05,0,0,0,0,0,17-Apr-17
OPTSTK,SOUTHBANK,25-May-17,5,PE,0,0,0,0.05,0,0,0,0,0,17-Apr-17
OPTSTK,SOUTHBANK,25-May-17,7.5,PE,0,0,0,0.05,0,0,0,0,0,17-Apr-17
OPTSTK,SOUTHBANK,25-May-17,10,PE,0,0,0,0.05,0,0,0,0,0,17-Apr-17
OPTSTK,SOUTHBANK,25-May-17,12.5,PE,0,0,0,0.05,0,0,0,0,0,17-Apr-17
OPTSTK,SOUTHBANK,25-May-17,15,PE,0,0,0,0.05,0,0,0,0,0,17-Apr-17
OPTSTK,SOUTHBANK,25-May-17,17.5,PE,0,0,0,0.2,0,0,0,0,0,17-Apr-17
OPTSTK,SOUTHBANK,25-May-17,20,PE,0,0,0,0.85,0.1,0,0,0,0,17-Apr-17
OPTSTK,SOUTHBANK,25-May-17,22.5,PE,0,0,0,2.25,0.8,0,0,0,0,17-Apr-17
OPTSTK,SOUTHBANK,25-May-17,25,PE,0,0,0,4.25,2.55,0,0,0,0,17-Apr-17
OPTSTK,SOUTHBANK,25-May-17,27.5,PE,0,0,0,6.55,4.85,0,0,0,0,17-Apr-17
OPTSTK,SOUTHBANK,25-May-17,30,PE,0,0,0,8.95,7.3,0,0,0,0,17-Apr-17
OPTSTK,SOUTHBANK,25-May-17,32.5,PE,0,0,0,11.4,9.8,0,0,0,0,17-Apr-17
OPTSTK,SOUTHBANK,25-May-17,35,PE,0,0,0,13.85,12.3,0,0,0,0,17-Apr-17
OPTSTK,SOUTHBANK,29-Jun-17,5,CE,0,0,0,15.35,17.6,0,0,0,0,17-Apr-17
OPTSTK,SOUTHBANK,29-Jun-17,7.5,CE,0,0,0,12.9,15.1,0,0,0,0,17-Apr-17
OPTSTK,SOUTHBANK,29-Jun-17,10,CE,0,0,0,10.45,12.65,0,0,0,0,17-Apr-17
OPTSTK,SOUTHBANK,29-Jun-17,12.5,CE,0,0,0,8,10.2,0,0,0,0,17-Apr-17
OPTSTK,SOUTHBANK,29-Jun-17,15,CE,0,0,0,5.5,7.7,0,0,0,0,17-Apr-17
OPTSTK,SOUTHBANK,29-Jun-17,17.5,CE,0,0,0,3.15,5.25,0,0,0,0,17-Apr-17
OPTSTK,SOUTHBANK,29-Jun-17,20,CE,0,0,0,1.25,3,0,0,0,0,17-Apr-17
OPTSTK,SOUTHBANK,29-Jun-17,22.5,CE,0,0,0,0.35,1.35,0,0,0,0,17-Apr-17
OPTSTK,SOUTHBANK,29-Jun-17,25,CE,0,0,0,0.05,0.5,0,0,0,0,17-Apr-17
OPTSTK,SOUTHBANK,29-Jun-17,27.5,CE,0,0,0,0.05,0.15,0,0,0,0,17-Apr-17
OPTSTK,SOUTHBANK,29-Jun-17,30,CE,0,0,0,0.05,0.05,0,0,0,0,17-Apr-17
OPTSTK,SOUTHBANK,29-Jun-17,32.5,CE,0,0,0,0.05,0,0,0,0,0,17-Apr-17
OPTSTK,SOUTHBANK,29-Jun-17,35,CE,0,0,0,0.05,0,0,0,0,0,17-Apr-17
OPTSTK,SOUTHBANK,29-Jun-17,5,PE,0,0,0,0.05,0,0,0,0,0,17-Apr-17
OPTSTK,SOUTHBANK,29-Jun-17,7.5,PE,0,0,0,0.05,0,0,0,0,0,17-Apr-17
OPTSTK,SOUTHBANK,29-Jun-17,10,PE,0,0,0,0.05,0,0,0,0,0,17-Apr-17
OPTSTK,SOUTHBANK,29-Jun-17,12.5,PE,0,0,0,0.05,0,0,0,0,0,17-Apr-17
OPTSTK,SOUTHBANK,29-Jun-17,15,PE,0,0,0,0.05,0,0,0,0,0,17-Apr-17
OPTSTK,SOUTHBANK,29-Jun-17,17.5,PE,0,0,0,0.1,0.05,0,0,0,0,17-Apr-17
OPTSTK,SOUTHBANK,29-Jun-17,20,PE,0,0,0,0.7,0.25,0,0,0,0,17-Apr-17
OPTSTK,SOUTHBANK,29-Jun-17,22.5,PE,0,0,0,2.2,1.05,0,0,0,0,17-Apr-17
OPTSTK,SOUTHBANK,29-Jun-17,25,PE,0,0,0,4.4,2.65,0,0,0,0,17-Apr-17
OPTSTK,SOUTHBANK,29-Jun-17,27.5,PE,0,0,0,6.8,4.8,0,0,0,0,17-Apr-17
OPTSTK,SOUTHBANK,29-Jun-17,30,PE,0,0,0,9.3,7.15,0,0,0,0,17-Apr-17
OPTSTK,SOUTHBANK,29-Jun-17,32.5,PE,0,0,0,11.75,9.6,0,0,0,0,17-Apr-17
OPTSTK,SOUTHBANK,29-Jun-17,35,PE,0,0,0,14.2,12.05,0,0,0,0,17-Apr-17
OPTSTK,SRF,27-Apr-17,1100,CE,0,0,0,627.9,606.45,0,0,0,0,17-Apr-17
OPTSTK,SRF,27-Apr-17,1150,CE,0,0,0,578.95,556.5,0,0,0,0,17-Apr-17
OPTSTK,SRF,27-Apr-17,1200,CE,0,0,0,530.25,506.6,0,0,0,0,17-Apr-17
OPTSTK,SRF,27-Apr-17,1250,CE,0,0,0,482,456.7,0,0,0,0,17-Apr-17
OPTSTK,SRF,27-Apr-17,1300,CE,0,0,0,434.4,406.8,0,0,0,0,17-Apr-17
OPTSTK,SRF,27-Apr-17,1350,CE,0,0,0,387.95,356.85,0,0,0,0,17-Apr-17
OPTSTK,SRF,27-Apr-17,1400,CE,0,0,0,342.95,306.95,0,0,0,0,17-Apr-17
OPTSTK,SRF,27-Apr-17,1450,CE,0,0,0,299.9,257.05,0,0,0,0,17-Apr-17
OPTSTK,SRF,27-Apr-17,1500,CE,0,0,0,259.3,207.15,0,0,0,0,17-Apr-17
OPTSTK,SRF,27-Apr-17,1550,CE,0,0,0,221.55,157.5,0,0,0,0,17-Apr-17
OPTSTK,SRF,27-Apr-17,1600,CE,105,105,105,105,105,1,8.52,3000,-500,17-Apr-17
OPTSTK,SRF,27-Apr-17,1650,CE,69,69,69,69,69,1,8.59,9500,-500,17-Apr-17
OPTSTK,SRF,27-Apr-17,1700,CE,35,41.6,33.7,40.3,40.3,104,903.79,27500,-4500,17-Apr-17
OPTSTK,SRF,27-Apr-17,1750,CE,17,20.95,16.5,19.9,19.9,50,442.33,22000,4000,17-Apr-17
OPTSTK,SRF,27-Apr-17,1800,CE,8,11.8,7.5,10.2,10.2,54,488.64,19500,11500,17-Apr-17
OPTSTK,SRF,27-Apr-17,1850,CE,0,0,0,66.6,0.9,0,0,0,0,17-Apr-17
OPTSTK,SRF,27-Apr-17,1900,CE,0,0,0,52.25,0.15,0,0,0,0,17-Apr-17
OPTSTK,SRF,27-Apr-17,1950,CE,0,0,0,40.7,0.05,0,0,0,0,17-Apr-17
OPTSTK,SRF,27-Apr-17,2000,CE,0,0,0,31.25,0,0,0,0,0,17-Apr-17
OPTSTK,SRF,27-Apr-17,2050,CE,0,0,0,23.75,0,0,0,0,0,17-Apr-17
OPTSTK,SRF,27-Apr-17,2100,CE,0,0,0,17.9,0,0,0,0,0,17-Apr-17
OPTSTK,SRF,27-Apr-17,2150,CE,0,0,0,13.35,0,0,0,0,0,17-Apr-17
OPTSTK,SRF,27-Apr-17,1100,PE,0,0,0,0.15,0,0,0,0,0,17-Apr-17
OPTSTK,SRF,27-Apr-17,1150,PE,0,0,0,0.4,0,0,0,0,0,17-Apr-17
OPTSTK,SRF,27-Apr-17,1200,PE,0,0,0,0.85,0,0,0,0,0,17-Apr-17
OPTSTK,SRF,27-Apr-17,1250,PE,0,0,0,1.75,0,0,0,0,0,17-Apr-17
OPTSTK,SRF,27-Apr-17,1300,PE,0,0,0,3.4,0,0,0,0,0,17-Apr-17
OPTSTK,SRF,27-Apr-17,1350,PE,0,0,0,6.05,0,0,0,0,0,17-Apr-17
OPTSTK,SRF,27-Apr-17,1400,PE,0,0,0,10.25,0,0,0,0,0,17-Apr-17
OPTSTK,SRF,27-Apr-17,1450,PE,0,0,0,14.1,0,0,0,500,0,17-Apr-17
OPTSTK,SRF,27-Apr-17,1500,PE,0,0,0,24.95,0.05,0,0,0,0,17-Apr-17
OPTSTK,SRF,27-Apr-17,1550,PE,3,3,3,3,3,2,15.53,4000,500,17-Apr-17
OPTSTK,SRF,27-Apr-17,1600,PE,3.5,3.5,3,3,3,4,32.06,5500,-1000,17-Apr-17
OPTSTK,SRF,27-Apr-17,1650,PE,16.15,16.15,10.8,11.5,11.5,9,74.82,9000,1500,17-Apr-17
OPTSTK,SRF,27-Apr-17,1700,PE,34,34,26,26,26,12,103.84,6500,3000,17-Apr-17
OPTSTK,SRF,27-Apr-17,1750,PE,52.95,52.95,52.95,52.95,52.95,1,9.01,1500,0,17-Apr-17
OPTSTK,SRF,27-Apr-17,1800,PE,0,0,0,172.1,96.3,0,0,2500,0,17-Apr-17
OPTSTK,SRF,27-Apr-17,1850,PE,0,0,0,231,143.2,0,0,1500,0,17-Apr-17
OPTSTK,SRF,27-Apr-17,1900,PE,0,0,0,211.35,192.35,0,0,0,0,17-Apr-17
OPTSTK,SRF,27-Apr-17,1950,PE,0,0,0,249,242.15,0,0,0,0,17-Apr-17
OPTSTK,SRF,27-Apr-17,2000,PE,0,0,0,288.7,292.05,0,0,0,0,17-Apr-17
OPTSTK,SRF,27-Apr-17,2050,PE,0,0,0,330.4,341.95,0,0,0,0,17-Apr-17
OPTSTK,SRF,27-Apr-17,2100,PE,0,0,0,373.7,391.85,0,0,0,0,17-Apr-17
OPTSTK,SRF,27-Apr-17,2150,PE,0,0,0,418.35,441.8,0,0,0,0,17-Apr-17
OPTSTK,SRF,25-May-17,1100,CE,0,0,0,475.8,611.95,0,0,0,0,17-Apr-17
OPTSTK,SRF,25-May-17,1150,CE,0,0,0,430.5,562.3,0,0,0,0,17-Apr-17
OPTSTK,SRF,25-May-17,1200,CE,0,0,0,386.8,512.6,0,0,0,0,17-Apr-17
OPTSTK,SRF,25-May-17,1250,CE,0,0,0,345.1,462.95,0,0,0,0,17-Apr-17
OPTSTK,SRF,25-May-17,1300,CE,0,0,0,305.65,413.3,0,0,0,0,17-Apr-17
OPTSTK,SRF,25-May-17,1350,CE,0,0,0,268.75,363.7,0,0,0,0,17-Apr-17
OPTSTK,SRF,25-May-17,1400,CE,0,0,0,234.5,314.25,0,0,0,0,17-Apr-17
OPTSTK,SRF,25-May-17,1450,CE,0,0,0,203.25,265.35,0,0,0,0,17-Apr-17
OPTSTK,SRF,25-May-17,1500,CE,0,0,0,174.9,217.6,0,0,0,0,17-Apr-17
OPTSTK,SRF,25-May-17,1550,CE,0,0,0,149.5,172.2,0,0,0,0,17-Apr-17
OPTSTK,SRF,25-May-17,1600,CE,0,0,0,126.95,130.65,0,0,0,0,17-Apr-17
OPTSTK,SRF,25-May-17,1650,CE,0,0,0,107.15,94.4,0,0,0,0,17-Apr-17
OPTSTK,SRF,25-May-17,1700,CE,0,0,0,89.85,64.7,0,0,0,0,17-Apr-17
OPTSTK,SRF,25-May-17,1750,CE,0,0,0,74.95,41.9,0,0,0,0,17-Apr-17
OPTSTK,SRF,25-May-17,1800,CE,0,0,0,62.25,25.6,0,0,0,0,17-Apr-17
OPTSTK,SRF,25-May-17,1850,CE,0,0,0,51.4,14.8,0,0,0,0,17-Apr-17
OPTSTK,SRF,25-May-17,1900,CE,0,0,0,42.2,8.05,0,0,0,0,17-Apr-17
OPTSTK,SRF,25-May-17,1950,CE,0,0,0,34.5,4.15,0,0,0,0,17-Apr-17
OPTSTK,SRF,25-May-17,2000,CE,0,0,0,28.1,2,0,0,0,0,17-Apr-17
OPTSTK,SRF,25-May-17,2050,CE,0,0,0,22.75,0.95,0,0,0,0,17-Apr-17
OPTSTK,SRF,25-May-17,2100,CE,0,0,0,18.4,0.4,0,0,0,0,17-Apr-17
OPTSTK,SRF,25-May-17,2150,CE,0,0,0,14.8,0.2,0,0,0,0,17-Apr-17
OPTSTK,SRF,25-May-17,1100,PE,0,0,0,6.3,0,0,0,0,0,17-Apr-17
OPTSTK,SRF,25-May-17,1150,PE,0,0,0,10.25,0,0,0,0,0,17-Apr-17
OPTSTK,SRF,25-May-17,1200,PE,0,0,0,15.75,0,0,0,0,0,17-Apr-17
OPTSTK,SRF,25-May-17,1250,PE,0,0,0,23.25,0,0,0,0,0,17-Apr-17
OPTSTK,SRF,25-May-17,1300,PE,0,0,0,33.05,0.05,0,0,0,0,17-Apr-17
OPTSTK,SRF,25-May-17,1350,PE,0,0,0,45.4,0.1,0,0,0,0,17-Apr-17
OPTSTK,SRF,25-May-17,1400,PE,0,0,0,60.35,0.35,0,0,0,0,17-Apr-17
OPTSTK,SRF,25-May-17,1450,PE,0,0,0,78.3,1.05,0,0,0,0,17-Apr-17
OPTSTK,SRF,25-May-17,1500,PE,0,0,0,99.2,3,0,0,0,0,17-Apr-17
OPTSTK,SRF,25-May-17,1550,PE,0,0,0,123,7.25,0,0,0,0,17-Apr-17
OPTSTK,SRF,25-May-17,1600,PE,0,0,0,31,15.35,0,0,1000,0,17-Apr-17
OPTSTK,SRF,25-May-17,1650,PE,0,0,0,179.05,28.8,0,0,0,0,17-Apr-17
OPTSTK,SRF,25-May-17,1700,PE,0,0,0,211,48.75,0,0,0,0,17-Apr-17
OPTSTK,SRF,25-May-17,1750,PE,0,0,0,245.3,75.6,0,0,0,0,17-Apr-17
OPTSTK,SRF,25-May-17,1800,PE,112,112,112,112,112,5,47.8,2500,2500,17-Apr-17
OPTSTK,SRF,25-May-17,1850,PE,148,148,148,148,148,3,29.97,1500,1500,17-Apr-17
OPTSTK,SRF,25-May-17,1900,PE,0,0,0,360.15,190.7,0,0,0,0,17-Apr-17
OPTSTK,SRF,25-May-17,1950,PE,0,0,0,401.7,236.5,0,0,0,0,17-Apr-17
OPTSTK,SRF,25-May-17,2000,PE,0,0,0,444.5,284,0,0,0,0,17-Apr-17
OPTSTK,SRF,25-May-17,2050,PE,0,0,0,488.4,332.6,0,0,0,0,17-Apr-17
OPTSTK,SRF,25-May-17,2100,PE,0,0,0,533.25,381.75,0,0,0,0,17-Apr-17
OPTSTK,SRF,25-May-17,2150,PE,0,0,0,578.85,431.2,0,0,0,0,17-Apr-17
OPTSTK,SRF,29-Jun-17,1100,CE,0,0,0,522.35,618.75,0,0,0,0,17-Apr-17
OPTSTK,SRF,29-Jun-17,1150,CE,0,0,0,473.35,569.4,0,0,0,0,17-Apr-17
OPTSTK,SRF,29-Jun-17,1200,CE,0,0,0,424.65,520.05,0,0,0,0,17-Apr-17
OPTSTK,SRF,29-Jun-17,1250,CE,0,0,0,376.45,470.8,0,0,0,0,17-Apr-17
OPTSTK,SRF,29-Jun-17,1300,CE,0,0,0,329.2,421.7,0,0,0,0,17-Apr-17
OPTSTK,SRF,29-Jun-17,1350,CE,0,0,0,283.5,373,0,0,0,0,17-Apr-17
OPTSTK,SRF,29-Jun-17,1400,CE,0,0,0,240,325.05,0,0,0,0,17-Apr-17
OPTSTK,SRF,29-Jun-17,1450,CE,0,0,0,199.45,278.4,0,0,0,0,17-Apr-17
OPTSTK,SRF,29-Jun-17,1500,CE,0,0,0,162.5,233.8,0,0,0,0,17-Apr-17
OPTSTK,SRF,29-Jun-17,1550,CE,0,0,0,129.65,192.1,0,0,0,0,17-Apr-17
OPTSTK,SRF,29-Jun-17,1600,CE,0,0,0,101.3,154.15,0,0,0,0,17-Apr-17
OPTSTK,SRF,29-Jun-17,1650,CE,0,0,0,77.5,120.5,0,0,0,0,17-Apr-17
OPTSTK,SRF,29-Jun-17,1700,CE,0,0,0,58,91.8,0,0,0,0,17-Apr-17
OPTSTK,SRF,29-Jun-17,1750,CE,0,0,0,42.55,68.05,0,0,0,0,17-Apr-17
OPTSTK,SRF,29-Jun-17,1800,CE,0,0,0,30.6,49.1,0,0,0,0,17-Apr-17
OPTSTK,SRF,29-Jun-17,1850,CE,0,0,0,21.6,34.5,0,0,0,0,17-Apr-17
OPTSTK,SRF,29-Jun-17,1900,CE,0,0,0,14.95,23.65,0,0,0,0,17-Apr-17
OPTSTK,SRF,29-Jun-17,1950,CE,0,0,0,10.15,15.75,0,0,0,0,17-Apr-17
OPTSTK,SRF,29-Jun-17,2000,CE,0,0,0,6.75,10.25,0,0,0,0,17-Apr-17
OPTSTK,SRF,29-Jun-17,2050,CE,0,0,0,4.45,6.5,0,0,0,0,17-Apr-17
OPTSTK,SRF,29-Jun-17,2100,CE,0,0,0,2.9,4.05,0,0,0,0,17-Apr-17
OPTSTK,SRF,29-Jun-17,2150,CE,0,0,0,1.85,2.45,0,0,0,0,17-Apr-17
OPTSTK,SRF,29-Jun-17,1100,PE,0,0,0,0.1,0,0,0,0,0,17-Apr-17
OPTSTK,SRF,29-Jun-17,1150,PE,0,0,0,0.3,0.05,0,0,0,0,17-Apr-17
OPTSTK,SRF,29-Jun-17,1200,PE,0,0,0,0.75,0.05,0,0,0,0,17-Apr-17
OPTSTK,SRF,29-Jun-17,1250,PE,0,0,0,1.7,0.15,0,0,0,0,17-Apr-17
OPTSTK,SRF,29-Jun-17,1300,PE,0,0,0,3.65,0.4,0,0,0,0,17-Apr-17
OPTSTK,SRF,29-Jun-17,1350,PE,0,0,0,7.15,1.05,0,0,0,0,17-Apr-17
OPTSTK,SRF,29-Jun-17,1400,PE,0,0,0,12.8,2.45,0,0,0,0,17-Apr-17
OPTSTK,SRF,29-Jun-17,1450,PE,0,0,0,21.4,5.15,0,0,0,0,17-Apr-17
OPTSTK,SRF,29-Jun-17,1500,PE,0,0,0,33.7,9.9,0,0,0,0,17-Apr-17
OPTSTK,SRF,29-Jun-17,1550,PE,0,0,0,50,17.55,0,0,0,0,17-Apr-17
OPTSTK,SRF,29-Jun-17,1600,PE,0,0,0,70.8,29,0,0,0,0,17-Apr-17
OPTSTK,SRF,29-Jun-17,1650,PE,0,0,0,96.15,44.7,0,0,0,0,17-Apr-17
OPTSTK,SRF,29-Jun-17,1700,PE,0,0,0,125.9,65.35,0,0,0,0,17-Apr-17
OPTSTK,SRF,29-Jun-17,1750,PE,0,0,0,159.6,90.95,0,0,0,0,17-Apr-17
OPTSTK,SRF,29-Jun-17,1800,PE,0,0,0,196.85,121.35,0,0,0,0,17-Apr-17
OPTSTK,SRF,29-Jun-17,1850,PE,0,0,0,236.95,156.1,0,0,0,0,17-Apr-17
OPTSTK,SRF,29-Jun-17,1900,PE,0,0,0,279.5,194.6,0,0,0,0,17-Apr-17
OPTSTK,SRF,29-Jun-17,1950,PE,0,0,0,323.9,236.1,0,0,0,0,17-Apr-17
OPTSTK,SRF,29-Jun-17,2000,PE,0,0,0,369.7,279.95,0,0,0,0,17-Apr-17
OPTSTK,SRF,29-Jun-17,2050,PE,0,0,0,416.55,325.55,0,0,0,0,17-Apr-17
OPTSTK,SRF,29-Jun-17,2100,PE,0,0,0,464.15,372.4,0,0,0,0,17-Apr-17
OPTSTK,SRF,29-Jun-17,2150,PE,0,0,0,512.3,420.2,0,0,0,0,17-Apr-17
OPTSTK,SRTRANSFIN,27-Apr-17,600,CE,0,0,0,361.4,479.5,0,0,0,0,17-Apr-17
OPTSTK,SRTRANSFIN,27-Apr-17,650,CE,0,0,0,312.8,429.6,0,0,0,0,17-Apr-17
OPTSTK,SRTRANSFIN,27-Apr-17,660,CE,0,0,0,396,419.6,0,0,0,0,17-Apr-17
OPTSTK,SRTRANSFIN,27-Apr-17,680,CE,0,0,0,376.1,399.65,0,0,0,0,17-Apr-17
OPTSTK,SRTRANSFIN,27-Apr-17,700,CE,0,0,0,265.15,379.7,0,0,0,0,17-Apr-17
OPTSTK,SRTRANSFIN,27-Apr-17,720,CE,0,0,0,336.3,359.7,0,0,0,0,17-Apr-17
OPTSTK,SRTRANSFIN,27-Apr-17,740,CE,0,0,0,316.4,339.75,0,0,0,0,17-Apr-17
OPTSTK,SRTRANSFIN,27-Apr-17,750,CE,0,0,0,219.45,329.8,0,0,0,0,17-Apr-17
OPTSTK,SRTRANSFIN,27-Apr-17,760,CE,0,0,0,296.55,319.8,0,0,0,0,17-Apr-17
OPTSTK,SRTRANSFIN,27-Apr-17,780,CE,0,0,0,276.65,299.85,0,0,0,0,17-Apr-17
OPTSTK,SRTRANSFIN,27-Apr-17,800,CE,0,0,0,176.8,279.85,0,0,0,0,17-Apr-17
OPTSTK,SRTRANSFIN,27-Apr-17,820,CE,0,0,0,237.15,259.9,0,0,0,0,17-Apr-17
OPTSTK,SRTRANSFIN,27-Apr-17,840,CE,0,0,0,217.55,239.95,0,0,0,0,17-Apr-17
OPTSTK,SRTRANSFIN,27-Apr-17,850,CE,0,0,0,138.45,229.95,0,0,0,0,17-Apr-17
OPTSTK,SRTRANSFIN,27-Apr-17,860,CE,0,0,0,198.2,219.95,0,0,0,0,17-Apr-17
OPTSTK,SRTRANSFIN,27-Apr-17,880,CE,0,0,0,179.15,200,0,0,0,0,17-Apr-17
OPTSTK,SRTRANSFIN,27-Apr-17,900,CE,0,0,0,105.15,180.05,0,0,0,0,17-Apr-17
OPTSTK,SRTRANSFIN,27-Apr-17,920,CE,0,0,0,142.55,160.15,0,0,0,0,17-Apr-17
OPTSTK,SRTRANSFIN,27-Apr-17,940,CE,0,0,0,125.25,140.3,0,0,0,0,17-Apr-17
OPTSTK,SRTRANSFIN,27-Apr-17,950,CE,0,0,0,88.5,130.45,0,0,1200,0,17-Apr-17
OPTSTK,SRTRANSFIN,27-Apr-17,960,CE,0,0,0,108.9,120.65,0,0,0,0,17-Apr-17
OPTSTK,SRTRANSFIN,27-Apr-17,980,CE,0,0,0,93.65,101.45,0,0,0,0,17-Apr-17
OPTSTK,SRTRANSFIN,27-Apr-17,1000,CE,0,0,0,73.15,82.95,0,0,1800,0,17-Apr-17
OPTSTK,SRTRANSFIN,27-Apr-17,1020,CE,0,0,0,66.7,65.7,0,0,0,0,17-Apr-17
OPTSTK,SRTRANSFIN,27-Apr-17,1040,CE,26,27.35,26,27,27,33,211.21,19800,19800,17-Apr-17
OPTSTK,SRTRANSFIN,27-Apr-17,1050,CE,27,46,22,42,42,20,129.62,7800,2400,17-Apr-17
OPTSTK,SRTRANSFIN,27-Apr-17,1060,CE,18.45,18.45,18.45,18.45,18.45,1,6.47,1800,600,17-Apr-17
OPTSTK,SRTRANSFIN,27-Apr-17,1080,CE,15.9,28.55,15.9,28.55,28.55,3,19.8,5400,1200,17-Apr-17
OPTSTK,SRTRANSFIN,27-Apr-17,1100,CE,11.15,20.3,11.1,18.65,18.65,21,140.82,24600,1800,17-Apr-17
OPTSTK,SRTRANSFIN,27-Apr-17,1120,CE,6.5,13.45,6.5,13.45,13.45,6,40.65,10800,600,17-Apr-17
OPTSTK,SRTRANSFIN,27-Apr-17,1140,CE,4.75,9.95,4.75,9.95,9.95,2,13.76,2400,1200,17-Apr-17
OPTSTK,SRTRANSFIN,27-Apr-17,1150,CE,2.15,6.15,2.15,6.15,6.15,5,34.6,14400,-1800,17-Apr-17
OPTSTK,SRTRANSFIN,27-Apr-17,1160,CE,0,0,0,23,3.7,0,0,2400,0,17-Apr-17
OPTSTK,SRTRANSFIN,27-Apr-17,1180,CE,0,0,0,10.35,2,0,0,0,0,17-Apr-17
OPTSTK,SRTRANSFIN,27-Apr-17,1200,CE,2,2,2,2,2,3,21.63,12600,0,17-Apr-17
OPTSTK,SRTRANSFIN,27-Apr-17,1220,CE,0,0,0,3,0.5,0,0,600,0,17-Apr-17
OPTSTK,SRTRANSFIN,27-Apr-17,1240,CE,0,0,0,4.2,0.25,0,0,0,0,17-Apr-17
OPTSTK,SRTRANSFIN,27-Apr-17,1250,CE,0,0,0,3.75,0.15,0,0,600,0,17-Apr-17
OPTSTK,SRTRANSFIN,27-Apr-17,1260,CE,0,0,0,3.05,0.1,0,0,0,0,17-Apr-17
OPTSTK,SRTRANSFIN,27-Apr-17,1280,CE,0,0,0,2.2,0.05,0,0,0,0,17-Apr-17
OPTSTK,SRTRANSFIN,27-Apr-17,1300,CE,0,0,0,4.55,0.05,0,0,0,0,17-Apr-17
OPTSTK,SRTRANSFIN,27-Apr-17,600,PE,0,0,0,0.2,0,0,0,0,0,17-Apr-17
OPTSTK,SRTRANSFIN,27-Apr-17,650,PE,0,0,0,0.8,0,0,0,0,0,17-Apr-17
OPTSTK,SRTRANSFIN,27-Apr-17,660,PE,0,0,0,0.05,0,0,0,0,0,17-Apr-17
OPTSTK,SRTRANSFIN,27-Apr-17,680,PE,0,0,0,0.05,0,0,0,0,0,17-Apr-17
OPTSTK,SRTRANSFIN,27-Apr-17,700,PE,0,0,0,2.35,0,0,0,0,0,17-Apr-17
OPTSTK,SRTRANSFIN,27-Apr-17,720,PE,0,0,0,0.05,0,0,0,0,0,17-Apr-17
OPTSTK,SRTRANSFIN,27-Apr-17,740,PE,0,0,0,0.05,0,0,0,0,0,17-Apr-17
OPTSTK,SRTRANSFIN,27-Apr-17,750,PE,0,0,0,5.8,0,0,0,0,0,17-Apr-17
OPTSTK,SRTRANSFIN,27-Apr-17,760,PE,0,0,0,0.05,0,0,0,0,0,17-Apr-17
OPTSTK,SRTRANSFIN,27-Apr-17,780,PE,0,0,0,0.1,0,0,0,0,0,17-Apr-17
OPTSTK,SRTRANSFIN,27-Apr-17,800,PE,0,0,0,12.3,0,0,0,0,0,17-Apr-17
OPTSTK,SRTRANSFIN,27-Apr-17,820,PE,0,0,0,0.4,0,0,0,0,0,17-Apr-17
OPTSTK,SRTRANSFIN,27-Apr-17,840,PE,0,0,0,0.7,0,0,0,0,0,17-Apr-17
OPTSTK,SRTRANSFIN,27-Apr-17,850,PE,0,0,0,23.15,0,0,0,0,0,17-Apr-17
OPTSTK,SRTRANSFIN,27-Apr-17,860,PE,0,0,0,1.25,0,0,0,0,0,17-Apr-17
OPTSTK,SRTRANSFIN,27-Apr-17,880,PE,0,0,0,2.1,0,0,0,0,0,17-Apr-17
OPTSTK,SRTRANSFIN,27-Apr-17,900,PE,0,0,0,39.05,0.05,0,0,0,0,17-Apr-17
OPTSTK,SRTRANSFIN,27-Apr-17,920,PE,0,0,0,5.25,0.1,0,0,0,0,17-Apr-17
OPTSTK,SRTRANSFIN,27-Apr-17,940,PE,0,0,0,7.9,0.2,0,0,0,0,17-Apr-17
OPTSTK,SRTRANSFIN,27-Apr-17,950,PE,0,0,0,9.2,0.35,0,0,1200,0,17-Apr-17
OPTSTK,SRTRANSFIN,27-Apr-17,960,PE,0,0,0,11.45,0.55,0,0,0,0,17-Apr-17
OPTSTK,SRTRANSFIN,27-Apr-17,980,PE,0,0,0,16.1,1.3,0,0,0,0,17-Apr-17
OPTSTK,SRTRANSFIN,27-Apr-17,1000,PE,6.8,6.95,3.75,3.75,3.75,3,18.1,8400,0,17-Apr-17
OPTSTK,SRTRANSFIN,27-Apr-17,1020,PE,9.65,9.65,9.5,9.5,9.5,3,18.53,1800,1800,17-Apr-17
OPTSTK,SRTRANSFIN,27-Apr-17,1040,PE,20,20,13,13,13,3,19.03,1200,600,17-Apr-17
OPTSTK,SRTRANSFIN,27-Apr-17,1050,PE,25.9,28,12.9,12.9,12.9,10,64.23,13200,3600,17-Apr-17
OPTSTK,SRTRANSFIN,27-Apr-17,1060,PE,0,0,0,38.8,16.35,0,0,600,0,17-Apr-17
OPTSTK,SRTRANSFIN,27-Apr-17,1080,PE,23,23,23,23,23,1,6.61,1200,0,17-Apr-17
OPTSTK,SRTRANSFIN,27-Apr-17,1100,PE,48.7,48.7,48.7,48.7,48.7,2,13.78,2400,1200,17-Apr-17
OPTSTK,SRTRANSFIN,27-Apr-17,1120,PE,65.8,65.8,65.8,65.8,65.8,2,14.22,1800,1200,17-Apr-17
OPTSTK,SRTRANSFIN,27-Apr-17,1140,PE,0,0,0,99.5,66.05,0,0,0,0,17-Apr-17
OPTSTK,SRTRANSFIN,27-Apr-17,1150,PE,92.55,92.55,92.55,92.55,92.55,2,14.91,1200,600,17-Apr-17
OPTSTK,SRTRANSFIN,27-Apr-17,1160,PE,0,0,0,115.2,83.25,0,0,0,0,17-Apr-17
OPTSTK,SRTRANSFIN,27-Apr-17,1180,PE,0,0,0,131.8,101.5,0,0,0,0,17-Apr-17
OPTSTK,SRTRANSFIN,27-Apr-17,1200,PE,0,0,0,240.35,120.5,0,0,0,0,17-Apr-17
OPTSTK,SRTRANSFIN,27-Apr-17,1220,PE,0,0,0,167,139.95,0,0,0,0,17-Apr-17
OPTSTK,SRTRANSFIN,27-Apr-17,1240,PE,0,0,0,185.35,159.65,0,0,0,0,17-Apr-17
OPTSTK,SRTRANSFIN,27-Apr-17,1250,PE,0,0,0,219,169.55,0,0,600,0,17-Apr-17
OPTSTK,SRTRANSFIN,27-Apr-17,1260,PE,0,0,0,204.1,179.5,0,0,0,0,17-Apr-17
OPTSTK,SRTRANSFIN,27-Apr-17,1280,PE,0,0,0,223.15,199.4,0,0,0,0,17-Apr-17
OPTSTK,SRTRANSFIN,27-Apr-17,1300,PE,0,0,0,331.85,219.3,0,0,0,0,17-Apr-17
OPTSTK,SRTRANSFIN,25-May-17,600,CE,0,0,0,343.05,482.5,0,0,0,0,17-Apr-17
OPTSTK,SRTRANSFIN,25-May-17,650,CE,0,0,0,293.9,432.85,0,0,0,0,17-Apr-17
OPTSTK,SRTRANSFIN,25-May-17,660,CE,0,0,0,399.5,422.9,0,0,0,0,17-Apr-17
OPTSTK,SRTRANSFIN,25-May-17,680,CE,0,0,0,379.7,403.05,0,0,0,0,17-Apr-17
OPTSTK,SRTRANSFIN,25-May-17,700,CE,0,0,0,245,383.2,0,0,0,0,17-Apr-17
OPTSTK,SRTRANSFIN,25-May-17,720,CE,0,0,0,340.3,363.35,0,0,0,0,17-Apr-17
OPTSTK,SRTRANSFIN,25-May-17,740,CE,0,0,0,320.7,343.45,0,0,0,0,17-Apr-17
OPTSTK,SRTRANSFIN,25-May-17,750,CE,0,0,0,197.05,333.55,0,0,0,0,17-Apr-17
OPTSTK,SRTRANSFIN,25-May-17,760,CE,0,0,0,301.2,323.6,0,0,0,0,17-Apr-17
OPTSTK,SRTRANSFIN,25-May-17,780,CE,0,0,0,281.85,303.8,0,0,0,0,17-Apr-17
OPTSTK,SRTRANSFIN,25-May-17,800,CE,0,0,0,151.5,284,0,0,0,0,17-Apr-17
OPTSTK,SRTRANSFIN,25-May-17,820,CE,0,0,0,243.9,264.25,0,0,0,0,17-Apr-17
OPTSTK,SRTRANSFIN,25-May-17,840,CE,0,0,0,225.4,244.65,0,0,0,0,17-Apr-17
OPTSTK,SRTRANSFIN,25-May-17,850,CE,0,0,0,110.3,234.85,0,0,0,0,17-Apr-17
OPTSTK,SRTRANSFIN,25-May-17,860,CE,0,0,0,207.3,225.15,0,0,0,0,17-Apr-17
OPTSTK,SRTRANSFIN,25-May-17,880,CE,0,0,0,189.75,205.9,0,0,0,0,17-Apr-17
OPTSTK,SRTRANSFIN,25-May-17,900,CE,0,0,0,75.55,187,0,0,0,0,17-Apr-17
OPTSTK,SRTRANSFIN,25-May-17,920,CE,0,0,0,156.5,168.55,0,0,0,0,17-Apr-17
OPTSTK,SRTRANSFIN,25-May-17,940,CE,0,0,0,141,150.65,0,0,0,0,17-Apr-17
OPTSTK,SRTRANSFIN,25-May-17,950,CE,0,0,0,48.55,141.95,0,0,0,0,17-Apr-17
OPTSTK,SRTRANSFIN,25-May-17,960,CE,0,0,0,126.35,133.5,0,0,0,0,17-Apr-17
OPTSTK,SRTRANSFIN,25-May-17,980,CE,0,0,0,112.5,117.15,0,0,0,0,17-Apr-17
OPTSTK,SRTRANSFIN,25-May-17,1000,CE,0,0,0,29.2,101.85,0,0,0,0,17-Apr-17
OPTSTK,SRTRANSFIN,25-May-17,1020,CE,0,0,0,60,87.6,0,0,600,0,17-Apr-17
OPTSTK,SRTRANSFIN,25-May-17,1040,CE,0,0,0,76.85,74.55,0,0,0,0,17-Apr-17
OPTSTK,SRTRANSFIN,25-May-17,1050,CE,0,0,0,16.5,68.55,0,0,0,0,17-Apr-17
OPTSTK,SRTRANSFIN,25-May-17,1060,CE,0,0,0,66.9,62.8,0,0,0,0,17-Apr-17
OPTSTK,SRTRANSFIN,25-May-17,1080,CE,0,0,0,57.95,52.3,0,0,0,0,17-Apr-17
OPTSTK,SRTRANSFIN,25-May-17,1100,CE,0,0,0,8.8,43.1,0,0,0,0,17-Apr-17
OPTSTK,SRTRANSFIN,25-May-17,1120,CE,0,0,0,42.7,35.15,0,0,0,0,17-Apr-17
OPTSTK,SRTRANSFIN,25-May-17,1140,CE,0,0,0,36.35,28.3,0,0,0,0,17-Apr-17
OPTSTK,SRTRANSFIN,25-May-17,1150,CE,0,0,0,4.45,25.3,0,0,0,0,17-Apr-17
OPTSTK,SRTRANSFIN,25-May-17,1160,CE,0,0,0,30.8,22.55,0,0,0,0,17-Apr-17
OPTSTK,SRTRANSFIN,25-May-17,1180,CE,0,0,0,26,17.8,0,0,0,0,17-Apr-17
OPTSTK,SRTRANSFIN,25-May-17,1200,CE,0,0,0,2.1,13.9,0,0,0,0,17-Apr-17
OPTSTK,SRTRANSFIN,25-May-17,1220,CE,0,0,0,18.2,10.75,0,0,0,0,17-Apr-17
OPTSTK,SRTRANSFIN,25-May-17,1240,CE,0,0,0,15.1,8.2,0,0,0,0,17-Apr-17
OPTSTK,SRTRANSFIN,25-May-17,1250,CE,0,0,0,0.95,7.15,0,0,0,0,17-Apr-17
OPTSTK,SRTRANSFIN,25-May-17,1260,CE,0,0,0,12.5,6.25,0,0,0,0,17-Apr-17
OPTSTK,SRTRANSFIN,25-May-17,1280,CE,0,0,0,10.3,4.65,0,0,0,0,17-Apr-17
OPTSTK,SRTRANSFIN,25-May-17,1300,CE,0,0,0,0.45,3.45,0,0,0,0,17-Apr-17
OPTSTK,SRTRANSFIN,25-May-17,600,PE,0,0,0,0.05,0,0,0,0,0,17-Apr-17
OPTSTK,SRTRANSFIN,25-May-17,650,PE,0,0,0,0.1,0,0,0,0,0,17-Apr-17
OPTSTK,SRTRANSFIN,25-May-17,660,PE,0,0,0,0.05,0,0,0,0,0,17-Apr-17
OPTSTK,SRTRANSFIN,25-May-17,680,PE,0,0,0,0.1,0,0,0,0,0,17-Apr-17
OPTSTK,SRTRANSFIN,25-May-17,700,PE,0,0,0,0.4,0,0,0,0,0,17-Apr-17
OPTSTK,SRTRANSFIN,25-May-17,720,PE,0,0,0,0.3,0,0,0,0,0,17-Apr-17
OPTSTK,SRTRANSFIN,25-May-17,740,PE,0,0,0,0.5,0.05,0,0,0,0,17-Apr-17
OPTSTK,SRTRANSFIN,25-May-17,750,PE,0,0,0,1.7,0.05,0,0,0,0,17-Apr-17
OPTSTK,SRTRANSFIN,25-May-17,760,PE,0,0,0,0.8,0.05,0,0,0,0,17-Apr-17
OPTSTK,SRTRANSFIN,25-May-17,780,PE,0,0,0,1.25,0.1,0,0,0,0,17-Apr-17
OPTSTK,SRTRANSFIN,25-May-17,800,PE,0,0,0,5.35,0.15,0,0,0,0,17-Apr-17
OPTSTK,SRTRANSFIN,25-May-17,820,PE,0,0,0,2.85,0.3,0,0,0,0,17-Apr-17
OPTSTK,SRTRANSFIN,25-May-17,840,PE,0,0,0,4.15,0.5,0,0,0,0,17-Apr-17
OPTSTK,SRTRANSFIN,25-May-17,850,PE,0,0,0,13.4,0.7,0,0,0,0,17-Apr-17
OPTSTK,SRTRANSFIN,25-May-17,860,PE,0,0,0,5.85,0.9,0,0,0,0,17-Apr-17
OPTSTK,SRTRANSFIN,25-May-17,880,PE,0,0,0,8.1,1.55,0,0,0,0,17-Apr-17
OPTSTK,SRTRANSFIN,25-May-17,900,PE,0,0,0,27.85,2.5,0,0,0,0,17-Apr-17
OPTSTK,SRTRANSFIN,25-May-17,920,PE,0,0,0,14.45,3.9,0,0,0,0,17-Apr-17
OPTSTK,SRTRANSFIN,25-May-17,940,PE,0,0,0,18.7,5.85,0,0,0,0,17-Apr-17
OPTSTK,SRTRANSFIN,25-May-17,950,PE,0,0,0,50.05,7.1,0,0,0,0,17-Apr-17
OPTSTK,SRTRANSFIN,25-May-17,960,PE,0,0,0,23.85,8.55,0,0,0,0,17-Apr-17
OPTSTK,SRTRANSFIN,25-May-17,980,PE,0,0,0,29.8,12.1,0,0,0,0,17-Apr-17
OPTSTK,SRTRANSFIN,25-May-17,1000,PE,0,0,0,79.9,16.7,0,0,0,0,17-Apr-17
OPTSTK,SRTRANSFIN,25-May-17,1020,PE,0,0,0,44.65,22.25,0,0,0,0,17-Apr-17
OPTSTK,SRTRANSFIN,25-May-17,1040,PE,0,0,0,53.55,29.1,0,0,0,0,17-Apr-17
OPTSTK,SRTRANSFIN,25-May-17,1050,PE,0,0,0,116.45,33,0,0,0,0,17-Apr-17
OPTSTK,SRTRANSFIN,25-May-17,1060,PE,0,0,0,63.4,37.2,0,0,0,0,17-Apr-17
OPTSTK,SRTRANSFIN,25-May-17,1080,PE,0,0,0,74.25,46.6,0,0,0,0,17-Apr-17
OPTSTK,SRTRANSFIN,25-May-17,1100,PE,0,0,0,157.95,57.25,0,0,0,0,17-Apr-17
OPTSTK,SRTRANSFIN,25-May-17,1120,PE,0,0,0,98.6,69.15,0,0,0,0,17-Apr-17
OPTSTK,SRTRANSFIN,25-May-17,1140,PE,0,0,0,112.05,82.15,0,0,0,0,17-Apr-17
OPTSTK,SRTRANSFIN,25-May-17,1150,PE,0,0,0,202.8,89.1,0,0,0,0,17-Apr-17
OPTSTK,SRTRANSFIN,25-May-17,1160,PE,0,0,0,126.3,96.3,0,0,0,0,17-Apr-17
OPTSTK,SRTRANSFIN,25-May-17,1180,PE,0,0,0,141.3,111.4,0,0,0,0,17-Apr-17
OPTSTK,SRTRANSFIN,25-May-17,1200,PE,0,0,0,249.7,127.35,0,0,0,0,17-Apr-17
OPTSTK,SRTRANSFIN,25-May-17,1220,PE,0,0,0,173.1,144.05,0,0,0,0,17-Apr-17
OPTSTK,SRTRANSFIN,25-May-17,1240,PE,0,0,0,189.8,161.4,0,0,0,0,17-Apr-17
OPTSTK,SRTRANSFIN,25-May-17,1250,PE,0,0,0,297.75,170.3,0,0,0,0,17-Apr-17
OPTSTK,SRTRANSFIN,25-May-17,1260,PE,0,0,0,206.95,179.3,0,0,0,0,17-Apr-17
OPTSTK,SRTRANSFIN,25-May-17,1280,PE,0,0,0,224.55,197.6,0,0,0,0,17-Apr-17
OPTSTK,SRTRANSFIN,25-May-17,1300,PE,0,0,0,346.45,216.25,0,0,0,0,17-Apr-17
OPTSTK,SRTRANSFIN,29-Jun-17,660,CE,0,0,0,404,427,0,0,0,0,17-Apr-17
OPTSTK,SRTRANSFIN,29-Jun-17,680,CE,0,0,0,384.55,407.3,0,0,0,0,17-Apr-17
OPTSTK,SRTRANSFIN,29-Jun-17,700,CE,0,0,0,365.25,387.6,0,0,0,0,17-Apr-17
OPTSTK,SRTRANSFIN,29-Jun-17,720,CE,0,0,0,346.05,367.95,0,0,0,0,17-Apr-17
OPTSTK,SRTRANSFIN,29-Jun-17,740,CE,0,0,0,327.05,348.35,0,0,0,0,17-Apr-17
OPTSTK,SRTRANSFIN,29-Jun-17,760,CE,0,0,0,308.25,328.85,0,0,0,0,17-Apr-17
OPTSTK,SRTRANSFIN,29-Jun-17,780,CE,0,0,0,289.75,309.45,0,0,0,0,17-Apr-17
OPTSTK,SRTRANSFIN,29-Jun-17,800,CE,0,0,0,271.6,290.2,0,0,0,0,17-Apr-17
OPTSTK,SRTRANSFIN,29-Jun-17,820,CE,0,0,0,253.8,271.2,0,0,0,0,17-Apr-17
OPTSTK,SRTRANSFIN,29-Jun-17,840,CE,0,0,0,236.5,252.45,0,0,0,0,17-Apr-17
OPTSTK,SRTRANSFIN,29-Jun-17,860,CE,0,0,0,219.65,234.05,0,0,0,0,17-Apr-17
OPTSTK,SRTRANSFIN,29-Jun-17,880,CE,0,0,0,203.35,216.1,0,0,0,0,17-Apr-17
OPTSTK,SRTRANSFIN,29-Jun-17,900,CE,0,0,0,187.7,198.6,0,0,0,0,17-Apr-17
OPTSTK,SRTRANSFIN,29-Jun-17,920,CE,0,0,0,172.65,181.7,0,0,0,0,17-Apr-17
OPTSTK,SRTRANSFIN,29-Jun-17,940,CE,0,0,0,158.35,165.45,0,0,0,0,17-Apr-17
OPTSTK,SRTRANSFIN,29-Jun-17,960,CE,0,0,0,144.65,149.9,0,0,0,0,17-Apr-17
OPTSTK,SRTRANSFIN,29-Jun-17,980,CE,0,0,0,131.8,135.2,0,0,0,0,17-Apr-17
OPTSTK,SRTRANSFIN,29-Jun-17,1000,CE,0,0,0,119.65,121.2,0,0,0,0,17-Apr-17
OPTSTK,SRTRANSFIN,29-Jun-17,1020,CE,0,0,0,108.3,108.2,0,0,0,0,17-Apr-17
OPTSTK,SRTRANSFIN,29-Jun-17,1040,CE,0,0,0,97.75,96.05,0,0,0,0,17-Apr-17
OPTSTK,SRTRANSFIN,29-Jun-17,1060,CE,0,0,0,87.9,84.9,0,0,0,0,17-Apr-17
OPTSTK,SRTRANSFIN,29-Jun-17,1080,CE,0,0,0,78.85,74.6,0,0,0,0,17-Apr-17
OPTSTK,SRTRANSFIN,29-Jun-17,1100,CE,0,0,0,70.5,65.25,0,0,0,0,17-Apr-17
OPTSTK,SRTRANSFIN,29-Jun-17,1120,CE,0,0,0,62.85,56.75,0,0,0,0,17-Apr-17
OPTSTK,SRTRANSFIN,29-Jun-17,1140,CE,0,0,0,55.85,49.15,0,0,0,0,17-Apr-17
OPTSTK,SRTRANSFIN,29-Jun-17,1160,CE,0,0,0,49.55,42.35,0,0,0,0,17-Apr-17
OPTSTK,SRTRANSFIN,29-Jun-17,1180,CE,0,0,0,43.8,36.35,0,0,0,0,17-Apr-17
OPTSTK,SRTRANSFIN,29-Jun-17,1200,CE,0,0,0,38.65,31.05,0,0,0,0,17-Apr-17
OPTSTK,SRTRANSFIN,29-Jun-17,1220,CE,0,0,0,34.05,26.4,0,0,0,0,17-Apr-17
OPTSTK,SRTRANSFIN,29-Jun-17,1240,CE,0,0,0,29.9,22.35,0,0,0,0,17-Apr-17
OPTSTK,SRTRANSFIN,29-Jun-17,1260,CE,0,0,0,26.1,18.8,0,0,0,0,17-Apr-17
OPTSTK,SRTRANSFIN,29-Jun-17,1280,CE,0,0,0,22.8,15.8,0,0,0,0,17-Apr-17
OPTSTK,SRTRANSFIN,29-Jun-17,1300,CE,0,0,0,19.9,13.2,0,0,0,0,17-Apr-17
OPTSTK,SRTRANSFIN,29-Jun-17,660,PE,0,0,0,0.4,0.05,0,0,0,0,17-Apr-17
OPTSTK,SRTRANSFIN,29-Jun-17,680,PE,0,0,0,0.65,0.1,0,0,0,0,17-Apr-17
OPTSTK,SRTRANSFIN,29-Jun-17,700,PE,0,0,0,1,0.15,0,0,0,0,17-Apr-17
OPTSTK,SRTRANSFIN,29-Jun-17,720,PE,0,0,0,1.45,0.2,0,0,0,0,17-Apr-17
OPTSTK,SRTRANSFIN,29-Jun-17,740,PE,0,0,0,2.15,0.35,0,0,0,0,17-Apr-17
OPTSTK,SRTRANSFIN,29-Jun-17,760,PE,0,0,0,3.05,0.6,0,0,0,0,17-Apr-17
OPTSTK,SRTRANSFIN,29-Jun-17,780,PE,0,0,0,4.2,0.95,0,0,0,0,17-Apr-17
OPTSTK,SRTRANSFIN,29-Jun-17,800,PE,0,0,0,5.7,1.45,0,0,0,0,17-Apr-17
OPTSTK,SRTRANSFIN,29-Jun-17,820,PE,0,0,0,7.6,2.15,0,0,0,0,17-Apr-17
OPTSTK,SRTRANSFIN,29-Jun-17,840,PE,0,0,0,9.9,3.15,0,0,0,0,17-Apr-17
OPTSTK,SRTRANSFIN,29-Jun-17,860,PE,0,0,0,12.75,4.5,0,0,0,0,17-Apr-17
OPTSTK,SRTRANSFIN,29-Jun-17,880,PE,0,0,0,16.15,6.25,0,0,0,0,17-Apr-17
OPTSTK,SRTRANSFIN,29-Jun-17,900,PE,0,0,0,20.15,8.55,0,0,0,0,17-Apr-17
OPTSTK,SRTRANSFIN,29-Jun-17,920,PE,0,0,0,24.75,11.35,0,0,0,0,17-Apr-17
OPTSTK,SRTRANSFIN,29-Jun-17,940,PE,0,0,0,30.1,14.85,0,0,0,0,17-Apr-17
OPTSTK,SRTRANSFIN,29-Jun-17,960,PE,0,0,0,36.1,19.05,0,0,0,0,17-Apr-17
OPTSTK,SRTRANSFIN,29-Jun-17,980,PE,0,0,0,42.9,24.1,0,0,0,0,17-Apr-17
OPTSTK,SRTRANSFIN,29-Jun-17,1000,PE,0,0,0,50.45,29.85,0,0,0,0,17-Apr-17
OPTSTK,SRTRANSFIN,29-Jun-17,1020,PE,0,0,0,58.8,36.55,0,0,0,0,17-Apr-17
OPTSTK,SRTRANSFIN,29-Jun-17,1040,PE,0,0,0,67.9,44.2,0,0,0,0,17-Apr-17
OPTSTK,SRTRANSFIN,29-Jun-17,1060,PE,0,0,0,77.75,52.75,0,0,0,0,17-Apr-17
OPTSTK,SRTRANSFIN,29-Jun-17,1080,PE,0,0,0,88.35,62.2,0,0,0,0,17-Apr-17
OPTSTK,SRTRANSFIN,29-Jun-17,1100,PE,0,0,0,99.65,72.6,0,0,0,0,17-Apr-17
OPTSTK,SRTRANSFIN,29-Jun-17,1120,PE,0,0,0,111.7,83.85,0,0,0,0,17-Apr-17
OPTSTK,SRTRANSFIN,29-Jun-17,1140,PE,0,0,0,124.35,96,0,0,0,0,17-Apr-17
OPTSTK,SRTRANSFIN,29-Jun-17,1160,PE,0,0,0,137.7,108.95,0,0,0,0,17-Apr-17
OPTSTK,SRTRANSFIN,29-Jun-17,1180,PE,0,0,0,151.65,122.65,0,0,0,0,17-Apr-17
OPTSTK,SRTRANSFIN,29-Jun-17,1200,PE,0,0,0,166.15,137.1,0,0,0,0,17-Apr-17
OPTSTK,SRTRANSFIN,29-Jun-17,1220,PE,0,0,0,181.2,152.2,0,0,0,0,17-Apr-17
OPTSTK,SRTRANSFIN,29-Jun-17,1240,PE,0,0,0,196.75,167.85,0,0,0,0,17-Apr-17
OPTSTK,SRTRANSFIN,29-Jun-17,1260,PE,0,0,0,212.65,184.1,0,0,0,0,17-Apr-17
OPTSTK,SRTRANSFIN,29-Jun-17,1280,PE,0,0,0,229,200.8,0,0,0,0,17-Apr-17
OPTSTK,SRTRANSFIN,29-Jun-17,1300,PE,0,0,0,245.75,217.95,0,0,0,0,17-Apr-17
OPTSTK,STAR,27-Apr-17,750,CE,0,0,0,398.75,357.45,0,0,0,0,17-Apr-17
OPTSTK,STAR,27-Apr-17,800,CE,0,0,0,350.05,307.5,0,0,0,0,17-Apr-17
OPTSTK,STAR,27-Apr-17,850,CE,0,0,0,302.05,257.6,0,0,0,0,17-Apr-17
OPTSTK,STAR,27-Apr-17,900,CE,0,0,0,255.5,207.7,0,0,0,0,17-Apr-17
OPTSTK,STAR,27-Apr-17,950,CE,0,0,0,211.3,157.75,0,0,0,0,17-Apr-17
OPTSTK,STAR,27-Apr-17,1000,CE,0,0,0,170.45,107.95,0,0,0,0,17-Apr-17
OPTSTK,STAR,27-Apr-17,1050,CE,0,0,0,133.95,59.75,0,0,0,0,17-Apr-17
OPTSTK,STAR,27-Apr-17,1100,CE,31.4,31.4,27.8,29.6,29.6,2,11.29,21500,-500,17-Apr-17
OPTSTK,STAR,27-Apr-17,1150,CE,10.05,16,9.35,10.3,10.3,29,168.38,73000,0,17-Apr-17
OPTSTK,STAR,27-Apr-17,1200,CE,4.05,6.5,3.9,4.5,4.5,13,78.35,68500,500,17-Apr-17
OPTSTK,STAR,27-Apr-17,1250,CE,0,0,0,3.5,0.05,0,0,5500,0,17-Apr-17
OPTSTK,STAR,27-Apr-17,1300,CE,0,0,0,2.95,0,0,0,1500,0,17-Apr-17
OPTSTK,STAR,27-Apr-17,1350,CE,0,0,0,18.1,0,0,0,0,0,17-Apr-17
OPTSTK,STAR,27-Apr-17,1400,CE,0,0,0,11.95,0,0,0,0,0,17-Apr-17
OPTSTK,STAR,27-Apr-17,1450,CE,0,0,0,7.7,0,0,0,0,0,17-Apr-17
OPTSTK,STAR,27-Apr-17,750,PE,0,0,0,0.2,0,0,0,0,0,17-Apr-17
OPTSTK,STAR,27-Apr-17,800,PE,0,0,0,0.65,0,0,0,0,0,17-Apr-17
OPTSTK,STAR,27-Apr-17,850,PE,0,0,0,1.85,0,0,0,0,0,17-Apr-17
OPTSTK,STAR,27-Apr-17,900,PE,0,0,0,4.45,0,0,0,0,0,17-Apr-17
OPTSTK,STAR,27-Apr-17,950,PE,0,0,0,1.25,0,0,0,1000,0,17-Apr-17
OPTSTK,STAR,27-Apr-17,1000,PE,0,0,0,3,0.1,0,0,4500,0,17-Apr-17
OPTSTK,STAR,27-Apr-17,1050,PE,4.05,4.05,4.05,4.05,4.05,2,10.54,16500,1000,17-Apr-17
OPTSTK,STAR,27-Apr-17,1100,PE,23.45,23.45,19.05,19.05,19.05,4,22.43,28000,1000,17-Apr-17
OPTSTK,STAR,27-Apr-17,1150,PE,41.75,41.75,41.75,41.75,41.75,2,11.91,15500,0,17-Apr-17
OPTSTK,STAR,27-Apr-17,1200,PE,0,0,0,72,92.25,0,0,2000,0,17-Apr-17
OPTSTK,STAR,27-Apr-17,1250,PE,0,0,0,132.2,141.75,0,0,0,0,17-Apr-17
OPTSTK,STAR,27-Apr-17,1300,PE,0,0,0,169.35,191.65,0,0,0,0,17-Apr-17
OPTSTK,STAR,27-Apr-17,1350,PE,0,0,0,209.7,241.55,0,0,0,0,17-Apr-17
OPTSTK,STAR,27-Apr-17,1400,PE,0,0,0,252.7,291.5,0,0,0,0,17-Apr-17
OPTSTK,STAR,27-Apr-17,1450,PE,0,0,0,297.65,341.4,0,0,0,0,17-Apr-17
OPTSTK,STAR,25-May-17,750,CE,0,0,0,430.6,361.2,0,0,0,0,17-Apr-17
OPTSTK,STAR,25-May-17,800,CE,0,0,0,382.35,311.5,0,0,0,0,17-Apr-17
OPTSTK,STAR,25-May-17,850,CE,0,0,0,335.1,261.85,0,0,0,0,17-Apr-17
OPTSTK,STAR,25-May-17,900,CE,0,0,0,289.45,212.25,0,0,0,0,17-Apr-17
OPTSTK,STAR,25-May-17,950,CE,0,0,0,246.2,163.15,0,0,0,0,17-Apr-17
OPTSTK,STAR,25-May-17,1000,CE,0,0,0,205.95,116,0,0,0,0,17-Apr-17
OPTSTK,STAR,25-May-17,1050,CE,0,0,0,169.45,74.1,0,0,0,0,17-Apr-17
OPTSTK,STAR,25-May-17,1100,CE,0,0,0,137,41.35,0,0,0,0,17-Apr-17
OPTSTK,STAR,25-May-17,1150,CE,31.55,31.55,31.55,31.55,31.55,6,35.44,3000,3000,17-Apr-17
OPTSTK,STAR,25-May-17,1200,CE,0,0,0,85.25,8.05,0,0,0,0,17-Apr-17
OPTSTK,STAR,25-May-17,1250,CE,0,0,0,65.65,2.8,0,0,0,0,17-Apr-17
OPTSTK,STAR,25-May-17,1300,CE,0,0,0,49.85,0.85,0,0,0,0,17-Apr-17
OPTSTK,STAR,25-May-17,1350,CE,0,0,0,37.35,0.25,0,0,0,0,17-Apr-17
OPTSTK,STAR,25-May-17,1400,CE,0,0,0,27.6,0.05,0,0,0,0,17-Apr-17
OPTSTK,STAR,25-May-17,1450,CE,0,0,0,20.15,0.05,0,0,0,0,17-Apr-17
OPTSTK,STAR,25-May-17,750,PE,0,0,0,0.6,0,0,0,0,0,17-Apr-17
OPTSTK,STAR,25-May-17,800,PE,0,0,0,1.55,0,0,0,0,0,17-Apr-17
OPTSTK,STAR,25-May-17,850,PE,0,0,0,3.5,0,0,0,0,0,17-Apr-17
OPTSTK,STAR,25-May-17,900,PE,0,0,0,7.1,0.1,0,0,0,0,17-Apr-17
OPTSTK,STAR,25-May-17,950,PE,0,0,0,13.05,0.65,0,0,0,0,17-Apr-17
OPTSTK,STAR,25-May-17,1000,PE,0,0,0,22.05,3.15,0,0,0,0,17-Apr-17
OPTSTK,STAR,25-May-17,1050,PE,0,0,0,34.75,10.9,0,0,0,0,17-Apr-17
OPTSTK,STAR,25-May-17,1100,PE,35.1,35.1,35.1,35.1,35.1,2,11.35,1000,1000,17-Apr-17
OPTSTK,STAR,25-May-17,1150,PE,55.65,62,55.65,62,62,2,12.08,1000,1000,17-Apr-17
OPTSTK,STAR,25-May-17,1200,PE,0,0,0,98.15,93.9,0,0,0,0,17-Apr-17
OPTSTK,STAR,25-May-17,1250,PE,0,0,0,127.8,138.25,0,0,0,0,17-Apr-17
OPTSTK,STAR,25-May-17,1300,PE,0,0,0,161.2,185.95,0,0,0,0,17-Apr-17
OPTSTK,STAR,25-May-17,1350,PE,0,0,0,197.95,235,0,0,0,0,17-Apr-17
OPTSTK,STAR,25-May-17,1400,PE,0,0,0,237.35,284.5,0,0,0,0,17-Apr-17
OPTSTK,STAR,25-May-17,1450,PE,0,0,0,279.15,334.15,0,0,0,0,17-Apr-17
OPTSTK,STAR,29-Jun-17,750,CE,0,0,0,366.25,365.8,0,0,0,0,17-Apr-17
OPTSTK,STAR,29-Jun-17,800,CE,0,0,0,317.3,316.5,0,0,0,0,17-Apr-17
OPTSTK,STAR,29-Jun-17,850,CE,0,0,0,268.95,267.25,0,0,0,0,17-Apr-17
OPTSTK,STAR,29-Jun-17,900,CE,0,0,0,221.9,218.6,0,0,0,0,17-Apr-17
OPTSTK,STAR,29-Jun-17,950,CE,0,0,0,177.3,171.4,0,0,0,0,17-Apr-17
OPTSTK,STAR,29-Jun-17,1000,CE,0,0,0,136.65,127.5,0,0,0,0,17-Apr-17
OPTSTK,STAR,29-Jun-17,1050,CE,0,0,0,101.2,89.05,0,0,0,0,17-Apr-17
OPTSTK,STAR,29-Jun-17,1100,CE,0,0,0,71.9,58.05,0,0,0,0,17-Apr-17
OPTSTK,STAR,29-Jun-17,1150,CE,0,0,0,49,35.1,0,0,0,0,17-Apr-17
OPTSTK,STAR,29-Jun-17,1200,CE,0,0,0,32.05,19.75,0,0,0,0,17-Apr-17
OPTSTK,STAR,29-Jun-17,1250,CE,0,0,0,20.15,10.3,0,0,0,0,17-Apr-17
OPTSTK,STAR,29-Jun-17,1300,CE,0,0,0,12.2,5,0,0,0,0,17-Apr-17
OPTSTK,STAR,29-Jun-17,1350,CE,0,0,0,7.1,2.3,0,0,0,0,17-Apr-17
OPTSTK,STAR,29-Jun-17,1400,CE,0,0,0,4,1,0,0,0,0,17-Apr-17
OPTSTK,STAR,29-Jun-17,1450,CE,0,0,0,2.2,0.4,0,0,0,0,17-Apr-17
OPTSTK,STAR,29-Jun-17,750,PE,0,0,0,0.1,0,0,0,0,0,17-Apr-17
OPTSTK,STAR,29-Jun-17,800,PE,0,0,0,0.35,0.05,0,0,0,0,17-Apr-17
OPTSTK,STAR,29-Jun-17,850,PE,0,0,0,1.15,0.2,0,0,0,0,17-Apr-17
OPTSTK,STAR,29-Jun-17,900,PE,0,0,0,3.25,0.85,0,0,0,0,17-Apr-17
OPTSTK,STAR,29-Jun-17,950,PE,0,0,0,7.85,3.05,0,0,0,0,17-Apr-17
OPTSTK,STAR,29-Jun-17,1000,PE,0,0,0,16.35,8.5,0,0,0,0,17-Apr-17
OPTSTK,STAR,29-Jun-17,1050,PE,0,0,0,30.1,19.4,0,0,0,0,17-Apr-17
OPTSTK,STAR,29-Jun-17,1100,PE,0,0,0,50,37.7,0,0,0,0,17-Apr-17
OPTSTK,STAR,29-Jun-17,1150,PE,0,0,0,76.25,64.15,0,0,0,0,17-Apr-17
OPTSTK,STAR,29-Jun-17,1200,PE,0,0,0,108.45,98.15,0,0,0,0,17-Apr-17
OPTSTK,STAR,29-Jun-17,1250,PE,0,0,0,145.75,138.05,0,0,0,0,17-Apr-17
OPTSTK,STAR,29-Jun-17,1300,PE,0,0,0,186.95,182.1,0,0,0,0,17-Apr-17
OPTSTK,STAR,29-Jun-17,1350,PE,0,0,0,231.05,228.75,0,0,0,0,17-Apr-17
OPTSTK,STAR,29-Jun-17,1400,PE,0,0,0,277.15,276.8,0,0,0,0,17-Apr-17
OPTSTK,STAR,29-Jun-17,1450,PE,0,0,0,324.5,325.6,0,0,0,0,17-Apr-17
OPTSTK,SUNPHARMA,27-Apr-17,480,CE,0,0,0,164.15,197.9,0,0,0,0,17-Apr-17
OPTSTK,SUNPHARMA,27-Apr-17,500,CE,0,0,0,144.95,177.95,0,0,0,0,17-Apr-17
OPTSTK,SUNPHARMA,27-Apr-17,520,CE,0,0,0,126.2,158,0,0,0,0,17-Apr-17
OPTSTK,SUNPHARMA,27-Apr-17,540,CE,0,0,0,108.15,138,0,0,0,0,17-Apr-17
OPTSTK,SUNPHARMA,27-Apr-17,560,CE,0,0,0,91.1,118.05,0,0,0,0,17-Apr-17
OPTSTK,SUNPHARMA,27-Apr-17,580,CE,0,0,0,75.3,98.1,0,0,0,0,17-Apr-17
OPTSTK,SUNPHARMA,27-Apr-17,600,CE,0,0,0,116,78.15,0,0,1400,0,17-Apr-17
OPTSTK,SUNPHARMA,27-Apr-17,620,CE,0,0,0,48.4,58.45,0,0,0,0,17-Apr-17
OPTSTK,SUNPHARMA,27-Apr-17,640,CE,39,42.5,38,39.7,39.7,12,57.12,15400,4900,17-Apr-17
OPTSTK,SUNPHARMA,27-Apr-17,660,CE,23.05,25.25,21,21,21,13,62.14,44100,7000,17-Apr-17
OPTSTK,SUNPHARMA,27-Apr-17,680,CE,8.9,13.1,8.9,10.05,10.05,953,4609.02,362600,79800,17-Apr-17
OPTSTK,SUNPHARMA,27-Apr-17,700,CE,4.05,7.8,3.75,4.05,4.05,1496,7379.33,1038800,67200,17-Apr-17
OPTSTK,SUNPHARMA,27-Apr-17,720,CE,4,4,1.4,1.65,1.65,614,3102.79,772800,16800,17-Apr-17
OPTSTK,SUNPHARMA,27-Apr-17,740,CE,0.95,1.2,0.7,0.85,0.85,246,1275.88,633500,-25200,17-Apr-17
OPTSTK,SUNPHARMA,27-Apr-17,760,CE,0.65,0.75,0.45,0.6,0.6,48,255.55,152600,-6300,17-Apr-17
OPTSTK,SUNPHARMA,27-Apr-17,780,CE,0.4,0.6,0.4,0.6,0.6,3,16.39,60200,0,17-Apr-17
OPTSTK,SUNPHARMA,27-Apr-17,800,CE,0.55,0.75,0.45,0.6,0.6,59,330.66,312900,-1400,17-Apr-17
OPTSTK,SUNPHARMA,27-Apr-17,820,CE,0.6,0.6,0.6,0.6,0.6,1,5.74,4200,700,17-Apr-17
OPTSTK,SUNPHARMA,27-Apr-17,840,CE,0,0,0,3.8,0,0,0,1400,0,17-Apr-17
OPTSTK,SUNPHARMA,27-Apr-17,860,CE,0,0,0,0.65,0,0,0,0,0,17-Apr-17
OPTSTK,SUNPHARMA,27-Apr-17,880,CE,0,0,0,0.45,0,0,0,0,0,17-Apr-17
OPTSTK,SUNPHARMA,27-Apr-17,480,PE,0,0,0,0.4,0,0,0,0,0,17-Apr-17
OPTSTK,SUNPHARMA,27-Apr-17,500,PE,0,0,0,0.9,0,0,0,0,0,17-Apr-17
OPTSTK,SUNPHARMA,27-Apr-17,520,PE,0,0,0,1.85,0,0,0,0,0,17-Apr-17
OPTSTK,SUNPHARMA,27-Apr-17,540,PE,0,0,0,3.45,0,0,0,0,0,17-Apr-17
OPTSTK,SUNPHARMA,27-Apr-17,560,PE,0,0,0,6.05,0,0,0,0,0,17-Apr-17
OPTSTK,SUNPHARMA,27-Apr-17,580,PE,0,0,0,0.35,0,0,0,16800,0,17-Apr-17
OPTSTK,SUNPHARMA,27-Apr-17,600,PE,0.75,1,0.55,0.75,0.75,47,197.65,98000,-2100,17-Apr-17
OPTSTK,SUNPHARMA,27-Apr-17,620,PE,0.9,1.65,0.7,1,1,74,321.75,115500,11900,17-Apr-17
OPTSTK,SUNPHARMA,27-Apr-17,640,PE,0.3,3.1,0.3,1.85,1.85,322,1447.46,245700,53200,17-Apr-17
OPTSTK,SUNPHARMA,27-Apr-17,660,PE,4.55,7.3,2.25,4.35,4.35,1050,4888.91,497700,32200,17-Apr-17
OPTSTK,SUNPHARMA,27-Apr-17,680,PE,16.15,18.4,11,12.55,12.55,482,2338.57,253400,-8400,17-Apr-17
OPTSTK,SUNPHARMA,27-Apr-17,700,PE,26.5,30.85,23.45,26.5,26.5,106,538.85,228200,-3500,17-Apr-17
OPTSTK,SUNPHARMA,27-Apr-17,720,PE,0,0,0,28.75,43.25,0,0,84000,0,17-Apr-17
OPTSTK,SUNPHARMA,27-Apr-17,740,PE,60,63.15,60,63,63,8,44.89,79100,700,17-Apr-17
OPTSTK,SUNPHARMA,27-Apr-17,760,PE,0,0,0,68.45,81.75,0,0,67200,0,17-Apr-17
OPTSTK,SUNPHARMA,27-Apr-17,780,PE,0,0,0,90.5,101.65,0,0,18900,0,17-Apr-17
OPTSTK,SUNPHARMA,27-Apr-17,800,PE,126.25,127.65,121.4,122.55,122.55,62,401.86,37800,-26600,17-Apr-17
OPTSTK,SUNPHARMA,27-Apr-17,820,PE,142,142,142,142,142,1,6.73,2100,0,17-Apr-17
OPTSTK,SUNPHARMA,27-Apr-17,840,PE,0,0,0,150,161.5,0,0,2800,0,17-Apr-17
OPTSTK,SUNPHARMA,27-Apr-17,860,PE,0,0,0,163.2,181.45,0,0,700,0,17-Apr-17
OPTSTK,SUNPHARMA,27-Apr-17,880,PE,0,0,0,186.45,201.45,0,0,45500,0,17-Apr-17
OPTSTK,SUNPHARMA,25-May-17,480,CE,0,0,0,203.1,200.3,0,0,0,0,17-Apr-17
OPTSTK,SUNPHARMA,25-May-17,500,CE,0,0,0,184.2,180.45,0,0,0,0,17-Apr-17
OPTSTK,SUNPHARMA,25-May-17,520,CE,0,0,0,165.75,160.6,0,0,0,0,17-Apr-17
OPTSTK,SUNPHARMA,25-May-17,540,CE,0,0,0,147.95,140.8,0,0,0,0,17-Apr-17
OPTSTK,SUNPHARMA,25-May-17,560,CE,0,0,0,130.85,121.15,0,0,0,0,17-Apr-17
OPTSTK,SUNPHARMA,25-May-17,580,CE,0,0,0,114.7,101.85,0,0,0,0,17-Apr-17
OPTSTK,SUNPHARMA,25-May-17,600,CE,0,0,0,99.6,83.25,0,0,0,0,17-Apr-17
OPTSTK,SUNPHARMA,25-May-17,620,CE,0,0,0,85.65,65.8,0,0,0,0,17-Apr-17
OPTSTK,SUNPHARMA,25-May-17,640,CE,0,0,0,72.95,50.05,0,0,0,0,17-Apr-17
OPTSTK,SUNPHARMA,25-May-17,660,CE,0,0,0,40,36.5,0,0,700,0,17-Apr-17
OPTSTK,SUNPHARMA,25-May-17,680,CE,23.7,23.7,23.7,23.7,23.7,1,4.92,17500,0,17-Apr-17
OPTSTK,SUNPHARMA,25-May-17,700,CE,0,0,0,22,16.9,0,0,6300,0,17-Apr-17
OPTSTK,SUNPHARMA,25-May-17,720,CE,10.25,11.15,5.8,8.3,8.3,7,35.74,3500,2100,17-Apr-17
OPTSTK,SUNPHARMA,25-May-17,740,CE,6,6,6,6,6,1,5.22,3500,700,17-Apr-17
OPTSTK,SUNPHARMA,25-May-17,760,CE,0,0,0,22.95,3.7,0,0,0,0,17-Apr-17
OPTSTK,SUNPHARMA,25-May-17,780,CE,0,0,0,18.4,2.05,0,0,0,0,17-Apr-17
OPTSTK,SUNPHARMA,25-May-17,800,CE,2.1,2.1,2.1,2.1,2.1,1,5.61,3500,700,17-Apr-17
OPTSTK,SUNPHARMA,25-May-17,820,CE,0,0,0,11.55,0.55,0,0,0,0,17-Apr-17
OPTSTK,SUNPHARMA,25-May-17,840,CE,0,0,0,9.05,0.3,0,0,0,0,17-Apr-17
OPTSTK,SUNPHARMA,25-May-17,860,CE,0,0,0,7.05,0.15,0,0,0,0,17-Apr-17
OPTSTK,SUNPHARMA,25-May-17,880,CE,0,0,0,5.45,0.05,0,0,0,0,17-Apr-17
OPTSTK,SUNPHARMA,25-May-17,480,PE,0,0,0,1,0,0,0,0,0,17-Apr-17
OPTSTK,SUNPHARMA,25-May-17,500,PE,0,0,0,1.8,0,0,0,0,0,17-Apr-17
OPTSTK,SUNPHARMA,25-May-17,520,PE,0,0,0,3.05,0.05,0,0,0,0,17-Apr-17
OPTSTK,SUNPHARMA,25-May-17,540,PE,0,0,0,4.9,0.1,0,0,0,0,17-Apr-17
OPTSTK,SUNPHARMA,25-May-17,560,PE,0,0,0,7.5,0.35,0,0,0,0,17-Apr-17
OPTSTK,SUNPHARMA,25-May-17,580,PE,0,0,0,11.05,0.9,0,0,0,0,17-Apr-17
OPTSTK,SUNPHARMA,25-May-17,600,PE,2.5,2.5,2.5,2.5,2.5,3,12.65,2100,2100,17-Apr-17
OPTSTK,SUNPHARMA,25-May-17,620,PE,4.5,4.5,4.5,4.5,4.5,1,4.37,700,700,17-Apr-17
OPTSTK,SUNPHARMA,25-May-17,640,PE,9,9,7.8,7.8,7.8,3,13.61,4200,2100,17-Apr-17
OPTSTK,SUNPHARMA,25-May-17,660,PE,0,0,0,15.5,15,0,0,700,0,17-Apr-17
OPTSTK,SUNPHARMA,25-May-17,680,PE,22.4,23.7,21.3,22,22,12,59,12600,6300,17-Apr-17
OPTSTK,SUNPHARMA,25-May-17,700,PE,0,0,0,57.05,35.1,0,0,0,0,17-Apr-17
OPTSTK,SUNPHARMA,25-May-17,720,PE,0,0,0,59.9,48.8,0,0,700,0,17-Apr-17
OPTSTK,SUNPHARMA,25-May-17,740,PE,0,0,0,82.3,64.4,0,0,0,0,17-Apr-17
OPTSTK,SUNPHARMA,25-May-17,760,PE,0,0,0,96.5,81.55,0,0,0,0,17-Apr-17
OPTSTK,SUNPHARMA,25-May-17,780,PE,0,0,0,111.65,99.75,0,0,0,0,17-Apr-17
OPTSTK,SUNPHARMA,25-May-17,800,PE,0,0,0,127.5,118.65,0,0,0,0,17-Apr-17
OPTSTK,SUNPHARMA,25-May-17,820,PE,0,0,0,144.1,137.95,0,0,0,0,17-Apr-17
OPTSTK,SUNPHARMA,25-May-17,840,PE,0,0,0,161.3,157.55,0,0,0,0,17-Apr-17
OPTSTK,SUNPHARMA,25-May-17,860,PE,0,0,0,179,177.3,0,0,0,0,17-Apr-17
OPTSTK,SUNPHARMA,25-May-17,880,PE,0,0,0,197.1,197.1,0,0,0,0,17-Apr-17
OPTSTK,SUNPHARMA,29-Jun-17,480,CE,0,0,0,215.05,203.3,0,0,0,0,17-Apr-17
OPTSTK,SUNPHARMA,29-Jun-17,500,CE,0,0,0,195.5,183.65,0,0,0,0,17-Apr-17
OPTSTK,SUNPHARMA,29-Jun-17,520,CE,0,0,0,176.1,164.15,0,0,0,0,17-Apr-17
OPTSTK,SUNPHARMA,29-Jun-17,540,CE,0,0,0,156.95,144.9,0,0,0,0,17-Apr-17
OPTSTK,SUNPHARMA,29-Jun-17,560,CE,0,0,0,138.2,126.1,0,0,0,0,17-Apr-17
OPTSTK,SUNPHARMA,29-Jun-17,580,CE,0,0,0,120.05,107.95,0,0,0,0,17-Apr-17
OPTSTK,SUNPHARMA,29-Jun-17,600,CE,0,0,0,102.8,90.75,0,0,0,0,17-Apr-17
OPTSTK,SUNPHARMA,29-Jun-17,620,CE,0,0,0,86.65,74.85,0,0,0,0,17-Apr-17
OPTSTK,SUNPHARMA,29-Jun-17,640,CE,0,0,0,71.8,60.45,0,0,0,0,17-Apr-17
OPTSTK,SUNPHARMA,29-Jun-17,660,CE,0,0,0,58.5,47.8,0,0,0,0,17-Apr-17
OPTSTK,SUNPHARMA,29-Jun-17,680,CE,0,0,0,46.8,36.95,0,0,0,0,17-Apr-17
OPTSTK,SUNPHARMA,29-Jun-17,700,CE,0,0,0,36.8,27.95,0,0,0,0,17-Apr-17
OPTSTK,SUNPHARMA,29-Jun-17,720,CE,0,0,0,28.4,20.65,0,0,0,0,17-Apr-17
OPTSTK,SUNPHARMA,29-Jun-17,740,CE,0,0,0,21.55,15,0,0,0,0,17-Apr-17
OPTSTK,SUNPHARMA,29-Jun-17,760,CE,0,0,0,16.1,10.6,0,0,0,0,17-Apr-17
OPTSTK,SUNPHARMA,29-Jun-17,780,CE,0,0,0,11.8,7.35,0,0,0,0,17-Apr-17
OPTSTK,SUNPHARMA,29-Jun-17,800,CE,0,0,0,8.55,5,0,0,0,0,17-Apr-17
OPTSTK,SUNPHARMA,29-Jun-17,820,CE,0,0,0,6.05,3.35,0,0,0,0,17-Apr-17
OPTSTK,SUNPHARMA,29-Jun-17,840,CE,0,0,0,4.25,2.2,0,0,0,0,17-Apr-17
OPTSTK,SUNPHARMA,29-Jun-17,860,CE,0,0,0,2.95,1.4,0,0,0,0,17-Apr-17
OPTSTK,SUNPHARMA,29-Jun-17,880,CE,0,0,0,2,0.9,0,0,0,0,17-Apr-17
OPTSTK,SUNPHARMA,29-Jun-17,480,PE,0,0,0,0.1,0.05,0,0,0,0,17-Apr-17
OPTSTK,SUNPHARMA,29-Jun-17,500,PE,0,0,0,0.2,0.15,0,0,0,0,17-Apr-17
OPTSTK,SUNPHARMA,29-Jun-17,520,PE,0,0,0,0.45,0.4,0,0,0,0,17-Apr-17
OPTSTK,SUNPHARMA,29-Jun-17,540,PE,0,0,0,0.95,0.85,0,0,0,0,17-Apr-17
OPTSTK,SUNPHARMA,29-Jun-17,560,PE,0,0,0,1.9,1.8,0,0,0,0,17-Apr-17
OPTSTK,SUNPHARMA,29-Jun-17,580,PE,0,0,0,3.45,3.4,0,0,0,0,17-Apr-17
OPTSTK,SUNPHARMA,29-Jun-17,600,PE,0,0,0,5.85,5.95,0,0,0,0,17-Apr-17
OPTSTK,SUNPHARMA,29-Jun-17,620,PE,0,0,0,9.35,9.8,0,0,0,0,17-Apr-17
OPTSTK,SUNPHARMA,29-Jun-17,640,PE,0,0,0,14.2,15.15,0,0,0,0,17-Apr-17
OPTSTK,SUNPHARMA,29-Jun-17,660,PE,0,0,0,20.55,22.2,0,0,0,0,17-Apr-17
OPTSTK,SUNPHARMA,29-Jun-17,680,PE,0,0,0,28.55,31.1,0,0,0,0,17-Apr-17
OPTSTK,SUNPHARMA,29-Jun-17,700,PE,0,0,0,38.2,41.85,0,0,0,0,17-Apr-17
OPTSTK,SUNPHARMA,29-Jun-17,720,PE,0,0,0,49.5,54.3,0,0,0,0,17-Apr-17
OPTSTK,SUNPHARMA,29-Jun-17,740,PE,0,0,0,62.3,68.35,0,0,0,0,17-Apr-17
OPTSTK,SUNPHARMA,29-Jun-17,760,PE,0,0,0,76.5,83.75,0,0,0,0,17-Apr-17
OPTSTK,SUNPHARMA,29-Jun-17,780,PE,0,0,0,91.9,100.25,0,0,0,0,17-Apr-17
OPTSTK,SUNPHARMA,29-Jun-17,800,PE,0,0,0,108.3,117.65,0,0,0,0,17-Apr-17
OPTSTK,SUNPHARMA,29-Jun-17,820,PE,0,0,0,125.5,135.7,0,0,0,0,17-Apr-17
OPTSTK,SUNPHARMA,29-Jun-17,840,PE,0,0,0,143.35,154.3,0,0,0,0,17-Apr-17
OPTSTK,SUNPHARMA,29-Jun-17,860,PE,0,0,0,161.7,173.25,0,0,0,0,17-Apr-17
OPTSTK,SUNPHARMA,29-Jun-17,880,PE,0,0,0,180.45,192.5,0,0,0,0,17-Apr-17
OPTSTK,SUNTV,27-Apr-17,340,CE,0,0,0,204.2,449.8,0,0,0,0,17-Apr-17
OPTSTK,SUNTV,27-Apr-17,360,CE,0,0,0,184.8,429.85,0,0,0,0,17-Apr-17
OPTSTK,SUNTV,27-Apr-17,380,CE,0,0,0,165.75,409.9,0,0,0,0,17-Apr-17
OPTSTK,SUNTV,27-Apr-17,400,CE,0,0,0,147.15,389.9,0,0,0,0,17-Apr-17
OPTSTK,SUNTV,27-Apr-17,420,CE,0,0,0,129.2,369.95,0,0,0,0,17-Apr-17
OPTSTK,SUNTV,27-Apr-17,440,CE,0,0,0,112.1,350,0,0,0,0,17-Apr-17
OPTSTK,SUNTV,27-Apr-17,460,CE,0,0,0,96.1,330,0,0,0,0,17-Apr-17
OPTSTK,SUNTV,27-Apr-17,480,CE,0,0,0,81.4,310.05,0,0,0,0,17-Apr-17
OPTSTK,SUNTV,27-Apr-17,500,CE,0,0,0,288,290.1,0,0,6000,0,17-Apr-17
OPTSTK,SUNTV,27-Apr-17,520,CE,0,0,0,56.2,270.15,0,0,0,0,17-Apr-17
OPTSTK,SUNTV,27-Apr-17,540,CE,0,0,0,45.9,250.15,0,0,0,0,17-Apr-17
OPTSTK,SUNTV,27-Apr-17,560,CE,0,0,0,37,230.2,0,0,0,0,17-Apr-17
OPTSTK,SUNTV,27-Apr-17,580,CE,0,0,0,29.5,210.25,0,0,0,0,17-Apr-17
OPTSTK,SUNTV,27-Apr-17,600,CE,0,0,0,188,190.25,0,0,2000,0,17-Apr-17
OPTSTK,SUNTV,27-Apr-17,620,CE,0,0,0,18.2,170.3,0,0,0,0,17-Apr-17
OPTSTK,SUNTV,27-Apr-17,640,CE,0,0,0,14.1,150.35,0,0,0,0,17-Apr-17
OPTSTK,SUNTV,27-Apr-17,660,CE,0,0,0,10.8,130.4,0,0,0,0,17-Apr-17
OPTSTK,SUNTV,27-Apr-17,680,CE,0,0,0,8.2,110.45,0,0,0,0,17-Apr-17
OPTSTK,SUNTV,27-Apr-17,700,CE,0,0,0,87.3,90.65,0,0,14000,0,17-Apr-17
OPTSTK,SUNTV,27-Apr-17,720,CE,0,0,0,79.85,71.3,0,0,6000,0,17-Apr-17
OPTSTK,SUNTV,27-Apr-17,740,CE,0,0,0,52.9,53,0,0,18000,0,17-Apr-17
OPTSTK,SUNTV,27-Apr-17,760,CE,0,0,0,31.5,36.7,0,0,16000,0,17-Apr-17
OPTSTK,SUNTV,27-Apr-17,780,CE,18.6,23.7,17.05,22.15,22.15,21,335.9,178000,6000,17-Apr-17
OPTSTK,SUNTV,27-Apr-17,800,CE,11,12.5,9.2,11.55,11.55,197,3193.89,378000,6000,17-Apr-17
OPTSTK,SUNTV,27-Apr-17,820,CE,4.95,5.85,4.25,5.05,5.05,42,692.9,160000,-16000,17-Apr-17
OPTSTK,SUNTV,27-Apr-17,840,CE,2.35,2.5,1.9,2.3,2.3,45,757.88,172000,-30000,17-Apr-17
OPTSTK,SUNTV,27-Apr-17,860,CE,1.05,1.05,0.5,0.85,0.85,42,723.13,122000,30000,17-Apr-17
OPTSTK,SUNTV,27-Apr-17,880,CE,0.6,0.6,0.35,0.45,0.45,6,105.65,66000,0,17-Apr-17
OPTSTK,SUNTV,27-Apr-17,900,CE,0,0,0,0.4,0.2,0,0,8000,0,17-Apr-17
OPTSTK,SUNTV,27-Apr-17,920,CE,0,0,0,75.55,0.05,0,0,0,0,17-Apr-17
OPTSTK,SUNTV,27-Apr-17,940,CE,0,0,0,70.9,0.05,0,0,0,0,17-Apr-17
OPTSTK,SUNTV,27-Apr-17,960,CE,0,0,0,8.1,0,0,0,0,0,17-Apr-17
OPTSTK,SUNTV,27-Apr-17,340,PE,0,0,0,0.25,0,0,0,0,0,17-Apr-17
OPTSTK,SUNTV,27-Apr-17,360,PE,0,0,0,0.55,0,0,0,0,0,17-Apr-17
OPTSTK,SUNTV,27-Apr-17,380,PE,0,0,0,1.15,0,0,0,0,0,17-Apr-17
OPTSTK,SUNTV,27-Apr-17,400,PE,0,0,0,2.2,0,0,0,0,0,17-Apr-17
OPTSTK,SUNTV,27-Apr-17,420,PE,0,0,0,3.95,0,0,0,0,0,17-Apr-17
OPTSTK,SUNTV,27-Apr-17,440,PE,0,0,0,6.55,0,0,0,0,0,17-Apr-17
OPTSTK,SUNTV,27-Apr-17,460,PE,0,0,0,10.2,0,0,0,0,0,17-Apr-17
OPTSTK,SUNTV,27-Apr-17,480,PE,0,0,0,15.2,0,0,0,0,0,17-Apr-17
OPTSTK,SUNTV,27-Apr-17,500,PE,0,0,0,21.5,0,0,0,0,0,17-Apr-17
OPTSTK,SUNTV,27-Apr-17,520,PE,0,0,0,29.35,0,0,0,0,0,17-Apr-17
OPTSTK,SUNTV,27-Apr-17,540,PE,0,0,0,38.65,0,0,0,0,0,17-Apr-17
OPTSTK,SUNTV,27-Apr-17,560,PE,0,0,0,49.45,0,0,0,0,0,17-Apr-17
OPTSTK,SUNTV,27-Apr-17,580,PE,0,0,0,61.65,0,0,0,0,0,17-Apr-17
OPTSTK,SUNTV,27-Apr-17,600,PE,0,0,0,2,0,0,0,2000,0,17-Apr-17
OPTSTK,SUNTV,27-Apr-17,620,PE,0,0,0,6.5,0,0,0,4000,0,17-Apr-17
OPTSTK,SUNTV,27-Apr-17,640,PE,0,0,0,3.5,0,0,0,4000,0,17-Apr-17
OPTSTK,SUNTV,27-Apr-17,660,PE,0,0,0,121.6,0.05,0,0,0,0,17-Apr-17
OPTSTK,SUNTV,27-Apr-17,680,PE,0,0,0,1.25,0.05,0,0,22000,0,17-Apr-17
OPTSTK,SUNTV,27-Apr-17,700,PE,0.75,0.75,0.55,0.6,0.6,17,238.23,186000,18000,17-Apr-17
OPTSTK,SUNTV,27-Apr-17,720,PE,1.5,1.7,1.15,1.2,1.2,20,288.54,94000,14000,17-Apr-17
OPTSTK,SUNTV,27-Apr-17,740,PE,3.4,3.45,2.2,2.45,2.45,34,505.15,120000,-8000,17-Apr-17
OPTSTK,SUNTV,27-Apr-17,760,PE,7.8,8,4.8,5.1,5.1,22,337.22,108000,18000,17-Apr-17
OPTSTK,SUNTV,27-Apr-17,780,PE,14.65,15.25,9.55,11.7,11.7,23,364.8,122000,0,17-Apr-17
OPTSTK,SUNTV,27-Apr-17,800,PE,26,26,22,22,22,6,98.8,46000,2000,17-Apr-17
OPTSTK,SUNTV,27-Apr-17,820,PE,36.3,36.3,36.3,36.3,36.3,1,17.12,12000,0,17-Apr-17
OPTSTK,SUNTV,27-Apr-17,840,PE,0,0,0,58.5,52.6,0,0,2000,0,17-Apr-17
OPTSTK,SUNTV,27-Apr-17,860,PE,0,0,0,77,70.65,0,0,4000,0,17-Apr-17
OPTSTK,SUNTV,27-Apr-17,880,PE,0,0,0,262.65,89.8,0,0,0,0,17-Apr-17
OPTSTK,SUNTV,27-Apr-17,900,PE,0,0,0,262.85,109.4,0,0,0,0,17-Apr-17
OPTSTK,SUNTV,27-Apr-17,920,PE,0,0,0,245.2,129.25,0,0,0,0,17-Apr-17
OPTSTK,SUNTV,27-Apr-17,940,PE,0,0,0,260.25,149.2,0,0,0,0,17-Apr-17
OPTSTK,SUNTV,27-Apr-17,960,PE,0,0,0,197.25,169.15,0,0,0,0,17-Apr-17
OPTSTK,SUNTV,25-May-17,500,CE,0,0,0,230.95,292.6,0,0,0,0,17-Apr-17
OPTSTK,SUNTV,25-May-17,520,CE,0,0,0,215.7,272.75,0,0,0,0,17-Apr-17
OPTSTK,SUNTV,25-May-17,540,CE,0,0,0,201.1,252.85,0,0,0,0,17-Apr-17
OPTSTK,SUNTV,25-May-17,560,CE,0,0,0,187.15,233,0,0,0,0,17-Apr-17
OPTSTK,SUNTV,25-May-17,580,CE,0,0,0,173.9,213.15,0,0,0,0,17-Apr-17
OPTSTK,SUNTV,25-May-17,600,CE,0,0,0,161.35,193.4,0,0,0,0,17-Apr-17
OPTSTK,SUNTV,25-May-17,620,CE,0,0,0,149.45,173.7,0,0,0,0,17-Apr-17
OPTSTK,SUNTV,25-May-17,640,CE,0,0,0,138.25,154.25,0,0,0,0,17-Apr-17
OPTSTK,SUNTV,25-May-17,660,CE,0,0,0,127.75,135.1,0,0,0,0,17-Apr-17
OPTSTK,SUNTV,25-May-17,680,CE,0,0,0,117.9,116.55,0,0,0,0,17-Apr-17
OPTSTK,SUNTV,25-May-17,700,CE,0,0,0,108.65,98.85,0,0,0,0,17-Apr-17
OPTSTK,SUNTV,25-May-17,720,CE,0,0,0,100.05,82.3,0,0,0,0,17-Apr-17
OPTSTK,SUNTV,25-May-17,740,CE,0,0,0,92,67.15,0,0,0,0,17-Apr-17
OPTSTK,SUNTV,25-May-17,760,CE,0,0,0,84.55,53.55,0,0,0,0,17-Apr-17
OPTSTK,SUNTV,25-May-17,780,CE,0,0,0,77.65,41.8,0,0,0,0,17-Apr-17
OPTSTK,SUNTV,25-May-17,800,CE,0,0,0,20.7,31.85,0,0,46000,0,17-Apr-17
OPTSTK,SUNTV,25-May-17,820,CE,13.4,16.6,13.15,16.3,16.3,17,283.5,98000,16000,17-Apr-17
OPTSTK,SUNTV,25-May-17,840,CE,0,0,0,9.5,17.3,0,0,8000,0,17-Apr-17
OPTSTK,SUNTV,25-May-17,860,CE,6.3,6.6,6,6,6,5,86.63,16000,6000,17-Apr-17
OPTSTK,SUNTV,25-May-17,880,CE,0,0,0,50.1,8.55,0,0,0,0,17-Apr-17
OPTSTK,SUNTV,25-May-17,900,CE,0,0,0,2.4,5.85,0,0,16000,0,17-Apr-17
OPTSTK,SUNTV,25-May-17,920,CE,0,0,0,38.05,3.9,0,0,0,0,17-Apr-17
OPTSTK,SUNTV,25-May-17,940,CE,0,0,0,4.4,2.55,0,0,4000,0,17-Apr-17
OPTSTK,SUNTV,25-May-17,960,CE,0,0,0,18.65,1.65,0,0,0,0,17-Apr-17
OPTSTK,SUNTV,25-May-17,500,PE,0,0,0,18.05,0,0,0,0,0,17-Apr-17
OPTSTK,SUNTV,25-May-17,520,PE,0,0,0,22.5,0,0,0,0,0,17-Apr-17
OPTSTK,SUNTV,25-May-17,540,PE,0,0,0,27.6,0,0,0,0,0,17-Apr-17
OPTSTK,SUNTV,25-May-17,560,PE,0,0,0,33.35,0.05,0,0,0,0,17-Apr-17
OPTSTK,SUNTV,25-May-17,580,PE,0,0,0,39.75,0.05,0,0,0,0,17-Apr-17
OPTSTK,SUNTV,25-May-17,600,PE,0,0,0,46.9,0.15,0,0,0,0,17-Apr-17
OPTSTK,SUNTV,25-May-17,620,PE,0,0,0,54.65,0.3,0,0,0,0,17-Apr-17
OPTSTK,SUNTV,25-May-17,640,PE,0,0,0,63.15,0.7,0,0,0,0,17-Apr-17
OPTSTK,SUNTV,25-May-17,660,PE,0,0,0,72.35,1.45,0,0,0,0,17-Apr-17
OPTSTK,SUNTV,25-May-17,680,PE,0,0,0,4,2.8,0,0,12000,0,17-Apr-17
OPTSTK,SUNTV,25-May-17,700,PE,4,4,4,4,4,1,14.08,2000,2000,17-Apr-17
OPTSTK,SUNTV,25-May-17,720,PE,0,0,0,7.55,8.25,0,0,2000,0,17-Apr-17
OPTSTK,SUNTV,25-May-17,740,PE,11.6,11.6,11.05,11.05,11.05,2,30.05,4000,2000,17-Apr-17
OPTSTK,SUNTV,25-May-17,760,PE,16,16,16,16,16,1,15.52,2000,0,17-Apr-17
OPTSTK,SUNTV,25-May-17,780,PE,23.4,23.4,23.4,23.4,23.4,1,16.06,6000,2000,17-Apr-17
OPTSTK,SUNTV,25-May-17,800,PE,0,0,0,153.6,37.25,0,0,0,0,17-Apr-17
OPTSTK,SUNTV,25-May-17,820,PE,0,0,0,167.35,49,0,0,0,0,17-Apr-17
OPTSTK,SUNTV,25-May-17,840,PE,0,0,0,181.55,62.4,0,0,0,0,17-Apr-17
OPTSTK,SUNTV,25-May-17,860,PE,0,0,0,196.25,77.3,0,0,0,0,17-Apr-17
OPTSTK,SUNTV,25-May-17,880,PE,0,0,0,211.25,93.45,0,0,0,0,17-Apr-17
OPTSTK,SUNTV,25-May-17,900,PE,0,0,0,226.65,110.55,0,0,0,0,17-Apr-17
OPTSTK,SUNTV,25-May-17,920,PE,0,0,0,230.8,128.5,0,0,0,0,17-Apr-17
OPTSTK,SUNTV,25-May-17,940,PE,0,0,0,222.05,147,0,0,0,0,17-Apr-17
OPTSTK,SUNTV,25-May-17,960,PE,0,0,0,203.1,165.95,0,0,0,0,17-Apr-17
OPTSTK,SUNTV,29-Jun-17,500,CE,0,0,0,297.1,295.7,0,0,0,0,17-Apr-17
OPTSTK,SUNTV,29-Jun-17,520,CE,0,0,0,277.85,276,0,0,0,0,17-Apr-17
OPTSTK,SUNTV,29-Jun-17,540,CE,0,0,0,258.85,256.35,0,0,0,0,17-Apr-17
OPTSTK,SUNTV,29-Jun-17,560,CE,0,0,0,240.1,236.75,0,0,0,0,17-Apr-17
OPTSTK,SUNTV,29-Jun-17,580,CE,0,0,0,221.75,217.35,0,0,0,0,17-Apr-17
OPTSTK,SUNTV,29-Jun-17,600,CE,0,0,0,203.85,198.15,0,0,0,0,17-Apr-17
OPTSTK,SUNTV,29-Jun-17,620,CE,0,0,0,186.5,179.25,0,0,0,0,17-Apr-17
OPTSTK,SUNTV,29-Jun-17,640,CE,0,0,0,169.8,160.85,0,0,0,0,17-Apr-17
OPTSTK,SUNTV,29-Jun-17,660,CE,0,0,0,153.85,143.05,0,0,0,0,17-Apr-17
OPTSTK,SUNTV,29-Jun-17,680,CE,0,0,0,138.7,126.05,0,0,0,0,17-Apr-17
OPTSTK,SUNTV,29-Jun-17,700,CE,0,0,0,124.4,109.95,0,0,0,0,17-Apr-17
OPTSTK,SUNTV,29-Jun-17,720,CE,0,0,0,111,94.95,0,0,0,0,17-Apr-17
OPTSTK,SUNTV,29-Jun-17,740,CE,0,0,0,98.55,81.1,0,0,0,0,17-Apr-17
OPTSTK,SUNTV,29-Jun-17,760,CE,0,0,0,87.1,68.55,0,0,0,0,17-Apr-17
OPTSTK,SUNTV,29-Jun-17,780,CE,0,0,0,76.65,57.3,0,0,0,0,17-Apr-17
OPTSTK,SUNTV,29-Jun-17,800,CE,0,0,0,67.1,47.4,0,0,0,0,17-Apr-17
OPTSTK,SUNTV,29-Jun-17,820,CE,0,0,0,58.45,38.8,0,0,0,0,17-Apr-17
OPTSTK,SUNTV,29-Jun-17,840,CE,0,0,0,50.75,31.4,0,0,0,0,17-Apr-17
OPTSTK,SUNTV,29-Jun-17,860,CE,0,0,0,43.85,25.2,0,0,0,0,17-Apr-17
OPTSTK,SUNTV,29-Jun-17,880,CE,0,0,0,37.7,20.05,0,0,0,0,17-Apr-17
OPTSTK,SUNTV,29-Jun-17,900,CE,0,0,0,32.35,15.75,0,0,0,0,17-Apr-17
OPTSTK,SUNTV,29-Jun-17,920,CE,0,0,0,27.65,12.25,0,0,0,0,17-Apr-17
OPTSTK,SUNTV,29-Jun-17,940,CE,0,0,0,23.55,9.45,0,0,0,0,17-Apr-17
OPTSTK,SUNTV,29-Jun-17,960,CE,0,0,0,19.95,7.25,0,0,0,0,17-Apr-17
OPTSTK,SUNTV,29-Jun-17,500,PE,0,0,0,0.6,0.05,0,0,0,0,17-Apr-17
OPTSTK,SUNTV,29-Jun-17,520,PE,0,0,0,1.05,0.1,0,0,0,0,17-Apr-17
OPTSTK,SUNTV,29-Jun-17,540,PE,0,0,0,1.65,0.15,0,0,0,0,17-Apr-17
OPTSTK,SUNTV,29-Jun-17,560,PE,0,0,0,2.6,0.35,0,0,0,0,17-Apr-17
OPTSTK,SUNTV,29-Jun-17,580,PE,0,0,0,3.9,0.65,0,0,0,0,17-Apr-17
OPTSTK,SUNTV,29-Jun-17,600,PE,0,0,0,5.7,1.2,0,0,0,0,17-Apr-17
OPTSTK,SUNTV,29-Jun-17,620,PE,0,0,0,8,2.05,0,0,0,0,17-Apr-17
OPTSTK,SUNTV,29-Jun-17,640,PE,0,0,0,11,3.4,0,0,0,0,17-Apr-17
OPTSTK,SUNTV,29-Jun-17,660,PE,0,0,0,14.7,5.3,0,0,0,0,17-Apr-17
OPTSTK,SUNTV,29-Jun-17,680,PE,0,0,0,19.2,8.05,0,0,0,0,17-Apr-17
OPTSTK,SUNTV,29-Jun-17,700,PE,0,0,0,24.6,11.7,0,0,0,0,17-Apr-17
OPTSTK,SUNTV,29-Jun-17,720,PE,0,0,0,30.85,16.45,0,0,0,0,17-Apr-17
OPTSTK,SUNTV,29-Jun-17,740,PE,0,0,0,38.1,22.3,0,0,0,0,17-Apr-17
OPTSTK,SUNTV,29-Jun-17,760,PE,0,0,0,46.35,29.5,0,0,0,0,17-Apr-17
OPTSTK,SUNTV,29-Jun-17,780,PE,0,0,0,55.5,38.05,0,0,0,0,17-Apr-17
OPTSTK,SUNTV,29-Jun-17,800,PE,0,0,0,65.65,47.85,0,0,0,0,17-Apr-17
OPTSTK,SUNTV,29-Jun-17,820,PE,0,0,0,76.7,59,0,0,0,0,17-Apr-17
OPTSTK,SUNTV,29-Jun-17,840,PE,0,0,0,88.65,71.35,0,0,0,0,17-Apr-17
OPTSTK,SUNTV,29-Jun-17,860,PE,0,0,0,101.4,84.9,0,0,0,0,17-Apr-17
OPTSTK,SUNTV,29-Jun-17,880,PE,0,0,0,114.95,99.45,0,0,0,0,17-Apr-17
OPTSTK,SUNTV,29-Jun-17,900,PE,0,0,0,129.25,114.9,0,0,0,0,17-Apr-17
OPTSTK,SUNTV,29-Jun-17,920,PE,0,0,0,144.25,131.15,0,0,0,0,17-Apr-17
OPTSTK,SUNTV,29-Jun-17,940,PE,0,0,0,159.8,148.1,0,0,0,0,17-Apr-17
OPTSTK,SUNTV,29-Jun-17,960,PE,0,0,0,175.85,165.65,0,0,0,0,17-Apr-17
OPTSTK,SUZLON,27-Apr-17,7.5,CE,0,0,0,12,12.4,0,0,0,0,17-Apr-17
OPTSTK,SUZLON,27-Apr-17,10,CE,0,0,0,9.5,9.9,0,0,0,0,17-Apr-17
OPTSTK,SUZLON,27-Apr-17,12.5,CE,0,0,0,7.05,7.4,0,0,0,0,17-Apr-17
OPTSTK,SUZLON,27-Apr-17,15,CE,0,0,0,4.6,4.9,0,0,0,0,17-Apr-17
OPTSTK,SUZLON,27-Apr-17,17.5,CE,2.15,2.5,2.15,2.45,2.45,6,35.8,810000,0,17-Apr-17
OPTSTK,SUZLON,27-Apr-17,20,CE,0.6,0.65,0.45,0.55,0.55,370,2279.08,26370000,330000,17-Apr-17
OPTSTK,SUZLON,27-Apr-17,22.5,CE,0.15,0.2,0.1,0.15,0.15,337,2289.67,18960000,-150000,17-Apr-17
OPTSTK,SUZLON,27-Apr-17,25,CE,0.05,0.05,0.05,0.05,0.05,170,1277.55,10290000,960000,17-Apr-17
OPTSTK,SUZLON,27-Apr-17,27.5,CE,0,0,0,0.05,0,0,0,930000,0,17-Apr-17
OPTSTK,SUZLON,27-Apr-17,30,CE,0.05,0.05,0.05,0.05,0.05,17,153.25,870000,510000,17-Apr-17
OPTSTK,SUZLON,27-Apr-17,32.5,CE,0,0,0,0.05,0,0,0,30000,0,17-Apr-17
OPTSTK,SUZLON,27-Apr-17,7.5,PE,0,0,0,0.05,0,0,0,0,0,17-Apr-17
OPTSTK,SUZLON,27-Apr-17,10,PE,0,0,0,0.05,0,0,0,0,0,17-Apr-17
OPTSTK,SUZLON,27-Apr-17,12.5,PE,0,0,0,0.05,0,0,0,0,0,17-Apr-17
OPTSTK,SUZLON,27-Apr-17,15,PE,0,0,0,0.05,0,0,0,810000,0,17-Apr-17
OPTSTK,SUZLON,27-Apr-17,17.5,PE,0.1,0.1,0.05,0.05,0.05,13,68.61,5610000,0,17-Apr-17
OPTSTK,SUZLON,27-Apr-17,20,PE,0.75,0.8,0.6,0.65,0.65,33,205.02,7800000,390000,17-Apr-17
OPTSTK,SUZLON,27-Apr-17,22.5,PE,0,0,0,2.4,2.65,0,0,150000,0,17-Apr-17
OPTSTK,SUZLON,27-Apr-17,25,PE,0,0,0,5.5,5.15,0,0,0,0,17-Apr-17
OPTSTK,SUZLON,27-Apr-17,27.5,PE,0,0,0,7.95,7.6,0,0,0,0,17-Apr-17
OPTSTK,SUZLON,27-Apr-17,30,PE,0,0,0,10.4,10.1,0,0,0,0,17-Apr-17
OPTSTK,SUZLON,27-Apr-17,32.5,PE,0,0,0,12.9,12.6,0,0,0,0,17-Apr-17
OPTSTK,SUZLON,25-May-17,7.5,CE,0,0,0,12.05,12.4,0,0,0,0,17-Apr-17
OPTSTK,SUZLON,25-May-17,10,CE,0,0,0,9.55,9.95,0,0,0,0,17-Apr-17
OPTSTK,SUZLON,25-May-17,12.5,CE,0,0,0,7.1,7.45,0,0,0,0,17-Apr-17
OPTSTK,SUZLON,25-May-17,15,CE,0,0,0,4.8,5,0,0,0,0,17-Apr-17
OPTSTK,SUZLON,25-May-17,17.5,CE,0,0,0,2.85,2.75,0,0,0,0,17-Apr-17
OPTSTK,SUZLON,25-May-17,20,CE,1.5,1.5,1.35,1.45,1.45,11,70.72,870000,210000,17-Apr-17
OPTSTK,SUZLON,25-May-17,22.5,CE,0.8,0.8,0.75,0.8,0.8,4,27.94,870000,60000,17-Apr-17
OPTSTK,SUZLON,25-May-17,25,CE,0.35,0.35,0.35,0.35,0.35,8,60.84,540000,180000,17-Apr-17
OPTSTK,SUZLON,25-May-17,27.5,CE,0,0,0,0.15,0.05,0,0,0,0,17-Apr-17
OPTSTK,SUZLON,25-May-17,30,CE,0.15,0.15,0.15,0.15,0.15,1,9.04,150000,30000,17-Apr-17
OPTSTK,SUZLON,25-May-17,32.5,CE,0,0,0,0.3,0,0,0,30000,0,17-Apr-17
OPTSTK,SUZLON,25-May-17,7.5,PE,0,0,0,0.05,0,0,0,0,0,17-Apr-17
OPTSTK,SUZLON,25-May-17,10,PE,0,0,0,0.05,0,0,0,0,0,17-Apr-17
OPTSTK,SUZLON,25-May-17,12.5,PE,0,0,0,0.05,0,0,0,0,0,17-Apr-17
OPTSTK,SUZLON,25-May-17,15,PE,0,0,0,0.2,0.05,0,0,0,0,17-Apr-17
OPTSTK,SUZLON,25-May-17,17.5,PE,0.3,0.3,0.3,0.3,0.3,2,10.68,750000,60000,17-Apr-17
OPTSTK,SUZLON,25-May-17,20,PE,1.5,1.5,1.3,1.4,1.4,7,44.95,660000,180000,17-Apr-17
OPTSTK,SUZLON,25-May-17,22.5,PE,0,0,0,3.55,2.85,0,0,0,0,17-Apr-17
OPTSTK,SUZLON,25-May-17,25,PE,0,0,0,5.6,5.1,0,0,0,0,17-Apr-17
OPTSTK,SUZLON,25-May-17,27.5,PE,0,0,0,7.9,7.5,0,0,0,0,17-Apr-17
OPTSTK,SUZLON,25-May-17,30,PE,0,0,0,10.3,9.95,0,0,0,0,17-Apr-17
OPTSTK,SUZLON,25-May-17,32.5,PE,0,0,0,12.75,12.45,0,0,0,0,17-Apr-17
OPTSTK,SUZLON,29-Jun-17,7.5,CE,0,0,0,12.1,12.45,0,0,0,0,17-Apr-17
OPTSTK,SUZLON,29-Jun-17,10,CE,0,0,0,9.65,10,0,0,0,0,17-Apr-17
OPTSTK,SUZLON,29-Jun-17,12.5,CE,0,0,0,7.25,7.55,0,0,0,0,17-Apr-17
OPTSTK,SUZLON,29-Jun-17,15,CE,0,0,0,5.1,5.15,0,0,0,0,17-Apr-17
OPTSTK,SUZLON,29-Jun-17,17.5,CE,0,0,0,3.3,3.1,0,0,0,0,17-Apr-17
OPTSTK,SUZLON,29-Jun-17,20,CE,0,0,0,2.15,1.65,0,0,60000,0,17-Apr-17
OPTSTK,SUZLON,29-Jun-17,22.5,CE,0,0,0,1.2,0.75,0,0,0,0,17-Apr-17
OPTSTK,SUZLON,29-Jun-17,25,CE,0,0,0,0.8,0.3,0,0,30000,0,17-Apr-17
OPTSTK,SUZLON,29-Jun-17,27.5,CE,0,0,0,0.35,0.15,0,0,0,0,17-Apr-17
OPTSTK,SUZLON,29-Jun-17,30,CE,0,0,0,0.2,0.05,0,0,0,0,17-Apr-17
OPTSTK,SUZLON,29-Jun-17,32.5,CE,0,0,0,0.1,0.05,0,0,0,0,17-Apr-17
OPTSTK,SUZLON,29-Jun-17,7.5,PE,0,0,0,0.05,0,0,0,0,0,17-Apr-17
OPTSTK,SUZLON,29-Jun-17,10,PE,0,0,0,0.05,0,0,0,0,0,17-Apr-17
OPTSTK,SUZLON,29-Jun-17,12.5,PE,0,0,0,0.1,0.05,0,0,0,0,17-Apr-17
OPTSTK,SUZLON,29-Jun-17,15,PE,0,0,0,0.4,0.1,0,0,0,0,17-Apr-17
OPTSTK,SUZLON,29-Jun-17,17.5,PE,0,0,0,1.1,0.55,0,0,0,0,17-Apr-17
OPTSTK,SUZLON,29-Jun-17,20,PE,0,0,0,2.25,1.55,0,0,0,0,17-Apr-17
OPTSTK,SUZLON,29-Jun-17,22.5,PE,0,0,0,3.85,3.1,0,0,0,0,17-Apr-17
OPTSTK,SUZLON,29-Jun-17,25,PE,0,0,0,5.8,5.15,0,0,0,0,17-Apr-17
OPTSTK,SUZLON,29-Jun-17,27.5,PE,0,0,0,7.95,7.45,0,0,0,0,17-Apr-17
OPTSTK,SUZLON,29-Jun-17,30,PE,0,0,0,10.25,9.8,0,0,0,0,17-Apr-17
OPTSTK,SUZLON,29-Jun-17,32.5,PE,0,0,0,12.65,12.25,0,0,0,0,17-Apr-17
OPTSTK,SYNDIBANK,27-Apr-17,42.5,CE,0,0,0,28,29.6,0,0,0,0,17-Apr-17
OPTSTK,SYNDIBANK,27-Apr-17,45,CE,0,0,0,25.55,27.1,0,0,0,0,17-Apr-17
OPTSTK,SYNDIBANK,27-Apr-17,47.5,CE,0,0,0,23.1,24.6,0,0,0,0,17-Apr-17
OPTSTK,SYNDIBANK,27-Apr-17,50,CE,0,0,0,21.75,22.1,0,0,54000,0,17-Apr-17
OPTSTK,SYNDIBANK,27-Apr-17,52.5,CE,0,0,0,18.45,19.6,0,0,0,0,17-Apr-17
OPTSTK,SYNDIBANK,27-Apr-17,55,CE,0,0,0,16.2,17.1,0,0,0,0,17-Apr-17
OPTSTK,SYNDIBANK,27-Apr-17,57.5,CE,0,0,0,14.05,14.6,0,0,0,0,17-Apr-17
OPTSTK,SYNDIBANK,27-Apr-17,60,CE,0,0,0,11.6,12.15,0,0,18000,0,17-Apr-17
OPTSTK,SYNDIBANK,27-Apr-17,62.5,CE,0,0,0,10.25,9.65,0,0,0,0,17-Apr-17
OPTSTK,SYNDIBANK,27-Apr-17,65,CE,0,0,0,7.35,7.2,0,0,36000,0,17-Apr-17
OPTSTK,SYNDIBANK,27-Apr-17,67.5,CE,0,0,0,6.45,4.9,0,0,81000,0,17-Apr-17
OPTSTK,SYNDIBANK,27-Apr-17,70,CE,3.05,3.05,3.05,3.05,3.05,1,6.57,225000,0,17-Apr-17
OPTSTK,SYNDIBANK,27-Apr-17,72.5,CE,2,2.2,1.85,1.85,1.85,5,33.52,225000,-9000,17-Apr-17
OPTSTK,SYNDIBANK,27-Apr-17,75,CE,1.25,1.3,1,1.1,1.1,24,164.46,1080000,0,17-Apr-17
OPTSTK,SYNDIBANK,27-Apr-17,77.5,CE,0.65,0.65,0.6,0.65,0.65,10,70.31,288000,27000,17-Apr-17
OPTSTK,SYNDIBANK,27-Apr-17,80,CE,0.5,0.5,0.3,0.35,0.35,12,86.79,864000,-9000,17-Apr-17
OPTSTK,SYNDIBANK,27-Apr-17,82.5,CE,0,0,0,0.3,0.05,0,0,63000,0,17-Apr-17
OPTSTK,SYNDIBANK,27-Apr-17,85,CE,0.1,0.1,0.1,0.1,0.1,1,7.65,90000,-9000,17-Apr-17
OPTSTK,SYNDIBANK,27-Apr-17,87.5,CE,0,0,0,0.2,0,0,0,9000,0,17-Apr-17
OPTSTK,SYNDIBANK,27-Apr-17,90,CE,0.05,0.05,0.05,0.05,0.05,2,16.2,27000,-9000,17-Apr-17
OPTSTK,SYNDIBANK,27-Apr-17,92.5,CE,0,0,0,0.6,0,0,0,0,0,17-Apr-17
OPTSTK,SYNDIBANK,27-Apr-17,42.5,PE,0,0,0,0.05,0,0,0,0,0,17-Apr-17
OPTSTK,SYNDIBANK,27-Apr-17,45,PE,0,0,0,0.05,0,0,0,0,0,17-Apr-17
OPTSTK,SYNDIBANK,27-Apr-17,47.5,PE,0,0,0,0.1,0,0,0,0,0,17-Apr-17
OPTSTK,SYNDIBANK,27-Apr-17,50,PE,0,0,0,0.15,0,0,0,0,0,17-Apr-17
OPTSTK,SYNDIBANK,27-Apr-17,52.5,PE,0,0,0,0.3,0,0,0,0,0,17-Apr-17
OPTSTK,SYNDIBANK,27-Apr-17,55,PE,0,0,0,0.55,0,0,0,0,0,17-Apr-17
OPTSTK,SYNDIBANK,27-Apr-17,57.5,PE,0,0,0,0.9,0,0,0,0,0,17-Apr-17
OPTSTK,SYNDIBANK,27-Apr-17,60,PE,0,0,0,0.05,0,0,0,45000,0,17-Apr-17
OPTSTK,SYNDIBANK,27-Apr-17,62.5,PE,0,0,0,0.15,0.05,0,0,18000,0,17-Apr-17
OPTSTK,SYNDIBANK,27-Apr-17,65,PE,0,0,0,0.2,0.1,0,0,108000,0,17-Apr-17
OPTSTK,SYNDIBANK,27-Apr-17,67.5,PE,0.45,0.55,0.45,0.5,0.5,2,12.24,243000,9000,17-Apr-17
OPTSTK,SYNDIBANK,27-Apr-17,70,PE,0.8,1.05,0.8,0.85,0.85,13,82.98,324000,-9000,17-Apr-17
OPTSTK,SYNDIBANK,27-Apr-17,72.5,PE,0,0,0,1.75,1.9,0,0,171000,0,17-Apr-17
OPTSTK,SYNDIBANK,27-Apr-17,75,PE,0,0,0,3.45,3.55,0,0,144000,0,17-Apr-17
OPTSTK,SYNDIBANK,27-Apr-17,77.5,PE,0,0,0,4.7,5.6,0,0,45000,0,17-Apr-17
OPTSTK,SYNDIBANK,27-Apr-17,80,PE,0,0,0,6.65,7.95,0,0,72000,0,17-Apr-17
OPTSTK,SYNDIBANK,27-Apr-17,82.5,PE,0,0,0,10.55,10.4,0,0,18000,0,17-Apr-17
OPTSTK,SYNDIBANK,27-Apr-17,85,PE,0,0,0,15.25,12.9,0,0,0,0,17-Apr-17
OPTSTK,SYNDIBANK,27-Apr-17,87.5,PE,0,0,0,17.35,15.35,0,0,0,0,17-Apr-17
OPTSTK,SYNDIBANK,27-Apr-17,90,PE,0,0,0,19,17.85,0,0,0,0,17-Apr-17
OPTSTK,SYNDIBANK,27-Apr-17,92.5,PE,0,0,0,21.85,20.35,0,0,0,0,17-Apr-17
OPTSTK,SYNDIBANK,25-May-17,42.5,CE,0,0,0,27.8,29.8,0,0,0,0,17-Apr-17
OPTSTK,SYNDIBANK,25-May-17,45,CE,0,0,0,25.35,27.3,0,0,0,0,17-Apr-17
OPTSTK,SYNDIBANK,25-May-17,47.5,CE,0,0,0,22.9,24.85,0,0,0,0,17-Apr-17
OPTSTK,SYNDIBANK,25-May-17,50,CE,0,0,0,20.5,22.35,0,0,0,0,17-Apr-17
OPTSTK,SYNDIBANK,25-May-17,52.5,CE,0,0,0,18.1,19.9,0,0,0,0,17-Apr-17
OPTSTK,SYNDIBANK,25-May-17,55,CE,0,0,0,15.8,17.4,0,0,0,0,17-Apr-17
OPTSTK,SYNDIBANK,25-May-17,57.5,CE,0,0,0,13.6,14.95,0,0,0,0,17-Apr-17
OPTSTK,SYNDIBANK,25-May-17,60,CE,0,0,0,11.5,12.55,0,0,0,0,17-Apr-17
OPTSTK,SYNDIBANK,25-May-17,62.5,CE,0,0,0,9.6,10.3,0,0,0,0,17-Apr-17
OPTSTK,SYNDIBANK,25-May-17,65,CE,0,0,0,7.9,8.15,0,0,0,0,17-Apr-17
OPTSTK,SYNDIBANK,25-May-17,67.5,CE,0,0,0,8,6.25,0,0,0,0,17-Apr-17
OPTSTK,SYNDIBANK,25-May-17,70,CE,0,0,0,6.65,4.6,0,0,72000,0,17-Apr-17
OPTSTK,SYNDIBANK,25-May-17,72.5,CE,0,0,0,3.95,3.25,0,0,0,0,17-Apr-17
OPTSTK,SYNDIBANK,25-May-17,75,CE,0,0,0,3.45,2.25,0,0,9000,0,17-Apr-17
OPTSTK,SYNDIBANK,25-May-17,77.5,CE,0,0,0,2.3,1.45,0,0,0,0,17-Apr-17
OPTSTK,SYNDIBANK,25-May-17,80,CE,0,0,0,1.15,0.95,0,0,9000,0,17-Apr-17
OPTSTK,SYNDIBANK,25-May-17,82.5,CE,0,0,0,1.3,0.55,0,0,0,0,17-Apr-17
OPTSTK,SYNDIBANK,25-May-17,85,CE,0,0,0,0.95,0.35,0,0,0,0,17-Apr-17
OPTSTK,SYNDIBANK,25-May-17,87.5,CE,0,0,0,0.65,0.2,0,0,0,0,17-Apr-17
OPTSTK,SYNDIBANK,25-May-17,90,CE,0,0,0,0.5,0.1,0,0,0,0,17-Apr-17
OPTSTK,SYNDIBANK,25-May-17,92.5,CE,0,0,0,0.35,0.05,0,0,0,0,17-Apr-17
OPTSTK,SYNDIBANK,25-May-17,42.5,PE,0,0,0,0.05,0,0,0,0,0,17-Apr-17
OPTSTK,SYNDIBANK,25-May-17,45,PE,0,0,0,0.05,0,0,0,0,0,17-Apr-17
OPTSTK,SYNDIBANK,25-May-17,47.5,PE,0,0,0,0.05,0,0,0,0,0,17-Apr-17
OPTSTK,SYNDIBANK,25-May-17,50,PE,0,0,0,0.1,0,0,0,0,0,17-Apr-17
OPTSTK,SYNDIBANK,25-May-17,52.5,PE,0,0,0,0.2,0,0,0,0,0,17-Apr-17
OPTSTK,SYNDIBANK,25-May-17,55,PE,0,0,0,0.35,0.05,0,0,0,0,17-Apr-17
OPTSTK,SYNDIBANK,25-May-17,57.5,PE,0,0,0,0.6,0.1,0,0,0,0,17-Apr-17
OPTSTK,SYNDIBANK,25-May-17,60,PE,0,0,0,1,0.15,0,0,0,0,17-Apr-17
OPTSTK,SYNDIBANK,25-May-17,62.5,PE,0,0,0,1.55,0.35,0,0,0,0,17-Apr-17
OPTSTK,SYNDIBANK,25-May-17,65,PE,0,0,0,2.25,0.7,0,0,0,0,17-Apr-17
OPTSTK,SYNDIBANK,25-May-17,67.5,PE,0,0,0,3.2,1.3,0,0,0,0,17-Apr-17
OPTSTK,SYNDIBANK,25-May-17,70,PE,0,0,0,4.35,2.15,0,0,0,0,17-Apr-17
OPTSTK,SYNDIBANK,25-May-17,72.5,PE,0,0,0,5.7,3.3,0,0,0,0,17-Apr-17
OPTSTK,SYNDIBANK,25-May-17,75,PE,0,0,0,4.3,4.75,0,0,18000,0,17-Apr-17
OPTSTK,SYNDIBANK,25-May-17,77.5,PE,0,0,0,9,6.45,0,0,0,0,17-Apr-17
OPTSTK,SYNDIBANK,25-May-17,80,PE,0,0,0,10.85,8.4,0,0,0,0,17-Apr-17
OPTSTK,SYNDIBANK,25-May-17,82.5,PE,0,0,0,12.9,10.5,0,0,0,0,17-Apr-17
OPTSTK,SYNDIBANK,25-May-17,85,PE,0,0,0,15,12.75,0,0,0,0,17-Apr-17
OPTSTK,SYNDIBANK,25-May-17,87.5,PE,0,0,0,17.2,15.1,0,0,0,0,17-Apr-17
OPTSTK,SYNDIBANK,25-May-17,90,PE,0,0,0,19.45,17.5,0,0,0,0,17-Apr-17
OPTSTK,SYNDIBANK,25-May-17,92.5,PE,0,0,0,21.8,19.95,0,0,0,0,17-Apr-17
OPTSTK,SYNDIBANK,29-Jun-17,42.5,CE,0,0,0,28.95,30.05,0,0,0,0,17-Apr-17
OPTSTK,SYNDIBANK,29-Jun-17,45,CE,0,0,0,26.5,27.6,0,0,0,0,17-Apr-17
OPTSTK,SYNDIBANK,29-Jun-17,47.5,CE,0,0,0,24.05,25.15,0,0,0,0,17-Apr-17
OPTSTK,SYNDIBANK,29-Jun-17,50,CE,0,0,0,21.65,22.7,0,0,0,0,17-Apr-17
OPTSTK,SYNDIBANK,29-Jun-17,52.5,CE,0,0,0,19.25,20.25,0,0,0,0,17-Apr-17
OPTSTK,SYNDIBANK,29-Jun-17,55,CE,0,0,0,16.85,17.85,0,0,0,0,17-Apr-17
OPTSTK,SYNDIBANK,29-Jun-17,57.5,CE,0,0,0,14.6,15.55,0,0,0,0,17-Apr-17
OPTSTK,SYNDIBANK,29-Jun-17,60,CE,0,0,0,12.45,13.3,0,0,0,0,17-Apr-17
OPTSTK,SYNDIBANK,29-Jun-17,62.5,CE,0,0,0,10.4,11.25,0,0,0,0,17-Apr-17
OPTSTK,SYNDIBANK,29-Jun-17,65,CE,0,0,0,8.55,9.3,0,0,0,0,17-Apr-17
OPTSTK,SYNDIBANK,29-Jun-17,67.5,CE,0,0,0,6.95,7.55,0,0,0,0,17-Apr-17
OPTSTK,SYNDIBANK,29-Jun-17,70,CE,0,0,0,5.5,6.05,0,0,0,0,17-Apr-17
OPTSTK,SYNDIBANK,29-Jun-17,72.5,CE,0,0,0,4.3,4.75,0,0,0,0,17-Apr-17
OPTSTK,SYNDIBANK,29-Jun-17,75,CE,0,0,0,3.3,3.65,0,0,0,0,17-Apr-17
OPTSTK,SYNDIBANK,29-Jun-17,77.5,CE,0,0,0,2.5,2.75,0,0,0,0,17-Apr-17
OPTSTK,SYNDIBANK,29-Jun-17,80,CE,0,0,0,1.85,2.05,0,0,0,0,17-Apr-17
OPTSTK,SYNDIBANK,29-Jun-17,82.5,CE,0,0,0,1.35,1.5,0,0,0,0,17-Apr-17
OPTSTK,SYNDIBANK,29-Jun-17,85,CE,0,0,0,0.95,1.1,0,0,0,0,17-Apr-17
OPTSTK,SYNDIBANK,29-Jun-17,87.5,CE,0,0,0,0.7,0.8,0,0,0,0,17-Apr-17
OPTSTK,SYNDIBANK,29-Jun-17,90,CE,0,0,0,0.5,0.55,0,0,0,0,17-Apr-17
OPTSTK,SYNDIBANK,29-Jun-17,92.5,CE,0,0,0,0.35,0.4,0,0,0,0,17-Apr-17
OPTSTK,SYNDIBANK,29-Jun-17,42.5,PE,0,0,0,0.05,0,0,0,0,0,17-Apr-17
OPTSTK,SYNDIBANK,29-Jun-17,45,PE,0,0,0,0.05,0,0,0,0,0,17-Apr-17
OPTSTK,SYNDIBANK,29-Jun-17,47.5,PE,0,0,0,0.05,0.05,0,0,0,0,17-Apr-17
OPTSTK,SYNDIBANK,29-Jun-17,50,PE,0,0,0,0.05,0.05,0,0,0,0,17-Apr-17
OPTSTK,SYNDIBANK,29-Jun-17,52.5,PE,0,0,0,0.1,0.1,0,0,0,0,17-Apr-17
OPTSTK,SYNDIBANK,29-Jun-17,55,PE,0,0,0,0.2,0.15,0,0,0,0,17-Apr-17
OPTSTK,SYNDIBANK,29-Jun-17,57.5,PE,0,0,0,0.4,0.3,0,0,0,0,17-Apr-17
OPTSTK,SYNDIBANK,29-Jun-17,60,PE,0,0,0,0.7,0.55,0,0,0,0,17-Apr-17
OPTSTK,SYNDIBANK,29-Jun-17,62.5,PE,0,0,0,1.15,0.9,0,0,0,0,17-Apr-17
OPTSTK,SYNDIBANK,29-Jun-17,65,PE,0,0,0,1.75,1.45,0,0,0,0,17-Apr-17
OPTSTK,SYNDIBANK,29-Jun-17,67.5,PE,0,0,0,2.55,2.2,0,0,0,0,17-Apr-17
OPTSTK,SYNDIBANK,29-Jun-17,70,PE,0,0,0,3.6,3.15,0,0,0,0,17-Apr-17
OPTSTK,SYNDIBANK,29-Jun-17,72.5,PE,0,0,0,4.85,4.3,0,0,0,0,17-Apr-17
OPTSTK,SYNDIBANK,29-Jun-17,75,PE,0,0,0,6.3,5.7,0,0,0,0,17-Apr-17
OPTSTK,SYNDIBANK,29-Jun-17,77.5,PE,0,0,0,7.95,7.25,0,0,0,0,17-Apr-17
OPTSTK,SYNDIBANK,29-Jun-17,80,PE,0,0,0,9.75,9.05,0,0,0,0,17-Apr-17
OPTSTK,SYNDIBANK,29-Jun-17,82.5,PE,0,0,0,11.75,10.95,0,0,0,0,17-Apr-17
OPTSTK,SYNDIBANK,29-Jun-17,85,PE,0,0,0,13.8,13,0,0,0,0,17-Apr-17
OPTSTK,SYNDIBANK,29-Jun-17,87.5,PE,0,0,0,16,15.15,0,0,0,0,17-Apr-17
OPTSTK,SYNDIBANK,29-Jun-17,90,PE,0,0,0,18.25,17.4,0,0,0,0,17-Apr-17
OPTSTK,SYNDIBANK,29-Jun-17,92.5,PE,0,0,0,20.55,19.7,0,0,0,0,17-Apr-17
OPTSTK,TATACHEM,27-Apr-17,340,CE,0,0,0,206.9,290.15,0,0,0,0,17-Apr-17
OPTSTK,TATACHEM,27-Apr-17,360,CE,0,0,0,187.3,270.2,0,0,0,0,17-Apr-17
OPTSTK,TATACHEM,27-Apr-17,380,CE,0,0,0,167.75,250.25,0,0,0,0,17-Apr-17
OPTSTK,TATACHEM,27-Apr-17,400,CE,0,0,0,148.4,230.25,0,0,0,0,17-Apr-17
OPTSTK,TATACHEM,27-Apr-17,420,CE,0,0,0,129.45,210.3,0,0,0,0,17-Apr-17
OPTSTK,TATACHEM,27-Apr-17,430,CE,0,0,0,166.7,200.3,0,0,0,0,17-Apr-17
OPTSTK,TATACHEM,27-Apr-17,440,CE,0,0,0,111.05,190.35,0,0,0,0,17-Apr-17
OPTSTK,TATACHEM,27-Apr-17,450,CE,0,0,0,146.8,180.35,0,0,0,0,17-Apr-17
OPTSTK,TATACHEM,27-Apr-17,460,CE,0,0,0,93.6,170.35,0,0,0,0,17-Apr-17
OPTSTK,TATACHEM,27-Apr-17,470,CE,0,0,0,126.9,160.4,0,0,0,0,17-Apr-17
OPTSTK,TATACHEM,27-Apr-17,480,CE,0,0,0,95,150.4,0,0,1500,0,17-Apr-17
OPTSTK,TATACHEM,27-Apr-17,490,CE,0,0,0,107,140.4,0,0,0,0,17-Apr-17
OPTSTK,TATACHEM,27-Apr-17,500,CE,0,0,0,78,130.45,0,0,1500,0,17-Apr-17
OPTSTK,TATACHEM,27-Apr-17,510,CE,0,0,0,87.15,120.45,0,0,0,0,17-Apr-17
OPTSTK,TATACHEM,27-Apr-17,520,CE,0,0,0,49.65,110.5,0,0,0,0,17-Apr-17
OPTSTK,TATACHEM,27-Apr-17,530,CE,0,0,0,67.5,100.5,0,0,0,0,17-Apr-17
OPTSTK,TATACHEM,27-Apr-17,540,CE,0,0,0,65,90.5,0,0,1500,0,17-Apr-17
OPTSTK,TATACHEM,27-Apr-17,550,CE,0,0,0,48.65,80.55,0,0,0,0,17-Apr-17
OPTSTK,TATACHEM,27-Apr-17,560,CE,0,0,0,49.95,70.55,0,0,7500,0,17-Apr-17
OPTSTK,TATACHEM,27-Apr-17,570,CE,0,0,0,31.8,60.6,0,0,0,0,17-Apr-17
OPTSTK,TATACHEM,27-Apr-17,580,CE,37.5,39.5,37.5,39.5,39.5,2,18.55,16500,-1500,17-Apr-17
OPTSTK,TATACHEM,27-Apr-17,590,CE,0,0,0,33.75,40.95,0,0,3000,0,17-Apr-17
OPTSTK,TATACHEM,27-Apr-17,600,CE,34,34.2,31.5,33,33,7,66.52,46500,-6000,17-Apr-17
OPTSTK,TATACHEM,27-Apr-17,610,CE,13.75,26.5,13.75,25.2,25.2,9,85.28,96000,-3000,17-Apr-17
OPTSTK,TATACHEM,27-Apr-17,620,CE,12.25,19,9.15,17.95,17.95,113,1076.28,99000,-58500,17-Apr-17
OPTSTK,TATACHEM,27-Apr-17,630,CE,6.5,13.2,6.1,11.9,11.9,68,653.54,57000,3000,17-Apr-17
OPTSTK,TATACHEM,27-Apr-17,640,CE,3.9,8.75,3.5,7.55,7.55,45,436.57,73500,0,17-Apr-17
OPTSTK,TATACHEM,27-Apr-17,650,CE,3.7,5.5,2.25,4.8,4.8,25,245.28,46500,4500,17-Apr-17
OPTSTK,TATACHEM,27-Apr-17,660,CE,1.5,3.3,1.5,2.75,2.75,10,99.39,70500,-1500,17-Apr-17
OPTSTK,TATACHEM,27-Apr-17,670,CE,0,0,0,0.45,0.6,0,0,0,0,17-Apr-17
OPTSTK,TATACHEM,27-Apr-17,680,CE,0,0,0,3.75,0.25,0,0,0,0,17-Apr-17
OPTSTK,TATACHEM,27-Apr-17,690,CE,0.4,0.4,0.4,0.4,0.4,1,10.35,1500,1500,17-Apr-17
OPTSTK,TATACHEM,27-Apr-17,700,CE,0,0,0,2.5,0.05,0,0,0,0,17-Apr-17
OPTSTK,TATACHEM,27-Apr-17,710,CE,0,0,0,0.05,0.05,0,0,0,0,17-Apr-17
OPTSTK,TATACHEM,27-Apr-17,720,CE,0,0,0,1.65,0,0,0,0,0,17-Apr-17
OPTSTK,TATACHEM,27-Apr-17,340,PE,0,0,0,0.05,0,0,0,0,0,17-Apr-17
OPTSTK,TATACHEM,27-Apr-17,360,PE,0,0,0,0.1,0,0,0,0,0,17-Apr-17
OPTSTK,TATACHEM,27-Apr-17,380,PE,0,0,0,0.2,0,0,0,0,0,17-Apr-17
OPTSTK,TATACHEM,27-Apr-17,400,PE,0,0,0,0.55,0,0,0,0,0,17-Apr-17
OPTSTK,TATACHEM,27-Apr-17,420,PE,0,0,0,1.25,0,0,0,0,0,17-Apr-17
OPTSTK,TATACHEM,27-Apr-17,430,PE,0,0,0,0.05,0,0,0,0,0,17-Apr-17
OPTSTK,TATACHEM,27-Apr-17,440,PE,0,0,0,2.55,0,0,0,0,0,17-Apr-17
OPTSTK,TATACHEM,27-Apr-17,450,PE,0,0,0,0.05,0,0,0,0,0,17-Apr-17
OPTSTK,TATACHEM,27-Apr-17,460,PE,0,0,0,4.75,0,0,0,0,0,17-Apr-17
OPTSTK,TATACHEM,27-Apr-17,470,PE,0,0,0,0.05,0,0,0,0,0,17-Apr-17
OPTSTK,TATACHEM,27-Apr-17,480,PE,0,0,0,0.3,0,0,0,1500,0,17-Apr-17
OPTSTK,TATACHEM,27-Apr-17,490,PE,0,0,0,0.05,0,0,0,0,0,17-Apr-17
OPTSTK,TATACHEM,27-Apr-17,500,PE,0,0,0,13.15,0,0,0,0,0,17-Apr-17
OPTSTK,TATACHEM,27-Apr-17,510,PE,0,0,0,0.05,0,0,0,0,0,17-Apr-17
OPTSTK,TATACHEM,27-Apr-17,520,PE,0,0,0,19.8,0,0,0,0,0,17-Apr-17
OPTSTK,TATACHEM,27-Apr-17,530,PE,0,0,0,0.35,0,0,0,0,0,17-Apr-17
OPTSTK,TATACHEM,27-Apr-17,540,PE,0,0,0,1.35,0,0,0,4500,0,17-Apr-17
OPTSTK,TATACHEM,27-Apr-17,550,PE,0,0,0,1.4,0,0,0,0,0,17-Apr-17
OPTSTK,TATACHEM,27-Apr-17,560,PE,0,0,0,1.5,0.05,0,0,19500,0,17-Apr-17
OPTSTK,TATACHEM,27-Apr-17,570,PE,0,0,0,1,0.05,0,0,1500,0,17-Apr-17
OPTSTK,TATACHEM,27-Apr-17,580,PE,1.75,1.75,0.4,0.55,0.55,15,130.71,40500,-18000,17-Apr-17
OPTSTK,TATACHEM,27-Apr-17,590,PE,3.55,3.55,1.1,1.15,1.15,13,115.45,19500,-1500,17-Apr-17
OPTSTK,TATACHEM,27-Apr-17,600,PE,8.45,8.5,1.9,2.1,2.1,43,389.42,73500,-9000,17-Apr-17
OPTSTK,TATACHEM,27-Apr-17,610,PE,8.8,10.4,3.35,3.75,3.75,46,424.94,55500,-19500,17-Apr-17
OPTSTK,TATACHEM,27-Apr-17,620,PE,12.5,14.3,6,6.4,6.4,31,291.81,51000,9000,17-Apr-17
OPTSTK,TATACHEM,27-Apr-17,630,PE,14.6,14.6,10,10.9,10.9,4,38.48,4500,4500,17-Apr-17
OPTSTK,TATACHEM,27-Apr-17,640,PE,0,0,0,96.15,14.95,0,0,0,0,17-Apr-17
OPTSTK,TATACHEM,27-Apr-17,650,PE,0,0,0,53.65,22.25,0,0,0,0,17-Apr-17
OPTSTK,TATACHEM,27-Apr-17,660,PE,0,0,0,113.35,30.65,0,0,0,0,17-Apr-17
OPTSTK,TATACHEM,27-Apr-17,670,PE,0,0,0,72.6,39.85,0,0,0,0,17-Apr-17
OPTSTK,TATACHEM,27-Apr-17,680,PE,0,0,0,131.25,49.5,0,0,0,0,17-Apr-17
OPTSTK,TATACHEM,27-Apr-17,690,PE,0,0,0,92.15,59.35,0,0,0,0,17-Apr-17
OPTSTK,TATACHEM,27-Apr-17,700,PE,0,0,0,149.7,69.25,0,0,0,0,17-Apr-17
OPTSTK,TATACHEM,27-Apr-17,710,PE,0,0,0,112,79.25,0,0,0,0,17-Apr-17
OPTSTK,TATACHEM,27-Apr-17,720,PE,0,0,0,168.55,89.2,0,0,0,0,17-Apr-17
OPTSTK,TATACHEM,25-May-17,380,CE,0,0,0,202.15,252.15,0,0,0,0,17-Apr-17
OPTSTK,TATACHEM,25-May-17,400,CE,0,0,0,182.5,232.25,0,0,0,0,17-Apr-17
OPTSTK,TATACHEM,25-May-17,420,CE,0,0,0,162.95,212.4,0,0,0,0,17-Apr-17
OPTSTK,TATACHEM,25-May-17,430,CE,0,0,0,168.95,202.45,0,0,0,0,17-Apr-17
OPTSTK,TATACHEM,25-May-17,440,CE,0,0,0,143.6,192.55,0,0,0,0,17-Apr-17
OPTSTK,TATACHEM,25-May-17,450,CE,0,0,0,149.15,182.6,0,0,0,0,17-Apr-17
OPTSTK,TATACHEM,25-May-17,460,CE,0,0,0,124.65,172.65,0,0,0,0,17-Apr-17
OPTSTK,TATACHEM,25-May-17,470,CE,0,0,0,129.4,162.75,0,0,0,0,17-Apr-17
OPTSTK,TATACHEM,25-May-17,480,CE,0,0,0,106.3,152.8,0,0,0,0,17-Apr-17
OPTSTK,TATACHEM,25-May-17,490,CE,0,0,0,109.7,142.9,0,0,0,0,17-Apr-17
OPTSTK,TATACHEM,25-May-17,500,CE,0,0,0,88.9,132.95,0,0,0,0,17-Apr-17
OPTSTK,TATACHEM,25-May-17,510,CE,0,0,0,90.25,123.05,0,0,0,0,17-Apr-17
OPTSTK,TATACHEM,25-May-17,520,CE,0,0,0,72.8,113.1,0,0,0,0,17-Apr-17
OPTSTK,TATACHEM,25-May-17,530,CE,0,0,0,71.5,103.25,0,0,0,0,17-Apr-17
OPTSTK,TATACHEM,25-May-17,540,CE,0,0,0,58.25,93.45,0,0,0,0,17-Apr-17
OPTSTK,TATACHEM,25-May-17,550,CE,0,0,0,54.05,83.7,0,0,0,0,17-Apr-17
OPTSTK,TATACHEM,25-May-17,560,CE,0,0,0,45.55,74.2,0,0,0,0,17-Apr-17
OPTSTK,TATACHEM,25-May-17,570,CE,0,0,0,38.6,64.9,0,0,0,0,17-Apr-17
OPTSTK,TATACHEM,25-May-17,580,CE,0,0,0,34.75,55.95,0,0,0,0,17-Apr-17
OPTSTK,TATACHEM,25-May-17,590,CE,0,0,0,25.9,47.45,0,0,0,0,17-Apr-17
OPTSTK,TATACHEM,25-May-17,600,CE,0,0,0,25.9,39.6,0,0,0,0,17-Apr-17
OPTSTK,TATACHEM,25-May-17,610,CE,0,0,0,16.25,32.4,0,0,0,0,17-Apr-17
OPTSTK,TATACHEM,25-May-17,620,CE,0,0,0,18.85,25.95,0,0,0,0,17-Apr-17
OPTSTK,TATACHEM,25-May-17,630,CE,0,0,0,9.45,20.4,0,0,0,0,17-Apr-17
OPTSTK,TATACHEM,25-May-17,640,CE,17.4,17.4,17.4,17.4,17.4,1,9.86,1500,1500,17-Apr-17
OPTSTK,TATACHEM,25-May-17,650,CE,0,0,0,5.15,11.8,0,0,0,0,17-Apr-17
OPTSTK,TATACHEM,25-May-17,660,CE,0,0,0,9.35,8.65,0,0,0,0,17-Apr-17
OPTSTK,TATACHEM,25-May-17,670,CE,0,0,0,2.6,6.2,0,0,0,0,17-Apr-17
OPTSTK,TATACHEM,25-May-17,680,CE,0,0,0,6.35,4.35,0,0,0,0,17-Apr-17
OPTSTK,TATACHEM,25-May-17,690,CE,0,0,0,1.25,3,0,0,0,0,17-Apr-17
OPTSTK,TATACHEM,25-May-17,700,CE,0,0,0,4.25,2,0,0,0,0,17-Apr-17
OPTSTK,TATACHEM,25-May-17,710,CE,0,0,0,0.55,1.35,0,0,0,0,17-Apr-17
OPTSTK,TATACHEM,25-May-17,720,CE,0,0,0,2.8,0.85,0,0,0,0,17-Apr-17
OPTSTK,TATACHEM,25-May-17,380,PE,0,0,0,0.05,0,0,0,0,0,17-Apr-17
OPTSTK,TATACHEM,25-May-17,400,PE,0,0,0,0.1,0,0,0,0,0,17-Apr-17
OPTSTK,TATACHEM,25-May-17,420,PE,0,0,0,0.25,0,0,0,0,0,17-Apr-17
OPTSTK,TATACHEM,25-May-17,430,PE,0,0,0,0.05,0,0,0,0,0,17-Apr-17
OPTSTK,TATACHEM,25-May-17,440,PE,0,0,0,0.55,0,0,0,0,0,17-Apr-17
OPTSTK,TATACHEM,25-May-17,450,PE,0,0,0,0.05,0,0,0,0,0,17-Apr-17
OPTSTK,TATACHEM,25-May-17,460,PE,0,0,0,1.25,0,0,0,0,0,17-Apr-17
OPTSTK,TATACHEM,25-May-17,470,PE,0,0,0,0.05,0,0,0,0,0,17-Apr-17
OPTSTK,TATACHEM,25-May-17,480,PE,0,0,0,2.6,0,0,0,0,0,17-Apr-17
OPTSTK,TATACHEM,25-May-17,490,PE,0,0,0,0.15,0,0,0,0,0,17-Apr-17
OPTSTK,TATACHEM,25-May-17,500,PE,0,0,0,4.9,0.05,0,0,0,0,17-Apr-17
OPTSTK,TATACHEM,25-May-17,510,PE,0,0,0,0.55,0.05,0,0,0,0,17-Apr-17
OPTSTK,TATACHEM,25-May-17,520,PE,0,0,0,8.5,0.05,0,0,0,0,17-Apr-17
OPTSTK,TATACHEM,25-May-17,530,PE,0,0,0,1.55,0.15,0,0,0,0,17-Apr-17
OPTSTK,TATACHEM,25-May-17,540,PE,0,0,0,13.65,0.25,0,0,0,0,17-Apr-17
OPTSTK,TATACHEM,25-May-17,550,PE,0,0,0,3.9,0.45,0,0,0,0,17-Apr-17
OPTSTK,TATACHEM,25-May-17,560,PE,0,0,0,20.6,0.85,0,0,0,0,17-Apr-17
OPTSTK,TATACHEM,25-May-17,570,PE,0,0,0,8.25,1.5,0,0,0,0,17-Apr-17
OPTSTK,TATACHEM,25-May-17,580,PE,0,0,0,29.5,2.5,0,0,0,0,17-Apr-17
OPTSTK,TATACHEM,25-May-17,590,PE,0,0,0,15.35,3.95,0,0,0,0,17-Apr-17
OPTSTK,TATACHEM,25-May-17,600,PE,0,0,0,40.35,6,0,0,0,0,17-Apr-17
OPTSTK,TATACHEM,25-May-17,610,PE,0,0,0,25.45,8.7,0,0,0,0,17-Apr-17
OPTSTK,TATACHEM,25-May-17,620,PE,0,0,0,53,12.25,0,0,0,0,17-Apr-17
OPTSTK,TATACHEM,25-May-17,630,PE,0,0,0,38.5,16.6,0,0,0,0,17-Apr-17
OPTSTK,TATACHEM,25-May-17,640,PE,0,0,0,67.25,21.8,0,0,0,0,17-Apr-17
OPTSTK,TATACHEM,25-May-17,650,PE,0,0,0,54,27.85,0,0,0,0,17-Apr-17
OPTSTK,TATACHEM,25-May-17,660,PE,0,0,0,82.85,34.65,0,0,0,0,17-Apr-17
OPTSTK,TATACHEM,25-May-17,670,PE,0,0,0,71.25,42.15,0,0,0,0,17-Apr-17
OPTSTK,TATACHEM,25-May-17,680,PE,0,0,0,99.55,50.25,0,0,0,0,17-Apr-17
OPTSTK,TATACHEM,25-May-17,690,PE,0,0,0,89.65,58.8,0,0,0,0,17-Apr-17
OPTSTK,TATACHEM,25-May-17,700,PE,0,0,0,117.1,67.75,0,0,0,0,17-Apr-17
OPTSTK,TATACHEM,25-May-17,710,PE,0,0,0,108.8,77,0,0,0,0,17-Apr-17
OPTSTK,TATACHEM,25-May-17,720,PE,0,0,0,135.35,86.45,0,0,0,0,17-Apr-17
OPTSTK,TATACHEM,29-Jun-17,390,CE,0,0,0,211,244.6,0,0,0,0,17-Apr-17
OPTSTK,TATACHEM,29-Jun-17,400,CE,0,0,0,201.15,234.75,0,0,0,0,17-Apr-17
OPTSTK,TATACHEM,29-Jun-17,410,CE,0,0,0,191.35,224.85,0,0,0,0,17-Apr-17
OPTSTK,TATACHEM,29-Jun-17,420,CE,0,0,0,181.5,215,0,0,0,0,17-Apr-17
OPTSTK,TATACHEM,29-Jun-17,430,CE,0,0,0,171.7,205.1,0,0,0,0,17-Apr-17
OPTSTK,TATACHEM,29-Jun-17,440,CE,0,0,0,161.85,195.25,0,0,0,0,17-Apr-17
OPTSTK,TATACHEM,29-Jun-17,450,CE,0,0,0,152.05,185.4,0,0,0,0,17-Apr-17
OPTSTK,TATACHEM,29-Jun-17,460,CE,0,0,0,142.25,175.5,0,0,0,0,17-Apr-17
OPTSTK,TATACHEM,29-Jun-17,470,CE,0,0,0,132.55,165.65,0,0,0,0,17-Apr-17
OPTSTK,TATACHEM,29-Jun-17,480,CE,0,0,0,122.85,155.8,0,0,0,0,17-Apr-17
OPTSTK,TATACHEM,29-Jun-17,490,CE,0,0,0,113.25,146,0,0,0,0,17-Apr-17
OPTSTK,TATACHEM,29-Jun-17,500,CE,0,0,0,103.8,136.2,0,0,0,0,17-Apr-17
OPTSTK,TATACHEM,29-Jun-17,510,CE,0,0,0,94.55,126.45,0,0,0,0,17-Apr-17
OPTSTK,TATACHEM,29-Jun-17,520,CE,0,0,0,85.5,116.8,0,0,0,0,17-Apr-17
OPTSTK,TATACHEM,29-Jun-17,530,CE,0,0,0,76.7,107.2,0,0,0,0,17-Apr-17
OPTSTK,TATACHEM,29-Jun-17,540,CE,0,0,0,68.3,97.8,0,0,0,0,17-Apr-17
OPTSTK,TATACHEM,29-Jun-17,550,CE,0,0,0,60.3,88.65,0,0,0,0,17-Apr-17
OPTSTK,TATACHEM,29-Jun-17,560,CE,0,0,0,52.8,79.7,0,0,0,0,17-Apr-17
OPTSTK,TATACHEM,29-Jun-17,570,CE,0,0,0,45.75,71.1,0,0,0,0,17-Apr-17
OPTSTK,TATACHEM,29-Jun-17,580,CE,0,0,0,39.25,62.85,0,0,0,0,17-Apr-17
OPTSTK,TATACHEM,29-Jun-17,590,CE,0,0,0,33.4,55.1,0,0,0,0,17-Apr-17
OPTSTK,TATACHEM,29-Jun-17,600,CE,0,0,0,28.15,47.85,0,0,0,0,17-Apr-17
OPTSTK,TATACHEM,29-Jun-17,610,CE,0,0,0,23.45,41.15,0,0,0,0,17-Apr-17
OPTSTK,TATACHEM,29-Jun-17,620,CE,0,0,0,19.35,35,0,0,0,0,17-Apr-17
OPTSTK,TATACHEM,29-Jun-17,630,CE,0,0,0,15.8,29.5,0,0,0,0,17-Apr-17
OPTSTK,TATACHEM,29-Jun-17,640,CE,0,0,0,12.8,24.6,0,0,0,0,17-Apr-17
OPTSTK,TATACHEM,29-Jun-17,650,CE,0,0,0,10.3,20.3,0,0,0,0,17-Apr-17
OPTSTK,TATACHEM,29-Jun-17,660,CE,0,0,0,8.15,16.55,0,0,0,0,17-Apr-17
OPTSTK,TATACHEM,29-Jun-17,670,CE,0,0,0,6.4,13.35,0,0,0,0,17-Apr-17
OPTSTK,TATACHEM,29-Jun-17,680,CE,0,0,0,5,10.7,0,0,0,0,17-Apr-17
OPTSTK,TATACHEM,29-Jun-17,690,CE,0,0,0,3.85,8.45,0,0,0,0,17-Apr-17
OPTSTK,TATACHEM,29-Jun-17,700,CE,0,0,0,2.95,6.65,0,0,0,0,17-Apr-17
OPTSTK,TATACHEM,29-Jun-17,710,CE,0,0,0,2.25,5.15,0,0,0,0,17-Apr-17
OPTSTK,TATACHEM,29-Jun-17,720,CE,0,0,0,1.7,3.95,0,0,0,0,17-Apr-17
OPTSTK,TATACHEM,29-Jun-17,390,PE,0,0,0,0.05,0,0,0,0,0,17-Apr-17
OPTSTK,TATACHEM,29-Jun-17,400,PE,0,0,0,0.05,0,0,0,0,0,17-Apr-17
OPTSTK,TATACHEM,29-Jun-17,410,PE,0,0,0,0.05,0,0,0,0,0,17-Apr-17
OPTSTK,TATACHEM,29-Jun-17,420,PE,0,0,0,0.05,0,0,0,0,0,17-Apr-17
OPTSTK,TATACHEM,29-Jun-17,430,PE,0,0,0,0.05,0,0,0,0,0,17-Apr-17
OPTSTK,TATACHEM,29-Jun-17,440,PE,0,0,0,0.05,0,0,0,0,0,17-Apr-17
OPTSTK,TATACHEM,29-Jun-17,450,PE,0,0,0,0.1,0,0,0,0,0,17-Apr-17
OPTSTK,TATACHEM,29-Jun-17,460,PE,0,0,0,0.15,0.05,0,0,0,0,17-Apr-17
OPTSTK,TATACHEM,29-Jun-17,470,PE,0,0,0,0.25,0.05,0,0,0,0,17-Apr-17
OPTSTK,TATACHEM,29-Jun-17,480,PE,0,0,0,0.4,0.05,0,0,0,0,17-Apr-17
OPTSTK,TATACHEM,29-Jun-17,490,PE,0,0,0,0.65,0.1,0,0,0,0,17-Apr-17
OPTSTK,TATACHEM,29-Jun-17,500,PE,0,0,0,1,0.2,0,0,0,0,17-Apr-17
OPTSTK,TATACHEM,29-Jun-17,510,PE,0,0,0,1.55,0.3,0,0,0,0,17-Apr-17
OPTSTK,TATACHEM,29-Jun-17,520,PE,0,0,0,2.35,0.5,0,0,0,0,17-Apr-17
OPTSTK,TATACHEM,29-Jun-17,530,PE,0,0,0,3.4,0.85,0,0,0,0,17-Apr-17
OPTSTK,TATACHEM,29-Jun-17,540,PE,0,0,0,4.85,1.3,0,0,0,0,17-Apr-17
OPTSTK,TATACHEM,29-Jun-17,550,PE,0,0,0,6.65,1.95,0,0,0,0,17-Apr-17
OPTSTK,TATACHEM,29-Jun-17,560,PE,0,0,0,9,2.9,0,0,0,0,17-Apr-17
OPTSTK,TATACHEM,29-Jun-17,570,PE,0,0,0,11.8,4.2,0,0,0,0,17-Apr-17
OPTSTK,TATACHEM,29-Jun-17,580,PE,0,0,0,15.15,5.85,0,0,0,0,17-Apr-17
OPTSTK,TATACHEM,29-Jun-17,590,PE,0,0,0,19.1,7.95,0,0,0,0,17-Apr-17
OPTSTK,TATACHEM,29-Jun-17,600,PE,0,0,0,23.7,10.55,0,0,0,0,17-Apr-17
OPTSTK,TATACHEM,29-Jun-17,610,PE,0,0,0,28.85,13.7,0,0,0,0,17-Apr-17
OPTSTK,TATACHEM,29-Jun-17,620,PE,0,0,0,34.6,17.45,0,0,0,0,17-Apr-17
OPTSTK,TATACHEM,29-Jun-17,630,PE,0,0,0,40.9,21.8,0,0,0,0,17-Apr-17
OPTSTK,TATACHEM,29-Jun-17,640,PE,0,0,0,47.7,26.75,0,0,0,0,17-Apr-17
OPTSTK,TATACHEM,29-Jun-17,650,PE,0,0,0,55,32.35,0,0,0,0,17-Apr-17
OPTSTK,TATACHEM,29-Jun-17,660,PE,0,0,0,62.7,38.5,0,0,0,0,17-Apr-17
OPTSTK,TATACHEM,29-Jun-17,670,PE,0,0,0,70.8,45.15,0,0,0,0,17-Apr-17
OPTSTK,TATACHEM,29-Jun-17,680,PE,0,0,0,79.2,52.4,0,0,0,0,17-Apr-17
OPTSTK,TATACHEM,29-Jun-17,690,PE,0,0,0,87.9,60,0,0,0,0,17-Apr-17
OPTSTK,TATACHEM,29-Jun-17,700,PE,0,0,0,96.85,68.05,0,0,0,0,17-Apr-17
OPTSTK,TATACHEM,29-Jun-17,710,PE,0,0,0,105.95,76.4,0,0,0,0,17-Apr-17
OPTSTK,TATACHEM,29-Jun-17,720,PE,0,0,0,115.25,85.1,0,0,0,0,17-Apr-17
OPTSTK,TATACOMM,27-Apr-17,440,CE,0,0,0,281.15,268.6,0,0,0,0,17-Apr-17
OPTSTK,TATACOMM,27-Apr-17,460,CE,0,0,0,261.7,248.6,0,0,0,0,17-Apr-17
OPTSTK,TATACOMM,27-Apr-17,480,CE,0,0,0,242.5,228.65,0,0,0,0,17-Apr-17
OPTSTK,TATACOMM,27-Apr-17,500,CE,0,0,0,223.55,208.7,0,0,0,0,17-Apr-17
OPTSTK,TATACOMM,27-Apr-17,520,CE,0,0,0,204.9,188.75,0,0,0,0,17-Apr-17
OPTSTK,TATACOMM,27-Apr-17,540,CE,0,0,0,186.8,168.75,0,0,0,0,17-Apr-17
OPTSTK,TATACOMM,27-Apr-17,560,CE,0,0,0,169.25,148.8,0,0,0,0,17-Apr-17
OPTSTK,TATACOMM,27-Apr-17,580,CE,0,0,0,152.35,128.85,0,0,0,0,17-Apr-17
OPTSTK,TATACOMM,27-Apr-17,600,CE,0,0,0,130,108.85,0,0,9800,0,17-Apr-17
OPTSTK,TATACOMM,27-Apr-17,620,CE,0,0,0,96.5,88.9,0,0,1400,0,17-Apr-17
OPTSTK,TATACOMM,27-Apr-17,640,CE,0,0,0,107,69,0,0,0,0,17-Apr-17
OPTSTK,TATACOMM,27-Apr-17,660,CE,0,0,0,93.85,49.35,0,0,0,0,17-Apr-17
OPTSTK,TATACOMM,27-Apr-17,680,CE,0,0,0,35,31.1,0,0,4200,0,17-Apr-17
OPTSTK,TATACOMM,27-Apr-17,700,CE,16.85,20.35,16.85,20.35,20.35,6,60.26,15400,2800,17-Apr-17
OPTSTK,TATACOMM,27-Apr-17,720,CE,8.8,10,7.95,8.8,8.8,27,275.48,121800,5600,17-Apr-17
OPTSTK,TATACOMM,27-Apr-17,740,CE,5,5,3.45,4.75,4.75,21,218.79,201600,-2800,17-Apr-17
OPTSTK,TATACOMM,27-Apr-17,760,CE,2,2,1.9,1.9,1.9,10,106.66,67200,2800,17-Apr-17
OPTSTK,TATACOMM,27-Apr-17,780,CE,0.85,0.85,0.75,0.8,0.8,3,32.79,40600,-1400,17-Apr-17
OPTSTK,TATACOMM,27-Apr-17,800,CE,0,0,0,2,0.05,0,0,32200,0,17-Apr-17
OPTSTK,TATACOMM,27-Apr-17,820,CE,0,0,0,26.55,0,0,0,0,0,17-Apr-17
OPTSTK,TATACOMM,27-Apr-17,840,CE,0,0,0,22.1,0,0,0,0,0,17-Apr-17
OPTSTK,TATACOMM,27-Apr-17,860,CE,0,0,0,18.35,0,0,0,0,0,17-Apr-17
OPTSTK,TATACOMM,27-Apr-17,880,CE,0,0,0,15.15,0,0,0,0,0,17-Apr-17
OPTSTK,TATACOMM,27-Apr-17,900,CE,0,0,0,12.45,0,0,0,0,0,17-Apr-17
OPTSTK,TATACOMM,27-Apr-17,920,CE,0,0,0,10.2,0,0,0,0,0,17-Apr-17
OPTSTK,TATACOMM,27-Apr-17,440,PE,0,0,0,0.3,0,0,0,0,0,17-Apr-17
OPTSTK,TATACOMM,27-Apr-17,460,PE,0,0,0,0.55,0,0,0,0,0,17-Apr-17
OPTSTK,TATACOMM,27-Apr-17,480,PE,0,0,0,1,0,0,0,0,0,17-Apr-17
OPTSTK,TATACOMM,27-Apr-17,500,PE,0,0,0,1.7,0,0,0,0,0,17-Apr-17
OPTSTK,TATACOMM,27-Apr-17,520,PE,0,0,0,2.8,0,0,0,0,0,17-Apr-17
OPTSTK,TATACOMM,27-Apr-17,540,PE,0,0,0,4.3,0,0,0,0,0,17-Apr-17
OPTSTK,TATACOMM,27-Apr-17,560,PE,0,0,0,6.45,0,0,0,0,0,17-Apr-17
OPTSTK,TATACOMM,27-Apr-17,580,PE,0,0,0,9.25,0,0,0,0,0,17-Apr-17
OPTSTK,TATACOMM,27-Apr-17,600,PE,0,0,0,0.05,0,0,0,4200,0,17-Apr-17
OPTSTK,TATACOMM,27-Apr-17,620,PE,0,0,0,17.4,0,0,0,0,0,17-Apr-17
OPTSTK,TATACOMM,27-Apr-17,640,PE,0,0,0,3.95,0.05,0,0,1400,0,17-Apr-17
OPTSTK,TATACOMM,27-Apr-17,660,PE,0,0,0,1,0.4,0,0,14000,0,17-Apr-17
OPTSTK,TATACOMM,27-Apr-17,680,PE,2.75,2.8,2.2,2.5,2.5,4,38.22,29400,2800,17-Apr-17
OPTSTK,TATACOMM,27-Apr-17,700,PE,8,9.55,7.5,7.95,7.95,13,128.95,88200,0,17-Apr-17
OPTSTK,TATACOMM,27-Apr-17,720,PE,18.5,19.65,16.9,18,18,4,41.34,57400,0,17-Apr-17
OPTSTK,TATACOMM,27-Apr-17,740,PE,36.3,36.3,29.75,29.75,29.75,3,32.42,7000,0,17-Apr-17
OPTSTK,TATACOMM,27-Apr-17,760,PE,0,0,0,48,51.4,0,0,8400,0,17-Apr-17
OPTSTK,TATACOMM,27-Apr-17,780,PE,72.6,72.6,72.6,72.6,72.6,1,11.93,1400,1400,17-Apr-17
OPTSTK,TATACOMM,27-Apr-17,800,PE,0,0,0,104.9,90.85,0,0,0,0,17-Apr-17
OPTSTK,TATACOMM,27-Apr-17,820,PE,0,0,0,119.45,110.8,0,0,0,0,17-Apr-17
OPTSTK,TATACOMM,27-Apr-17,840,PE,0,0,0,134.75,130.75,0,0,0,0,17-Apr-17
OPTSTK,TATACOMM,27-Apr-17,860,PE,0,0,0,150.6,150.7,0,0,0,0,17-Apr-17
OPTSTK,TATACOMM,27-Apr-17,880,PE,0,0,0,167.1,170.7,0,0,0,0,17-Apr-17
OPTSTK,TATACOMM,27-Apr-17,900,PE,0,0,0,184.05,190.65,0,0,0,0,17-Apr-17
OPTSTK,TATACOMM,27-Apr-17,920,PE,0,0,0,201.5,210.6,0,0,0,0,17-Apr-17
OPTSTK,TATACOMM,25-May-17,460,CE,0,0,0,289.2,250.9,0,0,0,0,17-Apr-17
OPTSTK,TATACOMM,25-May-17,480,CE,0,0,0,269.6,231.05,0,0,0,0,17-Apr-17
OPTSTK,TATACOMM,25-May-17,500,CE,0,0,0,250.05,211.2,0,0,0,0,17-Apr-17
OPTSTK,TATACOMM,25-May-17,520,CE,0,0,0,230.65,191.35,0,0,0,0,17-Apr-17
OPTSTK,TATACOMM,25-May-17,540,CE,0,0,0,211.45,171.45,0,0,0,0,17-Apr-17
OPTSTK,TATACOMM,25-May-17,560,CE,0,0,0,192.5,151.6,0,0,0,0,17-Apr-17
OPTSTK,TATACOMM,25-May-17,580,CE,0,0,0,174.05,131.8,0,0,0,0,17-Apr-17
OPTSTK,TATACOMM,25-May-17,600,CE,0,0,0,156.1,112.1,0,0,0,0,17-Apr-17
OPTSTK,TATACOMM,25-May-17,620,CE,0,0,0,138.9,92.75,0,0,0,0,17-Apr-17
OPTSTK,TATACOMM,25-May-17,640,CE,0,0,0,122.5,74.15,0,0,0,0,17-Apr-17
OPTSTK,TATACOMM,25-May-17,660,CE,0,0,0,107.1,56.85,0,0,0,0,17-Apr-17
OPTSTK,TATACOMM,25-May-17,680,CE,0,0,0,92.8,41.45,0,0,0,0,17-Apr-17
OPTSTK,TATACOMM,25-May-17,700,CE,0,0,0,79.65,28.65,0,0,0,0,17-Apr-17
OPTSTK,TATACOMM,25-May-17,720,CE,0,0,0,67.75,18.65,0,0,0,0,17-Apr-17
OPTSTK,TATACOMM,25-May-17,740,CE,0,0,0,57.1,11.4,0,0,0,0,17-Apr-17
OPTSTK,TATACOMM,25-May-17,760,CE,10,10,10,10,10,1,10.78,1400,1400,17-Apr-17
OPTSTK,TATACOMM,25-May-17,780,CE,0,0,0,39.5,3.55,0,0,0,0,17-Apr-17
OPTSTK,TATACOMM,25-May-17,800,CE,0,0,0,32.4,1.8,0,0,0,0,17-Apr-17
OPTSTK,TATACOMM,25-May-17,820,CE,0,0,0,26.4,0.85,0,0,0,0,17-Apr-17
OPTSTK,TATACOMM,25-May-17,840,CE,0,0,0,21.35,0.4,0,0,0,0,17-Apr-17
OPTSTK,TATACOMM,25-May-17,860,CE,0,0,0,17.1,0.2,0,0,0,0,17-Apr-17
OPTSTK,TATACOMM,25-May-17,880,CE,0,0,0,13.6,0.1,0,0,0,0,17-Apr-17
OPTSTK,TATACOMM,25-May-17,900,CE,0,0,0,10.75,0.05,0,0,0,0,17-Apr-17
OPTSTK,TATACOMM,25-May-17,920,CE,0,0,0,8.4,0.05,0,0,0,0,17-Apr-17
OPTSTK,TATACOMM,25-May-17,460,PE,0,0,0,0.1,0,0,0,0,0,17-Apr-17
OPTSTK,TATACOMM,25-May-17,480,PE,0,0,0,0.15,0,0,0,0,0,17-Apr-17
OPTSTK,TATACOMM,25-May-17,500,PE,0,0,0,0.3,0,0,0,0,0,17-Apr-17
OPTSTK,TATACOMM,25-May-17,520,PE,0,0,0,0.6,0,0,0,0,0,17-Apr-17
OPTSTK,TATACOMM,25-May-17,540,PE,0,0,0,1.05,0,0,0,0,0,17-Apr-17
OPTSTK,TATACOMM,25-May-17,560,PE,0,0,0,1.85,0.05,0,0,0,0,17-Apr-17
OPTSTK,TATACOMM,25-May-17,580,PE,0,0,0,3.05,0.1,0,0,0,0,17-Apr-17
OPTSTK,TATACOMM,25-May-17,600,PE,0,0,0,4.8,0.25,0,0,0,0,17-Apr-17
OPTSTK,TATACOMM,25-May-17,620,PE,0,0,0,7.25,0.8,0,0,0,0,17-Apr-17
OPTSTK,TATACOMM,25-May-17,640,PE,0,0,0,10.55,2.05,0,0,0,0,17-Apr-17
OPTSTK,TATACOMM,25-May-17,660,PE,0,0,0,14.85,4.6,0,0,0,0,17-Apr-17
OPTSTK,TATACOMM,25-May-17,680,PE,0,0,0,20.2,9.1,0,0,0,0,17-Apr-17
OPTSTK,TATACOMM,25-May-17,700,PE,0,0,0,19,16.15,0,0,1400,0,17-Apr-17
OPTSTK,TATACOMM,25-May-17,720,PE,0,0,0,34.55,26,0,0,0,0,17-Apr-17
OPTSTK,TATACOMM,25-May-17,740,PE,0,0,0,43.6,38.6,0,0,0,0,17-Apr-17
OPTSTK,TATACOMM,25-May-17,760,PE,0,0,0,53.85,53.65,0,0,0,0,17-Apr-17
OPTSTK,TATACOMM,25-May-17,780,PE,0,0,0,65.35,70.5,0,0,0,0,17-Apr-17
OPTSTK,TATACOMM,25-May-17,800,PE,0,0,0,77.95,88.6,0,0,0,0,17-Apr-17
OPTSTK,TATACOMM,25-May-17,820,PE,0,0,0,91.6,107.55,0,0,0,0,17-Apr-17
OPTSTK,TATACOMM,25-May-17,840,PE,0,0,0,106.25,126.95,0,0,0,0,17-Apr-17
OPTSTK,TATACOMM,25-May-17,860,PE,0,0,0,121.7,146.6,0,0,0,0,17-Apr-17
OPTSTK,TATACOMM,25-May-17,880,PE,0,0,0,137.9,166.35,0,0,0,0,17-Apr-17
OPTSTK,TATACOMM,25-May-17,900,PE,0,0,0,154.7,186.15,0,0,0,0,17-Apr-17
OPTSTK,TATACOMM,25-May-17,920,PE,0,0,0,172.1,206,0,0,0,0,17-Apr-17
OPTSTK,TATACOMM,29-Jun-17,460,CE,0,0,0,261.4,253.75,0,0,0,0,17-Apr-17
OPTSTK,TATACOMM,29-Jun-17,480,CE,0,0,0,241.8,234,0,0,0,0,17-Apr-17
OPTSTK,TATACOMM,29-Jun-17,500,CE,0,0,0,222.2,214.3,0,0,0,0,17-Apr-17
OPTSTK,TATACOMM,29-Jun-17,520,CE,0,0,0,202.7,194.55,0,0,0,0,17-Apr-17
OPTSTK,TATACOMM,29-Jun-17,540,CE,0,0,0,183.35,174.9,0,0,0,0,17-Apr-17
OPTSTK,TATACOMM,29-Jun-17,560,CE,0,0,0,164.3,155.3,0,0,0,0,17-Apr-17
OPTSTK,TATACOMM,29-Jun-17,580,CE,0,0,0,145.7,135.95,0,0,0,0,17-Apr-17
OPTSTK,TATACOMM,29-Jun-17,600,CE,0,0,0,127.7,117,0,0,0,0,17-Apr-17
OPTSTK,TATACOMM,29-Jun-17,620,CE,0,0,0,110.55,98.75,0,0,0,0,17-Apr-17
OPTSTK,TATACOMM,29-Jun-17,640,CE,0,0,0,94.45,81.55,0,0,0,0,17-Apr-17
OPTSTK,TATACOMM,29-Jun-17,660,CE,0,0,0,79.55,65.65,0,0,0,0,17-Apr-17
OPTSTK,TATACOMM,29-Jun-17,680,CE,0,0,0,66,51.5,0,0,0,0,17-Apr-17
OPTSTK,TATACOMM,29-Jun-17,700,CE,0,0,0,54,39.3,0,0,0,0,17-Apr-17
OPTSTK,TATACOMM,29-Jun-17,720,CE,0,0,0,43.55,29.1,0,0,0,0,17-Apr-17
OPTSTK,TATACOMM,29-Jun-17,740,CE,0,0,0,34.55,20.95,0,0,0,0,17-Apr-17
OPTSTK,TATACOMM,29-Jun-17,760,CE,0,0,0,27.05,14.65,0,0,0,0,17-Apr-17
OPTSTK,TATACOMM,29-Jun-17,780,CE,0,0,0,20.85,9.95,0,0,0,0,17-Apr-17
OPTSTK,TATACOMM,29-Jun-17,800,CE,0,0,0,15.9,6.6,0,0,0,0,17-Apr-17
OPTSTK,TATACOMM,29-Jun-17,820,CE,0,0,0,11.95,4.25,0,0,0,0,17-Apr-17
OPTSTK,TATACOMM,29-Jun-17,840,CE,0,0,0,8.85,2.65,0,0,0,0,17-Apr-17
OPTSTK,TATACOMM,29-Jun-17,860,CE,0,0,0,6.5,1.6,0,0,0,0,17-Apr-17
OPTSTK,TATACOMM,29-Jun-17,880,CE,0,0,0,4.7,0.95,0,0,0,0,17-Apr-17
OPTSTK,TATACOMM,29-Jun-17,900,CE,0,0,0,3.35,0.55,0,0,0,0,17-Apr-17
OPTSTK,TATACOMM,29-Jun-17,920,CE,0,0,0,2.4,0.35,0,0,0,0,17-Apr-17
OPTSTK,TATACOMM,29-Jun-17,460,PE,0,0,0,0.05,0,0,0,0,0,17-Apr-17
OPTSTK,TATACOMM,29-Jun-17,480,PE,0,0,0,0.05,0,0,0,0,0,17-Apr-17
OPTSTK,TATACOMM,29-Jun-17,500,PE,0,0,0,0.15,0.05,0,0,0,0,17-Apr-17
OPTSTK,TATACOMM,29-Jun-17,520,PE,0,0,0,0.3,0.05,0,0,0,0,17-Apr-17
OPTSTK,TATACOMM,29-Jun-17,540,PE,0,0,0,0.65,0.1,0,0,0,0,17-Apr-17
OPTSTK,TATACOMM,29-Jun-17,560,PE,0,0,0,1.3,0.3,0,0,0,0,17-Apr-17
OPTSTK,TATACOMM,29-Jun-17,580,PE,0,0,0,2.35,0.65,0,0,0,0,17-Apr-17
OPTSTK,TATACOMM,29-Jun-17,600,PE,0,0,0,4,1.45,0,0,0,0,17-Apr-17
OPTSTK,TATACOMM,29-Jun-17,620,PE,0,0,0,6.55,2.95,0,0,0,0,17-Apr-17
OPTSTK,TATACOMM,29-Jun-17,640,PE,0,0,0,10.1,5.45,0,0,0,0,17-Apr-17
OPTSTK,TATACOMM,29-Jun-17,660,PE,0,0,0,14.85,9.35,0,0,0,0,17-Apr-17
OPTSTK,TATACOMM,29-Jun-17,680,PE,0,0,0,21,14.9,0,0,0,0,17-Apr-17
OPTSTK,TATACOMM,29-Jun-17,700,PE,0,0,0,28.65,22.45,0,0,0,0,17-Apr-17
OPTSTK,TATACOMM,29-Jun-17,720,PE,0,0,0,37.85,32,0,0,0,0,17-Apr-17
OPTSTK,TATACOMM,29-Jun-17,740,PE,0,0,0,48.55,43.6,0,0,0,0,17-Apr-17
OPTSTK,TATACOMM,29-Jun-17,760,PE,0,0,0,60.7,57.05,0,0,0,0,17-Apr-17
OPTSTK,TATACOMM,29-Jun-17,780,PE,0,0,0,74.2,72.1,0,0,0,0,17-Apr-17
OPTSTK,TATACOMM,29-Jun-17,800,PE,0,0,0,88.95,88.45,0,0,0,0,17-Apr-17
OPTSTK,TATACOMM,29-Jun-17,820,PE,0,0,0,104.6,105.85,0,0,0,0,17-Apr-17
OPTSTK,TATACOMM,29-Jun-17,840,PE,0,0,0,121.2,124,0,0,0,0,17-Apr-17
OPTSTK,TATACOMM,29-Jun-17,860,PE,0,0,0,138.5,142.7,0,0,0,0,17-Apr-17
OPTSTK,TATACOMM,29-Jun-17,880,PE,0,0,0,156.4,161.8,0,0,0,0,17-Apr-17
OPTSTK,TATACOMM,29-Jun-17,900,PE,0,0,0,174.7,181.15,0,0,0,0,17-Apr-17
OPTSTK,TATACOMM,29-Jun-17,920,PE,0,0,0,193.4,200.65,0,0,0,0,17-Apr-17
OPTSTK,TATAELXSI,27-Apr-17,850,CE,0,0,0,629,684.45,0,0,0,0,17-Apr-17
OPTSTK,TATAELXSI,27-Apr-17,900,CE,0,0,0,580.25,634.55,0,0,0,0,17-Apr-17
OPTSTK,TATAELXSI,27-Apr-17,950,CE,0,0,0,531.9,584.6,0,0,0,0,17-Apr-17
OPTSTK,TATAELXSI,27-Apr-17,1000,CE,0,0,0,484.15,534.7,0,0,0,0,17-Apr-17
OPTSTK,TATAELXSI,27-Apr-17,1050,CE,0,0,0,437.4,484.8,0,0,0,0,17-Apr-17
OPTSTK,TATAELXSI,27-Apr-17,1100,CE,0,0,0,392,434.9,0,0,0,0,17-Apr-17
OPTSTK,TATAELXSI,27-Apr-17,1150,CE,0,0,0,348.35,384.95,0,0,0,0,17-Apr-17
OPTSTK,TATAELXSI,27-Apr-17,1200,CE,0,0,0,306.8,335.05,0,0,0,0,17-Apr-17
OPTSTK,TATAELXSI,27-Apr-17,1250,CE,0,0,0,267.85,285.15,0,0,0,0,17-Apr-17
OPTSTK,TATAELXSI,27-Apr-17,1300,CE,0,0,0,220,235.25,0,0,400,0,17-Apr-17
OPTSTK,TATAELXSI,27-Apr-17,1350,CE,0,0,0,164.5,185.4,0,0,400,0,17-Apr-17
OPTSTK,TATAELXSI,27-Apr-17,1400,CE,0,0,0,168.8,136.1,0,0,0,0,17-Apr-17
OPTSTK,TATAELXSI,27-Apr-17,1450,CE,0,0,0,135.15,89.35,0,0,400,0,17-Apr-17
OPTSTK,TATAELXSI,27-Apr-17,1500,CE,60,60,60,60,60,4,24.96,12400,400,17-Apr-17
OPTSTK,TATAELXSI,27-Apr-17,1550,CE,30,34.95,29.15,31.4,31.4,22,139.19,28400,2400,17-Apr-17
OPTSTK,TATAELXSI,27-Apr-17,1600,CE,21.5,21.5,14,15.95,15.95,105,678.63,94800,-5600,17-Apr-17
OPTSTK,TATAELXSI,27-Apr-17,1650,CE,8.1,9.95,8,9.5,9.5,49,325.2,58800,-4400,17-Apr-17
OPTSTK,TATAELXSI,27-Apr-17,1700,CE,0,0,0,6.1,0.45,0,0,26400,0,17-Apr-17
OPTSTK,TATAELXSI,27-Apr-17,1750,CE,0,0,0,6,0.1,0,0,2000,0,17-Apr-17
OPTSTK,TATAELXSI,27-Apr-17,1800,CE,0,0,0,3,0.05,0,0,400,0,17-Apr-17
OPTSTK,TATAELXSI,27-Apr-17,1850,CE,0,0,0,27.5,0,0,0,0,0,17-Apr-17
OPTSTK,TATAELXSI,27-Apr-17,850,PE,0,0,0,0.3,0,0,0,0,0,17-Apr-17
OPTSTK,TATAELXSI,27-Apr-17,900,PE,0,0,0,0.7,0,0,0,0,0,17-Apr-17
OPTSTK,TATAELXSI,27-Apr-17,950,PE,0,0,0,1.55,0,0,0,0,0,17-Apr-17
OPTSTK,TATAELXSI,27-Apr-17,1000,PE,0,0,0,3,0,0,0,0,0,17-Apr-17
OPTSTK,TATAELXSI,27-Apr-17,1050,PE,0,0,0,5.4,0,0,0,0,0,17-Apr-17
OPTSTK,TATAELXSI,27-Apr-17,1100,PE,0,0,0,9.2,0,0,0,0,0,17-Apr-17
OPTSTK,TATAELXSI,27-Apr-17,1150,PE,0,0,0,14.7,0,0,0,0,0,17-Apr-17
OPTSTK,TATAELXSI,27-Apr-17,1200,PE,0,0,0,22.35,0,0,0,0,0,17-Apr-17
OPTSTK,TATAELXSI,27-Apr-17,1250,PE,0,0,0,32.6,0,0,0,0,0,17-Apr-17
OPTSTK,TATAELXSI,27-Apr-17,1300,PE,0,0,0,45.65,0,0,0,0,0,17-Apr-17
OPTSTK,TATAELXSI,27-Apr-17,1350,PE,0,0,0,4.9,0.1,0,0,400,0,17-Apr-17
OPTSTK,TATAELXSI,27-Apr-17,1400,PE,0,0,0,3,0.7,0,0,4800,0,17-Apr-17
OPTSTK,TATAELXSI,27-Apr-17,1450,PE,0,0,0,10,3.9,0,0,7200,0,17-Apr-17
OPTSTK,TATAELXSI,27-Apr-17,1500,PE,20,20.4,16.5,20,20,28,170.04,24400,2400,17-Apr-17
OPTSTK,TATAELXSI,27-Apr-17,1550,PE,0,0,0,43.15,36.85,0,0,16800,0,17-Apr-17
OPTSTK,TATAELXSI,27-Apr-17,1600,PE,0,0,0,54,72.2,0,0,2000,0,17-Apr-17
OPTSTK,TATAELXSI,27-Apr-17,1650,PE,0,0,0,94,116.35,0,0,400,0,17-Apr-17
OPTSTK,TATAELXSI,27-Apr-17,1700,PE,0,0,0,260.95,164.55,0,0,0,0,17-Apr-17
OPTSTK,TATAELXSI,27-Apr-17,1750,PE,0,0,0,299.75,214.1,0,0,0,0,17-Apr-17
OPTSTK,TATAELXSI,27-Apr-17,1800,PE,0,0,0,340.25,263.95,0,0,0,0,17-Apr-17
OPTSTK,TATAELXSI,27-Apr-17,1850,PE,0,0,0,382.4,313.85,0,0,0,0,17-Apr-17
OPTSTK,TATAELXSI,25-May-17,850,CE,0,0,0,635.1,688.7,0,0,0,0,17-Apr-17
OPTSTK,TATAELXSI,25-May-17,900,CE,0,0,0,585.95,639.05,0,0,0,0,17-Apr-17
OPTSTK,TATAELXSI,25-May-17,950,CE,0,0,0,536.8,589.4,0,0,0,0,17-Apr-17
OPTSTK,TATAELXSI,25-May-17,1000,CE,0,0,0,487.85,539.7,0,0,0,0,17-Apr-17
OPTSTK,TATAELXSI,25-May-17,1050,CE,0,0,0,439.25,490.05,0,0,0,0,17-Apr-17
OPTSTK,TATAELXSI,25-May-17,1100,CE,0,0,0,391.3,440.4,0,0,0,0,17-Apr-17
OPTSTK,TATAELXSI,25-May-17,1150,CE,0,0,0,344.4,390.75,0,0,0,0,17-Apr-17
OPTSTK,TATAELXSI,25-May-17,1200,CE,0,0,0,299.1,341.2,0,0,0,0,17-Apr-17
OPTSTK,TATAELXSI,25-May-17,1250,CE,0,0,0,256.05,291.9,0,0,0,0,17-Apr-17
OPTSTK,TATAELXSI,25-May-17,1300,CE,0,0,0,215.85,243.35,0,0,0,0,17-Apr-17
OPTSTK,TATAELXSI,25-May-17,1350,CE,0,0,0,179.1,196.45,0,0,0,0,17-Apr-17
OPTSTK,TATAELXSI,25-May-17,1400,CE,0,0,0,146.1,152.5,0,0,0,0,17-Apr-17
OPTSTK,TATAELXSI,25-May-17,1450,CE,0,0,0,117.25,113.25,0,0,0,0,17-Apr-17
OPTSTK,TATAELXSI,25-May-17,1500,CE,0,0,0,92.6,79.85,0,0,0,0,17-Apr-17
OPTSTK,TATAELXSI,25-May-17,1550,CE,0,0,0,71.9,53.35,0,0,0,0,17-Apr-17
OPTSTK,TATAELXSI,25-May-17,1600,CE,0,0,0,50.5,33.7,0,0,400,0,17-Apr-17
OPTSTK,TATAELXSI,25-May-17,1650,CE,0,0,0,41.5,20.1,0,0,0,0,17-Apr-17
OPTSTK,TATAELXSI,25-May-17,1700,CE,0,0,0,30.8,11.35,0,0,0,0,17-Apr-17
OPTSTK,TATAELXSI,25-May-17,1750,CE,5.9,5.9,5.9,5.9,5.9,1,7.02,400,400,17-Apr-17
OPTSTK,TATAELXSI,25-May-17,1800,CE,0,0,0,16.3,3.05,0,0,0,0,17-Apr-17
OPTSTK,TATAELXSI,25-May-17,1850,CE,0,0,0,11.6,1.5,0,0,0,0,17-Apr-17
OPTSTK,TATAELXSI,25-May-17,850,PE,0,0,0,0.05,0,0,0,0,0,17-Apr-17
OPTSTK,TATAELXSI,25-May-17,900,PE,0,0,0,0.05,0,0,0,0,0,17-Apr-17
OPTSTK,TATAELXSI,25-May-17,950,PE,0,0,0,0.15,0,0,0,0,0,17-Apr-17
OPTSTK,TATAELXSI,25-May-17,1000,PE,0,0,0,0.4,0,0,0,0,0,17-Apr-17
OPTSTK,TATAELXSI,25-May-17,1050,PE,0,0,0,1.05,0,0,0,0,0,17-Apr-17
OPTSTK,TATAELXSI,25-May-17,1100,PE,0,0,0,2.3,0,0,0,0,0,17-Apr-17
OPTSTK,TATAELXSI,25-May-17,1150,PE,0,0,0,4.6,0.05,0,0,0,0,17-Apr-17
OPTSTK,TATAELXSI,25-May-17,1200,PE,0,0,0,8.55,0.15,0,0,0,0,17-Apr-17
OPTSTK,TATAELXSI,25-May-17,1250,PE,0,0,0,14.7,0.5,0,0,0,0,17-Apr-17
OPTSTK,TATAELXSI,25-May-17,1300,PE,0,0,0,23.7,1.6,0,0,0,0,17-Apr-17
OPTSTK,TATAELXSI,25-May-17,1350,PE,0,0,0,36.15,4.4,0,0,0,0,17-Apr-17
OPTSTK,TATAELXSI,25-May-17,1400,PE,0,0,0,52.4,10.1,0,0,0,0,17-Apr-17
OPTSTK,TATAELXSI,25-May-17,1450,PE,0,0,0,72.75,20.5,0,0,0,0,17-Apr-17
OPTSTK,TATAELXSI,25-May-17,1500,PE,0,0,0,97.3,36.75,0,0,0,0,17-Apr-17
OPTSTK,TATAELXSI,25-May-17,1550,PE,0,0,0,125.85,59.95,0,0,0,0,17-Apr-17
OPTSTK,TATAELXSI,25-May-17,1600,PE,87.4,87.4,87.4,87.4,87.4,3,20.24,1200,1200,17-Apr-17
OPTSTK,TATAELXSI,25-May-17,1650,PE,0,0,0,193.85,126.05,0,0,0,0,17-Apr-17
OPTSTK,TATAELXSI,25-May-17,1700,PE,0,0,0,232.35,166.95,0,0,0,0,17-Apr-17
OPTSTK,TATAELXSI,25-May-17,1750,PE,0,0,0,273.35,211.3,0,0,0,0,17-Apr-17
OPTSTK,TATAELXSI,25-May-17,1800,PE,0,0,0,316.3,257.95,0,0,0,0,17-Apr-17
OPTSTK,TATAELXSI,25-May-17,1850,PE,0,0,0,360.85,306.05,0,0,0,0,17-Apr-17
OPTSTK,TATAELXSI,29-Jun-17,850,CE,0,0,0,638.65,693.95,0,0,0,0,17-Apr-17
OPTSTK,TATAELXSI,29-Jun-17,900,CE,0,0,0,589.45,644.6,0,0,0,0,17-Apr-17
OPTSTK,TATAELXSI,29-Jun-17,950,CE,0,0,0,540.3,595.25,0,0,0,0,17-Apr-17
OPTSTK,TATAELXSI,29-Jun-17,1000,CE,0,0,0,491.2,545.9,0,0,0,0,17-Apr-17
OPTSTK,TATAELXSI,29-Jun-17,1050,CE,0,0,0,442.25,496.6,0,0,0,0,17-Apr-17
OPTSTK,TATAELXSI,29-Jun-17,1100,CE,0,0,0,393.65,447.35,0,0,0,0,17-Apr-17
OPTSTK,TATAELXSI,29-Jun-17,1150,CE,0,0,0,345.75,398.35,0,0,0,0,17-Apr-17
OPTSTK,TATAELXSI,29-Jun-17,1200,CE,0,0,0,299.05,349.9,0,0,0,0,17-Apr-17
OPTSTK,TATAELXSI,29-Jun-17,1250,CE,0,0,0,254.2,302.35,0,0,0,0,17-Apr-17
OPTSTK,TATAELXSI,29-Jun-17,1300,CE,0,0,0,212,256.5,0,0,0,0,17-Apr-17
OPTSTK,TATAELXSI,29-Jun-17,1350,CE,0,0,0,173.25,213.1,0,0,0,0,17-Apr-17
OPTSTK,TATAELXSI,29-Jun-17,1400,CE,0,0,0,138.5,173.05,0,0,0,0,17-Apr-17
OPTSTK,TATAELXSI,29-Jun-17,1450,CE,0,0,0,108.35,137.05,0,0,0,0,17-Apr-17
OPTSTK,TATAELXSI,29-Jun-17,1500,CE,0,0,0,82.9,105.85,0,0,0,0,17-Apr-17
OPTSTK,TATAELXSI,29-Jun-17,1550,CE,0,0,0,62,79.65,0,0,0,0,17-Apr-17
OPTSTK,TATAELXSI,29-Jun-17,1600,CE,0,0,0,45.35,58.35,0,0,0,0,17-Apr-17
OPTSTK,TATAELXSI,29-Jun-17,1650,CE,0,0,0,32.6,41.65,0,0,0,0,17-Apr-17
OPTSTK,TATAELXSI,29-Jun-17,1700,CE,0,0,0,22.85,29.05,0,0,0,0,17-Apr-17
OPTSTK,TATAELXSI,29-Jun-17,1750,CE,0,0,0,15.75,19.7,0,0,0,0,17-Apr-17
OPTSTK,TATAELXSI,29-Jun-17,1800,CE,0,0,0,10.65,13.05,0,0,0,0,17-Apr-17
OPTSTK,TATAELXSI,29-Jun-17,1850,CE,0,0,0,7.05,8.45,0,0,0,0,17-Apr-17
OPTSTK,TATAELXSI,29-Jun-17,850,PE,0,0,0,0.05,0,0,0,0,0,17-Apr-17
OPTSTK,TATAELXSI,29-Jun-17,900,PE,0,0,0,0.05,0,0,0,0,0,17-Apr-17
OPTSTK,TATAELXSI,29-Jun-17,950,PE,0,0,0,0.05,0,0,0,0,0,17-Apr-17
OPTSTK,TATAELXSI,29-Jun-17,1000,PE,0,0,0,0.15,0.05,0,0,0,0,17-Apr-17
OPTSTK,TATAELXSI,29-Jun-17,1050,PE,0,0,0,0.35,0.05,0,0,0,0,17-Apr-17
OPTSTK,TATAELXSI,29-Jun-17,1100,PE,0,0,0,0.9,0.2,0,0,0,0,17-Apr-17
OPTSTK,TATAELXSI,29-Jun-17,1150,PE,0,0,0,2.2,0.55,0,0,0,0,17-Apr-17
OPTSTK,TATAELXSI,29-Jun-17,1200,PE,0,0,0,4.65,1.45,0,0,0,0,17-Apr-17
OPTSTK,TATAELXSI,29-Jun-17,1250,PE,0,0,0,9,3.3,0,0,0,0,17-Apr-17
OPTSTK,TATAELXSI,29-Jun-17,1300,PE,0,0,0,16,6.75,0,0,0,0,17-Apr-17
OPTSTK,TATAELXSI,29-Jun-17,1350,PE,0,0,0,26.4,12.7,0,0,0,0,17-Apr-17
OPTSTK,TATAELXSI,29-Jun-17,1400,PE,0,0,0,40.85,22,0,0,0,0,17-Apr-17
OPTSTK,TATAELXSI,29-Jun-17,1450,PE,0,0,0,59.85,35.4,0,0,0,0,17-Apr-17
OPTSTK,TATAELXSI,29-Jun-17,1500,PE,0,0,0,83.55,53.55,0,0,0,0,17-Apr-17
OPTSTK,TATAELXSI,29-Jun-17,1550,PE,0,0,0,111.85,76.65,0,0,0,0,17-Apr-17
OPTSTK,TATAELXSI,29-Jun-17,1600,PE,0,0,0,144.4,104.75,0,0,0,0,17-Apr-17
OPTSTK,TATAELXSI,29-Jun-17,1650,PE,0,0,0,180.8,137.4,0,0,0,0,17-Apr-17
OPTSTK,TATAELXSI,29-Jun-17,1700,PE,0,0,0,220.2,174.15,0,0,0,0,17-Apr-17
OPTSTK,TATAELXSI,29-Jun-17,1750,PE,0,0,0,262.3,214.15,0,0,0,0,17-Apr-17
OPTSTK,TATAELXSI,29-Jun-17,1800,PE,0,0,0,306.35,256.85,0,0,0,0,17-Apr-17
OPTSTK,TATAELXSI,29-Jun-17,1850,PE,0,0,0,351.95,301.6,0,0,0,0,17-Apr-17
OPTSTK,TATAGLOBAL,27-Apr-17,90,CE,0,0,0,39.85,59.65,0,0,0,0,17-Apr-17
OPTSTK,TATAGLOBAL,27-Apr-17,95,CE,0,0,0,35,54.65,0,0,0,0,17-Apr-17
OPTSTK,TATAGLOBAL,27-Apr-17,100,CE,0,0,0,30.2,49.65,0,0,0,0,17-Apr-17
OPTSTK,TATAGLOBAL,27-Apr-17,102.5,CE,0,0,0,48.2,47.15,0,0,0,0,17-Apr-17
OPTSTK,TATAGLOBAL,27-Apr-17,105,CE,0,0,0,25.6,44.65,0,0,0,0,17-Apr-17
OPTSTK,TATAGLOBAL,27-Apr-17,107.5,CE,0,0,0,43.2,42.15,0,0,0,0,17-Apr-17
OPTSTK,TATAGLOBAL,27-Apr-17,110,CE,0,0,0,21.2,39.65,0,0,0,0,17-Apr-17
OPTSTK,TATAGLOBAL,27-Apr-17,112.5,CE,0,0,0,38.25,37.15,0,0,0,0,17-Apr-17
OPTSTK,TATAGLOBAL,27-Apr-17,115,CE,0,0,0,17.1,34.65,0,0,0,0,17-Apr-17
OPTSTK,TATAGLOBAL,27-Apr-17,117.5,CE,0,0,0,33.3,32.15,0,0,0,0,17-Apr-17
OPTSTK,TATAGLOBAL,27-Apr-17,120,CE,0,0,0,13.45,29.7,0,0,0,0,17-Apr-17
OPTSTK,TATAGLOBAL,27-Apr-17,122.5,CE,0,0,0,28.35,27.2,0,0,0,0,17-Apr-17
OPTSTK,TATAGLOBAL,27-Apr-17,125,CE,0,0,0,10.3,24.7,0,0,0,0,17-Apr-17
OPTSTK,TATAGLOBAL,27-Apr-17,127.5,CE,0,0,0,23.55,22.2,0,0,0,0,17-Apr-17
OPTSTK,TATAGLOBAL,27-Apr-17,130,CE,0,0,0,19.85,19.7,0,0,54000,0,17-Apr-17
OPTSTK,TATAGLOBAL,27-Apr-17,132.5,CE,0,0,0,18.95,17.2,0,0,0,0,17-Apr-17
OPTSTK,TATAGLOBAL,27-Apr-17,135,CE,0,0,0,16.05,14.75,0,0,18000,0,17-Apr-17
OPTSTK,TATAGLOBAL,27-Apr-17,137.5,CE,0,0,0,14.65,12.3,0,0,0,0,17-Apr-17
OPTSTK,TATAGLOBAL,27-Apr-17,140,CE,0,0,0,12.6,9.95,0,0,63000,0,17-Apr-17
OPTSTK,TATAGLOBAL,27-Apr-17,142.5,CE,0,0,0,10.9,7.75,0,0,0,0,17-Apr-17
OPTSTK,TATAGLOBAL,27-Apr-17,145,CE,0,0,0,8.25,5.8,0,0,112500,0,17-Apr-17
OPTSTK,TATAGLOBAL,27-Apr-17,147.5,CE,0,0,0,7.7,4.1,0,0,0,0,17-Apr-17
OPTSTK,TATAGLOBAL,27-Apr-17,150,CE,3.2,3.2,2.4,2.8,2.8,44,302.56,526500,27000,17-Apr-17
OPTSTK,TATAGLOBAL,27-Apr-17,152.5,CE,2.15,2.15,1.75,1.95,1.95,11,76.46,27000,0,17-Apr-17
OPTSTK,TATAGLOBAL,27-Apr-17,155,CE,1.8,1.8,1.15,1.35,1.35,80,562.86,1399500,-13500,17-Apr-17
OPTSTK,TATAGLOBAL,27-Apr-17,157.5,CE,0.8,1.05,0.75,0.75,0.75,12,85.54,94500,-13500,17-Apr-17
OPTSTK,TATAGLOBAL,27-Apr-17,160,CE,0.75,0.75,0.55,0.65,0.65,43,310.86,1075500,-31500,17-Apr-17
OPTSTK,TATAGLOBAL,27-Apr-17,162.5,CE,0,0,0,0.7,0.15,0,0,9000,0,17-Apr-17
OPTSTK,TATAGLOBAL,27-Apr-17,165,CE,0.35,0.35,0.25,0.25,0.25,4,29.75,400500,-18000,17-Apr-17
OPTSTK,TATAGLOBAL,27-Apr-17,167.5,CE,0,0,0,1,0.05,0,0,9000,0,17-Apr-17
OPTSTK,TATAGLOBAL,27-Apr-17,170,CE,0.25,0.25,0.1,0.15,0.15,13,99.55,1071000,9000,17-Apr-17
OPTSTK,TATAGLOBAL,27-Apr-17,172.5,CE,0,0,0,0.65,0,0,0,0,0,17-Apr-17
OPTSTK,TATAGLOBAL,27-Apr-17,175,CE,0.1,0.1,0.1,0.1,0.1,1,7.87,90000,0,17-Apr-17
OPTSTK,TATAGLOBAL,27-Apr-17,177.5,CE,0,0,0,0.35,0,0,0,0,0,17-Apr-17
OPTSTK,TATAGLOBAL,27-Apr-17,90,PE,0,0,0,0.05,0,0,0,0,0,17-Apr-17
OPTSTK,TATAGLOBAL,27-Apr-17,95,PE,0,0,0,0.1,0,0,0,0,0,17-Apr-17
OPTSTK,TATAGLOBAL,27-Apr-17,100,PE,0,0,0,0.25,0,0,0,0,0,17-Apr-17
OPTSTK,TATAGLOBAL,27-Apr-17,102.5,PE,0,0,0,0.05,0,0,0,0,0,17-Apr-17
OPTSTK,TATAGLOBAL,27-Apr-17,105,PE,0,0,0,0.5,0,0,0,0,0,17-Apr-17
OPTSTK,TATAGLOBAL,27-Apr-17,107.5,PE,0,0,0,0.05,0,0,0,0,0,17-Apr-17
OPTSTK,TATAGLOBAL,27-Apr-17,110,PE,0,0,0,1,0,0,0,0,0,17-Apr-17
OPTSTK,TATAGLOBAL,27-Apr-17,112.5,PE,0,0,0,0.05,0,0,0,0,0,17-Apr-17
OPTSTK,TATAGLOBAL,27-Apr-17,115,PE,0,0,0,1.85,0,0,0,0,0,17-Apr-17
OPTSTK,TATAGLOBAL,27-Apr-17,117.5,PE,0,0,0,0.05,0,0,0,0,0,17-Apr-17
OPTSTK,TATAGLOBAL,27-Apr-17,120,PE,0,0,0,3.15,0,0,0,0,0,17-Apr-17
OPTSTK,TATAGLOBAL,27-Apr-17,122.5,PE,0,0,0,0.1,0,0,0,0,0,17-Apr-17
OPTSTK,TATAGLOBAL,27-Apr-17,125,PE,0,0,0,4.9,0,0,0,0,0,17-Apr-17
OPTSTK,TATAGLOBAL,27-Apr-17,127.5,PE,0,0,0,0.25,0,0,0,0,0,17-Apr-17
OPTSTK,TATAGLOBAL,27-Apr-17,130,PE,0,0,0,7.2,0,0,0,0,0,17-Apr-17
OPTSTK,TATAGLOBAL,27-Apr-17,132.5,PE,0,0,0,0.65,0.05,0,0,0,0,17-Apr-17
OPTSTK,TATAGLOBAL,27-Apr-17,135,PE,0.1,0.1,0.1,0.1,0.1,2,12.15,45000,-9000,17-Apr-17
OPTSTK,TATAGLOBAL,27-Apr-17,137.5,PE,0,0,0,1.35,0.1,0,0,0,0,17-Apr-17
OPTSTK,TATAGLOBAL,27-Apr-17,140,PE,0.4,0.45,0.3,0.3,0.3,8,50.52,324000,-4500,17-Apr-17
OPTSTK,TATAGLOBAL,27-Apr-17,142.5,PE,0,0,0,0.8,0.55,0,0,9000,0,17-Apr-17
OPTSTK,TATAGLOBAL,27-Apr-17,145,PE,1.1,1.2,0.75,0.8,0.8,19,124.76,441000,13500,17-Apr-17
OPTSTK,TATAGLOBAL,27-Apr-17,147.5,PE,1.7,2.2,1.55,1.65,1.65,16,107.46,54000,-18000,17-Apr-17
OPTSTK,TATAGLOBAL,27-Apr-17,150,PE,3.05,3.6,2.45,2.7,2.7,22,151.43,454500,-13500,17-Apr-17
OPTSTK,TATAGLOBAL,27-Apr-17,152.5,PE,4.8,4.9,4.55,4.55,4.55,3,21.22,40500,-9000,17-Apr-17
OPTSTK,TATAGLOBAL,27-Apr-17,155,PE,7,7,5.75,5.75,5.75,6,43.62,180000,-18000,17-Apr-17
OPTSTK,TATAGLOBAL,27-Apr-17,157.5,PE,0,0,0,9.9,8.35,0,0,0,0,17-Apr-17
OPTSTK,TATAGLOBAL,27-Apr-17,160,PE,10.6,10.6,10.6,10.6,10.6,1,7.67,18000,0,17-Apr-17
OPTSTK,TATAGLOBAL,27-Apr-17,162.5,PE,0,0,0,13.6,12.9,0,0,0,0,17-Apr-17
OPTSTK,TATAGLOBAL,27-Apr-17,165,PE,0,0,0,14,15.35,0,0,4500,0,17-Apr-17
OPTSTK,TATAGLOBAL,27-Apr-17,167.5,PE,0,0,0,17.7,17.8,0,0,0,0,17-Apr-17
OPTSTK,TATAGLOBAL,27-Apr-17,170,PE,0,0,0,16.95,20.3,0,0,9000,0,17-Apr-17
OPTSTK,TATAGLOBAL,27-Apr-17,172.5,PE,0,0,0,22.15,22.75,0,0,0,0,17-Apr-17
OPTSTK,TATAGLOBAL,27-Apr-17,175,PE,0,0,0,43.95,25.25,0,0,0,0,17-Apr-17
OPTSTK,TATAGLOBAL,27-Apr-17,177.5,PE,0,0,0,26.85,27.75,0,0,0,0,17-Apr-17
OPTSTK,TATAGLOBAL,25-May-17,90,CE,0,0,0,50.7,60.1,0,0,0,0,17-Apr-17
OPTSTK,TATAGLOBAL,25-May-17,95,CE,0,0,0,45.8,55.1,0,0,0,0,17-Apr-17
OPTSTK,TATAGLOBAL,25-May-17,100,CE,0,0,0,40.9,50.15,0,0,0,0,17-Apr-17
OPTSTK,TATAGLOBAL,25-May-17,102.5,CE,0,0,0,48.75,47.65,0,0,0,0,17-Apr-17
OPTSTK,TATAGLOBAL,25-May-17,105,CE,0,0,0,36.05,45.2,0,0,0,0,17-Apr-17
OPTSTK,TATAGLOBAL,25-May-17,107.5,CE,0,0,0,43.8,42.7,0,0,0,0,17-Apr-17
OPTSTK,TATAGLOBAL,25-May-17,110,CE,0,0,0,31.35,40.2,0,0,0,0,17-Apr-17
OPTSTK,TATAGLOBAL,25-May-17,112.5,CE,0,0,0,38.9,37.75,0,0,0,0,17-Apr-17
OPTSTK,TATAGLOBAL,25-May-17,115,CE,0,0,0,26.8,35.25,0,0,0,0,17-Apr-17
OPTSTK,TATAGLOBAL,25-May-17,117.5,CE,0,0,0,34.1,32.8,0,0,0,0,17-Apr-17
OPTSTK,TATAGLOBAL,25-May-17,120,CE,0,0,0,22.45,30.3,0,0,0,0,17-Apr-17
OPTSTK,TATAGLOBAL,25-May-17,122.5,CE,0,0,0,29.45,27.85,0,0,0,0,17-Apr-17
OPTSTK,TATAGLOBAL,25-May-17,125,CE,0,0,0,18.45,25.45,0,0,0,0,17-Apr-17
OPTSTK,TATAGLOBAL,25-May-17,127.5,CE,0,0,0,24.95,23.05,0,0,0,0,17-Apr-17
OPTSTK,TATAGLOBAL,25-May-17,130,CE,0,0,0,14.85,20.65,0,0,0,0,17-Apr-17
OPTSTK,TATAGLOBAL,25-May-17,132.5,CE,0,0,0,20.75,18.4,0,0,0,0,17-Apr-17
OPTSTK,TATAGLOBAL,25-May-17,135,CE,0,0,0,11.7,16.2,0,0,0,0,17-Apr-17
OPTSTK,TATAGLOBAL,25-May-17,137.5,CE,0,0,0,16.9,14.1,0,0,0,0,17-Apr-17
OPTSTK,TATAGLOBAL,25-May-17,140,CE,0,0,0,9,12.1,0,0,0,0,17-Apr-17
OPTSTK,TATAGLOBAL,25-May-17,142.5,CE,0,0,0,13.45,10.3,0,0,0,0,17-Apr-17
OPTSTK,TATAGLOBAL,25-May-17,145,CE,0,0,0,6.8,8.6,0,0,0,0,17-Apr-17
OPTSTK,TATAGLOBAL,25-May-17,147.5,CE,0,0,0,10.5,7.1,0,0,0,0,17-Apr-17
OPTSTK,TATAGLOBAL,25-May-17,150,CE,0,0,0,7,5.8,0,0,9000,0,17-Apr-17
OPTSTK,TATAGLOBAL,25-May-17,152.5,CE,0,0,0,8,4.65,0,0,0,0,17-Apr-17
OPTSTK,TATAGLOBAL,25-May-17,155,CE,3.8,4,3.75,4,4,4,28.58,18000,18000,17-Apr-17
OPTSTK,TATAGLOBAL,25-May-17,157.5,CE,0,0,0,5.95,2.9,0,0,0,0,17-Apr-17
OPTSTK,TATAGLOBAL,25-May-17,160,CE,0,0,0,2.55,2.25,0,0,0,0,17-Apr-17
OPTSTK,TATAGLOBAL,25-May-17,162.5,CE,0,0,0,4.35,1.7,0,0,0,0,17-Apr-17
OPTSTK,TATAGLOBAL,25-May-17,165,CE,0,0,0,1.8,1.25,0,0,0,0,17-Apr-17
OPTSTK,TATAGLOBAL,25-May-17,167.5,CE,0,0,0,3.1,0.95,0,0,0,0,17-Apr-17
OPTSTK,TATAGLOBAL,25-May-17,170,CE,0,0,0,2,0.7,0,0,31500,0,17-Apr-17
OPTSTK,TATAGLOBAL,25-May-17,172.5,CE,0,0,0,2.2,0.5,0,0,0,0,17-Apr-17
OPTSTK,TATAGLOBAL,25-May-17,175,CE,0,0,0,0.8,0.35,0,0,0,0,17-Apr-17
OPTSTK,TATAGLOBAL,25-May-17,177.5,CE,0,0,0,1.5,0.25,0,0,0,0,17-Apr-17
OPTSTK,TATAGLOBAL,25-May-17,90,PE,0,0,0,0.05,0,0,0,0,0,17-Apr-17
OPTSTK,TATAGLOBAL,25-May-17,95,PE,0,0,0,0.05,0,0,0,0,0,17-Apr-17
OPTSTK,TATAGLOBAL,25-May-17,100,PE,0,0,0,0.1,0,0,0,0,0,17-Apr-17
OPTSTK,TATAGLOBAL,25-May-17,102.5,PE,0,0,0,0.05,0,0,0,0,0,17-Apr-17
OPTSTK,TATAGLOBAL,25-May-17,105,PE,0,0,0,0.15,0,0,0,0,0,17-Apr-17
OPTSTK,TATAGLOBAL,25-May-17,107.5,PE,0,0,0,0.05,0,0,0,0,0,17-Apr-17
OPTSTK,TATAGLOBAL,25-May-17,110,PE,0,0,0,0.35,0,0,0,0,0,17-Apr-17
OPTSTK,TATAGLOBAL,25-May-17,112.5,PE,0,0,0,0.1,0,0,0,0,0,17-Apr-17
OPTSTK,TATAGLOBAL,25-May-17,115,PE,0,0,0,0.7,0.05,0,0,0,0,17-Apr-17
OPTSTK,TATAGLOBAL,25-May-17,117.5,PE,0,0,0,0.25,0.05,0,0,0,0,17-Apr-17
OPTSTK,TATAGLOBAL,25-May-17,120,PE,0,0,0,1.3,0.05,0,0,0,0,17-Apr-17
OPTSTK,TATAGLOBAL,25-May-17,122.5,PE,0,0,0,0.55,0.1,0,0,0,0,17-Apr-17
OPTSTK,TATAGLOBAL,25-May-17,125,PE,0,0,0,2.25,0.15,0,0,0,0,17-Apr-17
OPTSTK,TATAGLOBAL,25-May-17,127.5,PE,0,0,0,1,0.2,0,0,0,0,17-Apr-17
OPTSTK,TATAGLOBAL,25-May-17,130,PE,0,0,0,3.55,0.35,0,0,0,0,17-Apr-17
OPTSTK,TATAGLOBAL,25-May-17,132.5,PE,0,0,0,1.75,0.55,0,0,0,0,17-Apr-17
OPTSTK,TATAGLOBAL,25-May-17,135,PE,0,0,0,5.3,0.8,0,0,0,0,17-Apr-17
OPTSTK,TATAGLOBAL,25-May-17,137.5,PE,0,0,0,2.85,1.2,0,0,0,0,17-Apr-17
OPTSTK,TATAGLOBAL,25-May-17,140,PE,0,0,0,7.55,1.7,0,0,0,0,17-Apr-17
OPTSTK,TATAGLOBAL,25-May-17,142.5,PE,3.25,3.25,3.25,3.25,3.25,3,19.67,13500,13500,17-Apr-17
OPTSTK,TATAGLOBAL,25-May-17,145,PE,0,0,0,3,3.2,0,0,54000,0,17-Apr-17
OPTSTK,TATAGLOBAL,25-May-17,147.5,PE,0,0,0,6.35,4.2,0,0,0,0,17-Apr-17
OPTSTK,TATAGLOBAL,25-May-17,150,PE,0,0,0,13.4,5.35,0,0,0,0,17-Apr-17
OPTSTK,TATAGLOBAL,25-May-17,152.5,PE,0,0,0,8.8,6.7,0,0,0,0,17-Apr-17
OPTSTK,TATAGLOBAL,25-May-17,155,PE,0,0,0,16.95,8.2,0,0,0,0,17-Apr-17
OPTSTK,TATAGLOBAL,25-May-17,157.5,PE,0,0,0,11.7,9.85,0,0,0,0,17-Apr-17
OPTSTK,TATAGLOBAL,25-May-17,160,PE,0,0,0,20.8,11.7,0,0,0,0,17-Apr-17
OPTSTK,TATAGLOBAL,25-May-17,162.5,PE,0,0,0,15.05,13.65,0,0,0,0,17-Apr-17
OPTSTK,TATAGLOBAL,25-May-17,165,PE,0,0,0,24.95,15.7,0,0,0,0,17-Apr-17
OPTSTK,TATAGLOBAL,25-May-17,167.5,PE,0,0,0,18.75,17.85,0,0,0,0,17-Apr-17
OPTSTK,TATAGLOBAL,25-May-17,170,PE,0,0,0,29.3,20.1,0,0,0,0,17-Apr-17
OPTSTK,TATAGLOBAL,25-May-17,172.5,PE,0,0,0,22.75,22.4,0,0,0,0,17-Apr-17
OPTSTK,TATAGLOBAL,25-May-17,175,PE,0,0,0,33.8,24.75,0,0,0,0,17-Apr-17
OPTSTK,TATAGLOBAL,25-May-17,177.5,PE,0,0,0,27.05,27.1,0,0,0,0,17-Apr-17
OPTSTK,TATAGLOBAL,29-Jun-17,100,CE,0,0,0,51.9,50.75,0,0,0,0,17-Apr-17
OPTSTK,TATAGLOBAL,29-Jun-17,102.5,CE,0,0,0,49.45,48.3,0,0,0,0,17-Apr-17
OPTSTK,TATAGLOBAL,29-Jun-17,105,CE,0,0,0,47.05,45.85,0,0,0,0,17-Apr-17
OPTSTK,TATAGLOBAL,29-Jun-17,107.5,CE,0,0,0,44.65,43.4,0,0,0,0,17-Apr-17
OPTSTK,TATAGLOBAL,29-Jun-17,110,CE,0,0,0,42.25,40.95,0,0,0,0,17-Apr-17
OPTSTK,TATAGLOBAL,29-Jun-17,112.5,CE,0,0,0,39.95,38.5,0,0,0,0,17-Apr-17
OPTSTK,TATAGLOBAL,29-Jun-17,115,CE,0,0,0,37.6,36.05,0,0,0,0,17-Apr-17
OPTSTK,TATAGLOBAL,29-Jun-17,117.5,CE,0,0,0,35.35,33.65,0,0,0,0,17-Apr-17
OPTSTK,TATAGLOBAL,29-Jun-17,120,CE,0,0,0,33.1,31.25,0,0,0,0,17-Apr-17
OPTSTK,TATAGLOBAL,29-Jun-17,122.5,CE,0,0,0,30.95,28.9,0,0,0,0,17-Apr-17
OPTSTK,TATAGLOBAL,29-Jun-17,125,CE,0,0,0,28.8,26.6,0,0,0,0,17-Apr-17
OPTSTK,TATAGLOBAL,29-Jun-17,127.5,CE,0,0,0,26.75,24.4,0,0,0,0,17-Apr-17
OPTSTK,TATAGLOBAL,29-Jun-17,130,CE,0,0,0,24.75,22.2,0,0,0,0,17-Apr-17
OPTSTK,TATAGLOBAL,29-Jun-17,132.5,CE,0,0,0,22.85,20.1,0,0,0,0,17-Apr-17
OPTSTK,TATAGLOBAL,29-Jun-17,135,CE,0,0,0,21.05,18.1,0,0,0,0,17-Apr-17
OPTSTK,TATAGLOBAL,29-Jun-17,137.5,CE,0,0,0,19.3,16.2,0,0,0,0,17-Apr-17
OPTSTK,TATAGLOBAL,29-Jun-17,140,CE,0,0,0,17.65,14.4,0,0,0,0,17-Apr-17
OPTSTK,TATAGLOBAL,29-Jun-17,142.5,CE,0,0,0,16.05,12.7,0,0,0,0,17-Apr-17
OPTSTK,TATAGLOBAL,29-Jun-17,145,CE,0,0,0,14.6,11.15,0,0,0,0,17-Apr-17
OPTSTK,TATAGLOBAL,29-Jun-17,147.5,CE,0,0,0,13.2,9.7,0,0,0,0,17-Apr-17
OPTSTK,TATAGLOBAL,29-Jun-17,150,CE,0,0,0,11.95,8.4,0,0,0,0,17-Apr-17
OPTSTK,TATAGLOBAL,29-Jun-17,152.5,CE,0,0,0,10.75,7.25,0,0,0,0,17-Apr-17
OPTSTK,TATAGLOBAL,29-Jun-17,155,CE,0,0,0,9.65,6.15,0,0,0,0,17-Apr-17
OPTSTK,TATAGLOBAL,29-Jun-17,157.5,CE,0,0,0,8.6,5.25,0,0,0,0,17-Apr-17
OPTSTK,TATAGLOBAL,29-Jun-17,160,CE,0,0,0,7.7,4.4,0,0,0,0,17-Apr-17
OPTSTK,TATAGLOBAL,29-Jun-17,162.5,CE,0,0,0,6.85,3.7,0,0,0,0,17-Apr-17
OPTSTK,TATAGLOBAL,29-Jun-17,165,CE,0,0,0,6.05,3.1,0,0,0,0,17-Apr-17
OPTSTK,TATAGLOBAL,29-Jun-17,167.5,CE,0,0,0,5.35,2.55,0,0,0,0,17-Apr-17
OPTSTK,TATAGLOBAL,29-Jun-17,170,CE,0,0,0,4.75,2.1,0,0,0,0,17-Apr-17
OPTSTK,TATAGLOBAL,29-Jun-17,172.5,CE,0,0,0,4.15,1.7,0,0,0,0,17-Apr-17
OPTSTK,TATAGLOBAL,29-Jun-17,175,CE,0,0,0,3.65,1.4,0,0,0,0,17-Apr-17
OPTSTK,TATAGLOBAL,29-Jun-17,177.5,CE,0,0,0,3.2,1.15,0,0,0,0,17-Apr-17
OPTSTK,TATAGLOBAL,29-Jun-17,100,PE,0,0,0,0.1,0,0,0,0,0,17-Apr-17
OPTSTK,TATAGLOBAL,29-Jun-17,102.5,PE,0,0,0,0.1,0.05,0,0,0,0,17-Apr-17
OPTSTK,TATAGLOBAL,29-Jun-17,105,PE,0,0,0,0.15,0.05,0,0,0,0,17-Apr-17
OPTSTK,TATAGLOBAL,29-Jun-17,107.5,PE,0,0,0,0.25,0.05,0,0,0,0,17-Apr-17
OPTSTK,TATAGLOBAL,29-Jun-17,110,PE,0,0,0,0.3,0.05,0,0,0,0,17-Apr-17
OPTSTK,TATAGLOBAL,29-Jun-17,112.5,PE,0,0,0,0.4,0.1,0,0,0,0,17-Apr-17
OPTSTK,TATAGLOBAL,29-Jun-17,115,PE,0,0,0,0.55,0.1,0,0,0,0,17-Apr-17
OPTSTK,TATAGLOBAL,29-Jun-17,117.5,PE,0,0,0,0.75,0.2,0,0,0,0,17-Apr-17
OPTSTK,TATAGLOBAL,29-Jun-17,120,PE,0,0,0,1,0.25,0,0,0,0,17-Apr-17
OPTSTK,TATAGLOBAL,29-Jun-17,122.5,PE,0,0,0,1.25,0.4,0,0,0,0,17-Apr-17
OPTSTK,TATAGLOBAL,29-Jun-17,125,PE,0,0,0,1.6,0.55,0,0,0,0,17-Apr-17
OPTSTK,TATAGLOBAL,29-Jun-17,127.5,PE,0,0,0,2,0.8,0,0,0,0,17-Apr-17
OPTSTK,TATAGLOBAL,29-Jun-17,130,PE,0,0,0,2.5,1.05,0,0,0,0,17-Apr-17
OPTSTK,TATAGLOBAL,29-Jun-17,132.5,PE,0,0,0,3.05,1.45,0,0,0,0,17-Apr-17
OPTSTK,TATAGLOBAL,29-Jun-17,135,PE,0,0,0,3.65,1.9,0,0,0,0,17-Apr-17
OPTSTK,TATAGLOBAL,29-Jun-17,137.5,PE,0,0,0,4.35,2.45,0,0,0,0,17-Apr-17
OPTSTK,TATAGLOBAL,29-Jun-17,140,PE,0,0,0,5.15,3.15,0,0,0,0,17-Apr-17
OPTSTK,TATAGLOBAL,29-Jun-17,142.5,PE,0,0,0,6.05,3.9,0,0,0,0,17-Apr-17
OPTSTK,TATAGLOBAL,29-Jun-17,145,PE,0,0,0,7.05,4.8,0,0,0,0,17-Apr-17
OPTSTK,TATAGLOBAL,29-Jun-17,147.5,PE,0,0,0,8.15,5.85,0,0,0,0,17-Apr-17
OPTSTK,TATAGLOBAL,29-Jun-17,150,PE,0,0,0,9.3,7,0,0,0,0,17-Apr-17
OPTSTK,TATAGLOBAL,29-Jun-17,152.5,PE,0,0,0,10.55,8.3,0,0,0,0,17-Apr-17
OPTSTK,TATAGLOBAL,29-Jun-17,155,PE,0,0,0,11.95,9.7,0,0,0,0,17-Apr-17
OPTSTK,TATAGLOBAL,29-Jun-17,157.5,PE,0,0,0,13.35,11.25,0,0,0,0,17-Apr-17
OPTSTK,TATAGLOBAL,29-Jun-17,160,PE,0,0,0,14.9,12.9,0,0,0,0,17-Apr-17
OPTSTK,TATAGLOBAL,29-Jun-17,162.5,PE,0,0,0,16.5,14.65,0,0,0,0,17-Apr-17
OPTSTK,TATAGLOBAL,29-Jun-17,165,PE,0,0,0,18.2,16.5,0,0,0,0,17-Apr-17
OPTSTK,TATAGLOBAL,29-Jun-17,167.5,PE,0,0,0,19.95,18.45,0,0,0,0,17-Apr-17
OPTSTK,TATAGLOBAL,29-Jun-17,170,PE,0,0,0,21.8,20.45,0,0,0,0,17-Apr-17
OPTSTK,TATAGLOBAL,29-Jun-17,172.5,PE,0,0,0,23.65,22.55,0,0,0,0,17-Apr-17
OPTSTK,TATAGLOBAL,29-Jun-17,175,PE,0,0,0,25.6,24.7,0,0,0,0,17-Apr-17
OPTSTK,TATAGLOBAL,29-Jun-17,177.5,PE,0,0,0,27.6,26.9,0,0,0,0,17-Apr-17
OPTSTK,TATAMOTORS,27-Apr-17,340,CE,0,0,0,214.55,109.8,0,0,0,0,17-Apr-17
OPTSTK,TATAMOTORS,27-Apr-17,350,CE,0,0,0,120.15,99.85,0,0,0,0,17-Apr-17
OPTSTK,TATAMOTORS,27-Apr-17,360,CE,0,0,0,194.95,89.85,0,0,0,0,17-Apr-17
OPTSTK,TATAMOTORS,27-Apr-17,370,CE,0,0,0,100.35,79.85,0,0,0,0,17-Apr-17
OPTSTK,TATAMOTORS,27-Apr-17,380,CE,0,0,0,175.45,69.9,0,0,0,0,17-Apr-17
OPTSTK,TATAMOTORS,27-Apr-17,390,CE,0,0,0,80,59.9,0,0,1500,0,17-Apr-17
OPTSTK,TATAMOTORS,27-Apr-17,400,CE,0,0,0,70.9,50,0,0,21000,0,17-Apr-17
OPTSTK,TATAMOTORS,27-Apr-17,410,CE,0,0,0,60,40.2,0,0,1500,0,17-Apr-17
OPTSTK,TATAMOTORS,27-Apr-17,420,CE,30.5,32.4,30.5,32.4,32.4,3,20.3,12000,1500,17-Apr-17
OPTSTK,TATAMOTORS,27-Apr-17,430,CE,0,0,0,27,22.15,0,0,1500,0,17-Apr-17
OPTSTK,TATAMOTORS,27-Apr-17,440,CE,14.05,19.5,14,14.55,14.55,24,164.1,75000,12000,17-Apr-17
OPTSTK,TATAMOTORS,27-Apr-17,450,CE,9.1,12.2,8.1,8.75,8.75,1159,7995.9,334500,213000,17-Apr-17
OPTSTK,TATAMOTORS,27-Apr-17,460,CE,6.6,7.15,4.4,4.85,4.85,2542,17753.36,1458000,478500,17-Apr-17
OPTSTK,TATAMOTORS,27-Apr-17,470,CE,3.45,3.9,2.3,2.5,2.5,1607,11401.43,1266000,264000,17-Apr-17
OPTSTK,TATAMOTORS,27-Apr-17,480,CE,2,2.15,1.3,1.45,1.45,1696,12253.79,3984000,261000,17-Apr-17
OPTSTK,TATAMOTORS,27-Apr-17,490,CE,1.2,1.3,0.8,0.85,0.85,691,5089.09,780000,61500,17-Apr-17
OPTSTK,TATAMOTORS,27-Apr-17,500,CE,0.8,0.85,0.55,0.6,0.6,849,6375.8,2956500,166500,17-Apr-17
OPTSTK,TATAMOTORS,27-Apr-17,510,CE,0.4,0.5,0.35,0.4,0.4,112,857.51,417000,7500,17-Apr-17
OPTSTK,TATAMOTORS,27-Apr-17,520,CE,0.4,0.4,0.25,0.3,0.3,172,1342.46,912000,13500,17-Apr-17
OPTSTK,TATAMOTORS,27-Apr-17,530,CE,0.3,0.3,0.2,0.3,0.3,6,47.72,123000,-3000,17-Apr-17
OPTSTK,TATAMOTORS,27-Apr-17,540,CE,0.2,0.25,0.2,0.25,0.25,20,162.07,507000,-9000,17-Apr-17
OPTSTK,TATAMOTORS,27-Apr-17,550,CE,0.2,0.2,0.2,0.2,0.2,10,82.53,45000,9000,17-Apr-17
OPTSTK,TATAMOTORS,27-Apr-17,560,CE,0.1,0.1,0.05,0.1,0.1,7,58.8,90000,0,17-Apr-17
OPTSTK,TATAMOTORS,27-Apr-17,570,CE,0,0,0,0.45,0,0,0,0,0,17-Apr-17
OPTSTK,TATAMOTORS,27-Apr-17,580,CE,0,0,0,27.7,0,0,0,0,0,17-Apr-17
OPTSTK,TATAMOTORS,27-Apr-17,590,CE,0,0,0,0.15,0,0,0,0,0,17-Apr-17
OPTSTK,TATAMOTORS,27-Apr-17,600,CE,0,0,0,0.1,0,0,0,36000,0,17-Apr-17
OPTSTK,TATAMOTORS,27-Apr-17,610,CE,0,0,0,0.05,0,0,0,0,0,17-Apr-17
OPTSTK,TATAMOTORS,27-Apr-17,620,CE,0,0,0,15.75,0,0,0,0,0,17-Apr-17
OPTSTK,TATAMOTORS,27-Apr-17,630,CE,0,0,0,0.05,0,0,0,0,0,17-Apr-17
OPTSTK,TATAMOTORS,27-Apr-17,640,CE,0,0,0,11.6,0,0,0,0,0,17-Apr-17
OPTSTK,TATAMOTORS,27-Apr-17,650,CE,0,0,0,0.05,0,0,0,0,0,17-Apr-17
OPTSTK,TATAMOTORS,27-Apr-17,660,CE,0,0,0,8.4,0,0,0,0,0,17-Apr-17
OPTSTK,TATAMOTORS,27-Apr-17,680,CE,0.25,0.25,0.25,0.25,0.25,1,10.2,1500,1500,17-Apr-17
OPTSTK,TATAMOTORS,27-Apr-17,340,PE,0,0,0,0.05,0,0,0,0,0,17-Apr-17
OPTSTK,TATAMOTORS,27-Apr-17,350,PE,0,0,0,0.05,0,0,0,0,0,17-Apr-17
OPTSTK,TATAMOTORS,27-Apr-17,360,PE,0,0,0,0.15,0,0,0,0,0,17-Apr-17
OPTSTK,TATAMOTORS,27-Apr-17,370,PE,0,0,0,0.1,0,0,0,0,0,17-Apr-17
OPTSTK,TATAMOTORS,27-Apr-17,380,PE,0.05,0.05,0.05,0.05,0.05,1,5.7,1500,0,17-Apr-17
OPTSTK,TATAMOTORS,27-Apr-17,390,PE,0,0,0,0.4,0.05,0,0,0,0,17-Apr-17
OPTSTK,TATAMOTORS,27-Apr-17,400,PE,0.4,0.4,0.3,0.4,0.4,9,54.04,142500,1500,17-Apr-17
OPTSTK,TATAMOTORS,27-Apr-17,410,PE,0.6,0.75,0.4,0.5,0.5,79,486.51,79500,3000,17-Apr-17
OPTSTK,TATAMOTORS,27-Apr-17,420,PE,1.25,1.55,0.7,1,1,425,2684,478500,45000,17-Apr-17
OPTSTK,TATAMOTORS,27-Apr-17,430,PE,2.45,3,1.45,2,2,478,3097.68,340500,70500,17-Apr-17
OPTSTK,TATAMOTORS,27-Apr-17,440,PE,4.65,5.75,2.95,4.2,4.2,1730,11525.69,916500,-3000,17-Apr-17
OPTSTK,TATAMOTORS,27-Apr-17,450,PE,9,10.3,5.9,8.05,8.05,1529,10498.14,397500,16500,17-Apr-17
OPTSTK,TATAMOTORS,27-Apr-17,460,PE,13.9,16.15,10.7,13.75,13.75,286,2030.87,1345500,21000,17-Apr-17
OPTSTK,TATAMOTORS,27-Apr-17,470,PE,24,24.4,19.55,22.5,22.5,21,154.82,249000,-13500,17-Apr-17
OPTSTK,TATAMOTORS,27-Apr-17,480,PE,30.4,31.5,30,30,30,9,68.94,319500,-1500,17-Apr-17
OPTSTK,TATAMOTORS,27-Apr-17,490,PE,0,0,0,28.05,40.4,0,0,7500,0,17-Apr-17
OPTSTK,TATAMOTORS,27-Apr-17,500,PE,50.5,50.65,47.5,50.65,50.65,4,32.95,223500,1500,17-Apr-17
OPTSTK,TATAMOTORS,27-Apr-17,510,PE,0,0,0,44.3,60,0,0,0,0,17-Apr-17
OPTSTK,TATAMOTORS,27-Apr-17,520,PE,0,0,0,47.05,69.95,0,0,97500,0,17-Apr-17
OPTSTK,TATAMOTORS,27-Apr-17,530,PE,0,0,0,61.4,79.9,0,0,0,0,17-Apr-17
OPTSTK,TATAMOTORS,27-Apr-17,540,PE,0,0,0,71,89.9,0,0,64500,0,17-Apr-17
OPTSTK,TATAMOTORS,27-Apr-17,550,PE,0,0,0,79.95,99.85,0,0,0,0,17-Apr-17
OPTSTK,TATAMOTORS,27-Apr-17,560,PE,0,0,0,84.35,109.85,0,0,85500,0,17-Apr-17
OPTSTK,TATAMOTORS,27-Apr-17,570,PE,0,0,0,99.2,119.85,0,0,0,0,17-Apr-17
OPTSTK,TATAMOTORS,27-Apr-17,580,PE,0,0,0,109.2,129.8,0,0,7500,0,17-Apr-17
OPTSTK,TATAMOTORS,27-Apr-17,590,PE,0,0,0,118.85,139.8,0,0,0,0,17-Apr-17
OPTSTK,TATAMOTORS,27-Apr-17,600,PE,0,0,0,124.15,149.8,0,0,42000,0,17-Apr-17
OPTSTK,TATAMOTORS,27-Apr-17,610,PE,0,0,0,138.65,159.75,0,0,0,0,17-Apr-17
OPTSTK,TATAMOTORS,27-Apr-17,620,PE,0,0,0,149,169.75,0,0,1500,0,17-Apr-17
OPTSTK,TATAMOTORS,27-Apr-17,630,PE,0,0,0,158.5,179.7,0,0,0,0,17-Apr-17
OPTSTK,TATAMOTORS,27-Apr-17,640,PE,0,0,0,92.2,189.7,0,0,0,0,17-Apr-17
OPTSTK,TATAMOTORS,27-Apr-17,650,PE,0,0,0,178.4,199.7,0,0,0,0,17-Apr-17
OPTSTK,TATAMOTORS,27-Apr-17,660,PE,0,0,0,190,209.65,0,0,10500,0,17-Apr-17
OPTSTK,TATAMOTORS,27-Apr-17,680,PE,261.5,261.5,229.05,229.05,229.05,2,27.75,16500,-1500,17-Apr-17
OPTSTK,TATAMOTORS,25-May-17,340,CE,0,0,0,132.5,111.55,0,0,0,0,17-Apr-17
OPTSTK,TATAMOTORS,25-May-17,350,CE,0,0,0,122.2,101.65,0,0,0,0,17-Apr-17
OPTSTK,TATAMOTORS,25-May-17,360,CE,0,0,0,115.8,91.75,0,0,0,0,17-Apr-17
OPTSTK,TATAMOTORS,25-May-17,370,CE,0,0,0,102.95,82,0,0,0,0,17-Apr-17
OPTSTK,TATAMOTORS,25-May-17,380,CE,0,0,0,100.2,72.35,0,0,0,0,17-Apr-17
OPTSTK,TATAMOTORS,25-May-17,390,CE,0,0,0,84.35,63,0,0,0,0,17-Apr-17
OPTSTK,TATAMOTORS,25-May-17,400,CE,0,0,0,85.85,53.95,0,0,0,0,17-Apr-17
OPTSTK,TATAMOTORS,25-May-17,410,CE,0,0,0,66.9,45.4,0,0,0,0,17-Apr-17
OPTSTK,TATAMOTORS,25-May-17,420,CE,0,0,0,72.9,37.5,0,0,0,0,17-Apr-17
OPTSTK,TATAMOTORS,25-May-17,430,CE,0,0,0,35,30.3,0,0,1500,0,17-Apr-17
OPTSTK,TATAMOTORS,25-May-17,440,CE,25,25.5,24.5,25.05,25.05,8,55.8,7500,7500,17-Apr-17
OPTSTK,TATAMOTORS,25-May-17,450,CE,20.3,21,19.5,19.5,19.5,11,77.66,16500,16500,17-Apr-17
OPTSTK,TATAMOTORS,25-May-17,460,CE,15.5,17.55,15,15.9,15.9,91,649.59,238500,84000,17-Apr-17
OPTSTK,TATAMOTORS,25-May-17,470,CE,11,12.55,10.15,11.5,11.5,16,115.53,36000,16500,17-Apr-17
OPTSTK,TATAMOTORS,25-May-17,480,CE,9.7,10.55,8.5,9.6,9.6,16,117.46,69000,4500,17-Apr-17
OPTSTK,TATAMOTORS,25-May-17,490,CE,7,7.55,7,7.55,7.55,3,22.37,9000,1500,17-Apr-17
OPTSTK,TATAMOTORS,25-May-17,500,CE,4.95,6.1,4.6,4.65,4.65,27,204.51,75000,16500,17-Apr-17
OPTSTK,TATAMOTORS,25-May-17,510,CE,0,0,0,8,2.45,0,0,1500,0,17-Apr-17
OPTSTK,TATAMOTORS,25-May-17,520,CE,0,0,0,3.35,1.6,0,0,9000,0,17-Apr-17
OPTSTK,TATAMOTORS,25-May-17,530,CE,0,0,0,7.5,1.05,0,0,0,0,17-Apr-17
OPTSTK,TATAMOTORS,25-May-17,540,CE,2,2,2,2,2,1,8.13,16500,0,17-Apr-17
OPTSTK,TATAMOTORS,25-May-17,550,CE,0,0,0,4.55,0.4,0,0,0,0,17-Apr-17
OPTSTK,TATAMOTORS,25-May-17,560,CE,0,0,0,18.5,0.25,0,0,0,0,17-Apr-17
OPTSTK,TATAMOTORS,25-May-17,570,CE,0,0,0,2.65,0.15,0,0,0,0,17-Apr-17
OPTSTK,TATAMOTORS,25-May-17,580,CE,0,0,0,14.8,0.1,0,0,0,0,17-Apr-17
OPTSTK,TATAMOTORS,25-May-17,590,CE,0,0,0,1.5,0.05,0,0,0,0,17-Apr-17
OPTSTK,TATAMOTORS,25-May-17,600,CE,0,0,0,11.8,0.05,0,0,0,0,17-Apr-17
OPTSTK,TATAMOTORS,25-May-17,610,CE,0,0,0,0.85,0.05,0,0,0,0,17-Apr-17
OPTSTK,TATAMOTORS,25-May-17,620,CE,0,0,0,9.35,0.05,0,0,0,0,17-Apr-17
OPTSTK,TATAMOTORS,25-May-17,630,CE,0,0,0,0.45,0,0,0,0,0,17-Apr-17
OPTSTK,TATAMOTORS,25-May-17,640,CE,0,0,0,7.4,0,0,0,0,0,17-Apr-17
OPTSTK,TATAMOTORS,25-May-17,650,CE,0,0,0,0.25,0,0,0,0,0,17-Apr-17
OPTSTK,TATAMOTORS,25-May-17,660,CE,0,0,0,5.8,0,0,0,0,0,17-Apr-17
OPTSTK,TATAMOTORS,25-May-17,340,PE,0,0,0,4.8,0.05,0,0,0,0,17-Apr-17
OPTSTK,TATAMOTORS,25-May-17,350,PE,0,0,0,0.25,0.05,0,0,0,0,17-Apr-17
OPTSTK,TATAMOTORS,25-May-17,360,PE,0,0,0,7.8,0.15,0,0,0,0,17-Apr-17
OPTSTK,TATAMOTORS,25-May-17,370,PE,0,0,0,0.75,0.3,0,0,0,0,17-Apr-17
OPTSTK,TATAMOTORS,25-May-17,380,PE,0,0,0,11.9,0.6,0,0,0,0,17-Apr-17
OPTSTK,TATAMOTORS,25-May-17,390,PE,0,0,0,1.95,1.15,0,0,0,0,17-Apr-17
OPTSTK,TATAMOTORS,25-May-17,400,PE,2.5,2.6,2.5,2.6,2.6,2,12.07,6000,3000,17-Apr-17
OPTSTK,TATAMOTORS,25-May-17,410,PE,4,4.2,3.4,4.15,4.15,12,74.5,25500,18000,17-Apr-17
OPTSTK,TATAMOTORS,25-May-17,420,PE,5.1,5.8,5,5.8,5.8,6,38.28,21000,9000,17-Apr-17
OPTSTK,TATAMOTORS,25-May-17,430,PE,8.2,9,8.2,9,9,3,19.73,9000,4500,17-Apr-17
OPTSTK,TATAMOTORS,25-May-17,440,PE,12.6,13,11,12.45,12.45,16,108.49,75000,12000,17-Apr-17
OPTSTK,TATAMOTORS,25-May-17,450,PE,16.8,17,16,16.95,16.95,4,28,28500,6000,17-Apr-17
OPTSTK,TATAMOTORS,25-May-17,460,PE,21.55,24.65,20.9,20.9,20.9,9,65.01,54000,0,17-Apr-17
OPTSTK,TATAMOTORS,25-May-17,470,PE,0,0,0,27.5,28,0,0,3000,0,17-Apr-17
OPTSTK,TATAMOTORS,25-May-17,480,PE,0,0,0,33,35.05,0,0,46500,0,17-Apr-17
OPTSTK,TATAMOTORS,25-May-17,490,PE,44.7,44.7,44.7,44.7,44.7,1,8.02,3000,0,17-Apr-17
OPTSTK,TATAMOTORS,25-May-17,500,PE,0,0,0,47.05,51.05,0,0,16500,0,17-Apr-17
OPTSTK,TATAMOTORS,25-May-17,510,PE,0,0,0,48.3,59.8,0,0,0,0,17-Apr-17
OPTSTK,TATAMOTORS,25-May-17,520,PE,0,0,0,51,68.9,0,0,1500,0,17-Apr-17
OPTSTK,TATAMOTORS,25-May-17,530,PE,0,0,0,63.7,78.25,0,0,0,0,17-Apr-17
OPTSTK,TATAMOTORS,25-May-17,540,PE,0,0,0,92.1,87.85,0,0,0,0,17-Apr-17
OPTSTK,TATAMOTORS,25-May-17,550,PE,0,0,0,80.55,97.5,0,0,0,0,17-Apr-17
OPTSTK,TATAMOTORS,25-May-17,560,PE,0,0,0,107.35,107.3,0,0,0,0,17-Apr-17
OPTSTK,TATAMOTORS,25-May-17,570,PE,0,0,0,98.45,117.1,0,0,0,0,17-Apr-17
OPTSTK,TATAMOTORS,25-May-17,580,PE,0,0,0,123.35,127,0,0,0,0,17-Apr-17
OPTSTK,TATAMOTORS,25-May-17,590,PE,0,0,0,117.1,136.9,0,0,0,0,17-Apr-17
OPTSTK,TATAMOTORS,25-May-17,600,PE,0,0,0,140,146.8,0,0,0,0,17-Apr-17
OPTSTK,TATAMOTORS,25-May-17,610,PE,0,0,0,136.25,156.7,0,0,0,0,17-Apr-17
OPTSTK,TATAMOTORS,25-May-17,620,PE,0,0,0,157.25,166.65,0,0,0,0,17-Apr-17
OPTSTK,TATAMOTORS,25-May-17,630,PE,0,0,0,155.65,176.6,0,0,0,0,17-Apr-17
OPTSTK,TATAMOTORS,25-May-17,640,PE,0,0,0,175,186.5,0,0,0,0,17-Apr-17
OPTSTK,TATAMOTORS,25-May-17,650,PE,0,0,0,175.25,196.45,0,0,0,0,17-Apr-17
OPTSTK,TATAMOTORS,25-May-17,660,PE,0,0,0,193.1,206.35,0,0,0,0,17-Apr-17
OPTSTK,TATAMOTORS,29-Jun-17,340,CE,0,0,0,134.65,113.9,0,0,0,0,17-Apr-17
OPTSTK,TATAMOTORS,29-Jun-17,350,CE,0,0,0,125.2,104.25,0,0,0,0,17-Apr-17
OPTSTK,TATAMOTORS,29-Jun-17,360,CE,0,0,0,115.85,94.75,0,0,0,0,17-Apr-17
OPTSTK,TATAMOTORS,29-Jun-17,370,CE,0,0,0,106.75,85.5,0,0,0,0,17-Apr-17
OPTSTK,TATAMOTORS,29-Jun-17,380,CE,0,0,0,97.85,76.45,0,0,0,0,17-Apr-17
OPTSTK,TATAMOTORS,29-Jun-17,390,CE,0,0,0,89.25,67.8,0,0,0,0,17-Apr-17
OPTSTK,TATAMOTORS,29-Jun-17,400,CE,0,0,0,80.95,59.55,0,0,0,0,17-Apr-17
OPTSTK,TATAMOTORS,29-Jun-17,410,CE,0,0,0,73.05,51.75,0,0,0,0,17-Apr-17
OPTSTK,TATAMOTORS,29-Jun-17,420,CE,0,0,0,65.55,44.55,0,0,0,0,17-Apr-17
OPTSTK,TATAMOTORS,29-Jun-17,430,CE,0,0,0,58.5,37.9,0,0,0,0,17-Apr-17
OPTSTK,TATAMOTORS,29-Jun-17,440,CE,0,0,0,51.9,31.95,0,0,0,0,17-Apr-17
OPTSTK,TATAMOTORS,29-Jun-17,450,CE,0,0,0,45.8,26.65,0,0,0,0,17-Apr-17
OPTSTK,TATAMOTORS,29-Jun-17,460,CE,0,0,0,40.15,21.95,0,0,0,0,17-Apr-17
OPTSTK,TATAMOTORS,29-Jun-17,470,CE,0,0,0,35.05,17.9,0,0,0,0,17-Apr-17
OPTSTK,TATAMOTORS,29-Jun-17,480,CE,0,0,0,30.4,14.45,0,0,0,0,17-Apr-17
OPTSTK,TATAMOTORS,29-Jun-17,490,CE,0,0,0,26.2,11.55,0,0,0,0,17-Apr-17
OPTSTK,TATAMOTORS,29-Jun-17,500,CE,0,0,0,22.5,9.15,0,0,0,0,17-Apr-17
OPTSTK,TATAMOTORS,29-Jun-17,510,CE,0,0,0,19.2,7.15,0,0,0,0,17-Apr-17
OPTSTK,TATAMOTORS,29-Jun-17,520,CE,0,0,0,16.3,5.55,0,0,0,0,17-Apr-17
OPTSTK,TATAMOTORS,29-Jun-17,530,CE,0,0,0,13.8,4.25,0,0,0,0,17-Apr-17
OPTSTK,TATAMOTORS,29-Jun-17,540,CE,0,0,0,8,3.25,0,0,1500,0,17-Apr-17
OPTSTK,TATAMOTORS,29-Jun-17,550,CE,0,0,0,9.7,2.45,0,0,0,0,17-Apr-17
OPTSTK,TATAMOTORS,29-Jun-17,560,CE,0,0,0,8.1,1.85,0,0,0,0,17-Apr-17
OPTSTK,TATAMOTORS,29-Jun-17,570,CE,0,0,0,6.75,1.35,0,0,0,0,17-Apr-17
OPTSTK,TATAMOTORS,29-Jun-17,580,CE,0,0,0,5.55,1,0,0,0,0,17-Apr-17
OPTSTK,TATAMOTORS,29-Jun-17,590,CE,0,0,0,4.6,0.75,0,0,0,0,17-Apr-17
OPTSTK,TATAMOTORS,29-Jun-17,600,CE,0,0,0,3.75,0.55,0,0,0,0,17-Apr-17
OPTSTK,TATAMOTORS,29-Jun-17,610,CE,0,0,0,3.05,0.4,0,0,0,0,17-Apr-17
OPTSTK,TATAMOTORS,29-Jun-17,620,CE,0,0,0,2.5,0.3,0,0,0,0,17-Apr-17
OPTSTK,TATAMOTORS,29-Jun-17,630,CE,0,0,0,2.05,0.2,0,0,0,0,17-Apr-17
OPTSTK,TATAMOTORS,29-Jun-17,640,CE,0,0,0,1.65,0.15,0,0,0,0,17-Apr-17
OPTSTK,TATAMOTORS,29-Jun-17,650,CE,0,0,0,1.35,0.1,0,0,0,0,17-Apr-17
OPTSTK,TATAMOTORS,29-Jun-17,660,CE,0,0,0,1.05,0.1,0,0,0,0,17-Apr-17
OPTSTK,TATAMOTORS,29-Jun-17,340,PE,0,0,0,0.65,0.3,0,0,0,0,17-Apr-17
OPTSTK,TATAMOTORS,29-Jun-17,350,PE,0,0,0,1,0.55,0,0,0,0,17-Apr-17
OPTSTK,TATAMOTORS,29-Jun-17,360,PE,0,0,0,1.55,0.9,0,0,0,0,17-Apr-17
OPTSTK,TATAMOTORS,29-Jun-17,370,PE,0,0,0,2.25,1.5,0,0,0,0,17-Apr-17
OPTSTK,TATAMOTORS,29-Jun-17,380,PE,0,0,0,3.2,2.35,0,0,0,0,17-Apr-17
OPTSTK,TATAMOTORS,29-Jun-17,390,PE,0,0,0,4.4,3.55,0,0,0,0,17-Apr-17
OPTSTK,TATAMOTORS,29-Jun-17,400,PE,0,0,0,6,5.15,0,0,0,0,17-Apr-17
OPTSTK,TATAMOTORS,29-Jun-17,410,PE,0,0,0,7.9,7.25,0,0,0,0,17-Apr-17
OPTSTK,TATAMOTORS,29-Jun-17,420,PE,0,0,0,10.25,9.9,0,0,0,0,17-Apr-17
OPTSTK,TATAMOTORS,29-Jun-17,430,PE,0,0,0,13,13.15,0,0,0,0,17-Apr-17
OPTSTK,TATAMOTORS,29-Jun-17,440,PE,0,0,0,16.25,17.05,0,0,0,0,17-Apr-17
OPTSTK,TATAMOTORS,29-Jun-17,450,PE,0,0,0,19.95,21.6,0,0,0,0,17-Apr-17
OPTSTK,TATAMOTORS,29-Jun-17,460,PE,0,0,0,24.15,26.8,0,0,0,0,17-Apr-17
OPTSTK,TATAMOTORS,29-Jun-17,470,PE,0,0,0,28.9,32.65,0,0,0,0,17-Apr-17
OPTSTK,TATAMOTORS,29-Jun-17,480,PE,0,0,0,34.05,39.05,0,0,0,0,17-Apr-17
OPTSTK,TATAMOTORS,29-Jun-17,490,PE,0,0,0,39.75,46,0,0,0,0,17-Apr-17
OPTSTK,TATAMOTORS,29-Jun-17,500,PE,0,0,0,45.85,53.5,0,0,0,0,17-Apr-17
OPTSTK,TATAMOTORS,29-Jun-17,510,PE,0,0,0,52.4,61.35,0,0,0,0,17-Apr-17
OPTSTK,TATAMOTORS,29-Jun-17,520,PE,0,0,0,59.35,69.6,0,0,0,0,17-Apr-17
OPTSTK,TATAMOTORS,29-Jun-17,530,PE,0,0,0,66.65,78.2,0,0,0,0,17-Apr-17
OPTSTK,TATAMOTORS,29-Jun-17,540,PE,0,0,0,74.3,87.05,0,0,0,0,17-Apr-17
OPTSTK,TATAMOTORS,29-Jun-17,550,PE,0,0,0,82.25,96.15,0,0,0,0,17-Apr-17
OPTSTK,TATAMOTORS,29-Jun-17,560,PE,0,0,0,90.45,105.4,0,0,0,0,17-Apr-17
OPTSTK,TATAMOTORS,29-Jun-17,570,PE,0,0,0,98.95,114.8,0,0,0,0,17-Apr-17
OPTSTK,TATAMOTORS,29-Jun-17,580,PE,0,0,0,107.6,124.3,0,0,0,0,17-Apr-17
OPTSTK,TATAMOTORS,29-Jun-17,590,PE,0,0,0,116.45,133.9,0,0,0,0,17-Apr-17
OPTSTK,TATAMOTORS,29-Jun-17,600,PE,0,0,0,125.45,143.6,0,0,0,0,17-Apr-17
OPTSTK,TATAMOTORS,29-Jun-17,610,PE,0,0,0,134.6,153.3,0,0,0,0,17-Apr-17
OPTSTK,TATAMOTORS,29-Jun-17,620,PE,0,0,0,143.85,163.1,0,0,0,0,17-Apr-17
OPTSTK,TATAMOTORS,29-Jun-17,630,PE,0,0,0,153.25,172.85,0,0,0,0,17-Apr-17
OPTSTK,TATAMOTORS,29-Jun-17,640,PE,0,0,0,162.7,182.7,0,0,0,0,17-Apr-17
OPTSTK,TATAMOTORS,29-Jun-17,650,PE,0,0,0,172.2,192.5,0,0,0,0,17-Apr-17
OPTSTK,TATAMOTORS,29-Jun-17,660,PE,0,0,0,181.8,202.35,0,0,0,0,17-Apr-17
OPTSTK,TATAMTRDVR,27-Apr-17,210,CE,0,0,0,126.25,66.5,0,0,0,0,17-Apr-17
OPTSTK,TATAMTRDVR,27-Apr-17,220,CE,0,0,0,124.85,56.5,0,0,0,0,17-Apr-17
OPTSTK,TATAMTRDVR,27-Apr-17,230,CE,0,0,0,115.15,46.5,0,0,0,0,17-Apr-17
OPTSTK,TATAMTRDVR,27-Apr-17,240,CE,0,0,0,105.5,36.55,0,0,0,0,17-Apr-17
OPTSTK,TATAMTRDVR,27-Apr-17,250,CE,0,0,0,95.95,26.7,0,0,0,0,17-Apr-17
OPTSTK,TATAMTRDVR,27-Apr-17,260,CE,0,0,0,86.65,17.35,0,0,0,0,17-Apr-17
OPTSTK,TATAMTRDVR,27-Apr-17,270,CE,8,9.35,8,9.35,9.35,8,46.85,14700,10500,17-Apr-17
OPTSTK,TATAMTRDVR,27-Apr-17,280,CE,3.8,4.85,3.25,3.75,3.75,63,375.77,348600,39900,17-Apr-17
OPTSTK,TATAMTRDVR,27-Apr-17,290,CE,1.3,1.75,1.1,1.25,1.25,79,483.51,394800,27300,17-Apr-17
OPTSTK,TATAMTRDVR,27-Apr-17,300,CE,0.7,0.9,0.55,0.6,0.6,48,303.06,401100,-27300,17-Apr-17
OPTSTK,TATAMTRDVR,27-Apr-17,310,CE,0.6,0.6,0.35,0.4,0.4,8,52.15,130200,4200,17-Apr-17
OPTSTK,TATAMTRDVR,27-Apr-17,320,CE,0,0,0,0.3,0.05,0,0,50400,0,17-Apr-17
OPTSTK,TATAMTRDVR,27-Apr-17,330,CE,0,0,0,0.55,0,0,0,4200,0,17-Apr-17
OPTSTK,TATAMTRDVR,27-Apr-17,340,CE,0,0,0,0.15,0,0,0,2100,0,17-Apr-17
OPTSTK,TATAMTRDVR,27-Apr-17,350,CE,0,0,0,23,0,0,0,0,0,17-Apr-17
OPTSTK,TATAMTRDVR,27-Apr-17,360,CE,0,0,0,18.95,0,0,0,0,0,17-Apr-17
OPTSTK,TATAMTRDVR,27-Apr-17,370,CE,0,0,0,15.45,0,0,0,0,0,17-Apr-17
OPTSTK,TATAMTRDVR,27-Apr-17,380,CE,0,0,0,12.5,0,0,0,0,0,17-Apr-17
OPTSTK,TATAMTRDVR,27-Apr-17,390,CE,0,0,0,10.05,0,0,0,0,0,17-Apr-17
OPTSTK,TATAMTRDVR,27-Apr-17,400,CE,0,0,0,8,0,0,0,0,0,17-Apr-17
OPTSTK,TATAMTRDVR,27-Apr-17,410,CE,0,0,0,6.3,0,0,0,0,0,17-Apr-17
OPTSTK,TATAMTRDVR,27-Apr-17,420,CE,0,0,0,4.95,0,0,0,0,0,17-Apr-17
OPTSTK,TATAMTRDVR,27-Apr-17,210,PE,0,0,0,0.05,0,0,0,0,0,17-Apr-17
OPTSTK,TATAMTRDVR,27-Apr-17,220,PE,0,0,0,0.1,0,0,0,0,0,17-Apr-17
OPTSTK,TATAMTRDVR,27-Apr-17,230,PE,0,0,0,0.2,0,0,0,0,0,17-Apr-17
OPTSTK,TATAMTRDVR,27-Apr-17,240,PE,0,0,0,0.05,0.05,0,0,6300,0,17-Apr-17
OPTSTK,TATAMTRDVR,27-Apr-17,250,PE,0,0,0,0.4,0.15,0,0,14700,0,17-Apr-17
OPTSTK,TATAMTRDVR,27-Apr-17,260,PE,0.6,0.6,0.6,0.6,0.6,1,5.47,75600,0,17-Apr-17
OPTSTK,TATAMTRDVR,27-Apr-17,270,PE,2,2.5,1.9,2.25,2.25,35,200.12,126000,12600,17-Apr-17
OPTSTK,TATAMTRDVR,27-Apr-17,280,PE,7.5,7.5,5.5,6.4,6.4,22,132.26,178500,0,17-Apr-17
OPTSTK,TATAMTRDVR,27-Apr-17,290,PE,0,0,0,12.35,14.85,0,0,107100,0,17-Apr-17
OPTSTK,TATAMTRDVR,27-Apr-17,300,PE,24,24,24,24,24,1,6.8,29400,-2100,17-Apr-17
OPTSTK,TATAMTRDVR,27-Apr-17,310,PE,0,0,0,26,33.45,0,0,4200,0,17-Apr-17
OPTSTK,TATAMTRDVR,27-Apr-17,320,PE,0,0,0,31.25,43.35,0,0,6300,0,17-Apr-17
OPTSTK,TATAMTRDVR,27-Apr-17,330,PE,0,0,0,44,53.35,0,0,8400,0,17-Apr-17
OPTSTK,TATAMTRDVR,27-Apr-17,340,PE,0,0,0,20.95,63.35,0,0,0,0,17-Apr-17
OPTSTK,TATAMTRDVR,27-Apr-17,350,PE,0,0,0,26.1,73.3,0,0,0,0,17-Apr-17
OPTSTK,TATAMTRDVR,27-Apr-17,360,PE,0,0,0,31.85,83.3,0,0,0,0,17-Apr-17
OPTSTK,TATAMTRDVR,27-Apr-17,370,PE,0,0,0,38.2,93.3,0,0,0,0,17-Apr-17
OPTSTK,TATAMTRDVR,27-Apr-17,380,PE,0,0,0,45.1,103.25,0,0,0,0,17-Apr-17
OPTSTK,TATAMTRDVR,27-Apr-17,390,PE,0,0,0,52.5,113.25,0,0,0,0,17-Apr-17
OPTSTK,TATAMTRDVR,27-Apr-17,400,PE,0,0,0,113,123.2,0,0,10500,0,17-Apr-17
OPTSTK,TATAMTRDVR,27-Apr-17,410,PE,0,0,0,68.45,133.2,0,0,0,0,17-Apr-17
OPTSTK,TATAMTRDVR,27-Apr-17,420,PE,0,0,0,136,143.2,0,0,2100,0,17-Apr-17
OPTSTK,TATAMTRDVR,25-May-17,210,CE,0,0,0,78.45,67.55,0,0,0,0,17-Apr-17
OPTSTK,TATAMTRDVR,25-May-17,220,CE,0,0,0,70.4,57.7,0,0,0,0,17-Apr-17
OPTSTK,TATAMTRDVR,25-May-17,230,CE,0,0,0,62.85,47.95,0,0,0,0,17-Apr-17
OPTSTK,TATAMTRDVR,25-May-17,240,CE,0,0,0,55.75,38.6,0,0,0,0,17-Apr-17
OPTSTK,TATAMTRDVR,25-May-17,250,CE,0,0,0,49.2,29.8,0,0,0,0,17-Apr-17
OPTSTK,TATAMTRDVR,25-May-17,260,CE,0,0,0,43.2,22,0,0,0,0,17-Apr-17
OPTSTK,TATAMTRDVR,25-May-17,270,CE,16,16,16,16,16,1,6,2100,2100,17-Apr-17
OPTSTK,TATAMTRDVR,25-May-17,280,CE,10.5,10.5,10.5,10.5,10.5,1,6.1,6300,2100,17-Apr-17
OPTSTK,TATAMTRDVR,25-May-17,290,CE,7,7.05,6.5,6.5,6.5,5,31.17,16800,10500,17-Apr-17
OPTSTK,TATAMTRDVR,25-May-17,300,CE,0,0,0,10.3,3.8,0,0,2100,0,17-Apr-17
OPTSTK,TATAMTRDVR,25-May-17,310,CE,2.5,2.5,2.5,2.5,2.5,1,6.56,33600,2100,17-Apr-17
OPTSTK,TATAMTRDVR,25-May-17,320,CE,0,0,0,4.5,1.15,0,0,8400,0,17-Apr-17
OPTSTK,TATAMTRDVR,25-May-17,330,CE,0,0,0,15.3,0.6,0,0,0,0,17-Apr-17
OPTSTK,TATAMTRDVR,25-May-17,340,CE,0,0,0,13,0.3,0,0,0,0,17-Apr-17
OPTSTK,TATAMTRDVR,25-May-17,350,CE,0,0,0,11,0.15,0,0,0,0,17-Apr-17
OPTSTK,TATAMTRDVR,25-May-17,360,CE,0,0,0,9.3,0.05,0,0,0,0,17-Apr-17
OPTSTK,TATAMTRDVR,25-May-17,370,CE,0,0,0,7.85,0.05,0,0,0,0,17-Apr-17
OPTSTK,TATAMTRDVR,25-May-17,380,CE,0,0,0,6.6,0.05,0,0,0,0,17-Apr-17
OPTSTK,TATAMTRDVR,25-May-17,390,CE,0,0,0,5.55,0,0,0,0,0,17-Apr-17
OPTSTK,TATAMTRDVR,25-May-17,400,CE,0,0,0,4.65,0,0,0,0,0,17-Apr-17
OPTSTK,TATAMTRDVR,25-May-17,210,PE,0,0,0,4.2,0.05,0,0,0,0,17-Apr-17
OPTSTK,TATAMTRDVR,25-May-17,220,PE,0,0,0,6,0.1,0,0,0,0,17-Apr-17
OPTSTK,TATAMTRDVR,25-May-17,230,PE,0,0,0,8.3,0.3,0,0,0,0,17-Apr-17
OPTSTK,TATAMTRDVR,25-May-17,240,PE,0,0,0,11.05,0.85,0,0,0,0,17-Apr-17
OPTSTK,TATAMTRDVR,25-May-17,250,PE,0,0,0,3.15,2.05,0,0,23100,0,17-Apr-17
OPTSTK,TATAMTRDVR,25-May-17,260,PE,0,0,0,18.15,4.15,0,0,0,0,17-Apr-17
OPTSTK,TATAMTRDVR,25-May-17,270,PE,0,0,0,22.55,7.5,0,0,0,0,17-Apr-17
OPTSTK,TATAMTRDVR,25-May-17,280,PE,0,0,0,9.75,12.25,0,0,90300,0,17-Apr-17
OPTSTK,TATAMTRDVR,25-May-17,290,PE,0,0,0,13,18.35,0,0,44100,0,17-Apr-17
OPTSTK,TATAMTRDVR,25-May-17,300,PE,0,0,0,22.5,25.7,0,0,6300,0,17-Apr-17
OPTSTK,TATAMTRDVR,25-May-17,310,PE,0,0,0,45.15,33.95,0,0,0,0,17-Apr-17
OPTSTK,TATAMTRDVR,25-May-17,320,PE,0,0,0,51.95,42.9,0,0,0,0,17-Apr-17
OPTSTK,TATAMTRDVR,25-May-17,330,PE,0,0,0,59.15,52.25,0,0,0,0,17-Apr-17
OPTSTK,TATAMTRDVR,25-May-17,340,PE,0,0,0,66.7,61.9,0,0,0,0,17-Apr-17
OPTSTK,TATAMTRDVR,25-May-17,350,PE,0,0,0,74.6,71.7,0,0,0,0,17-Apr-17
OPTSTK,TATAMTRDVR,25-May-17,360,PE,0,0,0,82.7,81.55,0,0,0,0,17-Apr-17
OPTSTK,TATAMTRDVR,25-May-17,370,PE,0,0,0,91.1,91.45,0,0,0,0,17-Apr-17
OPTSTK,TATAMTRDVR,25-May-17,380,PE,0,0,0,99.65,101.35,0,0,0,0,17-Apr-17
OPTSTK,TATAMTRDVR,25-May-17,390,PE,0,0,0,108.45,111.3,0,0,0,0,17-Apr-17
OPTSTK,TATAMTRDVR,25-May-17,400,PE,0,0,0,117.4,121.2,0,0,0,0,17-Apr-17
OPTSTK,TATAMTRDVR,29-Jun-17,210,CE,0,0,0,75.8,69.1,0,0,0,0,17-Apr-17
OPTSTK,TATAMTRDVR,29-Jun-17,220,CE,0,0,0,66.6,59.55,0,0,0,0,17-Apr-17
OPTSTK,TATAMTRDVR,29-Jun-17,230,CE,0,0,0,57.8,50.4,0,0,0,0,17-Apr-17
OPTSTK,TATAMTRDVR,29-Jun-17,240,CE,0,0,0,49.5,41.75,0,0,0,0,17-Apr-17
OPTSTK,TATAMTRDVR,29-Jun-17,250,CE,0,0,0,41.8,33.75,0,0,0,0,17-Apr-17
OPTSTK,TATAMTRDVR,29-Jun-17,260,CE,0,0,0,34.8,26.6,0,0,0,0,17-Apr-17
OPTSTK,TATAMTRDVR,29-Jun-17,270,CE,0,0,0,28.55,20.45,0,0,0,0,17-Apr-17
OPTSTK,TATAMTRDVR,29-Jun-17,280,CE,0,0,0,23.1,15.35,0,0,0,0,17-Apr-17
OPTSTK,TATAMTRDVR,29-Jun-17,290,CE,0,0,0,18.45,11.2,0,0,0,0,17-Apr-17
OPTSTK,TATAMTRDVR,29-Jun-17,300,CE,0,0,0,14.5,7.95,0,0,0,0,17-Apr-17
OPTSTK,TATAMTRDVR,29-Jun-17,310,CE,0,0,0,11.25,5.55,0,0,0,0,17-Apr-17
OPTSTK,TATAMTRDVR,29-Jun-17,320,CE,0,0,0,8.65,3.75,0,0,0,0,17-Apr-17
OPTSTK,TATAMTRDVR,29-Jun-17,330,CE,0,0,0,6.55,2.5,0,0,0,0,17-Apr-17
OPTSTK,TATAMTRDVR,29-Jun-17,340,CE,0,0,0,4.9,1.6,0,0,0,0,17-Apr-17
OPTSTK,TATAMTRDVR,29-Jun-17,350,CE,0,0,0,3.65,1.05,0,0,0,0,17-Apr-17
OPTSTK,TATAMTRDVR,29-Jun-17,360,CE,0,0,0,2.7,0.65,0,0,0,0,17-Apr-17
OPTSTK,TATAMTRDVR,29-Jun-17,370,CE,0,0,0,1.95,0.4,0,0,0,0,17-Apr-17
OPTSTK,TATAMTRDVR,29-Jun-17,380,CE,0,0,0,1.4,0.25,0,0,0,0,17-Apr-17
OPTSTK,TATAMTRDVR,29-Jun-17,390,CE,0,0,0,1,0.15,0,0,0,0,17-Apr-17
OPTSTK,TATAMTRDVR,29-Jun-17,400,CE,0,0,0,0.75,0.1,0,0,0,0,17-Apr-17
OPTSTK,TATAMTRDVR,29-Jun-17,210,PE,0,0,0,0.75,0.25,0,0,0,0,17-Apr-17
OPTSTK,TATAMTRDVR,29-Jun-17,220,PE,0,0,0,1.4,0.65,0,0,0,0,17-Apr-17
OPTSTK,TATAMTRDVR,29-Jun-17,230,PE,0,0,0,2.4,1.35,0,0,0,0,17-Apr-17
OPTSTK,TATAMTRDVR,29-Jun-17,240,PE,0,0,0,3.95,2.55,0,0,0,0,17-Apr-17
OPTSTK,TATAMTRDVR,29-Jun-17,250,PE,0,0,0,6.1,4.4,0,0,0,0,17-Apr-17
OPTSTK,TATAMTRDVR,29-Jun-17,260,PE,0,0,0,8.9,7.15,0,0,0,0,17-Apr-17
OPTSTK,TATAMTRDVR,29-Jun-17,270,PE,0,0,0,12.5,10.9,0,0,0,0,17-Apr-17
OPTSTK,TATAMTRDVR,29-Jun-17,280,PE,0,0,0,16.9,15.6,0,0,0,0,17-Apr-17
OPTSTK,TATAMTRDVR,29-Jun-17,290,PE,0,0,0,22.05,21.35,0,0,0,0,17-Apr-17
OPTSTK,TATAMTRDVR,29-Jun-17,300,PE,0,0,0,27.95,28,0,0,0,0,17-Apr-17
OPTSTK,TATAMTRDVR,29-Jun-17,310,PE,0,0,0,34.55,35.45,0,0,0,0,17-Apr-17
OPTSTK,TATAMTRDVR,29-Jun-17,320,PE,0,0,0,41.8,43.5,0,0,0,0,17-Apr-17
OPTSTK,TATAMTRDVR,29-Jun-17,330,PE,0,0,0,49.5,52.15,0,0,0,0,17-Apr-17
OPTSTK,TATAMTRDVR,29-Jun-17,340,PE,0,0,0,57.7,61.15,0,0,0,0,17-Apr-17
OPTSTK,TATAMTRDVR,29-Jun-17,350,PE,0,0,0,66.3,70.4,0,0,0,0,17-Apr-17
OPTSTK,TATAMTRDVR,29-Jun-17,360,PE,0,0,0,75.15,79.9,0,0,0,0,17-Apr-17
OPTSTK,TATAMTRDVR,29-Jun-17,370,PE,0,0,0,84.25,89.55,0,0,0,0,17-Apr-17
OPTSTK,TATAMTRDVR,29-Jun-17,380,PE,0,0,0,93.55,99.25,0,0,0,0,17-Apr-17
OPTSTK,TATAMTRDVR,29-Jun-17,390,PE,0,0,0,103,109,0,0,0,0,17-Apr-17
OPTSTK,TATAMTRDVR,29-Jun-17,400,PE,0,0,0,112.55,118.85,0,0,0,0,17-Apr-17
OPTSTK,TATAPOWER,27-Apr-17,50,CE,0,0,0,30.95,34.15,0,0,0,0,17-Apr-17
OPTSTK,TATAPOWER,27-Apr-17,52.5,CE,0,0,0,28.5,31.65,0,0,0,0,17-Apr-17
OPTSTK,TATAPOWER,27-Apr-17,55,CE,0,0,0,26.05,29.15,0,0,0,0,17-Apr-17
OPTSTK,TATAPOWER,27-Apr-17,57.5,CE,0,0,0,23.6,26.65,0,0,0,0,17-Apr-17
OPTSTK,TATAPOWER,27-Apr-17,60,CE,0,0,0,21.15,24.15,0,0,0,0,17-Apr-17
OPTSTK,TATAPOWER,27-Apr-17,62.5,CE,0,0,0,18.75,21.7,0,0,0,0,17-Apr-17
OPTSTK,TATAPOWER,27-Apr-17,65,CE,0,0,0,16.4,19.2,0,0,0,0,17-Apr-17
OPTSTK,TATAPOWER,27-Apr-17,67.5,CE,0,0,0,14.15,16.7,0,0,0,0,17-Apr-17
OPTSTK,TATAPOWER,27-Apr-17,70,CE,0,0,0,12,14.2,0,0,0,0,17-Apr-17
OPTSTK,TATAPOWER,27-Apr-17,72.5,CE,0,0,0,10,11.7,0,0,0,0,17-Apr-17
OPTSTK,TATAPOWER,27-Apr-17,75,CE,0,0,0,8.2,9.2,0,0,0,0,17-Apr-17
OPTSTK,TATAPOWER,27-Apr-17,77.5,CE,0,0,0,6.6,6.7,0,0,0,0,17-Apr-17
OPTSTK,TATAPOWER,27-Apr-17,80,CE,4.6,4.6,4.6,4.6,4.6,1,7.61,45000,-9000,17-Apr-17
OPTSTK,TATAPOWER,27-Apr-17,82.5,CE,2.65,2.65,2.3,2.6,2.6,11,84.14,306000,18000,17-Apr-17
OPTSTK,TATAPOWER,27-Apr-17,85,CE,1.5,1.55,1.2,1.35,1.35,81,629.39,1116000,126000,17-Apr-17
OPTSTK,TATAPOWER,27-Apr-17,87.5,CE,0.75,0.75,0.55,0.6,0.6,33,261.74,837000,81000,17-Apr-17
OPTSTK,TATAPOWER,27-Apr-17,90,CE,0.4,0.4,0.25,0.3,0.3,46,373.9,2574000,108000,17-Apr-17
OPTSTK,TATAPOWER,27-Apr-17,92.5,CE,0.25,0.3,0.15,0.15,0.15,6,50.06,630000,27000,17-Apr-17
OPTSTK,TATAPOWER,27-Apr-17,95,CE,0.15,0.15,0.1,0.1,0.1,22,188.36,1467000,81000,17-Apr-17
OPTSTK,TATAPOWER,27-Apr-17,97.5,CE,0.1,0.1,0.1,0.1,0.1,2,17.56,279000,0,17-Apr-17
OPTSTK,TATAPOWER,27-Apr-17,100,CE,0.1,0.1,0.05,0.05,0.05,6,54.03,1134000,-18000,17-Apr-17
OPTSTK,TATAPOWER,27-Apr-17,102.5,CE,0,0,0,0.1,0,0,0,81000,0,17-Apr-17
OPTSTK,TATAPOWER,27-Apr-17,105,CE,0,0,0,0.05,0,0,0,90000,0,17-Apr-17
OPTSTK,TATAPOWER,27-Apr-17,107.5,CE,0,0,0,0.1,0,0,0,18000,0,17-Apr-17
OPTSTK,TATAPOWER,27-Apr-17,50,PE,0,0,0,0.05,0,0,0,0,0,17-Apr-17
OPTSTK,TATAPOWER,27-Apr-17,52.5,PE,0,0,0,0.05,0,0,0,0,0,17-Apr-17
OPTSTK,TATAPOWER,27-Apr-17,55,PE,0,0,0,0.05,0,0,0,0,0,17-Apr-17
OPTSTK,TATAPOWER,27-Apr-17,57.5,PE,0,0,0,0.05,0,0,0,0,0,17-Apr-17
OPTSTK,TATAPOWER,27-Apr-17,60,PE,0,0,0,0.2,0,0,0,9000,0,17-Apr-17
OPTSTK,TATAPOWER,27-Apr-17,62.5,PE,0,0,0,0.15,0,0,0,0,0,17-Apr-17
OPTSTK,TATAPOWER,27-Apr-17,65,PE,0,0,0,0.1,0,0,0,27000,0,17-Apr-17
OPTSTK,TATAPOWER,27-Apr-17,67.5,PE,0,0,0,0.45,0,0,0,0,0,17-Apr-17
OPTSTK,TATAPOWER,27-Apr-17,70,PE,0.05,0.05,0.05,0.05,0.05,4,25.21,216000,0,17-Apr-17
OPTSTK,TATAPOWER,27-Apr-17,72.5,PE,0,0,0,0.1,0,0,0,108000,0,17-Apr-17
OPTSTK,TATAPOWER,27-Apr-17,75,PE,0.15,0.2,0.1,0.15,0.15,14,94.69,540000,-27000,17-Apr-17
OPTSTK,TATAPOWER,27-Apr-17,77.5,PE,0.25,0.3,0.25,0.25,0.25,18,125.97,414000,-63000,17-Apr-17
OPTSTK,TATAPOWER,27-Apr-17,80,PE,0.45,0.6,0.4,0.45,0.45,44,318.77,1323000,-126000,17-Apr-17
OPTSTK,TATAPOWER,27-Apr-17,82.5,PE,1,1.2,0.9,1,1,46,345.91,774000,-45000,17-Apr-17
OPTSTK,TATAPOWER,27-Apr-17,85,PE,2.15,2.4,2,2.05,2.05,39,305.94,954000,-81000,17-Apr-17
OPTSTK,TATAPOWER,27-Apr-17,87.5,PE,3.95,4.1,3.95,4.1,4.1,2,16.47,396000,-18000,17-Apr-17
OPTSTK,TATAPOWER,27-Apr-17,90,PE,6.1,6.15,5.9,5.9,5.9,3,25.93,378000,-9000,17-Apr-17
OPTSTK,TATAPOWER,27-Apr-17,92.5,PE,0,0,0,7.8,8.3,0,0,108000,0,17-Apr-17
OPTSTK,TATAPOWER,27-Apr-17,95,PE,0,0,0,7.95,10.8,0,0,54000,0,17-Apr-17
OPTSTK,TATAPOWER,27-Apr-17,97.5,PE,0,0,0,8.15,13.3,0,0,18000,0,17-Apr-17
OPTSTK,TATAPOWER,27-Apr-17,100,PE,0,0,0,12.55,15.8,0,0,63000,0,17-Apr-17
OPTSTK,TATAPOWER,27-Apr-17,102.5,PE,0,0,0,14.95,18.3,0,0,9000,0,17-Apr-17
OPTSTK,TATAPOWER,27-Apr-17,105,PE,0,0,0,23.35,20.8,0,0,0,0,17-Apr-17
OPTSTK,TATAPOWER,27-Apr-17,107.5,PE,0,0,0,25.75,23.3,0,0,0,0,17-Apr-17
OPTSTK,TATAPOWER,25-May-17,50,CE,0,0,0,34.25,34.4,0,0,0,0,17-Apr-17
OPTSTK,TATAPOWER,25-May-17,52.5,CE,0,0,0,31.8,31.9,0,0,0,0,17-Apr-17
OPTSTK,TATAPOWER,25-May-17,55,CE,0,0,0,29.35,29.45,0,0,0,0,17-Apr-17
OPTSTK,TATAPOWER,25-May-17,57.5,CE,0,0,0,26.85,26.95,0,0,0,0,17-Apr-17
OPTSTK,TATAPOWER,25-May-17,60,CE,0,0,0,24.4,24.45,0,0,0,0,17-Apr-17
OPTSTK,TATAPOWER,25-May-17,62.5,CE,0,0,0,21.95,22,0,0,0,0,17-Apr-17
OPTSTK,TATAPOWER,25-May-17,65,CE,0,0,0,19.55,19.5,0,0,0,0,17-Apr-17
OPTSTK,TATAPOWER,25-May-17,67.5,CE,0,0,0,17.15,17.05,0,0,0,0,17-Apr-17
OPTSTK,TATAPOWER,25-May-17,70,CE,0,0,0,14.8,14.55,0,0,0,0,17-Apr-17
OPTSTK,TATAPOWER,25-May-17,72.5,CE,0,0,0,12.55,12.05,0,0,0,0,17-Apr-17
OPTSTK,TATAPOWER,25-May-17,75,CE,0,0,0,10.4,9.65,0,0,0,0,17-Apr-17
OPTSTK,TATAPOWER,25-May-17,77.5,CE,0,0,0,8.45,7.3,0,0,0,0,17-Apr-17
OPTSTK,TATAPOWER,25-May-17,80,CE,0,0,0,6.7,5.15,0,0,0,0,17-Apr-17
OPTSTK,TATAPOWER,25-May-17,82.5,CE,0,0,0,5.2,3.35,0,0,0,0,17-Apr-17
OPTSTK,TATAPOWER,25-May-17,85,CE,0,0,0,3.95,2,0,0,0,0,17-Apr-17
OPTSTK,TATAPOWER,25-May-17,87.5,CE,0,0,0,2.9,1.05,0,0,0,0,17-Apr-17
OPTSTK,TATAPOWER,25-May-17,90,CE,0,0,0,1.5,0.5,0,0,54000,0,17-Apr-17
OPTSTK,TATAPOWER,25-May-17,92.5,CE,0,0,0,1.45,0.25,0,0,0,0,17-Apr-17
OPTSTK,TATAPOWER,25-May-17,95,CE,0,0,0,0.65,0.1,0,0,18000,0,17-Apr-17
OPTSTK,TATAPOWER,25-May-17,97.5,CE,0,0,0,0.7,0.05,0,0,0,0,17-Apr-17
OPTSTK,TATAPOWER,25-May-17,100,CE,0,0,0,0.4,0.05,0,0,72000,0,17-Apr-17
OPTSTK,TATAPOWER,25-May-17,102.5,CE,0,0,0,0.3,0,0,0,0,0,17-Apr-17
OPTSTK,TATAPOWER,25-May-17,105,CE,0,0,0,0.2,0,0,0,0,0,17-Apr-17
OPTSTK,TATAPOWER,25-May-17,107.5,CE,0,0,0,0.15,0,0,0,0,0,17-Apr-17
OPTSTK,TATAPOWER,25-May-17,50,PE,0,0,0,0.05,0,0,0,0,0,17-Apr-17
OPTSTK,TATAPOWER,25-May-17,52.5,PE,0,0,0,0.05,0,0,0,0,0,17-Apr-17
OPTSTK,TATAPOWER,25-May-17,55,PE,0,0,0,0.05,0,0,0,0,0,17-Apr-17
OPTSTK,TATAPOWER,25-May-17,57.5,PE,0,0,0,0.05,0,0,0,0,0,17-Apr-17
OPTSTK,TATAPOWER,25-May-17,60,PE,0,0,0,0.05,0,0,0,0,0,17-Apr-17
OPTSTK,TATAPOWER,25-May-17,62.5,PE,0,0,0,0.05,0,0,0,0,0,17-Apr-17
OPTSTK,TATAPOWER,25-May-17,65,PE,0,0,0,0.05,0,0,0,0,0,17-Apr-17
OPTSTK,TATAPOWER,25-May-17,67.5,PE,0,0,0,0.1,0,0,0,0,0,17-Apr-17
OPTSTK,TATAPOWER,25-May-17,70,PE,0,0,0,0.25,0,0,0,0,0,17-Apr-17
OPTSTK,TATAPOWER,25-May-17,72.5,PE,0,0,0,0.45,0.05,0,0,0,0,17-Apr-17
OPTSTK,TATAPOWER,25-May-17,75,PE,0,0,0,0.8,0.1,0,0,0,0,17-Apr-17
OPTSTK,TATAPOWER,25-May-17,77.5,PE,0,0,0,1.3,0.2,0,0,0,0,17-Apr-17
OPTSTK,TATAPOWER,25-May-17,80,PE,0,0,0,2,0.55,0,0,0,0,17-Apr-17
OPTSTK,TATAPOWER,25-May-17,82.5,PE,2,2,2,2,2,4,30.42,36000,36000,17-Apr-17
OPTSTK,TATAPOWER,25-May-17,85,PE,3.3,3.3,3.2,3.2,3.2,6,47.67,225000,54000,17-Apr-17
OPTSTK,TATAPOWER,25-May-17,87.5,PE,0,0,0,3,3.9,0,0,54000,0,17-Apr-17
OPTSTK,TATAPOWER,25-May-17,90,PE,0,0,0,4.6,5.85,0,0,9000,0,17-Apr-17
OPTSTK,TATAPOWER,25-May-17,92.5,PE,0,0,0,9.05,8.05,0,0,0,0,17-Apr-17
OPTSTK,TATAPOWER,25-May-17,95,PE,0,0,0,11.05,10.4,0,0,0,0,17-Apr-17
OPTSTK,TATAPOWER,25-May-17,97.5,PE,0,0,0,13.2,12.85,0,0,0,0,17-Apr-17
OPTSTK,TATAPOWER,25-May-17,100,PE,0,0,0,15.45,15.3,0,0,0,0,17-Apr-17
OPTSTK,TATAPOWER,25-May-17,102.5,PE,0,0,0,17.75,17.8,0,0,0,0,17-Apr-17
OPTSTK,TATAPOWER,25-May-17,105,PE,0,0,0,20.1,20.25,0,0,0,0,17-Apr-17
OPTSTK,TATAPOWER,25-May-17,107.5,PE,0,0,0,22.5,22.75,0,0,0,0,17-Apr-17
OPTSTK,TATAPOWER,29-Jun-17,55,CE,0,0,0,35.85,29.8,0,0,0,0,17-Apr-17
OPTSTK,TATAPOWER,29-Jun-17,57.5,CE,0,0,0,33.35,27.3,0,0,0,0,17-Apr-17
OPTSTK,TATAPOWER,29-Jun-17,60,CE,0,0,0,30.9,24.85,0,0,0,0,17-Apr-17
OPTSTK,TATAPOWER,29-Jun-17,62.5,CE,0,0,0,28.45,22.4,0,0,0,0,17-Apr-17
OPTSTK,TATAPOWER,29-Jun-17,65,CE,0,0,0,26,19.9,0,0,0,0,17-Apr-17
OPTSTK,TATAPOWER,29-Jun-17,67.5,CE,0,0,0,23.55,17.45,0,0,0,0,17-Apr-17
OPTSTK,TATAPOWER,29-Jun-17,70,CE,0,0,0,21.1,15,0,0,0,0,17-Apr-17
OPTSTK,TATAPOWER,29-Jun-17,72.5,CE,0,0,0,18.65,12.6,0,0,0,0,17-Apr-17
OPTSTK,TATAPOWER,29-Jun-17,75,CE,0,0,0,16.25,10.25,0,0,0,0,17-Apr-17
OPTSTK,TATAPOWER,29-Jun-17,77.5,CE,0,0,0,13.9,8.1,0,0,0,0,17-Apr-17
OPTSTK,TATAPOWER,29-Jun-17,80,CE,0,0,0,11.65,6.1,0,0,0,0,17-Apr-17
OPTSTK,TATAPOWER,29-Jun-17,82.5,CE,0,0,0,9.5,4.45,0,0,0,0,17-Apr-17
OPTSTK,TATAPOWER,29-Jun-17,85,CE,0,0,0,7.6,3.05,0,0,0,0,17-Apr-17
OPTSTK,TATAPOWER,29-Jun-17,87.5,CE,0,0,0,5.85,2,0,0,0,0,17-Apr-17
OPTSTK,TATAPOWER,29-Jun-17,90,CE,0,0,0,4.4,1.25,0,0,0,0,17-Apr-17
OPTSTK,TATAPOWER,29-Jun-17,92.5,CE,0,0,0,3.2,0.75,0,0,0,0,17-Apr-17
OPTSTK,TATAPOWER,29-Jun-17,95,CE,0,0,0,2.3,0.45,0,0,0,0,17-Apr-17
OPTSTK,TATAPOWER,29-Jun-17,97.5,CE,0,0,0,1.55,0.25,0,0,0,0,17-Apr-17
OPTSTK,TATAPOWER,29-Jun-17,100,CE,0,0,0,1.05,0.15,0,0,0,0,17-Apr-17
OPTSTK,TATAPOWER,29-Jun-17,102.5,CE,0,0,0,0.7,0.05,0,0,0,0,17-Apr-17
OPTSTK,TATAPOWER,29-Jun-17,105,CE,0,0,0,0.45,0.05,0,0,0,0,17-Apr-17
OPTSTK,TATAPOWER,29-Jun-17,107.5,CE,0,0,0,0.25,0.05,0,0,0,0,17-Apr-17
OPTSTK,TATAPOWER,29-Jun-17,55,PE,0,0,0,0.05,0,0,0,0,0,17-Apr-17
OPTSTK,TATAPOWER,29-Jun-17,57.5,PE,0,0,0,0.05,0,0,0,0,0,17-Apr-17
OPTSTK,TATAPOWER,29-Jun-17,60,PE,0,0,0,0.05,0,0,0,0,0,17-Apr-17
OPTSTK,TATAPOWER,29-Jun-17,62.5,PE,0,0,0,0.05,0,0,0,0,0,17-Apr-17
OPTSTK,TATAPOWER,29-Jun-17,65,PE,0,0,0,0.05,0,0,0,0,0,17-Apr-17
OPTSTK,TATAPOWER,29-Jun-17,67.5,PE,0,0,0,0.05,0.05,0,0,0,0,17-Apr-17
OPTSTK,TATAPOWER,29-Jun-17,70,PE,0,0,0,0.05,0.05,0,0,0,0,17-Apr-17
OPTSTK,TATAPOWER,29-Jun-17,72.5,PE,0,0,0,0.05,0.1,0,0,0,0,17-Apr-17
OPTSTK,TATAPOWER,29-Jun-17,75,PE,0,0,0,0.1,0.25,0,0,0,0,17-Apr-17
OPTSTK,TATAPOWER,29-Jun-17,77.5,PE,0,0,0,0.2,0.55,0,0,0,0,17-Apr-17
OPTSTK,TATAPOWER,29-Jun-17,80,PE,0,0,0,0.4,1.05,0,0,0,0,17-Apr-17
OPTSTK,TATAPOWER,29-Jun-17,82.5,PE,0,0,0,0.75,1.8,0,0,0,0,17-Apr-17
OPTSTK,TATAPOWER,29-Jun-17,85,PE,0,0,0,1.3,2.9,0,0,0,0,17-Apr-17
OPTSTK,TATAPOWER,29-Jun-17,87.5,PE,0,0,0,2.05,4.3,0,0,0,0,17-Apr-17
OPTSTK,TATAPOWER,29-Jun-17,90,PE,0,0,0,3.05,6.05,0,0,0,0,17-Apr-17
OPTSTK,TATAPOWER,29-Jun-17,92.5,PE,0,0,0,4.3,8,0,0,0,0,17-Apr-17
OPTSTK,TATAPOWER,29-Jun-17,95,PE,0,0,0,5.8,10.15,0,0,0,0,17-Apr-17
OPTSTK,TATAPOWER,29-Jun-17,97.5,PE,0,0,0,7.55,12.45,0,0,0,0,17-Apr-17
OPTSTK,TATAPOWER,29-Jun-17,100,PE,0,0,0,9.5,14.8,0,0,0,0,17-Apr-17
OPTSTK,TATAPOWER,29-Jun-17,102.5,PE,0,0,0,11.6,17.2,0,0,0,0,17-Apr-17
OPTSTK,TATAPOWER,29-Jun-17,105,PE,0,0,0,13.8,19.65,0,0,0,0,17-Apr-17
OPTSTK,TATAPOWER,29-Jun-17,107.5,PE,0,0,0,16.1,22.1,0,0,0,0,17-Apr-17
OPTSTK,TATASTEEL,27-Apr-17,290,CE,0,0,0,190.2,172.9,0,0,6000,0,17-Apr-17
OPTSTK,TATASTEEL,27-Apr-17,300,CE,0,0,0,182,162.95,0,0,16000,0,17-Apr-17
OPTSTK,TATASTEEL,27-Apr-17,310,CE,0,0,0,172.15,152.95,0,0,2000,0,17-Apr-17
OPTSTK,TATASTEEL,27-Apr-17,320,CE,0,0,0,172.8,143,0,0,4000,0,17-Apr-17
OPTSTK,TATASTEEL,27-Apr-17,330,CE,0,0,0,148.5,133,0,0,28000,0,17-Apr-17
OPTSTK,TATASTEEL,27-Apr-17,340,CE,0,0,0,142.2,123,0,0,4000,0,17-Apr-17
OPTSTK,TATASTEEL,27-Apr-17,350,CE,0,0,0,143.5,113.05,0,0,10000,0,17-Apr-17
OPTSTK,TATASTEEL,27-Apr-17,360,CE,0,0,0,122.5,103.05,0,0,6000,0,17-Apr-17
OPTSTK,TATASTEEL,27-Apr-17,370,CE,0,0,0,108.95,93.05,0,0,0,0,17-Apr-17
OPTSTK,TATASTEEL,27-Apr-17,380,CE,0,0,0,100.3,83.1,0,0,0,0,17-Apr-17
OPTSTK,TATASTEEL,27-Apr-17,390,CE,0,0,0,92,73.1,0,0,0,0,17-Apr-17
OPTSTK,TATASTEEL,27-Apr-17,400,CE,67.5,67.5,62.5,62.5,62.5,2,18.6,96000,-4000,17-Apr-17
OPTSTK,TATASTEEL,27-Apr-17,410,CE,0,0,0,76.3,53.2,0,0,0,0,17-Apr-17
OPTSTK,TATASTEEL,27-Apr-17,420,CE,0,0,0,62.6,43.45,0,0,38000,0,17-Apr-17
OPTSTK,TATASTEEL,27-Apr-17,430,CE,38,39.25,34,35.95,35.95,6,55.92,42000,-6000,17-Apr-17
OPTSTK,TATASTEEL,27-Apr-17,440,CE,0,0,0,32,25.35,0,0,158000,0,17-Apr-17
OPTSTK,TATASTEEL,27-Apr-17,450,CE,18.9,20,16,17.5,17.5,10,93.64,46000,2000,17-Apr-17
OPTSTK,TATASTEEL,27-Apr-17,460,CE,9.65,14.25,9.6,10.7,10.7,602,5677.9,570000,190000,17-Apr-17
OPTSTK,TATASTEEL,27-Apr-17,470,CE,6.1,8.65,5.6,6.25,6.25,2290,21840.08,1196000,344000,17-Apr-17
OPTSTK,TATASTEEL,27-Apr-17,480,CE,4.25,5,3,3.45,3.45,1525,14757.1,2084000,392000,17-Apr-17
OPTSTK,TATASTEEL,27-Apr-17,490,CE,2.5,2.85,1.65,1.95,1.95,1123,11054.34,2164000,126000,17-Apr-17
OPTSTK,TATASTEEL,27-Apr-17,500,CE,1.8,1.8,1.05,1.2,1.2,1120,11229.78,3754000,26000,17-Apr-17
OPTSTK,TATASTEEL,27-Apr-17,510,CE,1,1.05,0.65,0.75,0.75,638,6518.38,2202000,80000,17-Apr-17
OPTSTK,TATASTEEL,27-Apr-17,520,CE,0.6,0.7,0.45,0.5,0.5,474,4934.81,1790000,70000,17-Apr-17
OPTSTK,TATASTEEL,27-Apr-17,530,CE,0.5,0.5,0.3,0.35,0.35,159,1686.6,906000,-18000,17-Apr-17
OPTSTK,TATASTEEL,27-Apr-17,540,CE,0.35,0.35,0.2,0.25,0.25,108,1166.96,676000,-44000,17-Apr-17
OPTSTK,TATASTEEL,27-Apr-17,550,CE,0.3,0.3,0.1,0.15,0.15,47,517.15,946000,-28000,17-Apr-17
OPTSTK,TATASTEEL,27-Apr-17,560,CE,0.2,0.2,0.15,0.15,0.15,13,145.64,282000,-2000,17-Apr-17
OPTSTK,TATASTEEL,27-Apr-17,570,CE,0.1,0.1,0.1,0.1,0.1,1,11.4,50000,-2000,17-Apr-17
OPTSTK,TATASTEEL,27-Apr-17,580,CE,0.1,0.1,0.05,0.05,0.05,4,46.4,56000,-6000,17-Apr-17
OPTSTK,TATASTEEL,27-Apr-17,590,CE,0,0,0,0.05,0,0,0,10000,0,17-Apr-17
OPTSTK,TATASTEEL,27-Apr-17,600,CE,0,0,0,0.1,0,0,0,2000,0,17-Apr-17
OPTSTK,TATASTEEL,27-Apr-17,290,PE,0,0,0,0.1,0,0,0,0,0,17-Apr-17
OPTSTK,TATASTEEL,27-Apr-17,300,PE,0,0,0,0.2,0,0,0,0,0,17-Apr-17
OPTSTK,TATASTEEL,27-Apr-17,310,PE,0,0,0,0.3,0,0,0,0,0,17-Apr-17
OPTSTK,TATASTEEL,27-Apr-17,320,PE,0,0,0,0.5,0,0,0,0,0,17-Apr-17
OPTSTK,TATASTEEL,27-Apr-17,330,PE,0,0,0,0.8,0,0,0,0,0,17-Apr-17
OPTSTK,TATASTEEL,27-Apr-17,340,PE,0,0,0,1.15,0,0,0,0,0,17-Apr-17
OPTSTK,TATASTEEL,27-Apr-17,350,PE,0,0,0,1.7,0,0,0,0,0,17-Apr-17
OPTSTK,TATASTEEL,27-Apr-17,360,PE,0,0,0,2.45,0,0,0,0,0,17-Apr-17
OPTSTK,TATASTEEL,27-Apr-17,370,PE,0,0,0,3.4,0,0,0,0,0,17-Apr-17
OPTSTK,TATASTEEL,27-Apr-17,380,PE,0,0,0,4.6,0,0,0,0,0,17-Apr-17
OPTSTK,TATASTEEL,27-Apr-17,390,PE,0,0,0,6.05,0,0,0,0,0,17-Apr-17
OPTSTK,TATASTEEL,27-Apr-17,400,PE,0.2,0.25,0.15,0.25,0.25,15,120.05,68000,0,17-Apr-17
OPTSTK,TATASTEEL,27-Apr-17,410,PE,0.45,0.45,0.25,0.25,0.25,12,98.47,12000,0,17-Apr-17
OPTSTK,TATASTEEL,27-Apr-17,420,PE,0.7,0.75,0.4,0.4,0.4,116,975.55,256000,106000,17-Apr-17
OPTSTK,TATASTEEL,27-Apr-17,430,PE,1.15,1.15,0.7,0.8,0.8,213,1835.51,342000,46000,17-Apr-17
OPTSTK,TATASTEEL,27-Apr-17,440,PE,1.95,2.45,1.3,1.55,1.55,652,5760.03,834000,54000,17-Apr-17
OPTSTK,TATASTEEL,27-Apr-17,450,PE,3.7,4.5,2.6,3.15,3.15,1031,9349.68,1640000,-16000,17-Apr-17
OPTSTK,TATASTEEL,27-Apr-17,460,PE,7.75,8.25,5.05,6.35,6.35,2322,21651.96,1380000,-26000,17-Apr-17
OPTSTK,TATASTEEL,27-Apr-17,470,PE,14,14,9.3,11.4,11.4,400,3847.87,724000,26000,17-Apr-17
OPTSTK,TATASTEEL,27-Apr-17,480,PE,20.6,20.65,15.65,18.5,18.5,87,866.49,706000,-62000,17-Apr-17
OPTSTK,TATASTEEL,27-Apr-17,490,PE,28.2,28.35,23.8,27.95,27.95,17,175.62,588000,-26000,17-Apr-17
OPTSTK,TATASTEEL,27-Apr-17,500,PE,39,39,32.8,36.05,36.05,13,139.39,616000,-12000,17-Apr-17
OPTSTK,TATASTEEL,27-Apr-17,510,PE,42.7,44,42.7,44,44,2,22.13,76000,0,17-Apr-17
OPTSTK,TATASTEEL,27-Apr-17,520,PE,55,57,51,57,57,9,103.51,90000,-6000,17-Apr-17
OPTSTK,TATASTEEL,27-Apr-17,530,PE,64.75,67,64.75,67,67,8,95.41,28000,-10000,17-Apr-17
OPTSTK,TATASTEEL,27-Apr-17,540,PE,77,77,77,77,77,1,12.34,40000,-2000,17-Apr-17
OPTSTK,TATASTEEL,27-Apr-17,550,PE,83.95,83.95,83.95,83.95,83.95,2,25.35,444000,0,17-Apr-17
OPTSTK,TATASTEEL,27-Apr-17,560,PE,0,0,0,94,96.65,0,0,10000,0,17-Apr-17
OPTSTK,TATASTEEL,27-Apr-17,570,PE,0,0,0,104.5,106.65,0,0,8000,0,17-Apr-17
OPTSTK,TATASTEEL,27-Apr-17,580,PE,0,0,0,115,116.6,0,0,8000,0,17-Apr-17
OPTSTK,TATASTEEL,27-Apr-17,590,PE,0,0,0,124,126.6,0,0,24000,0,17-Apr-17
OPTSTK,TATASTEEL,27-Apr-17,600,PE,0,0,0,126.35,136.6,0,0,0,0,17-Apr-17
OPTSTK,TATASTEEL,25-May-17,310,CE,0,0,0,180.7,154.5,0,0,0,0,17-Apr-17
OPTSTK,TATASTEEL,25-May-17,320,CE,0,0,0,170.9,144.6,0,0,0,0,17-Apr-17
OPTSTK,TATASTEEL,25-May-17,330,CE,0,0,0,161.1,134.65,0,0,0,0,17-Apr-17
OPTSTK,TATASTEEL,25-May-17,340,CE,0,0,0,151.4,124.75,0,0,0,0,17-Apr-17
OPTSTK,TATASTEEL,25-May-17,350,CE,0,0,0,141.75,114.8,0,0,0,0,17-Apr-17
OPTSTK,TATASTEEL,25-May-17,360,CE,0,0,0,132.15,104.95,0,0,0,0,17-Apr-17
OPTSTK,TATASTEEL,25-May-17,370,CE,0,0,0,122.75,95.1,0,0,0,0,17-Apr-17
OPTSTK,TATASTEEL,25-May-17,380,CE,0,0,0,113.45,85.4,0,0,0,0,17-Apr-17
OPTSTK,TATASTEEL,25-May-17,390,CE,0,0,0,104.4,75.85,0,0,0,0,17-Apr-17
OPTSTK,TATASTEEL,25-May-17,400,CE,0,0,0,84.5,66.55,0,0,4000,0,17-Apr-17
OPTSTK,TATASTEEL,25-May-17,410,CE,0,0,0,87.05,57.65,0,0,0,0,17-Apr-17
OPTSTK,TATASTEEL,25-May-17,420,CE,0,0,0,51,49.15,0,0,2000,0,17-Apr-17
OPTSTK,TATASTEEL,25-May-17,430,CE,39,39.5,39,39.5,39.5,3,28.15,8000,6000,17-Apr-17
OPTSTK,TATASTEEL,25-May-17,440,CE,0,0,0,46.5,34.05,0,0,2000,0,17-Apr-17
OPTSTK,TATASTEEL,25-May-17,450,CE,26,26,26,26,26,6,57.12,26000,12000,17-Apr-17
OPTSTK,TATASTEEL,25-May-17,460,CE,0,0,0,21.3,22,0,0,4000,0,17-Apr-17
OPTSTK,TATASTEEL,25-May-17,470,CE,15.6,17,15,15.2,15.2,38,368.91,52000,42000,17-Apr-17
OPTSTK,TATASTEEL,25-May-17,480,CE,12.1,13.8,10.8,10.95,10.95,74,728.25,122000,66000,17-Apr-17
OPTSTK,TATASTEEL,25-May-17,490,CE,9.9,10.9,8,8.3,8.3,51,508.48,100000,86000,17-Apr-17
OPTSTK,TATASTEEL,25-May-17,500,CE,5.2,7.7,5.2,6.05,6.05,27,273.44,144000,28000,17-Apr-17
OPTSTK,TATASTEEL,25-May-17,510,CE,0,0,0,5.75,5.35,0,0,4000,0,17-Apr-17
OPTSTK,TATASTEEL,25-May-17,520,CE,3.5,3.5,3,3,3,3,31.39,8000,2000,17-Apr-17
OPTSTK,TATASTEEL,25-May-17,530,CE,2.5,2.5,2.5,2.5,2.5,1,10.65,6000,-2000,17-Apr-17
OPTSTK,TATASTEEL,25-May-17,540,CE,0,0,0,3,1.85,0,0,0,0,17-Apr-17
OPTSTK,TATASTEEL,25-May-17,550,CE,1,1,1,1,1,1,11.02,12000,2000,17-Apr-17
OPTSTK,TATASTEEL,25-May-17,560,CE,0,0,0,2.3,0.85,0,0,4000,0,17-Apr-17
OPTSTK,TATASTEEL,25-May-17,570,CE,0,0,0,4.25,0.55,0,0,2000,0,17-Apr-17
OPTSTK,TATASTEEL,25-May-17,580,CE,0,0,0,0.95,0.35,0,0,4000,0,17-Apr-17
OPTSTK,TATASTEEL,25-May-17,590,CE,0,0,0,6.35,0.25,0,0,0,0,17-Apr-17
OPTSTK,TATASTEEL,25-May-17,600,CE,0,0,0,5.2,0.15,0,0,0,0,17-Apr-17
OPTSTK,TATASTEEL,25-May-17,310,PE,0,0,0,0.05,0,0,0,0,0,17-Apr-17
OPTSTK,TATASTEEL,25-May-17,320,PE,0,0,0,0.1,0,0,0,0,0,17-Apr-17
OPTSTK,TATASTEEL,25-May-17,330,PE,0,0,0,0.2,0.05,0,0,0,0,17-Apr-17
OPTSTK,TATASTEEL,25-May-17,340,PE,0,0,0,0.3,0.05,0,0,0,0,17-Apr-17
OPTSTK,TATASTEEL,25-May-17,350,PE,0,0,0,0.5,0.05,0,0,0,0,17-Apr-17
OPTSTK,TATASTEEL,25-May-17,360,PE,0,0,0,0.8,0.1,0,0,0,0,17-Apr-17
OPTSTK,TATASTEEL,25-May-17,370,PE,0,0,0,1.2,0.25,0,0,0,0,17-Apr-17
OPTSTK,TATASTEEL,25-May-17,380,PE,0,0,0,1.75,0.45,0,0,0,0,17-Apr-17
OPTSTK,TATASTEEL,25-May-17,390,PE,0,0,0,2.55,0.85,0,0,0,0,17-Apr-17
OPTSTK,TATASTEEL,25-May-17,400,PE,0,0,0,1,1.5,0,0,2000,0,17-Apr-17
OPTSTK,TATASTEEL,25-May-17,410,PE,0,0,0,4.9,2.45,0,0,0,0,17-Apr-17
OPTSTK,TATASTEEL,25-May-17,420,PE,3.35,3.35,3.35,3.35,3.35,3,25.4,18000,0,17-Apr-17
OPTSTK,TATASTEEL,25-May-17,430,PE,0,0,0,5,6,0,0,4000,0,17-Apr-17
OPTSTK,TATASTEEL,25-May-17,440,PE,6.5,7,5.8,6.25,6.25,18,160.78,54000,26000,17-Apr-17
OPTSTK,TATASTEEL,25-May-17,450,PE,9.2,11.15,9.05,9.55,9.55,22,202.2,84000,30000,17-Apr-17
OPTSTK,TATASTEEL,25-May-17,460,PE,14.2,14.5,12.6,13.55,13.55,10,94.71,48000,10000,17-Apr-17
OPTSTK,TATASTEEL,25-May-17,470,PE,0,0,0,18,21.65,0,0,42000,0,17-Apr-17
OPTSTK,TATASTEEL,25-May-17,480,PE,22.55,22.55,22.55,22.55,22.55,2,20.1,40000,4000,17-Apr-17
OPTSTK,TATASTEEL,25-May-17,490,PE,30,30,29.5,29.5,29.5,10,103.98,8000,-14000,17-Apr-17
OPTSTK,TATASTEEL,25-May-17,500,PE,37,37,37,37,37,2,21.48,6000,-4000,17-Apr-17
OPTSTK,TATASTEEL,25-May-17,510,PE,0,0,0,23.9,49.5,0,0,2000,0,17-Apr-17
OPTSTK,TATASTEEL,25-May-17,520,PE,55,55,55,55,55,1,11.5,4000,2000,17-Apr-17
OPTSTK,TATASTEEL,25-May-17,530,PE,0,0,0,54.3,66.7,0,0,0,0,17-Apr-17
OPTSTK,TATASTEEL,25-May-17,540,PE,0,0,0,61.3,75.8,0,0,0,0,17-Apr-17
OPTSTK,TATASTEEL,25-May-17,550,PE,0,0,0,68.75,85.15,0,0,0,0,17-Apr-17
OPTSTK,TATASTEEL,25-May-17,560,PE,0,0,0,76.5,94.65,0,0,0,0,17-Apr-17
OPTSTK,TATASTEEL,25-May-17,570,PE,0,0,0,84.5,104.3,0,0,0,0,17-Apr-17
OPTSTK,TATASTEEL,25-May-17,580,PE,0,0,0,92.8,114.05,0,0,0,0,17-Apr-17
OPTSTK,TATASTEEL,25-May-17,590,PE,0,0,0,101.3,123.85,0,0,0,0,17-Apr-17
OPTSTK,TATASTEEL,25-May-17,600,PE,0,0,0,110.05,133.7,0,0,0,0,17-Apr-17
OPTSTK,TATASTEEL,29-Jun-17,310,CE,0,0,0,172.7,156.45,0,0,0,0,17-Apr-17
OPTSTK,TATASTEEL,29-Jun-17,320,CE,0,0,0,162.9,146.65,0,0,0,0,17-Apr-17
OPTSTK,TATASTEEL,29-Jun-17,330,CE,0,0,0,153.15,136.8,0,0,0,0,17-Apr-17
OPTSTK,TATASTEEL,29-Jun-17,340,CE,0,0,0,143.5,127.1,0,0,0,0,17-Apr-17
OPTSTK,TATASTEEL,29-Jun-17,350,CE,0,0,0,133.9,117.4,0,0,0,0,17-Apr-17
OPTSTK,TATASTEEL,29-Jun-17,360,CE,0,0,0,124.4,107.85,0,0,0,0,17-Apr-17
OPTSTK,TATASTEEL,29-Jun-17,370,CE,0,0,0,115.05,98.5,0,0,0,0,17-Apr-17
OPTSTK,TATASTEEL,29-Jun-17,380,CE,0,0,0,105.9,89.3,0,0,0,0,17-Apr-17
OPTSTK,TATASTEEL,29-Jun-17,390,CE,0,0,0,96.95,80.45,0,0,0,0,17-Apr-17
OPTSTK,TATASTEEL,29-Jun-17,400,CE,0,0,0,88.3,71.9,0,0,0,0,17-Apr-17
OPTSTK,TATASTEEL,29-Jun-17,410,CE,0,0,0,80,63.75,0,0,0,0,17-Apr-17
OPTSTK,TATASTEEL,29-Jun-17,420,CE,0,0,0,72.05,56.05,0,0,0,0,17-Apr-17
OPTSTK,TATASTEEL,29-Jun-17,430,CE,0,0,0,64.5,48.9,0,0,0,0,17-Apr-17
OPTSTK,TATASTEEL,29-Jun-17,440,CE,0,0,0,57.4,42.3,0,0,0,0,17-Apr-17
OPTSTK,TATASTEEL,29-Jun-17,450,CE,0,0,0,50.8,36.25,0,0,0,0,17-Apr-17
OPTSTK,TATASTEEL,29-Jun-17,460,CE,0,0,0,44.65,30.8,0,0,0,0,17-Apr-17
OPTSTK,TATASTEEL,29-Jun-17,470,CE,0,0,0,39.05,25.95,0,0,0,0,17-Apr-17
OPTSTK,TATASTEEL,29-Jun-17,480,CE,0,0,0,33.9,21.65,0,0,0,0,17-Apr-17
OPTSTK,TATASTEEL,29-Jun-17,490,CE,0,0,0,29.3,17.95,0,0,0,0,17-Apr-17
OPTSTK,TATASTEEL,29-Jun-17,500,CE,0,0,0,25.15,14.75,0,0,0,0,17-Apr-17
OPTSTK,TATASTEEL,29-Jun-17,510,CE,0,0,0,21.5,12,0,0,0,0,17-Apr-17
OPTSTK,TATASTEEL,29-Jun-17,520,CE,0,0,0,18.25,9.7,0,0,0,0,17-Apr-17
OPTSTK,TATASTEEL,29-Jun-17,530,CE,0,0,0,15.4,7.8,0,0,0,0,17-Apr-17
OPTSTK,TATASTEEL,29-Jun-17,540,CE,0,0,0,12.95,6.2,0,0,0,0,17-Apr-17
OPTSTK,TATASTEEL,29-Jun-17,550,CE,0,0,0,10.8,4.9,0,0,0,0,17-Apr-17
OPTSTK,TATASTEEL,29-Jun-17,560,CE,0,0,0,9,3.85,0,0,0,0,17-Apr-17
OPTSTK,TATASTEEL,29-Jun-17,570,CE,0,0,0,7.45,3,0,0,0,0,17-Apr-17
OPTSTK,TATASTEEL,29-Jun-17,580,CE,0,0,0,6.15,2.3,0,0,0,0,17-Apr-17
OPTSTK,TATASTEEL,29-Jun-17,590,CE,0,0,0,5.05,1.8,0,0,0,0,17-Apr-17
OPTSTK,TATASTEEL,29-Jun-17,600,CE,0,0,0,4.1,1.35,0,0,0,0,17-Apr-17
OPTSTK,TATASTEEL,29-Jun-17,310,PE,0,0,0,0.1,0.05,0,0,0,0,17-Apr-17
OPTSTK,TATASTEEL,29-Jun-17,320,PE,0,0,0,0.15,0.1,0,0,0,0,17-Apr-17
OPTSTK,TATASTEEL,29-Jun-17,330,PE,0,0,0,0.25,0.15,0,0,0,0,17-Apr-17
OPTSTK,TATASTEEL,29-Jun-17,340,PE,0,0,0,0.35,0.3,0,0,0,0,17-Apr-17
OPTSTK,TATASTEEL,29-Jun-17,350,PE,0,0,0,0.6,0.5,0,0,0,0,17-Apr-17
OPTSTK,TATASTEEL,29-Jun-17,360,PE,0,0,0,0.95,0.8,0,0,0,0,17-Apr-17
OPTSTK,TATASTEEL,29-Jun-17,370,PE,0,0,0,1.45,1.3,0,0,0,0,17-Apr-17
OPTSTK,TATASTEEL,29-Jun-17,380,PE,0,0,0,2.1,2,0,0,0,0,17-Apr-17
OPTSTK,TATASTEEL,29-Jun-17,390,PE,0,0,0,3,3,0,0,0,0,17-Apr-17
OPTSTK,TATASTEEL,29-Jun-17,400,PE,0,0,0,4.2,4.3,0,0,0,0,17-Apr-17
OPTSTK,TATASTEEL,29-Jun-17,410,PE,0,0,0,5.75,6.05,0,0,0,0,17-Apr-17
OPTSTK,TATASTEEL,29-Jun-17,420,PE,0,0,0,7.6,8.25,0,0,0,0,17-Apr-17
OPTSTK,TATASTEEL,29-Jun-17,430,PE,0,0,0,9.95,10.95,0,0,0,0,17-Apr-17
OPTSTK,TATASTEEL,29-Jun-17,440,PE,0,0,0,12.65,14.2,0,0,0,0,17-Apr-17
OPTSTK,TATASTEEL,29-Jun-17,450,PE,0,0,0,15.85,18.05,0,0,0,0,17-Apr-17
OPTSTK,TATASTEEL,29-Jun-17,460,PE,0,0,0,19.55,22.45,0,0,0,0,17-Apr-17
OPTSTK,TATASTEEL,29-Jun-17,470,PE,0,0,0,23.8,27.45,0,0,0,0,17-Apr-17
OPTSTK,TATASTEEL,29-Jun-17,480,PE,0,0,0,28.5,33.05,0,0,0,0,17-Apr-17
OPTSTK,TATASTEEL,29-Jun-17,490,PE,0,0,0,33.7,39.2,0,0,0,0,17-Apr-17
OPTSTK,TATASTEEL,29-Jun-17,500,PE,0,0,0,39.4,45.85,0,0,0,0,17-Apr-17
OPTSTK,TATASTEEL,29-Jun-17,510,PE,0,0,0,45.55,53,0,0,0,0,17-Apr-17
OPTSTK,TATASTEEL,29-Jun-17,520,PE,0,0,0,52.15,60.6,0,0,0,0,17-Apr-17
OPTSTK,TATASTEEL,29-Jun-17,530,PE,0,0,0,59.15,68.55,0,0,0,0,17-Apr-17
OPTSTK,TATASTEEL,29-Jun-17,540,PE,0,0,0,66.55,76.8,0,0,0,0,17-Apr-17
OPTSTK,TATASTEEL,29-Jun-17,550,PE,0,0,0,74.25,85.4,0,0,0,0,17-Apr-17
OPTSTK,TATASTEEL,29-Jun-17,560,PE,0,0,0,82.25,94.2,0,0,0,0,17-Apr-17
OPTSTK,TATASTEEL,29-Jun-17,570,PE,0,0,0,90.55,103.25,0,0,0,0,17-Apr-17
OPTSTK,TATASTEEL,29-Jun-17,580,PE,0,0,0,99.05,112.45,0,0,0,0,17-Apr-17
OPTSTK,TATASTEEL,29-Jun-17,590,PE,0,0,0,107.8,121.75,0,0,0,0,17-Apr-17
OPTSTK,TATASTEEL,29-Jun-17,600,PE,0,0,0,116.7,131.2,0,0,0,0,17-Apr-17
OPTSTK,TCS,27-Apr-17,1600,CE,0,0,0,779.35,717.65,0,0,0,0,17-Apr-17
OPTSTK,TCS,27-Apr-17,1650,CE,0,0,0,730.25,667.75,0,0,0,0,17-Apr-17
OPTSTK,TCS,27-Apr-17,1700,CE,0,0,0,681.25,617.85,0,0,0,0,17-Apr-17
OPTSTK,TCS,27-Apr-17,1750,CE,0,0,0,632.45,567.9,0,0,0,0,17-Apr-17
OPTSTK,TCS,27-Apr-17,1800,CE,0,0,0,657,518,0,0,2000,0,17-Apr-17
OPTSTK,TCS,27-Apr-17,1850,CE,0,0,0,535.75,468.1,0,0,0,0,17-Apr-17
OPTSTK,TCS,27-Apr-17,1900,CE,0,0,0,558,418.2,0,0,2000,0,17-Apr-17
OPTSTK,TCS,27-Apr-17,1950,CE,0,0,0,441.75,368.25,0,0,0,0,17-Apr-17
OPTSTK,TCS,27-Apr-17,2000,CE,0,0,0,416.5,318.35,0,0,1750,0,17-Apr-17
OPTSTK,TCS,27-Apr-17,2050,CE,0,0,0,352.7,268.45,0,0,0,0,17-Apr-17
OPTSTK,TCS,27-Apr-17,2100,CE,0,0,0,328,218.65,0,0,500,0,17-Apr-17
OPTSTK,TCS,27-Apr-17,2150,CE,0,0,0,271.5,169.4,0,0,0,0,17-Apr-17
OPTSTK,TCS,27-Apr-17,2200,CE,117,117,117,117,117,1,5.79,14750,250,17-Apr-17
OPTSTK,TCS,27-Apr-17,2250,CE,85,90,78.2,88.65,88.65,15,87.44,3750,3000,17-Apr-17
OPTSTK,TCS,27-Apr-17,2300,CE,54.4,62,45.3,57.55,57.55,582,3421.48,107750,94750,17-Apr-17
OPTSTK,TCS,27-Apr-17,2350,CE,38,38.5,25.75,34.5,34.5,1001,5959.15,122000,37250,17-Apr-17
OPTSTK,TCS,27-Apr-17,2400,CE,20.35,20.85,14.1,19,19,1576,9524.15,257250,65500,17-Apr-17
OPTSTK,TCS,27-Apr-17,2450,CE,11.5,11.5,7.75,10.5,10.5,881,5416.9,366500,26500,17-Apr-17
OPTSTK,TCS,27-Apr-17,2500,CE,6.6,6.6,4.35,5.75,5.75,811,5078.92,301500,37750,17-Apr-17
OPTSTK,TCS,27-Apr-17,2550,CE,4,4,2.6,3.3,3.3,177,1129.71,107750,1250,17-Apr-17
OPTSTK,TCS,27-Apr-17,2600,CE,1.85,2.1,1.5,2.1,2.1,82,533.36,190250,5500,17-Apr-17
OPTSTK,TCS,27-Apr-17,2650,CE,1,1.2,0.85,1.2,1.2,15,99.41,26000,-2000,17-Apr-17
OPTSTK,TCS,27-Apr-17,2700,CE,0.2,1,0.2,1,1,2,13.5,30000,-250,17-Apr-17
OPTSTK,TCS,27-Apr-17,2750,CE,0,0,0,0.95,0,0,0,13000,0,17-Apr-17
OPTSTK,TCS,27-Apr-17,2800,CE,0,0,0,15,0,0,0,500,0,17-Apr-17
OPTSTK,TCS,27-Apr-17,2850,CE,0,0,0,12,0,0,0,250,0,17-Apr-17
OPTSTK,TCS,27-Apr-17,2900,CE,0,0,0,10.15,0,0,0,0,0,17-Apr-17
OPTSTK,TCS,27-Apr-17,2950,CE,0,0,0,7.5,0,0,0,0,0,17-Apr-17
OPTSTK,TCS,27-Apr-17,3000,CE,0,0,0,5.55,0,0,0,0,0,17-Apr-17
OPTSTK,TCS,27-Apr-17,3050,CE,0,0,0,4.05,0,0,0,0,0,17-Apr-17
OPTSTK,TCS,27-Apr-17,3100,CE,0,0,0,2.95,0,0,0,0,0,17-Apr-17
OPTSTK,TCS,27-Apr-17,3150,CE,0,0,0,2.1,0,0,0,0,0,17-Apr-17
OPTSTK,TCS,27-Apr-17,3200,CE,0,0,0,1.5,0,0,0,0,0,17-Apr-17
OPTSTK,TCS,27-Apr-17,1600,PE,0,0,0,0.1,0,0,0,0,0,17-Apr-17
OPTSTK,TCS,27-Apr-17,1650,PE,0,0,0,0.15,0,0,0,0,0,17-Apr-17
OPTSTK,TCS,27-Apr-17,1700,PE,0,0,0,0.35,0,0,0,0,0,17-Apr-17
OPTSTK,TCS,27-Apr-17,1750,PE,0,0,0,0.7,0,0,0,0,0,17-Apr-17
OPTSTK,TCS,27-Apr-17,1800,PE,0,0,0,1.3,0,0,0,0,0,17-Apr-17
OPTSTK,TCS,27-Apr-17,1850,PE,0,0,0,2.4,0,0,0,0,0,17-Apr-17
OPTSTK,TCS,27-Apr-17,1900,PE,0,0,0,4.1,0,0,0,0,0,17-Apr-17
OPTSTK,TCS,27-Apr-17,1950,PE,0,0,0,6.7,0,0,0,0,0,17-Apr-17
OPTSTK,TCS,27-Apr-17,2000,PE,1,2.5,1,2.3,2.3,10,50.04,4750,1000,17-Apr-17
OPTSTK,TCS,27-Apr-17,2050,PE,0,0,0,16.05,0.05,0,0,0,0,17-Apr-17
OPTSTK,TCS,27-Apr-17,2100,PE,4,4.5,2.9,3.05,3.05,192,1009.59,32750,28500,17-Apr-17
OPTSTK,TCS,27-Apr-17,2150,PE,6.7,7.3,4.55,5.45,5.45,419,2258.45,84500,50250,17-Apr-17
OPTSTK,TCS,27-Apr-17,2200,PE,11.5,13.65,9.2,10.3,10.3,1029,5689.49,173500,101250,17-Apr-17
OPTSTK,TCS,27-Apr-17,2250,PE,17.1,29,17.1,19.75,19.75,1234,7010.32,189250,123000,17-Apr-17
OPTSTK,TCS,27-Apr-17,2300,PE,36.95,45.3,31.75,35.05,35.05,1910,11168.77,316750,70500,17-Apr-17
OPTSTK,TCS,27-Apr-17,2350,PE,59.5,74.05,55.15,60.45,60.45,259,1565.06,619750,-4750,17-Apr-17
OPTSTK,TCS,27-Apr-17,2400,PE,93.95,111,90,96.1,96.1,108,675.45,223000,-12500,17-Apr-17
OPTSTK,TCS,27-Apr-17,2450,PE,139.95,151.65,134.25,134.5,134.5,112,726.94,191750,-21750,17-Apr-17
OPTSTK,TCS,27-Apr-17,2500,PE,188,188,188,188,188,1,6.72,23250,-250,17-Apr-17
OPTSTK,TCS,27-Apr-17,2550,PE,0,0,0,120,230.95,0,0,10500,0,17-Apr-17
OPTSTK,TCS,27-Apr-17,2600,PE,0,0,0,193,280.7,0,0,14000,0,17-Apr-17
OPTSTK,TCS,27-Apr-17,2650,PE,0,0,0,292.65,330.55,0,0,0,0,17-Apr-17
OPTSTK,TCS,27-Apr-17,2700,PE,0,0,0,237,380.45,0,0,5500,0,17-Apr-17
OPTSTK,TCS,27-Apr-17,2750,PE,0,0,0,375.3,430.4,0,0,0,0,17-Apr-17
OPTSTK,TCS,27-Apr-17,2800,PE,0,0,0,331.2,480.3,0,0,4000,0,17-Apr-17
OPTSTK,TCS,27-Apr-17,2850,PE,0,0,0,463.75,530.2,0,0,0,0,17-Apr-17
OPTSTK,TCS,27-Apr-17,2900,PE,0,0,0,509.5,580.1,0,0,0,0,17-Apr-17
OPTSTK,TCS,27-Apr-17,2950,PE,0,0,0,556.1,630.05,0,0,0,0,17-Apr-17
OPTSTK,TCS,27-Apr-17,3000,PE,0,0,0,540,679.95,0,0,250,0,17-Apr-17
OPTSTK,TCS,27-Apr-17,3050,PE,0,0,0,651,729.85,0,0,0,0,17-Apr-17
OPTSTK,TCS,27-Apr-17,3100,PE,0,0,0,699.05,779.75,0,0,0,0,17-Apr-17
OPTSTK,TCS,27-Apr-17,3150,PE,0,0,0,747.4,829.7,0,0,0,0,17-Apr-17
OPTSTK,TCS,27-Apr-17,3200,PE,0,0,0,796,879.6,0,0,0,0,17-Apr-17
OPTSTK,TCS,25-May-17,1600,CE,0,0,0,907.6,725.65,0,0,0,0,17-Apr-17
OPTSTK,TCS,25-May-17,1650,CE,0,0,0,858.85,676,0,0,0,0,17-Apr-17
OPTSTK,TCS,25-May-17,1700,CE,0,0,0,810.4,626.35,0,0,0,0,17-Apr-17
OPTSTK,TCS,25-May-17,1750,CE,0,0,0,762.3,576.65,0,0,0,0,17-Apr-17
OPTSTK,TCS,25-May-17,1800,CE,0,0,0,714.65,527,0,0,0,0,17-Apr-17
OPTSTK,TCS,25-May-17,1850,CE,0,0,0,667.65,477.4,0,0,0,0,17-Apr-17
OPTSTK,TCS,25-May-17,1900,CE,0,0,0,621.45,427.85,0,0,0,0,17-Apr-17
OPTSTK,TCS,25-May-17,1950,CE,0,0,0,576.2,378.45,0,0,0,0,17-Apr-17
OPTSTK,TCS,25-May-17,2000,CE,0,0,0,532.15,329.55,0,0,0,0,17-Apr-17
OPTSTK,TCS,25-May-17,2050,CE,0,0,0,489.35,281.55,0,0,0,0,17-Apr-17
OPTSTK,TCS,25-May-17,2100,CE,0,0,0,448.15,235.15,0,0,0,0,17-Apr-17
OPTSTK,TCS,25-May-17,2150,CE,0,0,0,408.55,191.3,0,0,0,0,17-Apr-17
OPTSTK,TCS,25-May-17,2200,CE,0,0,0,370.85,151,0,0,0,0,17-Apr-17
OPTSTK,TCS,25-May-17,2250,CE,105,105,105,105,105,2,11.77,500,500,17-Apr-17
OPTSTK,TCS,25-May-17,2300,CE,70,74.9,70,74.9,74.9,10,59.26,2500,2250,17-Apr-17
OPTSTK,TCS,25-May-17,2350,CE,50,51,50,51,51,3,18,750,750,17-Apr-17
OPTSTK,TCS,25-May-17,2400,CE,34,39.5,32,39.5,39.5,9,54.77,8000,750,17-Apr-17
OPTSTK,TCS,25-May-17,2450,CE,24.5,24.5,24.5,24.5,24.5,1,6.18,250,250,17-Apr-17
OPTSTK,TCS,25-May-17,2500,CE,15.4,18.4,15.4,16.75,16.75,16,100.65,7500,1250,17-Apr-17
OPTSTK,TCS,25-May-17,2550,CE,0,0,0,16.65,10.15,0,0,0,0,17-Apr-17
OPTSTK,TCS,25-May-17,2600,CE,0,0,0,21,5.85,0,0,250,0,17-Apr-17
OPTSTK,TCS,25-May-17,2650,CE,0,0,0,126.85,3.25,0,0,0,0,17-Apr-17
OPTSTK,TCS,25-May-17,2700,CE,0,0,0,110.2,1.75,0,0,0,0,17-Apr-17
OPTSTK,TCS,25-May-17,2750,CE,0,0,0,95.35,0.9,0,0,0,0,17-Apr-17
OPTSTK,TCS,25-May-17,2800,CE,0,0,0,82.3,0.45,0,0,0,0,17-Apr-17
OPTSTK,TCS,25-May-17,2850,CE,0,0,0,70.75,0.25,0,0,0,0,17-Apr-17
OPTSTK,TCS,25-May-17,2900,CE,0,0,0,60.5,0.1,0,0,0,0,17-Apr-17
OPTSTK,TCS,25-May-17,2950,CE,0,0,0,51.6,0.05,0,0,0,0,17-Apr-17
OPTSTK,TCS,25-May-17,3000,CE,0,0,0,43.85,0.05,0,0,0,0,17-Apr-17
OPTSTK,TCS,25-May-17,3050,CE,0,0,0,37.15,0.05,0,0,0,0,17-Apr-17
OPTSTK,TCS,25-May-17,3100,CE,0,0,0,31.35,0,0,0,0,0,17-Apr-17
OPTSTK,TCS,25-May-17,3150,CE,0,0,0,26.4,0,0,0,0,0,17-Apr-17
OPTSTK,TCS,25-May-17,3200,CE,0,0,0,22.15,0,0,0,0,0,17-Apr-17
OPTSTK,TCS,25-May-17,1600,PE,0,0,0,0.7,0,0,0,0,0,17-Apr-17
OPTSTK,TCS,25-May-17,1650,PE,0,0,0,1.2,0,0,0,0,0,17-Apr-17
OPTSTK,TCS,25-May-17,1700,PE,0,0,0,1.9,0,0,0,0,0,17-Apr-17
OPTSTK,TCS,25-May-17,1750,PE,0,0,0,3.05,0,0,0,0,0,17-Apr-17
OPTSTK,TCS,25-May-17,1800,PE,0,0,0,4.6,0.05,0,0,0,0,17-Apr-17
OPTSTK,TCS,25-May-17,1850,PE,0,0,0,6.85,0.05,0,0,0,0,17-Apr-17
OPTSTK,TCS,25-May-17,1900,PE,0,0,0,9.85,0.15,0,0,0,0,17-Apr-17
OPTSTK,TCS,25-May-17,1950,PE,0,0,0,13.8,0.45,0,0,0,0,17-Apr-17
OPTSTK,TCS,25-May-17,2000,PE,0,0,0,18.95,1.25,0,0,0,0,17-Apr-17
OPTSTK,TCS,25-May-17,2050,PE,0,0,0,25.4,2.9,0,0,0,0,17-Apr-17
OPTSTK,TCS,25-May-17,2100,PE,0,0,0,33.4,6.15,0,0,0,0,17-Apr-17
OPTSTK,TCS,25-May-17,2150,PE,0,0,0,10.8,11.95,0,0,1000,0,17-Apr-17
OPTSTK,TCS,25-May-17,2200,PE,25,26,22,23,23,18,100.06,4000,2250,17-Apr-17
OPTSTK,TCS,25-May-17,2250,PE,40,48,35.5,48,48,12,68.66,6250,2750,17-Apr-17
OPTSTK,TCS,25-May-17,2300,PE,62,62,50,51.85,51.85,10,58.89,9750,1000,17-Apr-17
OPTSTK,TCS,25-May-17,2350,PE,85,85,85,85,85,1,6.08,4250,250,17-Apr-17
OPTSTK,TCS,25-May-17,2400,PE,0,0,0,55.65,109.9,0,0,2000,0,17-Apr-17
OPTSTK,TCS,25-May-17,2450,PE,0,0,0,143.3,145.5,0,0,0,0,17-Apr-17
OPTSTK,TCS,25-May-17,2500,PE,0,0,0,167.65,185.1,0,0,0,0,17-Apr-17
OPTSTK,TCS,25-May-17,2550,PE,0,0,0,194.2,228.1,0,0,0,0,17-Apr-17
OPTSTK,TCS,25-May-17,2600,PE,0,0,0,222.8,273.5,0,0,0,0,17-Apr-17
OPTSTK,TCS,25-May-17,2650,PE,0,0,0,253.5,320.55,0,0,0,0,17-Apr-17
OPTSTK,TCS,25-May-17,2700,PE,0,0,0,286.05,368.7,0,0,0,0,17-Apr-17
OPTSTK,TCS,25-May-17,2750,PE,0,0,0,320.4,417.5,0,0,0,0,17-Apr-17
OPTSTK,TCS,25-May-17,2800,PE,0,0,0,356.6,466.7,0,0,0,0,17-Apr-17
OPTSTK,TCS,25-May-17,2850,PE,0,0,0,394.25,516.15,0,0,0,0,17-Apr-17
OPTSTK,TCS,25-May-17,2900,PE,0,0,0,433.2,565.7,0,0,0,0,17-Apr-17
OPTSTK,TCS,25-May-17,2950,PE,0,0,0,473.5,615.3,0,0,0,0,17-Apr-17
OPTSTK,TCS,25-May-17,3000,PE,0,0,0,514.95,664.95,0,0,0,0,17-Apr-17
OPTSTK,TCS,25-May-17,3050,PE,0,0,0,557.5,714.6,0,0,0,0,17-Apr-17
OPTSTK,TCS,25-May-17,3100,PE,0,0,0,600.9,764.25,0,0,0,0,17-Apr-17
OPTSTK,TCS,25-May-17,3150,PE,0,0,0,645.15,813.95,0,0,0,0,17-Apr-17
OPTSTK,TCS,25-May-17,3200,PE,0,0,0,690.15,863.6,0,0,0,0,17-Apr-17
OPTSTK,TCS,29-Jun-17,1600,CE,0,0,0,867.4,735.55,0,0,0,0,17-Apr-17
OPTSTK,TCS,29-Jun-17,1650,CE,0,0,0,818.25,686.2,0,0,0,0,17-Apr-17
OPTSTK,TCS,29-Jun-17,1700,CE,0,0,0,769.1,636.9,0,0,0,0,17-Apr-17
OPTSTK,TCS,29-Jun-17,1750,CE,0,0,0,720,587.6,0,0,0,0,17-Apr-17
OPTSTK,TCS,29-Jun-17,1800,CE,0,0,0,671,538.5,0,0,0,0,17-Apr-17
OPTSTK,TCS,29-Jun-17,1850,CE,0,0,0,622.15,489.55,0,0,0,0,17-Apr-17
OPTSTK,TCS,29-Jun-17,1900,CE,0,0,0,573.55,441.1,0,0,0,0,17-Apr-17
OPTSTK,TCS,29-Jun-17,1950,CE,0,0,0,525.4,393.35,0,0,0,0,17-Apr-17
OPTSTK,TCS,29-Jun-17,2000,CE,0,0,0,477.85,346.7,0,0,0,0,17-Apr-17
OPTSTK,TCS,29-Jun-17,2050,CE,0,0,0,431.25,301.65,0,0,0,0,17-Apr-17
OPTSTK,TCS,29-Jun-17,2100,CE,0,0,0,385.9,258.7,0,0,0,0,17-Apr-17
OPTSTK,TCS,29-Jun-17,2150,CE,0,0,0,342.15,218.45,0,0,0,0,17-Apr-17
OPTSTK,TCS,29-Jun-17,2200,CE,0,0,0,300.4,181.5,0,0,0,0,17-Apr-17
OPTSTK,TCS,29-Jun-17,2250,CE,0,0,0,261,148.05,0,0,0,0,17-Apr-17
OPTSTK,TCS,29-Jun-17,2300,CE,0,0,0,224.4,118.7,0,0,0,0,17-Apr-17
OPTSTK,TCS,29-Jun-17,2350,CE,0,0,0,190.6,93.4,0,0,0,0,17-Apr-17
OPTSTK,TCS,29-Jun-17,2400,CE,0,0,0,160.15,72.1,0,0,0,0,17-Apr-17
OPTSTK,TCS,29-Jun-17,2450,CE,0,0,0,132.95,54.6,0,0,0,0,17-Apr-17
OPTSTK,TCS,29-Jun-17,2500,CE,0,0,0,109.1,40.7,0,0,0,0,17-Apr-17
OPTSTK,TCS,29-Jun-17,2550,CE,0,0,0,88.45,29.65,0,0,0,0,17-Apr-17
OPTSTK,TCS,29-Jun-17,2600,CE,0,0,0,70.85,21.25,0,0,0,0,17-Apr-17
OPTSTK,TCS,29-Jun-17,2650,CE,0,0,0,56.1,14.95,0,0,0,0,17-Apr-17
OPTSTK,TCS,29-Jun-17,2700,CE,0,0,0,44.05,10.35,0,0,0,0,17-Apr-17
OPTSTK,TCS,29-Jun-17,2750,CE,0,0,0,34.05,7.05,0,0,0,0,17-Apr-17
OPTSTK,TCS,29-Jun-17,2800,CE,0,0,0,26.05,4.7,0,0,0,0,17-Apr-17
OPTSTK,TCS,29-Jun-17,2850,CE,0,0,0,19.75,3.1,0,0,0,0,17-Apr-17
OPTSTK,TCS,29-Jun-17,2900,CE,0,0,0,14.8,2,0,0,0,0,17-Apr-17
OPTSTK,TCS,29-Jun-17,2950,CE,0,0,0,10.95,1.3,0,0,0,0,17-Apr-17
OPTSTK,TCS,29-Jun-17,3000,CE,0,0,0,8.05,0.8,0,0,0,0,17-Apr-17
OPTSTK,TCS,29-Jun-17,3050,CE,0,0,0,5.85,0.5,0,0,0,0,17-Apr-17
OPTSTK,TCS,29-Jun-17,3100,CE,0,0,0,4.2,0.3,0,0,0,0,17-Apr-17
OPTSTK,TCS,29-Jun-17,3150,CE,0,0,0,3,0.2,0,0,0,0,17-Apr-17
OPTSTK,TCS,29-Jun-17,3200,CE,0,0,0,2.15,0.15,0,0,0,0,17-Apr-17
OPTSTK,TCS,29-Jun-17,1600,PE,0,0,0,0.05,0.05,0,0,0,0,17-Apr-17
OPTSTK,TCS,29-Jun-17,1650,PE,0,0,0,0.05,0.05,0,0,0,0,17-Apr-17
OPTSTK,TCS,29-Jun-17,1700,PE,0,0,0,0.1,0.05,0,0,0,0,17-Apr-17
OPTSTK,TCS,29-Jun-17,1750,PE,0,0,0,0.15,0.15,0,0,0,0,17-Apr-17
OPTSTK,TCS,29-Jun-17,1800,PE,0,0,0,0.3,0.4,0,0,0,0,17-Apr-17
OPTSTK,TCS,29-Jun-17,1850,PE,0,0,0,0.65,0.85,0,0,0,0,17-Apr-17
OPTSTK,TCS,29-Jun-17,1900,PE,0,0,0,1.2,1.7,0,0,0,0,17-Apr-17
OPTSTK,TCS,29-Jun-17,1950,PE,0,0,0,2.25,3.3,0,0,0,0,17-Apr-17
OPTSTK,TCS,29-Jun-17,2000,PE,0,0,0,3.9,6,0,0,0,0,17-Apr-17
OPTSTK,TCS,29-Jun-17,2050,PE,0,0,0,6.45,10.3,0,0,0,0,17-Apr-17
OPTSTK,TCS,29-Jun-17,2100,PE,0,0,0,10.3,16.7,0,0,0,0,17-Apr-17
OPTSTK,TCS,29-Jun-17,2150,PE,0,0,0,15.7,25.85,0,0,0,0,17-Apr-17
OPTSTK,TCS,29-Jun-17,2200,PE,0,0,0,23.1,38.25,0,0,0,0,17-Apr-17
OPTSTK,TCS,29-Jun-17,2250,PE,0,0,0,32.9,54.15,0,0,0,0,17-Apr-17
OPTSTK,TCS,29-Jun-17,2300,PE,0,0,0,45.45,74.15,0,0,0,0,17-Apr-17
OPTSTK,TCS,29-Jun-17,2350,PE,0,0,0,60.85,98.2,0,0,0,0,17-Apr-17
OPTSTK,TCS,29-Jun-17,2400,PE,0,0,0,79.55,126.25,0,0,0,0,17-Apr-17
OPTSTK,TCS,29-Jun-17,2450,PE,0,0,0,101.55,158.15,0,0,0,0,17-Apr-17
OPTSTK,TCS,29-Jun-17,2500,PE,0,0,0,126.85,193.55,0,0,0,0,17-Apr-17
OPTSTK,TCS,29-Jun-17,2550,PE,0,0,0,155.4,231.9,0,0,0,0,17-Apr-17
OPTSTK,TCS,29-Jun-17,2600,PE,0,0,0,187,272.85,0,0,0,0,17-Apr-17
OPTSTK,TCS,29-Jun-17,2650,PE,0,0,0,221.4,315.9,0,0,0,0,17-Apr-17
OPTSTK,TCS,29-Jun-17,2700,PE,0,0,0,258.55,360.65,0,0,0,0,17-Apr-17
OPTSTK,TCS,29-Jun-17,2750,PE,0,0,0,297.7,406.65,0,0,0,0,17-Apr-17
OPTSTK,TCS,29-Jun-17,2800,PE,0,0,0,338.9,453.7,0,0,0,0,17-Apr-17
OPTSTK,TCS,29-Jun-17,2850,PE,0,0,0,381.75,501.45,0,0,0,0,17-Apr-17
OPTSTK,TCS,29-Jun-17,2900,PE,0,0,0,425.95,549.7,0,0,0,0,17-Apr-17
OPTSTK,TCS,29-Jun-17,2950,PE,0,0,0,471.3,598.35,0,0,0,0,17-Apr-17
OPTSTK,TCS,29-Jun-17,3000,PE,0,0,0,517.6,647.2,0,0,0,0,17-Apr-17
OPTSTK,TCS,29-Jun-17,3050,PE,0,0,0,564.55,696.25,0,0,0,0,17-Apr-17
OPTSTK,TCS,29-Jun-17,3100,PE,0,0,0,612.1,745.45,0,0,0,0,17-Apr-17
OPTSTK,TCS,29-Jun-17,3150,PE,0,0,0,660.05,794.65,0,0,0,0,17-Apr-17
OPTSTK,TCS,29-Jun-17,3200,PE,0,0,0,708.35,843.95,0,0,0,0,17-Apr-17
OPTSTK,TECHM,27-Apr-17,310,CE,0,0,0,160.8,112.5,0,0,0,0,17-Apr-17
OPTSTK,TECHM,27-Apr-17,320,CE,0,0,0,150.95,102.55,0,0,0,0,17-Apr-17
OPTSTK,TECHM,27-Apr-17,330,CE,0,0,0,141.15,92.55,0,0,0,0,17-Apr-17
OPTSTK,TECHM,27-Apr-17,340,CE,0,0,0,131.4,82.55,0,0,0,0,17-Apr-17
OPTSTK,TECHM,27-Apr-17,350,CE,0,0,0,121.7,72.6,0,0,0,0,17-Apr-17
OPTSTK,TECHM,27-Apr-17,360,CE,0,0,0,112.1,62.6,0,0,0,0,17-Apr-17
OPTSTK,TECHM,27-Apr-17,370,CE,0,0,0,102.6,52.6,0,0,0,0,17-Apr-17
OPTSTK,TECHM,27-Apr-17,380,CE,0,0,0,93.3,42.65,0,0,0,0,17-Apr-17
OPTSTK,TECHM,27-Apr-17,390,CE,0,0,0,84.2,32.8,0,0,0,0,17-Apr-17
OPTSTK,TECHM,27-Apr-17,400,CE,0,0,0,75.45,23.35,0,0,0,0,17-Apr-17
OPTSTK,TECHM,27-Apr-17,410,CE,0,0,0,67.05,14.95,0,0,0,0,17-Apr-17
OPTSTK,TECHM,27-Apr-17,420,CE,12.25,13.3,9.75,10.8,10.8,26,123.32,23100,18700,17-Apr-17
OPTSTK,TECHM,27-Apr-17,430,CE,8.6,8.7,5.6,6.15,6.15,139,668,100100,62700,17-Apr-17
OPTSTK,TECHM,27-Apr-17,440,CE,4.3,4.9,2.45,3.25,3.25,243,1186.46,271700,75900,17-Apr-17
OPTSTK,TECHM,27-Apr-17,450,CE,2.55,2.7,1.6,1.75,1.75,198,984.67,500500,36300,17-Apr-17
OPTSTK,TECHM,27-Apr-17,460,CE,1.4,1.5,0.9,1,1,146,740.69,558800,-33000,17-Apr-17
OPTSTK,TECHM,27-Apr-17,470,CE,0.9,1.05,0.7,0.75,0.75,106,549.04,345400,-22000,17-Apr-17
OPTSTK,TECHM,27-Apr-17,480,CE,0.65,0.75,0.5,0.7,0.7,44,232.65,271700,-4400,17-Apr-17
OPTSTK,TECHM,27-Apr-17,490,CE,0.15,0.15,0.15,0.15,0.15,3,16.17,69300,-3300,17-Apr-17
OPTSTK,TECHM,27-Apr-17,500,CE,0.35,0.4,0.35,0.4,0.4,3,16.51,360800,0,17-Apr-17
OPTSTK,TECHM,27-Apr-17,510,CE,0,0,0,0.75,0,0,0,14300,0,17-Apr-17
OPTSTK,TECHM,27-Apr-17,520,CE,0,0,0,0.2,0,0,0,9900,0,17-Apr-17
OPTSTK,TECHM,27-Apr-17,530,CE,0.05,0.05,0.05,0.05,0.05,1,5.83,18700,0,17-Apr-17
OPTSTK,TECHM,27-Apr-17,540,CE,0,0,0,6.3,0,0,0,0,0,17-Apr-17
OPTSTK,TECHM,27-Apr-17,550,CE,0,0,0,4.95,0,0,0,0,0,17-Apr-17
OPTSTK,TECHM,27-Apr-17,560,CE,0,0,0,3.85,0,0,0,0,0,17-Apr-17
OPTSTK,TECHM,27-Apr-17,570,CE,0,0,0,2.65,0,0,0,1100,0,17-Apr-17
OPTSTK,TECHM,27-Apr-17,580,CE,0,0,0,2.3,0,0,0,0,0,17-Apr-17
OPTSTK,TECHM,27-Apr-17,590,CE,0,0,0,1.75,0,0,0,0,0,17-Apr-17
OPTSTK,TECHM,27-Apr-17,600,CE,0,0,0,1.3,0,0,0,0,0,17-Apr-17
OPTSTK,TECHM,27-Apr-17,610,CE,0,0,0,1,0,0,0,0,0,17-Apr-17
OPTSTK,TECHM,27-Apr-17,310,PE,0,0,0,0.05,0,0,0,0,0,17-Apr-17
OPTSTK,TECHM,27-Apr-17,320,PE,0,0,0,0.05,0,0,0,0,0,17-Apr-17
OPTSTK,TECHM,27-Apr-17,330,PE,0,0,0,0.1,0,0,0,0,0,17-Apr-17
OPTSTK,TECHM,27-Apr-17,340,PE,0,0,0,0.15,0,0,0,0,0,17-Apr-17
OPTSTK,TECHM,27-Apr-17,350,PE,0,0,0,0.3,0,0,0,0,0,17-Apr-17
OPTSTK,TECHM,27-Apr-17,360,PE,0,0,0,0.55,0,0,0,0,0,17-Apr-17
OPTSTK,TECHM,27-Apr-17,370,PE,0,0,0,0.9,0,0,0,0,0,17-Apr-17
OPTSTK,TECHM,27-Apr-17,380,PE,0,0,0,0.8,0.05,0,0,1100,0,17-Apr-17
OPTSTK,TECHM,27-Apr-17,390,PE,0,0,0,2.15,0.2,0,0,0,0,17-Apr-17
OPTSTK,TECHM,27-Apr-17,400,PE,0.8,1.8,0.8,1.55,1.55,44,194.22,61600,0,17-Apr-17
OPTSTK,TECHM,27-Apr-17,410,PE,2.5,4,2.25,3.5,3.5,85,386.28,105600,8800,17-Apr-17
OPTSTK,TECHM,27-Apr-17,420,PE,5.1,7.6,4.95,6.75,6.75,124,581.21,138600,-8800,17-Apr-17
OPTSTK,TECHM,27-Apr-17,430,PE,11.05,13.35,9.2,12.3,12.3,118,572.11,141900,15400,17-Apr-17
OPTSTK,TECHM,27-Apr-17,440,PE,16.05,19.65,15.5,19.6,19.6,38,191.07,152900,9900,17-Apr-17
OPTSTK,TECHM,27-Apr-17,450,PE,25.6,29.45,24.5,28.65,28.65,25,130.67,61600,-5500,17-Apr-17
OPTSTK,TECHM,27-Apr-17,460,PE,35,37.05,35,37.05,37.05,3,16.37,103400,-1100,17-Apr-17
OPTSTK,TECHM,27-Apr-17,470,PE,45,45,45,45,45,1,5.66,31900,-1100,17-Apr-17
OPTSTK,TECHM,27-Apr-17,480,PE,58.25,58.25,56.5,56.5,56.5,2,11.82,36300,-1100,17-Apr-17
OPTSTK,TECHM,27-Apr-17,490,PE,0,0,0,32.15,67.2,0,0,14300,0,17-Apr-17
OPTSTK,TECHM,27-Apr-17,500,PE,0,0,0,55.5,77.2,0,0,24200,0,17-Apr-17
OPTSTK,TECHM,27-Apr-17,510,PE,0,0,0,48.45,87.2,0,0,0,0,17-Apr-17
OPTSTK,TECHM,27-Apr-17,520,PE,0,0,0,84,97.15,0,0,9900,0,17-Apr-17
OPTSTK,TECHM,27-Apr-17,530,PE,0,0,0,68.5,107.15,0,0,3300,0,17-Apr-17
OPTSTK,TECHM,27-Apr-17,540,PE,0,0,0,79.5,117.15,0,0,1100,0,17-Apr-17
OPTSTK,TECHM,27-Apr-17,550,PE,0,0,0,80.3,127.1,0,0,0,0,17-Apr-17
OPTSTK,TECHM,27-Apr-17,560,PE,0,0,0,89,137.1,0,0,0,0,17-Apr-17
OPTSTK,TECHM,27-Apr-17,570,PE,0,0,0,97.95,147.1,0,0,0,0,17-Apr-17
OPTSTK,TECHM,27-Apr-17,580,PE,0,0,0,107.1,157.05,0,0,0,0,17-Apr-17
OPTSTK,TECHM,27-Apr-17,590,PE,0,0,0,116.4,167.05,0,0,0,0,17-Apr-17
OPTSTK,TECHM,27-Apr-17,600,PE,0,0,0,125.8,177.05,0,0,0,0,17-Apr-17
OPTSTK,TECHM,27-Apr-17,610,PE,0,0,0,135.3,187,0,0,0,0,17-Apr-17
OPTSTK,TECHM,25-May-17,310,CE,0,0,0,198.55,114.05,0,0,0,0,17-Apr-17
OPTSTK,TECHM,25-May-17,320,CE,0,0,0,188.7,104.15,0,0,0,0,17-Apr-17
OPTSTK,TECHM,25-May-17,330,CE,0,0,0,178.9,94.2,0,0,0,0,17-Apr-17
OPTSTK,TECHM,25-May-17,340,CE,0,0,0,169.1,84.3,0,0,0,0,17-Apr-17
OPTSTK,TECHM,25-May-17,350,CE,0,0,0,159.3,74.4,0,0,0,0,17-Apr-17
OPTSTK,TECHM,25-May-17,360,CE,0,0,0,149.55,64.6,0,0,0,0,17-Apr-17
OPTSTK,TECHM,25-May-17,370,CE,0,0,0,139.85,55,0,0,0,0,17-Apr-17
OPTSTK,TECHM,25-May-17,380,CE,0,0,0,130.3,45.75,0,0,0,0,17-Apr-17
OPTSTK,TECHM,25-May-17,390,CE,0,0,0,120.8,37,0,0,0,0,17-Apr-17
OPTSTK,TECHM,25-May-17,400,CE,0,0,0,111.5,28.95,0,0,0,0,17-Apr-17
OPTSTK,TECHM,25-May-17,410,CE,0,0,0,102.35,21.9,0,0,0,0,17-Apr-17
OPTSTK,TECHM,25-May-17,420,CE,0,0,0,24.1,15.95,0,0,2200,0,17-Apr-17
OPTSTK,TECHM,25-May-17,430,CE,17,17,14,14,14,3,14.71,3300,3300,17-Apr-17
OPTSTK,TECHM,25-May-17,440,CE,0,0,0,76.65,7.5,0,0,0,0,17-Apr-17
OPTSTK,TECHM,25-May-17,450,CE,8.5,8.5,8.5,8.5,8.5,3,15.13,1100,-1100,17-Apr-17
OPTSTK,TECHM,25-May-17,460,CE,7.1,7.1,6,6.1,6.1,4,20.52,3300,2200,17-Apr-17
OPTSTK,TECHM,25-May-17,470,CE,0,0,0,10,1.8,0,0,1100,0,17-Apr-17
OPTSTK,TECHM,25-May-17,480,CE,0,0,0,47.85,1,0,0,0,0,17-Apr-17
OPTSTK,TECHM,25-May-17,490,CE,0,0,0,41.85,0.55,0,0,0,0,17-Apr-17
OPTSTK,TECHM,25-May-17,500,CE,0,0,0,36.4,0.3,0,0,0,0,17-Apr-17
OPTSTK,TECHM,25-May-17,510,CE,0,0,0,4.1,0.15,0,0,2200,0,17-Apr-17
OPTSTK,TECHM,25-May-17,520,CE,0,0,0,26.95,0.1,0,0,0,0,17-Apr-17
OPTSTK,TECHM,25-May-17,530,CE,0,0,0,23,0.05,0,0,0,0,17-Apr-17
OPTSTK,TECHM,25-May-17,540,CE,0,0,0,19.5,0.05,0,0,0,0,17-Apr-17
OPTSTK,TECHM,25-May-17,550,CE,0,0,0,16.4,0.05,0,0,0,0,17-Apr-17
OPTSTK,TECHM,25-May-17,560,CE,0,0,0,13.75,0,0,0,0,0,17-Apr-17
OPTSTK,TECHM,25-May-17,570,CE,0,0,0,11.45,0,0,0,0,0,17-Apr-17
OPTSTK,TECHM,25-May-17,580,CE,0,0,0,9.5,0,0,0,0,0,17-Apr-17
OPTSTK,TECHM,25-May-17,590,CE,0,0,0,7.8,0,0,0,0,0,17-Apr-17
OPTSTK,TECHM,25-May-17,600,CE,0,0,0,6.4,0,0,0,0,0,17-Apr-17
OPTSTK,TECHM,25-May-17,610,CE,0,0,0,5.2,0,0,0,0,0,17-Apr-17
OPTSTK,TECHM,25-May-17,310,PE,0,0,0,0.05,0,0,0,0,0,17-Apr-17
OPTSTK,TECHM,25-May-17,320,PE,0,0,0,0.05,0,0,0,0,0,17-Apr-17
OPTSTK,TECHM,25-May-17,330,PE,0,0,0,0.05,0.05,0,0,0,0,17-Apr-17
OPTSTK,TECHM,25-May-17,340,PE,0,0,0,0.1,0.05,0,0,0,0,17-Apr-17
OPTSTK,TECHM,25-May-17,350,PE,0,0,0,0.15,0.1,0,0,0,0,17-Apr-17
OPTSTK,TECHM,25-May-17,360,PE,0,0,0,0.25,0.25,0,0,0,0,17-Apr-17
OPTSTK,TECHM,25-May-17,370,PE,0,0,0,0.4,0.55,0,0,0,0,17-Apr-17
OPTSTK,TECHM,25-May-17,380,PE,0,0,0,0.65,1.2,0,0,0,0,17-Apr-17
OPTSTK,TECHM,25-May-17,390,PE,0,0,0,1.05,2.4,0,0,0,0,17-Apr-17
OPTSTK,TECHM,25-May-17,400,PE,0,0,0,5,4.35,0,0,2200,0,17-Apr-17
OPTSTK,TECHM,25-May-17,410,PE,0,0,0,2.25,7.2,0,0,0,0,17-Apr-17
OPTSTK,TECHM,25-May-17,420,PE,9.5,13,9.5,13,13,4,19,3300,3300,17-Apr-17
OPTSTK,TECHM,25-May-17,430,PE,16,16,16,16,16,1,4.9,2200,1100,17-Apr-17
OPTSTK,TECHM,25-May-17,440,PE,24,24,24,24,24,1,5.1,2200,1100,17-Apr-17
OPTSTK,TECHM,25-May-17,450,PE,30,30,30,30,30,1,5.28,2200,1100,17-Apr-17
OPTSTK,TECHM,25-May-17,460,PE,0,0,0,22,37.95,0,0,1100,0,17-Apr-17
OPTSTK,TECHM,25-May-17,470,PE,0,0,0,13.3,46.65,0,0,0,0,17-Apr-17
OPTSTK,TECHM,25-May-17,480,PE,0,0,0,16.65,55.85,0,0,0,0,17-Apr-17
OPTSTK,TECHM,25-May-17,490,PE,0,0,0,20.5,65.3,0,0,0,0,17-Apr-17
OPTSTK,TECHM,25-May-17,500,PE,0,0,0,24.9,75,0,0,0,0,17-Apr-17
OPTSTK,TECHM,25-May-17,510,PE,0,0,0,29.75,84.8,0,0,0,0,17-Apr-17
OPTSTK,TECHM,25-May-17,520,PE,0,0,0,35.15,94.65,0,0,0,0,17-Apr-17
OPTSTK,TECHM,25-May-17,530,PE,0,0,0,41.05,104.55,0,0,0,0,17-Apr-17
OPTSTK,TECHM,25-May-17,540,PE,0,0,0,47.35,114.45,0,0,0,0,17-Apr-17
OPTSTK,TECHM,25-May-17,550,PE,0,0,0,54.15,124.35,0,0,0,0,17-Apr-17
OPTSTK,TECHM,25-May-17,560,PE,0,0,0,61.35,134.3,0,0,0,0,17-Apr-17
OPTSTK,TECHM,25-May-17,570,PE,0,0,0,68.9,144.25,0,0,0,0,17-Apr-17
OPTSTK,TECHM,25-May-17,580,PE,0,0,0,76.75,154.15,0,0,0,0,17-Apr-17
OPTSTK,TECHM,25-May-17,590,PE,0,0,0,84.9,164.1,0,0,0,0,17-Apr-17
OPTSTK,TECHM,25-May-17,600,PE,0,0,0,93.35,174,0,0,0,0,17-Apr-17
OPTSTK,TECHM,25-May-17,610,PE,0,0,0,102,183.95,0,0,0,0,17-Apr-17
OPTSTK,TECHM,29-Jun-17,310,CE,0,0,0,156.35,116,0,0,0,0,17-Apr-17
OPTSTK,TECHM,29-Jun-17,320,CE,0,0,0,146.5,106.15,0,0,0,0,17-Apr-17
OPTSTK,TECHM,29-Jun-17,330,CE,0,0,0,136.7,96.35,0,0,0,0,17-Apr-17
OPTSTK,TECHM,29-Jun-17,340,CE,0,0,0,126.9,86.65,0,0,0,0,17-Apr-17
OPTSTK,TECHM,29-Jun-17,350,CE,0,0,0,117.2,77.1,0,0,0,0,17-Apr-17
OPTSTK,TECHM,29-Jun-17,360,CE,0,0,0,107.5,67.75,0,0,0,0,17-Apr-17
OPTSTK,TECHM,29-Jun-17,370,CE,0,0,0,97.95,58.75,0,0,0,0,17-Apr-17
OPTSTK,TECHM,29-Jun-17,380,CE,0,0,0,88.6,50.15,0,0,0,0,17-Apr-17
OPTSTK,TECHM,29-Jun-17,390,CE,0,0,0,79.45,42.15,0,0,0,0,17-Apr-17
OPTSTK,TECHM,29-Jun-17,400,CE,0,0,0,70.6,34.8,0,0,0,0,17-Apr-17
OPTSTK,TECHM,29-Jun-17,410,CE,0,0,0,62.1,28.25,0,0,0,0,17-Apr-17
OPTSTK,TECHM,29-Jun-17,420,CE,0,0,0,54.1,22.5,0,0,0,0,17-Apr-17
OPTSTK,TECHM,29-Jun-17,430,CE,0,0,0,46.65,17.55,0,0,0,0,17-Apr-17
OPTSTK,TECHM,29-Jun-17,440,CE,0,0,0,39.75,13.45,0,0,0,0,17-Apr-17
OPTSTK,TECHM,29-Jun-17,450,CE,0,0,0,33.5,10.1,0,0,0,0,17-Apr-17
OPTSTK,TECHM,29-Jun-17,460,CE,0,0,0,27.9,7.45,0,0,0,0,17-Apr-17
OPTSTK,TECHM,29-Jun-17,470,CE,0,0,0,22.95,5.4,0,0,0,0,17-Apr-17
OPTSTK,TECHM,29-Jun-17,480,CE,0,0,0,18.7,3.85,0,0,0,0,17-Apr-17
OPTSTK,TECHM,29-Jun-17,490,CE,0,0,0,15,2.7,0,0,0,0,17-Apr-17
OPTSTK,TECHM,29-Jun-17,500,CE,0,0,0,11.95,1.85,0,0,0,0,17-Apr-17
OPTSTK,TECHM,29-Jun-17,510,CE,0,0,0,9.4,1.25,0,0,0,0,17-Apr-17
OPTSTK,TECHM,29-Jun-17,520,CE,0,0,0,5.05,0.85,0,0,2200,0,17-Apr-17
OPTSTK,TECHM,29-Jun-17,530,CE,0,0,0,5.65,0.55,0,0,0,0,17-Apr-17
OPTSTK,TECHM,29-Jun-17,540,CE,0,0,0,4.3,0.35,0,0,0,0,17-Apr-17
OPTSTK,TECHM,29-Jun-17,550,CE,0,0,0,3.25,0.25,0,0,0,0,17-Apr-17
OPTSTK,TECHM,29-Jun-17,560,CE,0,0,0,2.4,0.15,0,0,0,0,17-Apr-17
OPTSTK,TECHM,29-Jun-17,570,CE,0,0,0,1.8,0.1,0,0,0,0,17-Apr-17
OPTSTK,TECHM,29-Jun-17,580,CE,0,0,0,1.3,0.05,0,0,0,0,17-Apr-17
OPTSTK,TECHM,29-Jun-17,590,CE,0,0,0,0.95,0.05,0,0,0,0,17-Apr-17
OPTSTK,TECHM,29-Jun-17,600,CE,0,0,0,0.7,0.05,0,0,0,0,17-Apr-17
OPTSTK,TECHM,29-Jun-17,610,CE,0,0,0,0.5,0.05,0,0,0,0,17-Apr-17
OPTSTK,TECHM,29-Jun-17,310,PE,0,0,0,0.05,0.05,0,0,0,0,17-Apr-17
OPTSTK,TECHM,29-Jun-17,320,PE,0,0,0,0.05,0.1,0,0,0,0,17-Apr-17
OPTSTK,TECHM,29-Jun-17,330,PE,0,0,0,0.05,0.15,0,0,0,0,17-Apr-17
OPTSTK,TECHM,29-Jun-17,340,PE,0,0,0,0.1,0.3,0,0,0,0,17-Apr-17
OPTSTK,TECHM,29-Jun-17,350,PE,0,0,0,0.2,0.65,0,0,0,0,17-Apr-17
OPTSTK,TECHM,29-Jun-17,360,PE,0,0,0,0.4,1.15,0,0,0,0,17-Apr-17
OPTSTK,TECHM,29-Jun-17,370,PE,0,0,0,0.65,2,0,0,0,0,17-Apr-17
OPTSTK,TECHM,29-Jun-17,380,PE,0,0,0,1.1,3.3,0,0,0,0,17-Apr-17
OPTSTK,TECHM,29-Jun-17,390,PE,0,0,0,1.8,5.15,0,0,0,0,17-Apr-17
OPTSTK,TECHM,29-Jun-17,400,PE,0,0,0,2.8,7.7,0,0,0,0,17-Apr-17
OPTSTK,TECHM,29-Jun-17,410,PE,0,0,0,4.15,11,0,0,0,0,17-Apr-17
OPTSTK,TECHM,29-Jun-17,420,PE,0,0,0,6,15.1,0,0,0,0,17-Apr-17
OPTSTK,TECHM,29-Jun-17,430,PE,0,0,0,8.35,20.05,0,0,0,0,17-Apr-17
OPTSTK,TECHM,29-Jun-17,440,PE,0,0,0,11.25,25.8,0,0,0,0,17-Apr-17
OPTSTK,TECHM,29-Jun-17,450,PE,0,0,0,14.85,32.35,0,0,0,0,17-Apr-17
OPTSTK,TECHM,29-Jun-17,460,PE,0,0,0,19.1,39.6,0,0,0,0,17-Apr-17
OPTSTK,TECHM,29-Jun-17,470,PE,0,0,0,24,47.4,0,0,0,0,17-Apr-17
OPTSTK,TECHM,29-Jun-17,480,PE,0,0,0,29.55,55.7,0,0,0,0,17-Apr-17
OPTSTK,TECHM,29-Jun-17,490,PE,0,0,0,35.75,64.4,0,0,0,0,17-Apr-17
OPTSTK,TECHM,29-Jun-17,500,PE,0,0,0,42.5,73.45,0,0,0,0,17-Apr-17
OPTSTK,TECHM,29-Jun-17,510,PE,0,0,0,49.8,82.7,0,0,0,0,17-Apr-17
OPTSTK,TECHM,29-Jun-17,520,PE,0,0,0,57.55,92.15,0,0,0,0,17-Apr-17
OPTSTK,TECHM,29-Jun-17,530,PE,0,0,0,65.7,101.75,0,0,0,0,17-Apr-17
OPTSTK,TECHM,29-Jun-17,540,PE,0,0,0,74.2,111.45,0,0,0,0,17-Apr-17
OPTSTK,TECHM,29-Jun-17,550,PE,0,0,0,82.95,121.2,0,0,0,0,17-Apr-17
OPTSTK,TECHM,29-Jun-17,560,PE,0,0,0,92,130.95,0,0,0,0,17-Apr-17
OPTSTK,TECHM,29-Jun-17,570,PE,0,0,0,101.2,140.8,0,0,0,0,17-Apr-17
OPTSTK,TECHM,29-Jun-17,580,PE,0,0,0,110.55,150.65,0,0,0,0,17-Apr-17
OPTSTK,TECHM,29-Jun-17,590,PE,0,0,0,120.05,160.5,0,0,0,0,17-Apr-17
OPTSTK,TECHM,29-Jun-17,600,PE,0,0,0,129.6,170.35,0,0,0,0,17-Apr-17
OPTSTK,TECHM,29-Jun-17,610,PE,0,0,0,139.25,180.2,0,0,0,0,17-Apr-17
OPTSTK,TITAN,27-Apr-17,230,CE,0,0,0,146,251.65,0,0,0,0,17-Apr-17
OPTSTK,TITAN,27-Apr-17,240,CE,0,0,0,136.2,241.7,0,0,0,0,17-Apr-17
OPTSTK,TITAN,27-Apr-17,250,CE,0,0,0,126.45,231.7,0,0,0,0,17-Apr-17
OPTSTK,TITAN,27-Apr-17,260,CE,0,0,0,116.8,221.7,0,0,0,0,17-Apr-17
OPTSTK,TITAN,27-Apr-17,270,CE,0,0,0,107.25,211.75,0,0,0,0,17-Apr-17
OPTSTK,TITAN,27-Apr-17,280,CE,0,0,0,97.85,201.75,0,0,0,0,17-Apr-17
OPTSTK,TITAN,27-Apr-17,290,CE,0,0,0,88.65,191.75,0,0,0,0,17-Apr-17
OPTSTK,TITAN,27-Apr-17,300,CE,0,0,0,79.75,181.8,0,0,0,0,17-Apr-17
OPTSTK,TITAN,27-Apr-17,310,CE,0,0,0,71.2,171.8,0,0,0,0,17-Apr-17
OPTSTK,TITAN,27-Apr-17,320,CE,0,0,0,63.1,161.85,0,0,0,0,17-Apr-17
OPTSTK,TITAN,27-Apr-17,330,CE,0,0,0,55.45,151.85,0,0,0,0,17-Apr-17
OPTSTK,TITAN,27-Apr-17,340,CE,0,0,0,48.35,141.85,0,0,0,0,17-Apr-17
OPTSTK,TITAN,27-Apr-17,350,CE,0,0,0,103.5,131.9,0,0,1500,0,17-Apr-17
OPTSTK,TITAN,27-Apr-17,360,CE,0,0,0,35.8,121.9,0,0,0,0,17-Apr-17
OPTSTK,TITAN,27-Apr-17,370,CE,0,0,0,30.45,111.9,0,0,0,0,17-Apr-17
OPTSTK,TITAN,27-Apr-17,380,CE,0,0,0,25.65,101.95,0,0,0,0,17-Apr-17
OPTSTK,TITAN,27-Apr-17,390,CE,0,0,0,21.5,91.95,0,0,0,0,17-Apr-17
OPTSTK,TITAN,27-Apr-17,400,CE,0,0,0,55,82,0,0,4500,0,17-Apr-17
OPTSTK,TITAN,27-Apr-17,410,CE,0,0,0,42,72.05,0,0,3000,0,17-Apr-17
OPTSTK,TITAN,27-Apr-17,420,CE,0,0,0,37.95,62.15,0,0,7500,0,17-Apr-17
OPTSTK,TITAN,27-Apr-17,430,CE,0,0,0,9.8,52.4,0,0,0,0,17-Apr-17
OPTSTK,TITAN,27-Apr-17,440,CE,0,0,0,45.3,42.95,0,0,6000,0,17-Apr-17
OPTSTK,TITAN,27-Apr-17,450,CE,0,0,0,44.85,34.05,0,0,13500,0,17-Apr-17
OPTSTK,TITAN,27-Apr-17,460,CE,0,0,0,27.05,25.9,0,0,24000,0,17-Apr-17
OPTSTK,TITAN,27-Apr-17,470,CE,0,0,0,20.4,18.85,0,0,22500,0,17-Apr-17
OPTSTK,TITAN,27-Apr-17,480,CE,14.7,20.95,11.3,13.55,13.55,34,252.97,69000,3000,17-Apr-17
OPTSTK,TITAN,27-Apr-17,490,CE,8.15,15.95,7.1,9.1,9.1,157,1178.01,157500,43500,17-Apr-17
OPTSTK,TITAN,27-Apr-17,500,CE,6.2,11,4.45,6.25,6.25,348,2648.08,570000,39000,17-Apr-17
OPTSTK,TITAN,27-Apr-17,510,CE,3.5,7.05,2.3,4.3,4.3,108,834.29,103500,12000,17-Apr-17
OPTSTK,TITAN,27-Apr-17,520,CE,1.9,5,1.7,2.8,2.8,115,902.45,139500,3000,17-Apr-17
OPTSTK,TITAN,27-Apr-17,530,CE,1.1,3,0.85,1.4,1.4,47,374.84,88500,16500,17-Apr-17
OPTSTK,TITAN,27-Apr-17,540,CE,0.5,1.5,0.5,0.8,0.8,14,113.59,46500,-1500,17-Apr-17
OPTSTK,TITAN,27-Apr-17,550,CE,0.7,0.7,0.55,0.55,0.55,2,16.51,36000,-1500,17-Apr-17
OPTSTK,TITAN,27-Apr-17,560,CE,0.1,0.1,0.1,0.1,0.1,1,8.4,22500,0,17-Apr-17
OPTSTK,TITAN,27-Apr-17,570,CE,0,0,0,8.45,0.05,0,0,0,0,17-Apr-17
OPTSTK,TITAN,27-Apr-17,580,CE,0,0,0,9.15,0.05,0,0,0,0,17-Apr-17
OPTSTK,TITAN,27-Apr-17,590,CE,0,0,0,7.95,0.05,0,0,0,0,17-Apr-17
OPTSTK,TITAN,27-Apr-17,230,PE,0,0,0,0.05,0,0,0,0,0,17-Apr-17
OPTSTK,TITAN,27-Apr-17,240,PE,0,0,0,0.1,0,0,0,0,0,17-Apr-17
OPTSTK,TITAN,27-Apr-17,250,PE,0,0,0,0.2,0,0,0,0,0,17-Apr-17
OPTSTK,TITAN,27-Apr-17,260,PE,0,0,0,0.35,0,0,0,0,0,17-Apr-17
OPTSTK,TITAN,27-Apr-17,270,PE,0,0,0,0.65,0,0,0,0,0,17-Apr-17
OPTSTK,TITAN,27-Apr-17,280,PE,0,0,0,1.1,0,0,0,0,0,17-Apr-17
OPTSTK,TITAN,27-Apr-17,290,PE,0,0,0,1.75,0,0,0,0,0,17-Apr-17
OPTSTK,TITAN,27-Apr-17,300,PE,0,0,0,2.7,0,0,0,0,0,17-Apr-17
OPTSTK,TITAN,27-Apr-17,310,PE,0,0,0,4,0,0,0,0,0,17-Apr-17
OPTSTK,TITAN,27-Apr-17,320,PE,0,0,0,5.7,0,0,0,0,0,17-Apr-17
OPTSTK,TITAN,27-Apr-17,330,PE,0,0,0,7.9,0,0,0,0,0,17-Apr-17
OPTSTK,TITAN,27-Apr-17,340,PE,0,0,0,10.6,0,0,0,0,0,17-Apr-17
OPTSTK,TITAN,27-Apr-17,350,PE,0,0,0,13.85,0,0,0,0,0,17-Apr-17
OPTSTK,TITAN,27-Apr-17,360,PE,0,0,0,17.75,0,0,0,0,0,17-Apr-17
OPTSTK,TITAN,27-Apr-17,370,PE,0,0,0,22.2,0,0,0,0,0,17-Apr-17
OPTSTK,TITAN,27-Apr-17,380,PE,0,0,0,27.3,0,0,0,0,0,17-Apr-17
OPTSTK,TITAN,27-Apr-17,390,PE,0,0,0,32.95,0,0,0,0,0,17-Apr-17
OPTSTK,TITAN,27-Apr-17,400,PE,0,0,0,1,0.05,0,0,3000,0,17-Apr-17
OPTSTK,TITAN,27-Apr-17,410,PE,0,0,0,0.25,0.05,0,0,4500,0,17-Apr-17
OPTSTK,TITAN,27-Apr-17,420,PE,0,0,0,3.5,0.15,0,0,4500,0,17-Apr-17
OPTSTK,TITAN,27-Apr-17,430,PE,0.2,0.6,0.15,0.55,0.55,7,45.19,51000,0,17-Apr-17
OPTSTK,TITAN,27-Apr-17,440,PE,0.8,1.1,0.65,0.85,0.85,5,33.06,36000,-4500,17-Apr-17
OPTSTK,TITAN,27-Apr-17,450,PE,1.4,2.25,1.4,1.8,1.8,16,108.43,118500,0,17-Apr-17
OPTSTK,TITAN,27-Apr-17,460,PE,2,4.25,1.5,3.4,3.4,46,319.25,87000,6000,17-Apr-17
OPTSTK,TITAN,27-Apr-17,470,PE,3.6,7,2.9,6.1,6.1,42,299.18,103500,13500,17-Apr-17
OPTSTK,TITAN,27-Apr-17,480,PE,7.65,12.8,5.1,10.2,10.2,46,337.22,82500,-7500,17-Apr-17
OPTSTK,TITAN,27-Apr-17,490,PE,11.4,17.15,9.25,16.3,16.3,20,150.86,28500,10500,17-Apr-17
OPTSTK,TITAN,27-Apr-17,500,PE,17.85,18.35,14.85,18.35,18.35,7,54.29,16500,0,17-Apr-17
OPTSTK,TITAN,27-Apr-17,510,PE,0,0,0,131,31,0,0,0,0,17-Apr-17
OPTSTK,TITAN,27-Apr-17,520,PE,0,0,0,126.3,39.6,0,0,0,0,17-Apr-17
OPTSTK,TITAN,27-Apr-17,530,PE,0,0,0,135.55,48.75,0,0,0,0,17-Apr-17
OPTSTK,TITAN,27-Apr-17,540,PE,0,0,0,119.25,58.25,0,0,0,0,17-Apr-17
OPTSTK,TITAN,27-Apr-17,550,PE,0,0,0,127.65,68,0,0,0,0,17-Apr-17
OPTSTK,TITAN,27-Apr-17,560,PE,0,0,0,136.25,77.9,0,0,0,0,17-Apr-17
OPTSTK,TITAN,27-Apr-17,570,PE,0,0,0,144.95,87.8,0,0,0,0,17-Apr-17
OPTSTK,TITAN,27-Apr-17,580,PE,0,0,0,125.15,97.75,0,0,0,0,17-Apr-17
OPTSTK,TITAN,27-Apr-17,590,PE,0,0,0,133.8,107.75,0,0,0,0,17-Apr-17
OPTSTK,TITAN,25-May-17,290,CE,0,0,0,149.65,193.25,0,0,0,0,17-Apr-17
OPTSTK,TITAN,25-May-17,300,CE,0,0,0,140.6,183.3,0,0,0,0,17-Apr-17
OPTSTK,TITAN,25-May-17,310,CE,0,0,0,131.75,173.35,0,0,0,0,17-Apr-17
OPTSTK,TITAN,25-May-17,320,CE,0,0,0,123.15,163.45,0,0,0,0,17-Apr-17
OPTSTK,TITAN,25-May-17,330,CE,0,0,0,114.8,153.5,0,0,0,0,17-Apr-17
OPTSTK,TITAN,25-May-17,340,CE,0,0,0,106.7,143.6,0,0,0,0,17-Apr-17
OPTSTK,TITAN,25-May-17,350,CE,0,0,0,98.95,133.7,0,0,0,0,17-Apr-17
OPTSTK,TITAN,25-May-17,360,CE,0,0,0,91.5,123.8,0,0,0,0,17-Apr-17
OPTSTK,TITAN,25-May-17,370,CE,0,0,0,84.4,114,0,0,0,0,17-Apr-17
OPTSTK,TITAN,25-May-17,380,CE,0,0,0,77.65,104.3,0,0,0,0,17-Apr-17
OPTSTK,TITAN,25-May-17,390,CE,0,0,0,71.25,94.7,0,0,0,0,17-Apr-17
OPTSTK,TITAN,25-May-17,400,CE,0,0,0,65.25,85.3,0,0,0,0,17-Apr-17
OPTSTK,TITAN,25-May-17,410,CE,0,0,0,59.6,76.15,0,0,0,0,17-Apr-17
OPTSTK,TITAN,25-May-17,420,CE,0,0,0,54.3,67.35,0,0,0,0,17-Apr-17
OPTSTK,TITAN,25-May-17,430,CE,0,0,0,49.35,58.95,0,0,0,0,17-Apr-17
OPTSTK,TITAN,25-May-17,440,CE,0,0,0,44.8,51.05,0,0,0,0,17-Apr-17
OPTSTK,TITAN,25-May-17,450,CE,0,0,0,40.55,43.75,0,0,0,0,17-Apr-17
OPTSTK,TITAN,25-May-17,460,CE,0,0,0,36.65,37,0,0,0,0,17-Apr-17
OPTSTK,TITAN,25-May-17,470,CE,0,0,0,33.05,30.95,0,0,0,0,17-Apr-17
OPTSTK,TITAN,25-May-17,480,CE,0,0,0,29.75,25.6,0,0,0,0,17-Apr-17
OPTSTK,TITAN,25-May-17,490,CE,0,0,0,26.7,20.9,0,0,0,0,17-Apr-17
OPTSTK,TITAN,25-May-17,500,CE,0,0,0,23.95,16.85,0,0,0,0,17-Apr-17
OPTSTK,TITAN,25-May-17,510,CE,0,0,0,21.5,13.45,0,0,0,0,17-Apr-17
OPTSTK,TITAN,25-May-17,520,CE,0,0,0,19.2,10.55,0,0,0,0,17-Apr-17
OPTSTK,TITAN,25-May-17,530,CE,0,0,0,17.15,8.25,0,0,0,0,17-Apr-17
OPTSTK,TITAN,25-May-17,540,CE,0,0,0,15.3,6.35,0,0,0,0,17-Apr-17
OPTSTK,TITAN,25-May-17,550,CE,0,0,0,13.65,4.85,0,0,0,0,17-Apr-17
OPTSTK,TITAN,25-May-17,560,CE,0,0,0,12.1,3.65,0,0,0,0,17-Apr-17
OPTSTK,TITAN,25-May-17,570,CE,0,0,0,10.75,2.7,0,0,0,0,17-Apr-17
OPTSTK,TITAN,25-May-17,580,CE,0,0,0,8.95,2,0,0,0,0,17-Apr-17
OPTSTK,TITAN,25-May-17,590,CE,0,0,0,2.95,1.45,0,0,0,0,17-Apr-17
OPTSTK,TITAN,25-May-17,290,PE,0,0,0,2.15,0,0,0,0,0,17-Apr-17
OPTSTK,TITAN,25-May-17,300,PE,0,0,0,2.95,0,0,0,0,0,17-Apr-17
OPTSTK,TITAN,25-May-17,310,PE,0,0,0,3.95,0,0,0,0,0,17-Apr-17
OPTSTK,TITAN,25-May-17,320,PE,0,0,0,5.15,0,0,0,0,0,17-Apr-17
OPTSTK,TITAN,25-May-17,330,PE,0,0,0,6.65,0.05,0,0,0,0,17-Apr-17
OPTSTK,TITAN,25-May-17,340,PE,0,0,0,8.45,0.05,0,0,0,0,17-Apr-17
OPTSTK,TITAN,25-May-17,350,PE,0,0,0,10.5,0.1,0,0,0,0,17-Apr-17
OPTSTK,TITAN,25-May-17,360,PE,0,0,0,12.9,0.15,0,0,0,0,17-Apr-17
OPTSTK,TITAN,25-May-17,370,PE,0,0,0,15.65,0.25,0,0,0,0,17-Apr-17
OPTSTK,TITAN,25-May-17,380,PE,0,0,0,18.75,0.45,0,0,0,0,17-Apr-17
OPTSTK,TITAN,25-May-17,390,PE,0,0,0,22.2,0.8,0,0,0,0,17-Apr-17
OPTSTK,TITAN,25-May-17,400,PE,0,0,0,26,1.35,0,0,0,0,17-Apr-17
OPTSTK,TITAN,25-May-17,410,PE,0,0,0,30.2,2.15,0,0,0,0,17-Apr-17
OPTSTK,TITAN,25-May-17,420,PE,0,0,0,34.75,3.25,0,0,0,0,17-Apr-17
OPTSTK,TITAN,25-May-17,430,PE,0,0,0,39.65,4.8,0,0,0,0,17-Apr-17
OPTSTK,TITAN,25-May-17,440,PE,0,0,0,44.95,6.85,0,0,0,0,17-Apr-17
OPTSTK,TITAN,25-May-17,450,PE,0,0,0,50.55,9.45,0,0,0,0,17-Apr-17
OPTSTK,TITAN,25-May-17,460,PE,0,0,0,56.45,12.65,0,0,0,0,17-Apr-17
OPTSTK,TITAN,25-May-17,470,PE,0,0,0,62.7,16.55,0,0,0,0,17-Apr-17
OPTSTK,TITAN,25-May-17,480,PE,0,0,0,69.25,21.1,0,0,0,0,17-Apr-17
OPTSTK,TITAN,25-May-17,490,PE,0,0,0,76.1,26.35,0,0,0,0,17-Apr-17
OPTSTK,TITAN,25-May-17,500,PE,0,0,0,83.2,32.25,0,0,0,0,17-Apr-17
OPTSTK,TITAN,25-May-17,510,PE,0,0,0,90.55,38.75,0,0,0,0,17-Apr-17
OPTSTK,TITAN,25-May-17,520,PE,0,0,0,98.1,45.8,0,0,0,0,17-Apr-17
OPTSTK,TITAN,25-May-17,530,PE,0,0,0,105.9,53.4,0,0,0,0,17-Apr-17
OPTSTK,TITAN,25-May-17,540,PE,0,0,0,113.9,61.45,0,0,0,0,17-Apr-17
OPTSTK,TITAN,25-May-17,550,PE,0,0,0,122.05,69.85,0,0,0,0,17-Apr-17
OPTSTK,TITAN,25-May-17,560,PE,0,0,0,130.4,78.6,0,0,0,0,17-Apr-17
OPTSTK,TITAN,25-May-17,570,PE,0,0,0,138.85,87.6,0,0,0,0,17-Apr-17
OPTSTK,TITAN,25-May-17,580,PE,0,0,0,144.65,96.85,0,0,0,0,17-Apr-17
OPTSTK,TITAN,25-May-17,590,PE,0,0,0,140,106.25,0,0,0,0,17-Apr-17
OPTSTK,TITAN,29-Jun-17,290,CE,0,0,0,172.15,195.05,0,0,0,0,17-Apr-17
OPTSTK,TITAN,29-Jun-17,300,CE,0,0,0,162.4,185.2,0,0,0,0,17-Apr-17
OPTSTK,TITAN,29-Jun-17,310,CE,0,0,0,152.65,175.35,0,0,0,0,17-Apr-17
OPTSTK,TITAN,29-Jun-17,320,CE,0,0,0,143,165.55,0,0,0,0,17-Apr-17
OPTSTK,TITAN,29-Jun-17,330,CE,0,0,0,133.4,155.75,0,0,0,0,17-Apr-17
OPTSTK,TITAN,29-Jun-17,340,CE,0,0,0,123.9,146.05,0,0,0,0,17-Apr-17
OPTSTK,TITAN,29-Jun-17,350,CE,0,0,0,114.6,136.45,0,0,0,0,17-Apr-17
OPTSTK,TITAN,29-Jun-17,360,CE,0,0,0,105.5,126.9,0,0,0,0,17-Apr-17
OPTSTK,TITAN,29-Jun-17,370,CE,0,0,0,96.6,117.55,0,0,0,0,17-Apr-17
OPTSTK,TITAN,29-Jun-17,380,CE,0,0,0,88,108.4,0,0,0,0,17-Apr-17
OPTSTK,TITAN,29-Jun-17,390,CE,0,0,0,79.75,99.45,0,0,0,0,17-Apr-17
OPTSTK,TITAN,29-Jun-17,400,CE,0,0,0,71.9,90.8,0,0,0,0,17-Apr-17
OPTSTK,TITAN,29-Jun-17,410,CE,0,0,0,64.45,82.45,0,0,0,0,17-Apr-17
OPTSTK,TITAN,29-Jun-17,420,CE,0,0,0,57.4,74.5,0,0,0,0,17-Apr-17
OPTSTK,TITAN,29-Jun-17,430,CE,0,0,0,50.85,66.95,0,0,0,0,17-Apr-17
OPTSTK,TITAN,29-Jun-17,440,CE,0,0,0,44.8,59.8,0,0,0,0,17-Apr-17
OPTSTK,TITAN,29-Jun-17,450,CE,0,0,0,39.25,53.1,0,0,0,0,17-Apr-17
OPTSTK,TITAN,29-Jun-17,460,CE,0,0,0,34.15,46.9,0,0,0,0,17-Apr-17
OPTSTK,TITAN,29-Jun-17,470,CE,0,0,0,29.6,41.2,0,0,0,0,17-Apr-17
OPTSTK,TITAN,29-Jun-17,480,CE,0,0,0,25.5,36,0,0,0,0,17-Apr-17
OPTSTK,TITAN,29-Jun-17,490,CE,0,0,0,21.85,31.25,0,0,0,0,17-Apr-17
OPTSTK,TITAN,29-Jun-17,500,CE,0,0,0,18.6,27,0,0,0,0,17-Apr-17
OPTSTK,TITAN,29-Jun-17,510,CE,0,0,0,15.8,23.2,0,0,0,0,17-Apr-17
OPTSTK,TITAN,29-Jun-17,520,CE,0,0,0,13.35,19.85,0,0,0,0,17-Apr-17
OPTSTK,TITAN,29-Jun-17,530,CE,0,0,0,11.2,16.85,0,0,0,0,17-Apr-17
OPTSTK,TITAN,29-Jun-17,540,CE,0,0,0,9.35,14.3,0,0,0,0,17-Apr-17
OPTSTK,TITAN,29-Jun-17,550,CE,0,0,0,7.8,12.05,0,0,0,0,17-Apr-17
OPTSTK,TITAN,29-Jun-17,560,CE,0,0,0,6.45,10.1,0,0,0,0,17-Apr-17
OPTSTK,TITAN,29-Jun-17,570,CE,0,0,0,5.35,8.45,0,0,0,0,17-Apr-17
OPTSTK,TITAN,29-Jun-17,580,CE,0,0,0,4.4,7,0,0,0,0,17-Apr-17
OPTSTK,TITAN,29-Jun-17,590,CE,0,0,0,3.6,5.8,0,0,0,0,17-Apr-17
OPTSTK,TITAN,29-Jun-17,290,PE,0,0,0,0.1,0.05,0,0,0,0,17-Apr-17
OPTSTK,TITAN,29-Jun-17,300,PE,0,0,0,0.15,0.05,0,0,0,0,17-Apr-17
OPTSTK,TITAN,29-Jun-17,310,PE,0,0,0,0.25,0.1,0,0,0,0,17-Apr-17
OPTSTK,TITAN,29-Jun-17,320,PE,0,0,0,0.4,0.15,0,0,0,0,17-Apr-17
OPTSTK,TITAN,29-Jun-17,330,PE,0,0,0,0.65,0.25,0,0,0,0,17-Apr-17
OPTSTK,TITAN,29-Jun-17,340,PE,0,0,0,1,0.4,0,0,0,0,17-Apr-17
OPTSTK,TITAN,29-Jun-17,350,PE,0,0,0,1.55,0.65,0,0,0,0,17-Apr-17
OPTSTK,TITAN,29-Jun-17,360,PE,0,0,0,2.25,1,0,0,0,0,17-Apr-17
OPTSTK,TITAN,29-Jun-17,370,PE,0,0,0,3.2,1.55,0,0,0,0,17-Apr-17
OPTSTK,TITAN,29-Jun-17,380,PE,0,0,0,4.45,2.25,0,0,0,0,17-Apr-17
OPTSTK,TITAN,29-Jun-17,390,PE,0,0,0,6.05,3.15,0,0,0,0,17-Apr-17
OPTSTK,TITAN,29-Jun-17,400,PE,0,0,0,8,4.4,0,0,0,0,17-Apr-17
OPTSTK,TITAN,29-Jun-17,410,PE,0,0,0,10.35,5.9,0,0,0,0,17-Apr-17
OPTSTK,TITAN,29-Jun-17,420,PE,0,0,0,13.2,7.8,0,0,0,0,17-Apr-17
OPTSTK,TITAN,29-Jun-17,430,PE,0,0,0,16.45,10.15,0,0,0,0,17-Apr-17
OPTSTK,TITAN,29-Jun-17,440,PE,0,0,0,20.25,12.85,0,0,0,0,17-Apr-17
OPTSTK,TITAN,29-Jun-17,450,PE,0,0,0,24.5,16.05,0,0,0,0,17-Apr-17
OPTSTK,TITAN,29-Jun-17,460,PE,0,0,0,29.3,19.7,0,0,0,0,17-Apr-17
OPTSTK,TITAN,29-Jun-17,470,PE,0,0,0,34.55,23.9,0,0,0,0,17-Apr-17
OPTSTK,TITAN,29-Jun-17,480,PE,0,0,0,40.25,28.55,0,0,0,0,17-Apr-17
OPTSTK,TITAN,29-Jun-17,490,PE,0,0,0,46.45,33.7,0,0,0,0,17-Apr-17
OPTSTK,TITAN,29-Jun-17,500,PE,0,0,0,53.05,39.3,0,0,0,0,17-Apr-17
OPTSTK,TITAN,29-Jun-17,510,PE,0,0,0,60.05,45.35,0,0,0,0,17-Apr-17
OPTSTK,TITAN,29-Jun-17,520,PE,0,0,0,67.45,51.85,0,0,0,0,17-Apr-17
OPTSTK,TITAN,29-Jun-17,530,PE,0,0,0,75.2,58.8,0,0,0,0,17-Apr-17
OPTSTK,TITAN,29-Jun-17,540,PE,0,0,0,83.15,66.1,0,0,0,0,17-Apr-17
OPTSTK,TITAN,29-Jun-17,550,PE,0,0,0,91.45,73.7,0,0,0,0,17-Apr-17
OPTSTK,TITAN,29-Jun-17,560,PE,0,0,0,99.95,81.6,0,0,0,0,17-Apr-17
OPTSTK,TITAN,29-Jun-17,570,PE,0,0,0,108.65,89.8,0,0,0,0,17-Apr-17
OPTSTK,TITAN,29-Jun-17,580,PE,0,0,0,117.5,98.25,0,0,0,0,17-Apr-17
OPTSTK,TITAN,29-Jun-17,590,PE,0,0,0,126.55,106.9,0,0,0,0,17-Apr-17
OPTSTK,TORNTPHARM,27-Apr-17,900,CE,0,0,0,416.05,565.5,0,0,0,0,17-Apr-17
OPTSTK,TORNTPHARM,27-Apr-17,950,CE,0,0,0,367.15,515.55,0,0,0,0,17-Apr-17
OPTSTK,TORNTPHARM,27-Apr-17,1000,CE,0,0,0,318.7,465.65,0,0,0,0,17-Apr-17
OPTSTK,TORNTPHARM,27-Apr-17,1050,CE,0,0,0,271.35,415.75,0,0,0,0,17-Apr-17
OPTSTK,TORNTPHARM,27-Apr-17,1060,CE,0,0,0,398.55,405.75,0,0,0,0,17-Apr-17
OPTSTK,TORNTPHARM,27-Apr-17,1080,CE,0,0,0,403.45,385.8,0,0,0,0,17-Apr-17
OPTSTK,TORNTPHARM,27-Apr-17,1100,CE,0,0,0,225.8,365.85,0,0,0,0,17-Apr-17
OPTSTK,TORNTPHARM,27-Apr-17,1120,CE,0,0,0,382.75,345.85,0,0,0,0,17-Apr-17
OPTSTK,TORNTPHARM,27-Apr-17,1140,CE,0,0,0,362.9,325.9,0,0,0,0,17-Apr-17
OPTSTK,TORNTPHARM,27-Apr-17,1150,CE,0,0,0,183.1,315.9,0,0,0,0,17-Apr-17
OPTSTK,TORNTPHARM,27-Apr-17,1160,CE,0,0,0,343.05,305.95,0,0,0,0,17-Apr-17
OPTSTK,TORNTPHARM,27-Apr-17,1180,CE,0,0,0,323.25,286,0,0,0,0,17-Apr-17
OPTSTK,TORNTPHARM,27-Apr-17,1200,CE,0,0,0,144.4,266,0,0,0,0,17-Apr-17
OPTSTK,TORNTPHARM,27-Apr-17,1220,CE,0,0,0,283.85,246.05,0,0,0,0,17-Apr-17
OPTSTK,TORNTPHARM,27-Apr-17,1240,CE,0,0,0,264.3,226.1,0,0,0,0,17-Apr-17
OPTSTK,TORNTPHARM,27-Apr-17,1250,CE,0,0,0,110.4,216.15,0,0,0,0,17-Apr-17
OPTSTK,TORNTPHARM,27-Apr-17,1260,CE,0,0,0,245,206.2,0,0,0,0,17-Apr-17
OPTSTK,TORNTPHARM,27-Apr-17,1280,CE,0,0,0,225.9,186.35,0,0,0,0,17-Apr-17
OPTSTK,TORNTPHARM,27-Apr-17,1300,CE,0,0,0,81.9,166.6,0,0,0,0,17-Apr-17
OPTSTK,TORNTPHARM,27-Apr-17,1320,CE,0,0,0,188.85,147.1,0,0,0,0,17-Apr-17
OPTSTK,TORNTPHARM,27-Apr-17,1340,CE,0,0,0,171.05,128,0,0,0,0,17-Apr-17
OPTSTK,TORNTPHARM,27-Apr-17,1350,CE,0,0,0,135.4,118.7,0,0,0,0,17-Apr-17
OPTSTK,TORNTPHARM,27-Apr-17,1360,CE,0,0,0,153.85,109.55,0,0,0,0,17-Apr-17
OPTSTK,TORNTPHARM,27-Apr-17,1380,CE,0,0,0,137.4,91.95,0,0,0,0,17-Apr-17
OPTSTK,TORNTPHARM,27-Apr-17,1400,CE,0,0,0,80,75.5,0,0,800,0,17-Apr-17
OPTSTK,TORNTPHARM,27-Apr-17,1420,CE,0,0,0,107.1,60.5,0,0,0,0,17-Apr-17
OPTSTK,TORNTPHARM,27-Apr-17,1440,CE,0,0,0,93.4,47.25,0,0,0,0,17-Apr-17
OPTSTK,TORNTPHARM,27-Apr-17,1450,CE,0,0,0,53,41.35,0,0,1200,0,17-Apr-17
OPTSTK,TORNTPHARM,27-Apr-17,1460,CE,0,0,0,80.8,35.9,0,0,0,0,17-Apr-17
OPTSTK,TORNTPHARM,27-Apr-17,1480,CE,0,0,0,17.25,26.5,0,0,2800,0,17-Apr-17
OPTSTK,TORNTPHARM,27-Apr-17,1500,CE,10,12,8.1,11.75,11.75,15,90.62,10000,0,17-Apr-17
OPTSTK,TORNTPHARM,27-Apr-17,1520,CE,0,0,0,23.75,13.2,0,0,1200,0,17-Apr-17
OPTSTK,TORNTPHARM,27-Apr-17,1540,CE,0,0,0,21.35,8.85,0,0,800,0,17-Apr-17
OPTSTK,TORNTPHARM,27-Apr-17,1550,CE,0,0,0,10,7.15,0,0,6000,0,17-Apr-17
OPTSTK,TORNTPHARM,27-Apr-17,1560,CE,0,0,0,34.3,5.75,0,0,0,0,17-Apr-17
OPTSTK,TORNTPHARM,27-Apr-17,1580,CE,0,0,0,0.9,3.65,0,0,400,0,17-Apr-17
OPTSTK,TORNTPHARM,27-Apr-17,1600,CE,0,0,0,0.9,2.2,0,0,2800,0,17-Apr-17
OPTSTK,TORNTPHARM,27-Apr-17,1620,CE,0,0,0,18.4,1.3,0,0,0,0,17-Apr-17
OPTSTK,TORNTPHARM,27-Apr-17,1640,CE,0,0,0,14.7,0.75,0,0,0,0,17-Apr-17
OPTSTK,TORNTPHARM,27-Apr-17,1650,CE,0,0,0,4.4,0.55,0,0,0,0,17-Apr-17
OPTSTK,TORNTPHARM,27-Apr-17,1660,CE,0,0,0,11.65,0.45,0,0,0,0,17-Apr-17
OPTSTK,TORNTPHARM,27-Apr-17,1680,CE,0,0,0,9.15,0.25,0,0,0,0,17-Apr-17
OPTSTK,TORNTPHARM,27-Apr-17,1700,CE,0,0,0,2.6,0.15,0,0,0,0,17-Apr-17
OPTSTK,TORNTPHARM,27-Apr-17,1720,CE,0,0,0,5.5,0.1,0,0,0,0,17-Apr-17
OPTSTK,TORNTPHARM,27-Apr-17,1740,CE,0,0,0,4.2,0.05,0,0,0,0,17-Apr-17
OPTSTK,TORNTPHARM,27-Apr-17,1750,CE,0,0,0,1.5,0.05,0,0,0,0,17-Apr-17
OPTSTK,TORNTPHARM,27-Apr-17,1760,CE,0,0,0,3.2,0.05,0,0,0,0,17-Apr-17
OPTSTK,TORNTPHARM,27-Apr-17,1780,CE,0,0,0,2.4,0.05,0,0,0,0,17-Apr-17
OPTSTK,TORNTPHARM,27-Apr-17,1800,CE,0,0,0,0.85,0,0,0,0,0,17-Apr-17
OPTSTK,TORNTPHARM,27-Apr-17,1820,CE,0,0,0,1.35,0,0,0,0,0,17-Apr-17
OPTSTK,TORNTPHARM,27-Apr-17,1840,CE,0,0,0,1,0,0,0,0,0,17-Apr-17
OPTSTK,TORNTPHARM,27-Apr-17,1850,CE,0,0,0,0.5,0,0,0,0,0,17-Apr-17
OPTSTK,TORNTPHARM,27-Apr-17,1860,CE,0,0,0,0.7,0,0,0,0,0,17-Apr-17
OPTSTK,TORNTPHARM,27-Apr-17,1900,CE,0,0,0,0.3,0,0,0,0,0,17-Apr-17
OPTSTK,TORNTPHARM,27-Apr-17,900,PE,0,0,0,0.1,0,0,0,0,0,17-Apr-17
OPTSTK,TORNTPHARM,27-Apr-17,950,PE,0,0,0,0.4,0,0,0,0,0,17-Apr-17
OPTSTK,TORNTPHARM,27-Apr-17,1000,PE,0,0,0,1.15,0,0,0,0,0,17-Apr-17
OPTSTK,TORNTPHARM,27-Apr-17,1050,PE,0,0,0,2.95,0,0,0,0,0,17-Apr-17
OPTSTK,TORNTPHARM,27-Apr-17,1060,PE,0,0,0,0.05,0,0,0,0,0,17-Apr-17
OPTSTK,TORNTPHARM,27-Apr-17,1080,PE,0,0,0,0.05,0,0,0,0,0,17-Apr-17
OPTSTK,TORNTPHARM,27-Apr-17,1100,PE,0,0,0,6.6,0,0,0,0,0,17-Apr-17
OPTSTK,TORNTPHARM,27-Apr-17,1120,PE,0,0,0,0.05,0,0,0,0,0,17-Apr-17
OPTSTK,TORNTPHARM,27-Apr-17,1140,PE,0,0,0,0.1,0,0,0,0,0,17-Apr-17
OPTSTK,TORNTPHARM,27-Apr-17,1150,PE,0,0,0,13.1,0,0,0,0,0,17-Apr-17
OPTSTK,TORNTPHARM,27-Apr-17,1160,PE,0,0,0,0.15,0,0,0,0,0,17-Apr-17
OPTSTK,TORNTPHARM,27-Apr-17,1180,PE,0,0,0,0.25,0,0,0,0,0,17-Apr-17
OPTSTK,TORNTPHARM,27-Apr-17,1200,PE,0,0,0,23.55,0,0,0,0,0,17-Apr-17
OPTSTK,TORNTPHARM,27-Apr-17,1220,PE,0,0,0,0.65,0.05,0,0,0,0,17-Apr-17
OPTSTK,TORNTPHARM,27-Apr-17,1240,PE,0,0,0,1,0.05,0,0,0,0,17-Apr-17
OPTSTK,TORNTPHARM,27-Apr-17,1250,PE,0,0,0,38.75,0.05,0,0,0,0,17-Apr-17
OPTSTK,TORNTPHARM,27-Apr-17,1260,PE,0,0,0,1.6,0.1,0,0,0,0,17-Apr-17
OPTSTK,TORNTPHARM,27-Apr-17,1280,PE,0,0,0,2.4,0.2,0,0,0,0,17-Apr-17
OPTSTK,TORNTPHARM,27-Apr-17,1300,PE,0,0,0,59.4,0.45,0,0,0,0,17-Apr-17
OPTSTK,TORNTPHARM,27-Apr-17,1320,PE,0,0,0,5.15,0.9,0,0,0,0,17-Apr-17
OPTSTK,TORNTPHARM,27-Apr-17,1340,PE,0,0,0,7.25,1.8,0,0,0,0,17-Apr-17
OPTSTK,TORNTPHARM,27-Apr-17,1350,PE,0,0,0,12.6,2.45,0,0,400,0,17-Apr-17
OPTSTK,TORNTPHARM,27-Apr-17,1360,PE,0,0,0,9.95,3.25,0,0,0,0,17-Apr-17
OPTSTK,TORNTPHARM,27-Apr-17,1380,PE,0,0,0,13.4,5.6,0,0,0,0,17-Apr-17
OPTSTK,TORNTPHARM,27-Apr-17,1400,PE,15,15,9.45,9.45,9.45,3,16.95,1600,0,17-Apr-17
OPTSTK,TORNTPHARM,27-Apr-17,1420,PE,0,0,0,10,14.15,0,0,800,0,17-Apr-17
OPTSTK,TORNTPHARM,27-Apr-17,1440,PE,15,15,15,15,15,1,5.82,400,0,17-Apr-17
OPTSTK,TORNTPHARM,27-Apr-17,1450,PE,0,0,0,18,24.95,0,0,2000,0,17-Apr-17
OPTSTK,TORNTPHARM,27-Apr-17,1460,PE,0,0,0,31.45,29.45,0,0,800,0,17-Apr-17
OPTSTK,TORNTPHARM,27-Apr-17,1480,PE,0,0,0,38.3,40,0,0,800,0,17-Apr-17
OPTSTK,TORNTPHARM,27-Apr-17,1500,PE,0,0,0,57,52.45,0,0,2800,0,17-Apr-17
OPTSTK,TORNTPHARM,27-Apr-17,1520,PE,0,0,0,64.95,66.65,0,0,0,0,17-Apr-17
OPTSTK,TORNTPHARM,27-Apr-17,1540,PE,0,0,0,76.65,82.25,0,0,0,0,17-Apr-17
OPTSTK,TORNTPHARM,27-Apr-17,1550,PE,0,0,0,68.3,90.55,0,0,1200,0,17-Apr-17
OPTSTK,TORNTPHARM,27-Apr-17,1560,PE,0,0,0,89.4,99.15,0,0,0,0,17-Apr-17
OPTSTK,TORNTPHARM,27-Apr-17,1580,PE,0,0,0,103.1,116.95,0,0,0,0,17-Apr-17
OPTSTK,TORNTPHARM,27-Apr-17,1600,PE,0,0,0,279.8,135.55,0,0,0,0,17-Apr-17
OPTSTK,TORNTPHARM,27-Apr-17,1620,PE,0,0,0,133.25,154.6,0,0,0,0,17-Apr-17
OPTSTK,TORNTPHARM,27-Apr-17,1640,PE,0,0,0,149.45,174,0,0,0,0,17-Apr-17
OPTSTK,TORNTPHARM,27-Apr-17,1650,PE,0,0,0,326.15,183.8,0,0,0,0,17-Apr-17
OPTSTK,TORNTPHARM,27-Apr-17,1660,PE,0,0,0,166.25,193.65,0,0,0,0,17-Apr-17
OPTSTK,TORNTPHARM,27-Apr-17,1680,PE,0,0,0,183.65,213.4,0,0,0,0,17-Apr-17
OPTSTK,TORNTPHARM,27-Apr-17,1700,PE,0,0,0,373.55,233.25,0,0,0,0,17-Apr-17
OPTSTK,TORNTPHARM,27-Apr-17,1720,PE,0,0,0,219.8,253.2,0,0,0,0,17-Apr-17
OPTSTK,TORNTPHARM,27-Apr-17,1740,PE,0,0,0,238.4,273.1,0,0,0,0,17-Apr-17
OPTSTK,TORNTPHARM,27-Apr-17,1750,PE,0,0,0,421.65,283.1,0,0,0,0,17-Apr-17
OPTSTK,TORNTPHARM,27-Apr-17,1760,PE,0,0,0,257.3,293.05,0,0,0,0,17-Apr-17
OPTSTK,TORNTPHARM,27-Apr-17,1780,PE,0,0,0,276.4,313.05,0,0,0,0,17-Apr-17
OPTSTK,TORNTPHARM,27-Apr-17,1800,PE,0,0,0,470.15,333,0,0,0,0,17-Apr-17
OPTSTK,TORNTPHARM,27-Apr-17,1820,PE,0,0,0,315.15,352.95,0,0,0,0,17-Apr-17
OPTSTK,TORNTPHARM,27-Apr-17,1840,PE,0,0,0,334.7,372.9,0,0,0,0,17-Apr-17
OPTSTK,TORNTPHARM,27-Apr-17,1850,PE,0,0,0,518.95,382.9,0,0,0,0,17-Apr-17
OPTSTK,TORNTPHARM,27-Apr-17,1860,PE,0,0,0,354.35,392.9,0,0,0,0,17-Apr-17
OPTSTK,TORNTPHARM,27-Apr-17,1900,PE,0,0,0,567.95,432.8,0,0,0,0,17-Apr-17
OPTSTK,TORNTPHARM,25-May-17,900,CE,0,0,0,410.8,570,0,0,0,0,17-Apr-17
OPTSTK,TORNTPHARM,25-May-17,950,CE,0,0,0,361.75,520.35,0,0,0,0,17-Apr-17
OPTSTK,TORNTPHARM,25-May-17,1000,CE,0,0,0,313.15,470.65,0,0,0,0,17-Apr-17
OPTSTK,TORNTPHARM,25-May-17,1050,CE,0,0,0,265.4,421.05,0,0,0,0,17-Apr-17
OPTSTK,TORNTPHARM,25-May-17,1060,CE,0,0,0,404.2,411.1,0,0,0,0,17-Apr-17
OPTSTK,TORNTPHARM,25-May-17,1080,CE,0,0,0,409.65,391.3,0,0,0,0,17-Apr-17
OPTSTK,TORNTPHARM,25-May-17,1100,CE,0,0,0,219.4,371.5,0,0,0,0,17-Apr-17
OPTSTK,TORNTPHARM,25-May-17,1120,CE,0,0,0,389.35,351.75,0,0,0,0,17-Apr-17
OPTSTK,TORNTPHARM,25-May-17,1140,CE,0,0,0,369.9,332.05,0,0,0,0,17-Apr-17
OPTSTK,TORNTPHARM,25-May-17,1150,CE,0,0,0,176.2,322.25,0,0,0,0,17-Apr-17
OPTSTK,TORNTPHARM,25-May-17,1160,CE,0,0,0,350.55,312.45,0,0,0,0,17-Apr-17
OPTSTK,TORNTPHARM,25-May-17,1180,CE,0,0,0,331.4,292.95,0,0,0,0,17-Apr-17
OPTSTK,TORNTPHARM,25-May-17,1200,CE,0,0,0,137.05,273.65,0,0,0,0,17-Apr-17
OPTSTK,TORNTPHARM,25-May-17,1220,CE,0,0,0,293.75,254.6,0,0,0,0,17-Apr-17
OPTSTK,TORNTPHARM,25-May-17,1240,CE,0,0,0,275.35,235.8,0,0,0,0,17-Apr-17
OPTSTK,TORNTPHARM,25-May-17,1250,CE,0,0,0,103,226.55,0,0,0,0,17-Apr-17
OPTSTK,TORNTPHARM,25-May-17,1260,CE,0,0,0,257.35,217.4,0,0,0,0,17-Apr-17
OPTSTK,TORNTPHARM,25-May-17,1280,CE,0,0,0,239.7,199.45,0,0,0,0,17-Apr-17
OPTSTK,TORNTPHARM,25-May-17,1300,CE,0,0,0,74.65,182,0,0,0,0,17-Apr-17
OPTSTK,TORNTPHARM,25-May-17,1320,CE,0,0,0,205.8,165.15,0,0,0,0,17-Apr-17
OPTSTK,TORNTPHARM,25-May-17,1340,CE,0,0,0,189.7,149,0,0,0,0,17-Apr-17
OPTSTK,TORNTPHARM,25-May-17,1350,CE,0,0,0,52.2,141.2,0,0,0,0,17-Apr-17
OPTSTK,TORNTPHARM,25-May-17,1360,CE,0,0,0,174.25,133.65,0,0,0,0,17-Apr-17
OPTSTK,TORNTPHARM,25-May-17,1380,CE,0,0,0,159.45,119.1,0,0,0,0,17-Apr-17
OPTSTK,TORNTPHARM,25-May-17,1400,CE,0,0,0,35.15,105.45,0,0,0,0,17-Apr-17
OPTSTK,TORNTPHARM,25-May-17,1420,CE,0,0,0,131.85,92.8,0,0,0,0,17-Apr-17
OPTSTK,TORNTPHARM,25-May-17,1440,CE,119.25,119.25,119.25,119.25,119.25,1,6.23,400,400,17-Apr-17
OPTSTK,TORNTPHARM,25-May-17,1450,CE,0,0,0,78.3,75.65,0,0,400,0,17-Apr-17
OPTSTK,TORNTPHARM,25-May-17,1460,CE,0,0,0,107.4,70.45,0,0,0,0,17-Apr-17
OPTSTK,TORNTPHARM,25-May-17,1480,CE,0,0,0,96.4,60.75,0,0,0,0,17-Apr-17
OPTSTK,TORNTPHARM,25-May-17,1500,CE,0,0,0,14.4,52.05,0,0,0,0,17-Apr-17
OPTSTK,TORNTPHARM,25-May-17,1520,CE,0,0,0,76.65,44.25,0,0,0,0,17-Apr-17
OPTSTK,TORNTPHARM,25-May-17,1540,CE,0,0,0,67.95,37.4,0,0,0,0,17-Apr-17
OPTSTK,TORNTPHARM,25-May-17,1550,CE,0,0,0,8.8,34.3,0,0,0,0,17-Apr-17
OPTSTK,TORNTPHARM,25-May-17,1560,CE,0,0,0,60,31.4,0,0,0,0,17-Apr-17
OPTSTK,TORNTPHARM,25-May-17,1580,CE,0,0,0,52.75,26.25,0,0,0,0,17-Apr-17
OPTSTK,TORNTPHARM,25-May-17,1600,CE,0,0,0,5.2,21.7,0,0,0,0,17-Apr-17
OPTSTK,TORNTPHARM,25-May-17,1620,CE,0,0,0,40.35,17.85,0,0,0,0,17-Apr-17
OPTSTK,TORNTPHARM,25-May-17,1640,CE,0,0,0,35.15,14.6,0,0,0,0,17-Apr-17
OPTSTK,TORNTPHARM,25-May-17,1650,CE,0,0,0,3,13.15,0,0,0,0,17-Apr-17
OPTSTK,TORNTPHARM,25-May-17,1660,CE,0,0,0,30.45,11.85,0,0,0,0,17-Apr-17
OPTSTK,TORNTPHARM,25-May-17,1680,CE,0,0,0,26.25,9.55,0,0,0,0,17-Apr-17
OPTSTK,TORNTPHARM,25-May-17,1700,CE,0,0,0,1.65,7.65,0,0,0,0,17-Apr-17
OPTSTK,TORNTPHARM,25-May-17,1720,CE,0,0,0,19.35,6.1,0,0,0,0,17-Apr-17
OPTSTK,TORNTPHARM,25-May-17,1740,CE,0,0,0,16.55,4.85,0,0,0,0,17-Apr-17
OPTSTK,TORNTPHARM,25-May-17,1750,CE,0,0,0,0.9,4.3,0,0,0,0,17-Apr-17
OPTSTK,TORNTPHARM,25-May-17,1760,CE,0,0,0,14.05,3.8,0,0,0,0,17-Apr-17
OPTSTK,TORNTPHARM,25-May-17,1780,CE,0,0,0,11.95,3,0,0,0,0,17-Apr-17
OPTSTK,TORNTPHARM,25-May-17,1800,CE,0,0,0,0.5,2.35,0,0,0,0,17-Apr-17
OPTSTK,TORNTPHARM,25-May-17,1820,CE,0,0,0,8.5,1.8,0,0,0,0,17-Apr-17
OPTSTK,TORNTPHARM,25-May-17,1840,CE,0,0,0,7.15,1.4,0,0,0,0,17-Apr-17
OPTSTK,TORNTPHARM,25-May-17,1850,CE,0,0,0,0.25,1.2,0,0,0,0,17-Apr-17
OPTSTK,TORNTPHARM,25-May-17,1860,CE,0,0,0,5.95,1.05,0,0,0,0,17-Apr-17
OPTSTK,TORNTPHARM,25-May-17,1900,CE,0,0,0,0.15,0.65,0,0,0,0,17-Apr-17
OPTSTK,TORNTPHARM,25-May-17,900,PE,0,0,0,0.1,0,0,0,0,0,17-Apr-17
OPTSTK,TORNTPHARM,25-May-17,950,PE,0,0,0,0.25,0,0,0,0,0,17-Apr-17
OPTSTK,TORNTPHARM,25-May-17,1000,PE,0,0,0,0.85,0.05,0,0,0,0,17-Apr-17
OPTSTK,TORNTPHARM,25-May-17,1050,PE,0,0,0,2.3,0.05,0,0,0,0,17-Apr-17
OPTSTK,TORNTPHARM,25-May-17,1060,PE,0,0,0,0.4,0.05,0,0,0,0,17-Apr-17
OPTSTK,TORNTPHARM,25-May-17,1080,PE,0,0,0,0.8,0.1,0,0,0,0,17-Apr-17
OPTSTK,TORNTPHARM,25-May-17,1100,PE,0,0,0,5.5,0.15,0,0,0,0,17-Apr-17
OPTSTK,TORNTPHARM,25-May-17,1120,PE,0,0,0,0.8,0.3,0,0,0,0,17-Apr-17
OPTSTK,TORNTPHARM,25-May-17,1140,PE,0,0,0,1.15,0.45,0,0,0,0,17-Apr-17
OPTSTK,TORNTPHARM,25-May-17,1150,PE,0,0,0,11.55,0.55,0,0,0,0,17-Apr-17
OPTSTK,TORNTPHARM,25-May-17,1160,PE,0,0,0,1.6,0.7,0,0,0,0,17-Apr-17
OPTSTK,TORNTPHARM,25-May-17,1180,PE,0,0,0,2.25,1.1,0,0,0,0,17-Apr-17
OPTSTK,TORNTPHARM,25-May-17,1200,PE,0,0,0,21.65,1.65,0,0,0,0,17-Apr-17
OPTSTK,TORNTPHARM,25-May-17,1220,PE,0,0,0,4.2,2.45,0,0,0,0,17-Apr-17
OPTSTK,TORNTPHARM,25-May-17,1240,PE,0,0,0,5.6,3.55,0,0,0,0,17-Apr-17
OPTSTK,TORNTPHARM,25-May-17,1250,PE,0,0,0,36.75,4.25,0,0,0,0,17-Apr-17
OPTSTK,TORNTPHARM,25-May-17,1260,PE,0,0,0,7.35,5,0,0,0,0,17-Apr-17
OPTSTK,TORNTPHARM,25-May-17,1280,PE,0,0,0,9.5,6.9,0,0,0,0,17-Apr-17
OPTSTK,TORNTPHARM,25-May-17,1300,PE,0,0,0,57.65,9.3,0,0,0,0,17-Apr-17
OPTSTK,TORNTPHARM,25-May-17,1320,PE,0,0,0,15.25,12.35,0,0,0,0,17-Apr-17
OPTSTK,TORNTPHARM,25-May-17,1340,PE,0,0,0,18.9,16.05,0,0,0,0,17-Apr-17
OPTSTK,TORNTPHARM,25-May-17,1350,PE,0,0,0,84.4,18.2,0,0,0,0,17-Apr-17
OPTSTK,TORNTPHARM,25-May-17,1360,PE,0,0,0,23.25,20.55,0,0,0,0,17-Apr-17
OPTSTK,TORNTPHARM,25-May-17,1380,PE,0,0,0,28.25,25.9,0,0,0,0,17-Apr-17
OPTSTK,TORNTPHARM,25-May-17,1400,PE,0,0,0,116.6,32.15,0,0,0,0,17-Apr-17
OPTSTK,TORNTPHARM,25-May-17,1420,PE,0,0,0,40.25,39.35,0,0,0,0,17-Apr-17
OPTSTK,TORNTPHARM,25-May-17,1440,PE,0,0,0,47.45,47.5,0,0,0,0,17-Apr-17
OPTSTK,TORNTPHARM,25-May-17,1450,PE,0,0,0,153.55,52,0,0,0,0,17-Apr-17
OPTSTK,TORNTPHARM,25-May-17,1460,PE,0,0,0,55.4,56.7,0,0,0,0,17-Apr-17
OPTSTK,TORNTPHARM,25-May-17,1480,PE,0,0,0,64.15,66.85,0,0,0,0,17-Apr-17
OPTSTK,TORNTPHARM,25-May-17,1500,PE,0,0,0,194.3,78,0,0,0,0,17-Apr-17
OPTSTK,TORNTPHARM,25-May-17,1520,PE,0,0,0,84,90.1,0,0,0,0,17-Apr-17
OPTSTK,TORNTPHARM,25-May-17,1540,PE,0,0,0,95.1,103.1,0,0,0,0,17-Apr-17
OPTSTK,TORNTPHARM,25-May-17,1550,PE,0,0,0,237.85,109.95,0,0,0,0,17-Apr-17
OPTSTK,TORNTPHARM,25-May-17,1560,PE,0,0,0,106.95,116.95,0,0,0,0,17-Apr-17
OPTSTK,TORNTPHARM,25-May-17,1580,PE,0,0,0,119.55,131.65,0,0,0,0,17-Apr-17
OPTSTK,TORNTPHARM,25-May-17,1600,PE,0,0,0,283.5,147,0,0,0,0,17-Apr-17
OPTSTK,TORNTPHARM,25-May-17,1620,PE,0,0,0,146.7,163,0,0,0,0,17-Apr-17
OPTSTK,TORNTPHARM,25-May-17,1640,PE,0,0,0,161.3,179.65,0,0,0,0,17-Apr-17
OPTSTK,TORNTPHARM,25-May-17,1650,PE,0,0,0,330.5,188.15,0,0,0,0,17-Apr-17
OPTSTK,TORNTPHARM,25-May-17,1660,PE,0,0,0,176.4,196.75,0,0,0,0,17-Apr-17
OPTSTK,TORNTPHARM,25-May-17,1680,PE,0,0,0,192,214.35,0,0,0,0,17-Apr-17
OPTSTK,TORNTPHARM,25-May-17,1700,PE,0,0,0,378.4,232.3,0,0,0,0,17-Apr-17
OPTSTK,TORNTPHARM,25-May-17,1720,PE,0,0,0,224.7,250.6,0,0,0,0,17-Apr-17
OPTSTK,TORNTPHARM,25-May-17,1740,PE,0,0,0,241.65,269.2,0,0,0,0,17-Apr-17
OPTSTK,TORNTPHARM,25-May-17,1750,PE,0,0,0,426.85,278.6,0,0,0,0,17-Apr-17
OPTSTK,TORNTPHARM,25-May-17,1760,PE,0,0,0,259,288.05,0,0,0,0,17-Apr-17
OPTSTK,TORNTPHARM,25-May-17,1780,PE,0,0,0,276.65,307.1,0,0,0,0,17-Apr-17
OPTSTK,TORNTPHARM,25-May-17,1800,PE,0,0,0,475.65,326.3,0,0,0,0,17-Apr-17
OPTSTK,TORNTPHARM,25-May-17,1820,PE,0,0,0,312.8,345.65,0,0,0,0,17-Apr-17
OPTSTK,TORNTPHARM,25-May-17,1840,PE,0,0,0,331.25,365.1,0,0,0,0,17-Apr-17
OPTSTK,TORNTPHARM,25-May-17,1850,PE,0,0,0,524.65,374.85,0,0,0,0,17-Apr-17
OPTSTK,TORNTPHARM,25-May-17,1860,PE,0,0,0,349.9,384.65,0,0,0,0,17-Apr-17
OPTSTK,TORNTPHARM,25-May-17,1900,PE,0,0,0,573.75,423.9,0,0,0,0,17-Apr-17
OPTSTK,TORNTPHARM,29-Jun-17,1100,CE,0,0,0,417.7,379.85,0,0,0,0,17-Apr-17
OPTSTK,TORNTPHARM,29-Jun-17,1120,CE,0,0,0,398.85,360.75,0,0,0,0,17-Apr-17
OPTSTK,TORNTPHARM,29-Jun-17,1140,CE,0,0,0,380.1,341.85,0,0,0,0,17-Apr-17
OPTSTK,TORNTPHARM,29-Jun-17,1160,CE,0,0,0,361.65,323.2,0,0,0,0,17-Apr-17
OPTSTK,TORNTPHARM,29-Jun-17,1180,CE,0,0,0,343.4,304.8,0,0,0,0,17-Apr-17
OPTSTK,TORNTPHARM,29-Jun-17,1200,CE,0,0,0,325.5,286.7,0,0,0,0,17-Apr-17
OPTSTK,TORNTPHARM,29-Jun-17,1220,CE,0,0,0,307.85,268.95,0,0,0,0,17-Apr-17
OPTSTK,TORNTPHARM,29-Jun-17,1240,CE,0,0,0,290.6,251.65,0,0,0,0,17-Apr-17
OPTSTK,TORNTPHARM,29-Jun-17,1260,CE,0,0,0,273.75,234.8,0,0,0,0,17-Apr-17
OPTSTK,TORNTPHARM,29-Jun-17,1280,CE,0,0,0,257.35,218.4,0,0,0,0,17-Apr-17
OPTSTK,TORNTPHARM,29-Jun-17,1300,CE,0,0,0,241.4,202.6,0,0,0,0,17-Apr-17
OPTSTK,TORNTPHARM,29-Jun-17,1320,CE,0,0,0,225.95,187.35,0,0,0,0,17-Apr-17
OPTSTK,TORNTPHARM,29-Jun-17,1340,CE,0,0,0,211.05,172.75,0,0,0,0,17-Apr-17
OPTSTK,TORNTPHARM,29-Jun-17,1360,CE,0,0,0,196.65,158.7,0,0,0,0,17-Apr-17
OPTSTK,TORNTPHARM,29-Jun-17,1380,CE,0,0,0,182.75,145.4,0,0,0,0,17-Apr-17
OPTSTK,TORNTPHARM,29-Jun-17,1400,CE,0,0,0,169.55,132.8,0,0,0,0,17-Apr-17
OPTSTK,TORNTPHARM,29-Jun-17,1420,CE,0,0,0,156.9,120.9,0,0,0,0,17-Apr-17
OPTSTK,TORNTPHARM,29-Jun-17,1440,CE,0,0,0,144.9,109.75,0,0,0,0,17-Apr-17
OPTSTK,TORNTPHARM,29-Jun-17,1460,CE,0,0,0,133.55,99.3,0,0,0,0,17-Apr-17
OPTSTK,TORNTPHARM,29-Jun-17,1480,CE,0,0,0,122.75,89.55,0,0,0,0,17-Apr-17
OPTSTK,TORNTPHARM,29-Jun-17,1500,CE,0,0,0,112.6,80.5,0,0,0,0,17-Apr-17
OPTSTK,TORNTPHARM,29-Jun-17,1520,CE,0,0,0,103.05,72.2,0,0,0,0,17-Apr-17
OPTSTK,TORNTPHARM,29-Jun-17,1540,CE,0,0,0,94.15,64.5,0,0,0,0,17-Apr-17
OPTSTK,TORNTPHARM,29-Jun-17,1560,CE,0,0,0,85.8,57.45,0,0,0,0,17-Apr-17
OPTSTK,TORNTPHARM,29-Jun-17,1580,CE,0,0,0,78,51.05,0,0,0,0,17-Apr-17
OPTSTK,TORNTPHARM,29-Jun-17,1600,CE,0,0,0,70.8,45.2,0,0,0,0,17-Apr-17
OPTSTK,TORNTPHARM,29-Jun-17,1620,CE,0,0,0,64.1,39.9,0,0,0,0,17-Apr-17
OPTSTK,TORNTPHARM,29-Jun-17,1640,CE,0,0,0,57.95,35.2,0,0,0,0,17-Apr-17
OPTSTK,TORNTPHARM,29-Jun-17,1660,CE,0,0,0,52.25,30.9,0,0,0,0,17-Apr-17
OPTSTK,TORNTPHARM,29-Jun-17,1680,CE,0,0,0,47.05,27.05,0,0,0,0,17-Apr-17
OPTSTK,TORNTPHARM,29-Jun-17,1700,CE,0,0,0,42.35,23.65,0,0,0,0,17-Apr-17
OPTSTK,TORNTPHARM,29-Jun-17,1720,CE,0,0,0,38,20.6,0,0,0,0,17-Apr-17
OPTSTK,TORNTPHARM,29-Jun-17,1740,CE,0,0,0,34,17.9,0,0,0,0,17-Apr-17
OPTSTK,TORNTPHARM,29-Jun-17,1760,CE,0,0,0,30.35,15.5,0,0,0,0,17-Apr-17
OPTSTK,TORNTPHARM,29-Jun-17,1780,CE,0,0,0,27.1,13.4,0,0,0,0,17-Apr-17
OPTSTK,TORNTPHARM,29-Jun-17,1800,CE,0,0,0,24.1,11.55,0,0,0,0,17-Apr-17
OPTSTK,TORNTPHARM,29-Jun-17,1820,CE,0,0,0,21.45,9.95,0,0,0,0,17-Apr-17
OPTSTK,TORNTPHARM,29-Jun-17,1840,CE,0,0,0,19,8.5,0,0,0,0,17-Apr-17
OPTSTK,TORNTPHARM,29-Jun-17,1860,CE,0,0,0,16.85,7.3,0,0,0,0,17-Apr-17
OPTSTK,TORNTPHARM,29-Jun-17,1880,CE,0,0,0,14.9,6.25,0,0,0,0,17-Apr-17
OPTSTK,TORNTPHARM,29-Jun-17,1900,CE,0,0,0,13.15,5.3,0,0,0,0,17-Apr-17
OPTSTK,TORNTPHARM,29-Jun-17,1100,PE,0,0,0,2.45,1.75,0,0,0,0,17-Apr-17
OPTSTK,TORNTPHARM,29-Jun-17,1120,PE,0,0,0,3.2,2.4,0,0,0,0,17-Apr-17
OPTSTK,TORNTPHARM,29-Jun-17,1140,PE,0,0,0,4.15,3.25,0,0,0,0,17-Apr-17
OPTSTK,TORNTPHARM,29-Jun-17,1160,PE,0,0,0,5.35,4.3,0,0,0,0,17-Apr-17
OPTSTK,TORNTPHARM,29-Jun-17,1180,PE,0,0,0,6.8,5.65,0,0,0,0,17-Apr-17
OPTSTK,TORNTPHARM,29-Jun-17,1200,PE,0,0,0,8.55,7.3,0,0,0,0,17-Apr-17
OPTSTK,TORNTPHARM,29-Jun-17,1220,PE,0,0,0,10.6,9.3,0,0,0,0,17-Apr-17
OPTSTK,TORNTPHARM,29-Jun-17,1240,PE,0,0,0,13,11.75,0,0,0,0,17-Apr-17
OPTSTK,TORNTPHARM,29-Jun-17,1260,PE,0,0,0,15.85,14.6,0,0,0,0,17-Apr-17
OPTSTK,TORNTPHARM,29-Jun-17,1280,PE,0,0,0,19.1,18,0,0,0,0,17-Apr-17
OPTSTK,TORNTPHARM,29-Jun-17,1300,PE,0,0,0,22.8,21.9,0,0,0,0,17-Apr-17
OPTSTK,TORNTPHARM,29-Jun-17,1320,PE,0,0,0,27,26.4,0,0,0,0,17-Apr-17
OPTSTK,TORNTPHARM,29-Jun-17,1340,PE,0,0,0,31.8,31.55,0,0,0,0,17-Apr-17
OPTSTK,TORNTPHARM,29-Jun-17,1360,PE,0,0,0,37.05,37.25,0,0,0,0,17-Apr-17
OPTSTK,TORNTPHARM,29-Jun-17,1380,PE,0,0,0,42.85,43.7,0,0,0,0,17-Apr-17
OPTSTK,TORNTPHARM,29-Jun-17,1400,PE,0,0,0,49.3,50.85,0,0,0,0,17-Apr-17
OPTSTK,TORNTPHARM,29-Jun-17,1420,PE,0,0,0,56.35,58.7,0,0,0,0,17-Apr-17
OPTSTK,TORNTPHARM,29-Jun-17,1440,PE,0,0,0,64,67.25,0,0,0,0,17-Apr-17
OPTSTK,TORNTPHARM,29-Jun-17,1460,PE,0,0,0,72.3,76.55,0,0,0,0,17-Apr-17
OPTSTK,TORNTPHARM,29-Jun-17,1480,PE,0,0,0,81.2,86.55,0,0,0,0,17-Apr-17
OPTSTK,TORNTPHARM,29-Jun-17,1500,PE,0,0,0,90.75,97.25,0,0,0,0,17-Apr-17
OPTSTK,TORNTPHARM,29-Jun-17,1520,PE,0,0,0,100.85,108.65,0,0,0,0,17-Apr-17
OPTSTK,TORNTPHARM,29-Jun-17,1540,PE,0,0,0,111.6,120.7,0,0,0,0,17-Apr-17
OPTSTK,TORNTPHARM,29-Jun-17,1560,PE,0,0,0,122.9,133.4,0,0,0,0,17-Apr-17
OPTSTK,TORNTPHARM,29-Jun-17,1580,PE,0,0,0,134.8,146.75,0,0,0,0,17-Apr-17
OPTSTK,TORNTPHARM,29-Jun-17,1600,PE,0,0,0,147.25,160.65,0,0,0,0,17-Apr-17
OPTSTK,TORNTPHARM,29-Jun-17,1620,PE,0,0,0,160.25,175.1,0,0,0,0,17-Apr-17
OPTSTK,TORNTPHARM,29-Jun-17,1640,PE,0,0,0,173.75,190.15,0,0,0,0,17-Apr-17
OPTSTK,TORNTPHARM,29-Jun-17,1660,PE,0,0,0,187.75,205.55,0,0,0,0,17-Apr-17
OPTSTK,TORNTPHARM,29-Jun-17,1680,PE,0,0,0,202.2,221.45,0,0,0,0,17-Apr-17
OPTSTK,TORNTPHARM,29-Jun-17,1700,PE,0,0,0,217.15,237.75,0,0,0,0,17-Apr-17
OPTSTK,TORNTPHARM,29-Jun-17,1720,PE,0,0,0,232.5,254.45,0,0,0,0,17-Apr-17
OPTSTK,TORNTPHARM,29-Jun-17,1740,PE,0,0,0,248.15,271.5,0,0,0,0,17-Apr-17
OPTSTK,TORNTPHARM,29-Jun-17,1760,PE,0,0,0,264.2,288.85,0,0,0,0,17-Apr-17
OPTSTK,TORNTPHARM,29-Jun-17,1780,PE,0,0,0,280.6,306.5,0,0,0,0,17-Apr-17
OPTSTK,TORNTPHARM,29-Jun-17,1800,PE,0,0,0,297.3,324.4,0,0,0,0,17-Apr-17
OPTSTK,TORNTPHARM,29-Jun-17,1820,PE,0,0,0,314.25,342.55,0,0,0,0,17-Apr-17
OPTSTK,TORNTPHARM,29-Jun-17,1840,PE,0,0,0,331.55,360.85,0,0,0,0,17-Apr-17
OPTSTK,TORNTPHARM,29-Jun-17,1860,PE,0,0,0,349.05,379.35,0,0,0,0,17-Apr-17
OPTSTK,TORNTPHARM,29-Jun-17,1880,PE,0,0,0,366.75,398.05,0,0,0,0,17-Apr-17
OPTSTK,TORNTPHARM,29-Jun-17,1900,PE,0,0,0,384.7,416.9,0,0,0,0,17-Apr-17
OPTSTK,TORNTPOWER,27-Apr-17,125,CE,0,0,0,71.9,88.05,0,0,0,0,17-Apr-17
OPTSTK,TORNTPOWER,27-Apr-17,130,CE,0,0,0,67.05,83.05,0,0,0,0,17-Apr-17
OPTSTK,TORNTPOWER,27-Apr-17,135,CE,0,0,0,62.2,78.05,0,0,0,0,17-Apr-17
OPTSTK,TORNTPOWER,27-Apr-17,140,CE,0,0,0,57.45,73.05,0,0,0,0,17-Apr-17
OPTSTK,TORNTPOWER,27-Apr-17,145,CE,0,0,0,52.7,68.05,0,0,0,0,17-Apr-17
OPTSTK,TORNTPOWER,27-Apr-17,150,CE,0,0,0,48.1,63.1,0,0,0,0,17-Apr-17
OPTSTK,TORNTPOWER,27-Apr-17,155,CE,0,0,0,43.6,58.1,0,0,0,0,17-Apr-17
OPTSTK,TORNTPOWER,27-Apr-17,160,CE,0,0,0,39.3,53.1,0,0,0,0,17-Apr-17
OPTSTK,TORNTPOWER,27-Apr-17,165,CE,0,0,0,35.15,48.1,0,0,0,0,17-Apr-17
OPTSTK,TORNTPOWER,27-Apr-17,170,CE,0,0,0,31.2,43.1,0,0,0,0,17-Apr-17
OPTSTK,TORNTPOWER,27-Apr-17,175,CE,0,0,0,27.5,38.15,0,0,0,0,17-Apr-17
OPTSTK,TORNTPOWER,27-Apr-17,180,CE,0,0,0,24.1,33.15,0,0,0,0,17-Apr-17
OPTSTK,TORNTPOWER,27-Apr-17,185,CE,0,0,0,20.95,28.25,0,0,0,0,17-Apr-17
OPTSTK,TORNTPOWER,27-Apr-17,190,CE,0,0,0,18.05,23.45,0,0,0,0,17-Apr-17
OPTSTK,TORNTPOWER,27-Apr-17,195,CE,0,0,0,24.5,18.85,0,0,0,0,17-Apr-17
OPTSTK,TORNTPOWER,27-Apr-17,200,CE,0,0,0,15.5,14.6,0,0,9000,0,17-Apr-17
OPTSTK,TORNTPOWER,27-Apr-17,205,CE,0,0,0,11.1,10.85,0,0,0,0,17-Apr-17
OPTSTK,TORNTPOWER,27-Apr-17,210,CE,0,0,0,10,7.7,0,0,6000,0,17-Apr-17
OPTSTK,TORNTPOWER,27-Apr-17,215,CE,0,0,0,15,5.15,0,0,3000,0,17-Apr-17
OPTSTK,TORNTPOWER,27-Apr-17,220,CE,5.5,6.5,3.05,3.05,3.05,14,94.37,36000,6000,17-Apr-17
OPTSTK,TORNTPOWER,27-Apr-17,225,CE,3.55,3.55,2.15,2.5,2.5,4,27.35,57000,0,17-Apr-17
OPTSTK,TORNTPOWER,27-Apr-17,230,CE,1.7,1.9,1.7,1.9,1.9,2,13.9,45000,0,17-Apr-17
OPTSTK,TORNTPOWER,27-Apr-17,235,CE,1.05,1.05,1.05,1.05,1.05,2,14.16,21000,6000,17-Apr-17
OPTSTK,TORNTPOWER,27-Apr-17,240,CE,0.75,0.75,0.55,0.55,0.55,3,21.65,42000,0,17-Apr-17
OPTSTK,TORNTPOWER,27-Apr-17,245,CE,0,0,0,2.3,0.15,0,0,0,0,17-Apr-17
OPTSTK,TORNTPOWER,27-Apr-17,250,CE,0.7,0.7,0.15,0.15,0.15,2,15.02,36000,3000,17-Apr-17
OPTSTK,TORNTPOWER,27-Apr-17,255,CE,0,0,0,0.5,0.05,0,0,3000,0,17-Apr-17
OPTSTK,TORNTPOWER,27-Apr-17,260,CE,0,0,0,0.3,0.05,0,0,9000,0,17-Apr-17
OPTSTK,TORNTPOWER,27-Apr-17,265,CE,0,0,0,1.2,0,0,0,3000,0,17-Apr-17
OPTSTK,TORNTPOWER,27-Apr-17,270,CE,0,0,0,0.75,0,0,0,0,0,17-Apr-17
OPTSTK,TORNTPOWER,27-Apr-17,275,CE,0,0,0,0.2,0,0,0,6000,0,17-Apr-17
OPTSTK,TORNTPOWER,27-Apr-17,125,PE,0,0,0,0.1,0,0,0,3000,0,17-Apr-17
OPTSTK,TORNTPOWER,27-Apr-17,130,PE,0,0,0,0.1,0,0,0,0,0,17-Apr-17
OPTSTK,TORNTPOWER,27-Apr-17,135,PE,0,0,0,0.2,0,0,0,0,0,17-Apr-17
OPTSTK,TORNTPOWER,27-Apr-17,140,PE,0,0,0,0.35,0,0,0,0,0,17-Apr-17
OPTSTK,TORNTPOWER,27-Apr-17,145,PE,0,0,0,0.55,0,0,0,0,0,17-Apr-17
OPTSTK,TORNTPOWER,27-Apr-17,150,PE,0,0,0,0.85,0,0,0,0,0,17-Apr-17
OPTSTK,TORNTPOWER,27-Apr-17,155,PE,0,0,0,1.25,0,0,0,0,0,17-Apr-17
OPTSTK,TORNTPOWER,27-Apr-17,160,PE,0,0,0,1.85,0,0,0,0,0,17-Apr-17
OPTSTK,TORNTPOWER,27-Apr-17,165,PE,0,0,0,2.65,0,0,0,0,0,17-Apr-17
OPTSTK,TORNTPOWER,27-Apr-17,170,PE,0,0,0,3.6,0,0,0,0,0,17-Apr-17
OPTSTK,TORNTPOWER,27-Apr-17,175,PE,0,0,0,4.85,0.05,0,0,0,0,17-Apr-17
OPTSTK,TORNTPOWER,27-Apr-17,180,PE,0,0,0,6.35,0.05,0,0,0,0,17-Apr-17
OPTSTK,TORNTPOWER,27-Apr-17,185,PE,0,0,0,8.1,0.15,0,0,0,0,17-Apr-17
OPTSTK,TORNTPOWER,27-Apr-17,190,PE,0,0,0,10.15,0.35,0,0,0,0,17-Apr-17
OPTSTK,TORNTPOWER,27-Apr-17,195,PE,0,0,0,12.45,0.75,0,0,0,0,17-Apr-17
OPTSTK,TORNTPOWER,27-Apr-17,200,PE,0.5,0.5,0.5,0.5,0.5,1,6.01,18000,3000,17-Apr-17
OPTSTK,TORNTPOWER,27-Apr-17,205,PE,1.6,1.6,1.6,1.6,1.6,1,6.19,3000,3000,17-Apr-17
OPTSTK,TORNTPOWER,27-Apr-17,210,PE,2.5,2.5,2.5,2.5,2.5,1,6.37,30000,0,17-Apr-17
OPTSTK,TORNTPOWER,27-Apr-17,215,PE,3.5,5.1,3.5,5.1,5.1,5,32.93,15000,9000,17-Apr-17
OPTSTK,TORNTPOWER,27-Apr-17,220,PE,6.05,6.05,6,6,6,2,13.56,6000,0,17-Apr-17
OPTSTK,TORNTPOWER,27-Apr-17,225,PE,0,0,0,15,13.8,0,0,21000,0,17-Apr-17
OPTSTK,TORNTPOWER,27-Apr-17,230,PE,0,0,0,12.75,17.95,0,0,9000,0,17-Apr-17
OPTSTK,TORNTPOWER,27-Apr-17,235,PE,0,0,0,6.05,22.4,0,0,6000,0,17-Apr-17
OPTSTK,TORNTPOWER,27-Apr-17,240,PE,0,0,0,9.65,27.1,0,0,6000,0,17-Apr-17
OPTSTK,TORNTPOWER,27-Apr-17,245,PE,0,0,0,48.5,31.95,0,0,0,0,17-Apr-17
OPTSTK,TORNTPOWER,27-Apr-17,250,PE,0,0,0,52.95,36.85,0,0,0,0,17-Apr-17
OPTSTK,TORNTPOWER,27-Apr-17,255,PE,0,0,0,57.5,41.8,0,0,0,0,17-Apr-17
OPTSTK,TORNTPOWER,27-Apr-17,260,PE,0,0,0,62.1,46.8,0,0,0,0,17-Apr-17
OPTSTK,TORNTPOWER,27-Apr-17,265,PE,0,0,0,66.8,51.75,0,0,0,0,17-Apr-17
OPTSTK,TORNTPOWER,27-Apr-17,270,PE,0,0,0,71.5,56.75,0,0,0,0,17-Apr-17
OPTSTK,TORNTPOWER,27-Apr-17,275,PE,0,0,0,76.25,61.75,0,0,0,0,17-Apr-17
OPTSTK,TORNTPOWER,25-May-17,125,CE,0,0,0,77.35,88.65,0,0,0,0,17-Apr-17
OPTSTK,TORNTPOWER,25-May-17,130,CE,0,0,0,72.45,83.7,0,0,0,0,17-Apr-17
OPTSTK,TORNTPOWER,25-May-17,135,CE,0,0,0,67.6,78.75,0,0,0,0,17-Apr-17
OPTSTK,TORNTPOWER,25-May-17,140,CE,0,0,0,62.75,73.75,0,0,0,0,17-Apr-17
OPTSTK,TORNTPOWER,25-May-17,145,CE,0,0,0,58,68.8,0,0,0,0,17-Apr-17
OPTSTK,TORNTPOWER,25-May-17,150,CE,0,0,0,53.3,63.85,0,0,0,0,17-Apr-17
OPTSTK,TORNTPOWER,25-May-17,155,CE,0,0,0,48.7,58.95,0,0,0,0,17-Apr-17
OPTSTK,TORNTPOWER,25-May-17,160,CE,0,0,0,44.2,54.05,0,0,0,0,17-Apr-17
OPTSTK,TORNTPOWER,25-May-17,165,CE,0,0,0,39.9,49.2,0,0,0,0,17-Apr-17
OPTSTK,TORNTPOWER,25-May-17,170,CE,0,0,0,35.75,44.45,0,0,0,0,17-Apr-17
OPTSTK,TORNTPOWER,25-May-17,175,CE,0,0,0,31.85,39.85,0,0,0,0,17-Apr-17
OPTSTK,TORNTPOWER,25-May-17,180,CE,0,0,0,28.15,35.35,0,0,0,0,17-Apr-17
OPTSTK,TORNTPOWER,25-May-17,185,CE,0,0,0,24.7,31.05,0,0,0,0,17-Apr-17
OPTSTK,TORNTPOWER,25-May-17,190,CE,0,0,0,21.55,27,0,0,0,0,17-Apr-17
OPTSTK,TORNTPOWER,25-May-17,195,CE,0,0,0,18.65,23.25,0,0,0,0,17-Apr-17
OPTSTK,TORNTPOWER,25-May-17,200,CE,0,0,0,16.05,19.75,0,0,0,0,17-Apr-17
OPTSTK,TORNTPOWER,25-May-17,205,CE,0,0,0,13.7,16.6,0,0,0,0,17-Apr-17
OPTSTK,TORNTPOWER,25-May-17,210,CE,0,0,0,11.6,13.8,0,0,0,0,17-Apr-17
OPTSTK,TORNTPOWER,25-May-17,215,CE,0,0,0,9.8,11.35,0,0,0,0,17-Apr-17
OPTSTK,TORNTPOWER,25-May-17,220,CE,0,0,0,8.2,9.2,0,0,0,0,17-Apr-17
OPTSTK,TORNTPOWER,25-May-17,225,CE,0,0,0,6.85,7.4,0,0,0,0,17-Apr-17
OPTSTK,TORNTPOWER,25-May-17,230,CE,0,0,0,5.65,5.85,0,0,0,0,17-Apr-17
OPTSTK,TORNTPOWER,25-May-17,235,CE,0,0,0,4.65,4.6,0,0,0,0,17-Apr-17
OPTSTK,TORNTPOWER,25-May-17,240,CE,0,0,0,3.8,3.6,0,0,0,0,17-Apr-17
OPTSTK,TORNTPOWER,25-May-17,245,CE,0,0,0,3.1,2.75,0,0,0,0,17-Apr-17
OPTSTK,TORNTPOWER,25-May-17,250,CE,0,0,0,2.5,2.1,0,0,0,0,17-Apr-17
OPTSTK,TORNTPOWER,25-May-17,255,CE,0,0,0,2.05,1.6,0,0,0,0,17-Apr-17
OPTSTK,TORNTPOWER,25-May-17,260,CE,0,0,0,1.65,1.2,0,0,0,0,17-Apr-17
OPTSTK,TORNTPOWER,25-May-17,265,CE,0,0,0,1.3,0.9,0,0,0,0,17-Apr-17
OPTSTK,TORNTPOWER,25-May-17,270,CE,0,0,0,1.05,0.65,0,0,0,0,17-Apr-17
OPTSTK,TORNTPOWER,25-May-17,275,CE,0,0,0,0.85,0.5,0,0,0,0,17-Apr-17
OPTSTK,TORNTPOWER,25-May-17,125,PE,0,0,0,0.05,0,0,0,0,0,17-Apr-17
OPTSTK,TORNTPOWER,25-May-17,130,PE,0,0,0,0.1,0,0,0,0,0,17-Apr-17
OPTSTK,TORNTPOWER,25-May-17,135,PE,0,0,0,0.15,0,0,0,0,0,17-Apr-17
OPTSTK,TORNTPOWER,25-May-17,140,PE,0,0,0,0.2,0.05,0,0,0,0,17-Apr-17
OPTSTK,TORNTPOWER,25-May-17,145,PE,0,0,0,0.35,0.05,0,0,0,0,17-Apr-17
OPTSTK,TORNTPOWER,25-May-17,150,PE,0,0,0,0.6,0.05,0,0,0,0,17-Apr-17
OPTSTK,TORNTPOWER,25-May-17,155,PE,0,0,0,0.9,0.1,0,0,0,0,17-Apr-17
OPTSTK,TORNTPOWER,25-May-17,160,PE,0,0,0,1.35,0.15,0,0,0,0,17-Apr-17
OPTSTK,TORNTPOWER,25-May-17,165,PE,0,0,0,1.95,0.3,0,0,0,0,17-Apr-17
OPTSTK,TORNTPOWER,25-May-17,170,PE,0,0,0,2.75,0.5,0,0,0,0,17-Apr-17
OPTSTK,TORNTPOWER,25-May-17,175,PE,0,0,0,3.75,0.85,0,0,0,0,17-Apr-17
OPTSTK,TORNTPOWER,25-May-17,180,PE,0,0,0,5,1.35,0,0,0,0,17-Apr-17
OPTSTK,TORNTPOWER,25-May-17,185,PE,0,0,0,6.45,2,0,0,0,0,17-Apr-17
OPTSTK,TORNTPOWER,25-May-17,190,PE,0,0,0,8.2,2.95,0,0,0,0,17-Apr-17
OPTSTK,TORNTPOWER,25-May-17,195,PE,0,0,0,10.25,4.15,0,0,0,0,17-Apr-17
OPTSTK,TORNTPOWER,25-May-17,200,PE,0,0,0,12.55,5.6,0,0,0,0,17-Apr-17
OPTSTK,TORNTPOWER,25-May-17,205,PE,0,0,0,15.15,7.45,0,0,0,0,17-Apr-17
OPTSTK,TORNTPOWER,25-May-17,210,PE,0,0,0,17.95,9.6,0,0,0,0,17-Apr-17
OPTSTK,TORNTPOWER,25-May-17,215,PE,0,0,0,21.05,12.1,0,0,0,0,17-Apr-17
OPTSTK,TORNTPOWER,25-May-17,220,PE,0,0,0,24.4,14.95,0,0,0,0,17-Apr-17
OPTSTK,TORNTPOWER,25-May-17,225,PE,0,0,0,27.95,18.1,0,0,0,0,17-Apr-17
OPTSTK,TORNTPOWER,25-May-17,230,PE,0,0,0,31.7,21.5,0,0,0,0,17-Apr-17
OPTSTK,TORNTPOWER,25-May-17,235,PE,0,0,0,35.6,25.25,0,0,0,0,17-Apr-17
OPTSTK,TORNTPOWER,25-May-17,240,PE,0,0,0,39.7,29.15,0,0,0,0,17-Apr-17
OPTSTK,TORNTPOWER,25-May-17,245,PE,0,0,0,43.9,33.3,0,0,0,0,17-Apr-17
OPTSTK,TORNTPOWER,25-May-17,250,PE,0,0,0,48.25,37.6,0,0,0,0,17-Apr-17
OPTSTK,TORNTPOWER,25-May-17,255,PE,0,0,0,52.7,42.05,0,0,0,0,17-Apr-17
OPTSTK,TORNTPOWER,25-May-17,260,PE,0,0,0,57.2,46.65,0,0,0,0,17-Apr-17
OPTSTK,TORNTPOWER,25-May-17,265,PE,0,0,0,61.8,51.3,0,0,0,0,17-Apr-17
OPTSTK,TORNTPOWER,25-May-17,270,PE,0,0,0,66.45,56.05,0,0,0,0,17-Apr-17
OPTSTK,TORNTPOWER,25-May-17,275,PE,0,0,0,71.15,60.8,0,0,0,0,17-Apr-17
OPTSTK,TORNTPOWER,29-Jun-17,155,CE,0,0,0,84.5,60.4,0,0,0,0,17-Apr-17
OPTSTK,TORNTPOWER,29-Jun-17,160,CE,0,0,0,79.8,55.75,0,0,0,0,17-Apr-17
OPTSTK,TORNTPOWER,29-Jun-17,165,CE,0,0,0,75.15,51.25,0,0,0,0,17-Apr-17
OPTSTK,TORNTPOWER,29-Jun-17,170,CE,0,0,0,70.6,46.85,0,0,0,0,17-Apr-17
OPTSTK,TORNTPOWER,29-Jun-17,175,CE,0,0,0,66.1,42.6,0,0,0,0,17-Apr-17
OPTSTK,TORNTPOWER,29-Jun-17,180,CE,0,0,0,61.75,38.55,0,0,0,0,17-Apr-17
OPTSTK,TORNTPOWER,29-Jun-17,185,CE,0,0,0,57.5,34.7,0,0,0,0,17-Apr-17
OPTSTK,TORNTPOWER,29-Jun-17,190,CE,0,0,0,53.4,31.05,0,0,0,0,17-Apr-17
OPTSTK,TORNTPOWER,29-Jun-17,195,CE,0,0,0,49.4,27.65,0,0,0,0,17-Apr-17
OPTSTK,TORNTPOWER,29-Jun-17,200,CE,0,0,0,45.6,24.5,0,0,0,0,17-Apr-17
OPTSTK,TORNTPOWER,29-Jun-17,205,CE,0,0,0,42,21.55,0,0,0,0,17-Apr-17
OPTSTK,TORNTPOWER,29-Jun-17,210,CE,0,0,0,38.5,18.9,0,0,0,0,17-Apr-17
OPTSTK,TORNTPOWER,29-Jun-17,215,CE,0,0,0,35.25,16.45,0,0,0,0,17-Apr-17
OPTSTK,TORNTPOWER,29-Jun-17,220,CE,0,0,0,32.15,14.25,0,0,0,0,17-Apr-17
OPTSTK,TORNTPOWER,29-Jun-17,225,CE,0,0,0,29.25,12.3,0,0,0,0,17-Apr-17
OPTSTK,TORNTPOWER,29-Jun-17,230,CE,0,0,0,26.55,10.55,0,0,0,0,17-Apr-17
OPTSTK,TORNTPOWER,29-Jun-17,235,CE,0,0,0,24,9,0,0,0,0,17-Apr-17
OPTSTK,TORNTPOWER,29-Jun-17,240,CE,0,0,0,21.65,7.7,0,0,0,0,17-Apr-17
OPTSTK,TORNTPOWER,29-Jun-17,245,CE,0,0,0,19.5,6.5,0,0,0,0,17-Apr-17
OPTSTK,TORNTPOWER,29-Jun-17,250,CE,0,0,0,17.5,5.5,0,0,0,0,17-Apr-17
OPTSTK,TORNTPOWER,29-Jun-17,255,CE,0,0,0,15.7,4.6,0,0,0,0,17-Apr-17
OPTSTK,TORNTPOWER,29-Jun-17,260,CE,0,0,0,14,3.85,0,0,0,0,17-Apr-17
OPTSTK,TORNTPOWER,29-Jun-17,265,CE,0,0,0,12.5,3.2,0,0,0,0,17-Apr-17
OPTSTK,TORNTPOWER,29-Jun-17,270,CE,0,0,0,11.1,2.65,0,0,0,0,17-Apr-17
OPTSTK,TORNTPOWER,29-Jun-17,275,CE,0,0,0,9.9,2.2,0,0,0,0,17-Apr-17
OPTSTK,TORNTPOWER,29-Jun-17,155,PE,0,0,0,0.45,0.6,0,0,0,0,17-Apr-17
OPTSTK,TORNTPOWER,29-Jun-17,160,PE,0,0,0,0.65,0.9,0,0,0,0,17-Apr-17
OPTSTK,TORNTPOWER,29-Jun-17,165,PE,0,0,0,0.95,1.3,0,0,0,0,17-Apr-17
OPTSTK,TORNTPOWER,29-Jun-17,170,PE,0,0,0,1.3,1.85,0,0,0,0,17-Apr-17
OPTSTK,TORNTPOWER,29-Jun-17,175,PE,0,0,0,1.7,2.55,0,0,0,0,17-Apr-17
OPTSTK,TORNTPOWER,29-Jun-17,180,PE,0,0,0,2.25,3.45,0,0,0,0,17-Apr-17
OPTSTK,TORNTPOWER,29-Jun-17,185,PE,0,0,0,2.95,4.5,0,0,0,0,17-Apr-17
OPTSTK,TORNTPOWER,29-Jun-17,190,PE,0,0,0,3.75,5.8,0,0,0,0,17-Apr-17
OPTSTK,TORNTPOWER,29-Jun-17,195,PE,0,0,0,4.7,7.35,0,0,0,0,17-Apr-17
OPTSTK,TORNTPOWER,29-Jun-17,200,PE,0,0,0,5.8,9.1,0,0,0,0,17-Apr-17
OPTSTK,TORNTPOWER,29-Jun-17,205,PE,0,0,0,7.1,11.1,0,0,0,0,17-Apr-17
OPTSTK,TORNTPOWER,29-Jun-17,210,PE,0,0,0,8.55,13.35,0,0,0,0,17-Apr-17
OPTSTK,TORNTPOWER,29-Jun-17,215,PE,0,0,0,10.2,15.9,0,0,0,0,17-Apr-17
OPTSTK,TORNTPOWER,29-Jun-17,220,PE,0,0,0,12,18.6,0,0,0,0,17-Apr-17
OPTSTK,TORNTPOWER,29-Jun-17,225,PE,0,0,0,14.05,21.6,0,0,0,0,17-Apr-17
OPTSTK,TORNTPOWER,29-Jun-17,230,PE,0,0,0,16.25,24.8,0,0,0,0,17-Apr-17
OPTSTK,TORNTPOWER,29-Jun-17,235,PE,0,0,0,18.65,28.2,0,0,0,0,17-Apr-17
OPTSTK,TORNTPOWER,29-Jun-17,240,PE,0,0,0,21.2,31.8,0,0,0,0,17-Apr-17
OPTSTK,TORNTPOWER,29-Jun-17,245,PE,0,0,0,23.95,35.55,0,0,0,0,17-Apr-17
OPTSTK,TORNTPOWER,29-Jun-17,250,PE,0,0,0,26.9,39.45,0,0,0,0,17-Apr-17
OPTSTK,TORNTPOWER,29-Jun-17,255,PE,0,0,0,29.95,43.5,0,0,0,0,17-Apr-17
OPTSTK,TORNTPOWER,29-Jun-17,260,PE,0,0,0,33.2,47.7,0,0,0,0,17-Apr-17
OPTSTK,TORNTPOWER,29-Jun-17,265,PE,0,0,0,36.6,52,0,0,0,0,17-Apr-17
OPTSTK,TORNTPOWER,29-Jun-17,270,PE,0,0,0,40.15,56.4,0,0,0,0,17-Apr-17
OPTSTK,TORNTPOWER,29-Jun-17,275,PE,0,0,0,43.85,60.85,0,0,0,0,17-Apr-17
OPTSTK,TV18BRDCST,27-Apr-17,20,CE,0,0,0,20.1,23.35,0,0,34000,0,17-Apr-17
OPTSTK,TV18BRDCST,27-Apr-17,22.5,CE,0,0,0,14.55,20.85,0,0,0,0,17-Apr-17
OPTSTK,TV18BRDCST,27-Apr-17,25,CE,0,0,0,17.75,18.35,0,0,0,0,17-Apr-17
OPTSTK,TV18BRDCST,27-Apr-17,27.5,CE,0,0,0,15.1,15.85,0,0,0,0,17-Apr-17
OPTSTK,TV18BRDCST,27-Apr-17,30,CE,0,0,0,7.35,13.35,0,0,0,0,17-Apr-17
OPTSTK,TV18BRDCST,27-Apr-17,32.5,CE,0,0,0,11.2,10.9,0,0,68000,0,17-Apr-17
OPTSTK,TV18BRDCST,27-Apr-17,35,CE,0,0,0,8.6,8.4,0,0,68000,0,17-Apr-17
OPTSTK,TV18BRDCST,27-Apr-17,37.5,CE,0,0,0,5,5.9,0,0,51000,0,17-Apr-17
OPTSTK,TV18BRDCST,27-Apr-17,40,CE,3.6,3.6,3.5,3.5,3.5,3,22.2,136000,34000,17-Apr-17
OPTSTK,TV18BRDCST,27-Apr-17,42.5,CE,2.25,2.25,1.7,1.85,1.85,39,294.71,782000,85000,17-Apr-17
OPTSTK,TV18BRDCST,27-Apr-17,45,CE,1.15,1.35,0.8,1,1,239,1868.22,6851000,-153000,17-Apr-17
OPTSTK,TV18BRDCST,27-Apr-17,47.5,CE,0.55,0.65,0.35,0.45,0.45,73,595.18,3689000,102000,17-Apr-17
OPTSTK,TV18BRDCST,27-Apr-17,50,CE,0.25,0.25,0.2,0.2,0.2,58,495.12,1989000,51000,17-Apr-17
OPTSTK,TV18BRDCST,27-Apr-17,52.5,CE,0.1,0.1,0.1,0.1,0.1,7,62.59,595000,-17000,17-Apr-17
OPTSTK,TV18BRDCST,27-Apr-17,55,CE,0,0,0,0.1,0,0,0,85000,0,17-Apr-17
OPTSTK,TV18BRDCST,27-Apr-17,57.5,CE,0,0,0,0.05,0,0,0,0,0,17-Apr-17
OPTSTK,TV18BRDCST,27-Apr-17,60,CE,0,0,0,0.05,0,0,0,0,0,17-Apr-17
OPTSTK,TV18BRDCST,27-Apr-17,20,PE,0,0,0,0.05,0,0,0,0,0,17-Apr-17
OPTSTK,TV18BRDCST,27-Apr-17,22.5,PE,0,0,0,0.05,0,0,0,0,0,17-Apr-17
OPTSTK,TV18BRDCST,27-Apr-17,25,PE,0,0,0,0.05,0,0,0,0,0,17-Apr-17
OPTSTK,TV18BRDCST,27-Apr-17,27.5,PE,0,0,0,0.05,0,0,0,0,0,17-Apr-17
OPTSTK,TV18BRDCST,27-Apr-17,30,PE,0,0,0,0.2,0,0,0,0,0,17-Apr-17
OPTSTK,TV18BRDCST,27-Apr-17,32.5,PE,0,0,0,0.1,0,0,0,17000,0,17-Apr-17
OPTSTK,TV18BRDCST,27-Apr-17,35,PE,0,0,0,0.1,0,0,0,153000,0,17-Apr-17
OPTSTK,TV18BRDCST,27-Apr-17,37.5,PE,0.1,0.15,0.1,0.15,0.15,4,25.59,153000,17000,17-Apr-17
OPTSTK,TV18BRDCST,27-Apr-17,40,PE,0.4,0.5,0.35,0.35,0.35,45,309.11,986000,204000,17-Apr-17
OPTSTK,TV18BRDCST,27-Apr-17,42.5,PE,0.95,1.3,0.95,1.05,1.05,40,296.38,1649000,102000,17-Apr-17
OPTSTK,TV18BRDCST,27-Apr-17,45,PE,2.55,2.9,2.55,2.9,2.9,3,24.31,663000,0,17-Apr-17
OPTSTK,TV18BRDCST,27-Apr-17,47.5,PE,4.55,4.55,4.5,4.5,4.5,3,26.52,153000,51000,17-Apr-17
OPTSTK,TV18BRDCST,27-Apr-17,50,PE,0,0,0,6.35,6.65,0,0,595000,0,17-Apr-17
OPTSTK,TV18BRDCST,27-Apr-17,52.5,PE,0,0,0,15.05,9.15,0,0,0,0,17-Apr-17
OPTSTK,TV18BRDCST,27-Apr-17,55,PE,0,0,0,17.5,11.6,0,0,0,0,17-Apr-17
OPTSTK,TV18BRDCST,27-Apr-17,57.5,PE,0,0,0,19.95,14.1,0,0,0,0,17-Apr-17
OPTSTK,TV18BRDCST,27-Apr-17,60,PE,0,0,0,22.4,16.6,0,0,0,0,17-Apr-17
OPTSTK,TV18BRDCST,25-May-17,20,CE,0,0,0,20.2,23.45,0,0,0,0,17-Apr-17
OPTSTK,TV18BRDCST,25-May-17,22.5,CE,0,0,0,17.7,20.95,0,0,0,0,17-Apr-17
OPTSTK,TV18BRDCST,25-May-17,25,CE,0,0,0,15.25,18.5,0,0,0,0,17-Apr-17
OPTSTK,TV18BRDCST,25-May-17,27.5,CE,0,0,0,12.85,16,0,0,0,0,17-Apr-17
OPTSTK,TV18BRDCST,25-May-17,30,CE,0,0,0,10.5,13.5,0,0,0,0,17-Apr-17
OPTSTK,TV18BRDCST,25-May-17,32.5,CE,0,0,0,8.25,11.05,0,0,0,0,17-Apr-17
OPTSTK,TV18BRDCST,25-May-17,35,CE,0,0,0,6.25,8.6,0,0,0,0,17-Apr-17
OPTSTK,TV18BRDCST,25-May-17,37.5,CE,0,0,0,4.55,6.3,0,0,0,0,17-Apr-17
OPTSTK,TV18BRDCST,25-May-17,40,CE,0,0,0,3.2,4.25,0,0,0,0,17-Apr-17
OPTSTK,TV18BRDCST,25-May-17,42.5,CE,0,0,0,2.15,2.65,0,0,0,0,17-Apr-17
OPTSTK,TV18BRDCST,25-May-17,45,CE,0,0,0,1.4,1.5,0,0,0,0,17-Apr-17
OPTSTK,TV18BRDCST,25-May-17,47.5,CE,1,1,1,1,1,6,49.47,102000,102000,17-Apr-17
OPTSTK,TV18BRDCST,25-May-17,50,CE,0,0,0,0.55,0.35,0,0,0,0,17-Apr-17
OPTSTK,TV18BRDCST,25-May-17,52.5,CE,0,0,0,0.35,0.15,0,0,0,0,17-Apr-17
OPTSTK,TV18BRDCST,25-May-17,55,CE,0,0,0,0.2,0.1,0,0,0,0,17-Apr-17
OPTSTK,TV18BRDCST,25-May-17,57.5,CE,0,0,0,0.1,0.05,0,0,0,0,17-Apr-17
OPTSTK,TV18BRDCST,25-May-17,60,CE,0,0,0,0.1,0.05,0,0,0,0,17-Apr-17
OPTSTK,TV18BRDCST,25-May-17,20,PE,0,0,0,0.05,0,0,0,0,0,17-Apr-17
OPTSTK,TV18BRDCST,25-May-17,22.5,PE,0,0,0,0.05,0,0,0,0,0,17-Apr-17
OPTSTK,TV18BRDCST,25-May-17,25,PE,0,0,0,0.05,0,0,0,0,0,17-Apr-17
OPTSTK,TV18BRDCST,25-May-17,27.5,PE,0,0,0,0.05,0,0,0,0,0,17-Apr-17
OPTSTK,TV18BRDCST,25-May-17,30,PE,0,0,0,0.15,0,0,0,0,0,17-Apr-17
OPTSTK,TV18BRDCST,25-May-17,32.5,PE,0,0,0,0.4,0.05,0,0,0,0,17-Apr-17
OPTSTK,TV18BRDCST,25-May-17,35,PE,0,0,0,0.85,0.1,0,0,0,0,17-Apr-17
OPTSTK,TV18BRDCST,25-May-17,37.5,PE,0,0,0,1.65,0.25,0,0,0,0,17-Apr-17
OPTSTK,TV18BRDCST,25-May-17,40,PE,0,0,0,2.7,0.7,0,0,0,0,17-Apr-17
OPTSTK,TV18BRDCST,25-May-17,42.5,PE,0,0,0,4.15,1.55,0,0,0,0,17-Apr-17
OPTSTK,TV18BRDCST,25-May-17,45,PE,2.75,2.75,2.75,2.75,2.75,1,8.11,17000,17000,17-Apr-17
OPTSTK,TV18BRDCST,25-May-17,47.5,PE,0,0,0,7.8,4.65,0,0,0,0,17-Apr-17
OPTSTK,TV18BRDCST,25-May-17,50,PE,0,0,0,9.9,6.75,0,0,0,0,17-Apr-17
OPTSTK,TV18BRDCST,25-May-17,52.5,PE,0,0,0,12.15,9,0,0,0,0,17-Apr-17
OPTSTK,TV18BRDCST,25-May-17,55,PE,0,0,0,14.5,11.4,0,0,0,0,17-Apr-17
OPTSTK,TV18BRDCST,25-May-17,57.5,PE,0,0,0,16.85,13.85,0,0,0,0,17-Apr-17
OPTSTK,TV18BRDCST,25-May-17,60,PE,0,0,0,19.3,16.3,0,0,0,0,17-Apr-17
OPTSTK,TV18BRDCST,29-Jun-17,20,CE,0,0,0,22.4,23.6,0,0,0,0,17-Apr-17
OPTSTK,TV18BRDCST,29-Jun-17,22.5,CE,0,0,0,19.95,21.1,0,0,0,0,17-Apr-17
OPTSTK,TV18BRDCST,29-Jun-17,25,CE,0,0,0,17.5,18.65,0,0,0,0,17-Apr-17
OPTSTK,TV18BRDCST,29-Jun-17,27.5,CE,0,0,0,15.05,16.2,0,0,0,0,17-Apr-17
OPTSTK,TV18BRDCST,29-Jun-17,30,CE,0,0,0,12.6,13.75,0,0,0,0,17-Apr-17
OPTSTK,TV18BRDCST,29-Jun-17,32.5,CE,0,0,0,10.25,11.3,0,0,0,0,17-Apr-17
OPTSTK,TV18BRDCST,29-Jun-17,35,CE,0,0,0,8,9,0,0,0,0,17-Apr-17
OPTSTK,TV18BRDCST,29-Jun-17,37.5,CE,0,0,0,6,6.9,0,0,0,0,17-Apr-17
OPTSTK,TV18BRDCST,29-Jun-17,40,CE,0,0,0,4.25,5.05,0,0,0,0,17-Apr-17
OPTSTK,TV18BRDCST,29-Jun-17,42.5,CE,0,0,0,2.9,3.55,0,0,0,0,17-Apr-17
OPTSTK,TV18BRDCST,29-Jun-17,45,CE,0,0,0,1.9,2.4,0,0,0,0,17-Apr-17
OPTSTK,TV18BRDCST,29-Jun-17,47.5,CE,0,0,0,1.2,1.55,0,0,0,0,17-Apr-17
OPTSTK,TV18BRDCST,29-Jun-17,50,CE,0,0,0,0.7,0.95,0,0,0,0,17-Apr-17
OPTSTK,TV18BRDCST,29-Jun-17,52.5,CE,0,0,0,0.4,0.55,0,0,0,0,17-Apr-17
OPTSTK,TV18BRDCST,29-Jun-17,55,CE,0,0,0,0.25,0.35,0,0,0,0,17-Apr-17
OPTSTK,TV18BRDCST,29-Jun-17,57.5,CE,0,0,0,0.15,0.2,0,0,0,0,17-Apr-17
OPTSTK,TV18BRDCST,29-Jun-17,60,CE,0,0,0,0.1,0.1,0,0,0,0,17-Apr-17
OPTSTK,TV18BRDCST,29-Jun-17,20,PE,0,0,0,0.05,0,0,0,0,0,17-Apr-17
OPTSTK,TV18BRDCST,29-Jun-17,22.5,PE,0,0,0,0.05,0,0,0,0,0,17-Apr-17
OPTSTK,TV18BRDCST,29-Jun-17,25,PE,0,0,0,0.05,0,0,0,0,0,17-Apr-17
OPTSTK,TV18BRDCST,29-Jun-17,27.5,PE,0,0,0,0.05,0,0,0,0,0,17-Apr-17
OPTSTK,TV18BRDCST,29-Jun-17,30,PE,0,0,0,0.05,0.05,0,0,0,0,17-Apr-17
OPTSTK,TV18BRDCST,29-Jun-17,32.5,PE,0,0,0,0.15,0.1,0,0,0,0,17-Apr-17
OPTSTK,TV18BRDCST,29-Jun-17,35,PE,0,0,0,0.35,0.25,0,0,0,0,17-Apr-17
OPTSTK,TV18BRDCST,29-Jun-17,37.5,PE,0,0,0,0.8,0.65,0,0,0,0,17-Apr-17
OPTSTK,TV18BRDCST,29-Jun-17,40,PE,0,0,0,1.55,1.25,0,0,0,0,17-Apr-17
OPTSTK,TV18BRDCST,29-Jun-17,42.5,PE,0,0,0,2.65,2.2,0,0,0,0,17-Apr-17
OPTSTK,TV18BRDCST,29-Jun-17,45,PE,0,0,0,4.1,3.5,0,0,0,0,17-Apr-17
OPTSTK,TV18BRDCST,29-Jun-17,47.5,PE,0,0,0,5.85,5.1,0,0,0,0,17-Apr-17
OPTSTK,TV18BRDCST,29-Jun-17,50,PE,0,0,0,7.85,7,0,0,0,0,17-Apr-17
OPTSTK,TV18BRDCST,29-Jun-17,52.5,PE,0,0,0,10,9.1,0,0,0,0,17-Apr-17
OPTSTK,TV18BRDCST,29-Jun-17,55,PE,0,0,0,12.3,11.3,0,0,0,0,17-Apr-17
OPTSTK,TV18BRDCST,29-Jun-17,57.5,PE,0,0,0,14.65,13.65,0,0,0,0,17-Apr-17
OPTSTK,TV18BRDCST,29-Jun-17,60,PE,0,0,0,17.05,16.05,0,0,0,0,17-Apr-17
OPTSTK,TVSMOTOR,27-Apr-17,270,CE,0,0,0,127.75,203.35,0,0,0,0,17-Apr-17
OPTSTK,TVSMOTOR,27-Apr-17,280,CE,0,0,0,118.3,193.35,0,0,0,0,17-Apr-17
OPTSTK,TVSMOTOR,27-Apr-17,290,CE,0,0,0,108.95,183.35,0,0,0,0,17-Apr-17
OPTSTK,TVSMOTOR,27-Apr-17,300,CE,0,0,0,99.85,173.4,0,0,0,0,17-Apr-17
OPTSTK,TVSMOTOR,27-Apr-17,310,CE,0,0,0,90.95,163.4,0,0,0,0,17-Apr-17
OPTSTK,TVSMOTOR,27-Apr-17,320,CE,0,0,0,82.45,153.45,0,0,0,0,17-Apr-17
OPTSTK,TVSMOTOR,27-Apr-17,330,CE,0,0,0,74.25,143.45,0,0,0,0,17-Apr-17
OPTSTK,TVSMOTOR,27-Apr-17,340,CE,0,0,0,66.5,133.45,0,0,0,0,17-Apr-17
OPTSTK,TVSMOTOR,27-Apr-17,350,CE,0,0,0,83,123.5,0,0,2000,0,17-Apr-17
OPTSTK,TVSMOTOR,27-Apr-17,360,CE,0,0,0,52.35,113.5,0,0,0,0,17-Apr-17
OPTSTK,TVSMOTOR,27-Apr-17,370,CE,0,0,0,46,103.5,0,0,0,0,17-Apr-17
OPTSTK,TVSMOTOR,27-Apr-17,380,CE,0,0,0,40.2,93.55,0,0,0,0,17-Apr-17
OPTSTK,TVSMOTOR,27-Apr-17,390,CE,0,0,0,43.55,83.55,0,0,40000,0,17-Apr-17
OPTSTK,TVSMOTOR,27-Apr-17,400,CE,0,0,0,35.5,73.55,0,0,4000,0,17-Apr-17
OPTSTK,TVSMOTOR,27-Apr-17,410,CE,0,0,0,25.9,63.6,0,0,0,0,17-Apr-17
OPTSTK,TVSMOTOR,27-Apr-17,420,CE,0,0,0,43,53.65,0,0,4000,0,17-Apr-17
OPTSTK,TVSMOTOR,27-Apr-17,430,CE,0,0,0,37.6,43.75,0,0,56000,0,17-Apr-17
OPTSTK,TVSMOTOR,27-Apr-17,440,CE,32,32,32,32,32,1,9.44,80000,0,17-Apr-17
OPTSTK,TVSMOTOR,27-Apr-17,450,CE,21.25,21.25,21.25,21.25,21.25,3,28.27,112000,6000,17-Apr-17
OPTSTK,TVSMOTOR,27-Apr-17,460,CE,11.8,15.2,11.4,14.3,14.3,15,142.11,152000,-2000,17-Apr-17
OPTSTK,TVSMOTOR,27-Apr-17,470,CE,6.3,9,6.25,7.85,7.85,97,925.5,174000,-6000,17-Apr-17
OPTSTK,TVSMOTOR,27-Apr-17,480,CE,3.75,5,3.4,4.45,4.45,44,426,180000,-14000,17-Apr-17
OPTSTK,TVSMOTOR,27-Apr-17,490,CE,1.7,2.55,1.6,2.2,2.2,27,265.64,78000,-2000,17-Apr-17
OPTSTK,TVSMOTOR,27-Apr-17,500,CE,0.85,1.05,0.85,1,1,13,130.25,118000,2000,17-Apr-17
OPTSTK,TVSMOTOR,27-Apr-17,510,CE,0.35,0.45,0.35,0.45,0.45,7,71.45,62000,-10000,17-Apr-17
OPTSTK,TVSMOTOR,27-Apr-17,520,CE,0.3,0.3,0.3,0.3,0.3,2,20.81,16000,2000,17-Apr-17
OPTSTK,TVSMOTOR,27-Apr-17,530,CE,0,0,0,2.9,0.05,0,0,0,0,17-Apr-17
OPTSTK,TVSMOTOR,27-Apr-17,540,CE,0,0,0,2.35,0.05,0,0,0,0,17-Apr-17
OPTSTK,TVSMOTOR,27-Apr-17,550,CE,0,0,0,1.9,0,0,0,0,0,17-Apr-17
OPTSTK,TVSMOTOR,27-Apr-17,560,CE,0,0,0,0.5,0,0,0,0,0,17-Apr-17
OPTSTK,TVSMOTOR,27-Apr-17,570,CE,0,0,0,0.55,0,0,0,0,0,17-Apr-17
OPTSTK,TVSMOTOR,27-Apr-17,270,PE,0,0,0,0.55,0,0,0,0,0,17-Apr-17
OPTSTK,TVSMOTOR,27-Apr-17,280,PE,0,0,0,0.9,0,0,0,0,0,17-Apr-17
OPTSTK,TVSMOTOR,27-Apr-17,290,PE,0,0,0,1.4,0,0,0,0,0,17-Apr-17
OPTSTK,TVSMOTOR,27-Apr-17,300,PE,0,0,0,2.1,0,0,0,0,0,17-Apr-17
OPTSTK,TVSMOTOR,27-Apr-17,310,PE,0,0,0,3.1,0,0,0,0,0,17-Apr-17
OPTSTK,TVSMOTOR,27-Apr-17,320,PE,0,0,0,4.35,0,0,0,0,0,17-Apr-17
OPTSTK,TVSMOTOR,27-Apr-17,330,PE,0,0,0,6.05,0,0,0,0,0,17-Apr-17
OPTSTK,TVSMOTOR,27-Apr-17,340,PE,0,0,0,8.1,0,0,0,0,0,17-Apr-17
OPTSTK,TVSMOTOR,27-Apr-17,350,PE,0,0,0,10.65,0,0,0,0,0,17-Apr-17
OPTSTK,TVSMOTOR,27-Apr-17,360,PE,0,0,0,13.6,0,0,0,0,0,17-Apr-17
OPTSTK,TVSMOTOR,27-Apr-17,370,PE,0,0,0,0.15,0,0,0,8000,0,17-Apr-17
OPTSTK,TVSMOTOR,27-Apr-17,380,PE,0,0,0,21.15,0,0,0,0,0,17-Apr-17
OPTSTK,TVSMOTOR,27-Apr-17,390,PE,0,0,0,0.1,0,0,0,8000,0,17-Apr-17
OPTSTK,TVSMOTOR,27-Apr-17,400,PE,0,0,0,0.25,0,0,0,100000,0,17-Apr-17
OPTSTK,TVSMOTOR,27-Apr-17,410,PE,0,0,0,0.55,0,0,0,66000,0,17-Apr-17
OPTSTK,TVSMOTOR,27-Apr-17,420,PE,0.45,0.45,0.35,0.35,0.35,2,16.81,216000,0,17-Apr-17
OPTSTK,TVSMOTOR,27-Apr-17,430,PE,0.6,0.65,0.45,0.45,0.45,8,68.88,108000,-2000,17-Apr-17
OPTSTK,TVSMOTOR,27-Apr-17,440,PE,1.4,1.4,0.85,0.95,0.95,31,273.48,190000,10000,17-Apr-17
OPTSTK,TVSMOTOR,27-Apr-17,450,PE,3.4,3.5,1.75,1.95,1.95,40,361.92,172000,-6000,17-Apr-17
OPTSTK,TVSMOTOR,27-Apr-17,460,PE,6,7,3.4,4,4,86,800.3,220000,42000,17-Apr-17
OPTSTK,TVSMOTOR,27-Apr-17,470,PE,11.15,11.15,8,8.2,8.2,8,76.62,46000,10000,17-Apr-17
OPTSTK,TVSMOTOR,27-Apr-17,480,PE,13.4,13.4,13.4,13.4,13.4,1,9.86,2000,0,17-Apr-17
OPTSTK,TVSMOTOR,27-Apr-17,490,PE,0,0,0,95.55,19.3,0,0,0,0,17-Apr-17
OPTSTK,TVSMOTOR,27-Apr-17,500,PE,35,35,35,35,35,1,10.7,6000,2000,17-Apr-17
OPTSTK,TVSMOTOR,27-Apr-17,510,PE,0,0,0,113.15,36.8,0,0,0,0,17-Apr-17
OPTSTK,TVSMOTOR,27-Apr-17,520,PE,0,0,0,122.2,46.45,0,0,0,0,17-Apr-17
OPTSTK,TVSMOTOR,27-Apr-17,530,PE,0,0,0,131.4,56.3,0,0,0,0,17-Apr-17
OPTSTK,TVSMOTOR,27-Apr-17,540,PE,0,0,0,140.7,66.25,0,0,0,0,17-Apr-17
OPTSTK,TVSMOTOR,27-Apr-17,550,PE,0,0,0,150.05,76.2,0,0,0,0,17-Apr-17
OPTSTK,TVSMOTOR,27-Apr-17,560,PE,0,0,0,156.45,86.2,0,0,0,0,17-Apr-17
OPTSTK,TVSMOTOR,27-Apr-17,570,PE,0,0,0,154.7,96.2,0,0,0,0,17-Apr-17
OPTSTK,TVSMOTOR,25-May-17,270,CE,0,0,0,167.25,204.7,0,0,0,0,17-Apr-17
OPTSTK,TVSMOTOR,25-May-17,280,CE,0,0,0,157.4,194.75,0,0,0,0,17-Apr-17
OPTSTK,TVSMOTOR,25-May-17,290,CE,0,0,0,147.6,184.85,0,0,0,0,17-Apr-17
OPTSTK,TVSMOTOR,25-May-17,300,CE,0,0,0,137.8,174.9,0,0,0,0,17-Apr-17
OPTSTK,TVSMOTOR,25-May-17,310,CE,0,0,0,128,164.95,0,0,0,0,17-Apr-17
OPTSTK,TVSMOTOR,25-May-17,320,CE,0,0,0,118.25,155.05,0,0,0,0,17-Apr-17
OPTSTK,TVSMOTOR,25-May-17,330,CE,0,0,0,108.6,145.1,0,0,0,0,17-Apr-17
OPTSTK,TVSMOTOR,25-May-17,340,CE,0,0,0,99.05,135.15,0,0,0,0,17-Apr-17
OPTSTK,TVSMOTOR,25-May-17,350,CE,0,0,0,89.7,125.25,0,0,0,0,17-Apr-17
OPTSTK,TVSMOTOR,25-May-17,360,CE,0,0,0,80.6,115.3,0,0,0,0,17-Apr-17
OPTSTK,TVSMOTOR,25-May-17,370,CE,0,0,0,71.8,105.4,0,0,0,0,17-Apr-17
OPTSTK,TVSMOTOR,25-May-17,380,CE,0,0,0,63.35,95.5,0,0,0,0,17-Apr-17
OPTSTK,TVSMOTOR,25-May-17,390,CE,0,0,0,55.4,85.65,0,0,0,0,17-Apr-17
OPTSTK,TVSMOTOR,25-May-17,400,CE,0,0,0,48,75.95,0,0,0,0,17-Apr-17
OPTSTK,TVSMOTOR,25-May-17,410,CE,0,0,0,41.1,66.4,0,0,0,0,17-Apr-17
OPTSTK,TVSMOTOR,25-May-17,420,CE,0,0,0,34.85,57.15,0,0,0,0,17-Apr-17
OPTSTK,TVSMOTOR,25-May-17,430,CE,0,0,0,29.25,48.35,0,0,0,0,17-Apr-17
OPTSTK,TVSMOTOR,25-May-17,440,CE,0,0,0,29.65,40.1,0,0,2000,0,17-Apr-17
OPTSTK,TVSMOTOR,25-May-17,450,CE,0,0,0,19.95,32.55,0,0,0,0,17-Apr-17
OPTSTK,TVSMOTOR,25-May-17,460,CE,0,0,0,16.25,25.8,0,0,0,0,17-Apr-17
OPTSTK,TVSMOTOR,25-May-17,470,CE,0,0,0,13.05,20,0,0,0,0,17-Apr-17
OPTSTK,TVSMOTOR,25-May-17,480,CE,0,0,0,11.7,15.1,0,0,2000,0,17-Apr-17
OPTSTK,TVSMOTOR,25-May-17,490,CE,0,0,0,8.25,11.1,0,0,0,0,17-Apr-17
OPTSTK,TVSMOTOR,25-May-17,500,CE,0,0,0,6.45,7.95,0,0,0,0,17-Apr-17
OPTSTK,TVSMOTOR,25-May-17,510,CE,0,0,0,5,5.6,0,0,0,0,17-Apr-17
OPTSTK,TVSMOTOR,25-May-17,520,CE,0,0,0,3.85,3.8,0,0,0,0,17-Apr-17
OPTSTK,TVSMOTOR,25-May-17,530,CE,0,0,0,2.95,2.55,0,0,0,0,17-Apr-17
OPTSTK,TVSMOTOR,25-May-17,540,CE,0,0,0,2.2,1.65,0,0,0,0,17-Apr-17
OPTSTK,TVSMOTOR,25-May-17,550,CE,0,0,0,1.65,1.05,0,0,0,0,17-Apr-17
OPTSTK,TVSMOTOR,25-May-17,560,CE,0,0,0,1.25,0.65,0,0,0,0,17-Apr-17
OPTSTK,TVSMOTOR,25-May-17,570,CE,0,0,0,0.9,0.4,0,0,0,0,17-Apr-17
OPTSTK,TVSMOTOR,25-May-17,270,PE,0,0,0,0.05,0,0,0,0,0,17-Apr-17
OPTSTK,TVSMOTOR,25-May-17,280,PE,0,0,0,0.05,0,0,0,0,0,17-Apr-17
OPTSTK,TVSMOTOR,25-May-17,290,PE,0,0,0,0.05,0,0,0,0,0,17-Apr-17
OPTSTK,TVSMOTOR,25-May-17,300,PE,0,0,0,0.05,0,0,0,0,0,17-Apr-17
OPTSTK,TVSMOTOR,25-May-17,310,PE,0,0,0,0.15,0,0,0,0,0,17-Apr-17
OPTSTK,TVSMOTOR,25-May-17,320,PE,0,0,0,0.25,0,0,0,0,0,17-Apr-17
OPTSTK,TVSMOTOR,25-May-17,330,PE,0,0,0,0.4,0,0,0,0,0,17-Apr-17
OPTSTK,TVSMOTOR,25-May-17,340,PE,0,0,0,0.75,0,0,0,0,0,17-Apr-17
OPTSTK,TVSMOTOR,25-May-17,350,PE,0,0,0,1.2,0,0,0,0,0,17-Apr-17
OPTSTK,TVSMOTOR,25-May-17,360,PE,0,0,0,1.95,0.05,0,0,0,0,17-Apr-17
OPTSTK,TVSMOTOR,25-May-17,370,PE,0,0,0,3,0.05,0,0,0,0,17-Apr-17
OPTSTK,TVSMOTOR,25-May-17,380,PE,0,0,0,4.4,0.1,0,0,0,0,17-Apr-17
OPTSTK,TVSMOTOR,25-May-17,390,PE,0,0,0,6.3,0.2,0,0,0,0,17-Apr-17
OPTSTK,TVSMOTOR,25-May-17,400,PE,0,0,0,8.7,0.4,0,0,0,0,17-Apr-17
OPTSTK,TVSMOTOR,25-May-17,410,PE,0,0,0,11.65,0.8,0,0,0,0,17-Apr-17
OPTSTK,TVSMOTOR,25-May-17,420,PE,0,0,0,15.25,1.5,0,0,0,0,17-Apr-17
OPTSTK,TVSMOTOR,25-May-17,430,PE,0,0,0,19.5,2.6,0,0,0,0,17-Apr-17
OPTSTK,TVSMOTOR,25-May-17,440,PE,0,0,0,24.4,4.25,0,0,0,0,17-Apr-17
OPTSTK,TVSMOTOR,25-May-17,450,PE,7.05,7.05,7.05,7.05,7.05,2,18.28,4000,4000,17-Apr-17
OPTSTK,TVSMOTOR,25-May-17,460,PE,0,0,0,36,9.85,0,0,0,0,17-Apr-17
OPTSTK,TVSMOTOR,25-May-17,470,PE,0,0,0,42.7,13.95,0,0,0,0,17-Apr-17
OPTSTK,TVSMOTOR,25-May-17,480,PE,0,0,0,49.9,19,0,0,0,0,17-Apr-17
OPTSTK,TVSMOTOR,25-May-17,490,PE,0,0,0,57.55,24.95,0,0,0,0,17-Apr-17
OPTSTK,TVSMOTOR,25-May-17,500,PE,0,0,0,65.6,31.75,0,0,0,0,17-Apr-17
OPTSTK,TVSMOTOR,25-May-17,510,PE,0,0,0,74,39.3,0,0,0,0,17-Apr-17
OPTSTK,TVSMOTOR,25-May-17,520,PE,0,0,0,82.7,47.45,0,0,0,0,17-Apr-17
OPTSTK,TVSMOTOR,25-May-17,530,PE,0,0,0,91.6,56.1,0,0,0,0,17-Apr-17
OPTSTK,TVSMOTOR,25-May-17,540,PE,0,0,0,100.75,65.15,0,0,0,0,17-Apr-17
OPTSTK,TVSMOTOR,25-May-17,550,PE,0,0,0,110.05,74.5,0,0,0,0,17-Apr-17
OPTSTK,TVSMOTOR,25-May-17,560,PE,0,0,0,119.45,84.05,0,0,0,0,17-Apr-17
OPTSTK,TVSMOTOR,25-May-17,570,PE,0,0,0,129,93.7,0,0,0,0,17-Apr-17
OPTSTK,TVSMOTOR,29-Jun-17,270,CE,0,0,0,170.35,206.35,0,0,0,0,17-Apr-17
OPTSTK,TVSMOTOR,29-Jun-17,280,CE,0,0,0,160.55,196.5,0,0,0,0,17-Apr-17
OPTSTK,TVSMOTOR,29-Jun-17,290,CE,0,0,0,150.7,186.6,0,0,0,0,17-Apr-17
OPTSTK,TVSMOTOR,29-Jun-17,300,CE,0,0,0,140.85,176.75,0,0,0,0,17-Apr-17
OPTSTK,TVSMOTOR,29-Jun-17,310,CE,0,0,0,131.05,166.9,0,0,0,0,17-Apr-17
OPTSTK,TVSMOTOR,29-Jun-17,320,CE,0,0,0,121.2,157,0,0,0,0,17-Apr-17
OPTSTK,TVSMOTOR,29-Jun-17,330,CE,0,0,0,111.4,147.15,0,0,0,0,17-Apr-17
OPTSTK,TVSMOTOR,29-Jun-17,340,CE,0,0,0,101.65,137.3,0,0,0,0,17-Apr-17
OPTSTK,TVSMOTOR,29-Jun-17,350,CE,0,0,0,91.95,127.5,0,0,0,0,17-Apr-17
OPTSTK,TVSMOTOR,29-Jun-17,360,CE,0,0,0,82.4,117.7,0,0,0,0,17-Apr-17
OPTSTK,TVSMOTOR,29-Jun-17,370,CE,0,0,0,73,108,0,0,0,0,17-Apr-17
OPTSTK,TVSMOTOR,29-Jun-17,380,CE,0,0,0,63.9,98.4,0,0,0,0,17-Apr-17
OPTSTK,TVSMOTOR,29-Jun-17,390,CE,0,0,0,55.2,89,0,0,0,0,17-Apr-17
OPTSTK,TVSMOTOR,29-Jun-17,400,CE,0,0,0,46.95,79.8,0,0,0,0,17-Apr-17
OPTSTK,TVSMOTOR,29-Jun-17,410,CE,0,0,0,39.35,70.9,0,0,0,0,17-Apr-17
OPTSTK,TVSMOTOR,29-Jun-17,420,CE,0,0,0,32.4,62.4,0,0,0,0,17-Apr-17
OPTSTK,TVSMOTOR,29-Jun-17,430,CE,0,0,0,26.25,54.3,0,0,0,0,17-Apr-17
OPTSTK,TVSMOTOR,29-Jun-17,440,CE,0,0,0,20.9,46.8,0,0,0,0,17-Apr-17
OPTSTK,TVSMOTOR,29-Jun-17,450,CE,0,0,0,16.35,39.85,0,0,0,0,17-Apr-17
OPTSTK,TVSMOTOR,29-Jun-17,460,CE,0,0,0,12.55,33.55,0,0,0,0,17-Apr-17
OPTSTK,TVSMOTOR,29-Jun-17,470,CE,0,0,0,9.45,27.95,0,0,0,0,17-Apr-17
OPTSTK,TVSMOTOR,29-Jun-17,480,CE,0,0,0,7.05,22.95,0,0,0,0,17-Apr-17
OPTSTK,TVSMOTOR,29-Jun-17,490,CE,0,0,0,5.1,18.65,0,0,0,0,17-Apr-17
OPTSTK,TVSMOTOR,29-Jun-17,500,CE,0,0,0,3.65,15,0,0,0,0,17-Apr-17
OPTSTK,TVSMOTOR,29-Jun-17,510,CE,0,0,0,2.6,11.9,0,0,0,0,17-Apr-17
OPTSTK,TVSMOTOR,29-Jun-17,520,CE,0,0,0,1.8,9.35,0,0,0,0,17-Apr-17
OPTSTK,TVSMOTOR,29-Jun-17,530,CE,0,0,0,1.25,7.25,0,0,0,0,17-Apr-17
OPTSTK,TVSMOTOR,29-Jun-17,540,CE,0,0,0,0.85,5.55,0,0,0,0,17-Apr-17
OPTSTK,TVSMOTOR,29-Jun-17,550,CE,0,0,0,0.55,4.25,0,0,0,0,17-Apr-17
OPTSTK,TVSMOTOR,29-Jun-17,560,CE,0,0,0,0.35,3.2,0,0,0,0,17-Apr-17
OPTSTK,TVSMOTOR,29-Jun-17,570,CE,0,0,0,0.25,2.35,0,0,0,0,17-Apr-17
OPTSTK,TVSMOTOR,29-Jun-17,270,PE,0,0,0,0.05,0,0,0,0,0,17-Apr-17
OPTSTK,TVSMOTOR,29-Jun-17,280,PE,0,0,0,0.05,0,0,0,0,0,17-Apr-17
OPTSTK,TVSMOTOR,29-Jun-17,290,PE,0,0,0,0.05,0,0,0,0,0,17-Apr-17
OPTSTK,TVSMOTOR,29-Jun-17,300,PE,0,0,0,0.05,0,0,0,0,0,17-Apr-17
OPTSTK,TVSMOTOR,29-Jun-17,310,PE,0,0,0,0.05,0,0,0,0,0,17-Apr-17
OPTSTK,TVSMOTOR,29-Jun-17,320,PE,0,0,0,0.05,0.05,0,0,0,0,17-Apr-17
OPTSTK,TVSMOTOR,29-Jun-17,330,PE,0,0,0,0.05,0.05,0,0,0,0,17-Apr-17
OPTSTK,TVSMOTOR,29-Jun-17,340,PE,0,0,0,0.15,0.05,0,0,0,0,17-Apr-17
OPTSTK,TVSMOTOR,29-Jun-17,350,PE,0,0,0,0.3,0.1,0,0,0,0,17-Apr-17
OPTSTK,TVSMOTOR,29-Jun-17,360,PE,0,0,0,0.55,0.2,0,0,0,0,17-Apr-17
OPTSTK,TVSMOTOR,29-Jun-17,370,PE,0,0,0,1,0.35,0,0,0,0,17-Apr-17
OPTSTK,TVSMOTOR,29-Jun-17,380,PE,0,0,0,1.75,0.65,0,0,0,0,17-Apr-17
OPTSTK,TVSMOTOR,29-Jun-17,390,PE,0,0,0,2.85,1.1,0,0,0,0,17-Apr-17
OPTSTK,TVSMOTOR,29-Jun-17,400,PE,0,0,0,4.45,1.75,0,0,0,0,17-Apr-17
OPTSTK,TVSMOTOR,29-Jun-17,410,PE,0,0,0,6.7,2.75,0,0,0,0,17-Apr-17
OPTSTK,TVSMOTOR,29-Jun-17,420,PE,0,0,0,9.6,4.1,0,0,0,0,17-Apr-17
OPTSTK,TVSMOTOR,29-Jun-17,430,PE,0,0,0,13.25,5.9,0,0,0,0,17-Apr-17
OPTSTK,TVSMOTOR,29-Jun-17,440,PE,0,0,0,17.75,8.3,0,0,0,0,17-Apr-17
OPTSTK,TVSMOTOR,29-Jun-17,450,PE,0,0,0,23,11.2,0,0,0,0,17-Apr-17
OPTSTK,TVSMOTOR,29-Jun-17,460,PE,0,0,0,29.05,14.75,0,0,0,0,17-Apr-17
OPTSTK,TVSMOTOR,29-Jun-17,470,PE,0,0,0,35.8,19,0,0,0,0,17-Apr-17
OPTSTK,TVSMOTOR,29-Jun-17,480,PE,0,0,0,43.2,23.9,0,0,0,0,17-Apr-17
OPTSTK,TVSMOTOR,29-Jun-17,490,PE,0,0,0,51.15,29.5,0,0,0,0,17-Apr-17
OPTSTK,TVSMOTOR,29-Jun-17,500,PE,0,0,0,59.5,35.7,0,0,0,0,17-Apr-17
OPTSTK,TVSMOTOR,29-Jun-17,510,PE,0,0,0,68.3,42.45,0,0,0,0,17-Apr-17
OPTSTK,TVSMOTOR,29-Jun-17,520,PE,0,0,0,77.3,49.8,0,0,0,0,17-Apr-17
OPTSTK,TVSMOTOR,29-Jun-17,530,PE,0,0,0,86.6,57.55,0,0,0,0,17-Apr-17
OPTSTK,TVSMOTOR,29-Jun-17,540,PE,0,0,0,96.05,65.75,0,0,0,0,17-Apr-17
OPTSTK,TVSMOTOR,29-Jun-17,550,PE,0,0,0,105.6,74.3,0,0,0,0,17-Apr-17
OPTSTK,TVSMOTOR,29-Jun-17,560,PE,0,0,0,115.25,83.1,0,0,0,0,17-Apr-17
OPTSTK,TVSMOTOR,29-Jun-17,570,PE,0,0,0,124.95,92.15,0,0,0,0,17-Apr-17
OPTSTK,UBL,27-Apr-17,560,CE,0,0,0,272.1,192.05,0,0,0,0,17-Apr-17
OPTSTK,UBL,27-Apr-17,580,CE,0,0,0,252.45,172.1,0,0,0,0,17-Apr-17
OPTSTK,UBL,27-Apr-17,600,CE,0,0,0,232.8,152.1,0,0,0,0,17-Apr-17
OPTSTK,UBL,27-Apr-17,620,CE,0,0,0,213.3,132.15,0,0,0,0,17-Apr-17
OPTSTK,UBL,27-Apr-17,640,CE,0,0,0,193.9,112.2,0,0,0,0,17-Apr-17
OPTSTK,UBL,27-Apr-17,660,CE,0,0,0,174.7,92.2,0,0,0,0,17-Apr-17
OPTSTK,UBL,27-Apr-17,680,CE,0,0,0,155.9,72.25,0,0,0,0,17-Apr-17
OPTSTK,UBL,27-Apr-17,700,CE,0,0,0,137.6,52.45,0,0,0,0,17-Apr-17
OPTSTK,UBL,27-Apr-17,720,CE,0,0,0,120,33.5,0,0,0,0,17-Apr-17
OPTSTK,UBL,27-Apr-17,740,CE,0,0,0,24,17.55,0,0,4900,0,17-Apr-17
OPTSTK,UBL,27-Apr-17,760,CE,0,0,0,10.15,7,0,0,7000,0,17-Apr-17
OPTSTK,UBL,27-Apr-17,780,CE,0,0,0,8.25,2,0,0,8400,0,17-Apr-17
OPTSTK,UBL,27-Apr-17,800,CE,0,0,0,2.5,0.4,0,0,4200,0,17-Apr-17
OPTSTK,UBL,27-Apr-17,820,CE,0,0,0,49.2,0.05,0,0,0,0,17-Apr-17
OPTSTK,UBL,27-Apr-17,840,CE,0,0,0,39.35,0,0,0,0,0,17-Apr-17
OPTSTK,UBL,27-Apr-17,860,CE,0,0,0,30.95,0,0,0,0,0,17-Apr-17
OPTSTK,UBL,27-Apr-17,880,CE,0,0,0,24,0,0,0,0,0,17-Apr-17
OPTSTK,UBL,27-Apr-17,900,CE,0,0,0,18.35,0,0,0,0,0,17-Apr-17
OPTSTK,UBL,27-Apr-17,920,CE,0,0,0,13.8,0,0,0,0,0,17-Apr-17
OPTSTK,UBL,27-Apr-17,940,CE,0,0,0,10.25,0,0,0,0,0,17-Apr-17
OPTSTK,UBL,27-Apr-17,960,CE,0,0,0,7.5,0,0,0,0,0,17-Apr-17
OPTSTK,UBL,27-Apr-17,980,CE,0,0,0,5.4,0,0,0,0,0,17-Apr-17
OPTSTK,UBL,27-Apr-17,1000,CE,0,0,0,3.85,0,0,0,0,0,17-Apr-17
OPTSTK,UBL,27-Apr-17,1020,CE,0,0,0,2.7,0,0,0,0,0,17-Apr-17
OPTSTK,UBL,27-Apr-17,1040,CE,0,0,0,1.9,0,0,0,0,0,17-Apr-17
OPTSTK,UBL,27-Apr-17,1060,CE,0,0,0,1.3,0,0,0,0,0,17-Apr-17
OPTSTK,UBL,27-Apr-17,1080,CE,0,0,0,0.9,0,0,0,0,0,17-Apr-17
OPTSTK,UBL,27-Apr-17,1100,CE,0,0,0,0.6,0,0,0,0,0,17-Apr-17
OPTSTK,UBL,27-Apr-17,1120,CE,0,0,0,0.4,0,0,0,0,0,17-Apr-17
OPTSTK,UBL,27-Apr-17,1140,CE,0,0,0,0.25,0,0,0,0,0,17-Apr-17
OPTSTK,UBL,27-Apr-17,560,PE,0,0,0,0.05,0,0,0,0,0,17-Apr-17
OPTSTK,UBL,27-Apr-17,580,PE,0,0,0,0.05,0,0,0,0,0,17-Apr-17
OPTSTK,UBL,27-Apr-17,600,PE,0,0,0,0.1,0,0,0,0,0,17-Apr-17
OPTSTK,UBL,27-Apr-17,620,PE,0,0,0,0.25,0,0,0,0,0,17-Apr-17
OPTSTK,UBL,27-Apr-17,640,PE,0,0,0,0.55,0,0,0,0,0,17-Apr-17
OPTSTK,UBL,27-Apr-17,660,PE,0,0,0,1,0,0,0,1400,0,17-Apr-17
OPTSTK,UBL,27-Apr-17,680,PE,0,0,0,1.8,0.05,0,0,3500,0,17-Apr-17
OPTSTK,UBL,27-Apr-17,700,PE,1.55,1.6,1.55,1.6,1.6,3,14.73,15400,700,17-Apr-17
OPTSTK,UBL,27-Apr-17,720,PE,0,0,0,4.95,1.2,0,0,2800,0,17-Apr-17
OPTSTK,UBL,27-Apr-17,740,PE,7,7,7,7,7,1,5.22,8400,700,17-Apr-17
OPTSTK,UBL,27-Apr-17,760,PE,0,0,0,27.9,14.6,0,0,2800,0,17-Apr-17
OPTSTK,UBL,27-Apr-17,780,PE,0,0,0,22,29.6,0,0,1400,0,17-Apr-17
OPTSTK,UBL,27-Apr-17,800,PE,0,0,0,58,47.95,0,0,1400,0,17-Apr-17
OPTSTK,UBL,27-Apr-17,820,PE,0,0,0,43,67.6,0,0,700,0,17-Apr-17
OPTSTK,UBL,27-Apr-17,840,PE,0,0,0,58,87.5,0,0,700,0,17-Apr-17
OPTSTK,UBL,27-Apr-17,860,PE,0,0,0,75,107.45,0,0,700,0,17-Apr-17
OPTSTK,UBL,27-Apr-17,880,PE,0,0,0,66.7,127.45,0,0,0,0,17-Apr-17
OPTSTK,UBL,27-Apr-17,900,PE,0,0,0,80.7,147.4,0,0,0,0,17-Apr-17
OPTSTK,UBL,27-Apr-17,920,PE,0,0,0,95.85,167.35,0,0,0,0,17-Apr-17
OPTSTK,UBL,27-Apr-17,940,PE,0,0,0,112,187.35,0,0,0,0,17-Apr-17
OPTSTK,UBL,27-Apr-17,960,PE,0,0,0,128.9,207.3,0,0,0,0,17-Apr-17
OPTSTK,UBL,27-Apr-17,980,PE,0,0,0,146.5,227.25,0,0,0,0,17-Apr-17
OPTSTK,UBL,27-Apr-17,1000,PE,0,0,0,164.6,247.25,0,0,0,0,17-Apr-17
OPTSTK,UBL,27-Apr-17,1020,PE,0,0,0,183.1,267.2,0,0,0,0,17-Apr-17
OPTSTK,UBL,27-Apr-17,1040,PE,0,0,0,201.95,287.15,0,0,0,0,17-Apr-17
OPTSTK,UBL,27-Apr-17,1060,PE,0,0,0,221.05,307.1,0,0,0,0,17-Apr-17
OPTSTK,UBL,27-Apr-17,1080,PE,0,0,0,240.3,327.1,0,0,0,0,17-Apr-17
OPTSTK,UBL,27-Apr-17,1100,PE,0,0,0,259.7,347.05,0,0,0,0,17-Apr-17
OPTSTK,UBL,27-Apr-17,1120,PE,0,0,0,279.15,367,0,0,0,0,17-Apr-17
OPTSTK,UBL,27-Apr-17,1140,PE,0,0,0,298.7,387,0,0,0,0,17-Apr-17
OPTSTK,UBL,25-May-17,560,CE,0,0,0,234.9,194.85,0,0,0,0,17-Apr-17
OPTSTK,UBL,25-May-17,580,CE,0,0,0,215.3,175,0,0,0,0,17-Apr-17
OPTSTK,UBL,25-May-17,600,CE,0,0,0,195.8,155.1,0,0,0,0,17-Apr-17
OPTSTK,UBL,25-May-17,620,CE,0,0,0,176.45,135.25,0,0,0,0,17-Apr-17
OPTSTK,UBL,25-May-17,640,CE,0,0,0,157.4,115.5,0,0,0,0,17-Apr-17
OPTSTK,UBL,25-May-17,660,CE,0,0,0,138.8,95.9,0,0,0,0,17-Apr-17
OPTSTK,UBL,25-May-17,680,CE,0,0,0,120.85,76.8,0,0,0,0,17-Apr-17
OPTSTK,UBL,25-May-17,700,CE,0,0,0,103.75,58.8,0,0,0,0,17-Apr-17
OPTSTK,UBL,25-May-17,720,CE,0,0,0,87.75,42.55,0,0,0,0,17-Apr-17
OPTSTK,UBL,25-May-17,740,CE,0,0,0,73.1,28.9,0,0,0,0,17-Apr-17
OPTSTK,UBL,25-May-17,760,CE,0,0,0,59.8,18.25,0,0,0,0,17-Apr-17
OPTSTK,UBL,25-May-17,780,CE,0,0,0,48.15,10.7,0,0,0,0,17-Apr-17
OPTSTK,UBL,25-May-17,800,CE,0,0,0,38.1,5.8,0,0,0,0,17-Apr-17
OPTSTK,UBL,25-May-17,820,CE,0,0,0,29.65,2.9,0,0,0,0,17-Apr-17
OPTSTK,UBL,25-May-17,840,CE,0,0,0,22.65,1.35,0,0,0,0,17-Apr-17
OPTSTK,UBL,25-May-17,860,CE,0,0,0,17.05,0.6,0,0,0,0,17-Apr-17
OPTSTK,UBL,25-May-17,880,CE,0,0,0,12.6,0.25,0,0,0,0,17-Apr-17
OPTSTK,UBL,25-May-17,900,CE,0,0,0,9.2,0.1,0,0,0,0,17-Apr-17
OPTSTK,UBL,25-May-17,920,CE,0,0,0,6.6,0.05,0,0,0,0,17-Apr-17
OPTSTK,UBL,25-May-17,940,CE,0,0,0,4.65,0.05,0,0,0,0,17-Apr-17
OPTSTK,UBL,25-May-17,960,CE,0,0,0,3.25,0,0,0,0,0,17-Apr-17
OPTSTK,UBL,25-May-17,980,CE,0,0,0,2.2,0,0,0,0,0,17-Apr-17
OPTSTK,UBL,25-May-17,1000,CE,0,0,0,1.5,0,0,0,0,0,17-Apr-17
OPTSTK,UBL,25-May-17,1020,CE,0,0,0,1,0,0,0,0,0,17-Apr-17
OPTSTK,UBL,25-May-17,1040,CE,0,0,0,0.65,0,0,0,0,0,17-Apr-17
OPTSTK,UBL,25-May-17,1060,CE,0,0,0,0.45,0,0,0,0,0,17-Apr-17
OPTSTK,UBL,25-May-17,1080,CE,0,0,0,0.3,0,0,0,0,0,17-Apr-17
OPTSTK,UBL,25-May-17,1100,CE,0,0,0,0.2,0,0,0,0,0,17-Apr-17
OPTSTK,UBL,25-May-17,1120,CE,0,0,0,0.15,0,0,0,0,0,17-Apr-17
OPTSTK,UBL,25-May-17,1140,CE,0,0,0,0.1,0,0,0,0,0,17-Apr-17
OPTSTK,UBL,25-May-17,560,PE,0,0,0,0.05,0,0,0,0,0,17-Apr-17
OPTSTK,UBL,25-May-17,580,PE,0,0,0,0.15,0,0,0,0,0,17-Apr-17
OPTSTK,UBL,25-May-17,600,PE,0,0,0,0.3,0,0,0,0,0,17-Apr-17
OPTSTK,UBL,25-May-17,620,PE,0,0,0,0.65,0.05,0,0,0,0,17-Apr-17
OPTSTK,UBL,25-May-17,640,PE,0,0,0,1.3,0.1,0,0,0,0,17-Apr-17
OPTSTK,UBL,25-May-17,660,PE,0,0,0,2.4,0.4,0,0,0,0,17-Apr-17
OPTSTK,UBL,25-May-17,680,PE,0,0,0,4.1,1.15,0,0,0,0,17-Apr-17
OPTSTK,UBL,25-May-17,700,PE,0,0,0,6.7,3,0,0,0,0,17-Apr-17
OPTSTK,UBL,25-May-17,720,PE,0,0,0,10.4,6.65,0,0,0,0,17-Apr-17
OPTSTK,UBL,25-May-17,740,PE,0,0,0,15.4,12.85,0,0,0,0,17-Apr-17
OPTSTK,UBL,25-May-17,760,PE,0,0,0,21.85,22.1,0,0,0,0,17-Apr-17
OPTSTK,UBL,25-May-17,780,PE,0,0,0,29.9,34.35,0,0,0,0,17-Apr-17
OPTSTK,UBL,25-May-17,800,PE,0,0,0,39.5,49.35,0,0,0,0,17-Apr-17
OPTSTK,UBL,25-May-17,820,PE,0,0,0,50.75,66.3,0,0,0,0,17-Apr-17
OPTSTK,UBL,25-May-17,840,PE,0,0,0,63.45,84.6,0,0,0,0,17-Apr-17
OPTSTK,UBL,25-May-17,860,PE,0,0,0,77.5,103.75,0,0,0,0,17-Apr-17
OPTSTK,UBL,25-May-17,880,PE,0,0,0,92.75,123.25,0,0,0,0,17-Apr-17
OPTSTK,UBL,25-May-17,900,PE,0,0,0,109,143,0,0,0,0,17-Apr-17
OPTSTK,UBL,25-May-17,920,PE,0,0,0,126.1,162.8,0,0,0,0,17-Apr-17
OPTSTK,UBL,25-May-17,940,PE,0,0,0,143.85,182.65,0,0,0,0,17-Apr-17
OPTSTK,UBL,25-May-17,960,PE,0,0,0,162.1,202.5,0,0,0,0,17-Apr-17
OPTSTK,UBL,25-May-17,980,PE,0,0,0,180.8,222.35,0,0,0,0,17-Apr-17
OPTSTK,UBL,25-May-17,1000,PE,0,0,0,199.75,242.25,0,0,0,0,17-Apr-17
OPTSTK,UBL,25-May-17,1020,PE,0,0,0,218.95,262.1,0,0,0,0,17-Apr-17
OPTSTK,UBL,25-May-17,1040,PE,0,0,0,238.3,281.95,0,0,0,0,17-Apr-17
OPTSTK,UBL,25-May-17,1060,PE,0,0,0,257.75,301.8,0,0,0,0,17-Apr-17
OPTSTK,UBL,25-May-17,1080,PE,0,0,0,277.3,321.7,0,0,0,0,17-Apr-17
OPTSTK,UBL,25-May-17,1100,PE,0,0,0,296.9,341.55,0,0,0,0,17-Apr-17
OPTSTK,UBL,25-May-17,1120,PE,0,0,0,316.5,361.4,0,0,0,0,17-Apr-17
OPTSTK,UBL,25-May-17,1140,PE,0,0,0,336.15,381.3,0,0,0,0,17-Apr-17
OPTSTK,UBL,29-Jun-17,560,CE,0,0,0,228.4,198.3,0,0,0,0,17-Apr-17
OPTSTK,UBL,29-Jun-17,580,CE,0,0,0,208.75,178.6,0,0,0,0,17-Apr-17
OPTSTK,UBL,29-Jun-17,600,CE,0,0,0,189.05,158.9,0,0,0,0,17-Apr-17
OPTSTK,UBL,29-Jun-17,620,CE,0,0,0,169.4,139.4,0,0,0,0,17-Apr-17
OPTSTK,UBL,29-Jun-17,640,CE,0,0,0,149.8,120.1,0,0,0,0,17-Apr-17
OPTSTK,UBL,29-Jun-17,660,CE,0,0,0,130.25,101.35,0,0,0,0,17-Apr-17
OPTSTK,UBL,29-Jun-17,680,CE,0,0,0,110.95,83.45,0,0,0,0,17-Apr-17
OPTSTK,UBL,29-Jun-17,700,CE,0,0,0,92.15,66.85,0,0,0,0,17-Apr-17
OPTSTK,UBL,29-Jun-17,720,CE,0,0,0,74.25,51.85,0,0,0,0,17-Apr-17
OPTSTK,UBL,29-Jun-17,740,CE,0,0,0,57.7,38.95,0,0,0,0,17-Apr-17
OPTSTK,UBL,29-Jun-17,760,CE,0,0,0,43.1,28.2,0,0,0,0,17-Apr-17
OPTSTK,UBL,29-Jun-17,780,CE,0,0,0,30.8,19.7,0,0,0,0,17-Apr-17
OPTSTK,UBL,29-Jun-17,800,CE,0,0,0,20.95,13.25,0,0,0,0,17-Apr-17
OPTSTK,UBL,29-Jun-17,820,CE,0,0,0,13.6,8.6,0,0,0,0,17-Apr-17
OPTSTK,UBL,29-Jun-17,840,CE,0,0,0,8.4,5.4,0,0,0,0,17-Apr-17
OPTSTK,UBL,29-Jun-17,860,CE,0,0,0,4.95,3.25,0,0,0,0,17-Apr-17
OPTSTK,UBL,29-Jun-17,880,CE,0,0,0,2.75,1.9,0,0,0,0,17-Apr-17
OPTSTK,UBL,29-Jun-17,900,CE,0,0,0,1.5,1.05,0,0,0,0,17-Apr-17
OPTSTK,UBL,29-Jun-17,920,CE,0,0,0,0.75,0.6,0,0,0,0,17-Apr-17
OPTSTK,UBL,29-Jun-17,940,CE,0,0,0,0.35,0.3,0,0,0,0,17-Apr-17
OPTSTK,UBL,29-Jun-17,960,CE,0,0,0,0.2,0.15,0,0,0,0,17-Apr-17
OPTSTK,UBL,29-Jun-17,980,CE,0,0,0,0.1,0.1,0,0,0,0,17-Apr-17
OPTSTK,UBL,29-Jun-17,1000,CE,0,0,0,0.05,0.05,0,0,0,0,17-Apr-17
OPTSTK,UBL,29-Jun-17,1020,CE,0,0,0,0.05,0.05,0,0,0,0,17-Apr-17
OPTSTK,UBL,29-Jun-17,1040,CE,0,0,0,0.05,0.05,0,0,0,0,17-Apr-17
OPTSTK,UBL,29-Jun-17,1060,CE,0,0,0,0.05,0,0,0,0,0,17-Apr-17
OPTSTK,UBL,29-Jun-17,1080,CE,0,0,0,0.05,0,0,0,0,0,17-Apr-17
OPTSTK,UBL,29-Jun-17,1100,CE,0,0,0,0.05,0,0,0,0,0,17-Apr-17
OPTSTK,UBL,29-Jun-17,560,PE,0,0,0,0.05,0.05,0,0,0,0,17-Apr-17
OPTSTK,UBL,29-Jun-17,580,PE,0,0,0,0.05,0.05,0,0,0,0,17-Apr-17
OPTSTK,UBL,29-Jun-17,600,PE,0,0,0,0.05,0.1,0,0,0,0,17-Apr-17
OPTSTK,UBL,29-Jun-17,620,PE,0,0,0,0.05,0.3,0,0,0,0,17-Apr-17
OPTSTK,UBL,29-Jun-17,640,PE,0,0,0,0.1,0.8,0,0,0,0,17-Apr-17
OPTSTK,UBL,29-Jun-17,660,PE,0,0,0,0.2,1.8,0,0,0,0,17-Apr-17
OPTSTK,UBL,29-Jun-17,680,PE,0,0,0,0.6,3.65,0,0,0,0,17-Apr-17
OPTSTK,UBL,29-Jun-17,700,PE,0,0,0,1.45,6.75,0,0,0,0,17-Apr-17
OPTSTK,UBL,29-Jun-17,720,PE,0,0,0,3.2,11.5,0,0,0,0,17-Apr-17
OPTSTK,UBL,29-Jun-17,740,PE,0,0,0,6.35,18.35,0,0,0,0,17-Apr-17
OPTSTK,UBL,29-Jun-17,760,PE,0,0,0,11.4,27.35,0,0,0,0,17-Apr-17
OPTSTK,UBL,29-Jun-17,780,PE,0,0,0,18.75,38.55,0,0,0,0,17-Apr-17
OPTSTK,UBL,29-Jun-17,800,PE,0,0,0,28.65,51.85,0,0,0,0,17-Apr-17
OPTSTK,UBL,29-Jun-17,820,PE,0,0,0,40.95,66.95,0,0,0,0,17-Apr-17
OPTSTK,UBL,29-Jun-17,840,PE,0,0,0,55.4,83.5,0,0,0,0,17-Apr-17
OPTSTK,UBL,29-Jun-17,860,PE,0,0,0,71.6,101.1,0,0,0,0,17-Apr-17
OPTSTK,UBL,29-Jun-17,880,PE,0,0,0,89.1,119.5,0,0,0,0,17-Apr-17
OPTSTK,UBL,29-Jun-17,900,PE,0,0,0,107.5,138.4,0,0,0,0,17-Apr-17
OPTSTK,UBL,29-Jun-17,920,PE,0,0,0,126.45,157.65,0,0,0,0,17-Apr-17
OPTSTK,UBL,29-Jun-17,940,PE,0,0,0,145.7,177.15,0,0,0,0,17-Apr-17
OPTSTK,UBL,29-Jun-17,960,PE,0,0,0,165.2,196.7,0,0,0,0,17-Apr-17
OPTSTK,UBL,29-Jun-17,980,PE,0,0,0,184.8,216.4,0,0,0,0,17-Apr-17
OPTSTK,UBL,29-Jun-17,1000,PE,0,0,0,204.4,236.1,0,0,0,0,17-Apr-17
OPTSTK,UBL,29-Jun-17,1020,PE,0,0,0,224.05,255.8,0,0,0,0,17-Apr-17
OPTSTK,UBL,29-Jun-17,1040,PE,0,0,0,243.7,275.55,0,0,0,0,17-Apr-17
OPTSTK,UBL,29-Jun-17,1060,PE,0,0,0,263.4,295.3,0,0,0,0,17-Apr-17
OPTSTK,UBL,29-Jun-17,1080,PE,0,0,0,283.05,315,0,0,0,0,17-Apr-17
OPTSTK,UBL,29-Jun-17,1100,PE,0,0,0,302.75,334.75,0,0,0,0,17-Apr-17
OPTSTK,UJJIVAN,27-Apr-17,300,CE,0,0,0,131.65,98.3,0,0,0,0,17-Apr-17
OPTSTK,UJJIVAN,27-Apr-17,310,CE,0,0,0,121.7,88.3,0,0,0,0,17-Apr-17
OPTSTK,UJJIVAN,27-Apr-17,320,CE,0,0,0,111.75,78.35,0,0,0,0,17-Apr-17
OPTSTK,UJJIVAN,27-Apr-17,330,CE,0,0,0,101.85,68.35,0,0,0,0,17-Apr-17
OPTSTK,UJJIVAN,27-Apr-17,340,CE,0,0,0,91.9,58.4,0,0,0,0,17-Apr-17
OPTSTK,UJJIVAN,27-Apr-17,350,CE,0,0,0,82.1,48.5,0,0,0,0,17-Apr-17
OPTSTK,UJJIVAN,27-Apr-17,360,CE,0,0,0,72.35,38.8,0,0,0,0,17-Apr-17
OPTSTK,UJJIVAN,27-Apr-17,370,CE,0,0,0,28.85,29.55,0,0,1200,0,17-Apr-17
OPTSTK,UJJIVAN,27-Apr-17,380,CE,0,0,0,27.7,21.15,0,0,2400,0,17-Apr-17
OPTSTK,UJJIVAN,27-Apr-17,390,CE,0,0,0,9,14.1,0,0,16800,0,17-Apr-17
OPTSTK,UJJIVAN,27-Apr-17,400,CE,9.6,9.6,9,9.5,9.5,3,14.73,126000,-2400,17-Apr-17
OPTSTK,UJJIVAN,27-Apr-17,410,CE,6,6,6,6,6,1,4.99,72000,-1200,17-Apr-17
OPTSTK,UJJIVAN,27-Apr-17,420,CE,4.75,6.1,4.5,5.7,5.7,10,51.05,156000,-2400,17-Apr-17
OPTSTK,UJJIVAN,27-Apr-17,430,CE,3,3.4,2,3.15,3.15,7,36.36,87600,-7200,17-Apr-17
OPTSTK,UJJIVAN,27-Apr-17,440,CE,3,3,2,2,2,4,21.22,141600,-4800,17-Apr-17
OPTSTK,UJJIVAN,27-Apr-17,450,CE,0,0,0,1.05,0.2,0,0,99600,0,17-Apr-17
OPTSTK,UJJIVAN,27-Apr-17,460,CE,0.1,0.55,0.1,0.55,0.55,2,11.04,97200,-1200,17-Apr-17
OPTSTK,UJJIVAN,27-Apr-17,470,CE,0,0,0,4.5,0.05,0,0,0,0,17-Apr-17
OPTSTK,UJJIVAN,27-Apr-17,480,CE,0,0,0,0.65,0.05,0,0,60000,0,17-Apr-17
OPTSTK,UJJIVAN,27-Apr-17,490,CE,0,0,0,1.95,0,0,0,0,0,17-Apr-17
OPTSTK,UJJIVAN,27-Apr-17,500,CE,0.3,0.3,0.3,0.3,0.3,1,6,166800,-1200,17-Apr-17
OPTSTK,UJJIVAN,27-Apr-17,510,CE,0,0,0,0.75,0,0,0,0,0,17-Apr-17
OPTSTK,UJJIVAN,27-Apr-17,520,CE,0.1,0.1,0.1,0.1,0.1,3,18.72,94800,-3600,17-Apr-17
OPTSTK,UJJIVAN,27-Apr-17,300,PE,0,0,0,0.05,0,0,0,0,0,17-Apr-17
OPTSTK,UJJIVAN,27-Apr-17,310,PE,0,0,0,0.05,0,0,0,0,0,17-Apr-17
OPTSTK,UJJIVAN,27-Apr-17,320,PE,0,0,0,0.1,0,0,0,0,0,17-Apr-17
OPTSTK,UJJIVAN,27-Apr-17,330,PE,0.05,0.05,0.05,0.05,0.05,1,3.96,0,-1200,17-Apr-17
OPTSTK,UJJIVAN,27-Apr-17,340,PE,0,0,0,1.25,0.05,0,0,2400,0,17-Apr-17
OPTSTK,UJJIVAN,27-Apr-17,350,PE,0,0,0,2,0.15,0,0,14400,0,17-Apr-17
OPTSTK,UJJIVAN,27-Apr-17,360,PE,0,0,0,4,0.4,0,0,8400,0,17-Apr-17
OPTSTK,UJJIVAN,27-Apr-17,370,PE,0,0,0,4,1.15,0,0,45600,0,17-Apr-17
OPTSTK,UJJIVAN,27-Apr-17,380,PE,0,0,0,5,2.75,0,0,114000,0,17-Apr-17
OPTSTK,UJJIVAN,27-Apr-17,390,PE,0,0,0,16.3,5.65,0,0,12000,0,17-Apr-17
OPTSTK,UJJIVAN,27-Apr-17,400,PE,20.2,20.2,20.2,20.2,20.2,1,5.04,118800,-1200,17-Apr-17
OPTSTK,UJJIVAN,27-Apr-17,410,PE,0,0,0,23,16.35,0,0,18000,0,17-Apr-17
OPTSTK,UJJIVAN,27-Apr-17,420,PE,0,0,0,28.5,24,0,0,36000,0,17-Apr-17
OPTSTK,UJJIVAN,27-Apr-17,430,PE,0,0,0,31.6,32.65,0,0,3600,0,17-Apr-17
OPTSTK,UJJIVAN,27-Apr-17,440,PE,0,0,0,46,41.95,0,0,6000,0,17-Apr-17
OPTSTK,UJJIVAN,27-Apr-17,450,PE,0,0,0,45,51.65,0,0,1200,0,17-Apr-17
OPTSTK,UJJIVAN,27-Apr-17,460,PE,0,0,0,34.15,61.55,0,0,0,0,17-Apr-17
OPTSTK,UJJIVAN,27-Apr-17,470,PE,0,0,0,42,71.45,0,0,0,0,17-Apr-17
OPTSTK,UJJIVAN,27-Apr-17,480,PE,0,0,0,50.45,81.45,0,0,0,0,17-Apr-17
OPTSTK,UJJIVAN,27-Apr-17,490,PE,0,0,0,59.35,91.4,0,0,0,0,17-Apr-17
OPTSTK,UJJIVAN,27-Apr-17,500,PE,0,0,0,68.6,101.4,0,0,0,0,17-Apr-17
OPTSTK,UJJIVAN,27-Apr-17,510,PE,0,0,0,78.1,111.4,0,0,0,0,17-Apr-17
OPTSTK,UJJIVAN,27-Apr-17,520,PE,0,0,0,87.75,121.35,0,0,0,0,17-Apr-17
OPTSTK,UJJIVAN,25-May-17,300,CE,0,0,0,133.25,99.85,0,0,0,0,17-Apr-17
OPTSTK,UJJIVAN,25-May-17,310,CE,0,0,0,123.4,90.05,0,0,0,0,17-Apr-17
OPTSTK,UJJIVAN,25-May-17,320,CE,0,0,0,113.65,80.3,0,0,0,0,17-Apr-17
OPTSTK,UJJIVAN,25-May-17,330,CE,0,0,0,103.9,70.8,0,0,0,0,17-Apr-17
OPTSTK,UJJIVAN,25-May-17,340,CE,0,0,0,94.35,61.55,0,0,0,0,17-Apr-17
OPTSTK,UJJIVAN,25-May-17,350,CE,0,0,0,84.95,52.65,0,0,0,0,17-Apr-17
OPTSTK,UJJIVAN,25-May-17,360,CE,0,0,0,75.8,44.35,0,0,0,0,17-Apr-17
OPTSTK,UJJIVAN,25-May-17,370,CE,0,0,0,67,36.7,0,0,0,0,17-Apr-17
OPTSTK,UJJIVAN,25-May-17,380,CE,0,0,0,58.6,29.75,0,0,0,0,17-Apr-17
OPTSTK,UJJIVAN,25-May-17,390,CE,0,0,0,50.7,23.65,0,0,0,0,17-Apr-17
OPTSTK,UJJIVAN,25-May-17,400,CE,0,0,0,43.4,18.45,0,0,0,0,17-Apr-17
OPTSTK,UJJIVAN,25-May-17,410,CE,0,0,0,36.7,14.1,0,0,0,0,17-Apr-17
OPTSTK,UJJIVAN,25-May-17,420,CE,0,0,0,30.65,10.55,0,0,0,0,17-Apr-17
OPTSTK,UJJIVAN,25-May-17,430,CE,0,0,0,25.35,7.75,0,0,0,0,17-Apr-17
OPTSTK,UJJIVAN,25-May-17,440,CE,0,0,0,20.7,5.6,0,0,0,0,17-Apr-17
OPTSTK,UJJIVAN,25-May-17,450,CE,0,0,0,16.7,3.95,0,0,0,0,17-Apr-17
OPTSTK,UJJIVAN,25-May-17,460,CE,0,0,0,13.3,2.75,0,0,0,0,17-Apr-17
OPTSTK,UJJIVAN,25-May-17,470,CE,0,0,0,10.5,1.85,0,0,0,0,17-Apr-17
OPTSTK,UJJIVAN,25-May-17,480,CE,0,0,0,8.15,1.25,0,0,0,0,17-Apr-17
OPTSTK,UJJIVAN,25-May-17,490,CE,0,0,0,6.3,0.85,0,0,0,0,17-Apr-17
OPTSTK,UJJIVAN,25-May-17,500,CE,0,0,0,4.8,0.55,0,0,0,0,17-Apr-17
OPTSTK,UJJIVAN,25-May-17,510,CE,0,0,0,3.65,0.35,0,0,0,0,17-Apr-17
OPTSTK,UJJIVAN,25-May-17,520,CE,0,0,0,2.7,0.25,0,0,0,0,17-Apr-17
OPTSTK,UJJIVAN,25-May-17,300,PE,0,0,0,0.05,0.1,0,0,0,0,17-Apr-17
OPTSTK,UJJIVAN,25-May-17,310,PE,0,0,0,0.1,0.2,0,0,0,0,17-Apr-17
OPTSTK,UJJIVAN,25-May-17,320,PE,0,0,0,0.2,0.4,0,0,0,0,17-Apr-17
OPTSTK,UJJIVAN,25-May-17,330,PE,0,0,0,0.4,0.8,0,0,0,0,17-Apr-17
OPTSTK,UJJIVAN,25-May-17,340,PE,0,0,0,0.7,1.5,0,0,0,0,17-Apr-17
OPTSTK,UJJIVAN,25-May-17,350,PE,0,0,0,1.2,2.55,0,0,0,0,17-Apr-17
OPTSTK,UJJIVAN,25-May-17,360,PE,0,0,0,1.95,4.15,0,0,0,0,17-Apr-17
OPTSTK,UJJIVAN,25-May-17,370,PE,0,0,0,3.05,6.45,0,0,0,0,17-Apr-17
OPTSTK,UJJIVAN,25-May-17,380,PE,0,0,0,4.55,9.45,0,0,0,0,17-Apr-17
OPTSTK,UJJIVAN,25-May-17,390,PE,0,0,0,6.6,13.3,0,0,0,0,17-Apr-17
OPTSTK,UJJIVAN,25-May-17,400,PE,0,0,0,9.15,18,0,0,0,0,17-Apr-17
OPTSTK,UJJIVAN,25-May-17,410,PE,0,0,0,12.35,23.6,0,0,0,0,17-Apr-17
OPTSTK,UJJIVAN,25-May-17,420,PE,0,0,0,16.25,29.95,0,0,0,0,17-Apr-17
OPTSTK,UJJIVAN,25-May-17,430,PE,0,0,0,20.8,37.1,0,0,0,0,17-Apr-17
OPTSTK,UJJIVAN,25-May-17,440,PE,0,0,0,26.05,44.85,0,0,0,0,17-Apr-17
OPTSTK,UJJIVAN,25-May-17,450,PE,0,0,0,31.95,53.15,0,0,0,0,17-Apr-17
OPTSTK,UJJIVAN,25-May-17,460,PE,0,0,0,38.45,61.9,0,0,0,0,17-Apr-17
OPTSTK,UJJIVAN,25-May-17,470,PE,0,0,0,45.55,70.95,0,0,0,0,17-Apr-17
OPTSTK,UJJIVAN,25-May-17,480,PE,0,0,0,53.15,80.25,0,0,0,0,17-Apr-17
OPTSTK,UJJIVAN,25-May-17,490,PE,0,0,0,61.15,89.75,0,0,0,0,17-Apr-17
OPTSTK,UJJIVAN,25-May-17,500,PE,0,0,0,69.55,99.4,0,0,0,0,17-Apr-17
OPTSTK,UJJIVAN,25-May-17,510,PE,0,0,0,78.3,109.15,0,0,0,0,17-Apr-17
OPTSTK,UJJIVAN,25-May-17,520,PE,0,0,0,87.25,118.95,0,0,0,0,17-Apr-17
OPTSTK,UJJIVAN,29-Jun-17,300,CE,0,0,0,135.4,102.35,0,0,0,0,17-Apr-17
OPTSTK,UJJIVAN,29-Jun-17,310,CE,0,0,0,125.8,92.95,0,0,0,0,17-Apr-17
OPTSTK,UJJIVAN,29-Jun-17,320,CE,0,0,0,116.3,83.75,0,0,0,0,17-Apr-17
OPTSTK,UJJIVAN,29-Jun-17,330,CE,0,0,0,106.95,74.9,0,0,0,0,17-Apr-17
OPTSTK,UJJIVAN,29-Jun-17,340,CE,0,0,0,97.85,66.4,0,0,0,0,17-Apr-17
OPTSTK,UJJIVAN,29-Jun-17,350,CE,0,0,0,88.95,58.4,0,0,0,0,17-Apr-17
OPTSTK,UJJIVAN,29-Jun-17,360,CE,0,0,0,80.4,50.85,0,0,0,0,17-Apr-17
OPTSTK,UJJIVAN,29-Jun-17,370,CE,0,0,0,72.2,43.85,0,0,0,0,17-Apr-17
OPTSTK,UJJIVAN,29-Jun-17,380,CE,0,0,0,64.45,37.5,0,0,0,0,17-Apr-17
OPTSTK,UJJIVAN,29-Jun-17,390,CE,0,0,0,57.15,31.75,0,0,0,0,17-Apr-17
OPTSTK,UJJIVAN,29-Jun-17,400,CE,0,0,0,50.3,26.65,0,0,0,0,17-Apr-17
OPTSTK,UJJIVAN,29-Jun-17,410,CE,0,0,0,44,22.15,0,0,0,0,17-Apr-17
OPTSTK,UJJIVAN,29-Jun-17,420,CE,0,0,0,38.2,18.25,0,0,0,0,17-Apr-17
OPTSTK,UJJIVAN,29-Jun-17,430,CE,0,0,0,32.95,14.9,0,0,0,0,17-Apr-17
OPTSTK,UJJIVAN,29-Jun-17,440,CE,0,0,0,28.25,12.05,0,0,0,0,17-Apr-17
OPTSTK,UJJIVAN,29-Jun-17,450,CE,0,0,0,24.05,9.7,0,0,0,0,17-Apr-17
OPTSTK,UJJIVAN,29-Jun-17,460,CE,0,0,0,20.35,7.7,0,0,0,0,17-Apr-17
OPTSTK,UJJIVAN,29-Jun-17,470,CE,0,0,0,17.15,6.1,0,0,0,0,17-Apr-17
OPTSTK,UJJIVAN,29-Jun-17,480,CE,0,0,0,14.3,4.8,0,0,0,0,17-Apr-17
OPTSTK,UJJIVAN,29-Jun-17,490,CE,0,0,0,11.95,3.7,0,0,0,0,17-Apr-17
OPTSTK,UJJIVAN,29-Jun-17,500,CE,0,0,0,9.85,2.9,0,0,0,0,17-Apr-17
OPTSTK,UJJIVAN,29-Jun-17,510,CE,0,0,0,8.1,2.2,0,0,0,0,17-Apr-17
OPTSTK,UJJIVAN,29-Jun-17,520,CE,0,0,0,6.65,1.7,0,0,0,0,17-Apr-17
OPTSTK,UJJIVAN,29-Jun-17,300,PE,0,0,0,0.3,0.7,0,0,0,0,17-Apr-17
OPTSTK,UJJIVAN,29-Jun-17,310,PE,0,0,0,0.55,1.2,0,0,0,0,17-Apr-17
OPTSTK,UJJIVAN,29-Jun-17,320,PE,0,0,0,0.9,1.9,0,0,0,0,17-Apr-17
OPTSTK,UJJIVAN,29-Jun-17,330,PE,0,0,0,1.4,2.9,0,0,0,0,17-Apr-17
OPTSTK,UJJIVAN,29-Jun-17,340,PE,0,0,0,2.1,4.3,0,0,0,0,17-Apr-17
OPTSTK,UJJIVAN,29-Jun-17,350,PE,0,0,0,3.05,6.1,0,0,0,0,17-Apr-17
OPTSTK,UJJIVAN,29-Jun-17,360,PE,0,0,0,4.3,8.45,0,0,0,0,17-Apr-17
OPTSTK,UJJIVAN,29-Jun-17,370,PE,0,0,0,5.95,11.35,0,0,0,0,17-Apr-17
OPTSTK,UJJIVAN,29-Jun-17,380,PE,0,0,0,8,14.85,0,0,0,0,17-Apr-17
OPTSTK,UJJIVAN,29-Jun-17,390,PE,0,0,0,10.55,19,0,0,0,0,17-Apr-17
OPTSTK,UJJIVAN,29-Jun-17,400,PE,0,0,0,13.55,23.75,0,0,0,0,17-Apr-17
OPTSTK,UJJIVAN,29-Jun-17,410,PE,0,0,0,17.05,29.1,0,0,0,0,17-Apr-17
OPTSTK,UJJIVAN,29-Jun-17,420,PE,0,0,0,21.15,35.05,0,0,0,0,17-Apr-17
OPTSTK,UJJIVAN,29-Jun-17,430,PE,0,0,0,25.75,41.6,0,0,0,0,17-Apr-17
OPTSTK,UJJIVAN,29-Jun-17,440,PE,0,0,0,30.85,48.6,0,0,0,0,17-Apr-17
OPTSTK,UJJIVAN,29-Jun-17,450,PE,0,0,0,36.5,56.15,0,0,0,0,17-Apr-17
OPTSTK,UJJIVAN,29-Jun-17,460,PE,0,0,0,42.65,64,0,0,0,0,17-Apr-17
OPTSTK,UJJIVAN,29-Jun-17,470,PE,0,0,0,49.25,72.25,0,0,0,0,17-Apr-17
OPTSTK,UJJIVAN,29-Jun-17,480,PE,0,0,0,56.25,80.85,0,0,0,0,17-Apr-17
OPTSTK,UJJIVAN,29-Jun-17,490,PE,0,0,0,63.7,89.65,0,0,0,0,17-Apr-17
OPTSTK,UJJIVAN,29-Jun-17,500,PE,0,0,0,71.45,98.65,0,0,0,0,17-Apr-17
OPTSTK,UJJIVAN,29-Jun-17,510,PE,0,0,0,79.55,107.85,0,0,0,0,17-Apr-17
OPTSTK,UJJIVAN,29-Jun-17,520,PE,0,0,0,87.9,117.2,0,0,0,0,17-Apr-17
OPTSTK,ULTRACEMCO,27-Apr-17,2700,CE,0,0,0,1031.6,1304.55,0,0,0,0,17-Apr-17
OPTSTK,ULTRACEMCO,27-Apr-17,2750,CE,0,0,0,984.55,1254.65,0,0,0,0,17-Apr-17
OPTSTK,ULTRACEMCO,27-Apr-17,2800,CE,0,0,0,938.05,1204.75,0,0,0,0,17-Apr-17
OPTSTK,ULTRACEMCO,27-Apr-17,2850,CE,0,0,0,892.1,1154.85,0,0,0,0,17-Apr-17
OPTSTK,ULTRACEMCO,27-Apr-17,2900,CE,0,0,0,846.85,1104.9,0,0,0,0,17-Apr-17
OPTSTK,ULTRACEMCO,27-Apr-17,2950,CE,0,0,0,802.35,1055,0,0,0,0,17-Apr-17
OPTSTK,ULTRACEMCO,27-Apr-17,3000,CE,0,0,0,758.7,1005.1,0,0,0,0,17-Apr-17
OPTSTK,ULTRACEMCO,27-Apr-17,3050,CE,0,0,0,715.95,955.2,0,0,0,0,17-Apr-17
OPTSTK,ULTRACEMCO,27-Apr-17,3100,CE,0,0,0,674.3,905.25,0,0,0,0,17-Apr-17
OPTSTK,ULTRACEMCO,27-Apr-17,3150,CE,0,0,0,633.7,855.35,0,0,0,0,17-Apr-17
OPTSTK,ULTRACEMCO,27-Apr-17,3200,CE,0,0,0,594.3,805.45,0,0,0,0,17-Apr-17
OPTSTK,ULTRACEMCO,27-Apr-17,3250,CE,0,0,0,556.2,755.55,0,0,0,0,17-Apr-17
OPTSTK,ULTRACEMCO,27-Apr-17,3300,CE,0,0,0,519.5,705.6,0,0,0,0,17-Apr-17
OPTSTK,ULTRACEMCO,27-Apr-17,3350,CE,0,0,0,484,655.7,0,0,0,0,17-Apr-17
OPTSTK,ULTRACEMCO,27-Apr-17,3400,CE,0,0,0,449.85,605.8,0,0,0,0,17-Apr-17
OPTSTK,ULTRACEMCO,27-Apr-17,3450,CE,0,0,0,417.35,555.9,0,0,0,0,17-Apr-17
OPTSTK,ULTRACEMCO,27-Apr-17,3500,CE,0,0,0,386.35,505.95,0,0,0,0,17-Apr-17
OPTSTK,ULTRACEMCO,27-Apr-17,3550,CE,0,0,0,356.9,456.05,0,0,0,0,17-Apr-17
OPTSTK,ULTRACEMCO,27-Apr-17,3600,CE,0,0,0,380,406.15,0,0,400,0,17-Apr-17
OPTSTK,ULTRACEMCO,27-Apr-17,3650,CE,0,0,0,302.55,356.25,0,0,0,0,17-Apr-17
OPTSTK,ULTRACEMCO,27-Apr-17,3700,CE,0,0,0,320,306.4,0,0,400,0,17-Apr-17
OPTSTK,ULTRACEMCO,27-Apr-17,3750,CE,0,0,0,260,256.85,0,0,400,0,17-Apr-17
OPTSTK,ULTRACEMCO,27-Apr-17,3800,CE,0,0,0,232.4,208,0,0,0,0,17-Apr-17
OPTSTK,ULTRACEMCO,27-Apr-17,3850,CE,0,0,0,212,161,0,0,0,0,17-Apr-17
OPTSTK,ULTRACEMCO,27-Apr-17,3900,CE,0,0,0,204.6,117.55,0,0,800,0,17-Apr-17
OPTSTK,ULTRACEMCO,27-Apr-17,3950,CE,0,0,0,175.25,79.85,0,0,0,0,17-Apr-17
OPTSTK,ULTRACEMCO,27-Apr-17,4000,CE,82,82,68,68,68,5,40.73,6600,600,17-Apr-17
OPTSTK,ULTRACEMCO,27-Apr-17,4050,CE,56,58.1,48,49.2,49.2,19,155.95,8000,2000,17-Apr-17
OPTSTK,ULTRACEMCO,27-Apr-17,4100,CE,32.8,40.55,30.25,31.6,31.6,24,198.5,13800,1600,17-Apr-17
OPTSTK,ULTRACEMCO,27-Apr-17,4150,CE,26,27,21,21,21,8,66.79,3600,1000,17-Apr-17
OPTSTK,ULTRACEMCO,27-Apr-17,4200,CE,18.6,18.8,13.3,13.65,13.65,25,210.81,13800,-1600,17-Apr-17
OPTSTK,ULTRACEMCO,27-Apr-17,4250,CE,0,0,0,19.05,0.95,0,0,2000,0,17-Apr-17
OPTSTK,ULTRACEMCO,27-Apr-17,4300,CE,0,0,0,8,0.3,0,0,6800,0,17-Apr-17
OPTSTK,ULTRACEMCO,27-Apr-17,4350,CE,0,0,0,75.95,0.1,0,0,0,0,17-Apr-17
OPTSTK,ULTRACEMCO,27-Apr-17,4400,CE,0,0,0,15.35,0.05,0,0,600,0,17-Apr-17
OPTSTK,ULTRACEMCO,27-Apr-17,4450,CE,0,0,0,60.55,0,0,0,0,0,17-Apr-17
OPTSTK,ULTRACEMCO,27-Apr-17,4500,CE,0,0,0,53.9,0,0,0,0,0,17-Apr-17
OPTSTK,ULTRACEMCO,27-Apr-17,4550,CE,0,0,0,47.95,0,0,0,0,0,17-Apr-17
OPTSTK,ULTRACEMCO,27-Apr-17,4600,CE,0,0,0,42.55,0,0,0,0,0,17-Apr-17
OPTSTK,ULTRACEMCO,27-Apr-17,2700,PE,0,0,0,6.85,0,0,0,0,0,17-Apr-17
OPTSTK,ULTRACEMCO,27-Apr-17,2750,PE,0,0,0,9,0,0,0,0,0,17-Apr-17
OPTSTK,ULTRACEMCO,27-Apr-17,2800,PE,0,0,0,11.65,0,0,0,0,0,17-Apr-17
OPTSTK,ULTRACEMCO,27-Apr-17,2850,PE,0,0,0,14.9,0,0,0,0,0,17-Apr-17
OPTSTK,ULTRACEMCO,27-Apr-17,2900,PE,0,0,0,18.8,0,0,0,0,0,17-Apr-17
OPTSTK,ULTRACEMCO,27-Apr-17,2950,PE,0,0,0,23.5,0,0,0,0,0,17-Apr-17
OPTSTK,ULTRACEMCO,27-Apr-17,3000,PE,0,0,0,29.05,0,0,0,0,0,17-Apr-17
OPTSTK,ULTRACEMCO,27-Apr-17,3050,PE,0,0,0,35.5,0,0,0,0,0,17-Apr-17
OPTSTK,ULTRACEMCO,27-Apr-17,3100,PE,0,0,0,43,0,0,0,0,0,17-Apr-17
OPTSTK,ULTRACEMCO,27-Apr-17,3150,PE,0,0,0,51.6,0,0,0,0,0,17-Apr-17
OPTSTK,ULTRACEMCO,27-Apr-17,3200,PE,0,0,0,61.35,0,0,0,0,0,17-Apr-17
OPTSTK,ULTRACEMCO,27-Apr-17,3250,PE,0,0,0,72.4,0,0,0,0,0,17-Apr-17
OPTSTK,ULTRACEMCO,27-Apr-17,3300,PE,0,0,0,84.9,0,0,0,0,0,17-Apr-17
OPTSTK,ULTRACEMCO,27-Apr-17,3350,PE,0,0,0,98.6,0,0,0,0,0,17-Apr-17
OPTSTK,ULTRACEMCO,27-Apr-17,3400,PE,0,0,0,113.65,0,0,0,0,0,17-Apr-17
OPTSTK,ULTRACEMCO,27-Apr-17,3450,PE,0,0,0,130.3,0,0,0,0,0,17-Apr-17
OPTSTK,ULTRACEMCO,27-Apr-17,3500,PE,0,0,0,50,0,0,0,200,0,17-Apr-17
OPTSTK,ULTRACEMCO,27-Apr-17,3550,PE,0,0,0,168.2,0,0,0,0,0,17-Apr-17
OPTSTK,ULTRACEMCO,27-Apr-17,3600,PE,0,0,0,6,0,0,0,400,0,17-Apr-17
OPTSTK,ULTRACEMCO,27-Apr-17,3650,PE,0,0,0,20.1,0.05,0,0,400,0,17-Apr-17
OPTSTK,ULTRACEMCO,27-Apr-17,3700,PE,0,0,0,10,0.1,0,0,2200,0,17-Apr-17
OPTSTK,ULTRACEMCO,27-Apr-17,3750,PE,0,0,0,262.35,0.45,0,0,0,0,17-Apr-17
OPTSTK,ULTRACEMCO,27-Apr-17,3800,PE,0,0,0,9.9,1.55,0,0,800,0,17-Apr-17
OPTSTK,ULTRACEMCO,27-Apr-17,3850,PE,9,9,9,9,9,2,15.43,3800,0,17-Apr-17
OPTSTK,ULTRACEMCO,27-Apr-17,3900,PE,20,22,19,20,20,6,47.04,5800,800,17-Apr-17
OPTSTK,ULTRACEMCO,27-Apr-17,3950,PE,29.15,35.5,28.45,34.5,34.5,5,39.81,1200,600,17-Apr-17
OPTSTK,ULTRACEMCO,27-Apr-17,4000,PE,51,51,48.3,50.35,50.35,4,32.4,17400,-600,17-Apr-17
OPTSTK,ULTRACEMCO,27-Apr-17,4050,PE,75,75,75,75,75,1,8.25,2000,-200,17-Apr-17
OPTSTK,ULTRACEMCO,27-Apr-17,4100,PE,0,0,0,99.45,107.4,0,0,2800,0,17-Apr-17
OPTSTK,ULTRACEMCO,27-Apr-17,4150,PE,0,0,0,99,149.45,0,0,800,0,17-Apr-17
OPTSTK,ULTRACEMCO,27-Apr-17,4200,PE,0,0,0,135,195.5,0,0,600,0,17-Apr-17
OPTSTK,ULTRACEMCO,27-Apr-17,4250,PE,0,0,0,594.6,243.7,0,0,0,0,17-Apr-17
OPTSTK,ULTRACEMCO,27-Apr-17,4300,PE,0,0,0,205,293,0,0,200,0,17-Apr-17
OPTSTK,ULTRACEMCO,27-Apr-17,4350,PE,0,0,0,674.15,342.7,0,0,0,0,17-Apr-17
OPTSTK,ULTRACEMCO,27-Apr-17,4400,PE,0,0,0,715.25,392.55,0,0,0,0,17-Apr-17
OPTSTK,ULTRACEMCO,27-Apr-17,4450,PE,0,0,0,757.1,442.45,0,0,0,0,17-Apr-17
OPTSTK,ULTRACEMCO,27-Apr-17,4500,PE,0,0,0,799.65,492.35,0,0,0,0,17-Apr-17
OPTSTK,ULTRACEMCO,27-Apr-17,4550,PE,0,0,0,842.85,542.25,0,0,0,0,17-Apr-17
OPTSTK,ULTRACEMCO,27-Apr-17,4600,PE,0,0,0,886.65,592.15,0,0,0,0,17-Apr-17
OPTSTK,ULTRACEMCO,25-May-17,2800,CE,0,0,0,1030.4,1218.75,0,0,0,0,17-Apr-17
OPTSTK,ULTRACEMCO,25-May-17,2850,CE,0,0,0,981.4,1169.1,0,0,0,0,17-Apr-17
OPTSTK,ULTRACEMCO,25-May-17,2900,CE,0,0,0,932.55,1119.45,0,0,0,0,17-Apr-17
OPTSTK,ULTRACEMCO,25-May-17,2950,CE,0,0,0,883.85,1069.75,0,0,0,0,17-Apr-17
OPTSTK,ULTRACEMCO,25-May-17,3000,CE,0,0,0,835.4,1020.1,0,0,0,0,17-Apr-17
OPTSTK,ULTRACEMCO,25-May-17,3050,CE,0,0,0,787.25,970.45,0,0,0,0,17-Apr-17
OPTSTK,ULTRACEMCO,25-May-17,3100,CE,0,0,0,739.55,920.8,0,0,0,0,17-Apr-17
OPTSTK,ULTRACEMCO,25-May-17,3150,CE,0,0,0,692.35,871.1,0,0,0,0,17-Apr-17
OPTSTK,ULTRACEMCO,25-May-17,3200,CE,0,0,0,645.85,821.45,0,0,0,0,17-Apr-17
OPTSTK,ULTRACEMCO,25-May-17,3250,CE,0,0,0,600.2,771.8,0,0,0,0,17-Apr-17
OPTSTK,ULTRACEMCO,25-May-17,3300,CE,0,0,0,555.5,722.15,0,0,0,0,17-Apr-17
OPTSTK,ULTRACEMCO,25-May-17,3350,CE,0,0,0,511.95,672.5,0,0,0,0,17-Apr-17
OPTSTK,ULTRACEMCO,25-May-17,3400,CE,0,0,0,469.7,622.9,0,0,0,0,17-Apr-17
OPTSTK,ULTRACEMCO,25-May-17,3450,CE,0,0,0,429,573.35,0,0,0,0,17-Apr-17
OPTSTK,ULTRACEMCO,25-May-17,3500,CE,0,0,0,389.9,523.95,0,0,0,0,17-Apr-17
OPTSTK,ULTRACEMCO,25-May-17,3550,CE,0,0,0,352.8,474.8,0,0,0,0,17-Apr-17
OPTSTK,ULTRACEMCO,25-May-17,3600,CE,0,0,0,317.3,426.05,0,0,0,0,17-Apr-17
OPTSTK,ULTRACEMCO,25-May-17,3650,CE,0,0,0,284.05,378.1,0,0,0,0,17-Apr-17
OPTSTK,ULTRACEMCO,25-May-17,3700,CE,0,0,0,252.95,331.25,0,0,0,0,17-Apr-17
OPTSTK,ULTRACEMCO,25-May-17,3750,CE,0,0,0,224.1,286.05,0,0,0,0,17-Apr-17
OPTSTK,ULTRACEMCO,25-May-17,3800,CE,0,0,0,197.45,243,0,0,0,0,17-Apr-17
OPTSTK,ULTRACEMCO,25-May-17,3850,CE,0,0,0,173,202.75,0,0,0,0,17-Apr-17
OPTSTK,ULTRACEMCO,25-May-17,3900,CE,0,0,0,150.75,165.85,0,0,0,0,17-Apr-17
OPTSTK,ULTRACEMCO,25-May-17,3950,CE,0,0,0,130.7,132.85,0,0,0,0,17-Apr-17
OPTSTK,ULTRACEMCO,25-May-17,4000,CE,0,0,0,112.65,104.05,0,0,0,0,17-Apr-17
OPTSTK,ULTRACEMCO,25-May-17,4050,CE,0,0,0,190.65,79.6,0,0,400,0,17-Apr-17
OPTSTK,ULTRACEMCO,25-May-17,4100,CE,0,0,0,82.35,59.45,0,0,0,0,17-Apr-17
OPTSTK,ULTRACEMCO,25-May-17,4150,CE,0,0,0,70.05,43.25,0,0,0,0,17-Apr-17
OPTSTK,ULTRACEMCO,25-May-17,4200,CE,0,0,0,59.05,30.75,0,0,0,0,17-Apr-17
OPTSTK,ULTRACEMCO,25-May-17,4250,CE,0,0,0,49.55,21.25,0,0,0,0,17-Apr-17
OPTSTK,ULTRACEMCO,25-May-17,4300,CE,0,0,0,41.4,14.3,0,0,0,0,17-Apr-17
OPTSTK,ULTRACEMCO,25-May-17,4350,CE,0,0,0,34.4,9.4,0,0,0,0,17-Apr-17
OPTSTK,ULTRACEMCO,25-May-17,4400,CE,0,0,0,39,6,0,0,200,0,17-Apr-17
OPTSTK,ULTRACEMCO,25-May-17,4450,CE,0,0,0,23.4,3.75,0,0,0,0,17-Apr-17
OPTSTK,ULTRACEMCO,25-May-17,4500,CE,0,0,0,19.15,2.3,0,0,0,0,17-Apr-17
OPTSTK,ULTRACEMCO,25-May-17,4550,CE,0,0,0,15.6,1.35,0,0,0,0,17-Apr-17
OPTSTK,ULTRACEMCO,25-May-17,4600,CE,0,0,0,12.65,0.8,0,0,0,0,17-Apr-17
OPTSTK,ULTRACEMCO,25-May-17,2800,PE,0,0,0,0.35,0,0,0,0,0,17-Apr-17
OPTSTK,ULTRACEMCO,25-May-17,2850,PE,0,0,0,0.6,0,0,0,0,0,17-Apr-17
OPTSTK,ULTRACEMCO,25-May-17,2900,PE,0,0,0,0.95,0,0,0,0,0,17-Apr-17
OPTSTK,ULTRACEMCO,25-May-17,2950,PE,0,0,0,1.45,0,0,0,0,0,17-Apr-17
OPTSTK,ULTRACEMCO,25-May-17,3000,PE,0,0,0,2.2,0,0,0,0,0,17-Apr-17
OPTSTK,ULTRACEMCO,25-May-17,3050,PE,0,0,0,3.3,0,0,0,0,0,17-Apr-17
OPTSTK,ULTRACEMCO,25-May-17,3100,PE,0,0,0,4.8,0,0,0,0,0,17-Apr-17
OPTSTK,ULTRACEMCO,25-May-17,3150,PE,0,0,0,6.85,0,0,0,0,0,17-Apr-17
OPTSTK,ULTRACEMCO,25-May-17,3200,PE,0,0,0,9.55,0,0,0,0,0,17-Apr-17
OPTSTK,ULTRACEMCO,25-May-17,3250,PE,0,0,0,13.1,0,0,0,0,0,17-Apr-17
OPTSTK,ULTRACEMCO,25-May-17,3300,PE,0,0,0,17.6,0.05,0,0,0,0,17-Apr-17
OPTSTK,ULTRACEMCO,25-May-17,3350,PE,0,0,0,23.25,0.05,0,0,0,0,17-Apr-17
OPTSTK,ULTRACEMCO,25-May-17,3400,PE,0,0,0,30.25,0.1,0,0,0,0,17-Apr-17
OPTSTK,ULTRACEMCO,25-May-17,3450,PE,0,0,0,38.75,0.2,0,0,0,0,17-Apr-17
OPTSTK,ULTRACEMCO,25-May-17,3500,PE,0,0,0,48.9,0.45,0,0,0,0,17-Apr-17
OPTSTK,ULTRACEMCO,25-May-17,3550,PE,0,0,0,61,1,0,0,0,0,17-Apr-17
OPTSTK,ULTRACEMCO,25-May-17,3600,PE,0,0,0,74.7,1.95,0,0,0,0,17-Apr-17
OPTSTK,ULTRACEMCO,25-May-17,3650,PE,0,0,0,90.65,3.65,0,0,0,0,17-Apr-17
OPTSTK,ULTRACEMCO,25-May-17,3700,PE,0,0,0,108.8,6.45,0,0,0,0,17-Apr-17
OPTSTK,ULTRACEMCO,25-May-17,3750,PE,0,0,0,129.15,10.9,0,0,0,0,17-Apr-17
OPTSTK,ULTRACEMCO,25-May-17,3800,PE,0,0,0,151.7,17.5,0,0,0,0,17-Apr-17
OPTSTK,ULTRACEMCO,25-May-17,3850,PE,0,0,0,176.5,26.95,0,0,0,0,17-Apr-17
OPTSTK,ULTRACEMCO,25-May-17,3900,PE,0,0,0,203.45,39.7,0,0,0,0,17-Apr-17
OPTSTK,ULTRACEMCO,25-May-17,3950,PE,0,0,0,232.6,56.35,0,0,0,0,17-Apr-17
OPTSTK,ULTRACEMCO,25-May-17,4000,PE,0,0,0,263.8,77.25,0,0,0,0,17-Apr-17
OPTSTK,ULTRACEMCO,25-May-17,4050,PE,0,0,0,296.95,102.45,0,0,0,0,17-Apr-17
OPTSTK,ULTRACEMCO,25-May-17,4100,PE,0,0,0,331.95,131.95,0,0,0,0,17-Apr-17
OPTSTK,ULTRACEMCO,25-May-17,4150,PE,0,0,0,368.85,165.4,0,0,0,0,17-Apr-17
OPTSTK,ULTRACEMCO,25-May-17,4200,PE,0,0,0,407.05,202.55,0,0,0,0,17-Apr-17
OPTSTK,ULTRACEMCO,25-May-17,4250,PE,0,0,0,446.8,242.75,0,0,0,0,17-Apr-17
OPTSTK,ULTRACEMCO,25-May-17,4300,PE,0,0,0,487.85,285.45,0,0,0,0,17-Apr-17
OPTSTK,ULTRACEMCO,25-May-17,4350,PE,0,0,0,530.05,330.2,0,0,0,0,17-Apr-17
OPTSTK,ULTRACEMCO,25-May-17,4400,PE,0,0,0,573.3,376.5,0,0,0,0,17-Apr-17
OPTSTK,ULTRACEMCO,25-May-17,4450,PE,0,0,0,617.5,423.9,0,0,0,0,17-Apr-17
OPTSTK,ULTRACEMCO,25-May-17,4500,PE,0,0,0,662.45,472.1,0,0,0,0,17-Apr-17
OPTSTK,ULTRACEMCO,25-May-17,4550,PE,0,0,0,708.15,520.8,0,0,0,0,17-Apr-17
OPTSTK,ULTRACEMCO,25-May-17,4600,PE,0,0,0,754.4,569.9,0,0,0,0,17-Apr-17
OPTSTK,ULTRACEMCO,29-Jun-17,3000,CE,0,0,0,1038.15,1038.6,0,0,0,0,17-Apr-17
OPTSTK,ULTRACEMCO,29-Jun-17,3050,CE,0,0,0,989.1,989.25,0,0,0,0,17-Apr-17
OPTSTK,ULTRACEMCO,29-Jun-17,3100,CE,0,0,0,940.15,939.95,0,0,0,0,17-Apr-17
OPTSTK,ULTRACEMCO,29-Jun-17,3150,CE,0,0,0,891.3,890.6,0,0,0,0,17-Apr-17
OPTSTK,ULTRACEMCO,29-Jun-17,3200,CE,0,0,0,842.6,841.3,0,0,0,0,17-Apr-17
OPTSTK,ULTRACEMCO,29-Jun-17,3250,CE,0,0,0,794.2,792.05,0,0,0,0,17-Apr-17
OPTSTK,ULTRACEMCO,29-Jun-17,3300,CE,0,0,0,746.1,742.9,0,0,0,0,17-Apr-17
OPTSTK,ULTRACEMCO,29-Jun-17,3350,CE,0,0,0,698.45,693.85,0,0,0,0,17-Apr-17
OPTSTK,ULTRACEMCO,29-Jun-17,3400,CE,0,0,0,651.4,645.05,0,0,0,0,17-Apr-17
OPTSTK,ULTRACEMCO,29-Jun-17,3450,CE,0,0,0,605,596.6,0,0,0,0,17-Apr-17
OPTSTK,ULTRACEMCO,29-Jun-17,3500,CE,0,0,0,559.55,548.6,0,0,0,0,17-Apr-17
OPTSTK,ULTRACEMCO,29-Jun-17,3550,CE,0,0,0,515.1,501.3,0,0,0,0,17-Apr-17
OPTSTK,ULTRACEMCO,29-Jun-17,3600,CE,0,0,0,471.9,454.9,0,0,0,0,17-Apr-17
OPTSTK,ULTRACEMCO,29-Jun-17,3650,CE,0,0,0,430.15,409.7,0,0,0,0,17-Apr-17
OPTSTK,ULTRACEMCO,29-Jun-17,3700,CE,0,0,0,390,366,0,0,0,0,17-Apr-17
OPTSTK,ULTRACEMCO,29-Jun-17,3750,CE,0,0,0,351.7,324.1,0,0,0,0,17-Apr-17
OPTSTK,ULTRACEMCO,29-Jun-17,3800,CE,0,0,0,315.45,284.3,0,0,0,0,17-Apr-17
OPTSTK,ULTRACEMCO,29-Jun-17,3850,CE,0,0,0,281.05,247.1,0,0,0,0,17-Apr-17
OPTSTK,ULTRACEMCO,29-Jun-17,3900,CE,0,0,0,249,212.25,0,0,0,0,17-Apr-17
OPTSTK,ULTRACEMCO,29-Jun-17,3950,CE,0,0,0,219.3,180.5,0,0,0,0,17-Apr-17
OPTSTK,ULTRACEMCO,29-Jun-17,4000,CE,0,0,0,191.95,151.8,0,0,0,0,17-Apr-17
OPTSTK,ULTRACEMCO,29-Jun-17,4050,CE,0,0,0,166.9,126.2,0,0,0,0,17-Apr-17
OPTSTK,ULTRACEMCO,29-Jun-17,4100,CE,0,0,0,144.25,103.7,0,0,0,0,17-Apr-17
OPTSTK,ULTRACEMCO,29-Jun-17,4150,CE,0,0,0,123.9,84.2,0,0,0,0,17-Apr-17
OPTSTK,ULTRACEMCO,29-Jun-17,4200,CE,0,0,0,105.7,67.55,0,0,0,0,17-Apr-17
OPTSTK,ULTRACEMCO,29-Jun-17,4250,CE,0,0,0,89.6,53.55,0,0,0,0,17-Apr-17
OPTSTK,ULTRACEMCO,29-Jun-17,4300,CE,0,0,0,75.5,41.95,0,0,0,0,17-Apr-17
OPTSTK,ULTRACEMCO,29-Jun-17,4350,CE,0,0,0,63.4,32.5,0,0,0,0,17-Apr-17
OPTSTK,ULTRACEMCO,29-Jun-17,4400,CE,0,0,0,52.65,24.85,0,0,0,0,17-Apr-17
OPTSTK,ULTRACEMCO,29-Jun-17,4450,CE,0,0,0,43.55,18.75,0,0,0,0,17-Apr-17
OPTSTK,ULTRACEMCO,29-Jun-17,4500,CE,0,0,0,35.8,14,0,0,0,0,17-Apr-17
OPTSTK,ULTRACEMCO,29-Jun-17,4550,CE,0,0,0,29.25,10.3,0,0,0,0,17-Apr-17
OPTSTK,ULTRACEMCO,29-Jun-17,4600,CE,0,0,0,23.75,7.5,0,0,0,0,17-Apr-17
OPTSTK,ULTRACEMCO,29-Jun-17,3000,PE,0,0,0,0.2,0,0,0,0,0,17-Apr-17
OPTSTK,ULTRACEMCO,29-Jun-17,3050,PE,0,0,0,0.35,0.05,0,0,0,0,17-Apr-17
OPTSTK,ULTRACEMCO,29-Jun-17,3100,PE,0,0,0,0.55,0.05,0,0,0,0,17-Apr-17
OPTSTK,ULTRACEMCO,29-Jun-17,3150,PE,0,0,0,0.9,0.05,0,0,0,0,17-Apr-17
OPTSTK,ULTRACEMCO,29-Jun-17,3200,PE,0,0,0,1.4,0.1,0,0,0,0,17-Apr-17
OPTSTK,ULTRACEMCO,29-Jun-17,3250,PE,0,0,0,2.15,0.25,0,0,0,0,17-Apr-17
OPTSTK,ULTRACEMCO,29-Jun-17,3300,PE,0,0,0,3.25,0.4,0,0,0,0,17-Apr-17
OPTSTK,ULTRACEMCO,29-Jun-17,3350,PE,0,0,0,4.75,0.75,0,0,0,0,17-Apr-17
OPTSTK,ULTRACEMCO,29-Jun-17,3400,PE,0,0,0,6.85,1.3,0,0,0,0,17-Apr-17
OPTSTK,ULTRACEMCO,29-Jun-17,3450,PE,0,0,0,9.65,2.15,0,0,0,0,17-Apr-17
OPTSTK,ULTRACEMCO,29-Jun-17,3500,PE,0,0,0,13.35,3.55,0,0,0,0,17-Apr-17
OPTSTK,ULTRACEMCO,29-Jun-17,3550,PE,0,0,0,18.1,5.6,0,0,0,0,17-Apr-17
OPTSTK,ULTRACEMCO,29-Jun-17,3600,PE,0,0,0,24.1,8.55,0,0,0,0,17-Apr-17
OPTSTK,ULTRACEMCO,29-Jun-17,3650,PE,0,0,0,31.5,12.7,0,0,0,0,17-Apr-17
OPTSTK,ULTRACEMCO,29-Jun-17,3700,PE,0,0,0,40.55,18.35,0,0,0,0,17-Apr-17
OPTSTK,ULTRACEMCO,29-Jun-17,3750,PE,0,0,0,51.4,25.8,0,0,0,0,17-Apr-17
OPTSTK,ULTRACEMCO,29-Jun-17,3800,PE,0,0,0,64.3,35.4,0,0,0,0,17-Apr-17
OPTSTK,ULTRACEMCO,29-Jun-17,3850,PE,0,0,0,79.1,47.5,0,0,0,0,17-Apr-17
OPTSTK,ULTRACEMCO,29-Jun-17,3900,PE,0,0,0,96.25,62.05,0,0,0,0,17-Apr-17
OPTSTK,ULTRACEMCO,29-Jun-17,3950,PE,0,0,0,115.7,79.65,0,0,0,0,17-Apr-17
OPTSTK,ULTRACEMCO,29-Jun-17,4000,PE,0,0,0,137.5,100.3,0,0,0,0,17-Apr-17
OPTSTK,ULTRACEMCO,29-Jun-17,4050,PE,0,0,0,161.7,124.05,0,0,0,0,17-Apr-17
OPTSTK,ULTRACEMCO,29-Jun-17,4100,PE,0,0,0,188.2,150.9,0,0,0,0,17-Apr-17
OPTSTK,ULTRACEMCO,29-Jun-17,4150,PE,0,0,0,217,180.75,0,0,0,0,17-Apr-17
OPTSTK,ULTRACEMCO,29-Jun-17,4200,PE,0,0,0,248,213.45,0,0,0,0,17-Apr-17
OPTSTK,ULTRACEMCO,29-Jun-17,4250,PE,0,0,0,281.1,248.8,0,0,0,0,17-Apr-17
OPTSTK,ULTRACEMCO,29-Jun-17,4300,PE,0,0,0,316.15,286.6,0,0,0,0,17-Apr-17
OPTSTK,ULTRACEMCO,29-Jun-17,4350,PE,0,0,0,353.25,326.45,0,0,0,0,17-Apr-17
OPTSTK,ULTRACEMCO,29-Jun-17,4400,PE,0,0,0,391.65,368.15,0,0,0,0,17-Apr-17
OPTSTK,ULTRACEMCO,29-Jun-17,4450,PE,0,0,0,431.7,411.45,0,0,0,0,17-Apr-17
OPTSTK,ULTRACEMCO,29-Jun-17,4500,PE,0,0,0,473.15,456,0,0,0,0,17-Apr-17
OPTSTK,ULTRACEMCO,29-Jun-17,4550,PE,0,0,0,515.75,501.7,0,0,0,0,17-Apr-17
OPTSTK,ULTRACEMCO,29-Jun-17,4600,PE,0,0,0,559.45,548.25,0,0,0,0,17-Apr-17
OPTSTK,UNIONBANK,27-Apr-17,90,CE,0,0,0,53.7,64.1,0,0,0,0,17-Apr-17
OPTSTK,UNIONBANK,27-Apr-17,95,CE,0,0,0,48.9,59.1,0,0,0,0,17-Apr-17
OPTSTK,UNIONBANK,27-Apr-17,100,CE,0,0,0,44.2,54.1,0,0,0,0,17-Apr-17
OPTSTK,UNIONBANK,27-Apr-17,105,CE,0,0,0,39.6,49.1,0,0,0,0,17-Apr-17
OPTSTK,UNIONBANK,27-Apr-17,110,CE,0,0,0,35.15,44.1,0,0,0,0,17-Apr-17
OPTSTK,UNIONBANK,27-Apr-17,115,CE,0,0,0,30.9,39.1,0,0,0,0,17-Apr-17
OPTSTK,UNIONBANK,27-Apr-17,120,CE,0,0,0,26.95,34.15,0,0,0,0,17-Apr-17
OPTSTK,UNIONBANK,27-Apr-17,125,CE,0,0,0,30.7,29.15,0,0,16000,0,17-Apr-17
OPTSTK,UNIONBANK,27-Apr-17,130,CE,0,0,0,26.1,24.15,0,0,0,0,17-Apr-17
OPTSTK,UNIONBANK,27-Apr-17,135,CE,0,0,0,22.2,19.2,0,0,8000,0,17-Apr-17
OPTSTK,UNIONBANK,27-Apr-17,140,CE,0,0,0,17.8,14.4,0,0,16000,0,17-Apr-17
OPTSTK,UNIONBANK,27-Apr-17,145,CE,0,0,0,10.85,9.95,0,0,4000,0,17-Apr-17
OPTSTK,UNIONBANK,27-Apr-17,150,CE,6.6,6.75,5.95,6.25,6.25,7,43.75,140000,12000,17-Apr-17
OPTSTK,UNIONBANK,27-Apr-17,155,CE,4.35,4.35,3.35,3.85,3.85,257,1631.96,372000,-4000,17-Apr-17
OPTSTK,UNIONBANK,27-Apr-17,160,CE,2.7,2.7,1.75,2.15,2.15,223,1446.35,964000,-28000,17-Apr-17
OPTSTK,UNIONBANK,27-Apr-17,165,CE,1.2,1.4,0.95,1.1,1.1,71,471.88,988000,28000,17-Apr-17
OPTSTK,UNIONBANK,27-Apr-17,170,CE,0.7,0.75,0.5,0.6,0.6,35,238.88,400000,-8000,17-Apr-17
OPTSTK,UNIONBANK,27-Apr-17,175,CE,0.4,0.4,0.3,0.3,0.3,10,70.14,168000,4000,17-Apr-17
OPTSTK,UNIONBANK,27-Apr-17,180,CE,0.3,0.3,0.2,0.2,0.2,6,43.26,188000,-4000,17-Apr-17
OPTSTK,UNIONBANK,27-Apr-17,185,CE,0.15,0.15,0.1,0.1,0.1,2,14.81,156000,-8000,17-Apr-17
OPTSTK,UNIONBANK,27-Apr-17,190,CE,0,0,0,0.2,0,0,0,20000,0,17-Apr-17
OPTSTK,UNIONBANK,27-Apr-17,195,CE,0,0,0,1.25,0,0,0,0,0,17-Apr-17
OPTSTK,UNIONBANK,27-Apr-17,200,CE,0,0,0,0.95,0,0,0,0,0,17-Apr-17
OPTSTK,UNIONBANK,27-Apr-17,90,PE,0,0,0,0.1,0,0,0,0,0,17-Apr-17
OPTSTK,UNIONBANK,27-Apr-17,95,PE,0,0,0,0.25,0,0,0,0,0,17-Apr-17
OPTSTK,UNIONBANK,27-Apr-17,100,PE,0,0,0,0.45,0,0,0,0,0,17-Apr-17
OPTSTK,UNIONBANK,27-Apr-17,105,PE,0,0,0,0.75,0,0,0,0,0,17-Apr-17
OPTSTK,UNIONBANK,27-Apr-17,110,PE,0,0,0,1.25,0,0,0,0,0,17-Apr-17
OPTSTK,UNIONBANK,27-Apr-17,115,PE,0,0,0,1.95,0,0,0,0,0,17-Apr-17
OPTSTK,UNIONBANK,27-Apr-17,120,PE,0,0,0,2.9,0,0,0,0,0,17-Apr-17
OPTSTK,UNIONBANK,27-Apr-17,125,PE,0,0,0,0.5,0,0,0,24000,0,17-Apr-17
OPTSTK,UNIONBANK,27-Apr-17,130,PE,0,0,0,0.2,0.05,0,0,32000,0,17-Apr-17
OPTSTK,UNIONBANK,27-Apr-17,135,PE,0.25,0.25,0.25,0.25,0.25,1,5.41,120000,0,17-Apr-17
OPTSTK,UNIONBANK,27-Apr-17,140,PE,0.5,0.55,0.45,0.55,0.55,11,61.82,264000,0,17-Apr-17
OPTSTK,UNIONBANK,27-Apr-17,145,PE,1.2,1.3,0.75,1.2,1.2,25,146.13,312000,8000,17-Apr-17
OPTSTK,UNIONBANK,27-Apr-17,150,PE,2.2,2.8,2.1,2.5,2.5,58,353.68,312000,24000,17-Apr-17
OPTSTK,UNIONBANK,27-Apr-17,155,PE,4.9,5.55,4.3,4.7,4.7,38,243.04,316000,-4000,17-Apr-17
OPTSTK,UNIONBANK,27-Apr-17,160,PE,7.5,8.1,7.5,8.1,8.1,4,26.83,128000,0,17-Apr-17
OPTSTK,UNIONBANK,27-Apr-17,165,PE,0,0,0,10.25,11.5,0,0,16000,0,17-Apr-17
OPTSTK,UNIONBANK,27-Apr-17,170,PE,0,0,0,15.55,16.05,0,0,24000,0,17-Apr-17
OPTSTK,UNIONBANK,27-Apr-17,175,PE,0,0,0,21.35,20.9,0,0,4000,0,17-Apr-17
OPTSTK,UNIONBANK,27-Apr-17,180,PE,0,0,0,37.55,25.85,0,0,0,0,17-Apr-17
OPTSTK,UNIONBANK,27-Apr-17,185,PE,0,0,0,30.3,30.8,0,0,4000,0,17-Apr-17
OPTSTK,UNIONBANK,27-Apr-17,190,PE,0,0,0,35.05,35.8,0,0,4000,0,17-Apr-17
OPTSTK,UNIONBANK,27-Apr-17,195,PE,0,0,0,50.95,40.8,0,0,0,0,17-Apr-17
OPTSTK,UNIONBANK,27-Apr-17,200,PE,0,0,0,55.6,45.75,0,0,0,0,17-Apr-17
OPTSTK,UNIONBANK,25-May-17,90,CE,0,0,0,56.15,64.55,0,0,0,0,17-Apr-17
OPTSTK,UNIONBANK,25-May-17,95,CE,0,0,0,51.5,59.55,0,0,0,0,17-Apr-17
OPTSTK,UNIONBANK,25-May-17,100,CE,0,0,0,47,54.6,0,0,0,0,17-Apr-17
OPTSTK,UNIONBANK,25-May-17,105,CE,0,0,0,42.7,49.65,0,0,0,0,17-Apr-17
OPTSTK,UNIONBANK,25-May-17,110,CE,0,0,0,38.55,44.65,0,0,0,0,17-Apr-17
OPTSTK,UNIONBANK,25-May-17,115,CE,0,0,0,34.65,39.75,0,0,0,0,17-Apr-17
OPTSTK,UNIONBANK,25-May-17,120,CE,0,0,0,30.95,34.8,0,0,0,0,17-Apr-17
OPTSTK,UNIONBANK,25-May-17,125,CE,0,0,0,27.5,30,0,0,0,0,17-Apr-17
OPTSTK,UNIONBANK,25-May-17,130,CE,0,0,0,24.3,25.35,0,0,0,0,17-Apr-17
OPTSTK,UNIONBANK,25-May-17,135,CE,0,0,0,21.4,20.9,0,0,0,0,17-Apr-17
OPTSTK,UNIONBANK,25-May-17,140,CE,0,0,0,18.75,16.8,0,0,0,0,17-Apr-17
OPTSTK,UNIONBANK,25-May-17,145,CE,0,0,0,16.35,13.1,0,0,0,0,17-Apr-17
OPTSTK,UNIONBANK,25-May-17,150,CE,0,0,0,14.2,9.95,0,0,0,0,17-Apr-17
OPTSTK,UNIONBANK,25-May-17,155,CE,7.05,7.05,7.05,7.05,7.05,1,6.48,4000,4000,17-Apr-17
OPTSTK,UNIONBANK,25-May-17,160,CE,0,0,0,10.6,5.25,0,0,0,0,17-Apr-17
OPTSTK,UNIONBANK,25-May-17,165,CE,4.2,4.2,4.2,4.2,4.2,1,6.76,4000,4000,17-Apr-17
OPTSTK,UNIONBANK,25-May-17,170,CE,0,0,0,7.8,2.45,0,0,0,0,17-Apr-17
OPTSTK,UNIONBANK,25-May-17,175,CE,0,0,0,6.65,1.6,0,0,0,0,17-Apr-17
OPTSTK,UNIONBANK,25-May-17,180,CE,0,0,0,5.7,1,0,0,0,0,17-Apr-17
OPTSTK,UNIONBANK,25-May-17,185,CE,0,0,0,4.8,0.65,0,0,0,0,17-Apr-17
OPTSTK,UNIONBANK,25-May-17,190,CE,0,0,0,1.8,0.4,0,0,8000,0,17-Apr-17
OPTSTK,UNIONBANK,25-May-17,195,CE,0,0,0,3.45,0.25,0,0,0,0,17-Apr-17
OPTSTK,UNIONBANK,25-May-17,200,CE,0,0,0,2.9,0.15,0,0,0,0,17-Apr-17
OPTSTK,UNIONBANK,25-May-17,90,PE,0,0,0,0.45,0,0,0,0,0,17-Apr-17
OPTSTK,UNIONBANK,25-May-17,95,PE,0,0,0,0.75,0,0,0,0,0,17-Apr-17
OPTSTK,UNIONBANK,25-May-17,100,PE,0,0,0,1.2,0,0,0,0,0,17-Apr-17
OPTSTK,UNIONBANK,25-May-17,105,PE,0,0,0,1.8,0,0,0,0,0,17-Apr-17
OPTSTK,UNIONBANK,25-May-17,110,PE,0,0,0,2.6,0.05,0,0,0,0,17-Apr-17
OPTSTK,UNIONBANK,25-May-17,115,PE,0,0,0,3.55,0.05,0,0,0,0,17-Apr-17
OPTSTK,UNIONBANK,25-May-17,120,PE,0,0,0,4.8,0.1,0,0,0,0,17-Apr-17
OPTSTK,UNIONBANK,25-May-17,125,PE,0,0,0,6.3,0.25,0,0,0,0,17-Apr-17
OPTSTK,UNIONBANK,25-May-17,130,PE,0,0,0,8,0.55,0,0,0,0,17-Apr-17
OPTSTK,UNIONBANK,25-May-17,135,PE,0,0,0,10.05,1.1,0,0,0,0,17-Apr-17
OPTSTK,UNIONBANK,25-May-17,140,PE,2.5,2.5,2.5,2.5,2.5,1,5.7,8000,4000,17-Apr-17
OPTSTK,UNIONBANK,25-May-17,145,PE,3.4,3.4,3.4,3.4,3.4,1,5.93,4000,4000,17-Apr-17
OPTSTK,UNIONBANK,25-May-17,150,PE,0,0,0,5.8,5.05,0,0,8000,0,17-Apr-17
OPTSTK,UNIONBANK,25-May-17,155,PE,0,0,0,20.6,7.4,0,0,0,0,17-Apr-17
OPTSTK,UNIONBANK,25-May-17,160,PE,0,0,0,23.85,10.25,0,0,0,0,17-Apr-17
OPTSTK,UNIONBANK,25-May-17,165,PE,0,0,0,27.25,13.6,0,0,0,0,17-Apr-17
OPTSTK,UNIONBANK,25-May-17,170,PE,0,0,0,30.9,17.4,0,0,0,0,17-Apr-17
OPTSTK,UNIONBANK,25-May-17,175,PE,0,0,0,34.65,21.5,0,0,0,0,17-Apr-17
OPTSTK,UNIONBANK,25-May-17,180,PE,0,0,0,38.6,25.9,0,0,0,0,17-Apr-17
OPTSTK,UNIONBANK,25-May-17,185,PE,0,0,0,42.65,30.5,0,0,0,0,17-Apr-17
OPTSTK,UNIONBANK,25-May-17,190,PE,0,0,0,46.85,35.2,0,0,0,0,17-Apr-17
OPTSTK,UNIONBANK,25-May-17,195,PE,0,0,0,51.15,40,0,0,0,0,17-Apr-17
OPTSTK,UNIONBANK,25-May-17,200,PE,0,0,0,55.55,44.9,0,0,0,0,17-Apr-17
OPTSTK,UNIONBANK,29-Jun-17,95,CE,0,0,0,61.75,60.15,0,0,0,0,17-Apr-17
OPTSTK,UNIONBANK,29-Jun-17,100,CE,0,0,0,56.9,55.25,0,0,0,0,17-Apr-17
OPTSTK,UNIONBANK,29-Jun-17,105,CE,0,0,0,52.1,50.35,0,0,0,0,17-Apr-17
OPTSTK,UNIONBANK,29-Jun-17,110,CE,0,0,0,47.4,45.5,0,0,0,0,17-Apr-17
OPTSTK,UNIONBANK,29-Jun-17,115,CE,0,0,0,42.8,40.7,0,0,0,0,17-Apr-17
OPTSTK,UNIONBANK,29-Jun-17,120,CE,0,0,0,38.35,36,0,0,0,0,17-Apr-17
OPTSTK,UNIONBANK,29-Jun-17,125,CE,0,0,0,34.1,31.5,0,0,0,0,17-Apr-17
OPTSTK,UNIONBANK,29-Jun-17,130,CE,0,0,0,30.05,27.2,0,0,0,0,17-Apr-17
OPTSTK,UNIONBANK,29-Jun-17,135,CE,0,0,0,26.3,23.2,0,0,0,0,17-Apr-17
OPTSTK,UNIONBANK,29-Jun-17,140,CE,0,0,0,22.8,19.5,0,0,0,0,17-Apr-17
OPTSTK,UNIONBANK,29-Jun-17,145,CE,0,0,0,19.6,16.15,0,0,0,0,17-Apr-17
OPTSTK,UNIONBANK,29-Jun-17,150,CE,0,0,0,16.7,13.15,0,0,0,0,17-Apr-17
OPTSTK,UNIONBANK,29-Jun-17,155,CE,0,0,0,14.15,10.6,0,0,0,0,17-Apr-17
OPTSTK,UNIONBANK,29-Jun-17,160,CE,0,0,0,11.9,8.4,0,0,0,0,17-Apr-17
OPTSTK,UNIONBANK,29-Jun-17,165,CE,0,0,0,9.9,6.6,0,0,0,0,17-Apr-17
OPTSTK,UNIONBANK,29-Jun-17,170,CE,0,0,0,8.2,5.1,0,0,0,0,17-Apr-17
OPTSTK,UNIONBANK,29-Jun-17,175,CE,0,0,0,6.75,3.9,0,0,0,0,17-Apr-17
OPTSTK,UNIONBANK,29-Jun-17,180,CE,0,0,0,5.5,2.95,0,0,0,0,17-Apr-17
OPTSTK,UNIONBANK,29-Jun-17,185,CE,0,0,0,4.5,2.2,0,0,0,0,17-Apr-17
OPTSTK,UNIONBANK,29-Jun-17,190,CE,0,0,0,3.6,1.6,0,0,0,0,17-Apr-17
OPTSTK,UNIONBANK,29-Jun-17,195,CE,0,0,0,2.9,1.2,0,0,0,0,17-Apr-17
OPTSTK,UNIONBANK,29-Jun-17,200,CE,0,0,0,2.3,0.85,0,0,0,0,17-Apr-17
OPTSTK,UNIONBANK,29-Jun-17,95,PE,0,0,0,0.1,0.05,0,0,0,0,17-Apr-17
OPTSTK,UNIONBANK,29-Jun-17,100,PE,0,0,0,0.15,0.05,0,0,0,0,17-Apr-17
OPTSTK,UNIONBANK,29-Jun-17,105,PE,0,0,0,0.25,0.1,0,0,0,0,17-Apr-17
OPTSTK,UNIONBANK,29-Jun-17,110,PE,0,0,0,0.5,0.15,0,0,0,0,17-Apr-17
OPTSTK,UNIONBANK,29-Jun-17,115,PE,0,0,0,0.8,0.3,0,0,0,0,17-Apr-17
OPTSTK,UNIONBANK,29-Jun-17,120,PE,0,0,0,1.25,0.55,0,0,0,0,17-Apr-17
OPTSTK,UNIONBANK,29-Jun-17,125,PE,0,0,0,1.95,1,0,0,0,0,17-Apr-17
OPTSTK,UNIONBANK,29-Jun-17,130,PE,0,0,0,2.8,1.65,0,0,0,0,17-Apr-17
OPTSTK,UNIONBANK,29-Jun-17,135,PE,0,0,0,3.95,2.55,0,0,0,0,17-Apr-17
OPTSTK,UNIONBANK,29-Jun-17,140,PE,0,0,0,5.4,3.75,0,0,0,0,17-Apr-17
OPTSTK,UNIONBANK,29-Jun-17,145,PE,0,0,0,7.1,5.35,0,0,0,0,17-Apr-17
OPTSTK,UNIONBANK,29-Jun-17,150,PE,0,0,0,9.15,7.35,0,0,0,0,17-Apr-17
OPTSTK,UNIONBANK,29-Jun-17,155,PE,0,0,0,11.5,9.7,0,0,0,0,17-Apr-17
OPTSTK,UNIONBANK,29-Jun-17,160,PE,0,0,0,14.15,12.45,0,0,0,0,17-Apr-17
OPTSTK,UNIONBANK,29-Jun-17,165,PE,0,0,0,17.1,15.55,0,0,0,0,17-Apr-17
OPTSTK,UNIONBANK,29-Jun-17,170,PE,0,0,0,20.3,19,0,0,0,0,17-Apr-17
OPTSTK,UNIONBANK,29-Jun-17,175,PE,0,0,0,23.75,22.75,0,0,0,0,17-Apr-17
OPTSTK,UNIONBANK,29-Jun-17,180,PE,0,0,0,27.45,26.7,0,0,0,0,17-Apr-17
OPTSTK,UNIONBANK,29-Jun-17,185,PE,0,0,0,31.35,30.9,0,0,0,0,17-Apr-17
OPTSTK,UNIONBANK,29-Jun-17,190,PE,0,0,0,35.4,35.25,0,0,0,0,17-Apr-17
OPTSTK,UNIONBANK,29-Jun-17,195,PE,0,0,0,39.6,39.75,0,0,0,0,17-Apr-17
OPTSTK,UNIONBANK,29-Jun-17,200,PE,0,0,0,43.9,44.4,0,0,0,0,17-Apr-17
OPTSTK,UPL,27-Apr-17,460,CE,0,0,0,287.9,276.55,0,0,0,0,17-Apr-17
OPTSTK,UPL,27-Apr-17,480,CE,0,0,0,268.35,256.6,0,0,0,0,17-Apr-17
OPTSTK,UPL,27-Apr-17,500,CE,0,0,0,248.9,236.65,0,0,0,0,17-Apr-17
OPTSTK,UPL,27-Apr-17,520,CE,0,0,0,229.65,216.7,0,0,0,0,17-Apr-17
OPTSTK,UPL,27-Apr-17,540,CE,0,0,0,210.7,196.7,0,0,0,0,17-Apr-17
OPTSTK,UPL,27-Apr-17,560,CE,0,0,0,192.05,176.75,0,0,0,0,17-Apr-17
OPTSTK,UPL,27-Apr-17,580,CE,0,0,0,173.9,156.8,0,0,0,0,17-Apr-17
OPTSTK,UPL,27-Apr-17,600,CE,0,0,0,156.35,136.8,0,0,0,0,17-Apr-17
OPTSTK,UPL,27-Apr-17,620,CE,0,0,0,139.6,116.85,0,0,0,0,17-Apr-17
OPTSTK,UPL,27-Apr-17,640,CE,0,0,0,123.65,96.9,0,0,0,0,17-Apr-17
OPTSTK,UPL,27-Apr-17,660,CE,0,0,0,108.7,76.9,0,0,0,0,17-Apr-17
OPTSTK,UPL,27-Apr-17,680,CE,0,0,0,94.75,57,0,0,0,0,17-Apr-17
OPTSTK,UPL,27-Apr-17,700,CE,0,0,0,44,37.6,0,0,3600,0,17-Apr-17
OPTSTK,UPL,27-Apr-17,720,CE,15.85,24.5,15.85,24.5,24.5,12,106.36,33600,8400,17-Apr-17
OPTSTK,UPL,27-Apr-17,740,CE,9,14.45,8.3,13.85,13.85,77,693.9,145200,4800,17-Apr-17
OPTSTK,UPL,27-Apr-17,760,CE,6.1,7.5,4,6.95,6.95,148,1359.58,273600,-43200,17-Apr-17
OPTSTK,UPL,27-Apr-17,780,CE,2.05,3.25,1.8,3.15,3.15,42,394.44,64800,-7200,17-Apr-17
OPTSTK,UPL,27-Apr-17,800,CE,1.05,1.05,0.9,1,1,6,57.67,22800,-2400,17-Apr-17
OPTSTK,UPL,27-Apr-17,820,CE,0,0,0,1.25,0,0,0,15600,0,17-Apr-17
OPTSTK,UPL,27-Apr-17,840,CE,0,0,0,1.4,0,0,0,1200,0,17-Apr-17
OPTSTK,UPL,27-Apr-17,860,CE,0.1,0.1,0.1,0.1,0.1,1,10.32,1200,0,17-Apr-17
OPTSTK,UPL,27-Apr-17,880,CE,0,0,0,16,0,0,0,0,0,17-Apr-17
OPTSTK,UPL,27-Apr-17,900,CE,0,0,0,12.95,0,0,0,0,0,17-Apr-17
OPTSTK,UPL,27-Apr-17,460,PE,0,0,0,0.15,0,0,0,0,0,17-Apr-17
OPTSTK,UPL,27-Apr-17,480,PE,0,0,0,0.25,0,0,0,0,0,17-Apr-17
OPTSTK,UPL,27-Apr-17,500,PE,0,0,0,0.5,0,0,0,0,0,17-Apr-17
OPTSTK,UPL,27-Apr-17,520,PE,0,0,0,0.95,0,0,0,0,0,17-Apr-17
OPTSTK,UPL,27-Apr-17,540,PE,0,0,0,1.6,0,0,0,0,0,17-Apr-17
OPTSTK,UPL,27-Apr-17,560,PE,0,0,0,2.65,0,0,0,0,0,17-Apr-17
OPTSTK,UPL,27-Apr-17,580,PE,0,0,0,4.2,0,0,0,0,0,17-Apr-17
OPTSTK,UPL,27-Apr-17,600,PE,0,0,0,6.3,0,0,0,0,0,17-Apr-17
OPTSTK,UPL,27-Apr-17,620,PE,0,0,0,9.2,0,0,0,0,0,17-Apr-17
OPTSTK,UPL,27-Apr-17,640,PE,0,0,0,1.1,0,0,0,1200,0,17-Apr-17
OPTSTK,UPL,27-Apr-17,660,PE,0.4,0.55,0.4,0.55,0.55,4,31.7,30000,-2400,17-Apr-17
OPTSTK,UPL,27-Apr-17,680,PE,0.9,1.15,0.8,0.85,0.85,7,57.2,25200,1200,17-Apr-17
OPTSTK,UPL,27-Apr-17,700,PE,4.9,5.65,2.25,2.45,2.45,58,489.79,52800,6000,17-Apr-17
OPTSTK,UPL,27-Apr-17,720,PE,11.1,13,6.25,6.25,6.25,32,280.19,62400,-3600,17-Apr-17
OPTSTK,UPL,27-Apr-17,740,PE,15.4,15.95,15.4,15.7,15.7,2,18.13,49200,0,17-Apr-17
OPTSTK,UPL,27-Apr-17,760,PE,0,0,0,32.45,25.3,0,0,4800,0,17-Apr-17
OPTSTK,UPL,27-Apr-17,780,PE,46,46,46,46,46,1,9.91,1200,0,17-Apr-17
OPTSTK,UPL,27-Apr-17,800,PE,0,0,0,82.15,62.95,0,0,0,0,17-Apr-17
OPTSTK,UPL,27-Apr-17,820,PE,0,0,0,95.7,82.85,0,0,0,0,17-Apr-17
OPTSTK,UPL,27-Apr-17,840,PE,0,0,0,110.15,102.8,0,0,0,0,17-Apr-17
OPTSTK,UPL,27-Apr-17,860,PE,0,0,0,125.45,122.75,0,0,0,0,17-Apr-17
OPTSTK,UPL,27-Apr-17,880,PE,0,0,0,141.35,142.75,0,0,0,0,17-Apr-17
OPTSTK,UPL,27-Apr-17,900,PE,0,0,0,157.95,162.7,0,0,0,0,17-Apr-17
OPTSTK,UPL,25-May-17,460,CE,0,0,0,265.35,278.85,0,0,0,0,17-Apr-17
OPTSTK,UPL,25-May-17,480,CE,0,0,0,245.65,259,0,0,0,0,17-Apr-17
OPTSTK,UPL,25-May-17,500,CE,0,0,0,226.05,239.15,0,0,0,0,17-Apr-17
OPTSTK,UPL,25-May-17,520,CE,0,0,0,206.45,219.3,0,0,0,0,17-Apr-17
OPTSTK,UPL,25-May-17,540,CE,0,0,0,186.95,199.4,0,0,0,0,17-Apr-17
OPTSTK,UPL,25-May-17,560,CE,0,0,0,167.7,179.55,0,0,0,0,17-Apr-17
OPTSTK,UPL,25-May-17,580,CE,0,0,0,148.8,159.7,0,0,0,0,17-Apr-17
OPTSTK,UPL,25-May-17,600,CE,0,0,0,130.45,139.8,0,0,0,0,17-Apr-17
OPTSTK,UPL,25-May-17,620,CE,0,0,0,112.85,120,0,0,0,0,17-Apr-17
OPTSTK,UPL,25-May-17,640,CE,0,0,0,96.2,100.25,0,0,0,0,17-Apr-17
OPTSTK,UPL,25-May-17,660,CE,0,0,0,80.8,80.9,0,0,0,0,17-Apr-17
OPTSTK,UPL,25-May-17,680,CE,0,0,0,66.75,62.3,0,0,0,0,17-Apr-17
OPTSTK,UPL,25-May-17,700,CE,0,0,0,54.25,45.3,0,0,0,0,17-Apr-17
OPTSTK,UPL,25-May-17,720,CE,0,0,0,43.35,30.75,0,0,0,0,17-Apr-17
OPTSTK,UPL,25-May-17,740,CE,0,0,0,31,19.3,0,0,2400,0,17-Apr-17
OPTSTK,UPL,25-May-17,760,CE,18,19.85,18,19.85,19.85,3,28.05,3600,3600,17-Apr-17
OPTSTK,UPL,25-May-17,780,CE,10,10,10,10,10,1,9.48,2400,0,17-Apr-17
OPTSTK,UPL,25-May-17,800,CE,0,0,0,15,2.8,0,0,0,0,17-Apr-17
OPTSTK,UPL,25-May-17,820,CE,0,0,0,11.05,1.25,0,0,0,0,17-Apr-17
OPTSTK,UPL,25-May-17,840,CE,0,0,0,8,0.5,0,0,0,0,17-Apr-17
OPTSTK,UPL,25-May-17,860,CE,0,0,0,5.75,0.2,0,0,0,0,17-Apr-17
OPTSTK,UPL,25-May-17,880,CE,0,0,0,4.05,0.1,0,0,0,0,17-Apr-17
OPTSTK,UPL,25-May-17,900,CE,0,0,0,2.8,0.05,0,0,0,0,17-Apr-17
OPTSTK,UPL,25-May-17,460,PE,0,0,0,0.05,0,0,0,0,0,17-Apr-17
OPTSTK,UPL,25-May-17,480,PE,0,0,0,0.05,0,0,0,0,0,17-Apr-17
OPTSTK,UPL,25-May-17,500,PE,0,0,0,0.1,0,0,0,0,0,17-Apr-17
OPTSTK,UPL,25-May-17,520,PE,0,0,0,0.2,0,0,0,0,0,17-Apr-17
OPTSTK,UPL,25-May-17,540,PE,0,0,0,0.4,0,0,0,0,0,17-Apr-17
OPTSTK,UPL,25-May-17,560,PE,0,0,0,0.85,0,0,0,0,0,17-Apr-17
OPTSTK,UPL,25-May-17,580,PE,0,0,0,1.6,0,0,0,0,0,17-Apr-17
OPTSTK,UPL,25-May-17,600,PE,0,0,0,2.95,0.05,0,0,0,0,17-Apr-17
OPTSTK,UPL,25-May-17,620,PE,0,0,0,5,0.05,0,0,0,0,17-Apr-17
OPTSTK,UPL,25-May-17,640,PE,0,0,0,8.05,0.2,0,0,0,0,17-Apr-17
OPTSTK,UPL,25-May-17,660,PE,0,0,0,12.3,0.65,0,0,0,0,17-Apr-17
OPTSTK,UPL,25-May-17,680,PE,0,0,0,17.95,1.95,0,0,0,0,17-Apr-17
OPTSTK,UPL,25-May-17,700,PE,0,0,0,25.15,4.85,0,0,0,0,17-Apr-17
OPTSTK,UPL,25-May-17,720,PE,0,0,0,18,10.15,0,0,1200,0,17-Apr-17
OPTSTK,UPL,25-May-17,740,PE,0,0,0,44.35,18.55,0,0,0,0,17-Apr-17
OPTSTK,UPL,25-May-17,760,PE,0,0,0,56.3,30.25,0,0,0,0,17-Apr-17
OPTSTK,UPL,25-May-17,780,PE,0,0,0,69.65,44.85,0,0,0,0,17-Apr-17
OPTSTK,UPL,25-May-17,800,PE,0,0,0,84.35,61.65,0,0,0,0,17-Apr-17
OPTSTK,UPL,25-May-17,820,PE,0,0,0,100.1,79.95,0,0,0,0,17-Apr-17
OPTSTK,UPL,25-May-17,840,PE,0,0,0,116.75,99.1,0,0,0,0,17-Apr-17
OPTSTK,UPL,25-May-17,860,PE,0,0,0,134.15,118.65,0,0,0,0,17-Apr-17
OPTSTK,UPL,25-May-17,880,PE,0,0,0,152.15,138.4,0,0,0,0,17-Apr-17
OPTSTK,UPL,25-May-17,900,PE,0,0,0,170.6,158.2,0,0,0,0,17-Apr-17
OPTSTK,UPL,29-Jun-17,460,CE,0,0,0,262.1,281.7,0,0,0,0,17-Apr-17
OPTSTK,UPL,29-Jun-17,480,CE,0,0,0,242.45,261.95,0,0,0,0,17-Apr-17
OPTSTK,UPL,29-Jun-17,500,CE,0,0,0,222.75,242.25,0,0,0,0,17-Apr-17
OPTSTK,UPL,29-Jun-17,520,CE,0,0,0,203.1,222.5,0,0,0,0,17-Apr-17
OPTSTK,UPL,29-Jun-17,540,CE,0,0,0,183.5,202.75,0,0,0,0,17-Apr-17
OPTSTK,UPL,29-Jun-17,560,CE,0,0,0,164,183,0,0,0,0,17-Apr-17
OPTSTK,UPL,29-Jun-17,580,CE,0,0,0,144.65,163.3,0,0,0,0,17-Apr-17
OPTSTK,UPL,29-Jun-17,600,CE,0,0,0,125.65,143.65,0,0,0,0,17-Apr-17
OPTSTK,UPL,29-Jun-17,620,CE,0,0,0,107.25,124.2,0,0,0,0,17-Apr-17
OPTSTK,UPL,29-Jun-17,640,CE,0,0,0,89.75,105.15,0,0,0,0,17-Apr-17
OPTSTK,UPL,29-Jun-17,660,CE,0,0,0,73.45,86.75,0,0,0,0,17-Apr-17
OPTSTK,UPL,29-Jun-17,680,CE,0,0,0,58.7,69.5,0,0,0,0,17-Apr-17
OPTSTK,UPL,29-Jun-17,700,CE,0,0,0,45.75,53.9,0,0,0,0,17-Apr-17
OPTSTK,UPL,29-Jun-17,720,CE,0,0,0,34.75,40.2,0,0,0,0,17-Apr-17
OPTSTK,UPL,29-Jun-17,740,CE,0,0,0,40.2,28.85,0,0,1200,0,17-Apr-17
OPTSTK,UPL,29-Jun-17,760,CE,0,0,0,18.45,19.85,0,0,0,0,17-Apr-17
OPTSTK,UPL,29-Jun-17,780,CE,0,0,0,12.95,13.1,0,0,0,0,17-Apr-17
OPTSTK,UPL,29-Jun-17,800,CE,0,0,0,18.9,8.3,0,0,1200,0,17-Apr-17
OPTSTK,UPL,29-Jun-17,820,CE,0,0,0,5.9,5.05,0,0,0,0,17-Apr-17
OPTSTK,UPL,29-Jun-17,840,CE,0,0,0,3.8,2.95,0,0,0,0,17-Apr-17
OPTSTK,UPL,29-Jun-17,860,CE,0,0,0,2.4,1.65,0,0,0,0,17-Apr-17
OPTSTK,UPL,29-Jun-17,880,CE,0,0,0,1.5,0.9,0,0,0,0,17-Apr-17
OPTSTK,UPL,29-Jun-17,900,CE,0,0,0,0.9,0.45,0,0,0,0,17-Apr-17
OPTSTK,UPL,29-Jun-17,460,PE,0,0,0,0.05,0,0,0,0,0,17-Apr-17
OPTSTK,UPL,29-Jun-17,480,PE,0,0,0,0.05,0,0,0,0,0,17-Apr-17
OPTSTK,UPL,29-Jun-17,500,PE,0,0,0,0.05,0,0,0,0,0,17-Apr-17
OPTSTK,UPL,29-Jun-17,520,PE,0,0,0,0.05,0,0,0,0,0,17-Apr-17
OPTSTK,UPL,29-Jun-17,540,PE,0,0,0,0.1,0,0,0,0,0,17-Apr-17
OPTSTK,UPL,29-Jun-17,560,PE,0,0,0,0.25,0.05,0,0,0,0,17-Apr-17
OPTSTK,UPL,29-Jun-17,580,PE,0,0,0,0.55,0.05,0,0,0,0,17-Apr-17
OPTSTK,UPL,29-Jun-17,600,PE,0,0,0,1.25,0.15,0,0,0,0,17-Apr-17
OPTSTK,UPL,29-Jun-17,620,PE,0,0,0,2.55,0.45,0,0,0,0,17-Apr-17
OPTSTK,UPL,29-Jun-17,640,PE,0,0,0,4.7,1.1,0,0,0,0,17-Apr-17
OPTSTK,UPL,29-Jun-17,660,PE,0,0,0,8.1,2.5,0,0,0,0,17-Apr-17
OPTSTK,UPL,29-Jun-17,680,PE,0,0,0,13,5,0,0,0,0,17-Apr-17
OPTSTK,UPL,29-Jun-17,700,PE,0,0,0,19.7,9.1,0,0,0,0,17-Apr-17
OPTSTK,UPL,29-Jun-17,720,PE,0,0,0,28.35,15.15,0,0,0,0,17-Apr-17
OPTSTK,UPL,29-Jun-17,740,PE,0,0,0,38.95,23.55,0,0,0,0,17-Apr-17
OPTSTK,UPL,29-Jun-17,760,PE,0,0,0,51.45,34.3,0,0,0,0,17-Apr-17
OPTSTK,UPL,29-Jun-17,780,PE,0,0,0,65.6,47.3,0,0,0,0,17-Apr-17
OPTSTK,UPL,29-Jun-17,800,PE,0,0,0,81.15,62.25,0,0,0,0,17-Apr-17
OPTSTK,UPL,29-Jun-17,820,PE,0,0,0,97.85,78.7,0,0,0,0,17-Apr-17
OPTSTK,UPL,29-Jun-17,840,PE,0,0,0,115.45,96.35,0,0,0,0,17-Apr-17
OPTSTK,UPL,29-Jun-17,860,PE,0,0,0,133.75,114.8,0,0,0,0,17-Apr-17
OPTSTK,UPL,29-Jun-17,880,PE,0,0,0,152.5,133.8,0,0,0,0,17-Apr-17
OPTSTK,UPL,29-Jun-17,900,PE,0,0,0,171.55,153.1,0,0,0,0,17-Apr-17
OPTSTK,VEDL,27-Apr-17,160,CE,0,0,0,91.2,76.1,0,0,3500,0,17-Apr-17
OPTSTK,VEDL,27-Apr-17,165,CE,0,0,0,88.25,71.1,0,0,0,0,17-Apr-17
OPTSTK,VEDL,27-Apr-17,170,CE,0,0,0,78.9,66.1,0,0,14000,0,17-Apr-17
OPTSTK,VEDL,27-Apr-17,175,CE,0,0,0,100.4,61.1,0,0,0,0,17-Apr-17
OPTSTK,VEDL,27-Apr-17,180,CE,0,0,0,69,56.15,0,0,3500,0,17-Apr-17
OPTSTK,VEDL,27-Apr-17,185,CE,0,0,0,90.45,51.15,0,0,0,0,17-Apr-17
OPTSTK,VEDL,27-Apr-17,190,CE,0,0,0,60.8,46.15,0,0,38500,0,17-Apr-17
OPTSTK,VEDL,27-Apr-17,195,CE,0,0,0,80.5,41.15,0,0,0,0,17-Apr-17
OPTSTK,VEDL,27-Apr-17,200,CE,0,0,0,45,36.2,0,0,63000,0,17-Apr-17
OPTSTK,VEDL,27-Apr-17,205,CE,0,0,0,70.55,31.3,0,0,0,0,17-Apr-17
OPTSTK,VEDL,27-Apr-17,210,CE,28.5,28.5,28.5,28.5,28.5,1,8.34,3500,3500,17-Apr-17
OPTSTK,VEDL,27-Apr-17,215,CE,0,0,0,60.65,21.85,0,0,0,0,17-Apr-17
OPTSTK,VEDL,27-Apr-17,220,CE,21.7,22.55,18,18,18,6,50.52,52500,3500,17-Apr-17
OPTSTK,VEDL,27-Apr-17,225,CE,0,0,0,50.8,13.55,0,0,0,0,17-Apr-17
OPTSTK,VEDL,27-Apr-17,230,CE,11.3,12.55,8.9,9.75,9.75,35,294.99,91000,66500,17-Apr-17
OPTSTK,VEDL,27-Apr-17,235,CE,9.2,9.2,6.4,7.1,7.1,29,245.8,70000,66500,17-Apr-17
OPTSTK,VEDL,27-Apr-17,240,CE,6.5,7.65,4.05,4.55,4.55,1406,12082.19,1470000,1274000,17-Apr-17
OPTSTK,VEDL,27-Apr-17,245,CE,4.5,5.3,2.75,3.05,3.05,311,2708.66,350000,217000,17-Apr-17
OPTSTK,VEDL,27-Apr-17,250,CE,4.4,4.4,1.9,2.1,2.1,1894,16746.39,2758000,983500,17-Apr-17
OPTSTK,VEDL,27-Apr-17,255,CE,2.5,2.6,1.35,1.5,1.5,329,2958.23,735000,119000,17-Apr-17
OPTSTK,VEDL,27-Apr-17,260,CE,2.45,2.45,1,1.1,1.1,1570,14361.03,5008500,556500,17-Apr-17
OPTSTK,VEDL,27-Apr-17,265,CE,1.45,1.95,0.75,0.85,0.85,210,1954.84,724500,-66500,17-Apr-17
OPTSTK,VEDL,27-Apr-17,270,CE,1,1,0.6,0.65,0.65,1126,10668.93,5302500,171500,17-Apr-17
OPTSTK,VEDL,27-Apr-17,275,CE,0.9,0.9,0.4,0.45,0.45,200,1928.8,997500,17500,17-Apr-17
OPTSTK,VEDL,27-Apr-17,280,CE,0.6,0.6,0.3,0.4,0.4,733,7194.1,4347000,45500,17-Apr-17
OPTSTK,VEDL,27-Apr-17,285,CE,0.3,0.3,0.2,0.2,0.2,25,249.61,154000,-14000,17-Apr-17
OPTSTK,VEDL,27-Apr-17,290,CE,0.25,0.3,0.2,0.2,0.2,97,985.34,1323000,-119000,17-Apr-17
OPTSTK,VEDL,27-Apr-17,295,CE,0.2,0.2,0.15,0.2,0.2,3,30.99,28000,0,17-Apr-17
OPTSTK,VEDL,27-Apr-17,300,CE,0.25,0.25,0.15,0.2,0.2,93,977.11,1484000,49000,17-Apr-17
OPTSTK,VEDL,27-Apr-17,305,CE,0.25,0.25,0.25,0.25,0.25,1,10.68,38500,0,17-Apr-17
OPTSTK,VEDL,27-Apr-17,310,CE,0.15,0.15,0.05,0.1,0.1,35,379.89,150500,-66500,17-Apr-17
OPTSTK,VEDL,27-Apr-17,315,CE,0,0,0,1.25,0,0,0,0,0,17-Apr-17
OPTSTK,VEDL,27-Apr-17,320,CE,0,0,0,0.15,0,0,0,98000,0,17-Apr-17
OPTSTK,VEDL,27-Apr-17,325,CE,0,0,0,0.65,0,0,0,0,0,17-Apr-17
OPTSTK,VEDL,27-Apr-17,160,PE,0,0,0,0.05,0,0,0,14000,0,17-Apr-17
OPTSTK,VEDL,27-Apr-17,165,PE,0,0,0,0.05,0,0,0,0,0,17-Apr-17
OPTSTK,VEDL,27-Apr-17,170,PE,0,0,0,0.55,0,0,0,0,0,17-Apr-17
OPTSTK,VEDL,27-Apr-17,175,PE,0,0,0,0.05,0,0,0,0,0,17-Apr-17
OPTSTK,VEDL,27-Apr-17,180,PE,0,0,0,0.2,0,0,0,3500,0,17-Apr-17
OPTSTK,VEDL,27-Apr-17,185,PE,0,0,0,0.05,0,0,0,0,0,17-Apr-17
OPTSTK,VEDL,27-Apr-17,190,PE,0,0,0,1.85,0,0,0,0,0,17-Apr-17
OPTSTK,VEDL,27-Apr-17,195,PE,0,0,0,0.05,0.05,0,0,0,0,17-Apr-17
OPTSTK,VEDL,27-Apr-17,200,PE,0.15,0.4,0.1,0.15,0.15,23,161.18,73500,28000,17-Apr-17
OPTSTK,VEDL,27-Apr-17,205,PE,0,0,0,0.05,0.15,0,0,0,0,17-Apr-17
OPTSTK,VEDL,27-Apr-17,210,PE,0.85,0.85,0.3,0.4,0.4,80,589.21,157500,126000,17-Apr-17
OPTSTK,VEDL,27-Apr-17,215,PE,0.45,0.45,0.45,0.45,0.45,1,7.54,3500,3500,17-Apr-17
OPTSTK,VEDL,27-Apr-17,220,PE,0.95,1.3,0.7,1.1,1.1,526,4068.79,994000,238000,17-Apr-17
OPTSTK,VEDL,27-Apr-17,225,PE,2,2.1,1.3,1.9,1.9,30,238.15,105000,56000,17-Apr-17
OPTSTK,VEDL,27-Apr-17,230,PE,2.45,3.5,1.85,3.05,3.05,1055,8588.19,1463000,143500,17-Apr-17
OPTSTK,VEDL,27-Apr-17,235,PE,4.2,5.5,3,4.95,4.95,291,2438.96,227500,147000,17-Apr-17
OPTSTK,VEDL,27-Apr-17,240,PE,5.45,8.2,4.45,7.35,7.35,1163,10022.44,1767500,-105000,17-Apr-17
OPTSTK,VEDL,27-Apr-17,245,PE,8.8,11.5,7.1,10.2,10.2,58,515.84,136500,-66500,17-Apr-17
OPTSTK,VEDL,27-Apr-17,250,PE,11.45,15.85,10.3,14.95,14.95,143,1316.04,913500,-87500,17-Apr-17
OPTSTK,VEDL,27-Apr-17,255,PE,18.15,19.8,16.2,19.15,19.15,7,66.75,87500,-3500,17-Apr-17
OPTSTK,VEDL,27-Apr-17,260,PE,21,25.3,18.8,23.75,23.75,46,452.21,994000,-73500,17-Apr-17
OPTSTK,VEDL,27-Apr-17,265,PE,0,0,0,12.3,29.1,0,0,7000,0,17-Apr-17
OPTSTK,VEDL,27-Apr-17,270,PE,29.85,33.3,29.85,33.3,33.3,9,94.81,175000,-7000,17-Apr-17
OPTSTK,VEDL,27-Apr-17,275,PE,0,0,0,31.35,38.85,0,0,3500,0,17-Apr-17
OPTSTK,VEDL,27-Apr-17,280,PE,39,43,39,43,43,2,22.47,45500,7000,17-Apr-17
OPTSTK,VEDL,27-Apr-17,285,PE,0,0,0,16.2,48.75,0,0,0,0,17-Apr-17
OPTSTK,VEDL,27-Apr-17,290,PE,0,0,0,35,53.7,0,0,7000,0,17-Apr-17
OPTSTK,VEDL,27-Apr-17,295,PE,0,0,0,23.25,58.7,0,0,0,0,17-Apr-17
OPTSTK,VEDL,27-Apr-17,300,PE,0,0,0,43.6,63.7,0,0,10500,0,17-Apr-17
OPTSTK,VEDL,27-Apr-17,305,PE,0,0,0,31.35,68.7,0,0,0,0,17-Apr-17
OPTSTK,VEDL,27-Apr-17,310,PE,0,0,0,55.3,73.7,0,0,0,0,17-Apr-17
OPTSTK,VEDL,27-Apr-17,315,PE,0,0,0,40.2,78.65,0,0,0,0,17-Apr-17
OPTSTK,VEDL,27-Apr-17,320,PE,0,0,0,66.6,83.65,0,0,3500,0,17-Apr-17
OPTSTK,VEDL,27-Apr-17,325,PE,0,0,0,49.5,88.65,0,0,0,0,17-Apr-17
OPTSTK,VEDL,25-May-17,160,CE,0,0,0,105.55,76.9,0,0,0,0,17-Apr-17
OPTSTK,VEDL,25-May-17,165,CE,0,0,0,89.05,71.95,0,0,0,0,17-Apr-17
OPTSTK,VEDL,25-May-17,170,CE,0,0,0,95.9,67.05,0,0,0,0,17-Apr-17
OPTSTK,VEDL,25-May-17,175,CE,0,0,0,101.3,62.1,0,0,0,0,17-Apr-17
OPTSTK,VEDL,25-May-17,180,CE,0,0,0,86.4,57.25,0,0,0,0,17-Apr-17
OPTSTK,VEDL,25-May-17,185,CE,0,0,0,91.4,52.45,0,0,0,0,17-Apr-17
OPTSTK,VEDL,25-May-17,190,CE,0,0,0,77.15,47.7,0,0,0,0,17-Apr-17
OPTSTK,VEDL,25-May-17,195,CE,0,0,0,81.55,43.1,0,0,0,0,17-Apr-17
OPTSTK,VEDL,25-May-17,200,CE,0,0,0,53,38.65,0,0,3500,0,17-Apr-17
OPTSTK,VEDL,25-May-17,205,CE,0,0,0,71.8,34.35,0,0,0,0,17-Apr-17
OPTSTK,VEDL,25-May-17,210,CE,0,0,0,59.75,30.25,0,0,0,0,17-Apr-17
OPTSTK,VEDL,25-May-17,215,CE,0,0,0,62.2,26.45,0,0,0,0,17-Apr-17
OPTSTK,VEDL,25-May-17,220,CE,0,0,0,40.05,22.85,0,0,3500,0,17-Apr-17
OPTSTK,VEDL,25-May-17,225,CE,16.15,16.15,16.15,16.15,16.15,1,8.44,3500,3500,17-Apr-17
OPTSTK,VEDL,25-May-17,230,CE,13.7,13.7,13.7,13.7,13.7,1,8.52,3500,3500,17-Apr-17
OPTSTK,VEDL,25-May-17,235,CE,11.85,11.85,11.4,11.4,11.4,3,25.9,7000,7000,17-Apr-17
OPTSTK,VEDL,25-May-17,240,CE,12.25,12.25,9.5,9.5,9.5,6,52.54,28000,21000,17-Apr-17
OPTSTK,VEDL,25-May-17,245,CE,0,0,0,35.8,9.6,0,0,0,0,17-Apr-17
OPTSTK,VEDL,25-May-17,250,CE,6.15,7.6,6,6,6,14,125.7,101500,31500,17-Apr-17
OPTSTK,VEDL,25-May-17,255,CE,4.8,4.8,4.8,4.8,4.8,2,18.18,7000,7000,17-Apr-17
OPTSTK,VEDL,25-May-17,260,CE,5,5.5,3.7,3.7,3.7,8,74.08,49000,24500,17-Apr-17
OPTSTK,VEDL,25-May-17,265,CE,4,4,4,4,4,1,9.41,10500,3500,17-Apr-17
OPTSTK,VEDL,25-May-17,270,CE,3.5,4,2.5,2.65,2.65,14,133.91,56000,10500,17-Apr-17
OPTSTK,VEDL,25-May-17,275,CE,0,0,0,16.5,2.5,0,0,0,0,17-Apr-17
OPTSTK,VEDL,25-May-17,280,CE,0,0,0,5.5,1.95,0,0,3500,0,17-Apr-17
OPTSTK,VEDL,25-May-17,285,CE,1.5,1.5,1.5,1.5,1.5,1,10.02,3500,3500,17-Apr-17
OPTSTK,VEDL,25-May-17,290,CE,0,0,0,14.45,1.15,0,0,0,0,17-Apr-17
OPTSTK,VEDL,25-May-17,295,CE,0,0,0,8.65,0.85,0,0,0,0,17-Apr-17
OPTSTK,VEDL,25-May-17,300,CE,1.4,1.4,1,1,1,3,31.62,56000,7000,17-Apr-17
OPTSTK,VEDL,25-May-17,305,CE,0,0,0,6.05,0.5,0,0,0,0,17-Apr-17
OPTSTK,VEDL,25-May-17,310,CE,0,0,0,9.3,0.35,0,0,0,0,17-Apr-17
OPTSTK,VEDL,25-May-17,315,CE,0,0,0,4.1,0.3,0,0,0,0,17-Apr-17
OPTSTK,VEDL,25-May-17,320,CE,0,0,0,7.35,0.2,0,0,0,0,17-Apr-17
OPTSTK,VEDL,25-May-17,325,CE,0,0,0,2.75,0.15,0,0,0,0,17-Apr-17
OPTSTK,VEDL,25-May-17,160,PE,0,0,0,0.15,0.05,0,0,0,0,17-Apr-17
OPTSTK,VEDL,25-May-17,165,PE,0,0,0,0.05,0.05,0,0,0,0,17-Apr-17
OPTSTK,VEDL,25-May-17,170,PE,0,0,0,0.35,0.1,0,0,0,0,17-Apr-17
OPTSTK,VEDL,25-May-17,175,PE,0,0,0,0.05,0.15,0,0,0,0,17-Apr-17
OPTSTK,VEDL,25-May-17,180,PE,0,0,0,0.7,0.25,0,0,0,0,17-Apr-17
OPTSTK,VEDL,25-May-17,185,PE,0,0,0,0.05,0.4,0,0,0,0,17-Apr-17
OPTSTK,VEDL,25-May-17,190,PE,0,0,0,1.3,0.65,0,0,0,0,17-Apr-17
OPTSTK,VEDL,25-May-17,195,PE,0,0,0,0.1,1,0,0,0,0,17-Apr-17
OPTSTK,VEDL,25-May-17,200,PE,0,0,0,2.25,1.5,0,0,0,0,17-Apr-17
OPTSTK,VEDL,25-May-17,205,PE,0,0,0,0.2,2.15,0,0,0,0,17-Apr-17
OPTSTK,VEDL,25-May-17,210,PE,0,0,0,3.6,3.05,0,0,0,0,17-Apr-17
OPTSTK,VEDL,25-May-17,215,PE,0,0,0,0.5,4.2,0,0,0,0,17-Apr-17
OPTSTK,VEDL,25-May-17,220,PE,6,6,6,6,6,1,7.91,3500,3500,17-Apr-17
OPTSTK,VEDL,25-May-17,225,PE,0,0,0,1.05,7.3,0,0,0,0,17-Apr-17
OPTSTK,VEDL,25-May-17,230,PE,9,9.75,8.65,9.1,9.1,10,83.75,38500,35000,17-Apr-17
OPTSTK,VEDL,25-May-17,235,PE,11.5,11.9,11.5,11.9,11.9,3,25.9,7000,7000,17-Apr-17
OPTSTK,VEDL,25-May-17,240,PE,14.2,15.25,13.8,14.35,14.35,5,44.53,17500,17500,17-Apr-17
OPTSTK,VEDL,25-May-17,245,PE,0,0,0,3.8,17.15,0,0,0,0,17-Apr-17
OPTSTK,VEDL,25-May-17,250,PE,19.9,19.9,18.75,18.75,18.75,2,18.85,42000,0,17-Apr-17
OPTSTK,VEDL,25-May-17,255,PE,0,0,0,6.3,23.8,0,0,0,0,17-Apr-17
OPTSTK,VEDL,25-May-17,260,PE,0,0,0,15.75,27.55,0,0,7000,0,17-Apr-17
OPTSTK,VEDL,25-May-17,265,PE,0,0,0,9.75,31.45,0,0,0,0,17-Apr-17
OPTSTK,VEDL,25-May-17,270,PE,0,0,0,24.7,35.55,0,0,0,0,17-Apr-17
OPTSTK,VEDL,25-May-17,275,PE,0,0,0,14.2,39.85,0,0,0,0,17-Apr-17
OPTSTK,VEDL,25-May-17,280,PE,0,0,0,30.55,44.25,0,0,0,0,17-Apr-17
OPTSTK,VEDL,25-May-17,285,PE,0,0,0,19.7,48.75,0,0,0,0,17-Apr-17
OPTSTK,VEDL,25-May-17,290,PE,0,0,0,37.05,53.4,0,0,0,0,17-Apr-17
OPTSTK,VEDL,25-May-17,295,PE,0,0,0,26.15,58.05,0,0,0,0,17-Apr-17
OPTSTK,VEDL,25-May-17,300,PE,0,0,0,44.05,62.85,0,0,0,0,17-Apr-17
OPTSTK,VEDL,25-May-17,305,PE,0,0,0,33.45,67.65,0,0,0,0,17-Apr-17
OPTSTK,VEDL,25-May-17,310,PE,0,0,0,51.55,72.5,0,0,0,0,17-Apr-17
OPTSTK,VEDL,25-May-17,315,PE,0,0,0,41.4,77.35,0,0,0,0,17-Apr-17
OPTSTK,VEDL,25-May-17,320,PE,0,0,0,59.5,82.25,0,0,0,0,17-Apr-17
OPTSTK,VEDL,25-May-17,325,PE,0,0,0,49.9,87.15,0,0,0,0,17-Apr-17
OPTSTK,VEDL,29-Jun-17,175,CE,0,0,0,102.45,63.85,0,0,0,0,17-Apr-17
OPTSTK,VEDL,29-Jun-17,180,CE,0,0,0,97.6,59.3,0,0,0,0,17-Apr-17
OPTSTK,VEDL,29-Jun-17,185,CE,0,0,0,92.7,54.8,0,0,0,0,17-Apr-17
OPTSTK,VEDL,29-Jun-17,190,CE,0,0,0,87.9,50.45,0,0,0,0,17-Apr-17
OPTSTK,VEDL,29-Jun-17,195,CE,0,0,0,83.1,46.25,0,0,0,0,17-Apr-17
OPTSTK,VEDL,29-Jun-17,200,CE,0,0,0,78.35,42.2,0,0,0,0,17-Apr-17
OPTSTK,VEDL,29-Jun-17,205,CE,0,0,0,73.65,38.35,0,0,0,0,17-Apr-17
OPTSTK,VEDL,29-Jun-17,210,CE,0,0,0,69,34.65,0,0,0,0,17-Apr-17
OPTSTK,VEDL,29-Jun-17,215,CE,0,0,0,64.45,31.2,0,0,0,0,17-Apr-17
OPTSTK,VEDL,29-Jun-17,220,CE,0,0,0,60,27.95,0,0,0,0,17-Apr-17
OPTSTK,VEDL,29-Jun-17,225,CE,0,0,0,55.7,24.95,0,0,0,0,17-Apr-17
OPTSTK,VEDL,29-Jun-17,230,CE,0,0,0,51.5,22.15,0,0,0,0,17-Apr-17
OPTSTK,VEDL,29-Jun-17,235,CE,0,0,0,47.45,19.6,0,0,0,0,17-Apr-17
OPTSTK,VEDL,29-Jun-17,240,CE,0,0,0,43.55,17.25,0,0,0,0,17-Apr-17
OPTSTK,VEDL,29-Jun-17,245,CE,0,0,0,39.85,15.1,0,0,0,0,17-Apr-17
OPTSTK,VEDL,29-Jun-17,250,CE,0,0,0,36.3,13.2,0,0,0,0,17-Apr-17
OPTSTK,VEDL,29-Jun-17,255,CE,0,0,0,32.95,11.5,0,0,0,0,17-Apr-17
OPTSTK,VEDL,29-Jun-17,260,CE,0,0,0,29.8,9.95,0,0,0,0,17-Apr-17
OPTSTK,VEDL,29-Jun-17,265,CE,0,0,0,26.85,8.6,0,0,0,0,17-Apr-17
OPTSTK,VEDL,29-Jun-17,270,CE,0,0,0,24.1,7.4,0,0,0,0,17-Apr-17
OPTSTK,VEDL,29-Jun-17,275,CE,0,0,0,21.55,6.35,0,0,0,0,17-Apr-17
OPTSTK,VEDL,29-Jun-17,280,CE,0,0,0,19.2,5.4,0,0,0,0,17-Apr-17
OPTSTK,VEDL,29-Jun-17,285,CE,0,0,0,17.05,4.6,0,0,0,0,17-Apr-17
OPTSTK,VEDL,29-Jun-17,290,CE,0,0,0,15.1,3.9,0,0,0,0,17-Apr-17
OPTSTK,VEDL,29-Jun-17,295,CE,0,0,0,13.3,3.3,0,0,0,0,17-Apr-17
OPTSTK,VEDL,29-Jun-17,300,CE,0,0,0,11.7,2.8,0,0,0,0,17-Apr-17
OPTSTK,VEDL,29-Jun-17,305,CE,0,0,0,10.25,2.35,0,0,0,0,17-Apr-17
OPTSTK,VEDL,29-Jun-17,310,CE,0,0,0,8.95,1.95,0,0,0,0,17-Apr-17
OPTSTK,VEDL,29-Jun-17,315,CE,0,0,0,7.8,1.65,0,0,0,0,17-Apr-17
OPTSTK,VEDL,29-Jun-17,320,CE,0,0,0,6.75,1.35,0,0,0,0,17-Apr-17
OPTSTK,VEDL,29-Jun-17,325,CE,0,0,0,5.85,1.15,0,0,0,0,17-Apr-17
OPTSTK,VEDL,29-Jun-17,175,PE,0,0,0,0.1,0.8,0,0,0,0,17-Apr-17
OPTSTK,VEDL,29-Jun-17,180,PE,0,0,0,0.1,1.15,0,0,0,0,17-Apr-17
OPTSTK,VEDL,29-Jun-17,185,PE,0,0,0,0.15,1.6,0,0,0,0,17-Apr-17
OPTSTK,VEDL,29-Jun-17,190,PE,0,0,0,0.25,2.2,0,0,0,0,17-Apr-17
OPTSTK,VEDL,29-Jun-17,195,PE,0,0,0,0.35,2.9,0,0,0,0,17-Apr-17
OPTSTK,VEDL,29-Jun-17,200,PE,0,0,0,0.55,3.8,0,0,0,0,17-Apr-17
OPTSTK,VEDL,29-Jun-17,205,PE,0,0,0,0.75,4.9,0,0,0,0,17-Apr-17
OPTSTK,VEDL,29-Jun-17,210,PE,0,0,0,1.05,6.15,0,0,0,0,17-Apr-17
OPTSTK,VEDL,29-Jun-17,215,PE,0,0,0,1.4,7.6,0,0,0,0,17-Apr-17
OPTSTK,VEDL,29-Jun-17,220,PE,0,0,0,1.9,9.3,0,0,0,0,17-Apr-17
OPTSTK,VEDL,29-Jun-17,225,PE,0,0,0,2.5,11.25,0,0,0,0,17-Apr-17
OPTSTK,VEDL,29-Jun-17,230,PE,0,0,0,3.2,13.4,0,0,0,0,17-Apr-17
OPTSTK,VEDL,29-Jun-17,235,PE,0,0,0,4.05,15.75,0,0,0,0,17-Apr-17
OPTSTK,VEDL,29-Jun-17,240,PE,0,0,0,5.1,18.35,0,0,0,0,17-Apr-17
OPTSTK,VEDL,29-Jun-17,245,PE,0,0,0,6.3,21.15,0,0,0,0,17-Apr-17
OPTSTK,VEDL,29-Jun-17,250,PE,0,0,0,7.65,24.15,0,0,0,0,17-Apr-17
OPTSTK,VEDL,29-Jun-17,255,PE,0,0,0,9.25,27.4,0,0,0,0,17-Apr-17
OPTSTK,VEDL,29-Jun-17,260,PE,0,0,0,11,30.8,0,0,0,0,17-Apr-17
OPTSTK,VEDL,29-Jun-17,265,PE,0,0,0,12.95,34.35,0,0,0,0,17-Apr-17
OPTSTK,VEDL,29-Jun-17,270,PE,0,0,0,15.15,38.1,0,0,0,0,17-Apr-17
OPTSTK,VEDL,29-Jun-17,275,PE,0,0,0,17.5,42,0,0,0,0,17-Apr-17
OPTSTK,VEDL,29-Jun-17,280,PE,0,0,0,20.1,46,0,0,0,0,17-Apr-17
OPTSTK,VEDL,29-Jun-17,285,PE,0,0,0,22.85,50.1,0,0,0,0,17-Apr-17
OPTSTK,VEDL,29-Jun-17,290,PE,0,0,0,25.8,54.35,0,0,0,0,17-Apr-17
OPTSTK,VEDL,29-Jun-17,295,PE,0,0,0,28.95,58.7,0,0,0,0,17-Apr-17
OPTSTK,VEDL,29-Jun-17,300,PE,0,0,0,32.25,63.1,0,0,0,0,17-Apr-17
OPTSTK,VEDL,29-Jun-17,305,PE,0,0,0,35.7,67.6,0,0,0,0,17-Apr-17
OPTSTK,VEDL,29-Jun-17,310,PE,0,0,0,39.35,72.15,0,0,0,0,17-Apr-17
OPTSTK,VEDL,29-Jun-17,315,PE,0,0,0,43.1,76.75,0,0,0,0,17-Apr-17
OPTSTK,VEDL,29-Jun-17,320,PE,0,0,0,47,81.45,0,0,0,0,17-Apr-17
OPTSTK,VEDL,29-Jun-17,325,PE,0,0,0,51,86.15,0,0,0,0,17-Apr-17
OPTSTK,VOLTAS,27-Apr-17,210,CE,0,0,0,119.6,197.85,0,0,0,0,17-Apr-17
OPTSTK,VOLTAS,27-Apr-17,220,CE,0,0,0,109.9,187.85,0,0,0,0,17-Apr-17
OPTSTK,VOLTAS,27-Apr-17,230,CE,0,0,0,100.25,177.85,0,0,0,0,17-Apr-17
OPTSTK,VOLTAS,27-Apr-17,240,CE,0,0,0,90.8,167.9,0,0,0,0,17-Apr-17
OPTSTK,VOLTAS,27-Apr-17,250,CE,0,0,0,81.55,157.9,0,0,0,0,17-Apr-17
OPTSTK,VOLTAS,27-Apr-17,260,CE,0,0,0,72.6,147.9,0,0,0,0,17-Apr-17
OPTSTK,VOLTAS,27-Apr-17,270,CE,0,0,0,64.05,137.95,0,0,0,0,17-Apr-17
OPTSTK,VOLTAS,27-Apr-17,280,CE,0,0,0,55.95,127.95,0,0,0,0,17-Apr-17
OPTSTK,VOLTAS,27-Apr-17,290,CE,0,0,0,48.4,117.95,0,0,0,0,17-Apr-17
OPTSTK,VOLTAS,27-Apr-17,300,CE,0,0,0,41.45,108,0,0,0,0,17-Apr-17
OPTSTK,VOLTAS,27-Apr-17,310,CE,0,0,0,35.15,98,0,0,0,0,17-Apr-17
OPTSTK,VOLTAS,27-Apr-17,320,CE,0,0,0,29.5,88.05,0,0,0,0,17-Apr-17
OPTSTK,VOLTAS,27-Apr-17,330,CE,0,0,0,24.5,78.05,0,0,0,0,17-Apr-17
OPTSTK,VOLTAS,27-Apr-17,340,CE,0,0,0,72,68.05,0,0,2000,0,17-Apr-17
OPTSTK,VOLTAS,27-Apr-17,350,CE,0,0,0,16.45,58.1,0,0,0,0,17-Apr-17
OPTSTK,VOLTAS,27-Apr-17,360,CE,0,0,0,27,48.1,0,0,2000,0,17-Apr-17
OPTSTK,VOLTAS,27-Apr-17,370,CE,0,0,0,41.5,38.2,0,0,2000,0,17-Apr-17
OPTSTK,VOLTAS,27-Apr-17,380,CE,0,0,0,33.9,28.55,0,0,2000,0,17-Apr-17
OPTSTK,VOLTAS,27-Apr-17,390,CE,0,0,0,30.4,19.6,0,0,8000,0,17-Apr-17
OPTSTK,VOLTAS,27-Apr-17,400,CE,13.8,14.7,12.25,14.25,14.25,7,57.9,90000,4000,17-Apr-17
OPTSTK,VOLTAS,27-Apr-17,410,CE,8.75,9.25,6.4,8.65,8.65,102,851.79,244000,4000,17-Apr-17
OPTSTK,VOLTAS,27-Apr-17,420,CE,4.85,5.5,3.6,5.1,5.1,259,2198.57,798000,-24000,17-Apr-17
OPTSTK,VOLTAS,27-Apr-17,430,CE,3.1,3.1,1.7,2.9,2.9,146,1262.52,430000,4000,17-Apr-17
OPTSTK,VOLTAS,27-Apr-17,440,CE,1.8,1.9,1.2,1.7,1.7,91,803.43,486000,10000,17-Apr-17
OPTSTK,VOLTAS,27-Apr-17,450,CE,1.45,1.45,0.75,1,1,50,450.9,274000,-6000,17-Apr-17
OPTSTK,VOLTAS,27-Apr-17,460,CE,0.5,0.65,0.4,0.6,0.6,33,303.93,192000,10000,17-Apr-17
OPTSTK,VOLTAS,27-Apr-17,470,CE,0.3,0.35,0.3,0.35,0.35,4,37.62,90000,-4000,17-Apr-17
OPTSTK,VOLTAS,27-Apr-17,480,CE,0.25,0.25,0.15,0.2,0.2,14,134.45,52000,-28000,17-Apr-17
OPTSTK,VOLTAS,27-Apr-17,490,CE,0,0,0,0.25,0,0,0,22000,0,17-Apr-17
OPTSTK,VOLTAS,27-Apr-17,500,CE,0,0,0,0.5,0,0,0,0,0,17-Apr-17
OPTSTK,VOLTAS,27-Apr-17,210,PE,0,0,0,0.1,0,0,0,0,0,17-Apr-17
OPTSTK,VOLTAS,27-Apr-17,220,PE,0,0,0,0.25,0,0,0,0,0,17-Apr-17
OPTSTK,VOLTAS,27-Apr-17,230,PE,0,0,0,0.45,0,0,0,0,0,17-Apr-17
OPTSTK,VOLTAS,27-Apr-17,240,PE,0,0,0,0.8,0,0,0,0,0,17-Apr-17
OPTSTK,VOLTAS,27-Apr-17,250,PE,0,0,0,1.4,0,0,0,0,0,17-Apr-17
OPTSTK,VOLTAS,27-Apr-17,260,PE,0,0,0,2.3,0,0,0,0,0,17-Apr-17
OPTSTK,VOLTAS,27-Apr-17,270,PE,0,0,0,3.6,0,0,0,0,0,17-Apr-17
OPTSTK,VOLTAS,27-Apr-17,280,PE,0,0,0,5.3,0,0,0,0,0,17-Apr-17
OPTSTK,VOLTAS,27-Apr-17,290,PE,0,0,0,7.6,0,0,0,0,0,17-Apr-17
OPTSTK,VOLTAS,27-Apr-17,300,PE,0,0,0,10.45,0,0,0,0,0,17-Apr-17
OPTSTK,VOLTAS,27-Apr-17,310,PE,0,0,0,14,0,0,0,0,0,17-Apr-17
OPTSTK,VOLTAS,27-Apr-17,320,PE,0,0,0,18.2,0,0,0,0,0,17-Apr-17
OPTSTK,VOLTAS,27-Apr-17,330,PE,0,0,0,1.55,0,0,0,2000,0,17-Apr-17
OPTSTK,VOLTAS,27-Apr-17,340,PE,0,0,0,0.2,0,0,0,2000,0,17-Apr-17
OPTSTK,VOLTAS,27-Apr-17,350,PE,0,0,0,1.35,0,0,0,2000,0,17-Apr-17
OPTSTK,VOLTAS,27-Apr-17,360,PE,0.25,0.25,0.25,0.25,0.25,3,21.61,82000,0,17-Apr-17
OPTSTK,VOLTAS,27-Apr-17,370,PE,0.8,0.8,0.5,0.55,0.55,14,103.75,120000,0,17-Apr-17
OPTSTK,VOLTAS,27-Apr-17,380,PE,1.5,1.6,0.9,1,1,42,320.2,160000,-12000,17-Apr-17
OPTSTK,VOLTAS,27-Apr-17,390,PE,2.6,3.6,1.95,2.15,2.15,46,361.24,172000,-6000,17-Apr-17
OPTSTK,VOLTAS,27-Apr-17,400,PE,5.35,7,4.6,4.9,4.9,48,389.64,194000,-2000,17-Apr-17
OPTSTK,VOLTAS,27-Apr-17,410,PE,12.25,12.25,8.8,9.15,9.15,28,235.58,166000,-8000,17-Apr-17
OPTSTK,VOLTAS,27-Apr-17,420,PE,17.2,17.4,17.2,17.4,17.4,2,17.49,58000,-4000,17-Apr-17
OPTSTK,VOLTAS,27-Apr-17,430,PE,26,26,23,23,23,3,27.28,4000,-2000,17-Apr-17
OPTSTK,VOLTAS,27-Apr-17,440,PE,0,0,0,30.85,32.2,0,0,4000,0,17-Apr-17
OPTSTK,VOLTAS,27-Apr-17,450,PE,0,0,0,32.05,41.9,0,0,2000,0,17-Apr-17
OPTSTK,VOLTAS,27-Apr-17,460,PE,0,0,0,127.45,51.8,0,0,0,0,17-Apr-17
OPTSTK,VOLTAS,27-Apr-17,470,PE,0,0,0,137.05,61.75,0,0,0,0,17-Apr-17
OPTSTK,VOLTAS,27-Apr-17,480,PE,0,0,0,136.75,71.75,0,0,0,0,17-Apr-17
OPTSTK,VOLTAS,27-Apr-17,490,PE,0,0,0,137.25,81.7,0,0,0,0,17-Apr-17
OPTSTK,VOLTAS,27-Apr-17,500,PE,0,0,0,131.85,91.7,0,0,0,0,17-Apr-17
OPTSTK,VOLTAS,25-May-17,220,CE,0,0,0,140.3,188.95,0,0,0,0,17-Apr-17
OPTSTK,VOLTAS,25-May-17,230,CE,0,0,0,130.5,179,0,0,0,0,17-Apr-17
OPTSTK,VOLTAS,25-May-17,240,CE,0,0,0,120.7,169.1,0,0,0,0,17-Apr-17
OPTSTK,VOLTAS,25-May-17,250,CE,0,0,0,111,159.15,0,0,0,0,17-Apr-17
OPTSTK,VOLTAS,25-May-17,260,CE,0,0,0,101.45,149.2,0,0,0,0,17-Apr-17
OPTSTK,VOLTAS,25-May-17,270,CE,0,0,0,92,139.3,0,0,0,0,17-Apr-17
OPTSTK,VOLTAS,25-May-17,280,CE,0,0,0,82.8,129.35,0,0,0,0,17-Apr-17
OPTSTK,VOLTAS,25-May-17,290,CE,0,0,0,73.9,119.45,0,0,0,0,17-Apr-17
OPTSTK,VOLTAS,25-May-17,300,CE,0,0,0,65.35,109.5,0,0,0,0,17-Apr-17
OPTSTK,VOLTAS,25-May-17,310,CE,0,0,0,57.3,99.55,0,0,0,0,17-Apr-17
OPTSTK,VOLTAS,25-May-17,320,CE,0,0,0,49.75,89.65,0,0,0,0,17-Apr-17
OPTSTK,VOLTAS,25-May-17,330,CE,0,0,0,42.75,79.75,0,0,0,0,17-Apr-17
OPTSTK,VOLTAS,25-May-17,340,CE,0,0,0,36.4,69.95,0,0,0,0,17-Apr-17
OPTSTK,VOLTAS,25-May-17,350,CE,0,0,0,30.7,60.3,0,0,0,0,17-Apr-17
OPTSTK,VOLTAS,25-May-17,360,CE,0,0,0,25.65,50.9,0,0,0,0,17-Apr-17
OPTSTK,VOLTAS,25-May-17,370,CE,0,0,0,21.2,41.95,0,0,0,0,17-Apr-17
OPTSTK,VOLTAS,25-May-17,380,CE,0,0,0,17.4,33.65,0,0,0,0,17-Apr-17
OPTSTK,VOLTAS,25-May-17,390,CE,0,0,0,14.1,26.2,0,0,0,0,17-Apr-17
OPTSTK,VOLTAS,25-May-17,400,CE,0,0,0,11.35,19.7,0,0,0,0,17-Apr-17
OPTSTK,VOLTAS,25-May-17,410,CE,0,0,0,9.1,14.35,0,0,0,0,17-Apr-17
OPTSTK,VOLTAS,25-May-17,420,CE,0,0,0,7.2,10.05,0,0,0,0,17-Apr-17
OPTSTK,VOLTAS,25-May-17,430,CE,0,0,0,5.65,6.8,0,0,0,0,17-Apr-17
OPTSTK,VOLTAS,25-May-17,440,CE,0,0,0,4.45,4.45,0,0,0,0,17-Apr-17
OPTSTK,VOLTAS,25-May-17,450,CE,0,0,0,6.75,2.8,0,0,2000,0,17-Apr-17
OPTSTK,VOLTAS,25-May-17,460,CE,0,0,0,2.65,1.7,0,0,0,0,17-Apr-17
OPTSTK,VOLTAS,25-May-17,470,CE,0,0,0,2.05,1,0,0,0,0,17-Apr-17
OPTSTK,VOLTAS,25-May-17,480,CE,0,0,0,1.55,0.6,0,0,0,0,17-Apr-17
OPTSTK,VOLTAS,25-May-17,490,CE,0,0,0,1.15,0.35,0,0,0,0,17-Apr-17
OPTSTK,VOLTAS,25-May-17,500,CE,0,0,0,0.9,0.2,0,0,0,0,17-Apr-17
OPTSTK,VOLTAS,25-May-17,220,PE,0,0,0,0.05,0,0,0,0,0,17-Apr-17
OPTSTK,VOLTAS,25-May-17,230,PE,0,0,0,0.1,0,0,0,0,0,17-Apr-17
OPTSTK,VOLTAS,25-May-17,240,PE,0,0,0,0.15,0,0,0,0,0,17-Apr-17
OPTSTK,VOLTAS,25-May-17,250,PE,0,0,0,0.3,0,0,0,0,0,17-Apr-17
OPTSTK,VOLTAS,25-May-17,260,PE,0,0,0,0.55,0,0,0,0,0,17-Apr-17
OPTSTK,VOLTAS,25-May-17,270,PE,0,0,0,0.95,0,0,0,0,0,17-Apr-17
OPTSTK,VOLTAS,25-May-17,280,PE,0,0,0,1.6,0,0,0,0,0,17-Apr-17
OPTSTK,VOLTAS,25-May-17,290,PE,0,0,0,2.55,0,0,0,0,0,17-Apr-17
OPTSTK,VOLTAS,25-May-17,300,PE,0,0,0,3.85,0,0,0,0,0,17-Apr-17
OPTSTK,VOLTAS,25-May-17,310,PE,0,0,0,5.65,0.05,0,0,0,0,17-Apr-17
OPTSTK,VOLTAS,25-May-17,320,PE,0,0,0,7.95,0.05,0,0,0,0,17-Apr-17
OPTSTK,VOLTAS,25-May-17,330,PE,0,0,0,10.8,0.1,0,0,0,0,17-Apr-17
OPTSTK,VOLTAS,25-May-17,340,PE,0,0,0,14.25,0.2,0,0,0,0,17-Apr-17
OPTSTK,VOLTAS,25-May-17,350,PE,0,0,0,18.4,0.5,0,0,0,0,17-Apr-17
OPTSTK,VOLTAS,25-May-17,360,PE,0,0,0,23.2,1,0,0,0,0,17-Apr-17
OPTSTK,VOLTAS,25-May-17,370,PE,0,0,0,28.6,2,0,0,0,0,17-Apr-17
OPTSTK,VOLTAS,25-May-17,380,PE,0,0,0,34.6,3.65,0,0,0,0,17-Apr-17
OPTSTK,VOLTAS,25-May-17,390,PE,0,0,0,41.2,6.1,0,0,0,0,17-Apr-17
OPTSTK,VOLTAS,25-May-17,400,PE,0,0,0,48.3,9.55,0,0,0,0,17-Apr-17
OPTSTK,VOLTAS,25-May-17,410,PE,0,0,0,55.85,14.15,0,0,0,0,17-Apr-17
OPTSTK,VOLTAS,25-May-17,420,PE,0,0,0,63.8,19.8,0,0,0,0,17-Apr-17
OPTSTK,VOLTAS,25-May-17,430,PE,0,0,0,72.1,26.45,0,0,0,0,17-Apr-17
OPTSTK,VOLTAS,25-May-17,440,PE,0,0,0,80.7,34.05,0,0,0,0,17-Apr-17
OPTSTK,VOLTAS,25-May-17,450,PE,0,0,0,89.55,42.35,0,0,0,0,17-Apr-17
OPTSTK,VOLTAS,25-May-17,460,PE,0,0,0,98.65,51.15,0,0,0,0,17-Apr-17
OPTSTK,VOLTAS,25-May-17,470,PE,0,0,0,107.85,60.4,0,0,0,0,17-Apr-17
OPTSTK,VOLTAS,25-May-17,480,PE,0,0,0,117.2,69.9,0,0,0,0,17-Apr-17
OPTSTK,VOLTAS,25-May-17,490,PE,0,0,0,126.7,79.55,0,0,0,0,17-Apr-17
OPTSTK,VOLTAS,25-May-17,500,PE,0,0,0,136.25,89.35,0,0,0,0,17-Apr-17
OPTSTK,VOLTAS,29-Jun-17,250,CE,0,0,0,167.5,160.7,0,0,0,0,17-Apr-17
OPTSTK,VOLTAS,29-Jun-17,260,CE,0,0,0,157.7,150.85,0,0,0,0,17-Apr-17
OPTSTK,VOLTAS,29-Jun-17,270,CE,0,0,0,147.9,140.95,0,0,0,0,17-Apr-17
OPTSTK,VOLTAS,29-Jun-17,280,CE,0,0,0,138.15,131.1,0,0,0,0,17-Apr-17
OPTSTK,VOLTAS,29-Jun-17,290,CE,0,0,0,128.5,121.25,0,0,0,0,17-Apr-17
OPTSTK,VOLTAS,29-Jun-17,300,CE,0,0,0,118.9,111.4,0,0,0,0,17-Apr-17
OPTSTK,VOLTAS,29-Jun-17,310,CE,0,0,0,109.45,101.6,0,0,0,0,17-Apr-17
OPTSTK,VOLTAS,29-Jun-17,320,CE,0,0,0,100.15,91.9,0,0,0,0,17-Apr-17
OPTSTK,VOLTAS,29-Jun-17,330,CE,0,0,0,91.1,82.3,0,0,0,0,17-Apr-17
OPTSTK,VOLTAS,29-Jun-17,340,CE,0,0,0,82.35,72.9,0,0,0,0,17-Apr-17
OPTSTK,VOLTAS,29-Jun-17,350,CE,0,0,0,73.95,63.8,0,0,0,0,17-Apr-17
OPTSTK,VOLTAS,29-Jun-17,360,CE,0,0,0,65.95,55.1,0,0,0,0,17-Apr-17
OPTSTK,VOLTAS,29-Jun-17,370,CE,0,0,0,58.4,46.95,0,0,0,0,17-Apr-17
OPTSTK,VOLTAS,29-Jun-17,380,CE,0,0,0,51.35,39.4,0,0,0,0,17-Apr-17
OPTSTK,VOLTAS,29-Jun-17,390,CE,0,0,0,44.8,32.5,0,0,0,0,17-Apr-17
OPTSTK,VOLTAS,29-Jun-17,400,CE,0,0,0,38.85,26.4,0,0,0,0,17-Apr-17
OPTSTK,VOLTAS,29-Jun-17,410,CE,0,0,0,33.4,21.05,0,0,0,0,17-Apr-17
OPTSTK,VOLTAS,29-Jun-17,420,CE,0,0,0,28.55,16.55,0,0,0,0,17-Apr-17
OPTSTK,VOLTAS,29-Jun-17,430,CE,0,0,0,24.2,12.75,0,0,0,0,17-Apr-17
OPTSTK,VOLTAS,29-Jun-17,440,CE,0,0,0,20.4,9.7,0,0,0,0,17-Apr-17
OPTSTK,VOLTAS,29-Jun-17,450,CE,0,0,0,17.05,7.25,0,0,0,0,17-Apr-17
OPTSTK,VOLTAS,29-Jun-17,460,CE,0,0,0,14.2,5.35,0,0,0,0,17-Apr-17
OPTSTK,VOLTAS,29-Jun-17,470,CE,0,0,0,11.75,3.85,0,0,0,0,17-Apr-17
OPTSTK,VOLTAS,29-Jun-17,480,CE,0,0,0,9.65,2.75,0,0,0,0,17-Apr-17
OPTSTK,VOLTAS,29-Jun-17,490,CE,0,0,0,7.9,1.95,0,0,0,0,17-Apr-17
OPTSTK,VOLTAS,29-Jun-17,500,CE,0,0,0,6.4,1.35,0,0,0,0,17-Apr-17
OPTSTK,VOLTAS,29-Jun-17,250,PE,0,0,0,0.05,0,0,0,0,0,17-Apr-17
OPTSTK,VOLTAS,29-Jun-17,260,PE,0,0,0,0.05,0,0,0,0,0,17-Apr-17
OPTSTK,VOLTAS,29-Jun-17,270,PE,0,0,0,0.1,0,0,0,0,0,17-Apr-17
OPTSTK,VOLTAS,29-Jun-17,280,PE,0,0,0,0.2,0.05,0,0,0,0,17-Apr-17
OPTSTK,VOLTAS,29-Jun-17,290,PE,0,0,0,0.35,0.05,0,0,0,0,17-Apr-17
OPTSTK,VOLTAS,29-Jun-17,300,PE,0,0,0,0.6,0.1,0,0,0,0,17-Apr-17
OPTSTK,VOLTAS,29-Jun-17,310,PE,0,0,0,0.95,0.15,0,0,0,0,17-Apr-17
OPTSTK,VOLTAS,29-Jun-17,320,PE,0,0,0,1.55,0.3,0,0,0,0,17-Apr-17
OPTSTK,VOLTAS,29-Jun-17,330,PE,0,0,0,2.3,0.6,0,0,0,0,17-Apr-17
OPTSTK,VOLTAS,29-Jun-17,340,PE,0,0,0,3.4,1.05,0,0,0,0,17-Apr-17
OPTSTK,VOLTAS,29-Jun-17,350,PE,0,0,0,4.85,1.85,0,0,0,0,17-Apr-17
OPTSTK,VOLTAS,29-Jun-17,360,PE,0,0,0,6.65,3,0,0,0,0,17-Apr-17
OPTSTK,VOLTAS,29-Jun-17,370,PE,0,0,0,8.95,4.7,0,0,0,0,17-Apr-17
OPTSTK,VOLTAS,29-Jun-17,380,PE,0,0,0,11.75,7,0,0,0,0,17-Apr-17
OPTSTK,VOLTAS,29-Jun-17,390,PE,0,0,0,15,10,0,0,0,0,17-Apr-17
OPTSTK,VOLTAS,29-Jun-17,400,PE,0,0,0,18.9,13.75,0,0,0,0,17-Apr-17
OPTSTK,VOLTAS,29-Jun-17,410,PE,0,0,0,23.3,18.3,0,0,0,0,17-Apr-17
OPTSTK,VOLTAS,29-Jun-17,420,PE,0,0,0,28.25,23.65,0,0,0,0,17-Apr-17
OPTSTK,VOLTAS,29-Jun-17,430,PE,0,0,0,33.75,29.75,0,0,0,0,17-Apr-17
OPTSTK,VOLTAS,29-Jun-17,440,PE,0,0,0,39.8,36.55,0,0,0,0,17-Apr-17
OPTSTK,VOLTAS,29-Jun-17,450,PE,0,0,0,46.3,44,0,0,0,0,17-Apr-17
OPTSTK,VOLTAS,29-Jun-17,460,PE,0,0,0,53.25,51.95,0,0,0,0,17-Apr-17
OPTSTK,VOLTAS,29-Jun-17,470,PE,0,0,0,60.65,60.35,0,0,0,0,17-Apr-17
OPTSTK,VOLTAS,29-Jun-17,480,PE,0,0,0,68.4,69.1,0,0,0,0,17-Apr-17
OPTSTK,VOLTAS,29-Jun-17,490,PE,0,0,0,76.45,78.15,0,0,0,0,17-Apr-17
OPTSTK,VOLTAS,29-Jun-17,500,PE,0,0,0,84.8,87.45,0,0,0,0,17-Apr-17
OPTSTK,WIPRO,27-Apr-17,340,CE,0,0,0,139.3,152.9,0,0,0,0,17-Apr-17
OPTSTK,WIPRO,27-Apr-17,350,CE,0,0,0,129.45,142.95,0,0,0,0,17-Apr-17
OPTSTK,WIPRO,27-Apr-17,360,CE,0,0,0,119.65,132.95,0,0,0,0,17-Apr-17
OPTSTK,WIPRO,27-Apr-17,370,CE,0,0,0,109.8,122.95,0,0,0,0,17-Apr-17
OPTSTK,WIPRO,27-Apr-17,380,CE,0,0,0,100,113,0,0,0,0,17-Apr-17
OPTSTK,WIPRO,27-Apr-17,390,CE,0,0,0,90.3,103,0,0,0,0,17-Apr-17
OPTSTK,WIPRO,27-Apr-17,400,CE,0,0,0,80.6,93,0,0,0,0,17-Apr-17
OPTSTK,WIPRO,27-Apr-17,410,CE,0,0,0,71.15,83.05,0,0,0,0,17-Apr-17
OPTSTK,WIPRO,27-Apr-17,420,CE,0,0,0,61.9,73.05,0,0,0,0,17-Apr-17
OPTSTK,WIPRO,27-Apr-17,430,CE,0,0,0,73.65,63.05,0,0,1200,0,17-Apr-17
OPTSTK,WIPRO,27-Apr-17,440,CE,0,0,0,44.6,53.1,0,0,0,0,17-Apr-17
OPTSTK,WIPRO,27-Apr-17,450,CE,0,0,0,54.5,43.15,0,0,1200,0,17-Apr-17
OPTSTK,WIPRO,27-Apr-17,460,CE,0,0,0,29.8,33.3,0,0,0,0,17-Apr-17
OPTSTK,WIPRO,27-Apr-17,470,CE,0,0,0,23.6,23.85,0,0,0,0,17-Apr-17
OPTSTK,WIPRO,27-Apr-17,480,CE,0,0,0,18.3,15.45,0,0,0,0,17-Apr-17
OPTSTK,WIPRO,27-Apr-17,490,CE,10.85,12.05,10.3,10.7,10.7,14,84.18,22800,-7200,17-Apr-17
OPTSTK,WIPRO,27-Apr-17,500,CE,13,13,5.65,6.5,6.5,99,602.07,106800,46800,17-Apr-17
OPTSTK,WIPRO,27-Apr-17,510,CE,4,4.2,3.15,3.45,3.45,18,110.94,93600,4800,17-Apr-17
OPTSTK,WIPRO,27-Apr-17,520,CE,1.4,2.55,1.4,2.05,2.05,28,175.42,115200,8400,17-Apr-17
OPTSTK,WIPRO,27-Apr-17,530,CE,1.35,1.6,1.1,1.3,1.3,20,127.5,192000,16800,17-Apr-17
OPTSTK,WIPRO,27-Apr-17,540,CE,0,0,0,1,0.05,0,0,74400,0,17-Apr-17
OPTSTK,WIPRO,27-Apr-17,550,CE,0.4,0.4,0.4,0.4,0.4,3,19.81,79200,0,17-Apr-17
OPTSTK,WIPRO,27-Apr-17,560,CE,0,0,0,0.6,0,0,0,8400,0,17-Apr-17
OPTSTK,WIPRO,27-Apr-17,570,CE,0,0,0,0.65,0,0,0,0,0,17-Apr-17
OPTSTK,WIPRO,27-Apr-17,580,CE,0,0,0,0.4,0,0,0,0,0,17-Apr-17
OPTSTK,WIPRO,27-Apr-17,590,CE,0,0,0,0.25,0,0,0,0,0,17-Apr-17
OPTSTK,WIPRO,27-Apr-17,600,CE,0,0,0,0.15,0,0,0,0,0,17-Apr-17
OPTSTK,WIPRO,27-Apr-17,610,CE,0,0,0,0.1,0,0,0,0,0,17-Apr-17
OPTSTK,WIPRO,27-Apr-17,620,CE,0,0,0,0.05,0,0,0,0,0,17-Apr-17
OPTSTK,WIPRO,27-Apr-17,630,CE,0,0,0,0.05,0,0,0,0,0,17-Apr-17
OPTSTK,WIPRO,27-Apr-17,640,CE,0,0,0,0.05,0,0,0,0,0,17-Apr-17
OPTSTK,WIPRO,27-Apr-17,650,CE,0,0,0,0.05,0,0,0,0,0,17-Apr-17
OPTSTK,WIPRO,27-Apr-17,340,PE,0,0,0,0.05,0,0,0,0,0,17-Apr-17
OPTSTK,WIPRO,27-Apr-17,350,PE,0,0,0,0.05,0,0,0,0,0,17-Apr-17
OPTSTK,WIPRO,27-Apr-17,360,PE,0,0,0,0.05,0,0,0,0,0,17-Apr-17
OPTSTK,WIPRO,27-Apr-17,370,PE,0,0,0,0.05,0,0,0,0,0,17-Apr-17
OPTSTK,WIPRO,27-Apr-17,380,PE,0,0,0,0.1,0,0,0,0,0,17-Apr-17
OPTSTK,WIPRO,27-Apr-17,390,PE,0,0,0,0.15,0,0,0,0,0,17-Apr-17
OPTSTK,WIPRO,27-Apr-17,400,PE,0,0,0,0.35,0,0,0,0,0,17-Apr-17
OPTSTK,WIPRO,27-Apr-17,410,PE,0,0,0,0.7,0,0,0,0,0,17-Apr-17
OPTSTK,WIPRO,27-Apr-17,420,PE,0,0,0,1.3,0,0,0,0,0,17-Apr-17
OPTSTK,WIPRO,27-Apr-17,430,PE,0,0,0,0.25,0,0,0,1200,0,17-Apr-17
OPTSTK,WIPRO,27-Apr-17,440,PE,0,0,0,3.7,0,0,0,0,0,17-Apr-17
OPTSTK,WIPRO,27-Apr-17,450,PE,0,0,0,0.9,0.05,0,0,6000,0,17-Apr-17
OPTSTK,WIPRO,27-Apr-17,460,PE,1.2,1.3,1.15,1.2,1.2,15,83.01,52800,4800,17-Apr-17
OPTSTK,WIPRO,27-Apr-17,470,PE,2.4,2.95,2.4,2.55,2.55,12,68.06,81600,2400,17-Apr-17
OPTSTK,WIPRO,27-Apr-17,480,PE,5,5.5,4.5,4.6,4.6,26,151.28,157200,0,17-Apr-17
OPTSTK,WIPRO,27-Apr-17,490,PE,7.7,9.3,7.7,8.45,8.45,37,221.35,124800,-3600,17-Apr-17
OPTSTK,WIPRO,27-Apr-17,500,PE,29.1,29.1,11.25,14.05,14.05,36,222.11,85200,0,17-Apr-17
OPTSTK,WIPRO,27-Apr-17,510,PE,0,0,0,20.35,18.55,0,0,61200,0,17-Apr-17
OPTSTK,WIPRO,27-Apr-17,520,PE,30,30,30,30,30,3,19.8,18000,-3600,17-Apr-17
OPTSTK,WIPRO,27-Apr-17,530,PE,0,0,0,23.05,36.95,0,0,3600,0,17-Apr-17
OPTSTK,WIPRO,27-Apr-17,540,PE,0,0,0,31.5,46.8,0,0,1200,0,17-Apr-17
OPTSTK,WIPRO,27-Apr-17,550,PE,0,0,0,68.9,56.75,0,0,0,0,17-Apr-17
OPTSTK,WIPRO,27-Apr-17,560,PE,0,0,0,78.15,66.75,0,0,0,0,17-Apr-17
OPTSTK,WIPRO,27-Apr-17,570,PE,0,0,0,87.6,76.75,0,0,0,0,17-Apr-17
OPTSTK,WIPRO,27-Apr-17,580,PE,0,0,0,97.2,86.7,0,0,0,0,17-Apr-17
OPTSTK,WIPRO,27-Apr-17,590,PE,0,0,0,106.9,96.7,0,0,0,0,17-Apr-17
OPTSTK,WIPRO,27-Apr-17,600,PE,0,0,0,116.6,106.7,0,0,0,0,17-Apr-17
OPTSTK,WIPRO,27-Apr-17,610,PE,0,0,0,126.4,116.65,0,0,0,0,17-Apr-17
OPTSTK,WIPRO,27-Apr-17,620,PE,0,0,0,136.2,126.65,0,0,0,0,17-Apr-17
OPTSTK,WIPRO,27-Apr-17,630,PE,0,0,0,146,136.6,0,0,0,0,17-Apr-17
OPTSTK,WIPRO,27-Apr-17,640,PE,0,0,0,155.85,146.6,0,0,0,0,17-Apr-17
OPTSTK,WIPRO,27-Apr-17,650,PE,0,0,0,165.65,156.6,0,0,0,0,17-Apr-17
OPTSTK,WIPRO,25-May-17,340,CE,0,0,0,151.45,154.6,0,0,0,0,17-Apr-17
OPTSTK,WIPRO,25-May-17,350,CE,0,0,0,141.6,144.7,0,0,0,0,17-Apr-17
OPTSTK,WIPRO,25-May-17,360,CE,0,0,0,131.75,134.75,0,0,0,0,17-Apr-17
OPTSTK,WIPRO,25-May-17,370,CE,0,0,0,121.95,124.8,0,0,0,0,17-Apr-17
OPTSTK,WIPRO,25-May-17,380,CE,0,0,0,112.1,114.9,0,0,0,0,17-Apr-17
OPTSTK,WIPRO,25-May-17,390,CE,0,0,0,102.35,104.95,0,0,0,0,17-Apr-17
OPTSTK,WIPRO,25-May-17,400,CE,0,0,0,92.6,95.05,0,0,0,0,17-Apr-17
OPTSTK,WIPRO,25-May-17,410,CE,0,0,0,82.95,85.1,0,0,0,0,17-Apr-17
OPTSTK,WIPRO,25-May-17,420,CE,0,0,0,73.5,75.25,0,0,0,0,17-Apr-17
OPTSTK,WIPRO,25-May-17,430,CE,0,0,0,64.3,65.45,0,0,0,0,17-Apr-17
OPTSTK,WIPRO,25-May-17,440,CE,0,0,0,55.45,55.9,0,0,0,0,17-Apr-17
OPTSTK,WIPRO,25-May-17,450,CE,0,0,0,47.1,46.6,0,0,0,0,17-Apr-17
OPTSTK,WIPRO,25-May-17,460,CE,0,0,0,39.3,37.85,0,0,0,0,17-Apr-17
OPTSTK,WIPRO,25-May-17,470,CE,0,0,0,32.2,29.85,0,0,0,0,17-Apr-17
OPTSTK,WIPRO,25-May-17,480,CE,0,0,0,25.9,22.7,0,0,0,0,17-Apr-17
OPTSTK,WIPRO,25-May-17,490,CE,15.15,15.15,15.15,15.15,15.15,4,24.24,7200,4800,17-Apr-17
OPTSTK,WIPRO,25-May-17,500,CE,10.7,10.7,10.7,10.7,10.7,5,30.64,6000,6000,17-Apr-17
OPTSTK,WIPRO,25-May-17,510,CE,0,0,0,11.95,8,0,0,0,0,17-Apr-17
OPTSTK,WIPRO,25-May-17,520,CE,0,0,0,8.9,5.2,0,0,0,0,17-Apr-17
OPTSTK,WIPRO,25-May-17,530,CE,0,0,0,6.45,3.25,0,0,0,0,17-Apr-17
OPTSTK,WIPRO,25-May-17,540,CE,0,0,0,4.6,1.95,0,0,0,0,17-Apr-17
OPTSTK,WIPRO,25-May-17,550,CE,0,0,0,3.2,1.1,0,0,0,0,17-Apr-17
OPTSTK,WIPRO,25-May-17,560,CE,0,0,0,2.2,0.6,0,0,0,0,17-Apr-17
OPTSTK,WIPRO,25-May-17,570,CE,0,0,0,1.5,0.35,0,0,0,0,17-Apr-17
OPTSTK,WIPRO,25-May-17,580,CE,0,0,0,1,0.2,0,0,0,0,17-Apr-17
OPTSTK,WIPRO,25-May-17,590,CE,0,0,0,0.65,0.1,0,0,0,0,17-Apr-17
OPTSTK,WIPRO,25-May-17,600,CE,0,0,0,0.4,0.05,0,0,0,0,17-Apr-17
OPTSTK,WIPRO,25-May-17,610,CE,0,0,0,0.25,0.05,0,0,0,0,17-Apr-17
OPTSTK,WIPRO,25-May-17,620,CE,0,0,0,0.15,0.05,0,0,0,0,17-Apr-17
OPTSTK,WIPRO,25-May-17,630,CE,0,0,0,0.1,0,0,0,0,0,17-Apr-17
OPTSTK,WIPRO,25-May-17,640,CE,0,0,0,0.05,0,0,0,0,0,17-Apr-17
OPTSTK,WIPRO,25-May-17,650,CE,0,0,0,0.05,0,0,0,0,0,17-Apr-17
OPTSTK,WIPRO,25-May-17,340,PE,0,0,0,0.05,0,0,0,0,0,17-Apr-17
OPTSTK,WIPRO,25-May-17,350,PE,0,0,0,0.05,0,0,0,0,0,17-Apr-17
OPTSTK,WIPRO,25-May-17,360,PE,0,0,0,0.05,0,0,0,0,0,17-Apr-17
OPTSTK,WIPRO,25-May-17,370,PE,0,0,0,0.05,0,0,0,0,0,17-Apr-17
OPTSTK,WIPRO,25-May-17,380,PE,0,0,0,0.05,0,0,0,0,0,17-Apr-17
OPTSTK,WIPRO,25-May-17,390,PE,0,0,0,0.1,0,0,0,0,0,17-Apr-17
OPTSTK,WIPRO,25-May-17,400,PE,0,0,0,0.2,0.05,0,0,0,0,17-Apr-17
OPTSTK,WIPRO,25-May-17,410,PE,0,0,0,0.45,0.05,0,0,0,0,17-Apr-17
OPTSTK,WIPRO,25-May-17,420,PE,0,0,0,0.8,0.1,0,0,0,0,17-Apr-17
OPTSTK,WIPRO,25-May-17,430,PE,0,0,0,1.45,0.25,0,0,0,0,17-Apr-17
OPTSTK,WIPRO,25-May-17,440,PE,0,0,0,2.45,0.6,0,0,0,0,17-Apr-17
OPTSTK,WIPRO,25-May-17,450,PE,0,0,0,3.9,1.3,0,0,0,0,17-Apr-17
OPTSTK,WIPRO,25-May-17,460,PE,0,0,0,6,2.45,0,0,0,0,17-Apr-17
OPTSTK,WIPRO,25-May-17,470,PE,0,0,0,8.75,4.35,0,0,0,0,17-Apr-17
OPTSTK,WIPRO,25-May-17,480,PE,0,0,0,12.3,7.2,0,0,0,0,17-Apr-17
OPTSTK,WIPRO,25-May-17,490,PE,0,0,0,16.65,11.05,0,0,0,0,17-Apr-17
OPTSTK,WIPRO,25-May-17,500,PE,19.85,19.85,19.85,19.85,19.85,1,6.23,6000,0,17-Apr-17
OPTSTK,WIPRO,25-May-17,510,PE,0,0,0,11.55,22.25,0,0,2400,0,17-Apr-17
OPTSTK,WIPRO,25-May-17,520,PE,0,0,0,16.4,29.4,0,0,4800,0,17-Apr-17
OPTSTK,WIPRO,25-May-17,530,PE,0,0,0,23.1,37.35,0,0,8400,0,17-Apr-17
OPTSTK,WIPRO,25-May-17,540,PE,0,0,0,50.05,46,0,0,0,0,17-Apr-17
OPTSTK,WIPRO,25-May-17,550,PE,0,0,0,58.5,55.1,0,0,0,0,17-Apr-17
OPTSTK,WIPRO,25-May-17,560,PE,0,0,0,67.3,64.55,0,0,0,0,17-Apr-17
OPTSTK,WIPRO,25-May-17,570,PE,0,0,0,76.45,74.2,0,0,0,0,17-Apr-17
OPTSTK,WIPRO,25-May-17,580,PE,0,0,0,85.8,83.95,0,0,0,0,17-Apr-17
OPTSTK,WIPRO,25-May-17,590,PE,0,0,0,95.3,93.8,0,0,0,0,17-Apr-17
OPTSTK,WIPRO,25-May-17,600,PE,0,0,0,104.9,103.7,0,0,0,0,17-Apr-17
OPTSTK,WIPRO,25-May-17,610,PE,0,0,0,114.6,113.6,0,0,0,0,17-Apr-17
OPTSTK,WIPRO,25-May-17,620,PE,0,0,0,124.35,123.55,0,0,0,0,17-Apr-17
OPTSTK,WIPRO,25-May-17,630,PE,0,0,0,134.15,133.45,0,0,0,0,17-Apr-17
OPTSTK,WIPRO,25-May-17,640,PE,0,0,0,143.95,143.4,0,0,0,0,17-Apr-17
OPTSTK,WIPRO,25-May-17,650,PE,0,0,0,153.75,153.35,0,0,0,0,17-Apr-17
OPTSTK,WIPRO,29-Jun-17,340,CE,0,0,0,181.6,156.7,0,0,0,0,17-Apr-17
OPTSTK,WIPRO,29-Jun-17,350,CE,0,0,0,171.75,146.85,0,0,0,0,17-Apr-17
OPTSTK,WIPRO,29-Jun-17,360,CE,0,0,0,161.9,136.95,0,0,0,0,17-Apr-17
OPTSTK,WIPRO,29-Jun-17,370,CE,0,0,0,152.1,127.1,0,0,0,0,17-Apr-17
OPTSTK,WIPRO,29-Jun-17,380,CE,0,0,0,142.25,117.25,0,0,0,0,17-Apr-17
OPTSTK,WIPRO,29-Jun-17,390,CE,0,0,0,132.45,107.45,0,0,0,0,17-Apr-17
OPTSTK,WIPRO,29-Jun-17,400,CE,0,0,0,122.65,97.65,0,0,0,0,17-Apr-17
OPTSTK,WIPRO,29-Jun-17,410,CE,0,0,0,112.9,87.95,0,0,0,0,17-Apr-17
OPTSTK,WIPRO,29-Jun-17,420,CE,0,0,0,103.25,78.4,0,0,0,0,17-Apr-17
OPTSTK,WIPRO,29-Jun-17,430,CE,0,0,0,93.7,69.1,0,0,0,0,17-Apr-17
OPTSTK,WIPRO,29-Jun-17,440,CE,0,0,0,84.35,60.1,0,0,0,0,17-Apr-17
OPTSTK,WIPRO,29-Jun-17,450,CE,0,0,0,75.2,51.5,0,0,0,0,17-Apr-17
OPTSTK,WIPRO,29-Jun-17,460,CE,0,0,0,66.4,43.45,0,0,0,0,17-Apr-17
OPTSTK,WIPRO,29-Jun-17,470,CE,0,0,0,58,36.05,0,0,0,0,17-Apr-17
OPTSTK,WIPRO,29-Jun-17,480,CE,0,0,0,50.05,29.4,0,0,0,0,17-Apr-17
OPTSTK,WIPRO,29-Jun-17,490,CE,0,0,0,42.7,23.55,0,0,0,0,17-Apr-17
OPTSTK,WIPRO,29-Jun-17,500,CE,0,0,0,35.95,18.5,0,0,0,0,17-Apr-17
OPTSTK,WIPRO,29-Jun-17,510,CE,0,0,0,29.85,14.25,0,0,0,0,17-Apr-17
OPTSTK,WIPRO,29-Jun-17,520,CE,0,0,0,24.5,10.75,0,0,0,0,17-Apr-17
OPTSTK,WIPRO,29-Jun-17,530,CE,0,0,0,19.8,8,0,0,0,0,17-Apr-17
OPTSTK,WIPRO,29-Jun-17,540,CE,0,0,0,15.8,5.8,0,0,0,0,17-Apr-17
OPTSTK,WIPRO,29-Jun-17,550,CE,0,0,0,12.45,4.15,0,0,0,0,17-Apr-17
OPTSTK,WIPRO,29-Jun-17,560,CE,0,0,0,9.65,2.9,0,0,0,0,17-Apr-17
OPTSTK,WIPRO,29-Jun-17,570,CE,0,0,0,7.4,2,0,0,0,0,17-Apr-17
OPTSTK,WIPRO,29-Jun-17,580,CE,0,0,0,5.6,1.35,0,0,0,0,17-Apr-17
OPTSTK,WIPRO,29-Jun-17,590,CE,0,0,0,4.2,0.9,0,0,0,0,17-Apr-17
OPTSTK,WIPRO,29-Jun-17,600,CE,0,0,0,3.1,0.6,0,0,0,0,17-Apr-17
OPTSTK,WIPRO,29-Jun-17,610,CE,0,0,0,2.25,0.4,0,0,0,0,17-Apr-17
OPTSTK,WIPRO,29-Jun-17,620,CE,0,0,0,1.6,0.25,0,0,0,0,17-Apr-17
OPTSTK,WIPRO,29-Jun-17,630,CE,0,0,0,1.15,0.15,0,0,0,0,17-Apr-17
OPTSTK,WIPRO,29-Jun-17,640,CE,0,0,0,0.8,0.1,0,0,0,0,17-Apr-17
OPTSTK,WIPRO,29-Jun-17,650,CE,0,0,0,0.55,0.05,0,0,0,0,17-Apr-17
OPTSTK,WIPRO,29-Jun-17,340,PE,0,0,0,0.05,0,0,0,0,0,17-Apr-17
OPTSTK,WIPRO,29-Jun-17,350,PE,0,0,0,0.05,0,0,0,0,0,17-Apr-17
OPTSTK,WIPRO,29-Jun-17,360,PE,0,0,0,0.05,0,0,0,0,0,17-Apr-17
OPTSTK,WIPRO,29-Jun-17,370,PE,0,0,0,0.05,0.05,0,0,0,0,17-Apr-17
OPTSTK,WIPRO,29-Jun-17,380,PE,0,0,0,0.05,0.05,0,0,0,0,17-Apr-17
OPTSTK,WIPRO,29-Jun-17,390,PE,0,0,0,0.05,0.1,0,0,0,0,17-Apr-17
OPTSTK,WIPRO,29-Jun-17,400,PE,0,0,0,0.1,0.2,0,0,0,0,17-Apr-17
OPTSTK,WIPRO,29-Jun-17,410,PE,0,0,0,0.2,0.35,0,0,0,0,17-Apr-17
OPTSTK,WIPRO,29-Jun-17,420,PE,0,0,0,0.4,0.7,0,0,0,0,17-Apr-17
OPTSTK,WIPRO,29-Jun-17,430,PE,0,0,0,0.65,1.25,0,0,0,0,17-Apr-17
OPTSTK,WIPRO,29-Jun-17,440,PE,0,0,0,1.15,2.1,0,0,0,0,17-Apr-17
OPTSTK,WIPRO,29-Jun-17,450,PE,0,0,0,1.85,3.4,0,0,0,0,17-Apr-17
OPTSTK,WIPRO,29-Jun-17,460,PE,0,0,0,2.85,5.25,0,0,0,0,17-Apr-17
OPTSTK,WIPRO,29-Jun-17,470,PE,0,0,0,4.3,7.7,0,0,0,0,17-Apr-17
OPTSTK,WIPRO,29-Jun-17,480,PE,0,0,0,6.2,10.9,0,0,0,0,17-Apr-17
OPTSTK,WIPRO,29-Jun-17,490,PE,0,0,0,8.65,14.9,0,0,0,0,17-Apr-17
OPTSTK,WIPRO,29-Jun-17,500,PE,0,0,0,11.75,19.7,0,0,0,0,17-Apr-17
OPTSTK,WIPRO,29-Jun-17,510,PE,0,0,0,15.5,25.35,0,0,0,0,17-Apr-17
OPTSTK,WIPRO,29-Jun-17,520,PE,0,0,0,19.95,31.75,0,0,0,0,17-Apr-17
OPTSTK,WIPRO,29-Jun-17,530,PE,0,0,0,25.1,38.85,0,0,0,0,17-Apr-17
OPTSTK,WIPRO,29-Jun-17,540,PE,0,0,0,30.95,46.55,0,0,0,0,17-Apr-17
OPTSTK,WIPRO,29-Jun-17,550,PE,0,0,0,37.4,54.75,0,0,0,0,17-Apr-17
OPTSTK,WIPRO,29-Jun-17,560,PE,0,0,0,44.45,63.35,0,0,0,0,17-Apr-17
OPTSTK,WIPRO,29-Jun-17,570,PE,0,0,0,52.05,72.35,0,0,0,0,17-Apr-17
OPTSTK,WIPRO,29-Jun-17,580,PE,0,0,0,60.1,81.55,0,0,0,0,17-Apr-17
OPTSTK,WIPRO,29-Jun-17,590,PE,0,0,0,68.5,91,0,0,0,0,17-Apr-17
OPTSTK,WIPRO,29-Jun-17,600,PE,0,0,0,77.25,100.55,0,0,0,0,17-Apr-17
OPTSTK,WIPRO,29-Jun-17,610,PE,0,0,0,86.25,110.2,0,0,0,0,17-Apr-17
OPTSTK,WIPRO,29-Jun-17,620,PE,0,0,0,95.45,119.95,0,0,0,0,17-Apr-17
OPTSTK,WIPRO,29-Jun-17,630,PE,0,0,0,104.8,129.75,0,0,0,0,17-Apr-17
OPTSTK,WIPRO,29-Jun-17,640,PE,0,0,0,114.3,139.55,0,0,0,0,17-Apr-17
OPTSTK,WIPRO,29-Jun-17,650,PE,0,0,0,123.9,149.4,0,0,0,0,17-Apr-17
OPTSTK,WOCKPHARMA,27-Apr-17,460,CE,0,0,0,209.4,292.95,0,0,0,0,17-Apr-17
OPTSTK,WOCKPHARMA,27-Apr-17,480,CE,0,0,0,190.1,273,0,0,0,0,17-Apr-17
OPTSTK,WOCKPHARMA,27-Apr-17,500,CE,0,0,0,171.1,253.05,0,0,0,0,17-Apr-17
OPTSTK,WOCKPHARMA,27-Apr-17,520,CE,0,0,0,152.5,233.1,0,0,0,0,17-Apr-17
OPTSTK,WOCKPHARMA,27-Apr-17,540,CE,0,0,0,134.55,213.1,0,0,0,0,17-Apr-17
OPTSTK,WOCKPHARMA,27-Apr-17,560,CE,0,0,0,117.4,193.15,0,0,0,0,17-Apr-17
OPTSTK,WOCKPHARMA,27-Apr-17,580,CE,0,0,0,101.25,173.2,0,0,0,0,17-Apr-17
OPTSTK,WOCKPHARMA,27-Apr-17,600,CE,0,0,0,144.65,153.2,0,0,7800,0,17-Apr-17
OPTSTK,WOCKPHARMA,27-Apr-17,620,CE,0,0,0,115.7,133.25,0,0,0,0,17-Apr-17
OPTSTK,WOCKPHARMA,27-Apr-17,640,CE,0,0,0,60.35,113.3,0,0,0,0,17-Apr-17
OPTSTK,WOCKPHARMA,27-Apr-17,660,CE,0,0,0,49.55,93.5,0,0,0,0,17-Apr-17
OPTSTK,WOCKPHARMA,27-Apr-17,680,CE,0,0,0,81.1,74.05,0,0,600,0,17-Apr-17
OPTSTK,WOCKPHARMA,27-Apr-17,700,CE,0,0,0,51.25,55.55,0,0,2400,0,17-Apr-17
OPTSTK,WOCKPHARMA,27-Apr-17,720,CE,46.5,46.5,46.5,46.5,46.5,1,4.59,3000,0,17-Apr-17
OPTSTK,WOCKPHARMA,27-Apr-17,740,CE,37.1,37.1,31.95,31.95,31.95,3,13.95,19800,-600,17-Apr-17
OPTSTK,WOCKPHARMA,27-Apr-17,760,CE,24,25.3,18,18.45,18.45,56,262.16,43200,2400,17-Apr-17
OPTSTK,WOCKPHARMA,27-Apr-17,780,CE,15.7,17,10.2,11.4,11.4,225,1070.58,165000,18600,17-Apr-17
OPTSTK,WOCKPHARMA,27-Apr-17,800,CE,10.75,10.8,6.05,6.85,6.85,259,1255.32,331200,-12600,17-Apr-17
OPTSTK,WOCKPHARMA,27-Apr-17,820,CE,9.95,15,3.5,4,4,102,504.89,145800,-7200,17-Apr-17
OPTSTK,WOCKPHARMA,27-Apr-17,840,CE,2.45,2.8,2.25,2.4,2.4,8,40.43,30000,-1200,17-Apr-17
OPTSTK,WOCKPHARMA,27-Apr-17,860,CE,2.05,2.05,1.2,1.2,1.2,8,41.34,28200,-1200,17-Apr-17
OPTSTK,WOCKPHARMA,27-Apr-17,880,CE,1.35,1.35,1.3,1.3,1.3,4,21.15,14400,-1800,17-Apr-17
OPTSTK,WOCKPHARMA,27-Apr-17,900,CE,1.1,1.1,1,1,1,21,113.52,54000,4200,17-Apr-17
OPTSTK,WOCKPHARMA,27-Apr-17,920,CE,0.5,0.5,0.5,0.5,0.5,1,5.52,10200,-600,17-Apr-17
OPTSTK,WOCKPHARMA,27-Apr-17,940,CE,0,0,0,1.05,0,0,0,0,0,17-Apr-17
OPTSTK,WOCKPHARMA,27-Apr-17,460,PE,0,0,0,0.35,0,0,0,0,0,17-Apr-17
OPTSTK,WOCKPHARMA,27-Apr-17,480,PE,0,0,0,0.7,0,0,0,0,0,17-Apr-17
OPTSTK,WOCKPHARMA,27-Apr-17,500,PE,0,0,0,1.35,0,0,0,0,0,17-Apr-17
OPTSTK,WOCKPHARMA,27-Apr-17,520,PE,0,0,0,2.45,0,0,0,0,0,17-Apr-17
OPTSTK,WOCKPHARMA,27-Apr-17,540,PE,0,0,0,4.2,0,0,0,0,0,17-Apr-17
OPTSTK,WOCKPHARMA,27-Apr-17,560,PE,0,0,0,6.7,0,0,0,0,0,17-Apr-17
OPTSTK,WOCKPHARMA,27-Apr-17,580,PE,0,0,0,10.25,0,0,0,0,0,17-Apr-17
OPTSTK,WOCKPHARMA,27-Apr-17,600,PE,0.15,0.15,0.15,0.15,0.15,2,7.2,9600,-1200,17-Apr-17
OPTSTK,WOCKPHARMA,27-Apr-17,620,PE,0,0,0,0.95,0,0,0,8400,0,17-Apr-17
OPTSTK,WOCKPHARMA,27-Apr-17,640,PE,0,0,0,1,0.05,0,0,21000,0,17-Apr-17
OPTSTK,WOCKPHARMA,27-Apr-17,660,PE,0,0,0,1,0.2,0,0,15600,0,17-Apr-17
OPTSTK,WOCKPHARMA,27-Apr-17,680,PE,1.5,1.65,1.5,1.5,1.5,7,28.62,13800,0,17-Apr-17
OPTSTK,WOCKPHARMA,27-Apr-17,700,PE,3.7,3.7,3.55,3.65,3.65,4,16.88,39000,0,17-Apr-17
OPTSTK,WOCKPHARMA,27-Apr-17,720,PE,7,7.9,5.6,7.45,7.45,42,183.11,42000,600,17-Apr-17
OPTSTK,WOCKPHARMA,27-Apr-17,740,PE,11.8,14.1,9.85,12.8,12.8,40,180.44,58800,1200,17-Apr-17
OPTSTK,WOCKPHARMA,27-Apr-17,760,PE,20.4,23.2,19.8,23,23,29,135.95,53400,600,17-Apr-17
OPTSTK,WOCKPHARMA,27-Apr-17,780,PE,24.25,24.25,24.25,24.25,24.25,1,4.82,16800,0,17-Apr-17
OPTSTK,WOCKPHARMA,27-Apr-17,800,PE,0,0,0,47,50.15,0,0,11400,0,17-Apr-17
OPTSTK,WOCKPHARMA,27-Apr-17,820,PE,0,0,0,151.8,68,0,0,0,0,17-Apr-17
OPTSTK,WOCKPHARMA,27-Apr-17,840,PE,0,0,0,107,87,0,0,2400,0,17-Apr-17
OPTSTK,WOCKPHARMA,27-Apr-17,860,PE,0,0,0,188.1,106.6,0,0,0,0,17-Apr-17
OPTSTK,WOCKPHARMA,27-Apr-17,880,PE,0,0,0,206.75,126.4,0,0,0,0,17-Apr-17
OPTSTK,WOCKPHARMA,27-Apr-17,900,PE,0,0,0,168,146.3,0,0,1800,0,17-Apr-17
OPTSTK,WOCKPHARMA,27-Apr-17,920,PE,0,0,0,184,166.25,0,0,1200,0,17-Apr-17
OPTSTK,WOCKPHARMA,27-Apr-17,940,PE,0,0,0,264.1,186.25,0,0,0,0,17-Apr-17
OPTSTK,WOCKPHARMA,25-May-17,460,CE,0,0,0,252.1,295.25,0,0,0,0,17-Apr-17
OPTSTK,WOCKPHARMA,25-May-17,480,CE,0,0,0,232.7,275.4,0,0,0,0,17-Apr-17
OPTSTK,WOCKPHARMA,25-May-17,500,CE,0,0,0,213.45,255.55,0,0,0,0,17-Apr-17
OPTSTK,WOCKPHARMA,25-May-17,520,CE,0,0,0,194.55,235.7,0,0,0,0,17-Apr-17
OPTSTK,WOCKPHARMA,25-May-17,540,CE,0,0,0,176.05,215.85,0,0,0,0,17-Apr-17
OPTSTK,WOCKPHARMA,25-May-17,560,CE,0,0,0,158.15,196.05,0,0,0,0,17-Apr-17
OPTSTK,WOCKPHARMA,25-May-17,580,CE,0,0,0,140.9,176.35,0,0,0,0,17-Apr-17
OPTSTK,WOCKPHARMA,25-May-17,600,CE,0,0,0,124.5,156.8,0,0,0,0,17-Apr-17
OPTSTK,WOCKPHARMA,25-May-17,620,CE,0,0,0,109.1,137.65,0,0,0,0,17-Apr-17
OPTSTK,WOCKPHARMA,25-May-17,640,CE,0,0,0,94.75,119,0,0,0,0,17-Apr-17
OPTSTK,WOCKPHARMA,25-May-17,660,CE,0,0,0,81.55,101.2,0,0,0,0,17-Apr-17
OPTSTK,WOCKPHARMA,25-May-17,680,CE,0,0,0,69.6,84.45,0,0,0,0,17-Apr-17
OPTSTK,WOCKPHARMA,25-May-17,700,CE,0,0,0,58.9,69.1,0,0,0,0,17-Apr-17
OPTSTK,WOCKPHARMA,25-May-17,720,CE,0,0,0,49.45,55.3,0,0,0,0,17-Apr-17
OPTSTK,WOCKPHARMA,25-May-17,740,CE,0,0,0,41.15,43.3,0,0,0,0,17-Apr-17
OPTSTK,WOCKPHARMA,25-May-17,760,CE,0,0,0,33.95,33.15,0,0,0,0,17-Apr-17
OPTSTK,WOCKPHARMA,25-May-17,780,CE,0,0,0,27.8,24.8,0,0,0,0,17-Apr-17
OPTSTK,WOCKPHARMA,25-May-17,800,CE,0,0,0,22.65,18.15,0,0,0,0,17-Apr-17
OPTSTK,WOCKPHARMA,25-May-17,820,CE,0,0,0,18.3,13.05,0,0,0,0,17-Apr-17
OPTSTK,WOCKPHARMA,25-May-17,840,CE,0,0,0,28,9.1,0,0,1200,0,17-Apr-17
OPTSTK,WOCKPHARMA,25-May-17,860,CE,0,0,0,23,6.25,0,0,600,0,17-Apr-17
OPTSTK,WOCKPHARMA,25-May-17,880,CE,0,0,0,18,4.2,0,0,4200,0,17-Apr-17
OPTSTK,WOCKPHARMA,25-May-17,900,CE,0,0,0,7.3,2.75,0,0,0,0,17-Apr-17
OPTSTK,WOCKPHARMA,25-May-17,920,CE,0,0,0,5.7,1.8,0,0,0,0,17-Apr-17
OPTSTK,WOCKPHARMA,25-May-17,940,CE,0,0,0,4.45,1.15,0,0,0,0,17-Apr-17
OPTSTK,WOCKPHARMA,25-May-17,460,PE,0,0,0,0.3,0,0,0,0,0,17-Apr-17
OPTSTK,WOCKPHARMA,25-May-17,480,PE,0,0,0,0.55,0,0,0,0,0,17-Apr-17
OPTSTK,WOCKPHARMA,25-May-17,500,PE,0,0,0,1.05,0,0,0,0,0,17-Apr-17
OPTSTK,WOCKPHARMA,25-May-17,520,PE,0,0,0,1.8,0.05,0,0,0,0,17-Apr-17
OPTSTK,WOCKPHARMA,25-May-17,540,PE,0,0,0,3,0.05,0,0,0,0,17-Apr-17
OPTSTK,WOCKPHARMA,25-May-17,560,PE,0,0,0,4.75,0.1,0,0,0,0,17-Apr-17
OPTSTK,WOCKPHARMA,25-May-17,580,PE,0,0,0,7.2,0.3,0,0,0,0,17-Apr-17
OPTSTK,WOCKPHARMA,25-May-17,600,PE,0,0,0,10.5,0.65,0,0,0,0,17-Apr-17
OPTSTK,WOCKPHARMA,25-May-17,620,PE,0,0,0,14.75,1.3,0,0,0,0,17-Apr-17
OPTSTK,WOCKPHARMA,25-May-17,640,PE,0,0,0,20.1,2.55,0,0,0,0,17-Apr-17
OPTSTK,WOCKPHARMA,25-May-17,660,PE,0,0,0,26.6,4.55,0,0,0,0,17-Apr-17
OPTSTK,WOCKPHARMA,25-May-17,680,PE,0,0,0,34.35,7.7,0,0,0,0,17-Apr-17
OPTSTK,WOCKPHARMA,25-May-17,700,PE,0,0,0,43.35,12.2,0,0,0,0,17-Apr-17
OPTSTK,WOCKPHARMA,25-May-17,720,PE,0,0,0,53.55,18.3,0,0,0,0,17-Apr-17
OPTSTK,WOCKPHARMA,25-May-17,740,PE,0,0,0,64.9,26.15,0,0,0,0,17-Apr-17
OPTSTK,WOCKPHARMA,25-May-17,760,PE,0,0,0,36,35.9,0,0,1200,0,17-Apr-17
OPTSTK,WOCKPHARMA,25-May-17,780,PE,0,0,0,35.45,47.4,0,0,1200,0,17-Apr-17
OPTSTK,WOCKPHARMA,25-May-17,800,PE,0,0,0,54,60.6,0,0,1200,0,17-Apr-17
OPTSTK,WOCKPHARMA,25-May-17,820,PE,0,0,0,120.85,75.35,0,0,0,0,17-Apr-17
OPTSTK,WOCKPHARMA,25-May-17,840,PE,0,0,0,136.9,91.3,0,0,0,0,17-Apr-17
OPTSTK,WOCKPHARMA,25-May-17,860,PE,0,0,0,153.6,108.3,0,0,0,0,17-Apr-17
OPTSTK,WOCKPHARMA,25-May-17,880,PE,0,0,0,170.85,126.1,0,0,0,0,17-Apr-17
OPTSTK,WOCKPHARMA,25-May-17,900,PE,0,0,0,188.55,144.55,0,0,0,0,17-Apr-17
OPTSTK,WOCKPHARMA,25-May-17,920,PE,0,0,0,206.65,163.45,0,0,0,0,17-Apr-17
OPTSTK,WOCKPHARMA,25-May-17,940,PE,0,0,0,225.1,182.65,0,0,0,0,17-Apr-17
OPTSTK,WOCKPHARMA,29-Jun-17,460,CE,0,0,0,274.2,298.15,0,0,0,0,17-Apr-17
OPTSTK,WOCKPHARMA,29-Jun-17,480,CE,0,0,0,254.6,278.4,0,0,0,0,17-Apr-17
OPTSTK,WOCKPHARMA,29-Jun-17,500,CE,0,0,0,235.15,258.75,0,0,0,0,17-Apr-17
OPTSTK,WOCKPHARMA,29-Jun-17,520,CE,0,0,0,215.85,239.15,0,0,0,0,17-Apr-17
OPTSTK,WOCKPHARMA,29-Jun-17,540,CE,0,0,0,196.8,219.7,0,0,0,0,17-Apr-17
OPTSTK,WOCKPHARMA,29-Jun-17,560,CE,0,0,0,178.1,200.45,0,0,0,0,17-Apr-17
OPTSTK,WOCKPHARMA,29-Jun-17,580,CE,0,0,0,159.95,181.5,0,0,0,0,17-Apr-17
OPTSTK,WOCKPHARMA,29-Jun-17,600,CE,0,0,0,142.4,163,0,0,0,0,17-Apr-17
OPTSTK,WOCKPHARMA,29-Jun-17,620,CE,0,0,0,125.7,145.15,0,0,0,0,17-Apr-17
OPTSTK,WOCKPHARMA,29-Jun-17,640,CE,0,0,0,109.9,128,0,0,0,0,17-Apr-17
OPTSTK,WOCKPHARMA,29-Jun-17,660,CE,0,0,0,95.25,111.8,0,0,0,0,17-Apr-17
OPTSTK,WOCKPHARMA,29-Jun-17,680,CE,0,0,0,81.7,96.7,0,0,0,0,17-Apr-17
OPTSTK,WOCKPHARMA,29-Jun-17,700,CE,0,0,0,69.4,82.7,0,0,0,0,17-Apr-17
OPTSTK,WOCKPHARMA,29-Jun-17,720,CE,0,0,0,58.45,70,0,0,0,0,17-Apr-17
OPTSTK,WOCKPHARMA,29-Jun-17,740,CE,0,0,0,48.7,58.65,0,0,0,0,17-Apr-17
OPTSTK,WOCKPHARMA,29-Jun-17,760,CE,0,0,0,40.25,48.65,0,0,0,0,17-Apr-17
OPTSTK,WOCKPHARMA,29-Jun-17,780,CE,0,0,0,32.95,39.9,0,0,0,0,17-Apr-17
OPTSTK,WOCKPHARMA,29-Jun-17,800,CE,0,0,0,26.75,32.4,0,0,0,0,17-Apr-17
OPTSTK,WOCKPHARMA,29-Jun-17,820,CE,0,0,0,21.55,26.05,0,0,0,0,17-Apr-17
OPTSTK,WOCKPHARMA,29-Jun-17,840,CE,0,0,0,17.2,20.8,0,0,0,0,17-Apr-17
OPTSTK,WOCKPHARMA,29-Jun-17,860,CE,0,0,0,13.6,16.4,0,0,0,0,17-Apr-17
OPTSTK,WOCKPHARMA,29-Jun-17,880,CE,0,0,0,10.7,12.8,0,0,0,0,17-Apr-17
OPTSTK,WOCKPHARMA,29-Jun-17,900,CE,0,0,0,8.35,9.95,0,0,0,0,17-Apr-17
OPTSTK,WOCKPHARMA,29-Jun-17,920,CE,0,0,0,6.45,7.65,0,0,0,0,17-Apr-17
OPTSTK,WOCKPHARMA,29-Jun-17,940,CE,0,0,0,5,5.85,0,0,0,0,17-Apr-17
OPTSTK,WOCKPHARMA,29-Jun-17,460,PE,0,0,0,0.1,0.05,0,0,0,0,17-Apr-17
OPTSTK,WOCKPHARMA,29-Jun-17,480,PE,0,0,0,0.2,0.05,0,0,0,0,17-Apr-17
OPTSTK,WOCKPHARMA,29-Jun-17,500,PE,0,0,0,0.4,0.15,0,0,0,0,17-Apr-17
OPTSTK,WOCKPHARMA,29-Jun-17,520,PE,0,0,0,0.75,0.3,0,0,0,0,17-Apr-17
OPTSTK,WOCKPHARMA,29-Jun-17,540,PE,0,0,0,1.4,0.55,0,0,0,0,17-Apr-17
OPTSTK,WOCKPHARMA,29-Jun-17,560,PE,0,0,0,2.4,1.05,0,0,0,0,17-Apr-17
OPTSTK,WOCKPHARMA,29-Jun-17,580,PE,0,0,0,3.85,1.85,0,0,0,0,17-Apr-17
OPTSTK,WOCKPHARMA,29-Jun-17,600,PE,0,0,0,6,3.1,0,0,0,0,17-Apr-17
OPTSTK,WOCKPHARMA,29-Jun-17,620,PE,0,0,0,8.95,5,0,0,0,0,17-Apr-17
OPTSTK,WOCKPHARMA,29-Jun-17,640,PE,0,0,0,12.85,7.6,0,0,0,0,17-Apr-17
OPTSTK,WOCKPHARMA,29-Jun-17,660,PE,0,0,0,17.85,11.15,0,0,0,0,17-Apr-17
OPTSTK,WOCKPHARMA,29-Jun-17,680,PE,0,0,0,24,15.75,0,0,0,0,17-Apr-17
OPTSTK,WOCKPHARMA,29-Jun-17,700,PE,0,0,0,31.4,21.5,0,0,0,0,17-Apr-17
OPTSTK,WOCKPHARMA,29-Jun-17,720,PE,0,0,0,40.05,28.55,0,0,0,0,17-Apr-17
OPTSTK,WOCKPHARMA,29-Jun-17,740,PE,0,0,0,50,36.95,0,0,0,0,17-Apr-17
OPTSTK,WOCKPHARMA,29-Jun-17,760,PE,0,0,0,61.2,46.65,0,0,0,0,17-Apr-17
OPTSTK,WOCKPHARMA,29-Jun-17,780,PE,0,0,0,73.6,57.65,0,0,0,0,17-Apr-17
OPTSTK,WOCKPHARMA,29-Jun-17,800,PE,0,0,0,87.05,69.9,0,0,0,0,17-Apr-17
OPTSTK,WOCKPHARMA,29-Jun-17,820,PE,0,0,0,101.5,83.3,0,0,0,0,17-Apr-17
OPTSTK,WOCKPHARMA,29-Jun-17,840,PE,0,0,0,116.8,97.8,0,0,0,0,17-Apr-17
OPTSTK,WOCKPHARMA,29-Jun-17,860,PE,0,0,0,132.9,113.1,0,0,0,0,17-Apr-17
OPTSTK,WOCKPHARMA,29-Jun-17,880,PE,0,0,0,149.7,129.3,0,0,0,0,17-Apr-17
OPTSTK,WOCKPHARMA,29-Jun-17,900,PE,0,0,0,167,146.15,0,0,0,0,17-Apr-17
OPTSTK,WOCKPHARMA,29-Jun-17,920,PE,0,0,0,184.8,163.6,0,0,0,0,17-Apr-17
OPTSTK,WOCKPHARMA,29-Jun-17,940,PE,0,0,0,202.95,181.55,0,0,0,0,17-Apr-17
OPTSTK,YESBANK,27-Apr-17,900,CE,0,0,0,522.05,712.2,0,0,0,0,17-Apr-17
OPTSTK,YESBANK,27-Apr-17,950,CE,0,0,0,580,662.25,0,0,700,0,17-Apr-17
OPTSTK,YESBANK,27-Apr-17,1000,CE,0,0,0,543.95,612.35,0,0,15400,0,17-Apr-17
OPTSTK,YESBANK,27-Apr-17,1050,CE,0,0,0,479.5,562.45,0,0,2800,0,17-Apr-17
OPTSTK,YESBANK,27-Apr-17,1100,CE,0,0,0,441,512.55,0,0,15400,0,17-Apr-17
OPTSTK,YESBANK,27-Apr-17,1150,CE,0,0,0,289.7,462.6,0,0,0,0,17-Apr-17
OPTSTK,YESBANK,27-Apr-17,1200,CE,0,0,0,349,412.7,0,0,24500,0,17-Apr-17
OPTSTK,YESBANK,27-Apr-17,1220,CE,0,0,0,338.25,392.75,0,0,0,0,17-Apr-17
OPTSTK,YESBANK,27-Apr-17,1240,CE,0,0,0,318.35,372.8,0,0,0,0,17-Apr-17
OPTSTK,YESBANK,27-Apr-17,1250,CE,0,0,0,302.65,362.8,0,0,15400,0,17-Apr-17
OPTSTK,YESBANK,27-Apr-17,1260,CE,0,0,0,298.5,352.8,0,0,0,0,17-Apr-17
OPTSTK,YESBANK,27-Apr-17,1280,CE,0,0,0,278.65,332.85,0,0,0,0,17-Apr-17
OPTSTK,YESBANK,27-Apr-17,1300,CE,0,0,0,330,312.9,0,0,25200,0,17-Apr-17
OPTSTK,YESBANK,27-Apr-17,1320,CE,0,0,0,239.2,292.9,0,0,0,0,17-Apr-17
OPTSTK,YESBANK,27-Apr-17,1340,CE,0,0,0,219.65,272.95,0,0,0,0,17-Apr-17
OPTSTK,YESBANK,27-Apr-17,1350,CE,0,0,0,216.5,262.95,0,0,18900,0,17-Apr-17
OPTSTK,YESBANK,27-Apr-17,1360,CE,0,0,0,200.3,253,0,0,0,0,17-Apr-17
OPTSTK,YESBANK,27-Apr-17,1380,CE,0,0,0,181.3,233,0,0,0,0,17-Apr-17
OPTSTK,YESBANK,27-Apr-17,1400,CE,0,0,0,232.4,213.05,0,0,25200,0,17-Apr-17
OPTSTK,YESBANK,27-Apr-17,1420,CE,0,0,0,144.7,193.1,0,0,0,0,17-Apr-17
OPTSTK,YESBANK,27-Apr-17,1440,CE,0,0,0,127.4,173.2,0,0,0,0,17-Apr-17
OPTSTK,YESBANK,27-Apr-17,1450,CE,0,0,0,178.4,163.25,0,0,24500,0,17-Apr-17
OPTSTK,YESBANK,27-Apr-17,1460,CE,0,0,0,110.95,153.35,0,0,0,0,17-Apr-17
OPTSTK,YESBANK,27-Apr-17,1480,CE,0,0,0,95.5,133.65,0,0,0,0,17-Apr-17
OPTSTK,YESBANK,27-Apr-17,1500,CE,117.25,119.8,117,117,117,11,124.66,71400,-1400,17-Apr-17
OPTSTK,YESBANK,27-Apr-17,1520,CE,0,0,0,64.75,95.5,0,0,700,0,17-Apr-17
OPTSTK,YESBANK,27-Apr-17,1540,CE,0,0,0,93.95,77.65,0,0,8400,0,17-Apr-17
OPTSTK,YESBANK,27-Apr-17,1550,CE,81,81,72.55,79.2,79.2,68,774.3,196700,-38500,17-Apr-17
OPTSTK,YESBANK,27-Apr-17,1560,CE,76.3,76.3,66.05,66.05,66.05,9,102.59,79100,0,17-Apr-17
OPTSTK,YESBANK,27-Apr-17,1580,CE,60,62.15,51,55,55,43,492.24,67200,4200,17-Apr-17
OPTSTK,YESBANK,27-Apr-17,1600,CE,45.2,50,38.6,42.95,42.95,346,3977.23,435400,28700,17-Apr-17
OPTSTK,YESBANK,27-Apr-17,1620,CE,37,41.75,28.6,31.95,31.95,578,6683.13,218400,44800,17-Apr-17
OPTSTK,YESBANK,27-Apr-17,1640,CE,26.05,29.45,20.75,23.25,23.25,554,6450.19,284200,26600,17-Apr-17
OPTSTK,YESBANK,27-Apr-17,1650,CE,19.95,24.15,17.05,19.35,19.35,510,5959.83,416500,-12600,17-Apr-17
OPTSTK,YESBANK,27-Apr-17,1660,CE,18.45,21,14.15,16.3,16.3,209,2452.26,171500,16800,17-Apr-17
OPTSTK,YESBANK,27-Apr-17,1680,CE,13,13,9.6,11.1,11.1,187,2213.36,81200,11200,17-Apr-17
OPTSTK,YESBANK,27-Apr-17,1700,CE,9.1,10.6,6.5,7.5,7.5,702,8390.56,466900,32200,17-Apr-17
OPTSTK,YESBANK,27-Apr-17,1720,CE,6.4,6.4,4.5,5,5,73,881.46,67900,9100,17-Apr-17
OPTSTK,YESBANK,27-Apr-17,1740,CE,3,3.75,3,3.35,3.35,27,329.49,40600,700,17-Apr-17
OPTSTK,YESBANK,27-Apr-17,1750,CE,2.4,3.45,2.4,2.7,2.7,134,1644.02,131600,11900,17-Apr-17
OPTSTK,YESBANK,27-Apr-17,1760,CE,2.4,2.4,2,2.2,2.2,32,394.72,23100,7000,17-Apr-17
OPTSTK,YESBANK,27-Apr-17,1780,CE,1.95,1.95,1.35,1.5,1.5,50,623.52,18900,0,17-Apr-17
OPTSTK,YESBANK,27-Apr-17,1800,CE,1.5,1.5,0.85,1,1,60,756.43,67200,16100,17-Apr-17
OPTSTK,YESBANK,27-Apr-17,1820,CE,0,0,0,0.9,0.05,0,0,0,0,17-Apr-17
OPTSTK,YESBANK,27-Apr-17,1840,CE,0,0,0,0.6,0.05,0,0,0,0,17-Apr-17
OPTSTK,YESBANK,27-Apr-17,900,PE,0,0,0,0.45,0,0,0,0,0,17-Apr-17
OPTSTK,YESBANK,27-Apr-17,950,PE,0,0,0,1.1,0,0,0,0,0,17-Apr-17
OPTSTK,YESBANK,27-Apr-17,1000,PE,0,0,0,2.3,0,0,0,0,0,17-Apr-17
OPTSTK,YESBANK,27-Apr-17,1050,PE,0,0,0,4.55,0,0,0,0,0,17-Apr-17
OPTSTK,YESBANK,27-Apr-17,1100,PE,0,0,0,0.05,0,0,0,3500,0,17-Apr-17
OPTSTK,YESBANK,27-Apr-17,1150,PE,0,0,0,14.05,0,0,0,0,0,17-Apr-17
OPTSTK,YESBANK,27-Apr-17,1200,PE,0,0,0,0.45,0,0,0,16800,0,17-Apr-17
OPTSTK,YESBANK,27-Apr-17,1220,PE,0,0,0,0.05,0,0,0,0,0,17-Apr-17
OPTSTK,YESBANK,27-Apr-17,1240,PE,0,0,0,0.05,0,0,0,0,0,17-Apr-17
OPTSTK,YESBANK,27-Apr-17,1250,PE,0,0,0,0.3,0,0,0,11200,0,17-Apr-17
OPTSTK,YESBANK,27-Apr-17,1260,PE,0,0,0,0.1,0,0,0,0,0,17-Apr-17
OPTSTK,YESBANK,27-Apr-17,1280,PE,0,0,0,0.15,0,0,0,0,0,17-Apr-17
OPTSTK,YESBANK,27-Apr-17,1300,PE,0,0,0,0.35,0,0,0,25200,0,17-Apr-17
OPTSTK,YESBANK,27-Apr-17,1320,PE,0,0,0,0.5,0,0,0,0,0,17-Apr-17
OPTSTK,YESBANK,27-Apr-17,1340,PE,0,0,0,0.8,0,0,0,0,0,17-Apr-17
OPTSTK,YESBANK,27-Apr-17,1350,PE,0.5,1,0.5,0.75,0.75,19,179.66,81200,-4200,17-Apr-17
OPTSTK,YESBANK,27-Apr-17,1360,PE,0,0,0,1.45,0,0,0,0,0,17-Apr-17
OPTSTK,YESBANK,27-Apr-17,1380,PE,0,0,0,2.3,0,0,0,0,0,17-Apr-17
OPTSTK,YESBANK,27-Apr-17,1400,PE,1.4,1.4,1,1,1,14,137.31,268100,4200,17-Apr-17
OPTSTK,YESBANK,27-Apr-17,1420,PE,0,0,0,1.05,0.05,0,0,22400,0,17-Apr-17
OPTSTK,YESBANK,27-Apr-17,1440,PE,1.4,2.05,1.35,2.05,2.05,3,30.27,24500,0,17-Apr-17
OPTSTK,YESBANK,27-Apr-17,1450,PE,1.05,2.55,1,2.15,2.15,107,1087.71,329000,2800,17-Apr-17
OPTSTK,YESBANK,27-Apr-17,1460,PE,2.2,2.85,2.2,2.2,2.2,15,153.55,27300,700,17-Apr-17
OPTSTK,YESBANK,27-Apr-17,1480,PE,3.65,3.7,2.85,3.1,3.1,4,41.53,49000,0,17-Apr-17
OPTSTK,YESBANK,27-Apr-17,1500,PE,3,5.6,2.65,4.65,4.65,539,5677.86,619500,-16100,17-Apr-17
OPTSTK,YESBANK,27-Apr-17,1520,PE,6,7.3,6,6.35,6.35,48,513.04,137200,-9100,17-Apr-17
OPTSTK,YESBANK,27-Apr-17,1540,PE,7.6,10.8,6.8,9.15,9.15,78,845.92,92400,7700,17-Apr-17
OPTSTK,YESBANK,27-Apr-17,1550,PE,10,13,8.65,10.9,10.9,463,5061.07,308700,-4200,17-Apr-17
OPTSTK,YESBANK,27-Apr-17,1560,PE,11.55,15.35,11.55,13.05,13.05,99,1090.59,91700,-13300,17-Apr-17
OPTSTK,YESBANK,27-Apr-17,1580,PE,16.55,21.5,16.25,18.3,18.3,295,3302.52,161700,37800,17-Apr-17
OPTSTK,YESBANK,27-Apr-17,1600,PE,21.7,29.45,21.7,25.15,25.15,962,10949.36,356300,102900,17-Apr-17
OPTSTK,YESBANK,27-Apr-17,1620,PE,31.75,38.85,31.15,34.05,34.05,326,3777.18,144200,31500,17-Apr-17
OPTSTK,YESBANK,27-Apr-17,1640,PE,45,48.9,44.8,44.8,44.8,9,106.27,22400,-2800,17-Apr-17
OPTSTK,YESBANK,27-Apr-17,1650,PE,50,56,50,51.4,51.4,12,142.97,35000,2800,17-Apr-17
OPTSTK,YESBANK,27-Apr-17,1660,PE,0,0,0,55,56.6,0,0,0,0,17-Apr-17
OPTSTK,YESBANK,27-Apr-17,1680,PE,70.5,70.5,70.5,70.5,70.5,1,12.25,7700,700,17-Apr-17
OPTSTK,YESBANK,27-Apr-17,1700,PE,93,93,93,93,93,3,37.65,65100,0,17-Apr-17
OPTSTK,YESBANK,27-Apr-17,1720,PE,0,0,0,164.75,108.3,0,0,0,0,17-Apr-17
OPTSTK,YESBANK,27-Apr-17,1740,PE,0,0,0,183.15,127.35,0,0,0,0,17-Apr-17
OPTSTK,YESBANK,27-Apr-17,1750,PE,0,0,0,335.1,137.05,0,0,0,0,17-Apr-17
OPTSTK,YESBANK,27-Apr-17,1760,PE,0,0,0,201.9,146.85,0,0,0,0,17-Apr-17
OPTSTK,YESBANK,27-Apr-17,1780,PE,0,0,0,220.95,166.55,0,0,0,0,17-Apr-17
OPTSTK,YESBANK,27-Apr-17,1800,PE,0,0,0,245,186.4,0,0,700,0,17-Apr-17
OPTSTK,YESBANK,27-Apr-17,1820,PE,0,0,0,259.75,206.3,0,0,0,0,17-Apr-17
OPTSTK,YESBANK,27-Apr-17,1840,PE,0,0,0,279.35,226.25,0,0,0,0,17-Apr-17
OPTSTK,YESBANK,25-May-17,950,CE,0,0,0,511.7,667.05,0,0,0,0,17-Apr-17
OPTSTK,YESBANK,25-May-17,1000,CE,0,0,0,462.5,617.35,0,0,0,0,17-Apr-17
OPTSTK,YESBANK,25-May-17,1050,CE,0,0,0,413.45,567.7,0,0,0,0,17-Apr-17
OPTSTK,YESBANK,25-May-17,1100,CE,0,0,0,364.7,518.05,0,0,0,0,17-Apr-17
OPTSTK,YESBANK,25-May-17,1150,CE,0,0,0,316.55,468.4,0,0,0,0,17-Apr-17
OPTSTK,YESBANK,25-May-17,1200,CE,0,0,0,269.7,418.7,0,0,0,0,17-Apr-17
OPTSTK,YESBANK,25-May-17,1220,CE,0,0,0,345,398.85,0,0,0,0,17-Apr-17
OPTSTK,YESBANK,25-May-17,1240,CE,0,0,0,325.45,379,0,0,0,0,17-Apr-17
OPTSTK,YESBANK,25-May-17,1250,CE,0,0,0,224.85,369.05,0,0,0,0,17-Apr-17
OPTSTK,YESBANK,25-May-17,1260,CE,0,0,0,306,359.15,0,0,0,0,17-Apr-17
OPTSTK,YESBANK,25-May-17,1280,CE,0,0,0,286.75,339.3,0,0,0,0,17-Apr-17
OPTSTK,YESBANK,25-May-17,1300,CE,0,0,0,182.95,319.5,0,0,0,0,17-Apr-17
OPTSTK,YESBANK,25-May-17,1320,CE,0,0,0,248.85,299.75,0,0,0,0,17-Apr-17
OPTSTK,YESBANK,25-May-17,1340,CE,0,0,0,230.35,280.05,0,0,0,0,17-Apr-17
OPTSTK,YESBANK,25-May-17,1350,CE,0,0,0,145.05,270.2,0,0,0,0,17-Apr-17
OPTSTK,YESBANK,25-May-17,1360,CE,0,0,0,212.25,260.45,0,0,0,0,17-Apr-17
OPTSTK,YESBANK,25-May-17,1380,CE,0,0,0,194.65,241,0,0,0,0,17-Apr-17
OPTSTK,YESBANK,25-May-17,1400,CE,0,0,0,111.75,221.75,0,0,0,0,17-Apr-17
OPTSTK,YESBANK,25-May-17,1420,CE,0,0,0,161.15,202.85,0,0,0,0,17-Apr-17
OPTSTK,YESBANK,25-May-17,1440,CE,0,0,0,145.45,184.3,0,0,0,0,17-Apr-17
OPTSTK,YESBANK,25-May-17,1450,CE,0,0,0,83.65,175.2,0,0,0,0,17-Apr-17
OPTSTK,YESBANK,25-May-17,1460,CE,0,0,0,130.55,166.25,0,0,0,0,17-Apr-17
OPTSTK,YESBANK,25-May-17,1480,CE,0,0,0,116.4,148.8,0,0,0,0,17-Apr-17
OPTSTK,YESBANK,25-May-17,1500,CE,0,0,0,60.85,132.1,0,0,0,0,17-Apr-17
OPTSTK,YESBANK,25-May-17,1520,CE,0,0,0,90.9,116.2,0,0,0,0,17-Apr-17
OPTSTK,YESBANK,25-May-17,1540,CE,0,0,0,79.6,101.35,0,0,0,0,17-Apr-17
OPTSTK,YESBANK,25-May-17,1550,CE,88,88,88,88,88,7,80.26,7000,4200,17-Apr-17
OPTSTK,YESBANK,25-May-17,1560,CE,0,0,0,69.25,87.45,0,0,0,0,17-Apr-17
OPTSTK,YESBANK,25-May-17,1580,CE,0,0,0,59.85,74.75,0,0,0,0,17-Apr-17
OPTSTK,YESBANK,25-May-17,1600,CE,61.2,61.2,61.2,61.2,61.2,1,11.62,35000,0,17-Apr-17
OPTSTK,YESBANK,25-May-17,1620,CE,52.6,52.6,52.6,52.6,52.6,1,11.7,6300,0,17-Apr-17
OPTSTK,YESBANK,25-May-17,1640,CE,40,40,40,40,40,1,11.76,700,700,17-Apr-17
OPTSTK,YESBANK,25-May-17,1650,CE,0,0,0,44,39.7,0,0,16100,0,17-Apr-17
OPTSTK,YESBANK,25-May-17,1660,CE,0,0,0,31.3,35.9,0,0,0,0,17-Apr-17
OPTSTK,YESBANK,25-May-17,1680,CE,0,0,0,26.25,29.05,0,0,0,0,17-Apr-17
OPTSTK,YESBANK,25-May-17,1700,CE,25.5,25.5,21.25,21.25,21.25,6,72.36,31500,0,17-Apr-17
OPTSTK,YESBANK,25-May-17,1720,CE,0,0,0,18,18.45,0,0,0,0,17-Apr-17
OPTSTK,YESBANK,25-May-17,1740,CE,0,0,0,14.8,14.45,0,0,0,0,17-Apr-17
OPTSTK,YESBANK,25-May-17,1750,CE,0,0,0,8.15,12.75,0,0,0,0,17-Apr-17
OPTSTK,YESBANK,25-May-17,1760,CE,0,0,0,12.1,11.2,0,0,0,0,17-Apr-17
OPTSTK,YESBANK,25-May-17,1780,CE,0,0,0,9.8,8.6,0,0,0,0,17-Apr-17
OPTSTK,YESBANK,25-May-17,1800,CE,0,0,0,5.05,6.5,0,0,0,0,17-Apr-17
OPTSTK,YESBANK,25-May-17,1820,CE,0,0,0,6.35,4.9,0,0,0,0,17-Apr-17
OPTSTK,YESBANK,25-May-17,1840,CE,0,0,0,5.05,3.6,0,0,0,0,17-Apr-17
OPTSTK,YESBANK,25-May-17,950,PE,0,0,0,0.05,0,0,0,0,0,17-Apr-17
OPTSTK,YESBANK,25-May-17,1000,PE,0,0,0,0.1,0,0,0,0,0,17-Apr-17
OPTSTK,YESBANK,25-May-17,1050,PE,0,0,0,0.25,0,0,0,0,0,17-Apr-17
OPTSTK,YESBANK,25-May-17,1100,PE,0,0,0,0.7,0,0,0,0,0,17-Apr-17
OPTSTK,YESBANK,25-May-17,1150,PE,0,0,0,1.8,0,0,0,0,0,17-Apr-17
OPTSTK,YESBANK,25-May-17,1200,PE,0,0,0,4.1,0,0,0,0,0,17-Apr-17
OPTSTK,YESBANK,25-May-17,1220,PE,0,0,0,0.45,0.05,0,0,0,0,17-Apr-17
OPTSTK,YESBANK,25-May-17,1240,PE,0,0,0,0.7,0.05,0,0,0,0,17-Apr-17
OPTSTK,YESBANK,25-May-17,1250,PE,0,0,0,8.45,0.05,0,0,0,0,17-Apr-17
OPTSTK,YESBANK,25-May-17,1260,PE,0,0,0,1.05,0.05,0,0,0,0,17-Apr-17
OPTSTK,YESBANK,25-May-17,1280,PE,0,0,0,1.55,0.1,0,0,0,0,17-Apr-17
OPTSTK,YESBANK,25-May-17,1300,PE,0,0,0,15.8,0.15,0,0,0,0,17-Apr-17
OPTSTK,YESBANK,25-May-17,1320,PE,0,0,0,3.25,0.25,0,0,0,0,17-Apr-17
OPTSTK,YESBANK,25-May-17,1340,PE,0,0,0,4.55,0.4,0,0,0,0,17-Apr-17
OPTSTK,YESBANK,25-May-17,1350,PE,0,0,0,27.1,0.5,0,0,0,0,17-Apr-17
OPTSTK,YESBANK,25-May-17,1360,PE,0,0,0,6.3,0.65,0,0,0,0,17-Apr-17
OPTSTK,YESBANK,25-May-17,1380,PE,0,0,0,8.45,1.1,0,0,0,0,17-Apr-17
OPTSTK,YESBANK,25-May-17,1400,PE,0,0,0,43,1.7,0,0,0,0,17-Apr-17
OPTSTK,YESBANK,25-May-17,1420,PE,0,0,0,14.55,2.65,0,0,0,0,17-Apr-17
OPTSTK,YESBANK,25-May-17,1440,PE,0,0,0,18.65,3.95,0,0,0,0,17-Apr-17
OPTSTK,YESBANK,25-May-17,1450,PE,0,0,0,16.5,4.8,0,0,2800,0,17-Apr-17
OPTSTK,YESBANK,25-May-17,1460,PE,0,0,0,23.55,5.8,0,0,0,0,17-Apr-17
OPTSTK,YESBANK,25-May-17,1480,PE,0,0,0,29.15,8.2,0,0,0,0,17-Apr-17
OPTSTK,YESBANK,25-May-17,1500,PE,15.5,16.5,15.5,16.5,16.5,3,31.83,30100,2100,17-Apr-17
OPTSTK,YESBANK,25-May-17,1520,PE,0,0,0,24,15.35,0,0,700,0,17-Apr-17
OPTSTK,YESBANK,25-May-17,1540,PE,0,0,0,51.75,20.4,0,0,0,0,17-Apr-17
OPTSTK,YESBANK,25-May-17,1550,PE,29.05,29.05,27.3,27.3,27.3,3,33.14,5600,700,17-Apr-17
OPTSTK,YESBANK,25-May-17,1560,PE,0,0,0,61.2,26.35,0,0,0,0,17-Apr-17
OPTSTK,YESBANK,25-May-17,1580,PE,38.75,38.75,38.75,38.75,38.75,1,11.33,1400,700,17-Apr-17
OPTSTK,YESBANK,25-May-17,1600,PE,51.25,51.25,49,49,49,2,23.1,13300,1400,17-Apr-17
OPTSTK,YESBANK,25-May-17,1620,PE,0,0,0,95.2,51.4,0,0,0,0,17-Apr-17
OPTSTK,YESBANK,25-May-17,1640,PE,0,0,0,108.3,62.15,0,0,0,0,17-Apr-17
OPTSTK,YESBANK,25-May-17,1650,PE,0,0,0,197.1,68,0,0,0,0,17-Apr-17
OPTSTK,YESBANK,25-May-17,1660,PE,0,0,0,122.25,74.1,0,0,0,0,17-Apr-17
OPTSTK,YESBANK,25-May-17,1680,PE,0,0,0,137,87.15,0,0,0,0,17-Apr-17
OPTSTK,YESBANK,25-May-17,1700,PE,0,0,0,239.4,101.2,0,0,0,0,17-Apr-17
OPTSTK,YESBANK,25-May-17,1720,PE,0,0,0,168.35,116.25,0,0,0,0,17-Apr-17
OPTSTK,YESBANK,25-May-17,1740,PE,0,0,0,184.95,132.1,0,0,0,0,17-Apr-17
OPTSTK,YESBANK,25-May-17,1750,PE,0,0,0,283.9,140.35,0,0,0,0,17-Apr-17
OPTSTK,YESBANK,25-May-17,1760,PE,0,0,0,202,148.75,0,0,0,0,17-Apr-17
OPTSTK,YESBANK,25-May-17,1780,PE,0,0,0,219.55,166,0,0,0,0,17-Apr-17
OPTSTK,YESBANK,25-May-17,1800,PE,0,0,0,330.05,183.75,0,0,0,0,17-Apr-17
OPTSTK,YESBANK,25-May-17,1820,PE,0,0,0,255.65,202,0,0,0,0,17-Apr-17
OPTSTK,YESBANK,25-May-17,1840,PE,0,0,0,274.15,220.6,0,0,0,0,17-Apr-17
OPTSTK,YESBANK,29-Jun-17,1160,CE,0,0,0,412,465.65,0,0,0,0,17-Apr-17
OPTSTK,YESBANK,29-Jun-17,1180,CE,0,0,0,392.6,445.95,0,0,0,0,17-Apr-17
OPTSTK,YESBANK,29-Jun-17,1200,CE,0,0,0,373.35,426.25,0,0,0,0,17-Apr-17
OPTSTK,YESBANK,29-Jun-17,1220,CE,0,0,0,354.25,406.6,0,0,0,0,17-Apr-17
OPTSTK,YESBANK,29-Jun-17,1240,CE,0,0,0,335.3,387,0,0,0,0,17-Apr-17
OPTSTK,YESBANK,29-Jun-17,1260,CE,0,0,0,316.6,367.5,0,0,0,0,17-Apr-17
OPTSTK,YESBANK,29-Jun-17,1280,CE,0,0,0,298.1,348.05,0,0,0,0,17-Apr-17
OPTSTK,YESBANK,29-Jun-17,1300,CE,0,0,0,279.95,328.7,0,0,0,0,17-Apr-17
OPTSTK,YESBANK,29-Jun-17,1320,CE,0,0,0,262.15,309.55,0,0,0,0,17-Apr-17
OPTSTK,YESBANK,29-Jun-17,1340,CE,0,0,0,244.7,290.6,0,0,0,0,17-Apr-17
OPTSTK,YESBANK,29-Jun-17,1360,CE,0,0,0,227.75,271.9,0,0,0,0,17-Apr-17
OPTSTK,YESBANK,29-Jun-17,1380,CE,0,0,0,211.25,253.5,0,0,0,0,17-Apr-17
OPTSTK,YESBANK,29-Jun-17,1400,CE,0,0,0,195.35,235.45,0,0,0,0,17-Apr-17
OPTSTK,YESBANK,29-Jun-17,1420,CE,0,0,0,180,217.8,0,0,0,0,17-Apr-17
OPTSTK,YESBANK,29-Jun-17,1440,CE,0,0,0,165.35,200.7,0,0,0,0,17-Apr-17
OPTSTK,YESBANK,29-Jun-17,1460,CE,0,0,0,151.25,184.15,0,0,0,0,17-Apr-17
OPTSTK,YESBANK,29-Jun-17,1480,CE,0,0,0,137.9,168.2,0,0,0,0,17-Apr-17
OPTSTK,YESBANK,29-Jun-17,1500,CE,0,0,0,125.3,152.9,0,0,0,0,17-Apr-17
OPTSTK,YESBANK,29-Jun-17,1520,CE,0,0,0,113.45,138.4,0,0,0,0,17-Apr-17
OPTSTK,YESBANK,29-Jun-17,1540,CE,0,0,0,102.35,124.6,0,0,0,0,17-Apr-17
OPTSTK,YESBANK,29-Jun-17,1560,CE,0,0,0,92,111.65,0,0,0,0,17-Apr-17
OPTSTK,YESBANK,29-Jun-17,1580,CE,0,0,0,82.35,99.55,0,0,0,0,17-Apr-17
OPTSTK,YESBANK,29-Jun-17,1600,CE,0,0,0,73.5,88.3,0,0,0,0,17-Apr-17
OPTSTK,YESBANK,29-Jun-17,1620,CE,0,0,0,65.35,77.95,0,0,0,0,17-Apr-17
OPTSTK,YESBANK,29-Jun-17,1640,CE,0,0,0,57.9,68.45,0,0,0,0,17-Apr-17
OPTSTK,YESBANK,29-Jun-17,1660,CE,0,0,0,51.1,59.8,0,0,0,0,17-Apr-17
OPTSTK,YESBANK,29-Jun-17,1680,CE,0,0,0,44.95,52,0,0,0,0,17-Apr-17
OPTSTK,YESBANK,29-Jun-17,1700,CE,0,0,0,39.4,44.95,0,0,0,0,17-Apr-17
OPTSTK,YESBANK,29-Jun-17,1720,CE,0,0,0,34.5,38.65,0,0,0,0,17-Apr-17
OPTSTK,YESBANK,29-Jun-17,1740,CE,0,0,0,30.05,33.1,0,0,0,0,17-Apr-17
OPTSTK,YESBANK,29-Jun-17,1760,CE,0,0,0,26,28.25,0,0,0,0,17-Apr-17
OPTSTK,YESBANK,29-Jun-17,1780,CE,0,0,0,22.5,23.9,0,0,0,0,17-Apr-17
OPTSTK,YESBANK,29-Jun-17,1800,CE,0,0,0,19.4,20.15,0,0,0,0,17-Apr-17
OPTSTK,YESBANK,29-Jun-17,1820,CE,0,0,0,16.65,16.9,0,0,0,0,17-Apr-17
OPTSTK,YESBANK,29-Jun-17,1840,CE,0,0,0,14.3,14.15,0,0,0,0,17-Apr-17
OPTSTK,YESBANK,29-Jun-17,1160,PE,0,0,0,0.7,0.05,0,0,0,0,17-Apr-17
OPTSTK,YESBANK,29-Jun-17,1180,PE,0,0,0,1,0.1,0,0,0,0,17-Apr-17
OPTSTK,YESBANK,29-Jun-17,1200,PE,0,0,0,1.4,0.15,0,0,0,0,17-Apr-17
OPTSTK,YESBANK,29-Jun-17,1220,PE,0,0,0,2,0.25,0,0,0,0,17-Apr-17
OPTSTK,YESBANK,29-Jun-17,1240,PE,0,0,0,2.7,0.4,0,0,0,0,17-Apr-17
OPTSTK,YESBANK,29-Jun-17,1260,PE,0,0,0,3.65,0.6,0,0,0,0,17-Apr-17
OPTSTK,YESBANK,29-Jun-17,1280,PE,0,0,0,4.85,0.9,0,0,0,0,17-Apr-17
OPTSTK,YESBANK,29-Jun-17,1300,PE,0,0,0,6.35,1.35,0,0,0,0,17-Apr-17
OPTSTK,YESBANK,29-Jun-17,1320,PE,0,0,0,8.2,1.9,0,0,0,0,17-Apr-17
OPTSTK,YESBANK,29-Jun-17,1340,PE,0,0,0,10.45,2.7,0,0,0,0,17-Apr-17
OPTSTK,YESBANK,29-Jun-17,1360,PE,0,0,0,13.15,3.7,0,0,0,0,17-Apr-17
OPTSTK,YESBANK,29-Jun-17,1380,PE,0,0,0,16.35,5.05,0,0,0,0,17-Apr-17
OPTSTK,YESBANK,29-Jun-17,1400,PE,0,0,0,20.1,6.75,0,0,0,0,17-Apr-17
OPTSTK,YESBANK,29-Jun-17,1420,PE,0,0,0,24.45,8.9,0,0,0,0,17-Apr-17
OPTSTK,YESBANK,29-Jun-17,1440,PE,0,0,0,29.45,11.5,0,0,0,0,17-Apr-17
OPTSTK,YESBANK,29-Jun-17,1460,PE,0,0,0,35,14.65,0,0,0,0,17-Apr-17
OPTSTK,YESBANK,29-Jun-17,1480,PE,0,0,0,41.35,18.45,0,0,0,0,17-Apr-17
OPTSTK,YESBANK,29-Jun-17,1500,PE,0,0,0,48.45,22.95,0,0,0,0,17-Apr-17
OPTSTK,YESBANK,29-Jun-17,1520,PE,0,0,0,56.25,28.2,0,0,0,0,17-Apr-17
OPTSTK,YESBANK,29-Jun-17,1540,PE,0,0,0,64.8,34.1,0,0,0,0,17-Apr-17
OPTSTK,YESBANK,29-Jun-17,1560,PE,0,0,0,74.1,40.9,0,0,0,0,17-Apr-17
OPTSTK,YESBANK,29-Jun-17,1580,PE,0,0,0,84.15,48.55,0,0,0,0,17-Apr-17
OPTSTK,YESBANK,29-Jun-17,1600,PE,0,0,0,94.95,57.05,0,0,0,0,17-Apr-17
OPTSTK,YESBANK,29-Jun-17,1620,PE,0,0,0,106.45,66.45,0,0,0,0,17-Apr-17
OPTSTK,YESBANK,29-Jun-17,1640,PE,0,0,0,118.7,76.65,0,0,0,0,17-Apr-17
OPTSTK,YESBANK,29-Jun-17,1660,PE,0,0,0,131.55,87.75,0,0,0,0,17-Apr-17
OPTSTK,YESBANK,29-Jun-17,1680,PE,0,0,0,145.1,99.7,0,0,0,0,17-Apr-17
OPTSTK,YESBANK,29-Jun-17,1700,PE,0,0,0,159.2,112.4,0,0,0,0,17-Apr-17
OPTSTK,YESBANK,29-Jun-17,1720,PE,0,0,0,173.95,125.85,0,0,0,0,17-Apr-17
OPTSTK,YESBANK,29-Jun-17,1740,PE,0,0,0,189.2,140,0,0,0,0,17-Apr-17
OPTSTK,YESBANK,29-Jun-17,1760,PE,0,0,0,204.85,154.9,0,0,0,0,17-Apr-17
OPTSTK,YESBANK,29-Jun-17,1780,PE,0,0,0,221,170.3,0,0,0,0,17-Apr-17
OPTSTK,YESBANK,29-Jun-17,1800,PE,0,0,0,237.55,186.3,0,0,0,0,17-Apr-17
OPTSTK,YESBANK,29-Jun-17,1820,PE,0,0,0,254.5,202.8,0,0,0,0,17-Apr-17
OPTSTK,YESBANK,29-Jun-17,1840,PE,0,0,0,271.8,219.75,0,0,0,0,17-Apr-17
OPTSTK,ZEEL,27-Apr-17,340,CE,0,0,0,164.1,181.8,0,0,0,0,17-Apr-17
OPTSTK,ZEEL,27-Apr-17,350,CE,0,0,0,184.15,171.85,0,0,0,0,17-Apr-17
OPTSTK,ZEEL,27-Apr-17,360,CE,0,0,0,144.85,161.85,0,0,0,0,17-Apr-17
OPTSTK,ZEEL,27-Apr-17,370,CE,0,0,0,164.25,151.85,0,0,0,0,17-Apr-17
OPTSTK,ZEEL,27-Apr-17,380,CE,0,0,0,126.1,141.9,0,0,0,0,17-Apr-17
OPTSTK,ZEEL,27-Apr-17,390,CE,0,0,0,144.35,131.9,0,0,0,0,17-Apr-17
OPTSTK,ZEEL,27-Apr-17,400,CE,0,0,0,108.05,121.9,0,0,0,0,17-Apr-17
OPTSTK,ZEEL,27-Apr-17,410,CE,0,0,0,124.45,111.95,0,0,0,0,17-Apr-17
OPTSTK,ZEEL,27-Apr-17,420,CE,0,0,0,91,101.95,0,0,0,0,17-Apr-17
OPTSTK,ZEEL,27-Apr-17,430,CE,0,0,0,104.55,91.95,0,0,0,0,17-Apr-17
OPTSTK,ZEEL,27-Apr-17,440,CE,0,0,0,75.25,82,0,0,0,0,17-Apr-17
OPTSTK,ZEEL,27-Apr-17,450,CE,0,0,0,84.7,72,0,0,0,0,17-Apr-17
OPTSTK,ZEEL,27-Apr-17,460,CE,0,0,0,76,62.05,0,0,5200,0,17-Apr-17
OPTSTK,ZEEL,27-Apr-17,470,CE,0,0,0,65,52.1,0,0,0,0,17-Apr-17
OPTSTK,ZEEL,27-Apr-17,480,CE,0,0,0,50.25,42.3,0,0,2600,0,17-Apr-17
OPTSTK,ZEEL,27-Apr-17,490,CE,0,0,0,46.05,32.9,0,0,0,0,17-Apr-17
OPTSTK,ZEEL,27-Apr-17,500,CE,26.1,26.1,26.1,26.1,26.1,1,6.83,85800,0,17-Apr-17
OPTSTK,ZEEL,27-Apr-17,510,CE,0,0,0,29.15,16.5,0,0,0,0,17-Apr-17
OPTSTK,ZEEL,27-Apr-17,520,CE,13,14.55,9.95,11.55,11.55,45,311.31,55900,13000,17-Apr-17
OPTSTK,ZEEL,27-Apr-17,530,CE,8,9.5,6.1,7.3,7.3,229,1600.37,158600,40300,17-Apr-17
OPTSTK,ZEEL,27-Apr-17,540,CE,4.45,6,3.75,4.3,4.3,198,1402.01,291200,9100,17-Apr-17
OPTSTK,ZEEL,27-Apr-17,550,CE,3,3.65,2.4,2.75,2.75,123,884.1,197600,1300,17-Apr-17
OPTSTK,ZEEL,27-Apr-17,560,CE,1.85,2.2,1.4,1.6,1.6,70,511.25,235300,-11700,17-Apr-17
OPTSTK,ZEEL,27-Apr-17,570,CE,1.2,1.2,1,1,1,12,89.08,68900,-1300,17-Apr-17
OPTSTK,ZEEL,27-Apr-17,580,CE,0.7,0.75,0.6,0.65,0.65,10,75.48,81900,-3900,17-Apr-17
OPTSTK,ZEEL,27-Apr-17,590,CE,0,0,0,0.7,0.05,0,0,15600,0,17-Apr-17
OPTSTK,ZEEL,27-Apr-17,600,CE,0.4,0.45,0.3,0.3,0.3,18,140.49,57200,2600,17-Apr-17
OPTSTK,ZEEL,27-Apr-17,610,CE,0,0,0,1,0,0,0,1300,0,17-Apr-17
OPTSTK,ZEEL,27-Apr-17,620,CE,0,0,0,0.7,0,0,0,3900,0,17-Apr-17
OPTSTK,ZEEL,27-Apr-17,630,CE,0,0,0,0.05,0,0,0,0,0,17-Apr-17
OPTSTK,ZEEL,27-Apr-17,640,CE,0,0,0,4.25,0,0,0,0,0,17-Apr-17
OPTSTK,ZEEL,27-Apr-17,650,CE,0,0,0,0.05,0,0,0,0,0,17-Apr-17
OPTSTK,ZEEL,27-Apr-17,340,PE,0,0,0,0.3,0,0,0,0,0,17-Apr-17
OPTSTK,ZEEL,27-Apr-17,350,PE,0,0,0,0.05,0,0,0,0,0,17-Apr-17
OPTSTK,ZEEL,27-Apr-17,360,PE,0,0,0,0.75,0,0,0,0,0,17-Apr-17
OPTSTK,ZEEL,27-Apr-17,370,PE,0,0,0,0.05,0,0,0,0,0,17-Apr-17
OPTSTK,ZEEL,27-Apr-17,380,PE,0,0,0,1.65,0,0,0,0,0,17-Apr-17
OPTSTK,ZEEL,27-Apr-17,390,PE,0,0,0,0.05,0,0,0,0,0,17-Apr-17
OPTSTK,ZEEL,27-Apr-17,400,PE,0,0,0,3.25,0,0,0,0,0,17-Apr-17
OPTSTK,ZEEL,27-Apr-17,410,PE,0,0,0,0.05,0,0,0,0,0,17-Apr-17
OPTSTK,ZEEL,27-Apr-17,420,PE,0,0,0,5.9,0,0,0,0,0,17-Apr-17
OPTSTK,ZEEL,27-Apr-17,430,PE,0,0,0,0.05,0,0,0,0,0,17-Apr-17
OPTSTK,ZEEL,27-Apr-17,440,PE,0,0,0,9.85,0,0,0,0,0,17-Apr-17
OPTSTK,ZEEL,27-Apr-17,450,PE,0,0,0,0.05,0,0,0,0,0,17-Apr-17
OPTSTK,ZEEL,27-Apr-17,460,PE,0,0,0,0.1,0.05,0,0,5200,0,17-Apr-17
OPTSTK,ZEEL,27-Apr-17,470,PE,0,0,0,0.25,0.1,0,0,0,0,17-Apr-17
OPTSTK,ZEEL,27-Apr-17,480,PE,0.35,0.35,0.35,0.35,0.35,1,6.24,14300,-1300,17-Apr-17
OPTSTK,ZEEL,27-Apr-17,490,PE,1.05,1.05,1.05,1.05,1.05,1,6.38,5200,1300,17-Apr-17
OPTSTK,ZEEL,27-Apr-17,500,PE,2.6,2.6,1.5,1.8,1.8,62,404.56,158600,23400,17-Apr-17
OPTSTK,ZEEL,27-Apr-17,510,PE,3.8,4.85,3,3.9,3.9,34,227.11,50700,-3900,17-Apr-17
OPTSTK,ZEEL,27-Apr-17,520,PE,8.65,9.6,5.9,7.65,7.65,148,1015.18,130000,-1300,17-Apr-17
OPTSTK,ZEEL,27-Apr-17,530,PE,12.5,14.5,10.95,13.35,13.35,33,232.96,61100,-9100,17-Apr-17
OPTSTK,ZEEL,27-Apr-17,540,PE,21.3,21.3,20.7,21.25,21.25,6,43.77,54600,0,17-Apr-17
OPTSTK,ZEEL,27-Apr-17,550,PE,0,0,0,25.2,29.3,0,0,19500,0,17-Apr-17
OPTSTK,ZEEL,27-Apr-17,560,PE,37.8,37.8,37.8,37.8,37.8,1,7.77,5200,0,17-Apr-17
OPTSTK,ZEEL,27-Apr-17,570,PE,0,0,0,37.65,48.05,0,0,0,0,17-Apr-17
OPTSTK,ZEEL,27-Apr-17,580,PE,0,0,0,84.2,57.9,0,0,0,0,17-Apr-17
OPTSTK,ZEEL,27-Apr-17,590,PE,0,0,0,55.6,67.8,0,0,0,0,17-Apr-17
OPTSTK,ZEEL,27-Apr-17,600,PE,0,0,0,100.5,77.8,0,0,0,0,17-Apr-17
OPTSTK,ZEEL,27-Apr-17,610,PE,0,0,0,74.85,87.75,0,0,0,0,17-Apr-17
OPTSTK,ZEEL,27-Apr-17,620,PE,0,0,0,117.7,97.75,0,0,0,0,17-Apr-17
OPTSTK,ZEEL,27-Apr-17,630,PE,0,0,0,94.55,107.7,0,0,0,0,17-Apr-17
OPTSTK,ZEEL,27-Apr-17,640,PE,0,0,0,135.55,117.7,0,0,0,0,17-Apr-17
OPTSTK,ZEEL,27-Apr-17,650,PE,0,0,0,114.4,127.7,0,0,0,0,17-Apr-17
OPTSTK,ZEEL,25-May-17,340,CE,0,0,0,183.95,183.5,0,0,0,0,17-Apr-17
OPTSTK,ZEEL,25-May-17,350,CE,0,0,0,186,173.6,0,0,0,0,17-Apr-17
OPTSTK,ZEEL,25-May-17,360,CE,0,0,0,164.3,163.65,0,0,0,0,17-Apr-17
OPTSTK,ZEEL,25-May-17,370,CE,0,0,0,166.2,153.7,0,0,0,0,17-Apr-17
OPTSTK,ZEEL,25-May-17,380,CE,0,0,0,144.8,143.8,0,0,0,0,17-Apr-17
OPTSTK,ZEEL,25-May-17,390,CE,0,0,0,146.4,133.85,0,0,0,0,17-Apr-17
OPTSTK,ZEEL,25-May-17,400,CE,0,0,0,125.55,123.95,0,0,0,0,17-Apr-17
OPTSTK,ZEEL,25-May-17,410,CE,0,0,0,126.6,114,0,0,0,0,17-Apr-17
OPTSTK,ZEEL,25-May-17,420,CE,0,0,0,106.8,104.1,0,0,0,0,17-Apr-17
OPTSTK,ZEEL,25-May-17,430,CE,0,0,0,106.9,94.3,0,0,0,0,17-Apr-17
OPTSTK,ZEEL,25-May-17,440,CE,0,0,0,88.95,84.55,0,0,0,0,17-Apr-17
OPTSTK,ZEEL,25-May-17,450,CE,0,0,0,87.35,74.9,0,0,0,0,17-Apr-17
OPTSTK,ZEEL,25-May-17,460,CE,0,0,0,72.3,65.55,0,0,0,0,17-Apr-17
OPTSTK,ZEEL,25-May-17,470,CE,0,0,0,68.45,56.55,0,0,0,0,17-Apr-17
OPTSTK,ZEEL,25-May-17,480,CE,0,0,0,57.3,47.95,0,0,0,0,17-Apr-17
OPTSTK,ZEEL,25-May-17,490,CE,0,0,0,50.85,39.95,0,0,0,0,17-Apr-17
OPTSTK,ZEEL,25-May-17,500,CE,0,0,0,44.15,32.7,0,0,0,0,17-Apr-17
OPTSTK,ZEEL,25-May-17,510,CE,0,0,0,35.4,26.2,0,0,0,0,17-Apr-17
OPTSTK,ZEEL,25-May-17,520,CE,0,0,0,33.1,20.55,0,0,0,0,17-Apr-17
OPTSTK,ZEEL,25-May-17,530,CE,0,0,0,22.95,15.75,0,0,0,0,17-Apr-17
OPTSTK,ZEEL,25-May-17,540,CE,11.1,11.1,11.1,11.1,11.1,1,7.16,1300,1300,17-Apr-17
OPTSTK,ZEEL,25-May-17,550,CE,8.15,8.15,8.15,8.15,8.15,1,7.25,1300,1300,17-Apr-17
OPTSTK,ZEEL,25-May-17,560,CE,0,0,0,17.15,6.25,0,0,0,0,17-Apr-17
OPTSTK,ZEEL,25-May-17,570,CE,0,0,0,7.6,4.4,0,0,0,0,17-Apr-17
OPTSTK,ZEEL,25-May-17,580,CE,0,0,0,11.9,3,0,0,0,0,17-Apr-17
OPTSTK,ZEEL,25-May-17,590,CE,0,0,0,3.85,2.05,0,0,0,0,17-Apr-17
OPTSTK,ZEEL,25-May-17,600,CE,0,0,0,8,1.35,0,0,0,0,17-Apr-17
OPTSTK,ZEEL,25-May-17,610,CE,0,0,0,1.8,0.85,0,0,0,0,17-Apr-17
OPTSTK,ZEEL,25-May-17,620,CE,0,0,0,5.25,0.55,0,0,0,0,17-Apr-17
OPTSTK,ZEEL,25-May-17,630,CE,0,0,0,0.8,0.35,0,0,0,0,17-Apr-17
OPTSTK,ZEEL,25-May-17,640,CE,0,0,0,3.4,0.2,0,0,0,0,17-Apr-17
OPTSTK,ZEEL,25-May-17,650,CE,0,0,0,0.35,0.15,0,0,0,0,17-Apr-17
OPTSTK,ZEEL,25-May-17,340,PE,0,0,0,0.05,0,0,0,0,0,17-Apr-17
OPTSTK,ZEEL,25-May-17,350,PE,0,0,0,0.05,0,0,0,0,0,17-Apr-17
OPTSTK,ZEEL,25-May-17,360,PE,0,0,0,0.1,0,0,0,0,0,17-Apr-17
OPTSTK,ZEEL,25-May-17,370,PE,0,0,0,0.05,0,0,0,0,0,17-Apr-17
OPTSTK,ZEEL,25-May-17,380,PE,0,0,0,0.3,0,0,0,0,0,17-Apr-17
OPTSTK,ZEEL,25-May-17,390,PE,0,0,0,0.05,0,0,0,0,0,17-Apr-17
OPTSTK,ZEEL,25-May-17,400,PE,0,0,0,0.7,0.05,0,0,0,0,17-Apr-17
OPTSTK,ZEEL,25-May-17,410,PE,0,0,0,0.05,0.05,0,0,0,0,17-Apr-17
OPTSTK,ZEEL,25-May-17,420,PE,0,0,0,1.7,0.1,0,0,0,0,17-Apr-17
OPTSTK,ZEEL,25-May-17,430,PE,0,0,0,0.1,0.2,0,0,0,0,17-Apr-17
OPTSTK,ZEEL,25-May-17,440,PE,0,0,0,3.5,0.35,0,0,0,0,17-Apr-17
OPTSTK,ZEEL,25-May-17,450,PE,0,0,0,0.4,0.7,0,0,0,0,17-Apr-17
OPTSTK,ZEEL,25-May-17,460,PE,0,0,0,6.55,1.25,0,0,0,0,17-Apr-17
OPTSTK,ZEEL,25-May-17,470,PE,0,0,0,1.3,2.15,0,0,0,0,17-Apr-17
OPTSTK,ZEEL,25-May-17,480,PE,0,0,0,11.2,3.5,0,0,0,0,17-Apr-17
OPTSTK,ZEEL,25-May-17,490,PE,0,0,0,3.45,5.45,0,0,0,0,17-Apr-17
OPTSTK,ZEEL,25-May-17,500,PE,0,0,0,17.75,8.1,0,0,0,0,17-Apr-17
OPTSTK,ZEEL,25-May-17,510,PE,0,0,0,4.8,11.55,0,0,2600,0,17-Apr-17
OPTSTK,ZEEL,25-May-17,520,PE,0,0,0,12.5,15.85,0,0,1300,0,17-Apr-17
OPTSTK,ZEEL,25-May-17,530,PE,0,0,0,15.15,21,0,0,0,0,17-Apr-17
OPTSTK,ZEEL,25-May-17,540,PE,0,0,0,37.1,27,0,0,0,0,17-Apr-17
OPTSTK,ZEEL,25-May-17,550,PE,0,0,0,25.7,33.8,0,0,0,0,17-Apr-17
OPTSTK,ZEEL,25-May-17,560,PE,0,0,0,49.8,41.25,0,0,0,0,17-Apr-17
OPTSTK,ZEEL,25-May-17,570,PE,0,0,0,39.4,49.35,0,0,0,0,17-Apr-17
OPTSTK,ZEEL,25-May-17,580,PE,0,0,0,64.25,57.9,0,0,0,0,17-Apr-17
OPTSTK,ZEEL,25-May-17,590,PE,0,0,0,55.45,66.85,0,0,0,0,17-Apr-17
OPTSTK,ZEEL,25-May-17,600,PE,0,0,0,80.05,76.1,0,0,0,0,17-Apr-17
OPTSTK,ZEEL,25-May-17,610,PE,0,0,0,73.2,85.55,0,0,0,0,17-Apr-17
OPTSTK,ZEEL,25-May-17,620,PE,0,0,0,97,95.15,0,0,0,0,17-Apr-17
OPTSTK,ZEEL,25-May-17,630,PE,0,0,0,92,104.9,0,0,0,0,17-Apr-17
OPTSTK,ZEEL,25-May-17,640,PE,0,0,0,114.8,114.7,0,0,0,0,17-Apr-17
OPTSTK,ZEEL,25-May-17,650,PE,0,0,0,111.3,124.55,0,0,0,0,17-Apr-17
OPTSTK,ZEEL,29-Jun-17,340,CE,0,0,0,198.05,185.6,0,0,0,0,17-Apr-17
OPTSTK,ZEEL,29-Jun-17,350,CE,0,0,0,188.2,175.75,0,0,0,0,17-Apr-17
OPTSTK,ZEEL,29-Jun-17,360,CE,0,0,0,178.35,165.9,0,0,0,0,17-Apr-17
OPTSTK,ZEEL,29-Jun-17,370,CE,0,0,0,168.55,156,0,0,0,0,17-Apr-17
OPTSTK,ZEEL,29-Jun-17,380,CE,0,0,0,158.7,146.2,0,0,0,0,17-Apr-17
OPTSTK,ZEEL,29-Jun-17,390,CE,0,0,0,148.9,136.35,0,0,0,0,17-Apr-17
OPTSTK,ZEEL,29-Jun-17,400,CE,0,0,0,139.1,126.6,0,0,0,0,17-Apr-17
OPTSTK,ZEEL,29-Jun-17,410,CE,0,0,0,129.3,116.9,0,0,0,0,17-Apr-17
OPTSTK,ZEEL,29-Jun-17,420,CE,0,0,0,119.6,107.3,0,0,0,0,17-Apr-17
OPTSTK,ZEEL,29-Jun-17,430,CE,0,0,0,109.95,97.85,0,0,0,0,17-Apr-17
OPTSTK,ZEEL,29-Jun-17,440,CE,0,0,0,100.4,88.55,0,0,0,0,17-Apr-17
OPTSTK,ZEEL,29-Jun-17,450,CE,0,0,0,91.05,79.6,0,0,0,0,17-Apr-17
OPTSTK,ZEEL,29-Jun-17,460,CE,0,0,0,81.9,70.9,0,0,0,0,17-Apr-17
OPTSTK,ZEEL,29-Jun-17,470,CE,0,0,0,73.05,62.65,0,0,0,0,17-Apr-17
OPTSTK,ZEEL,29-Jun-17,480,CE,0,0,0,64.55,54.8,0,0,0,0,17-Apr-17
OPTSTK,ZEEL,29-Jun-17,490,CE,0,0,0,56.5,47.55,0,0,0,0,17-Apr-17
OPTSTK,ZEEL,29-Jun-17,500,CE,0,0,0,49,40.8,0,0,0,0,17-Apr-17
OPTSTK,ZEEL,29-Jun-17,510,CE,0,0,0,41.95,34.65,0,0,0,0,17-Apr-17
OPTSTK,ZEEL,29-Jun-17,520,CE,0,0,0,35.6,29.15,0,0,0,0,17-Apr-17
OPTSTK,ZEEL,29-Jun-17,530,CE,0,0,0,29.85,24.25,0,0,0,0,17-Apr-17
OPTSTK,ZEEL,29-Jun-17,540,CE,0,0,0,24.75,20,0,0,0,0,17-Apr-17
OPTSTK,ZEEL,29-Jun-17,550,CE,0,0,0,20.25,16.3,0,0,0,0,17-Apr-17
OPTSTK,ZEEL,29-Jun-17,560,CE,0,0,0,16.4,13.15,0,0,0,0,17-Apr-17
OPTSTK,ZEEL,29-Jun-17,570,CE,0,0,0,13.15,10.55,0,0,0,0,17-Apr-17
OPTSTK,ZEEL,29-Jun-17,580,CE,0,0,0,10.45,8.3,0,0,0,0,17-Apr-17
OPTSTK,ZEEL,29-Jun-17,590,CE,0,0,0,8.15,6.5,0,0,0,0,17-Apr-17
OPTSTK,ZEEL,29-Jun-17,600,CE,0,0,0,6.35,5.05,0,0,0,0,17-Apr-17
OPTSTK,ZEEL,29-Jun-17,610,CE,0,0,0,4.85,3.9,0,0,0,0,17-Apr-17
OPTSTK,ZEEL,29-Jun-17,620,CE,0,0,0,3.7,2.95,0,0,0,0,17-Apr-17
OPTSTK,ZEEL,29-Jun-17,630,CE,0,0,0,2.75,2.25,0,0,0,0,17-Apr-17
OPTSTK,ZEEL,29-Jun-17,640,CE,0,0,0,2.05,1.7,0,0,0,0,17-Apr-17
OPTSTK,ZEEL,29-Jun-17,650,CE,0,0,0,1.5,1.25,0,0,0,0,17-Apr-17
OPTSTK,ZEEL,29-Jun-17,340,PE,0,0,0,0.05,0,0,0,0,0,17-Apr-17
OPTSTK,ZEEL,29-Jun-17,350,PE,0,0,0,0.05,0,0,0,0,0,17-Apr-17
OPTSTK,ZEEL,29-Jun-17,360,PE,0,0,0,0.05,0.05,0,0,0,0,17-Apr-17
OPTSTK,ZEEL,29-Jun-17,370,PE,0,0,0,0.05,0.05,0,0,0,0,17-Apr-17
OPTSTK,ZEEL,29-Jun-17,380,PE,0,0,0,0.05,0.05,0,0,0,0,17-Apr-17
OPTSTK,ZEEL,29-Jun-17,390,PE,0,0,0,0.05,0.15,0,0,0,0,17-Apr-17
OPTSTK,ZEEL,29-Jun-17,400,PE,0,0,0,0.1,0.25,0,0,0,0,17-Apr-17
OPTSTK,ZEEL,29-Jun-17,410,PE,0,0,0,0.15,0.4,0,0,0,0,17-Apr-17
OPTSTK,ZEEL,29-Jun-17,420,PE,0,0,0,0.25,0.65,0,0,0,0,17-Apr-17
OPTSTK,ZEEL,29-Jun-17,430,PE,0,0,0,0.45,1.05,0,0,0,0,17-Apr-17
OPTSTK,ZEEL,29-Jun-17,440,PE,0,0,0,0.75,1.7,0,0,0,0,17-Apr-17
OPTSTK,ZEEL,29-Jun-17,450,PE,0,0,0,1.2,2.55,0,0,0,0,17-Apr-17
OPTSTK,ZEEL,29-Jun-17,460,PE,0,0,0,1.9,3.75,0,0,0,0,17-Apr-17
OPTSTK,ZEEL,29-Jun-17,470,PE,0,0,0,2.9,5.35,0,0,0,0,17-Apr-17
OPTSTK,ZEEL,29-Jun-17,480,PE,0,0,0,4.25,7.4,0,0,0,0,17-Apr-17
OPTSTK,ZEEL,29-Jun-17,490,PE,0,0,0,6.05,10,0,0,0,0,17-Apr-17
OPTSTK,ZEEL,29-Jun-17,500,PE,0,0,0,8.35,13.1,0,0,0,0,17-Apr-17
OPTSTK,ZEEL,29-Jun-17,510,PE,0,0,0,11.15,16.85,0,0,0,0,17-Apr-17
OPTSTK,ZEEL,29-Jun-17,520,PE,0,0,0,14.6,21.25,0,0,0,0,17-Apr-17
OPTSTK,ZEEL,29-Jun-17,530,PE,0,0,0,18.7,26.2,0,0,0,0,17-Apr-17
OPTSTK,ZEEL,29-Jun-17,540,PE,0,0,0,23.4,31.8,0,0,0,0,17-Apr-17
OPTSTK,ZEEL,29-Jun-17,550,PE,0,0,0,28.8,38,0,0,0,0,17-Apr-17
OPTSTK,ZEEL,29-Jun-17,560,PE,0,0,0,34.8,44.7,0,0,0,0,17-Apr-17
OPTSTK,ZEEL,29-Jun-17,570,PE,0,0,0,41.35,51.95,0,0,0,0,17-Apr-17
OPTSTK,ZEEL,29-Jun-17,580,PE,0,0,0,48.45,59.65,0,0,0,0,17-Apr-17
OPTSTK,ZEEL,29-Jun-17,590,PE,0,0,0,56.05,67.7,0,0,0,0,17-Apr-17
OPTSTK,ZEEL,29-Jun-17,600,PE,0,0,0,64.05,76.1,0,0,0,0,17-Apr-17
OPTSTK,ZEEL,29-Jun-17,610,PE,0,0,0,72.4,84.8,0,0,0,0,17-Apr-17
OPTSTK,ZEEL,29-Jun-17,620,PE,0,0,0,81.05,93.75,0,0,0,0,17-Apr-17
OPTSTK,ZEEL,29-Jun-17,630,PE,0,0,0,90,102.9,0,0,0,0,17-Apr-17
OPTSTK,ZEEL,29-Jun-17,640,PE,0,0,0,99.1,112.2,0,0,0,0,17-Apr-17
OPTSTK,ZEEL,29-Jun-17,650,PE,0,0,0,108.4,121.65,0,0,0,0,17-Apr-17
