Security Wise Delivery Position - Compulsory Rolling Settlement
"10,MTO,08032021,958399999,0001851"
"Trade Date <08-MAR-2021>,Settlement Type <N>"
"Record Type,Sr No,Name of Security,Quantity Traded,Deliverable Quantity(gross across client level),% of Deliverable Quantity to Traded Quantity"
"20,1,20MICRONS,EQ,111529,57973,51.98"
"20,2,21STCENMGM,EQ,920,920,100.00"
"20,3,3IINFOTECH,EQ,22487130,14393156,64.01"
"20,4,3MINDIA,EQ,5446,3014,55.34"
"20,5,3PLAND,EQ,25334,16073,63.44"
"20,6,503KL24,SG,200,100,50.00"
"20,7,5PAISA,EQ,50440,28031,55.57"
"20,8,63MOONS,EQ,53700,32083,59.74"
"20,9,68GS2060,GS,100,100,100.00"
"20,10,772GS2049,GS,36,36,100.00"
"20,11,A2ZINFRA,EQ,307102,217443,70.80"
"20,12,AAATECH,SM,12000,12000,100.00"
"20,13,AARON,EQ,1888,775,41.05"
"20,14,AARTIDRUGS,EQ,1623331,345251,21.27"
"20,15,AARTIIND,EQ,110343,48339,43.81"
"20,16,AARTISURF,EQ,12182,7196,59.07"
"20,17,AARVEEDEN,EQ,12526,10646,84.99"
"20,18,AARVI,EQ,24912,21079,84.61"
"20,19,AAVAS,EQ,20080,12528,62.39"
"20,20,ABAN,EQ,488018,314053,64.35"
"20,21,ABB,EQ,96026,50054,52.13"
"20,22,ABBOTINDIA,EQ,5777,3273,56.66"
"20,23,ABCAPITAL,EQ,3894234,1574608,40.43"
"20,24,ABFRL,EQ,2978385,1096386,36.81"
"20,25,ABFRLPP1,E1,191756,185493,96.73"
"20,26,ABMINTLTD,EQ,591,591,100.00"
"20,27,ABSLBANETF,EQ,343,303,88.34"
"20,28,ABSLNN50ET,EQ,34,10,29.41"
"20,29,ACC,EQ,757659,71828,9.48"
"20,30,ACCELYA,EQ,3154,1827,57.93"
"20,31,ACCORD,SM,12000,12000,100.00"
"20,32,ACCURACY,EQ,11402,9375,82.22"
"20,33,ACE,EQ,966040,508241,52.61"
"20,34,ACRYSIL,EQ,115436,86781,75.18"
"20,35,ADANIENT,EQ,3904469,386713,9.90"
"20,36,ADANIGREEN,EQ,267891,154806,57.79"
"20,37,ADANIPORTS,EQ,15286852,1985582,12.99"
"20,38,ADANIPOWER,EQ,8994128,4656168,51.77"
"20,39,ADANITRANS,EQ,774750,462394,59.68"
"20,40,ADFFOODS,EQ,53396,22859,42.81"
"20,41,ADHUNIKIND,EQ,26680,20354,76.29"
"20,42,ADORWELD,EQ,22960,14104,61.43"
"20,43,ADROITINFO,EQ,13341,13340,99.99"
"20,44,ADSL,EQ,91915,65088,70.81"
"20,45,ADVANIHOTR,EQ,46212,45932,99.39"
"20,46,ADVENZYMES,EQ,464978,334201,71.87"
"20,47,AEGISCHEM,EQ,257180,106311,41.34"
"20,48,AFFLE,EQ,84442,62284,73.76"
"20,49,AGCNET,EQ,8803,7045,80.03"
"20,50,AGRITECH,EQ,8877,5487,61.81"
"20,51,AGROPHOS,EQ,35498,21869,61.61"
"20,52,AHLADA,EQ,130498,85411,65.45"
"20,53,AHLEAST,EQ,1491,1212,81.29"
"20,54,AHLUCONT,EQ,8200,4562,55.63"
"20,55,AHLWEST,EQ,904,401,44.36"
"20,56,AIAENG,EQ,100843,73058,72.45"
"20,57,AIRAN,EQ,32621,21479,65.84"
"20,58,AISL,SM,1200,1200,100.00"
"20,59,AJANTPHARM,EQ,90624,51393,56.71"
"20,60,AJMERA,EQ,185026,42027,22.71"
"20,61,AJOONI,SM,20000,8000,40.00"
"20,62,AKASH,EQ,25164,3805,15.12"
"20,63,AKG,EQ,166176,40323,24.27"
"20,64,AKSHARCHEM,EQ,9672,6149,63.58"
"20,65,AKSHOPTFBR,EQ,463141,270225,58.35"
"20,66,AKZOINDIA,EQ,22775,12966,56.93"
"20,67,ALANKIT,EQ,116137,63243,54.46"
"20,68,ALBERTDAVD,EQ,13100,6245,47.67"
"20,69,ALEMBICLTD,EQ,159629,85485,53.55"
"20,70,ALICON,EQ,1863,1201,64.47"
"20,71,ALKALI,EQ,5782,3836,66.34"
"20,72,ALKEM,EQ,36017,20589,57.16"
"20,73,ALKYLAMINE,EQ,18160,8549,47.08"
"20,74,ALLCARGO,EQ,355242,162003,45.60"
"20,75,ALLSEC,EQ,11192,8459,75.58"
"20,76,ALMONDZ,EQ,19843,15628,78.76"
"20,77,ALOKINDS,EQ,21831519,7044357,32.27"
"20,78,ALPA,EQ,20587,15550,75.53"
"20,79,ALPHAGEO,EQ,30201,13351,44.21"
"20,80,AMARAJABAT,EQ,638116,133463,20.92"
"20,81,AMBER,EQ,163524,51673,31.60"
"20,82,AMBIKCO,EQ,9448,5968,63.17"
"20,83,AMBUJACEM,EQ,4470385,858471,19.20"
"20,84,AMDIND,EQ,67530,40830,60.46"
"20,85,AMJLAND,EQ,40442,33163,82.00"
"20,86,AMJUMBO,SM,8000,8000,100.00"
"20,87,AMRUTANJAN,EQ,66650,22976,34.47"
"20,88,ANANTRAJ,EQ,3502512,1974421,56.37"
"20,89,ANDHRACEMT,EQ,211161,123596,58.53"
"20,90,ANDHRAPAP,EQ,64309,32659,50.78"
"20,91,ANDHRSUGAR,EQ,81434,30815,37.84"
"20,92,ANGELBRKG,EQ,46451,25119,54.08"
"20,93,ANIKINDS,EQ,6755,3539,52.39"
"20,94,ANKITMETAL,EQ,123230,80464,65.30"
"20,95,ANSALAPI,EQ,161137,108735,67.48"
"20,96,ANSALHSG,EQ,53564,38314,71.53"
"20,97,ANUP,EQ,39193,31808,81.16"
"20,98,APARINDS,EQ,88280,50616,57.34"
"20,99,APCL,EQ,77825,41392,53.19"
"20,100,APCOTEXIND,EQ,154675,60480,39.10"
"20,101,APEX,EQ,116660,29527,25.31"
"20,102,APLAPOLLO,EQ,437611,258455,59.06"
"20,103,APLLTD,EQ,306352,191938,62.65"
"20,104,APOLLO,EQ,162813,55466,34.07"
"20,105,APOLLOHOSP,EQ,952087,381127,40.03"
"20,106,APOLLOPIPE,EQ,30162,15631,51.82"
"20,107,APOLLOTYRE,EQ,10551070,2537920,24.05"
"20,108,APOLSINHOT,EQ,1920,1532,79.79"
"20,109,APTECHT,EQ,358067,77026,21.51"
"20,110,ARCHIES,EQ,30005,22366,74.54"
"20,111,ARENTERP,EQ,6027,5915,98.14"
"20,112,ARIES,EQ,32315,23023,71.25"
"20,113,ARIHANT,EQ,1130,654,57.88"
"20,114,ARIHANTSUP,EQ,29693,7331,24.69"
"20,115,ARMANFIN,EQ,7934,4487,56.55"
"20,116,AROGRANITE,EQ,71157,25953,36.47"
"20,117,ARSSINFRA,EQ,15008,11217,74.74"
"20,118,ARTEMISMED,EQ,2031,1548,76.22"
"20,119,ARVIND,EQ,763745,360126,47.15"
"20,120,ARVINDFASN,EQ,319343,160771,50.34"
"20,121,ARVSMART,EQ,115078,56034,48.69"
"20,122,ASAHIINDIA,EQ,57211,25986,45.42"
"20,123,ASAHISONG,EQ,23203,13481,58.10"
"20,124,ASALCBR,EQ,48969,29908,61.08"
"20,125,ASHAPURMIN,EQ,133344,67770,50.82"
"20,126,ASHIANA,EQ,39704,22346,56.28"
"20,127,ASHIMASYN,EQ,617242,580946,94.12"
"20,128,ASHOKA,EQ,1089967,413930,37.98"
"20,129,ASHOKLEY,EQ,19950234,6742712,33.80"
"20,130,ASIANHOTNR,EQ,7145,3128,43.78"
"20,131,ASIANPAINT,EQ,1593838,489266,30.70"
"20,132,ASIANTILES,EQ,429426,349399,81.36"
"20,133,ASPINWALL,EQ,78524,30659,39.04"
"20,134,ASTEC,EQ,12905,7025,54.44"
"20,135,ASTERDM,EQ,117149,59965,51.19"
"20,136,ASTRAL,EQ,315429,190845,60.50"
"20,137,ASTRAMICRO,EQ,1518892,908494,59.81"
"20,138,ASTRAZEN,EQ,17045,8014,47.02"
"20,139,ASTRON,EQ,59496,47466,79.78"
"20,140,ATFL,EQ,4521,2691,59.52"
"20,141,ATGL,EQ,1884720,768043,40.75"
"20,142,ATLANTA,EQ,31040,27562,88.80"
"20,143,ATUL,EQ,11002,5000,45.45"
"20,144,ATULAUTO,EQ,204796,71464,34.90"
"20,145,AUBANK,EQ,925121,534234,57.75"
"20,146,AURIONPRO,EQ,38119,24757,64.95"
"20,147,AUROPHARMA,EQ,1550642,691141,44.57"
"20,148,AUSOMENT,EQ,20844,9342,44.82"
"20,149,AUTOAXLES,EQ,53567,52341,97.71"
"20,150,AUTOIND,EQ,21538,17821,82.74"
"20,151,AVADHSUGAR,EQ,155117,45295,29.20"
"20,152,AVANTIFEED,EQ,375782,81209,21.61"
"20,153,AVTNPL,EQ,189709,100439,52.94"
"20,154,AWHCL,EQ,67966,26591,39.12"
"20,155,AXISBANK,EQ,13898556,4289358,30.86"
"20,156,AXISBNKETF,EQ,1344,923,68.68"
"20,157,AXISCADES,EQ,88631,82138,92.67"
"20,158,AXISGOLD,EQ,333223,223591,67.10"
"20,159,AXISNIFTY,EQ,9685,5279,54.51"
"20,160,AYMSYNTEX,EQ,4690,3995,85.18"
"20,161,BAFNAPH,EQ,4240,1325,31.25"
"20,162,BAGFILMS,EQ,92830,57719,62.18"
"20,163,BAJAJ-AUTO,EQ,818275,248238,30.34"
"20,164,BAJAJCON,EQ,2593205,1029596,39.70"
"20,165,BAJAJELEC,EQ,308133,61165,19.85"
"20,166,BAJAJFINSV,EQ,264007,41401,15.68"
"20,167,BAJAJHIND,EQ,11228144,6988292,62.24"
"20,168,BAJAJHLDNG,EQ,19338,10956,56.66"
"20,169,BAJFINANCE,EQ,1721042,340461,19.78"
"20,170,BALAJITELE,EQ,781658,327028,41.84"
"20,171,BALAMINES,EQ,91224,27388,30.02"
"20,172,BALAXI,EQ,15971,2787,17.45"
"20,173,BALKRISIND,EQ,348430,104227,29.91"
"20,174,BALMLAWRIE,EQ,6785619,1623617,23.93"
"20,175,BALPHARMA,EQ,219621,100382,45.71"
"20,176,BALRAMCHIN,EQ,4844679,1114822,23.01"
"20,177,BANARBEADS,EQ,27599,2871,10.40"
"20,178,BANARISUG,EQ,1486,343,23.08"
"20,179,BANCOINDIA,EQ,136375,44533,32.65"
"20,180,BANDHANBNK,EQ,4872019,1229744,25.24"
"20,181,BANG,EQ,9840,4761,48.38"
"20,182,BANKA,EQ,1493,849,56.87"
"20,183,BANKBARODA,EQ,49714873,14333875,28.83"
"20,184,BANKBEES,EQ,1031928,414111,40.13"
"20,185,BANKINDIA,EQ,14980157,4158724,27.76"
"20,186,BANSWRAS,EQ,5474,2606,47.61"
"20,187,BASF,EQ,59747,27046,45.27"
"20,188,BASML,EQ,19085,14241,74.62"
"20,189,BATAINDIA,EQ,453522,193566,42.68"
"20,190,BAYERCROP,EQ,9934,6983,70.29"
"20,191,BBL,EQ,6104,3484,57.08"
"20,192,BBTC,EQ,37254,18349,49.25"
"20,193,BCG,EQ,9356054,5069944,54.19"
"20,194,BCLIND,EQ,75602,48711,64.43"
"20,195,BCONCEPTS,SM,231000,171000,74.03"
"20,196,BCP,EQ,2050341,1257921,61.35"
"20,197,BDL,EQ,173932,80789,46.45"
"20,198,BEARDSELL,EQ,11231,8649,77.01"
"20,199,BECTORFOOD,EQ,253632,94491,37.26"
"20,200,BEDMUTHA,EQ,4363,3690,84.57"
"20,201,BEL,EQ,11561786,5082583,43.96"
"20,202,BEML,EQ,4862724,874884,17.99"
"20,203,BEPL,EQ,339476,116282,34.25"
"20,204,BERGEPAINT,EQ,1307350,181126,13.85"
"20,205,BESTAGRO,EQ,52067,51109,98.16"
"20,206,BETA,SM,10400,9600,92.31"
"20,207,BFINVEST,EQ,16586,7194,43.37"
"20,208,BFUTILITIE,EQ,281502,92258,32.77"
"20,209,BGRENERGY,EQ,83360,44470,53.35"
"20,210,BHAGERIA,EQ,15792,9974,63.16"
"20,211,BHAGYANGR,EQ,65670,52861,80.49"
"20,212,BHAGYAPROP,EQ,6934,6356,91.66"
"20,213,BHARATFORG,EQ,3257881,610579,18.74"
"20,214,BHARATGEAR,EQ,52397,26780,51.11"
"20,215,BHARATRAS,EQ,1753,920,52.48"
"20,216,BHARTIARTL,EQ,15011518,8587620,57.21"
"20,217,BHEL,EQ,79729837,17975653,22.55"
"20,218,BIGBLOC,EQ,15116,9917,65.61"
"20,219,BIL,EQ,3179,2810,88.39"
"20,220,BINDALAGRO,EQ,183462,93429,50.93"
"20,221,BIOCON,EQ,1923276,706838,36.75"
"20,222,BIOFILCHEM,EQ,23897,23896,100.00"
"20,223,BIRET,RR,127200,108600,85.38"
"20,224,BIRLACABLE,EQ,1527068,454949,29.79"
"20,225,BIRLACORPN,EQ,150545,74883,49.74"
"20,226,BIRLAMONEY,EQ,181961,72884,40.05"
"20,227,BIRLATYRE,EQ,282198,180819,64.08"
"20,228,BKMINDST,EQ,126168,98846,78.34"
"20,229,BLBLIMITED,EQ,74779,61859,82.72"
"20,230,BLISSGVS,EQ,331885,126885,38.23"
"20,231,BLS,EQ,385495,228430,59.26"
"20,232,BLUEDART,EQ,139453,30109,21.59"
"20,233,BLUESTARCO,EQ,284822,115514,40.56"
"20,234,BODALCHEM,EQ,894798,503182,56.23"
"20,235,BOHRA,SM,8000,8000,100.00"
"20,236,BOMDYEING,EQ,3186889,817661,25.66"
"20,237,BOROLTD,EQ,87946,59969,68.19"
"20,238,BORORENEW,EQ,345491,205581,59.50"
"20,239,BOSCHLTD,EQ,39764,17512,44.04"
"20,240,BPCL,EQ,5674769,1357302,23.92"
"20,241,BPL,EQ,841200,451962,53.73"
"20,242,BRFL,EQ,1046965,791901,75.64"
"20,243,BRIGADE,EQ,485232,273601,56.39"
"20,244,BRIGHT,SM,99000,81000,81.82"
"20,245,BRITANNIA,EQ,463984,275008,59.27"
"20,246,BRITANNIA,N2,8079,6836,84.61"
"20,247,BRNL,EQ,42136,26696,63.36"
"20,248,BROOKS,EQ,88511,83076,93.86"
"20,249,BSE,EQ,244347,132849,54.37"
"20,250,BSELINFRA,EQ,20533,15378,74.89"
"20,251,BSL,EQ,22401,14462,64.56"
"20,252,BSLGOLDETF,EQ,824,688,83.50"
"20,253,BSLNIFTY,EQ,409,342,83.62"
"20,254,BSOFT,EQ,726347,200704,27.63"
"20,255,BURGERKING,EQ,1293811,482898,37.32"
"20,256,BUTTERFLY,EQ,54236,29104,53.66"
"20,257,BYKE,EQ,247295,170994,69.15"
"20,258,CADILAHC,EQ,1596275,363358,22.76"
"20,259,CALSOFT,EQ,23332,16072,68.88"
"20,260,CAMLINFINE,EQ,789935,266060,33.68"
"20,261,CAMS,EQ,93100,50560,54.31"
"20,262,CANBK,EQ,16272959,2075168,12.75"
"20,263,CANFINHOME,EQ,627464,345260,55.02"
"20,264,CANTABIL,EQ,103602,17180,16.58"
"20,265,CAPACITE,EQ,240776,180540,74.98"
"20,266,CAPLIPOINT,EQ,60773,31736,52.22"
"20,267,CAPTRUST,EQ,8801,6794,77.20"
"20,268,CARBORUNIV,EQ,200629,117547,58.59"
"20,269,CAREERP,EQ,26010,21495,82.64"
"20,270,CARERATING,EQ,122643,76716,62.55"
"20,271,CASTROLIND,EQ,869092,359329,41.35"
"20,272,CCHHL,EQ,39023,27980,71.70"
"20,273,CCL,EQ,446450,229148,51.33"
"20,274,CDSL,EQ,509691,269494,52.87"
"20,275,CEATLTD,EQ,81525,19472,23.88"
"20,276,CENTENKA,EQ,56220,33552,59.68"
"20,277,CENTEXT,EQ,114786,59242,51.61"
"20,278,CENTRALBK,EQ,6543063,3159985,48.30"
"20,279,CENTRUM,EQ,6494157,2636217,40.59"
"20,280,CENTUM,EQ,2929,1894,64.66"
"20,281,CENTURYPLY,EQ,146894,69795,47.51"
"20,282,CENTURYTEX,EQ,385311,113022,29.33"
"20,283,CERA,EQ,13089,5256,40.16"
"20,284,CEREBRAINT,EQ,121850,85411,70.10"
"20,285,CESC,EQ,233940,103190,44.11"
"20,286,CGCL,EQ,82995,15143,18.25"
"20,287,CGPOWER,EQ,3659592,2563942,70.06"
"20,288,CHALET,EQ,574320,210326,36.62"
"20,289,CHAMBLFERT,EQ,509331,206712,40.59"
"20,290,CHEMBOND,EQ,10657,6462,60.64"
"20,291,CHEMCON,EQ,130269,49706,38.16"
"20,292,CHEMFAB,EQ,6612,2767,41.85"
"20,293,CHENNPETRO,EQ,6526606,1569352,24.05"
"20,294,CHOLAFIN,EQ,3061065,1265143,41.33"
"20,295,CHOLAHLDNG,EQ,134742,114099,84.68"
"20,296,CIGNITITEC,EQ,26935,17672,65.61"
"20,297,CINELINE,EQ,29798,16033,53.81"
"20,298,CINEVISTA,EQ,20793,18331,88.16"
"20,299,CIPLA,EQ,2915298,829320,28.45"
"20,300,CKPLEISURE,SZ,16000,8000,50.00"
"20,301,CLEDUCATE,EQ,10814,6501,60.12"
"20,302,CLNINDIA,EQ,33908,20906,61.66"
"20,303,COALINDIA,EQ,18727656,4346287,23.21"
"20,304,COCHINSHIP,EQ,417754,135993,32.55"
"20,305,COFORGE,EQ,136788,33029,24.15"
"20,306,COLPAL,EQ,516286,195227,37.81"
"20,307,COMPINFO,EQ,206376,115887,56.15"
"20,308,COMPUSOFT,EQ,77300,64350,83.25"
"20,309,CONCOR,EQ,5825950,1366588,23.46"
"20,310,CONFIPET,EQ,1027088,495923,48.28"
"20,311,CONSOFINVT,EQ,7856,6721,85.55"
"20,312,CONTI,SM,13332,13332,100.00"
"20,313,CONTROLPR,EQ,8646,6122,70.81"
"20,314,CORALFINAC,EQ,7786,5692,73.11"
"20,315,CORDSCABLE,EQ,203613,90399,44.40"
"20,316,COROMANDEL,EQ,284039,178842,62.96"
"20,317,COSMOFILMS,EQ,191005,87131,45.62"
"20,318,CPSEETF,EQ,9876649,7947814,80.47"
"20,319,CREATIVE,EQ,13851,3141,22.68"
"20,320,CREATIVEYE,EQ,600,600,100.00"
"20,321,CREDITACC,EQ,38848,24154,62.18"
"20,322,CREST,EQ,30159,13998,46.41"
"20,323,CRISIL,EQ,216147,189642,87.74"
"20,324,CROMPTON,EQ,1518706,897205,59.08"
"20,325,CSBBANK,EQ,3019161,579186,19.18"
"20,326,CTE,EQ,19182,11923,62.16"
"20,327,CUB,EQ,2460499,840273,34.15"
"20,328,CUBEXTUB,EQ,11846,8279,69.89"
"20,329,CUMMINSIND,EQ,2415261,265040,10.97"
"20,330,CUPID,EQ,153653,75252,48.98"
"20,331,CYBERTECH,EQ,91028,53397,58.66"
"20,332,CYIENT,EQ,459970,178995,38.91"
"20,333,DAAWAT,EQ,3569534,1307908,36.64"
"20,334,DABUR,EQ,1684546,701347,41.63"
"20,335,DALBHARAT,EQ,73551,41213,56.03"
"20,336,DALMIASUG,EQ,545091,215178,39.48"
"20,337,DAMODARIND,EQ,6755,4661,69.00"
"20,338,DANGEE,EQ,25843,7866,30.44"
"20,339,DATAMATICS,EQ,153303,68495,44.68"
"20,340,DBCORP,EQ,240851,138020,57.31"
"20,341,DBL,EQ,402889,107556,26.70"
"20,342,DBSTOCKBRO,EQ,3976,3725,93.69"
"20,343,DCAL,EQ,5356935,1559252,29.11"
"20,344,DCBBANK,EQ,3219540,1060034,32.93"
"20,345,DCM,EQ,27194,18064,66.43"
"20,346,DCMSHRIRAM,EQ,580978,91070,15.68"
"20,347,DCW,EQ,5163963,2052064,39.74"
"20,348,DECCANCE,EQ,67567,38678,57.24"
"20,349,DEEPAKFERT,EQ,592788,227079,38.31"
"20,350,DEEPAKNTR,EQ,803039,258800,32.23"
"20,351,DEEPENR,EQ,73310,56411,76.95"
"20,352,DELTACORP,EQ,4036347,932814,23.11"
"20,353,DELTAMAGNT,EQ,13458,9524,70.77"
"20,354,DEN,EQ,1344792,796446,59.22"
"20,355,DENORA,EQ,9624,7006,72.80"
"20,356,DFMFOODS,EQ,500843,149260,29.80"
"20,357,DGCONTENT,EQ,123719,90649,73.27"
"20,358,DHAMPURSUG,EQ,1130448,441392,39.05"
"20,359,DHANBANK,EQ,1142724,572782,50.12"
"20,360,DHANI,EQ,1018056,603677,59.30"
"20,361,DHANILOANS,N1,200,191,95.50"
"20,362,DHANILOANS,N2,248,248,100.00"
"20,363,DHANILOANS,N3,108,108,100.00"
"20,364,DHANILOANS,N4,65,50,76.92"
"20,365,DHANILOANS,N5,85,85,100.00"
"20,366,DHANILOANS,N6,29,29,100.00"
"20,367,DHANILOANS,N7,82,82,100.00"
"20,368,DHANILOANS,N8,80,80,100.00"
"20,369,DHANILOANS,NO,50,50,100.00"
"20,370,DHANIPP,E1,34251,26311,76.82"
"20,371,DHANUKA,EQ,36943,13427,36.35"
"20,372,DHARSUGAR,EQ,44671,41333,92.53"
"20,373,DHFL,EQ,964958,661477,68.55"
"20,374,DHFL,N4,161,161,100.00"
"20,375,DHFL,NH,230,230,100.00"
"20,376,DHFL,NP,306,306,100.00"
"20,377,DHFL,NQ,129,126,97.67"
"20,378,DHFL,NS,50,50,100.00"
"20,379,DHFL,NX,580,580,100.00"
"20,380,DHFL,NY,10,10,100.00"
"20,381,DHUNINV,EQ,4918,3109,63.22"
"20,382,DIAMONDYD,EQ,3427,2187,63.82"
"20,383,DICIND,EQ,13368,8232,61.58"
"20,384,DISHTV,EQ,4373593,2146069,49.07"
"20,385,DIVISLAB,EQ,372681,118819,31.88"
"20,386,DIXON,EQ,20838,11557,55.46"
"20,387,DLF,EQ,6273645,778864,12.41"
"20,388,DLINKINDIA,EQ,243343,74032,30.42"
"20,389,DMART,EQ,406746,122388,30.09"
"20,390,DOLAT,EQ,1610328,630192,39.13"
"20,391,DOLLAR,EQ,401610,143936,35.84"
"20,392,DONEAR,EQ,178899,80580,45.04"
"20,393,DPABHUSHAN,EQ,5735,4700,81.95"
"20,394,DPSCLTD,EQ,75646,67582,89.34"
"20,395,DPWIRES,EQ,6672,3967,59.46"
"20,396,DREDGECORP,EQ,253771,66923,26.37"
"20,397,DRREDDY,EQ,556416,224851,40.41"
"20,398,DSML,SM,6000,6000,100.00"
"20,399,DSSL,EQ,22674,12848,56.66"
"20,400,DTIL,EQ,8725,4477,51.31"
"20,401,DUCON,EQ,190099,142205,74.81"
"20,402,DVL,EQ,33862,21181,62.55"
"20,403,DWARKESH,EQ,4669448,1189397,25.47"
"20,404,DYNAMATECH,EQ,5601,3282,58.60"
"20,405,DYNPRO,EQ,36374,18973,52.16"
"20,406,E2E,SM,12000,6000,50.00"
"20,407,EBANK,EQ,8,5,62.50"
"20,408,EBBETF0423,EQ,6799,6778,99.69"
"20,409,EBBETF0425,EQ,2094,2013,96.13"
"20,410,EBBETF0430,EQ,30589,26084,85.27"
"20,411,EBBETF0431,EQ,14075,13247,94.12"
"20,412,EBIXFOREX,EQ,4797,2580,53.78"
"20,413,ECLERX,EQ,26652,11039,41.42"
"20,414,ECLFINANCE,NE,50,50,100.00"
"20,415,ECLFINANCE,NG,169,169,100.00"
"20,416,ECLFINANCE,NH,50,50,100.00"
"20,417,ECLFINANCE,NI,20,20,100.00"
"20,418,ECLFINANCE,NJ,568,552,97.18"
"20,419,ECLFINANCE,NM,105,105,100.00"
"20,420,ECLFINANCE,NN,4821,4821,100.00"
"20,421,ECLFINANCE,NO,483,433,89.65"
"20,422,ECLFINANCE,NQ,42,42,100.00"
"20,423,ECLFINANCE,NR,590,590,100.00"
"20,424,ECLFINANCE,NS,506,506,100.00"
"20,425,EDELWEISS,EQ,3166225,1748229,55.21"
"20,426,EHFLNCD,N6,100,100,100.00"
"20,427,EICHERMOT,EQ,950809,204931,21.55"
"20,428,EIDPARRY,EQ,643044,227432,35.37"
"20,429,EIFFL,SM,34400,26400,76.74"
"20,430,EIHAHOTELS,EQ,16933,13641,80.56"
"20,431,EIHOTEL,EQ,1023750,574220,56.09"
"20,432,EIMCOELECO,EQ,3266,1762,53.95"
"20,433,EKC,EQ,350380,138750,39.60"
"20,434,ELECON,EQ,993776,392856,39.53"
"20,435,ELECTCAST,EQ,830659,451658,54.37"
"20,436,ELECTHERM,EQ,25990,10678,41.09"
"20,437,ELGIEQUIP,EQ,1308930,760738,58.12"
"20,438,ELGIRUBCO,EQ,66373,44285,66.72"
"20,439,EMAMILTD,EQ,829226,313848,37.85"
"20,440,EMAMIPAP,EQ,8532,5563,65.20"
"20,441,EMAMIREAL,EQ,81312,64830,79.73"
"20,442,EMBASSY,RR,226400,170400,75.27"
"20,443,EMKAY,EQ,1161001,440292,37.92"
"20,444,EMMBI,EQ,17681,8792,49.73"
"20,445,EMOFSR1RDP,MF,300,300,100.00"
"20,446,EMOFSR1RGG,MF,206708,178818,86.51"
"20,447,ENDURANCE,EQ,266689,186811,70.05"
"20,448,ENGINERSIN,EQ,4714824,1735843,36.82"
"20,449,ENIL,EQ,44276,20882,47.16"
"20,450,EPL,EQ,315215,151296,48.00"
"20,451,EQ30,EQ,144,144,100.00"
"20,452,EQUITAS,EQ,1534930,640287,41.71"
"20,453,EQUITASBNK,EQ,2759911,1212194,43.92"
"20,454,ERFLNCDI,N3,120,120,100.00"
"20,455,ERFLNCDI,N6,30,30,100.00"
"20,456,ERIS,EQ,116136,70286,60.52"
"20,457,EROSMEDIA,EQ,440929,243678,55.26"
"20,458,ESABINDIA,EQ,6197,2659,42.91"
"20,459,ESCORTS,EQ,648315,171010,26.38"
"20,460,ESSARSHPNG,EQ,78283,47394,60.54"
"20,461,ESTER,EQ,570766,234169,41.03"
"20,462,EUROTEXIND,EQ,121,121,100.00"
"20,463,EVEREADY,EQ,842921,390356,46.31"
"20,464,EVERESTIND,EQ,35303,21313,60.37"
"20,465,EXCEL,EQ,72743,60913,83.74"
"20,466,EXCELINDUS,EQ,56613,33501,59.18"
"20,467,EXIDEIND,EQ,2177268,416339,19.12"
"20,468,EXPLEOSOL,EQ,19300,11026,57.13"
"20,469,FACT,EQ,3969045,1090428,27.47"
"20,470,FAIRCHEMOR,EQ,29994,23294,77.66"
"20,471,FCL,EQ,529538,464557,87.73"
"20,472,FCONSUMER,EQ,3083854,1771593,57.45"
"20,473,FDC,EQ,861119,172017,19.98"
"20,474,FEDERALBNK,EQ,20432110,4870700,23.84"
"20,475,FEL,EQ,673206,510194,75.79"
"20,476,FELDVR,EQ,53058,38592,72.74"
"20,477,FIEMIND,EQ,23352,16739,71.68"
"20,478,FILATEX,EQ,329634,226063,68.58"
"20,479,FILDF2GP,MF,1,1,100.00"
"20,480,FINCABLES,EQ,142841,51568,36.10"
"20,481,FINEORG,EQ,55260,18784,33.99"
"20,482,FINPIPE,EQ,107380,45808,42.66"
"20,483,FLFL,EQ,128557,89939,69.96"
"20,484,FLUOROCHEM,EQ,32118,14283,44.47"
"20,485,FMGOETZE,EQ,6081,3748,61.63"
"20,486,FMNL,EQ,30911,20345,65.82"
"20,487,FORCEMOT,EQ,31349,10747,34.28"
"20,488,FORTIS,EQ,2280145,1227109,53.82"
"20,489,FOSECOIND,EQ,920,721,78.37"
"20,490,FRETAIL,EQ,1521182,981708,64.54"
"20,491,FSC,EQ,56741,36125,63.67"
"20,492,FSL,EQ,4268475,1386664,32.49"
"20,493,G5,EQ,791,631,79.77"
"20,494,GABRIEL,EQ,1624719,1081372,66.56"
"20,495,GAEL,EQ,466353,185768,39.83"
"20,496,GAIL,EQ,63069391,18503935,29.34"
"20,497,GAL,EQ,118886,99069,83.33"
"20,498,GALAXYSURF,EQ,42502,19679,46.30"
"20,499,GALLANTT,EQ,35326,13819,39.12"
"20,500,GALLISPAT,EQ,31068,21042,67.73"
"20,501,GAMMNINFRA,EQ,5692014,4320688,75.91"
"20,502,GANDHITUBE,EQ,7166,5316,74.18"
"20,503,GANECOS,EQ,26119,13776,52.74"
"20,504,GANESHHOUC,EQ,27403,16875,61.58"
"20,505,GANGAFORGE,SM,16000,16000,100.00"
"20,506,GANGESSECU,EQ,3835,2862,74.63"
"20,507,GARFIBRES,EQ,14292,8318,58.20"
"20,508,GATI,EQ,2506186,874830,34.91"
"20,509,GAYAPROJ,EQ,793459,469601,59.18"
"20,510,GBGLOBAL,EQ,7509,7001,93.23"
"20,511,GDL,EQ,192845,107454,55.72"
"20,512,GEECEE,EQ,13125,7694,58.62"
"20,513,GEEKAYWIRE,EQ,15083,14650,97.13"
"20,514,GENCON,EQ,15105,9967,65.98"
"20,515,GENUSPAPER,EQ,200157,134091,66.99"
"20,516,GENUSPOWER,EQ,509232,255603,50.19"
"20,517,GEOJITFSL,EQ,455000,297374,65.36"
"20,518,GEPIL,EQ,198975,70237,35.30"
"20,519,GESHIP,EQ,246037,118678,48.24"
"20,520,GET&D,EQ,148982,76727,51.50"
"20,521,GFLLIMITED,EQ,218666,143754,65.74"
"20,522,GFSTEELS,EQ,204,204,100.00"
"20,523,GHCL,EQ,214564,99086,46.18"
"20,524,GICHSGFIN,EQ,291286,108060,37.10"
"20,525,GICRE,EQ,1424957,418272,29.35"
"20,526,GILLANDERS,EQ,6157,5603,91.00"
"20,527,GILLETTE,EQ,2291,1395,60.89"
"20,528,GINNIFILA,EQ,38526,29108,75.55"
"20,529,GIPCL,EQ,1077386,405215,37.61"
"20,530,GIRIRAJ,SM,1200,1200,100.00"
"20,531,GISOLUTION,EQ,1859,1859,100.00"
"20,532,GKWLIMITED,EQ,3382,893,26.40"
"20,533,GLAND,EQ,166349,88811,53.39"
"20,534,GLAXO,EQ,27009,13213,48.92"
"20,535,GLENMARK,EQ,2755755,756295,27.44"
"20,536,GLFL,EQ,9272,7961,85.86"
"20,537,GLOBAL,EQ,8815,2921,33.14"
"20,538,GLOBOFFS,EQ,36014,29666,82.37"
"20,539,GLOBUSSPR,EQ,91256,33189,36.37"
"20,540,GMBREW,EQ,16998,7531,44.31"
"20,541,GMDCLTD,EQ,1240846,389805,31.41"
"20,542,GMMPFAUDLR,EQ,35563,16186,45.51"
"20,543,GMRINFRA,EQ,17653425,3482200,19.73"
"20,544,GNA,EQ,48575,28725,59.14"
"20,545,GNFC,EQ,1241708,401791,32.36"
"20,546,GOACARBON,EQ,105720,39034,36.92"
"20,547,GOCLCORP,EQ,5257,3339,63.52"
"20,548,GODFRYPHLP,EQ,30003,11833,39.44"
"20,549,GODHA,EQ,901,360,39.96"
"20,550,GODREJAGRO,EQ,114443,56717,49.56"
"20,551,GODREJCP,EQ,585556,255698,43.67"
"20,552,GODREJIND,EQ,421237,175754,41.72"
"20,553,GODREJPROP,EQ,388069,139701,36.00"
"20,554,GOKEX,EQ,139769,70553,50.48"
"20,555,GOKUL,EQ,32341,22299,68.95"
"20,556,GOKULAGRO,EQ,122467,80975,66.12"
"20,557,GOLDBEES,EQ,6578530,5135506,78.06"
"20,558,GOLDENTOBC,EQ,21112,11159,52.86"
"20,559,GOLDIAM,EQ,25010,15313,61.23"
"20,560,GOLDSHARE,EQ,5279,3962,75.05"
"20,561,GOODLUCK,EQ,104387,44209,42.35"
"20,562,GOODYEAR,EQ,9797,6658,67.96"
"20,563,GPIL,EQ,69531,26566,38.21"
"20,564,GPPL,EQ,553285,337815,61.06"
"20,565,GPTINFRA,EQ,10153,6475,63.77"
"20,566,GRANULES,EQ,1737167,525609,30.26"
"20,567,GRAPHITE,EQ,959400,232889,24.27"
"20,568,GRASIM,EQ,1400679,453295,32.36"
"20,569,GRAVITA,EQ,276468,158104,57.19"
"20,570,GREAVESCOT,EQ,2720259,1464492,53.84"
"20,571,GREENLAM,EQ,2285,1269,55.54"
"20,572,GREENPANEL,EQ,3195117,2628786,82.28"
"20,573,GREENPLY,EQ,254459,150659,59.21"
"20,574,GRETEX,SM,6000,6000,100.00"
"20,575,GRINDWELL,EQ,137388,48417,35.24"
"20,576,GROBTEA,EQ,1782,1055,59.20"
"20,577,GRPLTD,EQ,1584,876,55.30"
"20,578,GRSE,EQ,196085,77207,39.37"
"20,579,GSCLCEMENT,EQ,126634,75395,59.54"
"20,580,GSFC,EQ,2238554,517282,23.11"
"20,581,GSPL,EQ,700821,280555,40.03"
"20,582,GSS,EQ,285103,137879,48.36"
"20,583,GTL,EQ,123209,74489,60.46"
"20,584,GTLINFRA,EQ,4470277,4470277,100.00"
"20,585,GTNIND,EQ,16705,9581,57.35"
"20,586,GTNTEX,EQ,533,533,100.00"
"20,587,GTPL,EQ,98397,57712,58.65"
"20,588,GUFICBIO,EQ,54114,36050,66.62"
"20,589,GUJALKALI,EQ,123190,61870,50.22"
"20,590,GUJAPOLLO,EQ,1775,1352,76.17"
"20,591,GUJGASLTD,EQ,1102883,490085,44.44"
"20,592,GULFOILLUB,EQ,40506,17295,42.70"
"20,593,GULFPETRO,EQ,21007,14157,67.39"
"20,594,GULPOLY,EQ,322415,145235,45.05"
"20,595,HAL,EQ,183463,78183,42.62"
"20,596,HAPPSTMNDS,EQ,812529,190084,23.39"
"20,597,HARITASEAT,EQ,10223,6048,59.16"
"20,598,HARRMALAYA,EQ,617865,134229,21.72"
"20,599,HATHWAY,EQ,802381,337374,42.05"
"20,600,HATSUN,EQ,71126,41156,57.86"
"20,601,HAVELLS,EQ,2094055,881334,42.09"
"20,602,HBANKETF,EQ,1822,1145,62.84"
"20,603,HBLPOWER,EQ,586724,347454,59.22"
"20,604,HCC,EQ,4319686,2098477,48.58"
"20,605,HCG,EQ,270355,199024,73.62"
"20,606,HCL-INSYS,EQ,285776,285662,99.96"
"20,607,HCLTECH,EQ,5621823,2006147,35.68"
"20,608,HDFC,EQ,2179821,1057347,48.51"
"20,609,HDFC,W3,27000,18600,68.89"
"20,610,HDFCAMC,EQ,154117,71185,46.19"
"20,611,HDFCBANK,EQ,7558525,2679701,35.45"
"20,612,HDFCLIFE,EQ,3203722,1293655,40.38"
"20,613,HDFCMFGETF,EQ,875930,545518,62.28"
"20,614,HDFCNIFETF,EQ,13659,11918,87.25"
"20,615,HDFCSENETF,EQ,2005,1376,68.63"
"20,616,HEG,EQ,553125,97218,17.58"
"20,617,HEIDELBERG,EQ,148596,76229,51.30"
"20,618,HERANBA,EQ,4061558,1046946,25.78"
"20,619,HERCULES,EQ,28641,13278,46.36"
"20,620,HERITGFOOD,EQ,143324,108416,75.64"
"20,621,HEROMOTOCO,EQ,749107,280122,37.39"
"20,622,HESTERBIO,EQ,11536,9720,84.26"
"20,623,HFCL,EQ,9096011,4189853,46.06"
"20,624,HGINFRA,EQ,311963,117462,37.65"
"20,625,HGS,EQ,23791,15263,64.15"
"20,626,HIKAL,EQ,293438,113078,38.54"
"20,627,HIL,EQ,11667,7921,67.89"
"20,628,HILTON,EQ,18965,10731,56.58"
"20,629,HIMATSEIDE,EQ,348533,105737,30.34"
"20,630,HINDALCO,EQ,10555735,3189065,30.21"
"20,631,HINDCOMPOS,EQ,6932,3963,57.17"
"20,632,HINDCON,SM,4000,4000,100.00"
"20,633,HINDCOPPER,EQ,7477182,2562154,34.27"
"20,634,HINDNATGLS,EQ,192319,122265,63.57"
"20,635,HINDOILEXP,EQ,6705058,1736562,25.90"
"20,636,HINDPETRO,EQ,6538746,2179772,33.34"
"20,637,HINDUNILVR,EQ,1440724,684774,47.53"
"20,638,HINDZINC,EQ,599511,217140,36.22"
"20,639,HIRECT,EQ,22156,14206,64.12"
"20,640,HISARMETAL,EQ,68040,34841,51.21"
"20,641,HITECH,EQ,107735,61394,56.99"
"20,642,HITECHCORP,EQ,14150,11162,78.88"
"20,643,HITECHGEAR,EQ,13460,6863,50.99"
"20,644,HLEGLAS,EQ,22680,16918,74.59"
"20,645,HLVLTD,EQ,945523,581519,61.50"
"20,646,HMVL,EQ,43411,29211,67.29"
"20,647,HNDFDS,EQ,14351,9306,64.85"
"20,648,HNGSNGBEES,EQ,558,324,58.06"
"20,649,HOMEFIRST,EQ,213512,86554,40.54"
"20,650,HONAUT,EQ,7321,2511,34.30"
"20,651,HONDAPOWER,EQ,4293,2479,57.75"
"20,652,HOTELRUGBY,EQ,100,100,100.00"
"20,653,HOVS,EQ,3071,2266,73.79"
"20,654,HPL,EQ,325820,125886,38.64"
"20,655,HSCL,EQ,5789794,2345614,40.51"
"20,656,HSIL,EQ,130960,62467,47.70"
"20,657,HTMEDIA,EQ,73095,56838,77.76"
"20,658,HUDCO,EQ,3121666,808679,25.91"
"20,659,HUDCO,N2,8020,6725,83.85"
"20,660,HUDCO,N3,3434,3189,92.87"
"20,661,HUDCO,N4,60,60,100.00"
"20,662,HUDCO,N5,300,300,100.00"
"20,663,HUDCO,N6,295,250,84.75"
"20,664,HUDCO,N9,1750,1568,89.60"
"20,665,HUDCO,ND,60,60,100.00"
"20,666,HUDCO,NE,1495,1495,100.00"
"20,667,HUHTAMAKI,EQ,94715,61660,65.10"
"20,668,IBMFNIFTY,EQ,405,316,78.02"
"20,669,IBREALEST,EQ,12397915,5333364,43.02"
"20,670,IBUCCREDIT,N4,37,37,100.00"
"20,671,IBUCCREDIT,N7,40,40,100.00"
"20,672,IBUCCREDIT,N9,9,9,100.00"
"20,673,IBUCCREDIT,ND,10,10,100.00"
"20,674,IBULHSGFIN,EQ,15071376,2417579,16.04"
"20,675,IBULHSGFIN,N7,10,10,100.00"
"20,676,IBULHSGFIN,N8,35,35,100.00"
"20,677,IBULHSGFIN,NA,70,70,100.00"
"20,678,IBULHSGFIN,NB,10,10,100.00"
"20,679,IBULHSGFIN,NC,790,790,100.00"
"20,680,ICEMAKE,EQ,27769,17864,64.33"
"20,681,ICICI500,EQ,1477,683,46.24"
"20,682,ICICIALPLV,EQ,1599,1540,96.31"
"20,683,ICICIB22,EQ,733780,590011,80.41"
"20,684,ICICIBANK,EQ,19632433,8140296,41.46"
"20,685,ICICIBANKN,EQ,8140,4689,57.60"
"20,686,ICICIBANKP,EQ,13761,10275,74.67"
"20,687,ICICIGI,EQ,564677,202982,35.95"
"20,688,ICICIGOLD,EQ,1084100,958561,88.42"
"20,689,ICICILIQ,EQ,30632,26334,85.97"
"20,690,ICICILOVOL,EQ,63435,45866,72.30"
"20,691,ICICIM150,EQ,11722,9603,81.92"
"20,692,ICICIMCAP,EQ,4157,2098,50.47"
"20,693,ICICINF100,EQ,4702,2781,59.15"
"20,694,ICICINIFTY,EQ,73146,40173,54.92"
"20,695,ICICINV20,EQ,13838,9853,71.20"
"20,696,ICICINXT50,EQ,13060,8499,65.08"
"20,697,ICICIPRULI,EQ,2392708,1402920,58.63"
"20,698,ICICISENSX,EQ,5494,5042,91.77"
"20,699,ICICITECH,EQ,7752,5938,76.60"
"20,700,ICIL,EQ,179017,66042,36.89"
"20,701,ICRA,EQ,1412,1059,75.00"
"20,702,IDBI,EQ,21746561,7969047,36.65"
"20,703,IDBIGOLD,EQ,98,87,88.78"
"20,704,IDEA,EQ,165778445,44599343,26.90"
"20,705,IDFC,EQ,5716408,2361383,41.31"
"20,706,IDFCFIRSTB,EQ,32067602,5889338,18.37"
"20,707,IDFCFIRSTB,NA,16,12,75.00"
"20,708,IDFCFIRSTB,NB,10,10,100.00"
"20,709,IDFCFIRSTB,NC,39,39,100.00"
"20,710,IDFCFIRSTB,ND,8,5,62.50"
"20,711,IDFNIFTYET,EQ,744,624,83.87"
"20,712,IEX,EQ,1260592,612122,48.56"
"20,713,IFBAGRO,EQ,4950,2726,55.07"
"20,714,IFBIND,EQ,54343,32902,60.55"
"20,715,IFCI,EQ,7872741,3857714,49.00"
"20,716,IFCI,NH,11,11,100.00"
"20,717,IFCI,NL,53,53,100.00"
"20,718,IFGLEXPOR,EQ,17356,11680,67.30"
"20,719,IGARASHI,EQ,311526,132784,42.62"
"20,720,IGL,EQ,2961644,861364,29.08"
"20,721,IGPL,EQ,98592,47659,48.34"
"20,722,IIFCL,N2,5,5,100.00"
"20,723,IIFCL,N4,3138,2796,89.10"
"20,724,IIFL,EQ,577487,354775,61.43"
"20,725,IIFL,N4,2256,2247,99.60"
"20,726,IIFL,N5,211,211,100.00"
"20,727,IIFL,N6,870,720,82.76"
"20,728,IIFL,N9,940,940,100.00"
"20,729,IIFL,NB,5,5,100.00"
"20,730,IIFL,NC,133,133,100.00"
"20,731,IIFLSEC,EQ,576324,307379,53.33"
"20,732,IIFLWAM,EQ,12233,10497,85.81"
"20,733,IITL,EQ,5280,4781,90.55"
"20,734,IMAGICAA,EQ,144719,100660,69.56"
"20,735,IMFA,EQ,23935,15422,64.43"
"20,736,IMPAL,EQ,1485,607,40.88"
"20,737,IMPEXFERRO,EQ,1000,1000,100.00"
"20,738,INDBANK,EQ,400506,234627,58.58"
"20,739,INDHOTEL,EQ,1122119,497365,44.32"
"20,740,INDIACEM,EQ,1531136,475598,31.06"
"20,741,INDIAGLYCO,EQ,745878,338690,45.41"
"20,742,INDIAMART,EQ,78666,29057,36.94"
"20,743,INDIANB,EQ,2140952,561989,26.25"
"20,744,INDIANCARD,EQ,6509,3368,51.74"
"20,745,INDIANHUME,EQ,277204,105397,38.02"
"20,746,INDIGO,EQ,1651023,818251,49.56"
"20,747,INDIGOPNTS,EQ,118075,65198,55.22"
"20,748,INDIGRID,IV,289170,219429,75.88"
"20,749,INDLMETER,EQ,5534,4710,85.11"
"20,750,INDNIPPON,EQ,9204,5061,54.99"
"20,751,INDOCO,EQ,109067,56150,51.48"
"20,752,INDORAMA,EQ,89016,58580,65.81"
"20,753,INDOSTAR,EQ,14480,6930,47.86"
"20,754,INDOTECH,EQ,8571,6377,74.40"
"20,755,INDRAMEDCO,EQ,134078,77759,58.00"
"20,756,INDSWFTLAB,EQ,187877,147164,78.33"
"20,757,INDUSINDBK,EQ,10522267,3971950,37.75"
"20,758,INDUSTOWER,EQ,2289922,1256303,54.86"
"20,759,INEOSSTYRO,EQ,24946,19312,77.42"
"20,760,INFIBEAM,EQ,8316168,6929426,83.32"
"20,761,INFOBEAN,EQ,18885,13439,71.16"
"20,762,INFRABEES,EQ,1154,938,81.28"
"20,763,INFY,EQ,5119392,2621080,51.20"
"20,764,INGERRAND,EQ,20061,11186,55.76"
"20,765,INNOVANA,SM,2000,2000,100.00"
"20,766,INNOVATIVE,SM,90000,81000,90.00"
"20,767,INOXLEISUR,EQ,282762,117315,41.49"
"20,768,INOXWIND,EQ,188114,110905,58.96"
"20,769,INSECTICID,EQ,19979,14225,71.20"
"20,770,INSPIRISYS,EQ,105102,71256,67.80"
"20,771,INTELLECT,EQ,242336,115136,47.51"
"20,772,INTENTECH,EQ,23944,20272,84.66"
"20,773,INVENTURE,EQ,449874,202065,44.92"
"20,774,IOB,EQ,23290781,8657103,37.17"
"20,775,IOC,EQ,49732782,19315092,38.84"
"20,776,IOLCP,EQ,483442,167791,34.71"
"20,777,IPCALAB,EQ,97120,31798,32.74"
"20,778,IRB,EQ,19961911,4459246,22.34"
"20,779,IRBINVIT,IV,437500,305000,69.71"
"20,780,IRCON,EQ,7225413,3359987,46.50"
"20,781,IRCTC,EQ,4183381,697844,16.68"
"20,782,IREDA,N2,3,3,100.00"
"20,783,IREDA,N5,165,165,100.00"
"20,784,IREDA,N7,156,156,100.00"
"20,785,IRFC,EQ,16353985,8109041,49.58"
"20,786,IRFC,N1,285,285,100.00"
"20,787,IRFC,N2,155,145,93.55"
"20,788,IRFC,N3,550,546,99.27"
"20,789,IRFC,N4,25,25,100.00"
"20,790,IRFC,N5,4,3,75.00"
"20,791,IRFC,NA,19,19,100.00"
"20,792,IRFC,NE,32,32,100.00"
"20,793,IRFC,NI,40,40,100.00"
"20,794,IRFC,NJ,387,375,96.90"
"20,795,IRFC,NK,801,801,100.00"
"20,796,IRFC,NO,618,417,67.48"
"20,797,IRISDOREME,EQ,3340,3339,99.97"
"20,798,ISEC,EQ,387764,216886,55.93"
"20,799,ISFT,EQ,57181,39263,68.66"
"20,800,ISMTLTD,EQ,148236,99316,67.00"
"20,801,ITC,EQ,22988740,12924091,56.22"
"20,802,ITDC,EQ,1729582,241815,13.98"
"20,803,ITDCEM,EQ,1066811,284744,26.69"
"20,804,ITI,EQ,1358182,288133,21.21"
"20,805,IVC,EQ,109002,48135,44.16"
"20,806,IVZINGOLD,EQ,214,198,92.52"
"20,807,IVZINNIFTY,EQ,68,64,94.12"
"20,808,IZMO,EQ,10983,8429,76.75"
"20,809,JAGRAN,EQ,584955,320214,54.74"
"20,810,JAGSNPHARM,EQ,217786,67721,31.10"
"20,811,JAICORPLTD,EQ,3403934,560792,16.47"
"20,812,JALAN,SM,6000,6000,100.00"
"20,813,JAMNAAUTO,EQ,744097,386108,51.89"
"20,814,JASH,EQ,67464,63495,94.12"
"20,815,JAYAGROGN,EQ,19295,7945,41.18"
"20,816,JAYBARMARU,EQ,13530,7414,54.80"
"20,817,JAYNECOIND,EQ,114238,114238,100.00"
"20,818,JAYSREETEA,EQ,508770,150245,29.53"
"20,819,JBCHEPHARM,EQ,120303,75134,62.45"
"20,820,JBFIND,EQ,276361,226059,81.80"
"20,821,JBMA,EQ,56469,41716,73.87"
"20,822,JCHAC,EQ,10542,4601,43.64"
"20,823,JETFREIGHT,SM,40000,40000,100.00"
"20,824,JINDALPHOT,EQ,22822,22529,98.72"
"20,825,JINDALPOLY,EQ,591886,234825,39.67"
"20,826,JINDALSAW,EQ,7843480,2556099,32.59"
"20,827,JINDALSTEL,EQ,6022231,1283018,21.30"
"20,828,JINDRILL,EQ,125041,79917,63.91"
"20,829,JINDWORLD,EQ,166096,16230,9.77"
"20,830,JISLJALEQS,EQ,10456442,6227443,59.56"
"20,831,J&KBANK,EQ,1619419,833789,51.49"
"20,832,JKCEMENT,EQ,90714,73171,80.66"
"20,833,JKIL,EQ,397675,180805,45.47"
"20,834,JKLAKSHMI,EQ,196446,86964,44.27"
"20,835,JKPAPER,EQ,926612,234719,25.33"
"20,836,JKTYRE,EQ,1077238,397822,36.93"
"20,837,JMA,EQ,3272,2587,79.06"
"20,838,JMCPROJECT,EQ,376610,190464,50.57"
"20,839,JMFINANCIL,EQ,1039786,510042,49.05"
"20,840,JOCIL,EQ,6899,5045,73.13"
"20,841,JPASSOCIAT,EQ,8005786,4402014,54.99"
"20,842,JPINFRATEC,EQ,291783,291783,100.00"
"20,843,JPPOWER,EQ,6104970,4853074,79.49"
"20,844,JSL,EQ,378169,173623,45.91"
"20,845,JSLHISAR,EQ,249934,123387,49.37"
"20,846,JSWENERGY,EQ,30613602,6012376,19.64"
"20,847,JSWHL,EQ,1801,544,30.21"
"20,848,JSWISPL,EQ,477048,338959,71.05"
"20,849,JSWSTEEL,EQ,4176709,651601,15.60"
"20,850,JTEKTINDIA,EQ,1082812,388790,35.91"
"20,851,JUBLFOOD,EQ,348784,80432,23.06"
"20,852,JUBLINDS,EQ,41289,25232,61.11"
"20,853,JUBLPHARMA,EQ,75596,47249,62.50"
"20,854,JUMPNET,EQ,318082,317872,99.93"
"20,855,JUNIORBEES,EQ,37694,25220,66.91"
"20,856,JUSTDIAL,EQ,3471499,976394,28.13"
"20,857,JYOTHYLAB,EQ,270834,183815,67.87"
"20,858,KABRAEXTRU,EQ,273091,116709,42.74"
"20,859,KAJARIACER,EQ,792543,538893,68.00"
"20,860,KAKATCEM,EQ,35771,21451,59.97"
"20,861,KALPATPOWR,EQ,140112,60958,43.51"
"20,862,KAMATHOTEL,EQ,63745,41361,64.89"
"20,863,KAMDHENU,EQ,43826,27985,63.85"
"20,864,KANANIIND,EQ,10509,9373,89.19"
"20,865,KANPRPLA,EQ,460440,198985,43.22"
"20,866,KANSAINER,EQ,375395,338570,90.19"
"20,867,KARDA,EQ,50541,21588,42.71"
"20,868,KARURVYSYA,EQ,1417970,427438,30.14"
"20,869,KAUSHALYA,EQ,33732,33732,100.00"
"20,870,KAYA,EQ,32559,9052,27.80"
"20,871,KCP,EQ,650176,313379,48.20"
"20,872,KCPSUGIND,EQ,769626,313829,40.78"
"20,873,KDDL,EQ,3296,1773,53.79"
"20,874,KEC,EQ,273126,143447,52.52"
"20,875,KECL,EQ,90771,53862,59.34"
"20,876,KEERTI,EQ,106646,52001,48.76"
"20,877,KEI,EQ,130042,83938,64.55"
"20,878,KELLTONTEC,EQ,494398,262206,53.04"
"20,879,KENNAMET,EQ,2150,1413,65.72"
"20,880,KESORAMIND,EQ,2108251,712249,33.78"
"20,881,KEYFINSERV,EQ,3039,1542,50.74"
"20,882,KHADIM,EQ,132337,73501,55.54"
"20,883,KHAICHEM,EQ,237307,89691,37.80"
"20,884,KHANDSE,EQ,1727,1727,100.00"
"20,885,KHFM,SM,6000,6000,100.00"
"20,886,KICL,EQ,508,377,74.21"
"20,887,KILITCH,EQ,2369,1515,63.95"
"20,888,KINGFA,EQ,21862,12130,55.48"
"20,889,KIOCL,EQ,98527,49068,49.80"
"20,890,KIRIINDUS,EQ,80816,50113,62.01"
"20,891,KIRLFER,EQ,208907,100398,48.06"
"20,892,KIRLOSBROS,EQ,276548,71039,25.69"
"20,893,KIRLOSENG,EQ,266483,125790,47.20"
"20,894,KIRLOSIND,EQ,3795,2360,62.19"
"20,895,KITEX,EQ,86151,48492,56.29"
"20,896,KKCL,EQ,2488,152,6.11"
"20,897,KMSUGAR,EQ,994117,469892,47.27"
"20,898,KNRCON,EQ,873574,385554,44.14"
"20,899,KOKUYOCMLN,EQ,262428,102208,38.95"
"20,900,KOLTEPATIL,EQ,155992,44071,28.25"
"20,901,KOPRAN,EQ,242429,132389,54.61"
"20,902,KOTAKBANK,EQ,4698010,2797333,59.54"
"20,903,KOTAKBKETF,EQ,220953,183935,83.25"
"20,904,KOTAKGOLD,EQ,73853,51857,70.22"
"20,905,KOTAKIT,EQ,30249,6243,20.64"
"20,906,KOTAKNIFTY,EQ,26996,16152,59.83"
"20,907,KOTAKNV20,EQ,7588,5827,76.79"
"20,908,KOTAKPSUBK,EQ,11472,6915,60.28"
"20,909,KOTARISUG,EQ,406841,306380,75.31"
"20,910,KOTHARIPET,EQ,87157,41670,47.81"
"20,911,KOTHARIPRO,EQ,6697,3288,49.10"
"20,912,KPITTECH,EQ,2451558,1428643,58.27"
"20,913,KPRMILL,EQ,21838,11389,52.15"
"20,914,KRBL,EQ,235293,133107,56.57"
"20,915,KREBSBIO,EQ,8045,4508,56.03"
"20,916,KRIDHANINF,EQ,96733,81617,84.37"
"20,917,KRISHANA,EQ,1823,1416,77.67"
"20,918,KRITIKA,SM,12000,12000,100.00"
"20,919,KSB,EQ,117022,89381,76.38"
"20,920,KSCL,EQ,112296,54603,48.62"
"20,921,KSL,EQ,70860,35854,50.60"
"20,922,KSOLVES,SM,300,300,100.00"
"20,923,KTKBANK,EQ,1779787,624721,35.10"
"20,924,KUANTUM,EQ,17580,11357,64.60"
"20,925,LAGNAM,SM,9000,9000,100.00"
"20,926,LALPATHLAB,EQ,202003,37835,18.73"
"20,927,LAMBODHARA,EQ,1183451,294534,24.89"
"20,928,LAOPALA,EQ,119550,73708,61.65"
"20,929,LASA,EQ,356008,81564,22.91"
"20,930,LATTEYS,SM,20000,20000,100.00"
"20,931,LAURUSLABS,EQ,3761213,2136104,56.79"
"20,932,LAXMICOT,SM,36000,6000,16.67"
"20,933,LAXMIMACH,EQ,14259,7679,53.85"
"20,934,LEMONTREE,EQ,1332986,675037,50.64"
"20,935,LEXUS,SM,31000,31000,100.00"
"20,936,LFIC,EQ,472,383,81.14"
"20,937,LGBBROSLTD,EQ,68303,41554,60.84"
"20,938,LIBERTSHOE,EQ,36837,15975,43.37"
"20,939,LICHSGFIN,EQ,4012307,1047425,26.11"
"20,940,LICNETFGSC,EQ,2093,1966,93.93"
"20,941,LICNETFN50,EQ,887,835,94.14"
"20,942,LICNETFSEN,EQ,49,27,55.10"
"20,943,LICNFNHGP,EQ,2373,1898,79.98"
"20,944,LIKHITHA,EQ,260225,91864,35.30"
"20,945,LINCOLN,EQ,161254,53769,33.34"
"20,946,LINCPEN,EQ,1361,1213,89.13"
"20,947,LINDEINDIA,EQ,41301,22366,54.15"
"20,948,LIQUIDBEES,EQ,998827,689170,69.00"
"20,949,LIQUIDETF,EQ,8061,6458,80.11"
"20,950,LOTUSEYE,EQ,6485,4957,76.44"
"20,951,LOVABLE,EQ,27040,13222,48.90"
"20,952,LSIL,EQ,12259761,6238992,50.89"
"20,953,LT,EQ,4150049,1689353,40.71"
"20,954,L&TFH,EQ,20304654,3661214,18.03"
"20,955,L&TFINANCE,NG,25,25,100.00"
"20,956,L&TFINANCE,NY,200,150,75.00"
"20,957,L&TFINANCE,Y3,40,40,100.00"
"20,958,L&TFINANCE,Y7,10,10,100.00"
"20,959,L&TFINANCE,Y9,5,5,100.00"
"20,960,LTI,EQ,162750,63287,38.89"
"20,961,LTMFEOF2R,MF,17630,10000,56.72"
"20,962,LTMFEOFR,MF,2100,2100,100.00"
"20,963,LTTS,EQ,387249,112569,29.07"
"20,964,LUMAXIND,EQ,10356,5596,54.04"
"20,965,LUMAXTECH,EQ,189868,80642,42.47"
"20,966,LUPIN,EQ,1409325,310358,22.02"
"20,967,LUXIND,EQ,34477,7819,22.68"
"20,968,LYPSAGEMS,EQ,19252,14238,73.96"
"20,969,M100,EQ,80961,48679,60.13"
"20,970,M14RG,MF,15500,14000,90.32"
"20,971,M15RG,MF,9,9,100.00"
"20,972,M17RD,MF,5000,5000,100.00"
"20,973,M50,EQ,1894,915,48.31"
"20,974,MAANALU,EQ,41222,27577,66.90"
"20,975,MADHAV,EQ,74879,39489,52.74"
"20,976,MADHUCON,EQ,36719,26702,72.72"
"20,977,MAESGETF,EQ,87772,81725,93.11"
"20,978,MAGADSUGAR,EQ,38978,19758,50.69"
"20,979,MAGMA,EQ,862103,612289,71.02"
"20,980,MAGMA,N1,9,9,100.00"
"20,981,MAGNUM,EQ,49878,37205,74.59"
"20,982,MAHABANK,EQ,23754112,7118069,29.97"
"20,983,MAHASTEEL,EQ,4378,3092,70.63"
"20,984,MAHEPC,EQ,774031,271695,35.10"
"20,985,MAHESHWARI,EQ,150230,63414,42.21"
"20,986,MAHICKRA,SM,1500,1500,100.00"
"20,987,MAHINDCIE,EQ,87228,47339,54.27"
"20,988,MAHLIFE,EQ,77362,47233,61.05"
"20,989,MAHLOG,EQ,226433,75703,33.43"
"20,990,MAHSCOOTER,EQ,5898,4293,72.79"
"20,991,MAHSEAMLES,EQ,312545,88253,28.24"
"20,992,MAITHANALL,EQ,33258,14722,44.27"
"20,993,MALUPAPER,EQ,8454,4441,52.53"
"20,994,MAN50ETF,EQ,22994,19518,84.88"
"20,995,MANAKALUCO,EQ,58333,10781,18.48"
"20,996,MANAKCOAT,EQ,122411,14627,11.95"
"20,997,MANAKSIA,EQ,210023,136540,65.01"
"20,998,MANAKSTEEL,EQ,40939,32411,79.17"
"20,999,MANALIPETC,EQ,713068,425387,59.66"
"20,1000,MANAPPURAM,EQ,4539322,1432296,31.55"
"20,1001,MANGALAM,EQ,50343,22264,44.22"
"20,1002,MANGCHEFER,EQ,500404,231273,46.22"
"20,1003,MANGLMCEM,EQ,30410,19060,62.68"
"20,1004,MANGTIMBER,EQ,15346,7294,47.53"
"20,1005,MANINDS,EQ,2243190,743515,33.15"
"20,1006,MANINFRA,EQ,4274051,1980019,46.33"
"20,1007,MANUGRAPH,EQ,13736,6924,50.41"
"20,1008,MANXT50,EQ,1943,1778,91.51"
"20,1009,MARATHON,EQ,294145,143888,48.92"
"20,1010,MARICO,EQ,1368015,631562,46.17"
"20,1011,MARINE,EQ,312137,89779,28.76"
"20,1012,MARKSANS,EQ,6560543,2662019,40.58"
"20,1013,MARSHALL,SM,6000,6000,100.00"
"20,1014,MARUTI,EQ,977572,372383,38.09"
"20,1015,MASFIN,EQ,19895,8816,44.31"
"20,1016,MASTEK,EQ,150786,72180,47.87"
"20,1017,MATRIMONY,EQ,14104,7840,55.59"
"20,1018,MAWANASUG,EQ,142360,83064,58.35"
"20,1019,MAXHEALTH,EQ,1030653,736932,71.50"
"20,1020,MAXIND,EQ,1260689,658096,52.20"
"20,1021,MAXVIL,EQ,447190,231164,51.69"
"20,1022,MAYURUNIQ,EQ,79329,59343,74.81"
"20,1023,MAZDA,EQ,1239,656,52.95"
"20,1024,MAZDOCK,EQ,879033,291967,33.21"
"20,1025,MBLINFRA,EQ,105709,78687,74.44"
"20,1026,MC1RG,MF,2,0,0.00"
"20,1027,MCDHOLDING,EQ,36638,32708,89.27"
"20,1028,MCDOWELL-N,EQ,2338848,931855,39.84"
"20,1029,MCL,EQ,16795,13340,79.43"
"20,1030,MCLEODRUSS,EQ,712571,528701,74.20"
"20,1031,MCX,EQ,281087,140346,49.93"
"20,1032,MDL,SM,2000,2000,100.00"
"20,1033,MEGASOFT,EQ,35183,23247,66.07"
"20,1034,MEGH,EQ,1324981,429719,32.43"
"20,1035,MENONBE,EQ,46940,30199,64.34"
"20,1036,MEP,EQ,5080849,2364829,46.54"
"20,1037,METROPOLIS,EQ,189847,142022,74.81"
"20,1038,MFSL,EQ,525304,146635,27.91"
"20,1039,MGEL,EQ,6512,4925,75.63"
"20,1040,MGL,EQ,638805,147090,23.03"
"20,1041,MHHL,SM,6000,6000,100.00"
"20,1042,MHRIL,EQ,65142,32893,50.49"
"20,1043,MIC,EQ,147544,117538,79.66"
"20,1044,MIDHANI,EQ,408616,135120,33.07"
"20,1045,MINDACORP,EQ,637406,225609,35.39"
"20,1046,MINDAIND,EQ,185022,80183,43.34"
"20,1047,MINDPOOL,SM,20000,20000,100.00"
"20,1048,MINDSPACE,RR,553800,473000,85.41"
"20,1049,MINDTECK,EQ,10281,6455,62.79"
"20,1050,MINDTREE,EQ,516867,96562,18.68"
"20,1051,MIRZAINT,EQ,427177,271935,63.66"
"20,1052,MITCON,SM,18000,18000,100.00"
"20,1053,MITTAL,EQ,22423,14449,64.44"
"20,1054,M&M,EQ,3474579,1420538,40.88"
"20,1055,M&MFIN,EQ,8811203,3216773,36.51"
"20,1056,M&MFIN,N2,101,101,100.00"
"20,1057,MMFL,EQ,46067,44728,97.09"
"20,1058,MMP,EQ,6993,5773,82.55"
"20,1059,MMTC,EQ,4461527,1647292,36.92"
"20,1060,MOHITIND,EQ,4566,3082,67.50"
"20,1061,MOIL,EQ,431524,180955,41.93"
"20,1062,MOKSH,SM,141000,93000,65.96"
"20,1063,MOLDTECH,EQ,61163,42865,70.08"
"20,1064,MOLDTEKPP,E1,1556,1365,87.72"
"20,1065,MOLDTKPAC,EQ,113407,63242,55.77"
"20,1066,MOLDTKPAC,W1,842,765,90.86"
"20,1067,MONTECARLO,EQ,31324,21645,69.10"
"20,1068,MORARJEE,EQ,65958,38107,57.77"
"20,1069,MOREPENLAB,EQ,31303809,10531631,33.64"
"20,1070,MOTHERSUMI,EQ,11220395,2396868,21.36"
"20,1071,MOTILALOFS,EQ,747100,377660,50.55"
"20,1072,MOTOGENFIN,EQ,8348,6897,82.62"
"20,1073,MPHASIS,EQ,205579,87674,42.65"
"20,1074,MPSLTD,EQ,26662,11485,43.08"
"20,1075,MPTODAY,SM,8000,8000,100.00"
"20,1076,MRF,EQ,21119,3606,17.07"
"20,1077,MRPL,EQ,11007299,3495159,31.75"
"20,1078,MSPL,EQ,38534,26527,68.84"
"20,1079,MSTCLTD,EQ,3540072,785322,22.18"
"20,1080,MTEDUCARE,EQ,175834,153226,87.14"
"20,1081,MTNL,EQ,10975563,2961108,26.98"
"20,1082,MUKANDENGG,EQ,8964,8338,93.02"
"20,1083,MUKANDLTD,EQ,62377,39279,62.97"
"20,1084,MUKANDLTD,P1,5,5,100.00"
"20,1085,MUKTAARTS,EQ,25952,13302,51.26"
"20,1086,MUNJALAU,EQ,107495,55026,51.19"
"20,1087,MUNJALSHOW,EQ,41636,22017,52.88"
"20,1088,MURUDCERA,EQ,60746,35423,58.31"
"20,1089,MUTHOOTCAP,EQ,47389,22035,46.50"
"20,1090,MUTHOOTFIN,EQ,3302106,749585,22.70"
"20,1091,N100,EQ,61176,38109,62.29"
"20,1092,NABARD,N1,37,36,97.30"
"20,1093,NABARD,N2,125,125,100.00"
"20,1094,NACLIND,EQ,177528,60365,34.00"
"20,1095,NAGAFERT,EQ,109143,109143,100.00"
"20,1096,NAGREEKCAP,EQ,3095,2600,84.01"
"20,1097,NAGREEKEXP,EQ,5254,4628,88.09"
"20,1098,NAHARCAP,EQ,8270,7150,86.46"
"20,1099,NAHARINDUS,EQ,66157,11591,17.52"
"20,1100,NAHARPOLY,EQ,107395,22628,21.07"
"20,1101,NAHARSPING,EQ,322295,241910,75.06"
"20,1102,NAM-INDIA,EQ,759771,202842,26.70"
"20,1103,NATCOPHARM,EQ,1844515,399258,21.65"
"20,1104,NATHBIOGEN,EQ,100077,57782,57.74"
"20,1105,NATIONALUM,EQ,26836220,6727931,25.07"
"20,1106,NATNLSTEEL,EQ,7203,7203,100.00"
"20,1107,NAUKRI,EQ,236781,70218,29.66"
"20,1108,NAVINFLUOR,EQ,144202,37682,26.13"
"20,1109,NAVKARCORP,EQ,710117,260659,36.71"
"20,1110,NAVNETEDUL,EQ,84250,42641,50.61"
"20,1111,NBCC,EQ,12496703,4621382,36.98"
"20,1112,NBIFIN,EQ,869,613,70.54"
"20,1113,NBVENTURES,EQ,3402683,2201291,64.69"
"20,1114,NCC,EQ,2448176,1162261,47.47"
"20,1115,NCLIND,EQ,171539,79593,46.40"
"20,1116,NCPSESDL24,EQ,4044,4043,99.98"
"20,1117,NDGL,EQ,133,100,75.19"
"20,1118,NDL,EQ,82246,57838,70.32"
"20,1119,NDRAUTO,EQ,5366,3930,73.24"
"20,1120,NDTV,EQ,30125,20329,67.48"
"20,1121,NECCLTD,EQ,23604,18755,79.46"
"20,1122,NECLIFE,EQ,2549251,1145118,44.92"
"20,1123,NELCAST,EQ,132490,76963,58.09"
"20,1124,NELCO,EQ,83542,41378,49.53"
"20,1125,NEOGEN,EQ,38053,18838,49.50"
"20,1126,NESCO,EQ,38502,21637,56.20"
"20,1127,NESTLEIND,EQ,91842,57038,62.10"
"20,1128,NETF,EQ,678,278,41.00"
"20,1129,NETFCONSUM,EQ,7315,4093,55.95"
"20,1130,NETFDIVOPP,EQ,1035,714,68.99"
"20,1131,NETFIT,EQ,791361,407725,51.52"
"20,1132,NETFLTGILT,EQ,15916,9038,56.79"
"20,1133,NETFMID150,EQ,38821,25052,64.53"
"20,1134,NETFNIF100,EQ,1615,1504,93.13"
"20,1135,NETFNV20,EQ,10958,8788,80.20"
"20,1136,NETWORK18,EQ,3657079,1358866,37.16"
"20,1137,NEULANDLAB,EQ,49496,31249,63.13"
"20,1138,NEWGEN,EQ,56274,24443,43.44"
"20,1139,NEXTMEDIA,EQ,21720,20720,95.40"
"20,1140,NFL,EQ,3621073,1552791,42.88"
"20,1141,NH,EQ,256050,158255,61.81"
"20,1142,NHAI,N1,2985,2635,88.27"
"20,1143,NHAI,N2,4808,4773,99.27"
"20,1144,NHAI,N6,747,727,97.32"
"20,1145,NHAI,N8,510,510,100.00"
"20,1146,NHAI,N9,30,30,100.00"
"20,1147,NHAI,NA,1710,1710,100.00"
"20,1148,NHAI,NC,44,44,100.00"
"20,1149,NHBTF2014,N3,2,1,50.00"
"20,1150,NHPC,EQ,6820552,3028499,44.40"
"20,1151,NIACL,EQ,2013336,594563,29.53"
"20,1152,NIBL,EQ,3442,2967,86.20"
"20,1153,NIFTYBEES,EQ,1419094,327352,23.07"
"20,1154,NIFTYEES,EQ,2,0,0.00"
"20,1155,NIITLTD,EQ,247402,150029,60.64"
"20,1156,NILKAMAL,EQ,9046,5379,59.46"
"20,1157,NIPPOBATRY,EQ,4444,2936,66.07"
"20,1158,NIRAJ,EQ,9323,7424,79.63"
"20,1159,NITCO,EQ,33975,26105,76.84"
"20,1160,NITINSPIN,EQ,237003,112320,47.39"
"20,1161,NKIND,EQ,5354,3866,72.21"
"20,1162,NLCINDIA,EQ,1460263,677118,46.37"
"20,1163,NMDC,EQ,13296722,3730855,28.06"
"20,1164,NOCIL,EQ,1342329,562648,41.92"
"20,1165,NOIDATOLL,EQ,799829,587680,73.48"
"20,1166,NORBTEAEXP,EQ,2520,2420,96.03"
"20,1167,NOVARTIND,EQ,15878,11161,70.29"
"20,1168,NPBET,EQ,297,231,77.78"
"20,1169,NRAIL,EQ,33271,18708,56.23"
"20,1170,NRBBEARING,EQ,220072,102870,46.74"
"20,1171,NSIL,EQ,1884,1441,76.49"
"20,1172,NTL,EQ,17140,17140,100.00"
"20,1173,NTPC,EQ,28163362,6433476,22.84"
"20,1174,NTPC,N1,50,50,100.00"
"20,1175,NTPC,N6,400,400,100.00"
"20,1176,NTPC,N7,687416,673366,97.96"
"20,1177,NTPC,NC,367,367,100.00"
"20,1178,NTPC,ND,627,314,50.08"
"20,1179,NUCLEUS,EQ,35347,22178,62.74"
"20,1180,NXTDIGITAL,EQ,1871,1188,63.50"
"20,1181,OAL,EQ,16344,10014,61.27"
"20,1182,OBEROIRLTY,EQ,382678,203813,53.26"
"20,1183,OCCL,EQ,6589,4516,68.54"
"20,1184,OFSS,EQ,118220,101203,85.61"
"20,1185,OIL,EQ,4345839,1617832,37.23"
"20,1186,OILCOUNTUB,EQ,23143,22077,95.39"
"20,1187,OLECTRA,EQ,125753,125753,100.00"
"20,1188,OMAXAUTO,EQ,21309,16032,75.24"
"20,1189,OMAXE,EQ,163727,117231,71.60"
"20,1190,OMINFRAL,EQ,45164,34796,77.04"
"20,1191,OMKARCHEM,EQ,8880,8880,100.00"
"20,1192,ONEPOINT,EQ,15586,11156,71.58"
"20,1193,ONGC,EQ,63866178,13071245,20.47"
"20,1194,ONMOBILE,EQ,1184666,736864,62.20"
"20,1195,ONWARDTEC,EQ,77273,31021,40.14"
"20,1196,OPTIEMUS,EQ,188350,130888,69.49"
"20,1197,ORBTEXP,EQ,8981,6013,66.95"
"20,1198,ORIENTABRA,EQ,37566,20307,54.06"
"20,1199,ORIENTALTL,EQ,46999,30641,65.20"
"20,1200,ORIENTBELL,EQ,111771,47900,42.86"
"20,1201,ORIENTCEM,EQ,469404,169830,36.18"
"20,1202,ORIENTELEC,EQ,447138,276659,61.87"
"20,1203,ORIENTHOT,EQ,74810,55128,73.69"
"20,1204,ORIENTLTD,EQ,568,410,72.18"
"20,1205,ORIENTPPR,EQ,1418451,353179,24.90"
"20,1206,ORIENTREF,EQ,46673,31971,68.50"
"20,1207,ORISSAMINE,EQ,17883,9463,52.92"
"20,1208,OSIAHYPER,SM,5200,4800,92.31"
"20,1209,OSWALAGRO,EQ,95542,72200,75.57"
"20,1210,PAGEIND,EQ,38023,10368,27.27"
"20,1211,PAISALO,EQ,27361,15549,56.83"
"20,1212,PALASHSECU,EQ,91669,81421,88.82"
"20,1213,PANACEABIO,EQ,78503,40548,51.65"
"20,1214,PANACHE,EQ,18264,8995,49.25"
"20,1215,PANAMAPET,EQ,118745,69230,58.30"
"20,1216,PANSARI,SM,18000,18000,100.00"
"20,1217,PAR,SM,6000,6000,100.00"
"20,1218,PARACABLES,EQ,1230253,733188,59.60"
"20,1219,PARAGMILK,EQ,456570,137418,30.10"
"20,1220,PARSVNATH,EQ,545908,332219,60.86"
"20,1221,PARTYCRUS,ST,4000,4000,100.00"
"20,1222,PATELENG,EQ,335715,243609,72.56"
"20,1223,PATINTLOG,EQ,131483,91331,69.46"
"20,1224,PATSPINLTD,EQ,24461,19585,80.07"
"20,1225,PCJEWELLER,EQ,2180731,931104,42.70"
"20,1226,PDMJEPAPER,EQ,175519,84358,48.06"
"20,1227,PDSMFL,EQ,1036,831,80.21"
"20,1228,PEARLPOLY,EQ,4717,3869,82.02"
"20,1229,PEL,EQ,616761,78533,12.73"
"20,1230,PENIND,EQ,202908,140675,69.33"
"20,1231,PENINLAND,EQ,147717,107343,72.67"
"20,1232,PERSISTENT,EQ,105126,70890,67.43"
"20,1233,PETRONET,EQ,2635274,1472468,55.88"
"20,1234,PFC,EQ,9572482,2946300,30.78"
"20,1235,PFC,N4,989,989,100.00"
"20,1236,PFC,N6,824,724,87.86"
"20,1237,PFC,N7,12,6,50.00"
"20,1238,PFC,N8,946,866,91.54"
"20,1239,PFIZER,EQ,95171,30691,32.25"
"20,1240,PFOCUS,EQ,236499,146769,62.06"
"20,1241,PFS,EQ,1071851,585874,54.66"
"20,1242,PGHH,EQ,1939,1166,60.13"
"20,1243,PGHL,EQ,3295,1995,60.55"
"20,1244,PGIL,EQ,7567,3958,52.31"
"20,1245,PHILIPCARB,EQ,3338191,878858,26.33"
"20,1246,PHOENIXLTD,EQ,41729,18693,44.80"
"20,1247,PIDILITIND,EQ,523950,203583,38.86"
"20,1248,PIGL,SM,12000,12000,100.00"
"20,1249,PIIND,EQ,179847,101030,56.18"
"20,1250,PILANIINVS,EQ,13517,10041,74.28"
"20,1251,PILITA,EQ,116123,75828,65.30"
"20,1252,PIONDIST,EQ,10982,6986,63.61"
"20,1253,PIONEEREMB,EQ,24841,19188,77.24"
"20,1254,PITTIENG,EQ,836102,378623,45.28"
"20,1255,PLASTIBLEN,EQ,11747,7422,63.18"
"20,1256,PNB,EQ,89990535,23113718,25.68"
"20,1257,PNBGILTS,EQ,327309,215371,65.80"
"20,1258,PNBHOUSING,EQ,216123,91239,42.22"
"20,1259,PNC,EQ,182238,104869,57.55"
"20,1260,PNCINFRA,EQ,1350474,527327,39.05"
"20,1261,PODDARMENT,EQ,5991,4165,69.52"
"20,1262,POKARNA,EQ,42502,17401,40.94"
"20,1263,POLYCAB,EQ,82898,41596,50.18"
"20,1264,POLYMED,EQ,97306,53744,55.23"
"20,1265,POLYPLEX,EQ,231184,95913,41.49"
"20,1266,PONNIERODE,EQ,5362,3033,56.56"
"20,1267,POWERFUL,SZ,6000,6000,100.00"
"20,1268,POWERGRID,EQ,8859067,3229989,36.46"
"20,1269,POWERINDIA,EQ,38572,24884,64.51"
"20,1270,POWERMECH,EQ,43073,28172,65.41"
"20,1271,PPAP,EQ,13327,8083,60.65"
"20,1272,PPL,EQ,163621,86204,52.69"
"20,1273,PRABHAT,EQ,1467534,645389,43.98"
"20,1274,PRAENG,EQ,24783,17878,72.14"
"20,1275,PRAJIND,EQ,6545561,1493584,22.82"
"20,1276,PRAKASH,EQ,4425670,1914663,43.26"
"20,1277,PRAKASHSTL,EQ,718591,567178,78.93"
"20,1278,PRECAM,EQ,150632,101851,67.62"
"20,1279,PRECOT,EQ,9705,9301,95.84"
"20,1280,PRECWIRE,EQ,259024,101032,39.00"
"20,1281,PREMEXPLN,EQ,31810,24431,76.80"
"20,1282,PREMIERPOL,EQ,991,594,59.94"
"20,1283,PRESSMN,EQ,30997,17446,56.28"
"20,1284,PRESTIGE,EQ,835179,248106,29.71"
"20,1285,PRICOLLTD,EQ,2372506,348941,14.71"
"20,1286,PRIMESECU,EQ,94117,63135,67.08"
"20,1287,PRINCEPIPE,EQ,982678,403743,41.09"
"20,1288,PRIVISCL,EQ,77729,51010,65.63"
"20,1289,PROZONINTU,EQ,129396,100972,78.03"
"20,1290,PRSMJOHNSN,EQ,630523,227756,36.12"
"20,1291,PSB,EQ,2226059,1148267,51.58"
"20,1292,PSPPROJECT,EQ,148832,11398,7.66"
"20,1293,PSUBNKBEES,EQ,712119,405574,56.95"
"20,1294,PTC,EQ,936315,298120,31.84"
"20,1295,PTL,EQ,88896,70461,79.26"
"20,1296,PUNJABCHEM,EQ,5217,3200,61.34"
"20,1297,PURVA,EQ,729328,221708,30.40"
"20,1298,PVR,EQ,1034594,400805,38.74"
"20,1299,QGOLDHALF,EQ,1037,862,83.12"
"20,1300,QNIFTY,EQ,5,2,40.00"
"20,1301,QUESS,EQ,291685,164237,56.31"
"20,1302,QUICKHEAL,EQ,3341039,779945,23.34"
"20,1303,RADICO,EQ,402718,214581,53.28"
"20,1304,RADIOCITY,EQ,148570,128022,86.17"
"20,1305,RAILTEL,EQ,6631888,2768485,41.75"
"20,1306,RAIN,EQ,1897399,730061,38.48"
"20,1307,RAJESHEXPO,EQ,64963,26946,41.48"
"20,1308,RAJMET,EQ,6011,3533,58.78"
"20,1309,RAJRATAN,EQ,10949,7485,68.36"
"20,1310,RAJSREESUG,EQ,431608,168555,39.05"
"20,1311,RAJTV,EQ,9918,8702,87.74"
"20,1312,RALLIS,EQ,766029,277491,36.22"
"20,1313,RAMANEWS,EQ,189653,105422,55.59"
"20,1314,RAMCOCEM,EQ,212987,38138,17.91"
"20,1315,RAMCOIND,EQ,74648,50175,67.22"
"20,1316,RAMCOSYS,EQ,64231,35108,54.66"
"20,1317,RAMKY,EQ,208966,110235,52.75"
"20,1318,RANASUG,EQ,1732585,988415,57.05"
"20,1319,RANEENGINE,EQ,38985,12595,32.31"
"20,1320,RANEHOLDIN,EQ,84843,32010,37.73"
"20,1321,RATNAMANI,EQ,40445,26448,65.39"
"20,1322,RAYMOND,EQ,917054,289407,31.56"
"20,1323,RBL,EQ,8710,3166,36.35"
"20,1324,RBLBANK,EQ,7687041,1116629,14.53"
"20,1325,RCF,EQ,4139956,1710862,41.33"
"20,1326,RCOM,EQ,11742627,7141587,60.82"
"20,1327,RECLTD,EQ,3511755,1038471,29.57"
"20,1328,RECLTD,N1,220,220,100.00"
"20,1329,RECLTD,N2,100,100,100.00"
"20,1330,RECLTD,N6,464,411,88.58"
"20,1331,RECLTD,N9,305,305,100.00"
"20,1332,RECLTD,NG,18,9,50.00"
"20,1333,RECLTD,NI,275,275,100.00"
"20,1334,REDINGTON,EQ,210748,133362,63.28"
"20,1335,REFEX,EQ,62753,37088,59.10"
"20,1336,RELAXO,EQ,154351,70632,45.76"
"20,1337,RELCAPITAL,EQ,1431552,667062,46.60"
"20,1338,RELIANCE,EQ,9002404,2389286,26.54"
"20,1339,RELIANCEPP,E1,1297151,578957,44.63"
"20,1340,RELIGARE,EQ,4421531,2061680,46.63"
"20,1341,RELINFRA,EQ,3004408,1427336,47.51"
"20,1342,REMSONSIND,EQ,3439,1572,45.71"
"20,1343,RENUKA,EQ,8876732,5002787,56.36"
"20,1344,REPCOHOME,EQ,130246,72407,55.59"
"20,1345,REPL,EQ,68234,39695,58.17"
"20,1346,REPRO,EQ,4717,3129,66.33"
"20,1347,RESPONIND,EQ,31571,6207,19.66"
"20,1348,REVATHI,EQ,1343,889,66.20"
"20,1349,RGL,EQ,2024,1436,70.95"
"20,1350,RHFL,EQ,954034,665752,69.78"
"20,1351,RHFL,N4,369,369,100.00"
"20,1352,RHFL,N6,1189,1174,98.74"
"20,1353,RHFL,N8,51,50,98.04"
"20,1354,RICOAUTO,EQ,558052,275890,49.44"
"20,1355,RIIL,EQ,416016,62979,15.14"
"20,1356,RITES,EQ,287557,147254,51.21"
"20,1357,RKDL,EQ,16228,6546,40.34"
"20,1358,RKEC,EQ,29404,23460,79.79"
"20,1359,RKFORGE,EQ,22467,12483,55.56"
"20,1360,RML,EQ,131529,43395,32.99"
"20,1361,ROHLTD,EQ,54693,36420,66.59"
"20,1362,ROLTA,EQ,365054,244578,67.00"
"20,1363,ROSSARI,EQ,63603,31404,49.38"
"20,1364,ROSSELLIND,EQ,19798,8546,43.17"
"20,1365,ROUTE,EQ,278713,112604,40.40"
"20,1366,RPGLIFE,EQ,19250,8935,46.42"
"20,1367,RPOWER,EQ,4785295,4785295,100.00"
"20,1368,RPPINFRA,EQ,86864,43182,49.71"
"20,1369,RPPL,SM,7000,4000,57.14"
"20,1370,RPSGVENT,EQ,29027,15532,53.51"
"20,1371,RSSOFTWARE,EQ,72113,49433,68.55"
"20,1372,RSWM,EQ,28456,20823,73.18"
"20,1373,RSYSTEMS,EQ,15125,12158,80.38"
"20,1374,RTNINFRA,EQ,674270,565756,83.91"
"20,1375,RTNPOWER,EQ,6833186,2993514,43.81"
"20,1376,RUBYMILLS,EQ,14165,12288,86.75"
"20,1377,RUCHI,EQ,15970,9413,58.94"
"20,1378,RUCHIRA,EQ,47821,28038,58.63"
"20,1379,RUPA,EQ,168730,51545,30.55"
"20,1380,RUSHIL,EQ,18393,15490,84.22"
"20,1381,RVHL,EQ,78737,39555,50.24"
"20,1382,RVNL,EQ,4138640,1409883,34.07"
"20,1383,SABEVENTS,EQ,33172,32920,99.24"
"20,1384,SABTN,EQ,1706,1706,100.00"
"20,1385,SADBHAV,EQ,1085307,458740,42.27"
"20,1386,SADBHIN,EQ,186651,93317,50.00"
"20,1387,SAFARI,EQ,13529,10017,74.04"
"20,1388,SAGARDEEP,EQ,10094,8369,82.91"
"20,1389,SAGCEM,EQ,19704,9461,48.02"
"20,1390,SAIL,EQ,41468123,12939628,31.20"
"20,1391,SAKAR,EQ,49082,23934,48.76"
"20,1392,SAKHTISUG,EQ,324688,202415,62.34"
"20,1393,SAKSOFT,EQ,15921,9808,61.60"
"20,1394,SAKUMA,EQ,245429,199388,81.24"
"20,1395,SALASAR,EQ,71562,20379,28.48"
"20,1396,SALONA,EQ,449,180,40.09"
"20,1397,SALSTEEL,EQ,53282,41559,78.00"
"20,1398,SALZERELEC,EQ,56163,33921,60.40"
"20,1399,SAMBHAAV,EQ,20712,13639,65.85"
"20,1400,SANCO,EQ,92952,79139,85.14"
"20,1401,SANDESH,EQ,7965,3739,46.94"
"20,1402,SANDHAR,EQ,40348,22879,56.70"
"20,1403,SANGHIIND,EQ,1511886,731897,48.41"
"20,1404,SANGHVIMOV,EQ,18153,12511,68.92"
"20,1405,SANGINITA,EQ,20902,15970,76.40"
"20,1406,SANOFI,EQ,11997,7286,60.73"
"20,1407,SARDAEN,EQ,66273,16527,24.94"
"20,1408,SAREGAMA,EQ,544187,246895,45.37"
"20,1409,SARLAPOLY,EQ,1131967,538489,47.57"
"20,1410,SARVESHWAR,SM,6400,6400,100.00"
"20,1411,SASKEN,EQ,6969,3271,46.94"
"20,1412,SASTASUNDR,EQ,48291,24975,51.72"
"20,1413,SATIA,EQ,29054,14659,50.45"
"20,1414,SATIN,EQ,567819,301356,53.07"
"20,1415,SBICARD,EQ,711820,249634,35.07"
"20,1416,SBIETFIT,EQ,2573,1995,77.54"
"20,1417,SBIETFPB,EQ,1146,526,45.90"
"20,1418,SBIETFQLTY,EQ,2527,2265,89.63"
"20,1419,SBILIFE,EQ,1396479,521109,37.32"
"20,1420,SBIN,EQ,39147858,11421277,29.17"
"20,1421,SCHAEFFLER,EQ,16541,14540,87.90"
"20,1422,SCHAND,EQ,1848835,877582,47.47"
"20,1423,SCHNEIDER,EQ,967939,381246,39.39"
"20,1424,SCI,EQ,5673918,1989809,35.07"
"20,1425,SDBL,EQ,265601,83553,31.46"
"20,1426,SEAMECLTD,EQ,45567,5713,12.54"
"20,1427,SECL,SZ,3000,3000,100.00"
"20,1428,SECURKLOUD,EQ,54392,40414,74.30"
"20,1429,SELAN,EQ,681266,203247,29.83"
"20,1430,SEQUENT,EQ,458496,281449,61.39"
"20,1431,SESHAPAPER,EQ,46567,24902,53.48"
"20,1432,SETCO,EQ,195762,132127,67.49"
"20,1433,SETF10GILT,EQ,347,343,98.85"
"20,1434,SETFGOLD,EQ,22694,15597,68.73"
"20,1435,SETFNIF50,EQ,112059,55210,49.27"
"20,1436,SETFNIFBK,EQ,36735,19315,52.58"
"20,1437,SETFNN50,EQ,14598,5645,38.67"
"20,1438,SEYAIND,EQ,107801,62023,57.53"
"20,1439,SFL,EQ,5075,2230,43.94"
"20,1440,SGBAPR28I,GB,102,76,74.51"
"20,1441,SGBAUG24,GB,269,236,87.73"
"20,1442,SGBAUG27,GB,102,77,75.49"
"20,1443,SGBAUG28V,GB,2003,1795,89.62"
"20,1444,SGBDC27VII,GB,52,37,71.15"
"20,1445,SGBDEC25,GB,1,1,100.00"
"20,1446,SGBDEC2512,GB,2,2,100.00"
"20,1447,SGBDEC25XI,GB,1,1,100.00"
"20,1448,SGBDEC26,GB,10,10,100.00"
"20,1449,SGBFEB24,GB,214,161,75.23"
"20,1450,SGBFEB27,GB,55,55,100.00"
"20,1451,SGBFEB28IX,GB,25,24,96.00"
"20,1452,SGBFEB29XI,GB,372,340,91.40"
"20,1453,SGBJ28VIII,GB,28,16,57.14"
"20,1454,SGBJAN27,GB,23,23,100.00"
"20,1455,SGBJAN29IX,GB,571,508,88.97"
"20,1456,SGBJAN29X,GB,85,59,69.41"
"20,1457,SGBJUL25,GB,19,19,100.00"
"20,1458,SGBJUL27,GB,79,57,72.15"
"20,1459,SGBJUL28IV,GB,618,508,82.20"
"20,1460,SGBJUN27,GB,26,26,100.00"
"20,1461,SGBJUN28,GB,916,690,75.33"
"20,1462,SGBMAR24,GB,59,49,83.05"
"20,1463,SGBMAR25,GB,189,145,76.72"
"20,1464,SGBMAR28X,GB,408,388,95.10"
"20,1465,SGBMAY25,GB,253,224,88.54"
"20,1466,SGBMAY26,GB,6,6,100.00"
"20,1467,SGBMAY28,GB,1055,974,92.32"
"20,1468,SGBN28VIII,GB,270,51,18.89"
"20,1469,SGBNOV23,GB,67,62,92.54"
"20,1470,SGBNOV24,GB,72,71,98.61"
"20,1471,SGBNOV25,GB,10,10,100.00"
"20,1472,SGBNOV258,GB,2,2,100.00"
"20,1473,SGBNOV25IX,GB,105,95,90.48"
"20,1474,SGBNOV25VI,GB,81,81,100.00"
"20,1475,SGBNOV26,GB,18,15,83.33"
"20,1476,SGBOC28VII,GB,60,57,95.00"
"20,1477,SGBOCT25IV,GB,23,23,100.00"
"20,1478,SGBOCT25V,GB,9,9,100.00"
"20,1479,SGBOCT26,GB,37,27,72.97"
"20,1480,SGBOCT27,GB,11,11,100.00"
"20,1481,SGBOCT27VI,GB,58,57,98.28"
"20,1482,SGBSEP24,GB,105,92,87.62"
"20,1483,SGBSEP27,GB,40,29,72.50"
"20,1484,SGBSEP28VI,GB,495,477,96.36"
"20,1485,SGL,EQ,24457,17597,71.95"
"20,1486,SHAHALLOYS,EQ,1761,1760,99.94"
"20,1487,SHAKTIPUMP,EQ,221261,131251,59.32"
"20,1488,SHALBY,EQ,199019,91219,45.83"
"20,1489,SHALPAINTS,EQ,80126,42899,53.54"
"20,1490,SHANKARA,EQ,90355,22657,25.08"
"20,1491,SHANTIGEAR,EQ,56077,34335,61.23"
"20,1492,SHARDACROP,EQ,75982,43181,56.83"
"20,1493,SHARDAMOTR,EQ,2651,1950,73.56"
"20,1494,SHAREINDIA,EQ,14250,9522,66.82"
"20,1495,SHARIABEES,EQ,331,209,63.14"
"20,1496,SHEMAROO,EQ,165772,147557,89.01"
"20,1497,SHIL,EQ,83214,58413,70.20"
"20,1498,SHILPAMED,EQ,106492,43839,41.17"
"20,1499,SHIVAMAUTO,EQ,100997,79997,79.21"
"20,1500,SHIVATEX,EQ,2120,1775,83.73"
"20,1501,SHK,EQ,989368,689888,69.73"
"20,1502,SHOPERSTOP,EQ,1231690,242573,19.69"
"20,1503,SHREDIGCEM,EQ,896237,308737,34.45"
"20,1504,SHREECEM,EQ,57156,10004,17.50"
"20,1505,SHREEPUSHK,EQ,60839,33321,54.77"
"20,1506,SHREERAMA,EQ,246372,164950,66.95"
"20,1507,SHRENIK,EQ,2484412,1799346,72.43"
"20,1508,SHREYANIND,EQ,20037,11431,57.05"
"20,1509,SHREYAS,EQ,84373,43282,51.30"
"20,1510,SHRIRAMCIT,EQ,16903,12730,75.31"
"20,1511,SHRIRAMEPC,EQ,1228694,844955,68.77"
"20,1512,SHUBHLAXMI,SM,5000,4000,80.00"
"20,1513,SHYAMCENT,EQ,109038,70903,65.03"
"20,1514,SICAGEN,EQ,15945,10854,68.07"
"20,1515,SICAL,EQ,241059,167867,69.64"
"20,1516,SIEMENS,EQ,163524,22172,13.56"
"20,1517,SIGIND,EQ,92616,57984,62.61"
"20,1518,SIKKO,SM,16000,4000,25.00"
"20,1519,SILGO,EQ,97878,46864,47.88"
"20,1520,SILINV,EQ,4332,3071,70.89"
"20,1521,SIMBHALS,EQ,51613,39512,76.55"
"20,1522,SIMPLEXINF,EQ,90470,66484,73.49"
"20,1523,SINTERCOM,EQ,2561,1555,60.72"
"20,1524,SIS,EQ,71940,42422,58.97"
"20,1525,SITINET,EQ,6793829,6402275,94.24"
"20,1526,SIYSIL,EQ,71417,36899,51.67"
"20,1527,SJVN,EQ,3540243,1596168,45.09"
"20,1528,SKFINDIA,EQ,28176,20590,73.08"
"20,1529,SKIPPER,EQ,28012,16282,58.13"
"20,1530,SKMEGGPROD,EQ,95255,35377,37.14"
"20,1531,SMARTLINK,EQ,4115,3381,82.16"
"20,1532,SMLISUZU,EQ,24886,10088,40.54"
"20,1533,SMSLIFE,EQ,4230,2806,66.34"
"20,1534,SMSPHARMA,EQ,90572,59751,65.97"
"20,1535,SNOWMAN,EQ,8686633,3699400,42.59"
"20,1536,SOBHA,EQ,645525,118124,18.30"
"20,1537,SOFTTECH,SM,12800,11200,87.50"
"20,1538,SOLARA,EQ,92663,53571,57.81"
"20,1539,SOLARINDS,EQ,10844,5959,54.95"
"20,1540,SOMANYCERA,EQ,35913,23773,66.20"
"20,1541,SONAMCLOCK,SM,9000,0,0.00"
"20,1542,SONATSOFTW,EQ,258668,115844,44.78"
"20,1543,SORILINFRA,EQ,68261,34310,50.26"
"20,1544,SOTL,EQ,30411,13674,44.96"
"20,1545,SOUTHBANK,EQ,28887163,9494805,32.87"
"20,1546,SOUTHWEST,EQ,35428,27992,79.01"
"20,1547,SPAL,EQ,19472,13173,67.65"
"20,1548,SPANDANA,EQ,39421,23766,60.29"
"20,1549,SPARC,EQ,360524,114565,31.78"
"20,1550,SPECIALITY,EQ,233915,165260,70.65"
"20,1551,SPENCERS,EQ,361675,168611,46.62"
"20,1552,SPIC,EQ,733276,357622,48.77"
"20,1553,SPICEJET,EQ,5189578,853636,16.45"
"20,1554,SPLIL,EQ,29029,20381,70.21"
"20,1555,SPMLINFRA,EQ,26288,18248,69.42"
"20,1556,SPTL,EQ,1347388,872564,64.76"
"20,1557,SPYL,EQ,694479,635022,91.44"
"20,1558,SREEL,EQ,154516,103032,66.68"
"20,1559,SREIBNPNCD,NJ,117,117,100.00"
"20,1560,SREIBNPNCD,NL,14,13,92.86"
"20,1561,SREIBNPNCD,NN,6,6,100.00"
"20,1562,SREIBNPNCD,NU,105,105,100.00"
"20,1563,SREIBNPNCD,NV,146,146,100.00"
"20,1564,SREIBNPNCD,NX,41,41,100.00"
"20,1565,SREIBNPNCD,NY,4,4,100.00"
"20,1566,SREIBNPNCD,NZ,200,200,100.00"
"20,1567,SREIBNPNCD,Y7,120,120,100.00"
"20,1568,SREINFRA,EQ,1135503,639314,56.30"
"20,1569,SRF,EQ,96092,29188,30.38"
"20,1570,SRHHYPOLTD,EQ,38454,26458,68.80"
"20,1571,SRIPIPES,EQ,83226,65341,78.51"
"20,1572,SRIRAM,SM,144000,84000,58.33"
"20,1573,SRTRANSFIN,EQ,3818979,696668,18.24"
"20,1574,SRTRANSFIN,Y9,523,522,99.81"
"20,1575,SRTRANSFIN,YB,8,5,62.50"
"20,1576,SRTRANSFIN,YH,341,340,99.71"
"20,1577,SRTRANSFIN,YI,311,311,100.00"
"20,1578,SRTRANSFIN,YK,90,90,100.00"
"20,1579,SRTRANSFIN,YL,1534,1327,86.51"
"20,1580,SRTRANSFIN,YM,1201,935,77.85"
"20,1581,SRTRANSFIN,YN,5,5,100.00"
"20,1582,SRTRANSFIN,YO,798,798,100.00"
"20,1583,SRTRANSFIN,YP,10,10,100.00"
"20,1584,SRTRANSFIN,YQ,50,50,100.00"
"20,1585,SRTRANSFIN,YT,54,54,100.00"
"20,1586,SRTRANSFIN,YV,439,435,99.09"
"20,1587,SRTRANSFIN,YW,20,20,100.00"
"20,1588,SRTRANSFIN,YX,100,100,100.00"
"20,1589,SRTRANSFIN,YZ,355,285,80.28"
"20,1590,SRTRANSFIN,Z2,25,25,100.00"
"20,1591,SRTRANSFIN,Z3,30,30,100.00"
"20,1592,SRTRANSFIN,Z4,406,400,98.52"
"20,1593,SRTRANSFIN,ZG,2,2,100.00"
"20,1594,SRTRANSFIN,ZH,222,222,100.00"
"20,1595,SSWL,EQ,28467,16178,56.83"
"20,1596,STAR,EQ,301042,82720,27.48"
"20,1597,STARCEMENT,EQ,265971,115887,43.57"
"20,1598,STARPAPER,EQ,124841,46558,37.29"
"20,1599,STCINDIA,EQ,54159,28981,53.51"
"20,1600,STEELCITY,EQ,29818,20653,69.26"
"20,1601,STEELXIND,EQ,221781,121222,54.66"
"20,1602,STERTOOLS,EQ,10627,6375,59.99"
"20,1603,STLTECH,EQ,376158,235553,62.62"
"20,1604,STOVEKRAFT,EQ,170771,87559,51.27"
"20,1605,SUBEXLTD,EQ,52078857,18506586,35.54"
"20,1606,SUBROS,EQ,70698,38799,54.88"
"20,1607,SUDARSCHEM,EQ,109667,50247,45.82"
"20,1608,SUMICHEM,EQ,377412,238385,63.16"
"20,1609,SUMIT,EQ,3428,3000,87.51"
"20,1610,SUMMITSEC,EQ,2826,2107,74.56"
"20,1611,SUNCLAYLTD,EQ,1623,980,60.38"
"20,1612,SUNDARAM,EQ,370017,180395,48.75"
"20,1613,SUNDARMFIN,EQ,22163,17700,79.86"
"20,1614,SUNDARMHLD,EQ,94300,60402,64.05"
"20,1615,SUNDRMBRAK,EQ,1738,947,54.49"
"20,1616,SUNDRMFAST,EQ,65843,28590,43.42"
"20,1617,SUNFLAG,EQ,338370,130380,38.53"
"20,1618,SUNPHARMA,EQ,4554461,1803224,39.59"
"20,1619,SUNTECK,EQ,151736,44860,29.56"
"20,1620,SUNTV,EQ,1694585,545870,32.21"
"20,1621,SUPERHOUSE,EQ,15225,9036,59.35"
"20,1622,SUPERSPIN,EQ,13914,9396,67.53"
"20,1623,SUPPETRO,EQ,206966,172537,83.36"
"20,1624,SUPRAJIT,EQ,91771,55157,60.10"
"20,1625,SUPREMEENG,EQ,51880,51880,100.00"
"20,1626,SUPREMEIND,EQ,35053,22899,65.33"
"20,1627,SURANAT&P,EQ,45280,38297,84.58"
"20,1628,SURYALAXMI,EQ,41097,33728,82.07"
"20,1629,SURYAROSNI,EQ,452100,200330,44.31"
"20,1630,SUTLEJTEX,EQ,91345,53757,58.85"
"20,1631,SUVEN,EQ,304080,158782,52.22"
"20,1632,SUVENPHAR,EQ,210541,126015,59.85"
"20,1633,SUZLON,EQ,20381140,8890339,43.62"
"20,1634,SWANENERGY,EQ,137620,10842,7.88"
"20,1635,SWARAJENG,EQ,14274,9856,69.05"
"20,1636,SWELECTES,EQ,26387,15781,59.81"
"20,1637,SWSOLAR,EQ,323952,151499,46.77"
"20,1638,SYMPHONY,EQ,40566,20437,50.38"
"20,1639,SYNGENE,EQ,290176,191778,66.09"
"20,1640,TAINWALCHM,EQ,14774,8039,54.41"
"20,1641,TAJGVK,EQ,222991,139589,62.60"
"20,1642,TAKE,EQ,847924,342496,40.39"
"20,1643,TALBROAUTO,EQ,348169,72733,20.89"
"20,1644,TANLA,EQ,496091,280172,56.48"
"20,1645,TARACHAND,SM,34000,28000,82.35"
"20,1646,TARC,EQ,1728601,1013788,58.65"
"20,1647,TARMAT,EQ,64632,43009,66.54"
"20,1648,TASTYBITE,EQ,1137,620,54.53"
"20,1649,TATACAPHSG,N2,3,0,0.00"
"20,1650,TATACAPHSG,N8,489,489,100.00"
"20,1651,TATACAPHSG,NA,50,50,100.00"
"20,1652,TATACHEM,EQ,7124305,765486,10.74"
"20,1653,TATACOFFEE,EQ,1220888,440824,36.11"
"20,1654,TATACOMM,EQ,1021817,653390,63.94"
"20,1655,TATACONSUM,EQ,1939925,1073306,55.33"
"20,1656,TATAELXSI,EQ,277447,57482,20.72"
"20,1657,TATAINVEST,EQ,24604,11543,46.92"
"20,1658,TATAMETALI,EQ,167284,48602,29.05"
"20,1659,TATAMOTORS,EQ,81925952,12979022,15.84"
"20,1660,TATAMTRDVR,EQ,4529123,1974858,43.60"
"20,1661,TATAPOWER,EQ,57273663,9833683,17.17"
"20,1662,TATASTEEL,EQ,10614596,1444895,13.61"
"20,1663,TATASTLBSL,EQ,4069332,927921,22.80"
"20,1664,TATASTLLP,EQ,48062,18423,38.33"
"20,1665,TBZ,EQ,74140,43609,58.82"
"20,1666,TCFSL,NB,570,570,100.00"
"20,1667,TCFSL,ND,822,566,68.86"
"20,1668,TCFSL,NF,161,156,96.89"
"20,1669,TCFSL,NN,334,334,100.00"
"20,1670,TCI,EQ,204677,169874,83.00"
"20,1671,TCIDEVELOP,EQ,2105,1906,90.55"
"20,1672,TCIEXP,EQ,31334,17809,56.84"
"20,1673,TCIFINANCE,EQ,11666,9548,81.84"
"20,1674,TCNSBRANDS,EQ,21436,16614,77.51"
"20,1675,TCPLPACK,EQ,5918,4281,72.34"
"20,1676,TCS,EQ,2003125,842670,42.07"
"20,1677,TDPOWERSYS,EQ,35158,16344,46.49"
"20,1678,TEAMLEASE,EQ,20558,13511,65.72"
"20,1679,TECHM,EQ,2880739,1296905,45.02"
"20,1680,TECHNOE,EQ,114868,24076,20.96"
"20,1681,TEJASNET,EQ,245615,140018,57.01"
"20,1682,TEMBO,SM,10000,8000,80.00"
"20,1683,TERASOFT,EQ,22948,11468,49.97"
"20,1684,TEXINFRA,EQ,64304,51463,80.03"
"20,1685,TEXMOPIPES,EQ,383530,100154,26.11"
"20,1686,TEXRAIL,EQ,528094,237184,44.91"
"20,1687,TFCILTD,EQ,3756166,780490,20.78"
"20,1688,TGBHOTELS,EQ,41230,31026,75.25"
"20,1689,THANGAMAYL,EQ,21850,12391,56.71"
"20,1690,THEINVEST,EQ,10498,6633,63.18"
"20,1691,THEJO,SM,2600,2600,100.00"
"20,1692,THEMISMED,EQ,4904,4190,85.44"
"20,1693,THERMAX,EQ,104062,57306,55.07"
"20,1694,THOMASCOOK,EQ,2416186,1477531,61.15"
"20,1695,THYROCARE,EQ,66454,49862,75.03"
"20,1696,TI,EQ,933882,416986,44.65"
"20,1697,TIDEWATER,EQ,1801,903,50.14"
"20,1698,TIIL,EQ,13121,6901,52.60"
"20,1699,TIINDIA,EQ,45919,24941,54.32"
"20,1700,TIL,EQ,6695,5561,83.06"
"20,1701,TIMESGTY,EQ,15694,11229,71.55"
"20,1702,TIMETECHNO,EQ,1651517,206298,12.49"
"20,1703,TIMKEN,EQ,14765,6902,46.75"
"20,1704,TINPLATE,EQ,245915,94560,38.45"
"20,1705,TIRUMALCHM,EQ,611938,287748,47.02"
"20,1706,TITAN,EQ,1060584,361903,34.12"
"20,1707,TMRVL,EQ,55793,49324,88.41"
"20,1708,TNPETRO,EQ,1313439,418166,31.84"
"20,1709,TNPL,EQ,396838,216733,54.61"
"20,1710,TOKYOPLAST,EQ,9525,4366,45.84"
"20,1711,TORNTPHARM,EQ,125322,40544,32.35"
"20,1712,TORNTPOWER,EQ,1617572,368036,22.75"
"20,1713,TOTAL,EQ,45655,33777,73.98"
"20,1714,TPLPLASTEH,EQ,9866,3779,38.30"
"20,1715,TREEHOUSE,EQ,35449,31685,89.38"
"20,1716,TREJHARA,EQ,76014,17550,23.09"
"20,1717,TRENT,EQ,462683,105199,22.74"
"20,1718,TRF,EQ,36967,28837,78.01"
"20,1719,TRIDENT,EQ,11710329,5716814,48.82"
"20,1720,TRIGYN,EQ,61975,40806,65.84"
"20,1721,TRIL,EQ,135255,74018,54.72"
"20,1722,TRITURBINE,EQ,249566,67894,27.20"
"20,1723,TRIVENI,EQ,1740774,451432,25.93"
"20,1724,TTKHLTCARE,EQ,1687,1018,60.34"
"20,1725,TTKPRESTIG,EQ,13996,4892,34.95"
"20,1726,TTL,EQ,19568,10449,53.40"
"20,1727,TV18BRDCST,EQ,28995792,10819869,37.32"
"20,1728,TVSELECT,EQ,78030,45959,58.90"
"20,1729,TVSMOTOR,EQ,3408853,817922,23.99"
"20,1730,TVSSRICHAK,EQ,11455,7523,65.67"
"20,1731,TVTODAY,EQ,42450,25093,59.11"
"20,1732,TVVISION,EQ,5269,5232,99.30"
"20,1733,TWL,EQ,463001,166071,35.87"
"20,1734,UBL,EQ,115826,21050,18.17"
"20,1735,UCALFUEL,EQ,116063,30355,26.15"
"20,1736,UCL,SM,6000,6000,100.00"
"20,1737,UCOBANK,EQ,9090730,3067479,33.74"
"20,1738,UFLEX,EQ,320710,104940,32.72"
"20,1739,UFO,EQ,155940,76467,49.04"
"20,1740,UGARSUGAR,EQ,537334,194153,36.13"
"20,1741,UJJIVAN,EQ,387811,155063,39.98"
"20,1742,UJJIVANSFB,EQ,3567568,1347671,37.78"
"20,1743,ULTRACEMCO,EQ,658514,227830,34.60"
"20,1744,UMANGDAIRY,EQ,50714,19288,38.03"
"20,1745,UNICHEMLAB,EQ,48792,28863,59.16"
"20,1746,UNIDT,EQ,15322,5930,38.70"
"20,1747,UNIENTER,EQ,51934,18349,35.33"
"20,1748,UNIONBANK,EQ,13043072,4430673,33.97"
"20,1749,UNITEDPOLY,SM,9000,9000,100.00"
"20,1750,UNITEDTEA,EQ,1623,1176,72.46"
"20,1751,UNIVCABLES,EQ,1836679,367302,20.00"
"20,1752,UNIVPHOTO,EQ,1880,716,38.09"
"20,1753,UPL,EQ,14163149,2251122,15.89"
"20,1754,URJAPP,X1,26166,26166,100.00"
"20,1755,USHAMART,EQ,7169725,2591472,36.14"
"20,1756,UTIAMC,EQ,247257,131915,53.35"
"20,1757,UTIBANKETF,EQ,79091,10728,13.56"
"20,1758,UTINEXT50,EQ,671,622,92.70"
"20,1759,UTINIFTETF,EQ,443,275,62.08"
"20,1760,UTISENSETF,EQ,874,576,65.90"
"20,1761,UTISXN50,EQ,1082,771,71.26"
"20,1762,UTTAMSUGAR,EQ,153088,46292,30.24"
"20,1763,V2RETAIL,EQ,49603,37423,75.45"
"20,1764,VADILALIND,EQ,112269,40383,35.97"
"20,1765,VAIBHAVGBL,EQ,41959,22750,54.22"
"20,1766,VAKRANGEE,EQ,897455,579102,64.53"
"20,1767,VALIANTORG,EQ,17719,10773,60.80"
"20,1768,VARDHACRLC,EQ,89264,81263,91.04"
"20,1769,VARDMNPOLY,EQ,19731,19731,100.00"
"20,1770,VARROC,EQ,58389,25354,43.42"
"20,1771,VASA,SM,24000,20000,83.33"
"20,1772,VASCONEQ,EQ,117837,75891,64.40"
"20,1773,VASWANI,EQ,53396,45267,84.78"
"20,1774,VBL,EQ,471331,333544,70.77"
"20,1775,VCL,SM,12000,6000,50.00"
"20,1776,VEDL,EQ,24409291,5661508,23.19"
"20,1777,VENKEYS,EQ,269452,67319,24.98"
"20,1778,VENUSREM,EQ,39579,30271,76.48"
"20,1779,VERTOZ,EQ,516973,122094,23.62"
"20,1780,VESUVIUS,EQ,8332,5352,64.23"
"20,1781,VETO,EQ,99291,48659,49.01"
"20,1782,VGUARD,EQ,573601,231146,40.30"
"20,1783,VHL,EQ,904,591,65.38"
"20,1784,VIDHIING,EQ,75841,33048,43.58"
"20,1785,VIJIFIN,EQ,236399,162369,68.68"
"20,1786,VIKASECO,EQ,1033177,713303,69.04"
"20,1787,VIKASMCORP,EQ,3689988,1905443,51.64"
"20,1788,VIKASPROP,EQ,1807880,1169188,64.67"
"20,1789,VIKASWSP,EQ,115959,115949,99.99"
"20,1790,VIMTALABS,EQ,21269,14318,67.32"
"20,1791,VINATIORGA,EQ,75844,41817,55.14"
"20,1792,VINDHYATEL,EQ,54842,21302,38.84"
"20,1793,VINYLINDIA,EQ,49944,30480,61.03"
"20,1794,VIPIND,EQ,474313,253168,53.38"
"20,1795,VIPULLTD,EQ,566596,380228,67.11"
"20,1796,VISAKAIND,EQ,28497,13885,48.72"
"20,1797,VISASTEEL,EQ,48818,36504,74.78"
"20,1798,VISHAL,EQ,66920,56523,84.46"
"20,1799,VISHNU,EQ,109370,89074,81.44"
"20,1800,VISHWARAJ,EQ,126707,19854,15.67"
"20,1801,VIVIMEDLAB,EQ,1455859,586379,40.28"
"20,1802,VLSFINANCE,EQ,26836,18599,69.31"
"20,1803,VMART,EQ,19236,8498,44.18"
"20,1804,VOLTAMP,EQ,10081,5561,55.16"
"20,1805,VOLTAS,EQ,1281013,298955,23.34"
"20,1806,VRLLOG,EQ,418445,290714,69.47"
"20,1807,VSSL,EQ,49080,33339,67.93"
"20,1808,VSTIND,EQ,3313,2363,71.33"
"20,1809,VSTTILLERS,EQ,18926,15134,79.96"
"20,1810,VTL,EQ,31776,17302,54.45"
"20,1811,WABAG,EQ,473501,197446,41.70"
"20,1812,WABCOINDIA,EQ,2354,946,40.19"
"20,1813,WALCHANNAG,EQ,885790,238073,26.88"
"20,1814,WATERBASE,EQ,235380,63825,27.12"
"20,1815,WEALTH,EQ,2745,2578,93.92"
"20,1816,WEBELSOLAR,EQ,48158,30339,63.00"
"20,1817,WEIZMANIND,EQ,16277,11720,72.00"
"20,1818,WELCORP,EQ,1652095,697849,42.24"
"20,1819,WELENT,EQ,3252391,1578852,48.54"
"20,1820,WELINV,EQ,9199,8731,94.91"
"20,1821,WELSPUNIND,EQ,927388,408974,44.10"
"20,1822,WENDT,EQ,618,398,64.40"
"20,1823,WESTLIFE,EQ,138419,65921,47.62"
"20,1824,WFL,SM,1600,1600,100.00"
"20,1825,WHEELS,EQ,7203,4747,65.90"
"20,1826,WHIRLPOOL,EQ,69703,42288,60.67"
"20,1827,WILLAMAGOR,EQ,10446,9191,87.99"
"20,1828,WINDMACHIN,EQ,832712,401971,48.27"
"20,1829,WIPRO,EQ,12354838,2570377,20.80"
"20,1830,WOCKPHARMA,EQ,369530,167004,45.19"
"20,1831,WONDERLA,EQ,57741,32038,55.49"
"20,1832,WORTH,EQ,6760,4540,67.16"
"20,1833,WSI,EQ,5673,3751,66.12"
"20,1834,WSTCSTPAPR,EQ,430831,174050,40.40"
"20,1835,XCHANGING,EQ,133470,89746,67.24"
"20,1836,XELPMOC,EQ,17076,9491,55.58"
"20,1837,XPROINDIA,EQ,33555,26442,78.80"
"20,1838,YAARII,EQ,181644,94501,52.03"
"20,1839,YESBANK,EQ,67424765,25403355,37.68"
"20,1840,ZEEL,EQ,17810992,4931524,27.69"
"20,1841,ZEEL,P2,200931,184201,91.67"
"20,1842,ZEELEARN,EQ,838017,628371,74.98"
"20,1843,ZEEMEDIA,EQ,2549509,1570898,61.62"
"20,1844,ZENITHEXPO,EQ,429,264,61.54"
"20,1845,ZENSARTECH,EQ,359320,197764,55.04"
"20,1846,ZENTEC,EQ,120787,66089,54.72"
"20,1847,ZODIACLOTH,EQ,42210,26942,63.83"
"20,1848,ZODJRDMKJ,EQ,2569,1046,40.72"
"20,1849,ZOTA,EQ,19658,9629,48.98"
"20,1850,ZUARI,EQ,86402,38363,44.40"
"20,1851,ZYDUSWELL,EQ,45822,24660,53.82"
