Ticker,Description,Market Capitalization,Last,Change %,Weekly Performance,Volume,Volume*Price,Exponential Moving Average (10),Exponential Moving Average (20),Exponential Moving Average (50),Exponential Moving Average (200),Total Revenue (FY),Sector,EBITDA (TTM),Enterprise Value/EBITDA (TTM),Enterprise Value (MRQ)
DELPHIFX,DELPHI WORLD MONEY LTD,5275175945,562.3,19.99573197,10.42812255,18695,10512198.5,512.84136207,511.44859232,518.78289631,,11294604000,Finance,150037000,8.36732,
BECTORFOOD,MRS BECTORS FOOD SPE LTD,16485934283.999998,336.4,19.99286606,13.36141533,1555042,523116128.7999999,298.81784116,302.63953113,323.58842169,369.38507147,8615930000,Consumer Non-Durables,1262810000,16.0384,
EMMBI,EMMBI INDUSTRIES,1524015099,103.6,19.97683845,12.7312296,281455,29158738,92.51803836,93.08182265,96.45111107,99.0295671,2727170000,Process Industries,450060000,10.9485,
BROOKS,BROOKS LAB LTD,1793424128,87.45,19.95884774,11.68582375,179151,15666754.95,81.09647692,83.66812043,89.70749693,97.08432715,771017000,Health Technology,-152761000,,
SMLISUZU,SML ISUZU LTD,7161294264,586.6,18.38546922,18.44522968,299518,175697258.8,511.03184502,512.84315134,549.70891193,579.37511907,5875860000,Producer Manufacturing,-479600000,,
MOREPENLAB,MOREPEN LABORATORI,16463639437.999998,42.55,16.41586867,7.31399748,7857160,334322158,39.27630257,40.04445454,43.38383195,48.34585244,11779773000,Health Technology,1492175000,12.3751,
MARKSANS,MARKSANS PHARMA LTD,18644238276,52.35,15.05494505,5.54435484,4662475,244080566.25,48.42093557,48.65308595,51.22788845,59.30778903,13695954717,Health Technology,2906110000,5.6451,
APCL,ANJANI PRTLND CEMT,5895359875,267.3,14.54896079,8.19672131,114255,30540361.5,250.82713412,256.50021672,274.63316477,309.52891282,4072000000,Non-Energy Minerals,1480400000,2.93574,
INDORAMA,INDO RAMA SYNTHETC,17142079299,75.55,14.46969697,11.8430792,961259,72623117.45,68.57673157,68.31995008,68.56697979,58.91893588,20411400000,Process Industries,2748800000,17.5212,
ASTRON,ASTRON PAPER & BOA,1990199965,48.25,12.86549708,9.28652322,796222,38417711.5,44.33593496,44.00655933,44.98922423,48.97857545,4330469594,Process Industries,376717000,7.65847,
CENTRUM,CENTRUM CAPITAL,10754446626,29.15,12.76595745,20.95435685,4484475,130722446.25,25.80562891,26.08820692,28.22747091,32.28689072,4994809000,Finance,171459000,11.5141,
ELGIRUBCO,ELGI RUBBER CO LTD,1979477432,44.55,12.64222503,41.42857143,1765274,78642956.69999997,34.81587447,33.80259292,35.18919475,36.00310446,3431400000,Consumer Services,67237000,16.3798,
UJJIVAN,UJJIVAN FIN SERV,12374661682,114.15,12.07658321,6.53289781,5670487,647286091.0500001,108.28610032,110.25190692,117.78246689,153.15757954,31837581000,Finance,7086788000,6.00122,
LASA,LASA SUPERGENERICS,1696050306,46.7,11.72248804,7.23306544,458906,21430910.2,43.21922877,44.52262578,50.4276678,62.48645751,2021186000,Process Industries,137857000,5.4433,
SANGAMIND,SANGAM INDIA,11222302293,288.95,11.58524812,0.62685008,116378,33627423.1,283.62457359,293.91977487,310.56250758,252.17949695,13463400000,Process Industries,2730600000,7.93593,
VETO,VETO SWITCHGEARS A,1740416793,101.3,11.31868132,8.98332437,714269,72355449.7,93.98794444,94.2329455,98.33435671,106.12365625,1809899736,Producer Manufacturing,338307000,10.3677,
TFCILTD,TOURISM FIN CORP,5426865202,66.65,10.8985025,15.01294219,731496,48754208.40000001,61.27112818,60.61343902,61.39371675,63.22581048,2584819000,Consumer Services,,7.9445,
SUBEXLTD,SUBEX LTD,18040293185,35.65,10.88646967,4.6989721,11764091,419389844.15,33.97235154,35.18116088,39.38626589,45.42463082,3720300000,Technology Services,601900000,16.8756,
GENUSPAPER,GENUS PAPER AND BO,3568908161,15.4,10.79136691,4.40677966,1451725,22356565,14.4066387,14.2504619,13.79516929,11.75261858,2857017000,Process Industries,493398000,8.06094,
PCJEWELLER,PC JEWELLER LTD,9680400768,23.15,10.76555024,15.75,5127555,118702898.25,20.58743228,20.66914778,21.9874049,24.18974606,28263400000,Consumer Durables,2225400000,7.27556,
IMFA,INDIAN METALS & FE,22361279632,459,10.7358263,5.85793358,276943,127116837,431.98955027,416.67899933,399.06408332,359.8454827,18127500000,Non-Energy Minerals,7419000000,5.59438,
MUKANDLTD,MUKAND,19938225311,156,10.71682044,18.27141774,833764,130067184,140.57698927,136.74642968,132.87722305,124.70626852,27074200000,Non-Energy Minerals,-2837400000,,
KINGFA,KINGFA SCIENCE & T,15346375886,1398.15,10.4732933,11.73579477,68327,95531395.05000003,1231.74943962,1201.53441977,1209.39820856,1099.85473025,6272354000,Producer Manufacturing,609685000,34.5084,
ANDHRAPAP,ANDHRA PAPER LTD,11811701466,325.4,10.4173736,14.01541696,478358,155657693.2,290.53862751,273.00574749,249.13650891,234.4389053,8851318000,Process Industries,1987448000,11.3254,
VIDHIING,VIDHI SPECIALTY FO,20872015068,459.6,10.24226433,15.46288155,637974,293212850.40000004,412.68342413,399.69382585,387.82547502,337.14015258,2597218000,Process Industries,822156000,23.0203,
SHALPAINTS,SHALIMAR PAINTS,8467434641,129.05,10.1109215,5.43300654,497281,64174113.05000001,123.04001409,126.0747096,127.09974812,113.31518246,3255612000,Process Industries,-288200000,180.716,
SMSPHARMA,SMS PHARMACEUTICAL,7940360761,102.9,10.05347594,-1.20019203,194359,19999541.1,99.97391919,101.01246368,107.79382618,127.43085474,5608173000,Health Technology,1593736000,10.5639,
JAGSNPHARM,JAGSONPAL PHARMACE,8215692945.999999,344.9,9.99840536,19.48726832,311971,107598797.9,295.38168149,274.87738463,236.6115375,177.02146351,1879456000,Health Technology,302820000,8.00956,
VLSFINANCE,VLS FIN LTD INDIA,6261401201,175.55,9.99373434,3.23434284,98872,17356979.6,166.06367119,167.09936838,175.18326918,174.38408272,2220755000,Finance,2922417000,1.01564,
BPL,BPL,3074854952,68.9,9.97605746,6.40926641,419641,28913264.9,63.02140005,61.15483594,61.85697762,61.62597983,437568000,Consumer Durables,34557000,58.6475,
20MICRONS,20 MICRONS LTD,2611201210,81.2,9.95260664,3.11111111,337836,27432283.2,76.12618665,75.73668519,75.88270169,66.3286616,4834798000,Process Industries,734301000,3.62097,
FLFL,FUTURE LIFESTYLE F,6900700770,37.7,9.91253644,-5.63204005,529647,19967691.9,38.04716565,41.4923823,46.40524892,57.93954956,22767200000,Consumer Non-Durables,1581600000,149.348,
UJJIVANSFB,UJJIVAN SMALL FINANC BANK,25579050623,16.25,9.7972973,1.24610592,6033166,98038947.5,15.85224432,16.32847671,17.36336573,21.59729335,31176553000,Finance,,,42863100000
NECLIFE,NECTAR LIFESCIENCE,5393476183,26.4,9.77130977,-1.12359551,795048,20989267.2,25.87213339,26.6253437,27.99272153,28.5767896,15443440000,Health Technology,1386420000,11.6224,
TEXMOPIPES,TEXMO PIPES & PROD,2220279816,83.4,9.59264126,8.03108808,753128,62810875.2,77.9251139,77.89647101,78.11642206,64.15859037,4216568000,Producer Manufacturing,359793000,3.0154,
HATHWAY,HATHWAY CABLE & DA,30534302490,18.9,9.56521739,2.7173913,9274164,175281699.6,18.12427813,18.417446,19.39884495,22.34692837,17317700000,Consumer Services,4145500000,6.38489,
HGS,HINDUJA GLOBAL SOL,42791944554,1121.25,9.52915893,3.99758846,466400,522951000,1079.57389354,1115.18825522,1215.25962607,1257.70934383,55889183000,Technology Services,7127151000,5.34665,
KBCGLOBAL,KBC GLOBAL LTD,5805599742,10.35,9.52380952,4.54545455,4982124,51564983.4,10.20436595,10.93196077,12.89732294,15.29221753,1208871000,Finance,419280000,22.2343,
INDTERRAIN,INDIAN TERRAIN FAS,1980619125,52.8,9.43005181,9.77130977,323359,17073355.2,49.0876597,49.055732,51.45355997,49.66393023,2131699999.9999995,Retail Trade,284100000,,
V2RETAIL,V2 RETAIL LTD,5048355136,160.15,9.31740614,14.2296719,78019,12494742.85,146.59776075,145.92525353,149.01885783,144.9599398,5386474000,Retail Trade,606270000,16.343,
WHEELS,WHEELS INDIA LTD,12310224366,559.8,9.30391487,3.36041359,102434,57342553.19999999,542.19787335,559.70625733,604.22682306,646.47063566,24133700000,Producer Manufacturing,2553900000,12.4351,
RELINFRA,RELIANCE INFRASTRU,29612672499,122.65,9.21638468,12.31684982,3760774,461258931.1,113.36556293,112.60278776,110.28322703,91.98225115,167008500000,Utilities,1728900000,,
VENUSREM,VENUS REMEDIES LTD,3593714854,295.1,9.17499075,1.86399724,124840,36840284,284.96219139,289.92581452,313.70598304,358.22778811,5405017000,Health Technology,610640000,7.82687,
TIMETECHNO,TIME TECHNOPLAST,14462084437,69.75,9.15492958,0.2875629,2178828,151973253,68.00529687,69.4772466,72.40034533,73.16750847,30049205000,Process Industries,4961871000,5.6892,
MONARCH,MONARCH NETWORTH CAP LTD,5975479390,210.1,9.14285714,10,302344,63522474.4,193.61611905,188.56991662,175.34996303,,1024290855,Finance,744743000,-2.74404,
VAIBHAVGBL,VAIBHAV GLOBAL LTD,61350625244,408.05,9.11886616,7.26866456,417278,170270287.9,389.67102077,396.39300021,431.51707077,553.08517116,25400702000,Consumer Durables,3212978000,32.9349,
NFL,NATIONAL FERTI.LTD,26025183728,57.85,9.04806786,12.98828125,11106231,642495463.35,53.11588618,51.63701748,51.35306518,53.06398377,46946200000,Process Industries,5127900000,,
EMKAY,EMKAY GLOBAL FIN,2567511909,113.95,9.0430622,5.60704356,104640,11923728,108.14513085,107.82016068,109.19418363,105.23728422,1520470000,Finance,685463000,-5.44956,
COMPINFO,COMPUAGE INFOCOM L,1981762119,33.25,9.01639344,6.91318328,864747,28752837.75,31.78982316,32.15255177,33.09761576,29.68112718,37297867000,Technology Services,944504000,8.36734,
CANTABIL,CANTABIL RETAIL IN,14998540410,1002.65,8.88309714,10.29646334,86948,87178412.2,905.40082717,867.89555635,825.71041938,660.98293733,2516438000,Retail Trade,1015991000,14.1123,
VALIANTORG,VALIANT ORGANICS LTD,24982566449,1002.3,8.83917906,4.76638445,206384,206858683.2,932.723418,930.52345518,977.09438489,1184.80118637,7548077000,Process Industries,2055972000.0000005,18.1819,
FCONSUMER,FUTURE CONSUMER LTD,9066537316,4.95,8.79120879,-16.10169492,24898587,123248005.65,5.25881406,5.75972354,6.43745626,7.3456844,11845132000,Finance,-1032319000,,
KSOLVES,KSOLVES INDIA LTD,4203550000,385.7,8.7857848,14.89425082,46000,17742200,352.91525116,344.81210536,340.47733671,294.34175981,282153941,Technology Services,180529210,,
ANMOL,ANMOL INDIA LTD,2280549993,218.05,8.78024445,6.18456294,101457,22122698.85,206.2162846,208.24780114,205.58104237,180.18441349,6912289154.79,Distribution Services,,6.21147,
JSWISPL,JSW ISPAT SPE PRO LTD,15166385390,35.05,8.68217054,2.33576642,3623160,126991757.99999999,33.36041829,33.28912789,33.78561753,34.1260576,41766500000,Non-Energy Minerals,5596000000,14.2539,
PFS,PTC INDIA FINANCIA,10019620118,16.95,8.65384615,5.27950311,2067809,35049362.55,16.1352063,16.34163314,17.22212022,18.46986648,11231095000,Finance,3223265000,8.73776,80985400000
VAKRANGEE,VAKRANGEE LTD,36817616516,37.7,8.64553314,21.61290323,13447228,506960495.6,32.93471744,32.69122314,34.28528437,38.4565558,3142914000,Retail Trade,1262299000,163.448,
OMINFRAL,OM INFRA LTD,3977346969,44.9,8.58524788,6.27218935,995335,44690541.5,42.81177256,42.90473029,42.82691469,36.33820504,2344656000,Consumer Durables,454416000,8.73492,
SADBHAV,SADBHAV ENGINEERIN,4529469075,28.7,8.50661626,0.87873462,1014981,29129954.7,27.94013972,29.20307406,32.61607638,45.00860269,22432780000,Industrial Services,4936282000,13.9076,
STARPAPER,STAR PAPER MILLS,2474703908,172.2,8.37004405,11.74561973,1519786,261707149.2,156.7502205,149.7288958,140.99700312,136.52867686,2333747000,Process Industries,333495000,3.4345,
VIMTALABS,VIMTA LABORATORIES,6966171373,342.55,8.35046655,4.42005792,71647,24542679.85,330.26439245,335.649117,352.04673301,328.48950293,2085670000,Commercial Services,739290000,7.33339,
JUBLINGREA,JUBILANT INGREVIA LTD,71652623236,487.35,8.33611204,3.2193159,1131905,551633901.75,475.29680212,481.83765317,509.86602818,548.95994809,6834450000,Process Industries,8065800000,9.36576,
CINELINE,CINELINE INDIA LTD,3024839181,108.15,8.20410205,0.23169601,106000,11463900,103.90812212,100.93506883,98.79436832,87.88399487,285714000,Finance,124331000,26.3481,
IFCI,IFCI LTD,23343203244,12,8.10810811,3.00429185,8544942,102539304,11.65508204,11.95422335,12.88841911,13.09873312,17620000000,Finance,-6152400000,8.60483,
KRSNAA,KRSNAA DIAGNOSTICS LTD,15245110864,528.15,8.07243708,3.74189747,251393,132773212.94999997,514.35410463,531.54939322,582.21169088,,3964560000,Health Services,1369910000,,
HPAL,HP ADHESIVES LTD,7203897588,422.6,7.97138477,11.63650773,474528,200535532.8,389.35729792,384.83080905,391.32957487,,1181625000,Non-Energy Minerals,,,
SHAKTIPUMP,SHAKTI PUMPS INDIA,8427301326.000001,495.6,7.93858216,0.56818182,229636,113807601.6,484.16042993,495.21820257,531.33641743,589.22539228,9257640000,Producer Manufacturing,1241394000,7.21087,
ELECON,ELECON ENGINEERING,16139965856,155.2,7.92767733,7.81521362,803768,124744793.6,147.84710007,149.48829398,157.43801952,152.20865607,10407960000,Producer Manufacturing,2514023000,4.83385,
SVPGLOB,SVP GLOBAL VENTURES LTD,5616600193,47.85,7.89177001,16.1407767,1088322,52076207.7,43.77573772,46.6881955,57.21979785,,12618009865,Distribution Services,3721601000,46.0579,
BODALCHEM,BODAL CHEMICALS,12346152364,108.9,7.87518574,2.30155002,919235,100104691.5,104.5284665,104.57881874,106.85538829,108.16570329,12219250000,Process Industries,2119570000.0000005,16.0036,
SKIPPER,SKIPPER LTD,5595526543,58.65,7.8125,-2.16847373,202683,11887357.95,58.65767851,60.54101666,65.13446227,70.72916865,15711470000,Producer Manufacturing,1325440000,9.59088,
TCPLPACK,TCPL PACKAGING LTD,6565650275,778,7.79355733,14.7577255,70450,54810100,722.2553626,708.48337231,662.83394183,561.63517356,8915808000,Commercial Services,1430952000,6.05307,
ORISSAMINE,ORISSA MINERALS DE,17097899414,3071.35,7.78746776,12.30620155,80239,246442052.65,2826.16168185,2768.75368193,2714.59293459,2675.18761276,0,Non-Energy Minerals,,,
HMVL,HINDUSTAN MEDIA VE,4512382717,66.05,7.74877651,3.44557557,158056,10439598.8,63.53903326,64.44615743,67.48716737,71.42442975,5454300000,Consumer Services,216400000,14.4725,
FEL,FUTURE ENTERPRISES,3411606243,6.3,7.69230769,-5.97014925,4384446,27622009.8,6.67914166,7.44613982,8.40846306,9.4031352,14221400000,Process Industries,2477900000,41.807,
NAVKARCORP,NAVKAR CORPORATION,4816613770,34.3,7.69230769,2.23546945,479039,16431037.7,33.45341124,34.25086352,36.63750187,39.62847279,6723648000,Transportation,1832612000,7.41343,
KDDL,KDDL LTD,12481049679,1040.35,7.6855398,11.42229838,44089,45867991.15,954.32256778,922.58978169,902.92989315,697.69638552,5463102000,Producer Manufacturing,1035700000,8.35443,
SUPRAJIT,SUPRAJIT ENG LTD,47327730743,368.3,7.62711864,11.9623043,964661,355284646.3,337.208288,330.87388637,345.64920588,345.37600772,16408550000,Producer Manufacturing,2650480000,15.7689,
RPPINFRA,R.P.P.INFRA PROJEC,1507993783,44.55,7.60869565,-1.2195122,267997,11939266.35,44.33881371,46.04492651,50.87260383,59.65877576,5131100000,Industrial Services,451700000,3.79499,
FINOPB,FINO PAYMENTS BANK LTD,20853504605,270.45,7.57756563,-1.92203083,196540,53154243,269.24334273,277.6756937,311.17411566,,7916640000,Finance,,,
EXCELINDUS,EXCEL INDUSTRIES,17235047966,1474.35,7.53045,-6.64534921,94874,139877481.9,1490.99903169,1480.7951657,1330.0863053,1099.54315114,7465678000,Process Industries,2023006000,8.03819,
ZOTA,ZOTA HEALTH CARE LTD,7487713172,320,7.52688172,2.72873194,80693,25821760,310.52334397,315.72455138,335.84041634,326.24412024,1060760000,Health Technology,145462000,461.915,
GNA,GNA AXLES LTD,10456869818,523.95,7.39981552,3.45542502,132488,69417087.60000001,508.28146532,508.66543061,535.89925793,592.30953105,8676164000,Consumer Durables,1897567000,6.95048,
CIGNITITEC,CIGNITI TECHNOLOGI,12007876267,461.5,7.38801629,7.46303411,181524,83773326,443.29457328,460.21776039,494.16014808,520.75762595,8965269000,Technology Services,1396599000,,
MADRASFERT,MADRAS FERTILIZERS,7982569446,53.1,7.38119312,28.41596131,2470672,131192683.2,46.56425981,42.01316989,36.99731042,31.67382078,15327900000,Process Industries,2078000000,12.6288,
CARTRADE,CARTRADE TECH LTD,27065957364,622.2,7.34989648,0.51696284,296020,184183644,596.74435058,590.88169764,644.63049411,,2496832000,Retail Trade,-906765000,,
INDOBORAX,INDO BORAX & CHEMICAL LTD,4600101718,153.9,7.32217573,4.05679513,140080,21558312,,,,,1441319000,Process Industries,511245000,3.98045,
WOCKPHARMA,WOCKHARDT,38000767422,282.85,7.30273141,-6.40304434,1836221,519375109.85,290.19333503,305.4310371,341.41415957,412.38560182,26992100000,Health Technology,2503800000,,
SHIVATEX,SHIVA TEXYARN LTD,2659300542,218.5,7.26558665,3.97335237,48166,10524271,212.38796661,216.50009848,224.52336217,210.38667721,3402797000,Process Industries,591549000,6.86914,
GET_D,GE T&D INDIA LTD,23428258347,98.3,7.2558647,7.96265788,245867,24168726.1,91.92139915,92.25275422,99.93822265,116.60216009,34523700000,Producer Manufacturing,951300000,18.5116,
5PAISA,5PAISA CAPITAL LTD,10150445336,369.5,7.19466202,8.80447585,68331,25248304.5,350.6324804,345.97652053,357.28128292,388.93289625,1931930000,Finance,249455000,7.67887,
INDRAMEDCO,INDRAPRASTHS MEDIC,5358286717,62.6,7.19178082,1.37651822,308062,19284681.2,61.05619206,62.67688781,67.14782709,72.13816415,6133440000,Health Services,1167390000,11.3164,
SUBROS,SUBROS LTD,21384279994,351.15,7.15593531,7.40174339,197123,69219741.44999999,333.64326284,335.60029086,343.46974302,340.20520613,17956520000,Producer Manufacturing,1651100000,12.4397,
FSC,FUTURE SUPPLY CHAI,2049364254,50.25,7.14285714,-7.03052729,363623,18272055.75,50.94173525,54.49988851,60.44716618,74.10168899,4664146000,Transportation,1219292000,19.8989,
BFUTILITIE,BF UTILITIES LTD,11616696628,330.3,7.11853413,2.68925851,247793,81846027.9,321.47255576,327.57939526,348.28195882,373.52685938,3704580000,Utilities,3131253000,11.1423,
FORCEMOT,FORCE MOTORS LTD,13347645683,1091.05,7.09167648,1.69641609,84362,92043160.1,1050.23366214,1053.15929023,1105.50488383,1244.91642676,19881900000,Producer Manufacturing,315700000,43.4805,
HUHTAMAKI,HUHTAMAKI INDIA LTD,11403812111,161.6,7.0907886,4.93506494,200353,32377044.8,156.24732753,160.24776033,176.26964296,224.20054206,26252800000,Process Industries,1071400000.0000002,,
DHANI,DHANI SERVICES LTD,37470670839,66.75,7.05693665,-4.50643777,4049805,270324483.75,66.4849711,72.76156572,96.68976063,153.92057118,13099250000,Finance,-3093129000,28.1226,
XCHANGING,XCHANGING SOLUTION,9023700462,86.65,7.04138357,1.22663551,370098,32068991.7,84.3977603,85.95463393,91.59304777,96.04279367,1957400000,Technology Services,515000000,5.65259,
INEOSSTYRO,INEOS STYROLUTION,17135431272.999998,1043.9,7.02824627,-1.06619912,39200,40920880,1020.90404864,1033.65196102,1110.82119105,1232.6104199,16314840000,Process Industries,5611296000,3.62273,
AARTIDRUGS,AARTI DRUGS LTD,39725399345,459.2,7.01468189,4.86412423,349637,160553310.4,440.48753661,447.93053144,472.56383427,550.90634263,21547798000,Health Technology,3243600000,15.3517,
HCC,HINDUSTAN CONSTRUC,23754542424,16.8,7.00636943,0.9009009,11899593,199913162.4,16.1716951,16.05333948,15.79439037,13.25596772,82484200000,Industrial Services,9866600000,11.8247,
MANINDS,MAN INDUSTRIES (IN,5459051880,102.4,7.00104493,21.47093713,967994,99122585.60000002,89.70444748,87.78039707,90.40660894,96.76354337,20801967000,Producer Manufacturing,1815600000,3.25085,
J_KBANK,JAMMU & KASHMIR BA,30132236361,34.55,6.96594427,2.82738095,4549477,157184430.35,33.52898102,34.08610983,35.66650358,35.76908089,88392119000,Finance,,,-44740600000
LUMAXIND,LUMAX INDUSTRIES,8276482623,948.75,6.93755636,4.3786787,16568,15718890,916.00901869,939.63388008,1019.80758321,1244.68975843,14259807000,Producer Manufacturing,1271525000,17.6084,
NAHARCAP,NAHAR CAPITAL AND,9918755183,633.75,6.8988783,10.08337676,125511,79542596.25,589.15975529,565.62336942,510.48334576,361.21045593,451701000,Finance,416212000,4.41244,
SURYODAY,SURYODAY SMALL FIN BK LTD,9310122265,93.8,6.89458689,-7.72257747,777258,72906800.39999998,98.2782347,105.05383663,118.79173799,164.75185118,8756166000,Finance,,,35524300000
RUSHIL,RUSHIL DECOR LTD,10752011803,577.35,6.88697584,14.22494807,151144,87262988.4,516.34271357,480.42165235,429.417519,337.98920969,3354438484,Producer Manufacturing,532423000,20.2083,
VARROC,VARROC ENGINEERING,52887014013,369.55,6.88358641,15.52047515,622507,230047461.85,339.40213782,338.19552637,348.29985245,344.30042253,112819150000,Distribution Services,1395190000,20.2833,
NESCO,NESCO LTD,38953787684,590.3,6.84162896,11.86280083,700041,413234202.2999999,546.31805091,543.01337618,552.97319657,574.1941787,2910977000,Producer Manufacturing,2044938000,18.7542,
AEGISCHEM,AEGIS LOGISTICS,72130500000,219.5,6.78666991,8.55588526,1352270,296823265,205.65392762,203.02856509,205.63899375,232.4024176,38419914000,Distribution Services,4914600000,27.6928,
KSCL,KAVERI SEED COMPAN,31858206277,583.95,6.75502742,7.5909719,376889,220084331.55,549.07912952,538.85816662,531.81665398,554.37908121,10332025000,Process Industries,1976197000,8.19647,
BAJAJHCARE,BAJAJ HEALTHCARE LTD,9394495231,363.5,6.72342924,3.16446715,120004,43621454,353.95158483,362.17741457,376.16763788,,6569838000,Health Technology,1279145000,5.79997,
WINDLAS,WINDLAS BIOTECH LTD,4578998208,223.9,6.59366817,-0.66548358,76026,17022221.4,222.88823491,230.43091434,247.13782823,,,Health Technology,,,
TAKE,TAKE SOLUTIONS,4282689579,30.9,6.55172414,5.82191781,1817872,56172244.8,30.17771622,31.13655087,34.61160884,44.97452996,7740150000,Technology Services,793039000,,
SNOWMAN,SNOWMAN LOGISTICS,5104538194,32.55,6.54664484,0.61823802,847751,27594295.05,32.12777004,32.73827172,34.95716568,40.71649059,2371016000,Transportation,698703000,13.9347,
JUSTDIAL,JUST DIAL LTD,59469638386,757.7,6.50829351,2.21232969,988088,748674277.6,736.04000364,747.58894744,777.88098965,818.70714934,6751800000,Technology Services,385100000,34.1554,
PRECAM,PRECISION CAMSHAF,12633114670,141.1,6.45039608,4.20974889,258474,36470681.4,136.42082403,138.13477326,142.53062844,119.30010253,7004730000,Producer Manufacturing,981903000,5.41544,
CEBBCO,COMMERCIAL ENGINEE,3905918175,46.45,6.41466208,11.12440191,251842,11698060.9,43.49161734,43.06259827,43.31431899,37.62099567,3634639000,Producer Manufacturing,263940999.99999997,6.71891,
RAMCOSYS,RAMCO SYSTEMS,8148741778,281.2,6.41438032,-0.17749379,193104,54300844.8,278.03665083,289.52407152,328.47807445,416.27381052,6263060000,Technology Services,987374000,10.0253,15200200000
SANGHIIND,SANGHI INDUSTRIES,10943599617,46.65,6.38540479,5.42372881,1000845,46689419.25,44.9246794,45.69431392,49.49778802,54.8411215,9392300000,Non-Energy Minerals,2425180000,9.96724,
MCLEODRUSS,MCLEOD RUSSEL INDI,2381590661,24.25,6.35964912,7.06401766,862582,20917613.5,23.10575921,23.36513673,24.68422939,26.33231786,14050384000,Consumer Non-Durables,796600000,14.9866,
JINDWORLD,JINDAL WORLDWIDE,56165765544,298.4,6.34354954,-0.96249585,253226,75562638.39999998,294.48743699,298.15595772,291.58229808,200.58433832,16961735000,Process Industries,1738526000,8.94629,
ITDCEM,ITD CEMENTATION IN,10822617691,67.1,6.33914422,1.82094082,697933,46831304.3,65.08010193,65.61238496,69.07423592,74.71561981,27183146000,Industrial Services,3230733000,6.85501,
ICIL,INDO COUNT INDUSTR,31426024984,168.95,6.29128657,3.49157734,487040,82285408,162.32353329,166.91892283,188.35826862,210.42387476,23490498000,Process Industries,5689800000,13.6985,
CYBERTECH,CYBERTECH SYSTEMS,4805125845,181.2,6.27565982,2.14205186,238358,43190469.59999999,175.67303959,176.0730963,179.83631291,169.26777747,1177969000,Technology Services,251148000,12.525,
MEDICAMEQ,MEDICAMEN BIOTECH LTD,7863825224,680.75,6.22610595,4.69050365,29062,19783956.5,655.48344146,662.06941287,693.25968801,,1127160827,Health Technology,229148000,33.3388,
DATAPATTNS,DATA PATTERNS INDIA LTD,36489286673,746.5,6.20287381,10.95422117,317518,237027187,699.43461022,685.01427719,698.97347839,,2239500000,Electronic Technology,,,
ALPHAGEO,ALPHAGEO(INDIA),1966713026,328.75,6.20255209,-1.57185629,31595,10386856.25,321.49038637,321.04473893,330.36133276,330.59712671,1430987164,Industrial Services,366694000,1.34202,
UNIONBANK,UNION BK OF INDIA,264846467896.00003,41.1,6.20155039,7.03125,14542138,597681871.8000001,39.17039819,39.62957671,41.38120864,41.1143398,831899537000,Finance,,,-34976600000
NELCAST,NELCAST LTD,5133071121,62.65,6.18644068,-3.61538462,214892,13462983.8,62.86482835,64.9718178,70.60618991,76.31371031,6109587000,Non-Energy Minerals,515850000,16.4966,
TRIGYN,TRIGYN TECHNOLOGIE,4143760265,142.8,6.17100372,3.40333092,282771,40379698.80000001,138.34668904,140.02990189,145.92631396,132.71299967,9854142000,Technology Services,775364000,0.062068,
MUNJALSHOW,MUNJAL SHOWA,3917510023,103.95,6.12557427,1.66259169,124562,12948219.9,101.47755628,103.27504875,109.65517775,124.90718114,10853706000,Producer Manufacturing,68081000,11.6774,
DEN,DEN NETWORKS LTD,17592662425,39.15,6.09756098,2.89093298,1759645,68890101.75,37.97335264,38.42445302,39.73277941,45.25767922,12925520000,Consumer Services,2131739999.9999995,0.078647,-4591990000
MANALIPETC,MANALI PETROCHEMS,18644717560,114.95,6.09137056,4.12137681,838468,96381896.60000002,109.17934237,107.29385825,107.16014117,100.22575607,10194175000,Health Technology,5485534000,2.62447,
AGSTRA,AGS TRANSACT TECH LTD,12039300000,106.2,5.98802395,6.09390609,502342,53348720.4,102.09729923,106.29087234,,,,Commercial Services,,,
ORIENTBELL,ORIENT BELL LTD,7289058406,536.6,5.98459411,4.9892389,86966,46665955.6,518.23959221,519.50794338,493.53269898,391.08942492,5004917000,Producer Manufacturing,486600000,8.70784,
GIPCL,GUJARAT IND POWER,11094274569,77.8,5.92239619,4.71063257,503343,39160085.4,75.15311469,75.6873416,78.08564864,81.68161629,13353485000,Utilities,3946749000,2.95393,
MAHEPC,MAHINDRA EPC IRRIG LTD,2518080313,96.1,5.8953168,4.004329,107400,10321140,93.40389278,96.03604879,103.26751305,122.48674547,2542221000,Producer Manufacturing,-3750000,14.5733,
MANINFRA,MAN INFRACONSTRUCT,38684290206,110.6,5.88798468,6.0911271,926539,102475213.4,105.47393616,105.18418885,105.58810533,83.40894075,4179383000,Industrial Services,2317068000,13.8934,
SCHAND,S CHAND AND COMPAN,3397451218,102.55,5.88538978,1.38408304,134623,13805588.65,99.2062965,101.34579187,105.68868783,108.96339188,4251569999.999999,Consumer Services,434430000,8.95974,5867700000
NATHBIOGEN,NATH BIO-GENES (IN,4054503454,225.9,5.88235294,-3.27552987,67669,15286427.1,221.77505359,221.69510365,230.55771658,276.86876953,2705716017,Process Industries,902984780,9.3649,
GOLDIAM,GOLDIAM INTERNATL,16482410822.000002,160,5.85511082,-79.76732423,569206,91072960,390.13522394,541.86034045,700.21663223,724.53435989,4060028000,Consumer Durables,1234661000,6.56004,
RICOAUTO,RICO AUTO INDS,4275005685,33.5,5.84518167,-0.44576523,519375,17399062.5,33.26183627,34.41329695,37.42404036,41.94264432,14586600000,Producer Manufacturing,1541900000,11.2139,
JUBLPHARMA,JUBILANT PHARMOVA LTD,61769225384,410.8,5.83537292,-4.65359174,244090,100272172,410.572104,417.24883746,451.46380052,570.2928693,60985350000,Health Technology,12836000000,8.90589,
SALZERELEC,SALZER ELECTRONICS,2938426395,195.05,5.83288117,7.28822882,191775,37405713.75,180.78143888,179.13168581,184.99455708,177.5026615,6236790000,Producer Manufacturing,690342000,6.10085,
VASCONEQ,VASCON ENGINEERS L,5117817731,24.65,5.79399142,1.02459016,1029411,25374981.15,23.97771253,24.44117834,25.64671567,24.47243625,5057716000,Industrial Services,75600000,,
RUCHIRA,RUCHIRA PAPERS LTD,2902275614,121.8,5.77507599,8.75,801367,97606500.6,111.54977299,103.29718543,92.6861183,82.93422538,4154206851,Process Industries,543547000,8.94003,
GTPL,GTPL HATHWAY LTD,19568568192,183.2,5.71263705,-1.42588109,239678,43909009.59999999,181.10214148,186.49710954,205.88386935,215.85812996,24661190000,Communications,5145030000,2.68364,
SHREYANIND,SHREYANS INDUSTRIE,1643101206,126.05,5.70230608,9.75185024,84250,10619712.5,117.8256468,114.27703827,110.88705206,109.39678035,3662606000,Process Industries,149946000,16.0833,
YAARI,YAARI DIGI INT SER LTD,4560444420,58.5,5.69105691,-8.80748246,283892,16607682,58.16100951,60.55288706,69.24010252,,1684600000,Distribution Services,-710100000,134.193,
RSYSTEMS,R SYSTEMS INTERNAT,29966262703,268.4,5.69009648,-2.41774223,91758,24627847.2,263.12939836,260.58293462,265.44812504,238.30644843,11556390000,Technology Services,1606440000,,
MOLDTKPAC,MOLD-TEK PACKAGING,22775711508,771.45,5.67084446,6.7824763,72209,55705633.05000001,728.40047065,720.75983912,722.83433288,648.32416252,4788016000,Producer Manufacturing,1208677000,13.0362,
DVL,DHUNSERI VENTURES,7990897313,242.3,5.6233653,1.87092705,48644,11786441.2,234.55648162,236.19870308,244.01926708,236.36154593,818205000,Consumer Non-Durables,1137955000,12.2532,
THOMASCOOK,THOMAS COOK,25874045646,72.45,5.6122449,9.19366993,1502022,108821493.9,68.10682979,66.52489426,65.14285939,62.83252141,7950000000,Consumer Services,-2416360000,,
VINDHYATEL,VINDHYA TELELINKS,12153060475,1085.95,5.58580457,1.57609204,16117,17502256.15,1067.35649066,1085.53605488,1121.43052006,1110.34049423,15014722000,Producer Manufacturing,2130398000.0000005,7.90939,
MANAKSIA,MANAKSIA LTD,4856073004,77.9,5.55555556,6.63928816,402258,31335898.2,74.6814142,74.36402461,73.61565696,68.0978261,8610365000,Producer Manufacturing,1602727000,-2.78819,
VENKEYS,VENKY'S (INDIA),30141966212,2261.35,5.54972111,-1.33080263,161307,364771584.45,2227.21574189,2220.57892772,2279.40555634,2435.96911333,31166307000,Process Industries,2693500000,5.40207,
DODLA,DODLA DAIRY LTD,26661667932,471.9,5.51145892,-3.12050914,31732,14974330.8,466.990724,466.01555586,481.62115408,,19440060000,Consumer Non-Durables,2008430000,,
SANSERA,SANSERA ENGINEERING LTD,35300778388,708.9,5.49107143,25.88120394,155280,110077992,628.55215786,623.99712693,657.17957949,,15389190000,Producer Manufacturing,,,
NUCLEUS,NUCLEUS SOFTWARE,11105574869,436.85,5.46837277,1.68761639,54150,23655427.5,429.32122879,439.78181546,472.41643653,528.86889827,5135300000,Technology Services,439000000,6.88086,
SANGHVIMOV,SANGHVI MOVERS,7986635668,193.85,5.46789989,2.24156118,58989,11435017.65,188.46106511,190.65827632,199.60095236,192.86087954,2237355000,Finance,1392720000,5.88143,
GHCL,GHCL,52242701227,577.45,5.46068852,10.70743865,1028291,593786637.95,544.16348821,519.43545516,476.36264568,397.10016534,29000900000,Process Industries,8265100000,4.47039,
NEULANDLAB,NEULAND LABORITIE,13171163061,1085.25,5.45110042,-1.08462836,62315,67627353.75,1076.30897277,1108.46053432,1215.08160199,1492.78317615,9242652000,Health Technology,1264692000,20.6212,
RPSGVENT,RPSG VENTURES LTD,15518451939,617.2,5.45019648,-0.99454604,40260,24848472,606.33729576,612.9212286,640.57914878,649.09276964,55992500000,Finance,9124700000,5.15082,
MIRZAINT,MIRZA INTERNATIONA,19369265961,169.45,5.44492844,4.92260062,1415382,239836479.89999995,162.13376632,160.07371069,151.9077489,110.20115863,10489300000,Consumer Non-Durables,2043762000,6.90595,
INTLCONV,INTL CONVEYORS LTD,5605875206,87.55,5.41842264,7.16034272,1216446,106499847.3,81.26761191,79.23342078,77.00655488,,1688605000,Process Industries,,16.9326,
WELENT,WELSPUN ENTERPRISE,10926674193,76.95,5.4109589,-0.45278137,1555056,119661559.2,76.88006672,79.1357937,84.37634614,93.16641928,15295100000,Industrial Services,1437700000,19.855,
REPCOHOME,REPCO HOME FIN LTD,11035823417,185.9,5.38548753,-1.53601695,182602,33945711.8,185.08974567,191.29345526,214.31078557,264.63130464,13922300000,Finance,5047100000,9.17917,
KALYANKJIL,KALYAN JEWELLERS IND LTD,60463900000,61.9,5.36170213,3.8590604,1570736,97228558.39999998,60.41845728,60.65426632,62.57476231,67.4672263,85606840000,Retail Trade,8237549999.999999,11.2676,
BANKINDIA,BK OF INDIA,188148491077,48.3,5.34351145,3.20512821,6278571,303254979.3,47.02245955,47.63945882,49.84281567,56.36396857,482897947000,Finance,,,-586519000000
JCHAC,JOHNSON CONTROLS-H,48053092477,1865.3,5.33954539,2.85068372,13429,25049113.7,1821.72299444,1824.28351675,1847.70409754,2023.23280274,16442300000,Consumer Durables,1343900000,59.2337,
ELECTCAST,ELECTROSTEEL CAST,17101711121,41.55,5.32319392,3.10173697,1645812,68383488.6,40.05026313,39.68799002,39.06597742,35.89326126,34474179000,Non-Energy Minerals,6379203000,8.32521,43253200000
NOVARTIND,NOVARTIS INDIA,14578681866,621,5.30778362,1.57016683,34616,21496536,607.80933782,618.35424533,661.54676948,726.59397595,3813500000,Health Technology,367600000,32.2034,
NRAIL,NR AGARWAL IND,4508359536,280.4,5.29478032,5.37391958,106796,29945598.4,265.26492463,257.15277158,251.04300771,257.35421677,11304361000,Process Industries,1232299000,4.93378,
BORORENEW,BOROSIL RENEWABLES LTD,75651686841,610.9,5.28220595,3.89455782,577388,352726329.2,588.61781161,590.41679859,595.94486596,490.91239272,5022723000,Process Industries,2890336000,13.7016,
GMRINFRA,GMR INFRASTRUCTURE,222726391241,38.9,5.27740189,5.99455041,15766120,613302068,37.44745319,37.80275404,39.18271131,37.13304842,60518400000,Transportation,26405200000,40.7924,
ZEELEARN,ZEE LEARN LTD,4059854587,13.05,5.24193548,-3.33333333,1266034,16521743.7,12.91874052,13.12245353,13.73605578,13.99925188,2571225000,Consumer Services,348842000,20.4411,
FAIRCHEMOR,FAIRCHEM ORGANICS LTD,19593203238,1581.15,5.23811109,-0.8154816,14717,23269784.55,1533.32253717,1553.56530401,1645.80124778,1557.33976519,3961542000,Process Industries,1134722000,14.9334,
DYNPRO,DYNEMIC PRODUCTS L,6601653800,611.35,5.23280833,2.29231155,32172,19668352.2,604.6948599,600.6969626,591.9598423,557.10243505,2019349000,Process Industries,433514000,18.2926,
KIRLOSENG,KIRLOSKAR OIL ENGI,19096260797,138.85,5.22925351,0.94511087,201693,28005073.05,135.88406918,136.90730109,146.73176198,174.30980293,32766400000,Producer Manufacturing,4058200000,6.30357,
IPL,INDIA PESTICIDES LTD,30990500048,283.2,5.20059435,0.33658105,322705,91390056,276.75256134,279.47804298,290.04618522,,6426340000,Process Industries,,,
GFLLIMITED,GFL LTD,8645194545,83,5.1964512,5.59796438,408439,33900437,75.87685358,72.17278217,69.85816031,72.98495186,1069424000,Process Industries,-532100000,,
ELGIEQUIP,ELGI EQUIPMENT LTD,88591914657,294,5.16902164,5.83153348,654841,192523254,287.87381767,299.67825042,315.86145456,271.49300666,19237680000,Producer Manufacturing,2664600000,31.5758,
NAHARINDUS,NAHAR IND ENTERPRI,6572798138,173.25,5.15933232,1.19742991,102266,17717584.5,168.93779154,166.47283173,158.58212466,125.66107299,13968888000,Process Industries,2941697000,13.3483,
QUICKHEAL,QUICK HEAL TECHNOL,10299604940,186.65,5.15492958,2.47049135,121052,22594355.8,182.00561234,183.77596521,194.00038395,211.69415241,3330440000,Technology Services,1257670000,5.06707,11221800000
SATIA,SATIA INDUSTRIES LTD,10240000153,107.65,5.12695313,5.7985258,707524,76164958.60000002,104.40767154,103.10519864,99.93935556,95.29993794,5874207000,Process Industries,1713989000,8.44608,
AMRUTANJAN,AMRUTANJAN HEALTH,23203274431,835.2,5.10948905,-2.45839416,56008,46777881.6,823.27013935,826.21531544,838.64605737,802.93259659,3328440000,Health Technology,755085000,19.9501,
PGIL,PEARL GLOBAL INDUS,9248333594,446.85,5.10408091,6.0393925,27110,12114103.5,416.10617839,416.23360189,421.76868053,358.892039,14909265000,Consumer Non-Durables,1320995000,10.6234,
NBCC,NBCC (INDIA) LTD,65339998627,38.15,5.09641873,-0.26143791,6597779,251705268.85,37.59351126,38.28255593,40.56584733,43.25985988,67636436000,Industrial Services,2100190000,35.9551,
APEX,APEX FROZEN FOODS,8693750381,292.75,5.07896626,-0.0170765,108894,31878718.5,285.62314265,284.41640593,288.04481796,290.24414106,7975541000,Consumer Non-Durables,820205000,11.2093,
HEMIPROP,HEMISPHERE PROP IND LTD,32589749565,120.15,5.07214692,1.69276344,1097287,131839033.05000003,117.05247488,116.81604552,120.37851891,127.92213869,3650000,Finance,-113727000,,
PENIND,PENNAR INDUSTRIES,4911704988,36.3,5.06512301,0.83333333,606138,22002809.4,35.73998363,36.29280344,36.78438872,32.68729082,15253500000,Non-Energy Minerals,1661500000,7.86177,
SOLARA,SOLARA ACTIVE PHAR,23942916817,699.7,5.04428764,1.10541146,138337,96794398.9,692.69999112,704.20987479,785.82659159,1104.37407923,15968000000,Health Technology,1655500000,14.0904,
DOLLAR,DOLLAR INDUSTRIES,31216554754,578.15,5.04178779,5.7140245,124728,72111493.2,555.25512523,552.60641806,544.71751655,452.80705204,10369557000,Consumer Non-Durables,1955302000,10.1847,
SARLAPOLY,SARLA PERFORMANCE,4730444984,59.5,5.03089144,4.20315236,195774,11648553,57.31541578,57.7652648,59.68808488,53.26746105,2578100000,Process Industries,839787000,4.28897,
JUBLINDS,JUBILANT INDUSTRIE,7014262851,490.65,5.03050412,-0.19324654,28878,14168990.7,481.11154583,487.41079841,518.12232021,489.18634627,5497590000,Process Industries,1048800000,,
CAPACITE,CAPACIT'E INFRAPRO,7427329629,115,5.02283105,0.26155187,208265,23950475,115.28802411,119.89226798,132.55639001,160.47907725,8797219000,Industrial Services,2241973000,10.8013,
GABRIEL,GABRIEL INDIA,16073756675,117.5,5.00446828,1.81975737,380723,44734952.5,115.17925328,116.04366295,121.08740115,128.99311278,16928160000,Producer Manufacturing,1593110000,11.8922,
BEPL,BHANSALI ENG POLYM,21053423988,133.25,5.00394011,1.83416125,730148,97292221,130.51179263,131.21838468,137.41334457,153.72666584,12919475000,Process Industries,5815632000,4.80764,
BCLIND,BCL INDUSTRIES LTD,10774522182,467.3,4.99943827,-5.97585513,54196,25325790.8,469.00591475,460.68361543,432.02902334,316.50668301,14272292000,Consumer Non-Durables,1172114000,4.93695,
MONTECARLO,MONTE CARLO FASHIO,10045721940,508.3,4.99896716,-0.53810782,24771,12591099.3,497.35959517,500.53764769,523.02955425,467.52580682,6218785000,Consumer Non-Durables,1582878000,3.16085,
SELMC,SEL MANUFACTURING CO LTD,14849315950,862.25,4.99878227,27.6084061,23379,20158542.75,710.16912127,593.82781381,397.73127105,,1903845000,Process Industries,-980091000,,
GENESYS,GENESYS INTL,17886176516,599.7,4.99868686,3.96116841,27839,16695048.3,580.56434549,557.91264037,489.65900466,321.57421844,795588000,Technology Services,244277000,,
SSWL,STEEL STRIPS WHEEL,25212414235,850.75,4.99845727,7.64218384,95253,81036489.75,804.00405615,793.69114732,789.60098934,733.73767981,17417123000,Producer Manufacturing,4558194000,10.0464,
SWELECTES,SWELECT ENERGY SYS,5748202004,398.1,4.99802189,20.58155384,48725,19397422.5,356.29436862,339.29699352,314.91392665,264.85393155,2446903000,Producer Manufacturing,591556000,5.43134,
DBL,DILIP BUILDCON LTD,35259738115,253.15,4.99792617,3.45320801,653327,165389730.05,246.99471157,254.70246999,300.51644677,430.5900692,96059198000,Industrial Services,11383035000,11.1145,
ASAL,AUTOMOTIVE STAMPIN,9322713313,613.5,4.99743283,27.59983361,95369,58508881.5,514.5863147,463.46555697,436.84844598,297.66369136,3391302000,Producer Manufacturing,210995000,1760.71,
KELLTONTEC,KELLTON TECH SOLU,8115296313,88.25,4.99702558,2.25955968,516670,45596127.5,86.40169897,87.37966036,87.16294531,72.67681886,7756321107,Technology Services,1081395000,6.93657,
BLS,BLS INTERNATIONAL,23911828662,247.1,4.99256427,3.28108673,1745393,431286610.3,237.02958021,232.77168001,226.75176891,198.82197107,4783692000,Technology Services,819884000,15.9531,
WEBELSOLAR,WEBSOL ENERGY SYST,3446042641,98.85,4.99203399,0.66191446,173567,17157097.95,97.26312007,99.77978601,106.10042042,90.06689419,1535963000,Producer Manufacturing,300100000,8.98728,6103520000
TEJASNET,TEJAS NETWORKS LTD,48611558550,448.05,4.99121265,16.66449681,66333,29720500.65,406.48397598,402.64245373,411.50619782,374.52061145,5266000000,Technology Services,376300000,20.7045,39765800000
NITINSPIN,NITIN SPINNERS LTD,12756317934,237.7,4.99116608,-9.240168,75207,17876703.9,246.80666905,255.91059872,266.6318411,230.06281473,16086556000,Process Industries,5883862000,5.82924,
ARIHANTCAP,ARIHANT CAPITAL MKTS LTD,8264474439,416.7,4.98866213,6.09802673,28864,12027628.8,407.97673132,400.93924597,354.9450719,205.0985,1151793679,Finance,682433000,2.05895,
BOROLTD,BOROSIL LTD,37827800182,347.25,4.98866213,-0.47291488,51082,17738224.5,340.856426,342.37002456,348.59350559,304.1311978,5772482000,Producer Manufacturing,1364612000,20.9876,
LYKALABS,LYKA LABORATORIES,3890364248,142.15,4.98522895,2.22941388,76653,10896223.95,138.14576872,140.17824526,151.85318641,129.48401953,848478000,Health Technology,947521000,12.7413,
TTML,TATA TELESERVICES,326179704412,175,4.9790042,4.4464339,669329,117132575,155.7520762,145.90935987,145.5528618,108.09060424,10436600000,Communications,4716300000,45.3383,
NAVNETEDUL,NAVNEET EDUCATION,20234768309,93.85,4.97762864,5.39023021,315162,29577953.7,89.94397325,88.8964678,89.29978646,92.87959192,8195299999.999999,Consumer Services,1425000000,22.481,
ADSL,ALLIED DIGITAL SER,6195692045,120.25,4.97599302,0.37562604,90875,10927718.75,117.1578,116.98515841,119.01644617,100.44804096,3580800000,Technology Services,535700000.00000006,5.44988,
3IINFOLTD,3I INFOTECH LTD,8620149850,53.8,4.97560976,-0.82949309,378204,20347375.2,53.66167059,55.49563937,62.90052063,72.77327824,6086200000,Technology Services,-896700000,,
GRAVITA,GRAVITA INDIA LTD,22054161340,333.55,4.97246263,-5.9495277,114008,38027368.4,339.9647698,344.31913011,337.46037996,254.32827901,14067282000,Non-Energy Minerals,1833791000,7.23428,
KHAICHEM,KHAITAN CHEM & FERT LTD,12220639755,132,4.97017893,6.32299638,239625,31630500,125.81345554,121.56180296,109.72618697,77.26382154,4871528000,Process Industries,914657000,4.69992,6838390000
FRETAIL,FUTURE RETAIL LTD,16919263011,32.75,4.96794872,-14.15465269,1131728,37064092,35.14706795,38.34542097,43.10892042,52.71014215,63039400000,Retail Trade,-13586700000,,
HUBTOWN,HUBTOWN LTD,3378581588,48.6,4.96760259,8.96860987,444377,21596722.2,45.78812945,47.66151196,51.62263086,42.86105893,1954243000,Finance,80300000,,
BIGBLOC,BIGBLOC CONSTRUCTI,6445235990,96.15,4.96724891,26.76334871,261905,25182165.75,83.8744634,80.17538889,75.05988492,51.42250175,1027780483,Non-Energy Minerals,224237000,18.1059,
BGRENERGY,BGR ENERGY SYSTEMS,5946112659,86.7,4.96368039,1.94003527,156303,13551470.1,85.90506405,85.79233739,84.77261268,72.66640816,11397200000,Industrial Services,91800000,,
UGARSUGAR,UGAR SUGAR WORKS,7706250000,71.9,4.96350365,-13.63363363,743850,53482815.00000001,72.70765542,67.83783171,55.82574126,37.87338342,9099554000,Process Industries,944581000,35.4491,
CAPLIPOINT,CAPLIN POINT LABOR,51528855763,711.7,4.93954586,1.13684809,96046,68355938.2,702.31596292,712.58337561,741.75552142,746.14324982,10482575000,Health Technology,3804300000,8.26188,
KOPRAN,KOPRAN LTD,13573695424,294.8,4.92970279,-1.33868809,112523,33171780.4,290.61764736,289.61575936,287.9632571,249.50253436,4822561000,Health Technology,797759000,6.91197,
BAJAJHIND,BAJAJ HINDUSTHAN S,18151285441,14.9,4.92957746,1.70648464,2464974,36728112.6,14.76267624,14.9146097,15.06916004,14.23047363,66659300000,Process Industries,2309300000,30.4434,
SUNFLAG,SUNFLAG IRON & STE,11362836305,66.05,4.92454329,-1.41791045,378741,25015843.05,65.9037644,67.24030121,69.96392685,73.14992972,18912700000,Non-Energy Minerals,4247300000,5.15883,
NCLIND,NCL INDUSTRIES,8040128760,186.5,4.92264416,9.25600469,247592,46175908,178.31283712,178.6345032,186.98336264,202.51027384,13836809000,Non-Energy Minerals,2307066000,3.53249,
MAZDOCK,MAZAGON DOCK SHIPBUIL LTD,48324925816,251.45,4.90196078,1.00421771,269812,67844227.39999999,245.51184429,247.05887002,252.96448718,251.33380035,40478200000,Producer Manufacturing,4003100000,-15.2676,
POLICYBZR,PB FINTECH LTD,311570809055,728.25,4.88981708,3.34184759,285051,207588390.75,711.70618815,715.68342362,780.98551173,,8866620000,Technology Services,,,
DEEPENR,DEEP ENE RESOURCES LTD,1670400024,54.85,4.87571702,13.91484943,265896,14584395.6,49.96043184,47.23031334,44.58331868,44.33059917,23844000,Industrial Services,9552000,94.24,
SATIN,SATIN CREDIT CARE,7610163973,107.35,4.83398437,7.56513026,334604,35919739.4,100.1784852,97.58862905,93.56352176,87.34083598,13825135000,Finance,2622542000,5.10205,
LODHA,MACROTECH DEVELOPERS LTD,541839150870,1180.5,4.82152371,9.56933358,523105,617525452.5,1109.09397536,1108.77149579,1150.90754459,1032.41833567,54485747000,Finance,20618464000,,
ZEEMEDIA,ZEE MEDIA CORP,10357099119,17.4,4.81927711,7.73993808,3485975,60655964.99999999,16.08008023,15.82700121,15.49140623,13.09878836,6490650000,Consumer Services,2352600000,3.06634,
RPOWER,RELIANCE POWER,45901707275,14.15,4.81481481,8.84615385,32273767,456673803.05,13.39104872,13.45698979,13.84493312,12.71329389,73737900000,Utilities,31925400000,6.91559,
RELCAPITAL,RELIANCE CAPITAL,4207602968.999999,17.45,4.8048048,22.88732394,3582141,62508360.44999999,15.70863308,15.05932566,14.78882798,15.76270895,177090000000,Finance,-13180000000,27.3711,
TVSELECT,TVS ELECTRONICS,4772616300,268,4.78983382,21.10257569,644085,172614780,240.62770273,231.59424588,219.60580723,188.13260803,2246000000,Electronic Technology,262399999.99999997,22.9841,
KMSUGAR,KM SUGAR MILLS LTD,2686405194,30.65,4.78632479,-1.92,491585,15067080.25,30.69404029,30.89165806,30.61576513,27.10946312,5027315000,Process Industries,759600000,4.75887,
DCW,DCW,10636987373,42.8,4.77356181,4.64547677,662422,28351661.6,41.66893481,41.55267845,41.95618579,40.18216503,14642617000,Process Industries,2958645000,5.6612,
DATAMATICS,DATAMATICS GLOBAL,17667117020,313.9,4.77303071,1.11129006,193129,60623193.09999999,298.77694429,290.51438216,289.99227586,269.93097033,11490530000,Technology Services,1836440000,,
SPECIALITY,SPECIALITY RESTAUR,7578965531,169.25,4.76632621,6.01315377,310547,52560079.75,162.54905631,156.39722898,139.79173334,101.66038661,1501360000,Consumer Services,449700000,260.548,
HDIL,HOUSING DEVELOPMEN,3602430338,7.7,4.76190476,-13.48314607,3005085,23139154.5,7.6572794,7.06844721,6.14924507,5.40837433,,Finance,,,
TBZ,TRIBHOVANDAS BHIMJ,4537681732,71.55,4.75841874,2.50716332,199945,14306064.75,69.68196065,69.92387714,72.45969746,75.28301322,13419939000,Retail Trade,808907000,6.34834,
CLNINDIA,CLARIANT CHEMICALS,10524146332,477.75,4.74676606,0.1887386,32530,15541207.5,471.27640741,473.93907336,480.96531782,496.1526847,7242350000,Process Industries,721400000,10.2212,
KIOCL,KIOCL LTD,126533776881,218.6,4.74365117,-1.70863309,145569,31821383.4,219.01042401,223.4355677,232.18409736,235.54700848,23623545000,Non-Energy Minerals,4014400000,20.9964,
PTC,PTC INDIA LTD,24376283118,86.15,4.74164134,5.96555966,1278559,110147857.85,82.21157421,83.13025817,88.88794574,96.3313149,178770800000,Utilities,18354100000,6.6398,123534000000
EIHAHOTELS,EIH ASSOC HOTELS,13288683081,458.75,4.73744292,10.13083663,51972,23842155,433.83108473,415.88282198,391.15651296,356.01682365,1013940000,Consumer Services,256880000,,
ACRYSIL,ACRYSIL LTD,22182112058,868.95,4.73693726,8.72747748,204828,177985290.60000002,821.95337032,791.06320529,771.35551208,678.61536037,3015393000,Consumer Durables,954403000,15.5143,
SPENCERS,SPENCERS RETAIL,7255626919,84.15,4.72930927,2.37226277,361735,30440000.25,81.61702852,81.99353445,87.12332249,95.75006512,24280704000,Retail Trade,418908000,188.381,
GICHSGFIN,GIC HOUSING FINANC,7054489223,137.1,4.69644903,0.73475386,110806,15191502.6,134.79070317,135.95981199,140.70093713,145.40921234,12288000000,Finance,3538600000,10.8843,
SPICEJET,SPICEJET LTD,32707645969,56.95,4.6875,0.08787346,5223341,297469269.95,56.62488704,57.71319228,60.18211693,67.33527425,51426500000,Transportation,-5879310000,,
LATENTVIEW,LATENT VIEW ANALYTICS LTD,84688312416,442.55,4.68361916,6.81873039,1142072,505423963.6,426.80181459,428.9134385,460.73811838,,3058790000,Commercial Services,,,
SHIVAMAUTO,SHIVAM AUTOTECH LTD,3642222104,31.3,4.68227425,22.50489237,379208,11869210.4,28.223425,27.17174072,27.11579261,26.11173531,4874115000,Producer Manufacturing,799066000,7.78402,
WELSPUNIND,WELSPUN INDIA,82194273742,95.1,4.67804073,-1.60372478,2016646,191783034.6,95.36367433,99.42734555,111.40247952,120.05961305,69081870000,Consumer Non-Durables,14940900000,11.3732,
KOLTEPATIL,KOLTE-PATIL DEVELO,21459845568,295.5,4.67587673,4.69441984,548791,162167740.5,285.72916167,285.07201883,289.54002058,283.09476002,6917400000,Finance,1846500000,33.9025,
RTNPOWER,RATTANINDIA POWER,28622664341,5.6,4.6728972,-3.44827586,8252626,46214705.59999999,5.63466491,5.68746785,5.85906857,5.32356368,15598612000,Utilities,8373900000,13.1806,
SOUTHBANK,SOUTH INDIA BANK,15737412030,7.85,4.66666667,-0.63291139,7407154,58146158.9,7.76871527,7.88984305,8.22789325,9.03252464,84906143000,Finance,,,
SHRIRAMCIT,SHRIRAM CITY UNION,108201256258,1699.8,4.66104304,4.81270233,46802,79554039.6,1616.63921386,1607.49520336,1664.13829589,1765.91676375,60560755000,Finance,16459700000,7.30854,
PANAMAPET,PANAMA PETROCHEM L,16039878401,277.5,4.63800905,1.62973814,113626,31531215,267.94387298,262.71005604,262.20207335,247.62562739,14469621000,Process Industries,3061060000,4.56208,
ATGL,ADANI TOTAL GAS LTD,2363216863403,2249.5,4.63764071,9.48603134,239008,537648496,2057.92020383,1938.26141919,1823.16688822,1516.75171816,16956000000,Utilities,8465299999.999999,149.17,
CHEMCON,CHEMCON SPECIAL CHEM LTD,9762081326,278.95,4.6127883,-6.23529412,148119,41317795.05,276.17201155,281.23093748,304.17634476,372.05025458,2432684000,Process Industries,749530000,15.4562,
SPTL,SINTEX PLASTICS TE,3479747511,5.7,4.58715596,-4.20168067,5797984,33048508.8,6.0035553,6.60140592,7.85470165,7.6895312,8583700000.000001,Producer Manufacturing,857800000,50.9749,
HCL_INSYS,HCL INFOSYSTEMS,6106843392,19.4,4.58221024,1.30548303,591107,11467475.8,19.08883148,19.38436446,20.08174022,17.47950453,3527500000,Technology Services,-1818600000,,
FDC,FDC LTD,43367306942,268.85,4.57020615,4.65161541,211510,56864463.50000001,261.25372462,264.56478493,275.72946153,302.62393476,13244697000,Health Technology,2860850000,12.9329,
ORIENTCEM,ORIENT CEMENT LTD,29173310053,148.8,4.56781448,-0.40160643,374921,55788244.80000001,145.50762875,145.8230249,150.98266204,148.58832416,23240870000,Non-Energy Minerals,6402688000,4.73085,
ROHLTD,ROYAL ORCHID HOTEL,3352732738,127.15,4.56414474,4.30680886,146579,18637519.85,122.12475606,116.52509054,106.37213448,91.25195711,808500000,Consumer Services,190345000,,
RPGLIFE,RPG LIFE SCIENCES,9256060046,586,4.55883665,1.92190625,30061,17615746,567.49250702,558.40314262,561.66909713,556.03240305,3837900000,Health Technology,855100000,9.08603,
STARHEALTH,STAR HEALTH & AL INS CO L,408994877418,742.7,4.53937645,4.6941077,352764,261997822.8,695.03157213,684.79782629,711.07027243,,54468250000,Finance,,,
SOTL,SAVITA OIL TECHNOL,14511778477,1098.55,4.52426261,-2.33374822,9273,10186854.15,1081.5499349,1072.92049606,1089.17844545,1178.67885212,18988994000,Process Industries,3897542000,4.44581,
NRBBEARING,NRB BEARINGS,11150945402,120.2,4.52173913,2.86692341,189413,22767442.6,116.9160429,119.04492039,130.47742081,136.694782,7544900000,Producer Manufacturing,1559600000,12.2992,
SCHNEIDER,SCHNEIDER ELECTR,28321872148,123.9,4.51286377,9.59752322,1209881,149904255.9,117.48472855,115.05225799,113.04312194,111.29805067,12945860000,Distribution Services,642590000,39.192,
RAJRATAN,RAJRATAN GLOBAL WIRE LTD,26352686883,538.95,4.50843514,-0.32365452,35512,19139192.4,529.81969123,520.2661421,502.1079601,418.46286556,5465400000,Producer Manufacturing,1664400000,10.0636,
TATAINVEST,TATA INVESTMENT,68586985772.99999,1417.5,4.49686694,5.85072621,128282,181839735,1362.41114914,1358.85228496,1379.35980856,1334.65237176,1250177000,Finance,2094087000,35.2941,
KESORAMIND,KESORAM INDUSTRIES,12786343164,54.65,4.49330784,7.05190989,508274,27777174.1,52.74158279,53.03043003,56.01230529,63.99350714,26527700000,Consumer Durables,5293700000,7.81187,
TAJGVK,TAJ GVK HOTELS,9555707627,159.45,4.48885976,11.23125218,1252378,199691672.1,149.35204869,144.24788674,139.03850128,135.89850041,930624000,Consumer Services,437600000,,
JAICORPLTD,JAI CORP LTD,19495597153,114.2,4.48307411,2.37561632,2069428,236328677.6,111.16851668,111.70435326,116.17964275,120.95983182,4715081000,Process Industries,627900000,31.369,
PRSMJOHNSN,PRISM JOHNSON LTD,58112514168,120.35,4.47048611,3.48237317,401106,48273107.09999999,117.81675963,119.13049224,123.20913343,124.11356734,55827200000,Non-Energy Minerals,6230100000,12.8682,
SWSOLAR,STERLING & WILSON SO LTD,60208661422,332.25,4.46470681,8.50751143,996693,331151249.25,318.92998362,322.04786715,339.72888594,344.81082789,50512200000,Industrial Services,-11330900000,,
FINCABLES,FINOLEX CABLES,57772838070,394.5,4.46180326,3.17771675,260113,102614578.5,384.41072748,394.04012551,430.03555624,464.3690266,27681100000,Producer Manufacturing,4435500000,11.6635,
RAIN,RAIN INDUSTRIES LTD,65200604772,202.6,4.43298969,-0.54000982,2038170,412933242,196.01892639,194.81379093,202.42033272,205.52571968,144929570000,Non-Energy Minerals,23281050000,,
MTNL,MAHANAGAR TELEP NI,14206499519,23.6,4.42477876,4.19426049,2718962,64167503.2,22.99007942,23.3266546,24.55497891,22.66468668,13877100000,Communications,-1763300000,228.206,
MOL,MEGHMANI ORGANICS LTD,26512257877,108.9,4.41035475,-0.2290426,1021637,111256269.30000003,104.58056656,102.22336397,102.54136644,,16152423000,Process Industries,,,
JBMA,JBM AUTO LTD,51703558182,456.55,4.40201235,0.21951487,111508,50908977.4,447.68750175,454.02178232,471.51044671,369.343316,19820431000,Producer Manufacturing,3042900000,13.5332,
CAMS,COMPUTER AGE MNGT SER LTD,113172405770,2417.7,4.39795324,2.37767568,212272,513210014.4,2365.04174157,2391.60329756,2500.04051798,2630.63272842,7054958000,Finance,4010101000,28.9773,
BASML,BANNARI AMMAN SPIN,5034971551,80.75,4.3956044,2.67005722,143208,11564046,78.23359796,77.42573744,77.82548528,71.90926244,10185373000,Process Industries,1824791000,9.98699,
ATULAUTO,ATUL AUTO LTD,3550409691,168.5,4.36667699,0.83782166,202620,34141470,165.04802788,168.65893816,178.71434157,194.32773638,2956300000,Consumer Durables,-211000000,,
LINCOLN,LINCOLN PHARMA LTD,6220999756,324.15,4.36252415,0.32497679,49353,15997774.95,318.21183737,318.15932176,325.09099068,327.69562008,4152125000,Health Technology,932789000,4.47151,
ORBTEXP,ORBIT EXPORTS LTD,3354425373,128.1,4.35845214,-3.43007916,109308,14002354.8,127.29659638,124.49767521,115.37605389,91.62575705,668267000,Process Industries,254309000,106.47,
VISESHINFO,VISESH INFOTECNICS,4265113253.000001,1.2,4.34782609,4.34782609,32809685,39371622,1.15703032,1.18139811,1.15198255,0.65695586,4147818,Technology Services,,,
GEOJITFSL,GEOJIT FINANCIAL S,14937282562,65.2,4.32,7.50206101,933448,60860809.6,61.50389097,62.65811858,67.28883262,71.14763841,4249108000,Finance,2283299000,2.9171,
DOLATALGO,DOLAT ALGOTECH LTD,14889599731,88.35,4.30932704,0.68376068,227720,20119062,84.65466712,83.03191908,83.01773422,83.32367175,2839647125.47,Finance,2502576000,6.24443,
NDL,NANDAN DENIM LTD,9009198189,65.4,4.3062201,3.56294537,309818,20262097.2,61.27582217,58.01362482,52.38062226,36.7772746,10882670000,Process Industries,1785203000,8.15283,
GLS,GLENMARK LIFE SCIENCE LTD,56239970238,478.5,4.29380994,-3.10823124,72520,34700820,472.90758597,474.82154455,504.3839916,,18733190000,Health Technology,6447520000,,
POWERMECH,POWER MECH PROJECT,12326884816,871.55,4.28357762,0.3511802,19230,16759906.5,855.18155247,866.27303604,892.21798003,860.75049485,18840850000,Industrial Services,2660630000,,
SIRCA,SIRCA PAINT INDIA LTD,12738935448,484.75,4.28095084,4.10179319,38553,18688566.75,462.75253009,459.13650002,467.82622216,433.22841386,1431019000,Process Industries,376520000,32.7525,
FIEMIND,FIEM INDUSTRIES LTD,11845162746,938.6,4.2715103,-1.21039891,35598,33412282.8,933.98620078,957.06752284,1020.46610618,999.02707575,12188294000,Producer Manufacturing,1837887000,5.22217,
ASHOKA,ASHOKA BUILDCON LTD,24072014877,89.45,4.25407925,-0.05586592,888234,79452531.3,88.26041391,89.32386884,92.23432601,96.47829405,49883161000,Industrial Services,16828475999.999998,5.9186,
DCBBANK,DCB BANK LTD,21581767558,72.35,4.25072046,-1.96476965,1419221,102680639.35,71.5663571,72.41765477,76.1563603,87.27631278,39167100000,Finance,,,
AJMERA,AJMERA REALTY & IN,11612425254,341.05,4.24881553,5.71915685,33152,11306489.6,330.26348927,336.32067996,348.86403224,312.13278308,3467167000,Finance,1016200000,12.7924,
AKSHARCHEM,AKSHARCHEM (INDIA),2797125231,363.7,4.24190312,0.59466187,32714,11898081.8,359.67294006,365.41468056,386.3992899,398.1170953,2377636000,Process Industries,375613000,12.8479,
IRB,IRB INFRASTRUCTURE,151911052984,261.9,4.23880597,11.04515582,1574410,412337978.99999994,242.95186196,238.377277,238.17665088,208.37874182,52986300000,Industrial Services,29160039000,7.53624,
IIFLSEC,IIFL SECURITIES,26937142174,92.3,4.23489554,3.01339286,316904,29250239.2,89.5994123,88.82389756,89.38958394,87.04555705,8892820000,Finance,4460818000,0.350199,
SIYSIL,SIYARAM SILK,19676058609,437.2,4.2193087,3.1740413,137504,60116748.8,425.64044242,431.01674082,440.74977831,402.29234172,10892457000,Process Industries,2955600000,16.5742,
MSPL,MSP STEEL & POWER,4131648994.999999,11.15,4.20560748,2.29357798,946235,10550520.25,11.07486143,11.38190249,11.88849499,11.07535299,17231344000,Non-Energy Minerals,1513680000,9.25817,
APARINDS,APAR INDUSTRY LTD,24889908600,676.55,4.20485175,5.47197755,31996,21646893.8,655.06759182,651.37525183,664.63550394,642.99985252,63747000000,Producer Manufacturing,4733100000,4.26742,
RAMCOIND,RAMCO INDUSTRIES,18294571528,219.65,4.19829222,3.58406036,55878,12273602.7,213.22154957,216.18959924,227.93749893,252.63074057,12092285000,Non-Energy Minerals,2273300000,10.9408,
PNBGILTS,PNB GILTS,10728603583,62.1,4.19463087,0.48543689,240583,14940204.3,61.04563701,61.64346162,63.41461715,64.06756244,10522449000,Finance,1422851000,-0.181308,
CUB,CITY UNION BANK,95443441466,134.3,4.18929403,7.69847634,1967024,264171323.2,126.62683073,125.45652214,129.54646205,145.34444546,48392029000,Finance,,,
ISGEC,ISGEC HEAVY ENG LTD,37786821161,534.8,4.18858367,-0.54858205,92227,49322999.59999999,534.77507764,545.53042817,569.69949581,635.35147309,52701661000,Producer Manufacturing,3233600000,13.4344,
VARDHACRLC,VARDHMAN ACRYLICS,4319550972,56,4.18604651,10.56268509,529704,29663424,51.85883155,51.81934847,53.34537079,53.79235363,2801762000,Consumer Non-Durables,590700000,0.282579,
INVENTURE,INVENTURE GROWTH &,3032400112,3.75,4.16666667,2.73972603,6862085,25732818.75,3.69251102,3.77518601,3.92099098,3.47889151,406179864,Finance,230200000,8.40121,
JKCEMENT,JK CEMENTS LTD,187832736513,2532.5,4.16238226,11.02829961,260447,659582027.5,2408.43434058,2465.69818389,2737.27558211,2985.72081437,65436352000,Non-Energy Minerals,15425665000,15.7942,
HUDCO,HOUSING & URBAN,65462132326,34.1,4.1221374,-2.57142857,2088126,71205096.60000001,34.04396895,34.46054197,36.11576892,40.25269508,72627800000,Finance,21134500000,9.76229,
PDMJEPAPER,PUDUMJEE PAPER PRO,3684059809,40.45,4.11840412,3.45268542,333163,13476443.35,39.22323178,38.6372524,38.28949301,36.76225615,4365507000,Process Industries,763697000,2.53521,
ROSSARI,ROSSARI BIOTECH LTD,50296759881,949,4.10267661,2.0539843,79941,75864009,928.19455177,945.88999823,1031.66684334,1168.76665791,7091230000,Process Industries,1629810000,42.5681,
PGHL,PROCTER & GAMBLE HEALTH L,66496295117,4166.4,4.09754148,-1.41381636,38941,162243782.39999998,4164.31982208,4283.46675666,4557.30520917,5127.56957307,10081500000,Health Technology,2190800000,34.8914,85737500000
AMARAJABAT,AMARA RAJA BATTERI,91581126045,558.35,4.09209545,0.3685062,848942,474006765.7000001,553.81290613,561.86397002,582.6848824,659.84142764,71375200000,Producer Manufacturing,11201800000,12.4889,
LGBBROSLTD,LG BALAKRISHNA & B,16851448526,559.15,4.08600149,2.98370016,77017,43064055.55,549.65055618,560.02220351,583.7991715,525.00107416,16011437000,Producer Manufacturing,3723025000,3.60774,
LAXMIMACH,LAKSHMI MACHINE,102875147567,10010.65,4.08082635,2.72179695,14421,144363583.65,9904.59804344,9995.60045047,10046.98455611,8874.7929717,17184231000,Producer Manufacturing,2004044000,84.3573,
TIRUMALCHM,THIRUMALAI CHEM,27235238571,276.75,4.04135338,14.26507019,2274784,629546472,256.41142115,245.11754198,239.11114552,216.5406264,10843100000,Process Industries,4183200000,3.26386,
INDIANB,INDIAN BANK,191548854533,160.1,4.02858999,7.48573347,2416563,386891736.3,152.71510141,151.07567951,149.69430469,142.2868896,456489600000,Finance,,,
DCMSRIND,DCM SHRIRAM IND LTD,7981532503,95.75,4.01955459,-0.26041667,217190,20795942.5,95.50569936,96.56772232,97.47181698,,18799605000,Process Industries,1479900000,8.04084,
VSSL,VARDHMAN SPECIAL S,9243889223,237.2,3.9894783,-4.43190975,61198,14516165.6,236.48952986,238.85841702,243.4708732,234.19322314,9368236000,Non-Energy Minerals,1891228000,6.27551,
WALCHANNAG,WALCHANDNAGAR IND,1913027644,52.3,3.97614314,-1.78403756,304239,15911699.7,52.5506406,52.91963053,53.43445581,56.61691852,3256400000,Producer Manufacturing,130500000,27.4371,
PNBHOUSING,PNB HOUSING,63519506168,391.8,3.96709566,1.64742509,243931,95572165.8,386.77247737,394.50982001,419.64665174,487.22146929,76287900000,Finance,18834700000,7.29248,
DCMNVL,DCM NOUVELLE LTD,4374328461,242,3.95189003,-12.30295343,89367,21626814,246.52476704,249.19188429,261.37635723,234.26952311,5574811000,Process Industries,1806200000,6.02023,
ABCAPITAL,ADITYA BIRLA CAPIT,260115991749,111.9,3.94797956,2.47252747,3327521,372349599.9,108.54503858,108.18010288,110.83619092,111.76298376,188997600000,Finance,27973500000,12.9995,
TNPETRO,TAMILNADU PETRO PR,10283738846,118.65,3.94218134,11.72316384,2531334,300342779.1,107.77869857,104.97184952,104.02386663,102.72570534,11452159000,Process Industries,2813000000,1.09808,
COFFEEDAY,COFFEE DAY ENTERPR,11513218971,56.75,3.93772894,-1.13240418,3470618,196957571.5,56.48025308,57.13501608,56.98711339,52.08412521,8534200000.000001,Consumer Services,-485500000,,
ARIHANTSUP,ARIHANT SUPERSTRUC,5394017106,136.4,3.92380952,13.76146789,125450,17111380,129.05217237,133.83905686,148.78483237,140.24287298,2629125000,Finance,734868000,9.30929,10176600000
CONFIPET,CONFIDENCE PETRO IND LTD.,17736545393,64.9,3.92313851,-2.47933884,795239,51611011.1,65.2908008,66.55204922,69.39423124,68.90942671,8631001000,Energy Minerals,1993800000,11.2308,
WONDERLA,WONDERLA HOLIDAYS,13325343562,244.3,3.91322841,7.90636042,153361,37466092.30000001,233.47656528,229.55540333,224.09594957,219.4513404,384211000,Consumer Services,31816000,,
SMCGLOBAL,SMC GLOBAL SECURITIES LTD,8869741274,81.3,3.89776358,9.93914807,188238,15303749.4,77.38584174,76.19997049,76.25963,77.40293966,8993761000,Finance,2347059000,0.435146,
ZYDUSWELL,ZYDUS WELLNESS LTD,95495941501,1559.6,3.89368151,5.72484154,48929,76309668.39999998,1503.54700162,1511.72193499,1590.00607768,1850.58510123,18659000000,Consumer Non-Durables,3486100000,35.647,
MAHABANK,BK OF MAHARASHTRA,112399298055,17.35,3.89221557,-0.5730659,3559423,61755989.05000001,17.35112575,17.66779438,18.45326876,19.51113732,144947077000,Finance,,,149814000000
PARAGMILK,PARAG MILK FOODS,9182023226,100.5,3.87596899,0.70140281,638140,64133070,98.74817914,99.78035526,104.58799439,116.7823518,18256120000,Consumer Non-Durables,1654470000,11.0333,
LIKHITHA,LIKHITHA INFRASTRUC LTD,5707428981,300.65,3.8694075,-0.16603022,72293,21734890.45,297.97129484,301.4606921,313.87927833,327.76654307,1906217079,Industrial Services,594462000,13.9617,
SHILPAMED,SHILPA MEDICARE,34473372126,413.55,3.85484681,3.36165959,176517,72998605.35000002,405.11332476,412.21484789,446.99129442,505.97541656,9001590000,Health Technology,1563321000,19.3985,
EXIDEIND,EXIDE INDUSTRIES,128392502594,156.9,3.83851754,2.24828935,3799562,596151277.8000001,153.37232335,153.49042132,157.40283366,168.95732595,152783800000,Producer Manufacturing,15606500000,8.91248,
MIDHANI,MISHRA DHATU NIGAM,30986034251,172,3.83338364,0.58479532,618387,106362564,168.85495517,170.52347867,175.22980138,184.1912824,8132308000,Non-Energy Minerals,2435250000,13.4449,
CESC,CESC,100610798007,78.75,3.82333553,1.67850226,1959890,154341337.5,76.92558659,77.17596342,79.75875483,80.84637461,115851100000,Utilities,30670000000,6.47924,
ANUP,THE ANUP ENGINEERI,7857490796,824.7,3.82073393,-1.04391649,13196,10882741.2,816.67207552,826.0875768,866.6316299,895.74250112,2762488000,Producer Manufacturing,816830000,8.22191,
GODREJAGRO,GODREJ AGROVET LTD,84961950172,459,3.81092389,-0.15227322,293183,134570997,456.77293856,465.42622001,486.67981434,537.67212394,62496900000,Process Industries,6084000000,20.5972,
UNICHEMLAB,UNICHEM LABS,18330136521,269.8,3.80915737,10.30253475,84050,22676690,254.13252536,252.69968116,254.12728011,263.97330187,12048666000,Health Technology,295059000,30.5946,
GANESHBE,GANESH BENZOPLAST LTD,6376250774,106.35,3.80673499,4.3158411,283801,30182236.35,102.94135815,101.77715843,99.84106307,,2702710000,Process Industries,624930000,4.65876,
UFO,UFO MOVIEZ INDIA,3873437735,105.55,3.78564405,2.77507303,575073,60698955.15,102.25376018,100.56843781,99.13780159,97.17219683,826535000,Consumer Services,-539500000,,
APCOTEXIND,APCOTEX INDUSTRIES,18474951548,372.45,3.77542491,0.64856101,49707,18513372.15,361.24861004,358.91216107,360.61057504,344.40093304,5392628000,Process Industries,1246612000,13.0672,
BLUESTARCO,BLUE STAR,101240346301,1091.75,3.77358491,10.23880446,206232,225153786,1031.13310192,1019.79438217,1010.97265982,944.457457,42441100000,Producer Manufacturing,3053300000,39.8306,
RCOM,RELIANCE COMM LTD,7411628515,2.75,3.77358491,-1.78571429,8132217,22363596.75,2.76606388,2.86671688,3.08295916,3.06486125,7600000000,Communications,-230000000,,
KRBL,KRBL LTD,47431063354,209.2,3.76984127,-4.12465628,798170,166977164,207.72232718,207.4780409,215.10960115,237.81704245,39914300000,Process Industries,7086100000,5.26719,
TIDEWATER,TIDE WATER OIL (INDIA) LTD.,19358935813,1153.1,3.76136057,-1.19955445,28215,32534716.5,1152.76064102,1185.08892494,1284.67030423,1508.37653513,12584800000,Energy Minerals,1448400000,7.69676,
INDNIPPON,INDIA NIPPON ELECT,9612974287,440.9,3.75338275,-0.05667007,35452,15630786.8,438.88139842,444.71668409,452.24109936,418.12304554,4807280000,Producer Manufacturing,537600000,14.0741,
ALOKINDS,ALOK INDUSTRIES LTD,125868854213,26.3,3.74753452,2.734375,16599560,436568428,25.45301457,25.3345723,25.76498431,24.89571902,37915600000,Process Industries,6568400000,134.289,
HERITGFOOD,HERITAGE FOODS LTD,14838079453,332.25,3.7470726,0.91116173,75965,25239371.25,324.09079055,325.62249252,343.12430943,388.74250156,24731130000,Consumer Non-Durables,2047610000,5.1133,
LUMAXTECH,LUMAX AUTO TECHNOL,11402783349,173.8,3.73022978,-0.7424329,88542,15388599.6,171.76727571,172.02529476,172.54821171,159.07609809,11079285000,Producer Manufacturing,1486733000,10.8806,
MAWANASUG,MAWANA SUGARS LTD,5208410103,137.65,3.73021854,-3.36960337,306750,42224137.5,139.91251713,137.28192635,121.21509692,90.88962643,14061140000,Consumer Non-Durables,1252740000,9.25654,
ALKYLAMINE,ALKYL AMINES,146056980464,2964.75,3.71517028,3.33019657,78036,231357231,2890.13844159,2914.23727959,3040.3186979,3202.47650687,12388125000,Process Industries,3861221000,26.8242,
EVERESTIND,EVEREST INDUSTRIES,11165142736,738.8,3.7130624,1.87534473,89917,66430679.59999999,721.85793064,697.47491432,648.51188902,515.18411964,12175116000,Producer Manufacturing,890700000,2.62888,
ONMOBILE,ONMOBILE GLOBAL LTD,12123118380,118.95,3.70531822,2.49892288,950726,113088857.7,116.32005564,118.18788458,121.91252608,115.59873587,5512920000,Communications,515390000,10.6517,9453750000
SUTLEJTEX,SUTLEJ TEXTILES,11656407171,74.25,3.70111732,0.88315217,136396,10127403,72.88422094,73.59363574,76.67674653,71.21039234,18662400000,Process Industries,3275800000,17.2388,
KTKBANK,KARNATAKA BANK,17238479393,57.5,3.69702435,-0.17361111,1657765,95321487.5,56.96317447,57.765256,60.18376359,62.93981666,77293643000,Finance,,,
BOMDYEING,BOMBAY DYEING &MFG,20343687340,102.05,3.65667852,3.28947368,2910299,296996012.95,99.42130495,100.15225213,102.62515855,97.52924485,11824700000,Process Industries,1272000000,131.926,
AVADHSUGAR,AVADH SUGAR ENERGY,14561398663,753.35,3.63873985,3.44661861,153262,115459927.7,732.23160506,707.33489332,646.0634381,501.21069481,26518605000,Process Industries,3249298000,8.49158,
GTL,GTL LTD,1730264618,11.4,3.63636364,-2.9787234,1130047,12882535.8,11.68952324,12.64682773,14.71843946,15.14854196,2209600000,Technology Services,414517000,36.3668,
MMTC,MMTC,66225002289,45.7,3.62811791,-0.32715376,2380516,108789581.2,45.31758936,45.95044426,46.76906303,45.06973988,300014700000,Distribution Services,,,
HLEGLAS,HLE GLASCOAT LTD,74289904504,5643.1,3.62107273,-1.9997395,16798,94792793.80000003,5624.69079961,5645.0959721,5753.50072468,5039.72742716,4844893000,Producer Manufacturing,984866000,31.6989,
INFIBEAM,INFIBEAM AVENUES L,51786610103,20.05,3.61757106,-1.47420147,8272174,165857088.70000002,20.07988709,20.2907139,20.53598085,21.18269465,6760350000,Commercial Services,1373400000,42.3603,
BCG,BRIGHTCOM GROUP,169091788660,102.15,3.60040568,13.12292359,6575646,671702238.9000001,88.73108855,82.7492284,82.87581837,62.69112779,28557982114,Technology Services,13494483000,0.338349,
GRWRHITECH,GARWARE HI-TECH FILMS LIM,16197626198,723.4,3.59444365,-2.69688614,15303,11070190.2,718.60887154,728.32793654,,,9738989000,Process Industries,2347200000,7.38612,
RAMKY,RAMKY INFRASTRUCTU,12251469294,182.55,3.57446809,1.7842208,98676,18013303.8,178.61129785,182.12568978,191.6639572,169.98585536,10562960000,Industrial Services,1104390000,25.0928,
TALBROAUTO,TALBROS AUTO,5616644379,471.2,3.56043956,-0.71639275,50096,23605235.2,466.40259241,466.15106329,467.25063408,381.07450701,4441972000,Producer Manufacturing,764320000,6.07266,
ARIES,ARIES AGRO LTD,1777042875,141.25,3.55571848,-0.73787772,174169,24601371.25,139.32264626,138.73782922,140.89750439,138.04187466,3814696701,Process Industries,547084000,4.14834,
REDINGTON,REDINGTON INDIA LTD,113272123519,150.1,3.55294929,1.69376694,3805912,571267391.1999999,146.90584392,148.66395164,152.12214949,142.67941993,569458600000,Electronic Technology,17262400000,3.41852,
VISAKAIND,VISAKA IND,10121452946,607.7,3.552867,0.1070752,18670,11345759,600.26537676,596.70695878,601.54185333,610.26226542,11448847000,Process Industries,2004626000,3.94851,
SASTASUNDR,SASTASUNDAR VENTUR,11335671581,370.8,3.54649539,2.700457,29806,11052064.8,363.68507488,372.02160716,399.07991514,367.95178508,5457715000,Retail Trade,-383924000,,
EROSMEDIA,EROS INTL MEDIA,2986813740,32.2,3.53697749,7.33333333,1621508,52212557.6,29.96309432,28.80119335,26.13085824,22.96705922,2619700000,Consumer Services,-1508000000,10.0777,
BDL,BHARAT DYNAMICS LTD,100181526775,568.6,3.51356272,1.8905116,960749,546281881.4,552.84476652,533.94542703,495.42793295,428.28261477,19436776000,Electronic Technology,6662793000,11.4338,
MATRIMONY,MATRIMONY COM LTD,15266571675,694.3,3.51099515,0.60131855,30162,20941476.6,689.80507077,701.32644142,750.0366914,860.27721645,3778790000,Technology Services,856570000,28.1753,
HNDFDS,HINDUSTAN FOODS LTD,38743726410,1892.25,3.50910782,1.14386509,28033,53045444.25,1881.77937408,1896.73507598,1924.74347246,1899.58809168,13842172000,Distribution Services,1069839999.9999998,56.3516,
JINDALSAW,JINDAL SAW LTD,28793859470,93.25,3.49611543,-0.63931806,1237830,115427647.5,90.97822415,91.01907496,93.99375678,100.22408458,106170326000,Producer Manufacturing,14795200000,5.56827,
NEWGEN,NEWGEN SOFTWARE,32585365946,481.9,3.48974552,-4.10904388,142165,68509313.5,489.63111718,499.85926433,525.03052821,526.81280133,6726244000,Technology Services,1936069000,8.51902,
MRPL,MANGALORE REF &PET,72732848328,43.05,3.48557692,3.36134454,1290198,55543023.9,41.99609852,42.10347219,42.86178783,44.01370583,320440790000,Energy Minerals,28939900000,48.6407,
LIBERTSHOE,LIBERTY SHOES,2494656030,151.5,3.48360656,3.48360656,88526,13411689,147.20362591,146.50590692,149.09867906,155.28704439,4574074780,Consumer Non-Durables,576141000,4.52072,
TEXRAIL,TEXMACO RAIL & ENG,13421975224,43.15,3.47721823,0.93567251,1605836,69291823.39999999,41.07556059,39.48809738,37.89802258,34.8740655,16888479000,Producer Manufacturing,1604899000,10.4784,
SHEMAROO,SHEMAROO ENTERTAIN,3677757092,140.1,3.47119645,5.33834586,73601,10311500.1,135.78019874,131.22192641,126.07283171,122.72692177,3111139000,Consumer Services,382400000,29.5265,
VIVIMEDLAB,VIVIMED LABS LTD,1198106093,15,3.44827586,-4.15335463,677025,10155375,15.6643547,16.51851772,18.0482239,20.11574234,8614675000,Health Technology,-233222000,,
GAYAPROJ,GAYATRI PROJECTS,4343009628,24.05,3.44086022,11.34259259,1995826,47999615.30000001,22.68646293,22.77374517,24.70103743,32.01418185,39005189000,Industrial Services,-499064000,5.38287,
CENTENKA,CENTURY ENKA,12158759873,574.2,3.4221902,2.94012191,71086,40817581.20000001,562.90965604,556.77880481,536.65379704,456.00453284,12208200000,Process Industries,2628800000,1.79996,
GILLETTE,GILLETTE INDIA LTD,157922628978,5014.6,3.40127638,2.09187984,15218,76312182.80000003,4910.44637127,4941.7555042,5051.64534629,5388.39645388,20094200000,Consumer Non-Durables,4320500000,39.3964,170770000000
HINDZINC,HINDUSTAN ZINC,1308581298698,320.65,3.38545865,3.16924067,1338498,429189383.7,312.84071155,313.65289,317.23102022,316.46301957,216920000000,Non-Energy Minerals,151380000000,9.2043,
SHALBY,SHALBY LTD,12615540955,120.95,3.37606838,-3.16253002,101685,12298800.75,121.07161853,123.4891346,129.56503861,142.33510412,4308960000,Health Services,924799000,10.9383,
KOTHARIPET,KOTHARI PETROCHEM,5060790176,88.9,3.37209302,-6.66666667,198833,17676253.7,90.67343756,91.52725295,88.81782379,67.09842519,2280340000,Process Industries,482039000,3.79386,
ZUARI,ZUARI AGRO CHEMICA,5627361370,138.45,3.35946249,2.89855072,170797,23646844.65,135.93818767,133.7904728,129.61550938,120.77567197,24037450000,Process Industries,,9.79318,
ENGINERSIN,ENGINEERS INDIA,35970710938,66.2,3.35675254,2.55615802,1297325,85882915,64.69505382,64.34313098,65.57191168,70.45261796,31441694000,Industrial Services,4056152000,8.98666,
RIIL,RELIANCE IND INFRA,11751575297,804.4,3.35346268,4.58978026,701856,564572966.4,770.67119376,764.21499895,782.29860506,724.70144563,543140000,Industrial Services,42590000,90.4451,
KARURVYSYA,KARUR VYSYA BANK,37033491278,47.85,3.34773218,3.34773218,2498194,119538582.9,46.5323989,46.81496244,47.83064405,48.64070035,65268511000,Finance,,,-2759670000
GTLINFRA,GTL INFRASTRUCTURE,18556291269,1.55,3.33333333,3.33333333,71437605,110728287.75,1.53460481,1.60372459,1.73314965,1.71796914,14096800000,Industrial Services,4012900000,13.5297,
HIMATSEIDE,HIMATSINGKA SEIDE,14827647891,155.5,3.32225914,2.94604436,294647,45817608.5,152.83906842,158.36837397,179.02572932,203.4844386,21583695000,Process Industries,5575200000,18.6783,
JAGRAN,JAGRAN PRAKASHAN L,17119322323,67.1,3.31023865,3.23076923,781062,52409260.19999999,65.30998585,65.80585858,66.85995507,63.73028642,12891826000,Consumer Services,3766047000,7.77461,
MANORG,MANGALAM ORGANICS LTD,7704142552,928.95,3.30275229,1.11020408,18299,16998856.05,906.02565507,900.49774319,932.1641009,,3382366811,Process Industries,1307071000,3.35178,
CARERATING,CARE RATINGS LTD,15181996158,527.3,3.30100891,2.13054426,79470,41904531,513.61114395,516.63291643,539.94967221,587.79302675,2484469000,Commercial Services,876863000,7.56246,
CREDITACC,CREDITACCESS GRAME,132338321093,877.65,3.28939626,4.50080371,307263,269669371.95,831.15619817,794.60466436,732.91340678,670.65093431,24660700000,Finance,10841200000,9.70065,
BALMLAWRIE,BALMER LAWRIE,19280683548,116.4,3.28305235,0.25839793,275508,32069131.2,115.21441216,116.44885859,119.48447209,124.27661345,15256248000,Producer Manufacturing,1948531000,11.3725,
SUZLON,SUZLON ENERGY LTD,84431788711,9.45,3.27868852,1.06951872,22890882,216318834.89999995,9.38854154,9.54771001,9.72809119,8.32537112,33457199999.999996,Utilities,7474600000,20.0899,
SIS,SIS LTD,71390925327,500.95,3.27801258,0.58227086,74844,37493101.8,489.17723613,484.99025917,483.67385205,469.18765177,91273040000,Commercial Services,4974370000,11.7198,
KSL,KALYANI STEELS,12927852593,306.1,3.27260459,-3.20948617,38328,11732200.8,304.04721704,303.94020153,309.12372636,332.21351173,11792430000,Producer Manufacturing,3455220000,3.54804,
MANYAVAR,VEDANT FASHIONS LTD,234297545033,998.45,3.25766586,7.27946707,137843,137629343.35,943.10152552,919.67778813,,,5642060000,Consumer Non-Durables,,,
TATAMETALI,TATA METALIKS,24325725884,796.55,3.25361333,-1.34992879,91607,72969555.85,795.7120854,801.02224213,816.60366483,890.40592116,19166650000,Non-Energy Minerals,4642200000,6.78091,
OMAXE,OMAXE LTD,14668623008,82.55,3.25203252,-1.13772455,171491,14156582.05,83.39485625,85.52670748,87.30746711,83.76033331,4757000000,Finance,-492500000,,
ARMANFIN,ARMAN FINANCIAL SE,8402846670.000001,1022.8,3.21929559,8.79115035,10386,10622800.8,971.79973604,928.8636001,877.79298615,822.57636873,1932607000,Finance,616983000,11.5438,
GODFRYPHLP,GODFREY PHILLIPS,52524261838,1041.9,3.19928685,-2.08166909,15491,16140072.9,1036.55073913,1038.54092177,1061.55657376,1080.96287973,25063899000,Consumer Non-Durables,6262100000,8.72055,
PFC,POWER FINANCE CORP,296877216357,116.2,3.19715808,1.08742932,3918364,455313896.8,114.04462677,113.99359477,116.12232268,121.33653321,723535700000,Finance,292575400000,10.0943,
BHARATRAS,BHARAT RASAYAN LTD,51746257428,12583.8,3.18946112,2.36016155,3672,46207713.59999999,12387.09341861,12413.91755122,12275.24046955,11730.14149926,10796258000,Process Industries,2338700000,16.5704,
JTEKTINDIA,JTEKT INDIA LTD,18133639840,76.15,3.18428184,3.74659401,233620,17790163,74.81853565,75.1389028,79.30327593,89.80781261,13329662000,Consumer Durables,1414169000,19.6807,
JISLJALEQS,JAIN IRRIGATION,24565096176,42.15,3.18237454,3.6900369,4252683,179250588.45,41.23434288,40.97150066,41.1552103,37.42870343,56198460000,Producer Manufacturing,7735900000,21.5825,
SASKEN,SASKEN TECHNOLOGIE,13770794509,946.45,3.17780443,1.06786267,10599,10031423.55,930.90395597,933.56585291,985.31076831,1085.88653279,4448352000,Technology Services,1340781000,8.87981,
NETWORK18,NETWORK 18 MEDIA,89095324977,87.85,3.17087493,2.62850467,855835,75185104.75,84.48977866,82.80453225,82.56030038,72.22391696,47051100000,Consumer Services,10920100000,11.3422,
IGARASHI,IGARASHI MOTORS IN,11304263321,369.75,3.16685268,4.49342942,64898,23996035.5,357.80928269,361.57150005,391.11870085,439.91382118,5328605000,Producer Manufacturing,649457000,12.564,
IDBI,IDBI BANK LTD,460202812109,44.15,3.15420561,-2.10643016,5112258,225706190.7,43.73623193,43.94931413,45.25359234,44.63904006,248026783000,Finance,,,332036000000
SAGCEM,SAGAR CEMENTS,29010749283,254.1,3.14593059,-0.29429076,147982,37602226.19999999,247.40795783,241.2508695,242.57444582,239.9321444,13536900000,Non-Energy Minerals,3184400000,5.82649,
HEIDELBERG,HEIDELBERGCEMENT I,42931856533,195.55,3.13818565,2.78580815,138230,27030876.5,191.42522449,193.10379156,202.11200182,223.66649917,21166700000,Non-Energy Minerals,4681400000,9.98314,
AURUM,AURUM PROPTECH LTD,3415063828,123.3,3.13676286,0.40716612,93235,11495875.5,120.44872316,120.09842441,125.69281097,,95100000,Technology Services,-212300000,,
TECHNOE,TECHNO ELECTRIC &,27213999329,255.5,3.12815338,6.92613517,89446,22853453,244.65176773,242.83828681,243.77472533,257.54716668,8836296000,Industrial Services,2021595000,12.267,
BBTC,BOMBAY BURMAH,60021280409,887.6,3.1133829,-0.21360315,93254,82772250.4,885.80222842,906.88614288,962.81292456,1081.56398826,131766276000.00002,Producer Manufacturing,21585795000,4.03887,
EIHOTEL,EIH LTD,96493697471,159.45,3.10378274,7.01342282,1177373,187732124.85,149.552797,143.10207721,137.50673278,126.43826861,4970800000,Consumer Services,-498300000,,
BALAJITELE,BALAJI TELEFILMS,7170148333,73.15,3.10077519,-4.2539267,273937,20038491.55,73.11068652,73.69533407,72.21125027,67.14696737,2937044000,Consumer Services,-1315762000,,
NBVENTURES,NAVA BHARAT VENTUR,22020247352,145.25,3.08729595,3.75,602685,87539996.25,139.15682734,134.12645213,128.15190255,114.09962332,25433360000,Utilities,11956765000,4.23308,
INGERRAND,INGERSOLL RAND,50436193326,1646.55,3.06074547,4.14940384,36750,60510712.5,1599.19208383,1542.37241509,1447.90608228,1201.9680654,6127335000,Producer Manufacturing,1513000000,17.8161,
RKFORGE,RAMKRISHNA FORGINS,25182600403,162.2,3.04955527,-1.5776699,274767,44567207.4,163.68325801,166.93100171,174.36650865,173.29161498,12562208000,Producer Manufacturing,4741678000,14.6447,
KUANTUM,KUANTUM PAPERS LTD,7024722515,82.85,3.04726368,-1.42772159,146771,12159977.35,82.28989326,81.44403328,81.22491371,78.41624785,4038718000,Process Industries,1137832000,39.471,
KIRIINDUS,KIRI INDUSTRIES LTD,25380620337,504.5,3.04330065,-0.57154119,63927,32251171.5,502.5929942,498.84347887,492.33424194,494.32539866,9570286000,Process Industries,1455016000,17.4481,
NLCINDIA,NLC INDIA LTD,86734118064,64.45,3.03756994,0.46765394,1955623,126039902.35,63.49183549,63.58274221,64.06659153,61.7421944,97754100000,Utilities,39437300000,11.8626,
ARVIND,ARVIND LTD,30097661682,118.95,3.03161542,3.03161542,867424,103180084.8,116.74692721,117.64308581,121.46843151,111.04203719,49642200000,Process Industries,7613700000,9.94728,
TVSSRICHAK,TVS SRICHAKRA LTD,12202657371,1646.1,3.0196827,-1.10246628,8046,13244520.6,1652.52320984,1702.72086554,1824.90822442,1981.13218653,19392100000,Consumer Durables,2093000000,6.6168,
TATASTLLP,TATA STEEL LONG PRO LTD,32354740006,740.35,3.01955055,-0.63083015,47492,35160702.20000001,734.95004435,733.03175993,737.07556136,780.01833206,47363200000,Non-Energy Minerals,15110300000,3.95127,
ROLEXRINGS,ROLEX RINGS LTD,34134234686.000004,1292.45,3.01279241,10.45637125,32851,42458274.95000001,1229.96776864,1222.46158666,1218.45300266,,6068400000,Producer Manufacturing,,,
POLYCAB,POLYCAB INDIA LTD,353455225045,2435.55,3.0092201,-0.46385222,214102,521456126.1,2388.48633433,2381.11561755,2390.92448031,2204.38249806,88564580000,Producer Manufacturing,12075360000,17.7863,364436000000
KNRCON,KNR CONSTRUCTIONS,79926873520,292.7,3.00897413,4.53571429,288898,84560444.6,283.27331496,287.53990904,294.43603387,277.94011101,29036348000,Industrial Services,7414466000,9.34534,